0.0
0.0
0.0
0.0
0.0
0.0
0.0
0.0
0.0
0.0
0.0
0.0
0.0
0.0
0.0
0.0
0.0
0.0
0.0
0.0
0.0
0.0
0.0
0.0
0.0
0.0
0.0
0.0
0.0
0.0
0.0
0.0
0.0
0.0
0.0
0.0
0.0
0.0
0.0
0.0
0.0
0.0
0.0
0.0
0.0
0.0
0.0
0.0
0.0
0.0
0.0
0.0
0.0
0.0
0.0
0.0
0.0
0.0
0.0
0.0
0.0
0.0
0.0
0.0
0.0
0.0
0.0
0.0
0.0
0.0
0.0
0.0
0.0
0.0
0.0
0.0
0.0
0.0
0.0
0.0
0.0
0.0
0.0
0.0
0.0
0.0
0.0
0.0
0.0
0.0
0.0
0.0
0.0
0.0
0.0
0.0
0.0
0.0
0.0
0.0
0.0
0.0
0.0
0.0
0.0
0.0
0.0
0.0
0.0
0.0
0.0
0.0
0.0
0.0
0.0
0.0
0.0
0.0
0.0
0.0
0.0
0.0
0.0
0.0
0.0
0.0
0.0
0.0
0.0
0.0
0.0
0.0
0.0
0.0
0.0
0.0
0.0
0.0
0.0
0.0
0.0
0.0
0.0
0.0
0.0
0.0
0.0
0.0
0.0
0.0
0.0
0.0
0.0
0.0
0.0
0.0
0.0
0.0
0.0
0.0
0.0
0.0
0.0
0.0
0.0
0.0
0.0
0.0
0.0
0.0
0.0
0.0
0.0
0.0
0.0
0.0
0.0
0.0
0.0
0.0
0.0
0.0
0.0
0.0
0.0
0.0
0.0
0.0
0.0
0.0
0.0
0.0
0.0
0.0
0.0
0.0
0.0
0.0
0.0
0.0
0.0
0.0
0.0
0.0
0.0
0.0
0.0
0.0
0.0
0.0
0.0
0.0
0.0
0.0
0.0
0.0
0.0
0.0
0.0
0.0
0.0
0.0
0.0
0.0
0.0
0.0
0.0
0.0
0.0
0.0
0.0
0.0
0.0
0.0
0.0
0.0
0.0
0.0
0.0
0.0
0.0
0.0
0.0
0.0
0.0
0.0
0.0
0.0
0.0
0.0
0.0
0.0
0.0
0.0
0.0
0.0
0.0
0.0
0.0
0.0
0.0
0.0
0.0
0.0
0.0
0.0
0.0
0.0
0.0
0.0
0.0
0.0
0.0
0.0
0.0
0.0
0.0
0.0
0.0
0.0
0.0
0.0
0.0
0.0
0.0
0.0
0.0
0.0
0.0
0.0
0.0
0.0
0.0
0.0
0.0
0.0
0.0
0.0
0.0
0.0
0.0
0.0
0.0
0.0
0.0
0.0
0.0
0.0
0.0
0.0
0.0
0.0
0.0
0.0
0.0
0.0
0.0
0.0
0.0
0.0
0.0
0.0
0.0
0.0
0.0
0.0
0.0
0.0
0.0
0.0
0.0
0.0
0.0
0.0
0.0
0.0
0.0
0.0
0.0
0.0
0.0
0.0
0.0
0.0
0.0
0.0
0.0
0.0
0.0
0.0
0.0
0.0
0.0
0.0
0.0
0.0
0.0
0.0
0.0
0.0
0.0
0.0
0.0
0.0
0.0
0.0
0.0
0.0
0.0
0.0
0.0
0.0
0.0
0.0
0.0
0.0
0.0
0.0
0.0
0.0
0.0
0.0
0.0
0.0
0.0
0.0
0.0
0.0
0.0
0.0
0.0
0.0
0.0
0.0
0.0
0.0
0.0
0.0
0.0
0.0
0.0
0.0
0.0
0.0
0.0
0.0
0.0
0.0
0.0
0.0
0.0
0.0
0.0
0.0
0.0
0.0
0.0
0.0
0.0
0.0
0.0
0.0
0.0
0.0
0.0
0.0
0.0
0.0
0.0
0.0
0.0
0.0
0.0
0.0
0.0
0.0
0.0
0.0
0.0
0.0
0.0
0.0
0.0
0.0
0.0
0.0
0.0
0.0
0.0
0.0
0.0
0.0
0.0
0.0
0.0
0.0
0.0
0.0
0.0
0.0
0.0
0.0
0.0
0.0
0.0
0.0
0.0
0.0
0.0
0.0
0.0
0.0
0.0
0.0
0.0
0.0
0.0
0.0
0.0
0.0
0.0
0.0
0.0
0.0
0.0
0.0
0.0
0.0
0.0
0.0
0.0
0.0
0.0
0.0
0.0
0.0
0.0
0.0
0.0
0.0
0.0
0.0
0.0
0.0
0.0
0.362
0.355
0.508
0.487
0.393
0.335
0.603
0.767
1.119
1.481
1.191
0.79
0.777
0.675
0.771
0.807
1.053
0.685
0.591
0.628
0.673
0.712
0.858
0.586
0.364
0.342
0.498
0.508
0.413
0.336
0.679
0.8
0.822
1.481
1.191
0.798
0.825
0.666
0.613
0.673
0.996
0.619
0.481
0.524
0.769
0.679
0.772
0.58
0.418
0.345
0.442
0.49
0.458
0.337
0.633
0.737
0.839
1.455
1.24
0.615
0.691
0.598
0.61
0.586
0.906
0.704
0.519
0.535
0.769
0.751
0.707
0.53
0.444
0.368
0.41
0.448
0.459
0.335
0.656
0.69
0.647
1.455
1.383
0.732
0.605
0.598
0.61
0.535
0.85
0.692
0.55
0.65
0.879
0.84
0.743
0.831
0.487
0.529
0.358
0.401
0.458
0.525
0.472
0.371
0.967
1.005
0.556
0.688
0.702
0.611
0.485
0.652
0.677
0.798
0.784
0.704
0.566
0.71
1.199
0.893
0.487
0.525
0.367
0.402
0.47
0.536
0.451
0.42
1.369
0.75
0.601
0.704
0.678
0.602
0.52
0.651
0.672
0.672
0.647
0.458
0.444
0.575
1.2
0.455
0.44
0.363
0.412
0.474
0.421
0.339
0.644
0.675
0.647
1.231
1.238
0.753
0.96
0.683
0.725
0.613
0.712
0.688
0.621
0.75
0.961
0.84
0.768
0.43
0.427
0.363
0.356
0.47
0.437
0.339
0.531
0.675
0.621
1.127
0.908
0.598
0.848
0.621
0.746
0.613
0.708
0.662
0.637
0.743
0.95
0.84
0.655
0.363
0.444
0.38
0.32
0.446
0.467
0.339
0.501
0.677
0.573
0.774
0.661
0.486
0.484
0.502
0.691
0.522
0.566
0.64
0.637
0.719
0.861
0.756
0.496
0.353
0.462
0.377
0.311
0.44
0.448
0.326
0.465
0.551
0.517
0.78
0.682
0.457
0.431
0.556
0.691
0.481
0.547
0.634
0.617
0.718
0.711
0.686
0.497
0.367
0.417
0.371
0.314
0.415
0.394
0.336
0.424
0.478
0.431
0.529
0.433
0.428
0.47
0.531
0.543
0.44
0.479
0.477
0.431
0.646
0.645
0.53
0.459
0.893
0.453
0.532
0.388
0.396
0.438
0.531
0.45
0.42
1.279
0.75
0.601
0.704
0.64
0.55
0.491
0.592
0.543
0.481
0.537
0.475
0.427
0.542
1.2
0.872
0.413
0.532
0.412
0.338
0.433
0.558
0.389
0.362
0.804
0.612
0.539
0.599
0.599
0.481
0.451
0.566
0.49
0.392
0.485
0.457
0.367
0.542
0.748
0.374
0.384
0.374
0.338
0.396
0.357
0.364
0.378
0.387
0.405
0.372
0.368
0.389
0.425
0.402
0.386
0.417
0.387
0.385
0.415
0.448
0.377
0.382
0.422
0.37
0.358
0.418
0.367
0.334
0.357
0.406
0.378
0.387
0.405
0.372
0.368
0.389
0.384
0.372
0.386
0.417
0.387
0.385
0.415
0.448
0.377
0.382
0.422
0.38
0.38
0.394
0.371
0.372
0.368
0.386
0.453
0.456
0.459
0.47
0.542
0.424
0.433
0.43
0.426
0.534
0.467
0.491
0.448
0.461
0.428
0.42
0.475
0.414
0.346
0.382
0.428
0.369
0.324
0.426
0.564
0.422
0.56
0.527
0.518
0.404
0.468
0.451
0.394
0.697
0.723
0.601
0.561
0.543
0.466
0.625
0.566
0.445
0.375
0.405
0.431
0.369
0.356
0.426
0.612
0.46
0.7
0.686
0.589
0.427
0.71
0.512
0.581
0.765
0.841
0.712
0.68
0.581
0.474
0.637
0.587
0.518
0.408
0.541
0.412
0.338
0.433
0.578
0.403
0.462
0.713
0.586
0.539
0.62
0.546
0.461
0.56
0.628
0.483
0.336
0.452
0.478
0.351
0.547
0.728
0.493
0.349
0.491
0.43
0.324
0.396
0.557
0.394
0.517
0.712
0.668
0.545
0.593
0.461
0.416
0.56
0.628
0.483
0.336
0.459
0.478
0.368
0.689
0.642
0.521
0.382
0.407
0.432
0.368
0.356
0.435
0.714
0.46
0.739
1.007
0.774
0.605
1.076
0.557
0.587
0.765
0.883
0.773
0.68
0.586
0.477
0.648
0.599
0.853
0.38
0.381
0.465
0.4
0.351
0.39
0.771
0.519
0.962
1.058
0.959
0.86
1.199
0.668
0.714
0.838
0.967
0.853
0.745
0.689
0.737
0.809
0.673
0.83
0.404
0.381
0.451
0.4
0.346
0.39
0.78
0.508
0.78
1.287
0.865
0.869
1.298
0.701
0.683
0.903
1.029
0.91
0.834
0.743
0.961
0.81
0.752
0.881
0.403
0.409
0.5
0.405
0.346
0.448
0.757
0.476
0.913
1.074
0.765
0.8
0.923
0.659
0.746
0.785
1.204
0.838
0.868
0.792
1.082
0.908
1.223
1.196
0.421
0.417
0.473
0.404
0.375
0.422
0.734
0.485
0.957
1.074
0.765
0.827
0.912
0.659
0.804
0.78
1.204
0.79
0.787
0.724
0.803
0.716
0.738
0.422
0.345
0.508
0.43
0.327
0.412
0.555
0.37
0.489
0.805
0.562
0.62
0.736
0.566
0.563
0.772
0.814
0.526
0.497
0.527
0.478
0.366
0.804
0.642
0.413
0.365
0.464
0.44
0.317
0.406
0.512
0.37
0.449
0.805
0.578
0.566
1.11
0.685
0.728
0.808
0.856
0.596
0.639
0.665
0.654
0.552
0.941
1.197
0.872
0.4
0.422
0.473
0.399
0.367
0.429
0.74
0.513
0.883
1.077
0.858
1.107
0.899
0.659
0.741
0.749
1.128
0.736
0.801
0.782
0.996
0.841
0.834
0.795
0.43
0.42
0.447
0.389
0.406
0.402
0.66
0.572
1.027
0.815
0.785
0.863
0.899
0.687
0.772
0.749
1.148
0.782
0.801
0.907
1.144
0.841
0.834
0.457
0.43
0.437
0.417
0.365
0.428
0.402
0.655
0.613
1.027
0.811
0.781
0.656
0.828
0.684
0.717
0.746
1.087
0.664
0.785
0.843
0.962
0.883
0.759
0.457
0.416
0.418
0.411
0.39
0.435
0.351
0.664
0.638
1.035
0.811
0.885
0.611
0.775
0.723
0.717
0.746
1.249
0.664
0.717
0.766
0.962
0.806
0.777
0.437
0.416
0.418
0.387
0.39
0.425
0.351
0.737
0.704
0.983
0.718
0.84
0.537
0.771
0.758
0.785
0.77
0.997
0.711
0.713
0.807
0.994
0.75
0.717
0.468
0.397
0.427
0.449
0.319
0.415
0.49
0.395
0.561
0.844
0.578
0.573
1.097
0.685
0.767
0.866
0.946
0.601
0.665
0.634
0.659
0.569
1.001
1.197
0.468
0.429
0.432
0.451
0.347
0.44
0.453
0.408
0.586
0.965
0.579
0.599
1.241
0.799
0.853
0.89
0.961
0.709
0.893
0.667
0.697
0.645
0.969
1.187
0.418
0.43
0.414
0.387
0.399
0.42
0.377
0.705
0.809
0.874
0.718
0.842
0.546
0.807
0.758
0.94
0.844
0.738
0.698
0.611
0.786
1.147
0.807
0.715
0.437
0.437
0.401
0.416
0.411
0.412
0.412
0.709
0.914
1.142
0.616
0.925
0.546
0.672
0.704
0.948
0.851
0.712
0.772
0.586
0.817
1.114
0.884
0.6
0.437
0.438
0.433
0.395
0.442
0.404
0.437
0.748
0.974
1.064
0.626
0.952
0.528
0.627
0.732
0.966
0.851
0.675
0.761
0.582
0.817
1.08
0.946
0.6
0.446
0.447
0.433
0.401
0.442
0.406
0.451
0.755
0.964
1.064
0.703
0.983
0.52
0.632
0.732
1.13
1.056
0.755
0.761
0.63
0.817
1.111
0.865
0.63
0.464
0.447
0.426
0.418
0.436
0.404
0.458
0.731
1.342
1.425
0.545
0.728
0.532
0.582
0.844
1.47
0.975
0.687
0.731
0.652
0.717
1.021
0.828
0.581
0.449
0.441
0.401
0.436
0.347
0.417
0.429
0.398
0.511
1.073
0.498
0.483
1.01
0.982
0.903
0.887
0.918
0.744
0.902
0.674
0.708
0.648
0.936
1.634
0.407
0.457
0.384
0.436
0.352
0.434
0.397
0.41
0.555
1.302
0.498
0.433
1.184
0.976
0.839
0.747
0.76
0.801
0.885
0.616
0.535
0.502
0.825
1.733
0.46
0.429
0.416
0.418
0.421
0.404
0.432
0.693
1.037
1.269
0.567
0.721
0.532
0.582
0.808
1.486
1.185
0.687
0.731
0.664
0.608
0.869
0.786
0.581
0.46
0.394
0.432
0.399
0.42
0.421
0.415
0.747
1.186
1.834
0.567
0.767
0.506
0.55
0.758
1.681
1.071
0.687
0.697
0.835
0.778
0.788
0.762
0.6
0.451
0.394
0.432
0.396
0.416
0.421
0.413
0.672
1.092
1.568
0.526
0.624
0.48
0.47
0.709
2.029
1.398
0.775
0.677
0.844
0.906
0.788
0.762
0.593
0.46
0.379
0.432
0.404
0.41
0.418
0.395
0.608
1.01
1.467
0.467
0.634
0.457
0.437
0.604
2.029
1.625
0.775
0.668
0.847
0.935
0.827
0.763
0.657
0.448
0.368
0.428
0.404
0.41
0.415
0.401
0.513
1.46
1.607
0.465
0.509
0.438
0.412
0.413
1.994
1.443
0.972
0.697
0.926
1.073
0.865
0.768
0.611
0.432
0.466
0.366
0.451
0.348
0.441
0.366
0.428
0.555
1.538
0.502
0.433
1.011
1.611
1.222
0.747
0.705
0.741
0.809
0.571
0.538
0.464
0.929
1.192
0.435
0.475
0.381
0.453
0.384
0.441
0.397
0.432
0.589
1.465
0.471
0.453
0.746
1.322
1.062
0.693
0.661
0.711
0.697
0.462
0.538
0.464
0.906
0.673
0.441
0.382
0.414
0.408
0.404
0.405
0.407
0.507
1.026
1.044
0.45
0.509
0.429
0.385
0.413
1.313
1.636
1.001
0.724
0.926
1.335
1.097
0.863
0.659
0.451
0.398
0.404
0.428
0.379
0.409
0.395
0.584
1.224
1.083
0.45
0.625
0.437
0.393
0.464
1.177
1.533
0.941
0.687
0.976
1.481
1.155
0.863
0.585
0.459
0.419
0.404
0.448
0.381
0.405
0.419
0.565
0.98
0.513
0.655
0.634
0.502
0.422
0.548
0.845
1.439
0.967
0.726
0.901
1.564
1.279
0.985
0.52
0.459
0.425
0.411
0.45
0.382
0.398
0.419
0.651
0.966
0.728
0.672
0.577
0.502
0.436
0.545
0.845
1.241
0.749
0.746
0.991
1.434
1.236
0.967
0.553
0.44
0.444
0.4
0.45
0.393
0.389
0.432
0.599
1.248
1.318
0.761
0.51
0.567
0.569
0.617
0.788
1.241
0.749
0.742
0.991
1.36
1.237
0.943
0.556
0.416
0.47
0.41
0.439
0.414
0.438
0.398
0.436
0.57
1.465
0.47
0.474
0.989
1.46
1.15
0.761
0.661
0.856
0.697
0.475
0.538
0.478
0.845
0.722
0.449
0.47
0.423
0.418
0.432
0.422
0.417
0.475
0.598
1.506
0.468
0.471
0.933
1.35
1.189
0.853
0.883
0.909
0.697
0.55
0.648
0.678
0.956
1.178
0.438
0.45
0.409
0.447
0.432
0.393
0.43
0.711
0.982
0.745
0.954
0.581
0.626
0.624
0.762
0.833
1.21
0.749
0.74
1.112
1.454
1.119
0.956
0.614
0.437
0.443
0.434
0.437
0.446
0.419
0.407
0.718
1.261
0.745
0.954
0.593
0.626
0.642
0.714
1.041
1.374
0.682
0.666
1.063
1.454
1.05
0.931
0.582
0.434
0.481
0.456
0.441
0.466
0.414
0.435
0.705
1.042
0.768
0.749
0.53
0.584
0.54
0.635
1.226
1.184
0.739
0.697
1.043
1.521
1.107
0.946
0.657
0.434
0.45
0.471
0.441
0.462
0.424
0.44
0.765
1.385
1.118
0.556
0.55
0.525
0.532
0.595
1.226
1.209
0.718
0.72
0.932
1.282
1.049
0.916
0.657
0.449
0.43
0.486
0.424
0.465
0.423
0.44
0.688
1.651
0.912
0.549
0.55
0.579
0.532
0.595
1.019
1.194
0.829
0.782
0.911
1.446
1.029
0.907
0.639
0.518
0.482
0.408
0.455
0.407
0.464
0.394
0.502
0.572
1.559
0.514
0.523
0.834
0.713
0.808
0.799
0.915
0.855
0.707
0.551
0.619
0.704
0.948
0.722
0.519
0.459
0.417
0.456
0.407
0.467
0.39
0.502
0.572
1.516
0.514
0.786
0.834
0.77
0.905
0.782
0.871
0.718
0.551
0.709
0.753
0.726
0.948
0.696
0.46
0.4
0.498
0.391
0.461
0.472
0.464
0.688
1.389
0.566
0.479
0.516
0.662
0.532
0.61
0.953
0.802
0.823
0.769
1.026
1.382
0.984
0.907
0.609
0.46
0.382
0.487
0.413
0.441
0.467
0.45
0.684
1.408
0.538
0.463
0.435
0.578
0.497
0.496
0.92
0.802
0.739
0.771
0.969
1.487
1.031
0.876
0.556
0.468
0.372
0.487
0.391
0.459
0.437
0.476
0.779
1.116
0.537
0.487
0.427
0.601
0.49
0.491
0.937
0.729
0.771
0.793
0.954
1.335
0.999
0.855
0.525
0.458
0.368
0.473
0.384
0.425
0.435
0.426
0.715
1.551
0.829
0.463
0.403
0.572
0.444
0.411
0.824
0.782
0.711
0.697
0.98
1.335
0.915
0.875
0.525
0.447
0.367
0.447
0.367
0.429
0.386
0.418
0.629
1.077
0.463
0.436
0.403
0.546
0.438
0.407
0.854
0.748
0.733
0.729
0.98
1.335
0.951
0.918
0.506
0.569
0.446
0.417
0.446
0.403
0.469
0.39
0.491
0.572
1.278
0.53
1.031
0.821
0.659
0.905
0.695
0.973
0.753
0.708
0.734
0.725
0.733
0.933
0.689
0.577
0.432
0.396
0.424
0.364
0.445
0.355
0.491
0.61
1.212
0.605
1.495
0.882
0.659
0.905
0.726
0.964
0.821
0.952
1.054
0.771
0.641
0.926
0.821
0.447
0.367
0.439
0.391
0.403
0.415
0.384
0.672
0.859
0.437
0.455
0.38
0.395
0.413
0.447
0.894
0.64
0.634
0.568
0.916
1.123
1.027
0.94
0.584
0.421
0.384
0.401
0.426
0.368
0.411
0.363
0.677
0.886
0.396
0.448
0.379
0.395
0.385
0.447
0.89
0.605
0.711
0.638
0.977
1.121
1.034
0.934
0.548
0.427
0.381
0.403
0.42
0.385
0.419
0.362
0.586
0.92
0.397
0.436
0.391
0.407
0.383
0.447
1.052
0.702
0.71
0.71
1.066
1.128
1.067
0.934
0.679
0.438
0.409
0.376
0.435
0.385
0.419
0.349
0.586
0.881
0.43
0.417
0.397
0.388
0.417
0.445
1.052
0.84
0.68
0.82
1.184
1.139
1.026
0.966
0.801
0.422
0.419
0.393
0.43
0.421
0.398
0.378
0.667
0.881
0.43
0.404
0.51
0.381
0.439
0.464
0.9
0.84
0.705
0.894
1.037
0.813
1.026
0.933
0.701
0.593
0.432
0.385
0.466
0.34
0.435
0.384
0.484
0.541
1.21
0.647
1.31
0.886
0.639
0.811
0.628
0.654
0.71
0.952
1.132
0.813
0.653
0.943
1.309
0.575
0.452
0.385
0.496
0.34
0.469
0.399
0.459
0.673
1.097
0.737
1.827
1.457
0.72
0.944
0.628
0.654
0.71
0.913
1.193
0.786
0.653
0.924
0.906
0.445
0.433
0.379
0.439
0.413
0.401
0.381
0.601
0.941
0.439
0.41
0.51
0.381
0.429
0.438
1.285
1.047
0.683
0.888
1.257
0.93
1.066
0.947
0.84
0.439
0.439
0.37
0.444
0.404
0.394
0.396
0.536
1.034
0.973
0.401
0.529
0.368
0.451
0.423
1.325
1.08
0.683
0.983
1.488
1.168
1.045
0.939
0.799
0.439
0.43
0.394
0.439
0.434
0.38
0.401
0.582
1.057
0.981
0.401
0.529
0.354
0.451
0.391
1.786
1.264
0.683
0.983
1.541
1.425
1.076
0.923
0.78
0.454
0.43
0.394
0.412
0.447
0.355
0.413
0.684
1.341
0.999
0.402
0.521
0.354
0.449
0.408
1.701
1.461
0.659
0.967
1.485
1.323
1.076
1.002
0.79
0.454
0.43
0.416
0.413
0.435
0.38
0.431
0.598
1.389
0.969
0.447
0.426
0.368
0.433
0.424
1.47
1.379
0.706
0.922
1.414
1.28
1.036
0.922
0.659
0.575
0.425
0.409
0.466
0.342
0.447
0.408
0.434
0.777
0.901
0.793
2.359
1.619
0.729
0.951
0.632
0.645
0.802
0.932
1.193
0.772
0.648
0.964
0.89
0.575
0.432
0.43
0.453
0.375
0.438
0.425
0.443
0.596
0.901
0.89
2.198
1.48
0.836
0.949
0.693
0.74
1.445
1.233
1.049
0.832
0.783
0.986
0.944
0.575
0.42
0.406
0.417
0.402
0.4
0.416
0.511
1.122
0.445
0.447
0.422
0.357
0.432
0.488
1.47
1.206
0.659
0.881
1.414
1.323
1.081
0.922
0.776
0.462
0.439
0.435
0.396
0.419
0.394
0.416
0.511
1.118
0.433
0.566
0.422
0.413
0.477
0.587
1.005
0.915
1.01
0.878
1.326
1.318
0.965
0.885
0.781
0.505
0.443
0.458
0.376
0.45
0.373
0.442
0.483
1.001
0.433
0.804
0.471
0.406
0.436
0.573
0.861
1.154
1.464
0.878
1.145
1.313
1.002
0.959
0.78
0.537
0.424
0.468
0.397
0.436
0.396
0.434
0.439
0.925
0.479
0.89
0.528
0.439
0.438
0.573
0.61
1.062
1.494
0.908
1.062
1.241
0.895
0.865
0.894
0.663
0.455
0.438
0.42
0.426
0.399
0.44
0.398
0.813
0.552
0.77
0.576
0.785
0.443
0.562
0.479
0.865
1.922
0.967
1.079
1.198
0.898
0.865
0.894
1.126
0.441
0.458
0.459
0.42
0.463
0.453
0.481
0.629
0.904
0.862
2.414
1.482
0.861
0.711
0.641
0.665
1.527
1.131
1.058
0.852
0.787
0.95
1.381
0.583
0.473
0.483
0.493
0.433
0.453
0.463
0.422
0.522
0.809
0.836
1.938
1.482
0.861
0.706
0.641
0.672
1.777
0.789
0.753
0.657
0.642
0.905
1.287
0.583
0.775
0.411
0.417
0.422
0.378
0.445
0.377
0.672
0.706
0.738
0.646
0.855
0.529
0.598
0.479
0.854
2.713
1.02
1.097
1.215
1.143
0.966
0.92
0.713
0.814
0.46
0.417
0.445
0.39
0.482
0.385
0.612
0.965
0.771
0.706
0.877
0.545
0.555
0.625
0.98
2.713
1.452
1.204
1.199
1.402
0.972
0.9
0.713
0.447
0.437
0.417
0.429
0.39
0.455
0.381
0.654
1.293
0.771
0.775
0.647
0.459
0.477
0.697
0.995
2.453
1.853
1.261
1.27
1.583
1.193
0.805
0.666
0.437
0.419
0.424
0.414
0.413
0.417
0.402
0.622
1.293
0.531
0.765
0.649
0.423
0.494
0.697
0.995
1.791
1.888
1.373
1.223
1.656
1.157
0.834
0.617
0.462
0.381
0.434
0.395
0.413
0.409
0.397
0.634
1.164
0.436
0.705
0.637
0.427
0.538
0.708
0.927
1.53
2.103
1.378
1.223
1.656
1.157
0.824
0.559
0.478
0.489
0.464
0.433
0.461
0.427
0.446
0.508
0.742
0.866
2.2
0.991
0.894
0.809
0.681
0.721
1.777
0.824
0.673
0.784
0.658
0.822
0.9
0.62
0.476
0.493
0.403
0.415
0.42
0.397
0.441
0.389
0.677
0.898
2.016
0.991
0.894
0.729
0.681
0.721
1.37
0.673
0.645
0.815
0.658
0.822
0.849
0.662
0.428
0.41
0.401
0.395
0.424
0.387
0.413
0.598
1.335
0.976
0.788
0.523
0.399
0.653
0.789
1.046
1.435
1.848
1.535
1.317
1.53
1.084
0.824
0.559
0.387
0.404
0.403
0.37
0.428
0.364
0.413
0.633
1.497
1.647
0.7
0.425
0.344
0.538
0.61
1.08
1.435
1.85
1.66
1.395
1.415
1.019
0.843
0.551
0.387
0.364
0.401
0.363
0.403
0.364
0.393
0.66
1.321
1.608
0.522
0.411
0.344
0.508
0.518
1.009
1.433
1.629
1.777
1.483
1.294
1.135
0.921
0.627
0.373
0.33
0.399
0.363
0.424
0.349
0.405
0.688
1.061
1.073
0.388
0.392
0.373
0.494
0.418
0.993
1.264
1.498
1.806
1.553
1.265
1.025
0.954
0.708
0.407
0.33
0.379
0.382
0.409
0.374
0.382
0.683
1.18
1.073
0.399
0.395
0.463
0.609
0.538
0.792
1.075
1.362
1.595
1.527
1.165
0.948
0.94
0.708
0.477
0.49
0.414
0.408
0.416
0.374
0.443
0.348
0.635
0.871
1.558
1.0
0.88
0.729
0.651
0.671
1.265
0.633
0.681
0.826
0.658
0.838
0.888
0.662
0.477
0.47
0.421
0.388
0.411
0.356
0.436
0.345
0.509
1.048
1.37
0.922
0.936
0.74
0.916
0.702
1.265
0.633
0.681
0.831
0.645
0.872
0.91
0.662
0.403
0.342
0.366
0.395
0.392
0.377
0.383
0.646
1.103
1.063
0.418
0.397
0.448
0.746
0.537
0.993
1.043
1.137
1.587
1.376
0.989
1.052
0.94
0.797
0.42
0.341
0.379
0.384
0.391
0.374
0.379
0.642
0.987
0.383
0.418
0.42
0.449
0.686
0.445
0.792
0.892
1.168
1.587
1.301
1.077
1.131
0.907
0.731
0.436
0.367
0.376
0.416
0.398
0.387
0.396
0.655
0.921
0.383
0.432
0.42
0.47
0.695
0.449
0.783
0.727
1.198
1.605
1.127
0.867
1.012
0.851
0.725
0.425
0.416
0.37
0.437
0.405
0.395
0.415
0.686
0.946
0.384
0.455
0.422
0.43
0.695
0.462
0.796
0.802
1.054
1.559
1.146
0.828
0.907
0.864
1.388
0.47
0.456
0.398
0.437
0.405
0.428
0.419
0.665
1.05
0.388
0.489
0.452
0.446
0.684
0.473
0.959
1.064
1.384
1.442
0.906
0.856
0.948
0.866
0.688
0.524
0.47
0.4
0.388
0.398
0.356
0.406
0.345
0.427
1.085
1.225
0.905
1.205
0.931
1.17
1.017
1.553
0.594
0.677
0.831
0.656
0.822
0.855
0.652
0.458
0.454
0.372
0.408
0.385
0.358
0.4
0.351
0.414
1.152
1.26
1.254
1.36
1.041
1.17
1.325
1.343
0.769
0.867
0.987
0.821
0.987
0.91
0.785
0.449
0.451
0.399
0.446
0.405
0.43
0.419
0.679
0.95
0.424
0.533
0.452
0.446
0.628
0.473
1.023
1.257
1.508
1.443
1.065
0.991
1.025
1.02
1.099
0.445
0.451
0.392
0.446
0.39
0.438
0.395
0.759
0.867
0.424
0.528
0.452
0.442
0.499
0.445
0.786
1.432
1.516
1.598
1.305
1.201
1.021
1.042
0.97
0.447
0.433
0.411
0.441
0.402
0.438
0.397
0.759
0.836
0.419
0.738
0.501
0.535
0.541
0.518
0.805
1.268
1.495
1.524
1.278
1.11
0.971
1.042
0.948
0.435
0.378
0.411
0.388
0.401
0.395
0.39
0.684
0.946
0.438
0.858
0.488
0.524
0.525
0.573
0.772
1.69
1.418
1.413
1.449
1.296
1.045
1.065
0.955
0.431
0.334
0.419
0.334
0.408
0.346
0.393
0.576
1.03
0.466
0.83
0.526
0.487
0.542
0.553
0.944
1.513
1.455
1.459
1.326
1.359
1.094
0.937
0.562
0.458
0.445
0.355
0.431
0.36
0.389
0.377
0.378
0.4
1.152
1.346
1.592
1.373
1.345
1.336
1.325
1.343
0.741
1.287
0.878
0.795
0.954
0.926
0.719
1.021
0.462
0.384
0.397
0.373
0.383
0.37
0.378
0.4
1.125
1.215
1.391
1.316
1.345
1.074
1.257
1.149
0.826
1.35
1.01
0.795
0.965
0.988
0.739
0.419
0.312
0.414
0.299
0.405
0.308
0.39
0.501
0.961
0.426
0.798
0.48
0.459
0.488
0.518
0.803
1.107
1.286
1.634
1.501
1.586
1.131
0.965
0.652
0.411
0.3
0.417
0.284
0.418
0.287
0.388
0.48
1.156
0.402
0.521
0.393
0.351
0.46
0.415
0.78
1.386
1.283
1.803
1.564
1.816
1.316
0.884
0.525
0.403
0.29
0.428
0.275
0.418
0.287
0.388
0.458
1.199
0.448
0.492
0.415
0.332
0.479
0.378
1.213
1.313
1.418
1.698
1.388
1.544
1.267
0.827
0.652
0.379
0.3
0.414
0.282
0.4
0.3
0.368
0.468
1.334
0.483
0.352
0.367
0.33
0.382
0.318
1.213
1.503
1.418
1.791
1.455
1.594
1.43
0.921
0.815
0.379
0.331
0.387
0.287
0.401
0.306
0.364
0.422
1.207
0.427
0.335
0.364
0.315
0.38
0.299
1.196
1.098
1.661
2.351
1.588
1.707
1.471
0.986
0.79
0.998
0.478
0.355
0.427
0.353
0.405
0.353
0.393
0.39
1.182
1.538
1.294
1.316
1.672
1.342
1.835
1.666
1.016
1.541
1.02
0.786
0.833
1.062
0.762
1.018
0.478
0.368
0.416
0.365
0.402
0.353
0.507
0.409
1.165
2.0
1.298
1.052
1.559
1.063
1.489
1.893
1.415
1.541
0.97
0.884
0.866
1.254
0.762
0.386
0.331
0.374
0.302
0.387
0.318
0.364
0.438
1.193
0.376
0.346
0.337
0.335
0.355
0.332
0.752
1.108
1.959
2.432
1.695
1.742
1.56
1.045
0.92
0.397
0.326
0.374
0.308
0.374
0.327
0.35
0.495
1.134
0.409
0.315
0.364
0.312
0.374
0.33
0.637
1.146
2.385
2.411
1.614
1.606
1.509
1.063
0.827
0.382
0.347
0.379
0.305
0.383
0.327
0.372
0.533
1.135
0.44
0.347
0.38
0.328
0.374
0.325
0.544
0.938
2.587
2.411
1.758
1.641
1.509
1.214
0.878
0.387
0.363
0.365
0.31
0.388
0.313
0.381
0.511
1.123
0.388
0.371
0.362
0.339
0.381
0.348
0.522
1.012
2.587
2.924
1.852
1.808
1.609
1.299
1.508
0.5
0.36
0.365
0.31
0.388
0.313
0.381
0.451
0.951
0.464
0.396
0.389
0.349
0.884
0.363
0.613
1.012
2.435
2.924
2.484
1.979
1.631
1.325
0.749
0.709
0.706
0.388
0.382
0.395
0.376
0.381
0.393
0.404
1.073
2.162
1.458
1.052
1.595
1.444
1.472
1.344
1.335
1.541
1.0
0.897
0.866
1.276
0.706
0.699
0.68
0.385
0.361
0.395
0.36
0.381
0.42
0.46
0.991
2.162
1.225
0.849
1.471
1.436
1.254
1.437
1.44
1.975
1.105
1.247
0.971
1.439
0.843
0.401
0.334
0.388
0.31
0.377
0.328
0.354
0.504
0.987
0.499
0.386
0.393
0.349
0.951
0.36
0.581
0.944
2.217
2.466
2.377
1.805
1.631
1.32
0.815
0.399
0.323
0.394
0.307
0.387
0.315
0.344
0.574
1.034
0.532
0.615
0.472
0.449
1.263
0.465
0.641
0.894
1.875
2.533
2.481
1.979
1.631
1.292
0.722
0.369
0.352
0.363
0.322
0.371
0.323
0.336
0.53
1.069
0.506
0.639
0.449
0.464
1.574
0.611
0.841
0.996
1.646
2.57
2.776
1.837
1.49
1.395
1.054
0.365
0.357
0.337
0.344
0.341
0.356
0.308
0.53
1.069
0.499
0.385
0.384
0.434
1.574
0.615
0.841
1.595
1.615
1.957
1.991
1.526
1.242
1.4
1.003
0.345
0.366
0.316
0.358
0.316
0.378
0.28
0.559
1.045
0.508
0.359
0.399
0.422
1.255
0.586
0.819
1.457
1.563
1.72
1.949
1.444
1.255
1.366
0.75
1.15
1.053
0.417
0.346
0.403
0.353
0.364
0.436
0.461
1.034
2.207
1.225
1.13
1.471
1.655
1.641
1.744
1.772
2.287
1.346
1.501
1.181
1.439
0.846
1.15
0.656
0.383
0.346
0.368
0.363
0.332
0.519
0.46
0.815
2.02
1.203
0.975
1.369
1.574
1.595
1.785
2.118
2.792
1.265
0.982
1.003
1.35
0.739
0.313
0.369
0.323
0.337
0.346
0.358
0.303
0.607
1.128
0.384
0.416
0.365
0.301
0.93
0.455
0.732
0.969
1.488
1.646
1.501
1.104
1.133
1.448
1.083
0.314
0.368
0.323
0.337
0.334
0.333
0.303
0.648
1.034
0.464
0.464
0.373
0.424
0.973
0.581
0.754
0.997
1.425
1.676
1.479
1.052
1.082
1.448
1.062
0.304
0.373
0.313
0.332
0.325
0.333
0.303
0.581
1.222
0.437
0.38
0.343
0.406
0.825
0.598
0.744
1.018
1.425
1.625
1.696
1.052
1.136
1.676
1.251
0.327
0.368
0.307
0.332
0.324
0.307
0.317
0.71
1.409
0.587
0.431
0.373
0.513
0.825
0.785
0.744
1.019
1.388
1.625
1.309
1.198
1.349
1.56
1.157
0.389
0.342
0.332
0.309
0.328
0.296
0.314
0.78
2.035
1.321
0.54
0.403
0.718
1.149
1.242
0.874
1.019
1.555
1.843
1.495
1.455
1.545
1.594
1.354
1.168
0.648
0.38
0.346
0.35
0.36
0.315
0.51
0.543
0.967
1.673
1.11
0.918
0.903
0.906
0.939
1.081
2.11
2.911
1.506
1.056
1.03
1.35
0.738
1.168
0.645
0.352
0.354
0.319
0.37
0.286
0.423
0.502
0.731
1.055
1.213
1.379
1.168
1.172
1.096
0.895
1.661
2.241
1.314
0.881
0.919
1.136
0.658
0.497
0.316
0.36
0.29
0.349
0.28
0.346
0.762
2.513
1.861
0.656
0.508
0.813
1.022
1.244
0.874
1.009
1.525
1.821
1.245
1.243
1.291
1.55
1.325
0.525
0.312
0.388
0.304
0.349
0.294
0.351
0.716
2.285
2.039
0.761
0.745
0.919
1.535
1.711
0.931
1.287
2.154
2.355
1.789
1.826
1.526
1.706
1.325
0.745
0.337
0.364
0.325
0.359
0.301
0.392
0.545
2.285
2.001
1.564
0.888
1.039
1.497
1.858
1.054
1.467
2.101
2.195
1.851
1.835
1.591
1.845
1.433
0.745
0.34
0.375
0.327
0.373
0.315
0.401
0.511
2.053
2.284
2.004
0.933
1.099
1.612
1.581
1.227
1.812
1.586
2.459
1.553
1.491
1.43
1.722
1.416
0.67
0.327
0.394
0.303
0.4
0.315
0.401
0.348
1.324
1.538
2.046
1.152
1.169
1.565
1.578
1.327
2.153
1.648
2.092
1.732
1.501
1.667
1.763
1.371
0.882
0.375
0.334
0.351
0.319
0.37
0.286
0.447
0.576
1.294
1.215
1.511
1.222
1.352
0.957
1.013
1.221
2.11
2.516
1.521
1.455
1.316
1.298
0.988
1.395
0.441
0.36
0.346
0.339
0.355
0.303
0.375
0.493
1.261
1.57
1.462
1.277
1.391
0.905
0.901
1.149
2.053
1.967
1.355
0.86
0.952
0.992
0.808
0.769
0.342
0.377
0.329
0.4
0.328
0.401
0.334
0.738
1.099
1.501
0.933
0.941
1.222
1.356
1.179
2.23
1.698
1.971
1.48
1.214
1.426
1.55
1.214
0.553
0.381
0.376
0.373
0.4
0.356
0.402
0.334
0.738
1.099
1.94
1.121
1.169
1.486
1.627
1.523
2.316
1.832
2.233
1.743
1.503
2.057
1.812
1.214
0.539
0.372
0.356
0.371
0.38
0.357
0.378
0.422
0.799
1.15
2.582
0.954
1.053
1.43
1.356
1.179
2.025
1.612
1.975
1.601
1.289
1.499
1.558
1.147
0.405
0.344
0.355
0.36
0.358
0.359
0.348
0.415
0.855
1.085
1.909
1.163
1.233
1.557
1.554
1.363
2.32
1.832
2.212
1.851
1.514
1.773
1.497
1.053
0.488
0.378
0.329
0.404
0.328
0.397
0.345
0.674
0.886
0.773
1.69
1.38
1.507
1.511
1.53
1.731
2.442
1.745
2.151
1.977
1.518
1.749
1.37
0.948
0.944
0.405
0.353
0.361
0.342
0.364
0.327
0.376
0.493
1.308
1.211
1.129
0.987
0.839
0.675
0.594
0.896
1.832
1.29
1.128
0.756
0.843
1.275
0.969
0.553
0.474
0.377
0.397
0.38
0.394
0.352
0.376
0.837
1.485
1.289
1.346
1.474
1.488
0.941
0.939
1.696
1.894
1.29
1.278
1.069
1.311
1.915
1.176
0.579
0.496
0.329
0.537
0.328
0.514
0.349
0.812
1.458
1.327
1.899
1.201
1.367
1.449
1.321
1.63
2.061
1.698
2.081
2.418
1.767
1.641
1.37
0.948
0.579
0.619
0.423
0.645
0.448
0.626
0.465
0.913
1.581
1.253
1.742
1.555
1.524
1.332
1.159
1.808
1.76
1.574
2.288
2.68
2.12
1.829
1.456
0.949
0.686
0.719
0.538
0.749
0.554
0.732
0.598
0.87
1.149
0.677
1.226
1.288
1.096
1.069
1.029
2.236
1.588
1.81
2.173
2.578
2.027
1.668
1.249
0.893
0.715
0.78
0.605
0.768
0.609
0.775
0.639
1.052
1.118
0.487
0.899
1.288
1.096
0.874
1.029
2.372
1.588
1.81
2.061
2.578
2.027
1.668
1.238
0.739
0.715
0.78
0.625
0.768
0.618
0.775
0.639
1.052
1.075
0.479
0.769
0.945
0.704
0.667
0.754
1.731
1.108
1.519
1.698
2.233
1.66
1.463
1.002
0.708
0.695
0.587
0.513
0.513
0.51
0.505
0.471
0.508
1.414
1.684
1.913
2.362
2.401
1.831
1.409
1.421
2.608
2.142
1.425
1.218
1.118
1.381
1.783
1.176
0.695
0.597
0.524
0.504
0.521
0.499
0.485
0.531
1.408
2.495
1.913
2.544
2.037
2.038
1.812
1.582
2.627
2.529
1.46
1.239
1.233
1.376
1.845
1.086
0.626
0.671
0.625
0.627
0.628
0.656
0.632
0.791
1.116
0.42
0.484
0.645
0.475
0.568
0.661
1.482
1.108
1.638
1.729
1.897
1.921
1.628
1.018
0.695
0.527
0.545
0.535
0.49
0.524
0.544
0.534
0.822
1.041
0.386
0.403
0.645
0.425
0.542
0.552
1.596
0.994
1.621
1.738
1.636
1.927
1.38
0.809
0.561
0.42
0.428
0.417
0.368
0.421
0.412
0.4
0.804
0.993
0.383
0.385
0.514
0.425
0.462
0.511
1.49
1.168
1.803
2.258
1.39
1.668
1.344
0.664
0.439
0.393
0.359
0.357
0.334
0.37
0.358
0.359
0.739
1.003
0.379
0.385
0.399
0.442
0.522
0.511
1.181
1.051
1.458
2.369
1.342
1.589
1.43
0.663
0.464
0.393
0.359
0.357
0.334
0.37
0.358
0.359
0.603
1.04
0.379
0.437
0.39
0.435
0.51
0.489
0.95
1.139
1.389
2.388
1.436
1.689
1.421
0.774
0.541
0.679
0.597
0.517
0.515
0.507
0.51
0.485
0.52
0.917
1.711
1.439
2.215
1.824
1.487
1.579
1.276
1.715
1.784
1.132
0.97
0.92
0.908
1.841
0.871
0.539
0.551
0.512
0.515
0.512
0.526
0.503
0.52
1.039
2.823
1.804
2.324
2.798
2.42
1.989
2.062
2.514
2.092
1.744
1.284
1.141
1.128
1.841
0.819
0.394
0.375
0.379
0.366
0.379
0.384
0.381
0.634
1.04
0.381
0.463
0.514
0.462
0.744
0.676
1.247
1.301
1.555
2.398
1.538
1.689
1.63
0.934
0.601
0.407
0.39
0.399
0.386
0.384
0.408
0.406
0.769
0.99
0.387
0.481
0.524
0.477
0.746
0.632
1.247
1.288
1.415
1.533
1.479
1.623
1.549
0.816
0.601
0.421
0.39
0.399
0.388
0.384
0.408
0.398
0.634
0.994
0.417
0.481
0.504
0.6
0.999
0.939
1.471
1.537
1.662
1.682
1.447
1.293
1.549
0.828
0.596
0.417
0.383
0.393
0.391
0.379
0.397
0.378
0.552
1.068
0.441
0.553
0.524
0.535
1.019
0.939
1.613
1.364
1.548
1.418
1.33
1.283
1.413
0.828
0.609
0.406
0.382
0.395
0.4
0.375
0.39
0.39
0.588
1.317
0.465
0.453
0.634
0.396
0.787
0.737
1.719
1.508
1.548
1.297
1.353
1.301
1.325
0.831
0.579
0.551
0.524
0.511
0.491
0.505
0.496
0.498
0.493
1.112
2.824
1.718
2.324
2.855
2.597
2.423
2.385
2.841
2.278
1.984
1.34
1.022
1.026
1.318
0.664
0.412
0.405
0.396
0.379
0.379
0.384
0.399
0.493
0.818
2.792
1.682
1.377
2.63
2.049
1.939
1.644
2.347
1.881
1.782
1.34
1.022
1.026
1.206
0.664
0.386
0.367
0.368
0.379
0.359
0.358
0.364
0.583
1.492
0.494
0.39
0.665
0.388
0.707
0.751
1.719
1.508
2.046
1.41
1.376
1.286
1.351
0.912
0.63
0.393
0.342
0.345
0.369
0.346
0.326
0.344
0.565
1.49
0.47
0.463
0.555
0.38
0.436
0.428
1.421
1.386
1.871
1.401
1.376
1.498
1.351
0.807
0.606
0.374
0.342
0.34
0.361
0.339
0.326
0.338
0.516
1.688
0.468
0.439
0.537
0.421
0.446
0.403
0.951
1.719
2.013
1.665
1.36
1.286
1.218
0.782
0.48
0.36
0.349
0.342
0.361
0.346
0.33
0.336
0.569
1.626
0.442
0.546
0.538
0.421
0.446
0.403
0.801
1.177
1.476
1.511
1.576
1.293
1.39
0.845
0.486
0.367
0.357
0.347
0.358
0.342
0.334
0.336
0.575
1.626
0.981
0.447
0.635
0.484
0.516
0.455
0.651
1.133
1.212
1.511
1.576
1.243
1.39
0.86
0.488
0.404
0.398
0.374
0.379
0.373
0.369
0.368
0.382
0.652
1.789
1.212
1.308
1.837
1.853
1.86
1.157
1.378
1.412
1.369
1.045
0.904
0.923
1.276
0.669
0.419
0.388
0.358
0.371
0.357
0.359
0.35
0.366
0.738
1.095
1.378
1.077
2.336
1.909
1.86
1.217
1.687
1.373
1.736
1.236
1.049
0.984
1.194
0.662
0.367
0.36
0.345
0.352
0.341
0.337
0.33
0.461
1.373
0.954
0.45
0.631
0.511
0.515
0.494
0.651
0.964
1.49
1.441
1.547
1.324
1.386
0.873
0.569
0.362
0.357
0.344
0.345
0.347
0.337
0.334
0.445
1.239
0.391
0.45
0.643
0.541
0.509
0.45
0.644
0.898
1.212
1.328
1.476
1.353
1.304
0.786
0.443
0.35
0.357
0.344
0.339
0.353
0.335
0.332
0.5
1.24
0.391
0.344
0.802
0.541
0.459
0.441
0.627
1.177
1.128
1.297
1.408
1.305
1.134
0.777
0.437
0.342
0.351
0.343
0.333
0.353
0.332
0.327
0.5
1.045
0.391
0.336
0.802
0.519
0.438
0.441
0.666
0.864
0.809
1.141
1.251
1.225
1.162
0.839
0.564
0.345
0.351
0.332
0.328
0.345
0.332
0.321
0.436
1.045
0.379
0.336
0.78
0.456
0.334
0.383
0.62
0.795
0.854
1.141
1.251
1.175
0.999
0.794
0.565
0.433
0.385
0.357
0.361
0.363
0.354
0.344
0.354
0.615
1.095
1.362
1.183
2.564
1.924
1.86
2.267
2.621
1.75
1.767
1.251
1.053
0.984
1.366
0.662
0.414
0.372
0.344
0.348
0.346
0.348
0.328
0.407
0.615
0.954
1.154
1.284
1.889
1.609
1.567
1.677
1.968
1.4
1.591
1.393
0.994
0.888
1.387
0.727
0.33
0.346
0.332
0.32
0.337
0.326
0.325
0.421
0.867
0.357
0.332
0.721
0.423
0.334
0.383
0.746
0.748
0.775
1.093
1.147
1.229
1.061
0.831
0.668
0.321
0.348
0.326
0.314
0.329
0.32
0.326
0.487
0.807
0.357
0.338
0.751
0.432
0.449
0.43
0.735
0.676
0.775
1.169
1.094
0.999
1.061
0.789
0.538
0.322
0.348
0.318
0.313
0.325
0.323
0.319
0.564
0.745
0.345
0.574
0.711
0.391
0.444
0.424
0.766
0.799
0.766
1.245
1.194
0.97
1.117
0.789
0.553
0.327
0.348
0.32
0.313
0.321
0.32
0.312
0.524
0.747
0.35
0.786
0.565
0.397
0.513
0.533
0.808
0.799
0.772
1.356
1.191
0.97
1.17
0.791
1.092
0.779
0.341
0.32
0.313
0.322
0.32
0.313
0.546
0.665
0.363
1.076
0.699
0.555
0.635
0.634
0.829
0.866
0.903
1.449
1.304
1.018
1.076
0.763
0.562
0.387
0.367
0.344
0.348
0.338
0.342
0.328
0.407
0.531
0.985
1.277
1.156
2.351
1.781
1.09
1.349
1.584
1.221
1.536
1.296
0.974
0.866
1.364
0.725
0.414
0.37
0.344
0.36
0.355
0.342
0.328
0.372
0.556
0.907
1.41
1.56
1.836
1.443
1.446
1.713
1.405
1.264
1.536
1.12
0.918
0.785
1.305
1.103
0.332
0.337
0.325
0.312
0.327
0.315
0.316
0.68
0.854
0.387
1.394
0.77
0.755
0.785
0.765
0.896
0.866
0.773
1.221
1.098
1.076
1.174
0.832
0.728
0.366
0.34
0.325
0.319
0.34
0.319
0.317
0.744
0.85
0.475
1.477
0.834
0.952
1.168
0.814
0.918
0.897
0.827
1.449
1.203
1.135
1.314
0.888
0.653
0.405
0.374
0.36
0.36
0.376
0.355
0.354
0.763
1.057
0.576
1.402
0.733
1.075
1.541
0.907
0.969
1.253
0.819
1.537
1.378
1.265
1.197
0.871
0.664
0.442
0.408
0.403
0.401
0.411
0.39
0.397
0.837
1.193
0.862
1.541
0.918
1.278
1.799
1.025
1.177
1.408
0.935
1.35
1.311
1.212
1.191
0.907
0.664
0.47
0.434
0.427
0.422
0.431
0.422
0.424
0.916
0.971
0.858
1.428
0.918
1.278
1.799
0.995
1.171
1.084
1.0
1.258
1.154
1.182
1.136
0.911
0.506
0.449
0.377
0.367
0.365
0.365
0.363
0.363
0.39
0.723
0.868
1.346
1.379
1.66
1.71
1.273
2.145
1.563
1.32
1.495
1.172
0.956
0.814
0.959
0.637
0.443
0.392
0.4
0.395
0.385
0.386
0.387
0.447
0.905
0.915
1.108
1.36
1.69
1.46
0.843
1.858
1.247
1.046
1.495
1.289
0.878
0.778
0.959
0.696
0.453
0.457
0.458
0.453
0.448
0.45
0.456
1.028
1.193
1.172
1.082
0.78
1.094
1.717
0.925
1.171
1.107
1.023
1.259
1.109
1.279
1.201
0.959
0.514
0.47
0.457
0.458
0.453
0.448
0.45
0.456
1.011
1.18
1.355
1.116
0.829
1.104
1.609
0.988
1.28
1.193
1.147
1.259
1.109
1.316
1.213
0.806
0.477
0.461
0.433
0.434
0.424
0.423
0.424
0.423
1.04
1.382
1.372
0.841
0.652
0.807
1.186
0.826
1.372
1.219
1.801
1.259
1.113
1.261
1.134
0.806
0.45
0.428
0.394
0.399
0.393
0.39
0.39
0.384
0.976
1.16
1.093
0.748
0.648
0.752
0.957
0.768
1.286
1.118
1.771
1.148
1.088
1.215
1.129
0.843
0.442
0.414
0.391
0.389
0.387
0.376
0.371
0.371
0.924
1.685
1.392
0.404
0.459
0.616
0.642
0.568
1.087
1.032
1.636
1.358
0.944
1.215
1.046
1.075
0.479
0.46
0.422
0.42
0.426
0.408
0.416
0.406
0.475
0.985
0.952
1.228
1.161
1.281
1.236
0.851
1.758
1.09
1.025
1.497
1.354
0.89
0.821
0.928
1.187
0.485
0.444
0.448
0.456
0.431
0.436
0.426
0.437
0.831
1.198
1.164
1.096
1.432
1.713
1.0
1.636
0.957
1.11
1.838
1.343
0.883
0.821
0.896
1.041
0.464
0.393
0.39
0.392
0.371
0.364
0.367
0.843
1.766
1.635
0.615
0.638
0.765
0.954
0.728
1.102
1.0
1.653
1.281
0.929
1.237
1.126
1.124
0.528
0.447
0.371
0.368
0.366
0.355
0.347
0.344
0.725
1.355
1.054
0.589
0.613
0.739
0.987
0.729
1.102
0.933
1.064
1.132
1.039
1.237
1.049
1.305
0.474
0.365
0.353
0.364
0.36
0.343
0.343
0.34
0.636
1.21
0.773
0.348
0.408
0.621
0.673
0.564
1.079
0.773
0.867
1.132
1.053
1.277
1.058
1.305
0.474
0.37
0.359
0.359
0.358
0.349
0.347
0.342
0.601
0.992
0.638
0.44
0.466
0.686
0.717
0.681
0.883
0.741
0.867
0.92
1.05
1.275
1.058
1.07
0.488
0.404
0.39
0.38
0.386
0.364
0.362
0.365
0.651
1.605
1.334
0.646
0.469
0.574
0.623
0.572
0.727
0.656
0.865
1.126
1.018
1.199
0.996
1.061
0.468
0.485
0.444
0.448
0.456
0.431
0.436
0.426
0.437
0.831
1.416
1.166
1.096
0.814
1.481
1.43
1.663
0.996
1.154
1.838
1.713
1.137
0.821
0.922
1.042
0.586
0.428
0.432
0.426
0.411
0.405
0.401
0.408
0.827
1.848
1.201
1.096
1.543
1.901
1.436
1.668
0.996
1.334
2.085
1.639
0.971
0.802
0.901
0.582
0.392
0.379
0.36
0.375
0.356
0.355
0.358
0.654
1.25
0.717
0.68
0.639
0.573
0.666
0.678
0.713
0.65
0.972
0.893
1.152
1.285
1.06
0.839
0.456
0.362
0.365
0.343
0.353
0.335
0.341
0.336
0.617
1.141
0.534
0.68
0.504
0.554
0.594
0.597
0.684
0.706
0.938
0.946
1.306
1.241
0.996
0.783
0.399
0.364
0.365
0.348
0.359
0.338
0.34
0.343
0.628
0.887
0.485
0.689
0.561
0.554
0.525
0.573
0.736
0.613
0.994
1.096
1.346
1.281
1.041
0.783
0.455
0.399
0.396
0.379
0.359
0.342
0.342
0.341
0.628
0.807
0.646
0.747
0.776
0.504
0.528
0.568
0.684
0.597
0.994
1.096
1.346
1.235
1.041
0.732
0.455
0.401
0.398
0.382
0.361
0.342
0.346
0.346
0.567
0.869
0.645
0.653
0.776
0.487
0.528
0.568
0.736
0.597
0.837
1.221
1.36
1.304
1.088
0.659
0.442
0.444
0.406
0.4
0.397
0.384
0.378
0.379
0.378
0.684
1.895
1.458
1.121
1.839
1.555
1.329
1.371
0.96
1.334
2.062
1.639
0.95
0.778
0.846
0.553
0.575
0.403
0.392
0.384
0.381
0.375
0.379
0.378
0.684
1.653
1.443
1.115
1.536
1.36
1.329
1.371
1.031
1.252
1.598
1.622
1.01
0.835
0.881
0.567
0.371
0.369
0.352
0.354
0.339
0.342
0.341
0.54
0.869
0.53
0.502
0.725
0.443
0.467
0.662
0.787
0.667
0.901
1.168
1.464
1.426
1.091
0.747
0.513
0.387
0.384
0.376
0.354
0.343
0.347
0.341
0.516
0.637
0.481
0.475
0.481
0.412
0.438
0.573
0.785
0.706
0.786
1.036
1.305
1.411
1.107
0.791
0.615
0.397
0.389
0.389
0.369
0.359
0.354
0.353
0.541
0.672
0.423
0.428
0.427
0.377
0.388
0.536
0.842
0.633
0.812
1.071
1.198
1.554
1.107
0.816
0.632
0.399
0.402
0.414
0.376
0.374
0.375
0.359
0.563
0.676
0.426
0.442
0.402
0.379
0.41
0.56
0.797
0.739
0.723
0.945
1.119
1.487
1.094
0.913
0.758
0.39
0.402
0.414
0.381
0.394
0.401
0.364
0.687
0.676
0.393
0.43
0.387
0.398
0.439
0.56
0.837
0.757
0.773
1.053
1.295
1.497
1.117
1.12
0.823
0.553
0.379
0.366
0.357
0.361
0.354
0.361
0.351
0.721
1.977
1.305
0.898
1.536
1.36
1.439
1.422
1.077
1.27
1.515
1.623
1.006
0.816
0.892
0.488
0.572
0.378
0.366
0.357
0.354
0.354
0.362
0.41
0.618
1.785
1.285
0.595
1.662
1.088
1.348
1.206
0.984
0.922
1.104
1.227
0.837
0.65
0.884
0.995
0.398
0.43
0.438
0.386
0.42
0.422
0.367
0.773
0.933
0.43
0.456
0.404
0.398
0.439
0.475
0.907
0.678
0.817
1.053
1.259
1.572
1.101
1.211
0.822
0.416
0.43
0.449
0.386
0.438
0.422
0.436
0.776
0.633
0.479
0.456
0.422
0.417
0.548
0.475
0.876
0.862
0.826
0.916
1.083
1.473
1.236
1.509
0.698
0.404
0.441
0.448
0.386
0.447
0.411
0.47
0.776
0.578
0.534
0.517
0.534
0.521
0.607
0.562
0.85
0.675
0.866
1.035
1.183
1.541
1.218
1.185
0.703
0.397
0.448
0.448
0.38
0.462
0.411
0.594
0.706
0.562
0.662
0.68
0.76
0.608
0.628
0.706
0.899
1.03
0.896
1.088
1.285
1.439
1.213
1.192
0.538
0.415
0.452
0.454
0.386
0.462
0.411
0.621
0.779
0.741
0.854
0.861
0.894
0.762
0.656
0.79
1.074
1.044
0.989
1.097
1.262
1.47
1.219
1.414
0.489
0.587
0.381
0.388
0.358
0.374
0.37
0.382
0.435
0.754
1.525
1.036
0.84
2.224
1.06
0.983
1.301
0.897
0.751
0.94
0.819
0.562
0.643
0.858
0.521
0.46
0.394
0.409
0.393
0.4
0.393
0.408
0.453
1.054
1.464
1.004
0.84
1.929
1.057
0.983
1.078
0.849
0.707
0.915
0.861
0.709
0.684
0.882
0.653
0.435
0.453
0.462
0.412
0.462
0.415
0.675
0.761
0.76
0.979
1.001
1.061
0.902
0.757
1.138
1.072
1.136
1.001
1.079
1.262
1.462
1.091
1.3
0.884
0.445
0.453
0.47
0.418
0.45
0.426
0.675
0.658
0.658
0.854
1.001
1.119
0.994
0.809
1.2
1.16
1.493
1.049
0.871
1.095
1.295
1.091
1.16
0.882
0.462
0.467
0.46
0.448
0.446
0.439
0.611
0.68
0.712
0.876
0.967
1.119
0.96
0.879
1.329
1.194
1.136
1.011
0.871
1.135
1.453
1.091
0.771
0.862
0.495
0.465
0.465
0.474
0.437
0.471
0.513
0.925
0.73
0.91
0.992
1.016
0.894
0.919
1.369
1.194
1.469
1.161
1.0
1.149
1.439
1.054
1.309
1.31
0.504
0.46
0.46
0.482
0.423
0.477
0.513
1.115
0.748
0.802
1.098
1.016
0.989
1.048
1.083
1.284
1.182
1.062
0.789
1.027
1.48
1.134
1.263
0.568
0.596
0.431
0.439
0.419
0.439
0.419
0.437
0.564
1.082
1.692
0.714
0.862
2.103
1.203
1.067
1.106
0.957
0.844
1.0
1.012
0.897
0.828
0.968
0.562
0.468
0.452
0.433
0.438
0.448
0.421
0.463
0.564
1.023
1.85
1.1
0.9
1.857
1.174
1.136
1.093
0.903
0.925
1.0
0.92
0.905
0.751
0.988
1.302
0.492
0.474
0.44
0.483
0.438
0.456
0.598
1.122
0.69
0.659
1.243
1.079
0.938
1.085
1.083
1.052
1.126
0.945
0.736
1.17
1.37
1.171
0.798
1.159
0.491
0.444
0.44
0.456
0.438
0.437
0.644
1.053
0.651
0.603
1.128
0.934
0.812
0.997
1.083
1.032
1.053
0.872
0.661
0.976
1.255
1.105
0.721
0.76
0.491
0.445
0.416
0.479
0.421
0.428
0.692
1.083
0.587
0.61
1.128
0.78
0.643
0.891
1.017
0.86
0.855
0.69
0.656
1.014
1.336
1.202
0.684
0.769
0.456
0.447
0.41
0.468
0.411
0.428
0.742
1.038
0.598
0.551
1.101
0.875
0.646
0.891
0.816
0.727
0.89
0.9
0.897
1.084
1.314
1.106
0.956
0.772
0.447
0.426
0.416
0.435
0.429
0.4
0.784
1.038
1.053
0.527
0.753
0.829
0.568
0.799
0.779
0.973
0.676
0.747
0.668
0.992
1.233
1.102
0.718
0.478
0.483
0.465
0.45
0.463
0.458
0.433
0.463
0.596
1.146
1.597
1.098
1.2
1.857
1.479
1.13
0.928
0.819
0.859
0.889
0.846
0.886
0.839
1.456
0.472
0.462
0.47
0.446
0.458
0.458
0.438
0.479
0.647
1.49
1.31
1.098
1.242
1.781
1.206
1.13
0.992
0.865
1.006
1.018
0.939
0.961
0.913
1.49
0.45
0.448
0.426
0.435
0.41
0.462
0.372
0.742
0.9
0.993
0.506
0.543
0.614
0.482
0.684
0.958
0.682
0.637
0.629
0.637
0.954
1.151
1.102
0.739
0.457
0.454
0.407
0.462
0.394
0.47
0.381
0.729
0.807
1.597
0.497
0.538
0.522
0.451
0.569
1.087
0.912
0.602
0.716
0.744
0.954
1.213
1.056
0.732
0.451
0.45
0.437
0.446
0.434
0.446
0.41
0.695
1.168
1.617
0.496
0.488
0.566
0.429
0.552
0.873
1.128
0.816
0.796
0.787
1.089
1.324
1.095
0.732
0.454
0.461
0.441
0.448
0.435
0.446
0.427
0.737
1.396
1.636
0.486
0.549
0.555
0.448
0.554
0.86
1.056
0.68
0.903
0.909
1.107
1.276
1.028
0.723
0.443
0.461
0.409
0.448
0.415
0.433
0.424
0.679
1.701
1.819
0.486
0.545
0.488
0.437
0.554
0.897
1.341
0.776
0.839
0.875
1.061
1.2
1.056
0.667
0.504
0.496
0.493
0.446
0.466
0.475
0.446
0.517
0.767
1.659
1.564
1.564
1.083
1.68
1.253
1.358
0.992
0.949
1.08
1.099
1.066
1.162
0.991
1.49
0.504
0.509
0.484
0.458
0.454
0.478
0.441
0.512
0.877
1.638
1.326
1.215
1.293
1.612
1.091
1.155
0.882
0.919
1.064
1.071
1.052
1.077
0.942
1.432
0.463
0.468
0.44
0.445
0.448
0.418
0.469
0.641
1.393
1.221
0.581
0.514
0.456
0.437
0.554
1.021
1.058
0.856
0.893
0.873
1.015
1.305
1.07
0.685
0.494
0.481
0.466
0.451
0.461
0.421
0.477
0.724
1.555
1.514
0.581
0.488
0.488
0.456
0.502
0.862
1.159
0.943
0.893
0.939
1.185
1.443
1.07
0.622
0.508
0.464
0.489
0.451
0.463
0.432
0.474
0.726
1.433
0.839
0.563
0.459
0.467
0.488
0.474
0.72
1.114
0.943
0.878
0.905
1.272
1.469
1.119
0.554
0.525
0.475
0.493
0.456
0.466
0.448
0.47
0.675
1.175
0.82
0.568
0.572
0.44
0.535
0.433
0.744
0.886
0.835
0.919
0.999
1.154
1.31
1.101
0.581
0.517
0.467
0.469
0.477
0.437
0.477
0.444
0.639
1.28
1.366
0.606
0.474
0.433
0.575
0.469
0.908
1.207
0.936
0.987
0.994
1.187
1.338
1.101
0.612
0.502
0.499
0.46
0.476
0.454
0.486
0.436
0.531
0.854
1.638
1.193
1.342
1.309
1.284
0.889
1.077
0.827
0.948
1.118
1.05
0.893
0.926
0.957
1.504
0.503
0.495
0.451
0.476
0.44
0.478
0.431
0.581
0.805
1.757
1.237
1.342
1.472
1.411
1.057
1.191
1.018
1.018
1.109
0.975
0.893
0.926
0.966
1.958
0.517
0.469
0.469
0.477
0.451
0.477
0.457
0.681
1.142
0.922
0.582
0.616
0.506
0.805
0.485
0.928
1.044
1.108
1.148
1.095
1.245
1.383
1.068
0.653
0.523
0.45
0.455
0.446
0.445
0.444
0.429
0.674
1.132
1.341
0.582
0.768
0.607
0.821
0.507
0.764
1.006
1.072
1.351
1.161
1.245
1.27
0.977
0.585
0.488
0.442
0.44
0.433
0.416
0.408
0.412
0.674
0.929
1.029
0.582
0.748
0.512
0.8
0.496
0.91
1.172
1.022
1.351
1.161
1.152
1.179
0.92
0.571
0.491
0.417
0.441
0.415
0.42
0.403
0.401
0.678
0.946
1.013
0.599
0.717
0.532
0.786
0.51
0.94
0.973
1.271
1.561
1.321
1.135
1.163
0.92
0.702
0.501
0.4
0.442
0.413
0.42
0.407
0.401
0.694
0.857
0.995
0.592
0.537
0.607
0.754
0.533
0.96
0.979
1.273
1.446
1.168
1.021
1.221
0.9
1.01
0.53
0.487
0.473
0.492
0.447
0.517
0.421
0.641
0.805
1.636
1.754
1.474
1.016
1.234
0.862
0.972
1.018
1.018
1.109
0.938
0.886
0.926
0.947
1.413
0.547
0.471
0.486
0.51
0.454
0.517
0.425
0.641
0.737
1.552
1.754
1.474
1.053
1.44
1.057
1.308
1.074
1.074
1.109
0.745
0.802
0.861
1.069
1.394
0.529
0.399
0.444
0.413
0.42
0.41
0.408
0.71
0.7
0.559
0.544
0.623
0.614
0.501
0.466
0.96
0.76
0.93
1.178
1.066
0.936
1.221
0.916
1.056
0.56
0.418
0.433
0.449
0.43
0.423
0.411
0.729
0.7
0.47
0.536
0.5
0.532
0.447
0.466
0.858
0.591
0.624
0.949
0.857
0.927
1.148
0.985
0.903
0.57
0.449
0.42
0.478
0.44
0.437
0.431
0.759
0.965
0.428
0.501
0.434
0.441
0.447
0.505
0.86
0.88
0.8
0.763
0.942
0.965
1.248
1.039
0.892
0.57
0.456
0.42
0.483
0.478
0.428
0.469
0.725
1.288
0.485
0.507
0.441
0.481
0.425
0.593
0.719
0.762
0.826
0.894
0.91
1.086
1.285
1.047
0.882
0.549
0.471
0.384
0.483
0.467
0.398
0.479
0.667
1.26
0.499
0.481
0.441
0.467
0.454
0.591
0.664
0.789
0.676
0.755
0.741
1.233
1.275
1.012
0.591
0.541
0.446
0.467
0.495
0.431
0.496
0.394
0.702
0.755
1.428
1.479
1.005
1.5
1.133
0.873
0.947
0.811
1.074
1.121
0.697
0.695
0.692
0.99
1.394
0.612
0.446
0.457
0.462
0.44
0.458
0.38
0.774
0.904
1.51
1.925
1.074
1.215
1.216
1.269
1.092
0.975
1.384
1.228
0.692
0.721
0.838
1.111
1.342
0.475
0.47
0.384
0.479
0.454
0.386
0.451
0.632
1.311
0.499
0.45
0.462
0.467
0.437
0.592
0.625
1.098
0.819
0.771
0.836
1.278
1.281
1.057
0.591
0.445
0.484
0.389
0.472
0.47
0.386
0.479
0.622
1.253
1.299
0.505
0.462
0.502
0.495
0.698
0.625
1.322
0.922
0.911
0.919
1.381
1.22
1.055
0.549
0.455
0.475
0.413
0.472
0.476
0.43
0.495
0.635
0.994
1.299
0.531
0.496
0.531
0.621
0.719
0.713
1.449
1.024
1.031
0.95
1.587
1.22
1.209
0.763
0.438
0.463
0.431
0.432
0.442
0.445
0.494
0.63
0.741
1.348
0.562
0.472
0.531
0.587
0.727
0.947
1.244
0.875
0.968
0.849
1.521
1.154
1.166
0.777
0.423
0.447
0.462
0.416
0.421
0.485
0.471
0.646
0.731
0.548
0.54
0.481
0.516
0.587
0.64
0.912
1.178
0.983
0.849
0.849
1.302
1.154
1.361
0.777
0.596
0.441
0.47
0.45
0.441
0.409
0.397
0.781
1.341
1.891
2.266
1.708
1.792
1.781
1.81
1.453
1.763
2.747
1.339
0.847
0.939
1.204
1.111
0.866
0.596
0.475
0.478
0.478
0.461
0.429
0.418
0.781
1.686
1.529
2.336
0.881
1.58
1.117
1.687
1.267
1.022
2.709
1.221
0.67
0.771
0.841
1.095
0.866
0.468
0.449
0.462
0.443
0.432
0.485
0.492
0.625
0.808
0.581
0.527
0.486
0.585
0.527
0.704
0.942
1.178
1.216
0.807
0.848
1.027
1.158
1.341
0.863
0.485
0.464
0.446
0.466
0.418
0.477
0.5
0.686
0.759
0.586
0.55
0.486
0.635
0.531
0.704
1.133
0.979
1.019
0.839
0.848
1.006
1.165
1.137
0.658
0.474
0.461
0.423
0.454
0.408
0.441
0.47
0.638
0.844
0.54
0.454
0.447
0.548
0.414
0.599
1.133
0.979
0.924
0.704
0.725
0.839
1.17
1.258
0.619
0.474
0.461
0.423
0.432
0.408
0.418
0.462
0.56
1.148
0.547
0.431
0.447
0.527
0.414
0.616
1.049
0.828
0.79
0.594
0.641
0.785
1.135
1.021
0.516
0.441
0.455
0.391
0.444
0.394
0.408
0.45
0.495
1.117
0.537
0.431
0.51
0.584
0.431
0.617
1.12
0.912
0.939
0.661
0.717
0.804
1.2
0.994
0.555
0.596
0.475
0.478
0.478
0.454
0.413
0.436
0.783
1.691
1.529
1.81
0.801
1.591
1.891
1.971
1.637
1.063
2.709
1.356
0.813
0.771
0.863
1.095
0.801
0.588
0.475
0.461
0.463
0.43
0.442
0.404
0.731
1.691
1.499
2.076
1.151
1.523
1.682
1.479
1.306
0.922
2.673
1.208
0.815
0.762
0.863
0.938
0.697
0.455
0.473
0.381
0.47
0.41
0.408
0.434
0.511
1.108
0.556
0.444
0.584
0.63
0.509
0.6
1.282
0.971
0.939
0.815
0.888
0.841
1.173
0.953
0.677
0.45
0.504
0.422
0.47
0.432
0.438
0.434
0.54
0.866
0.517
0.54
0.541
0.616
0.583
0.645
1.481
1.031
0.853
1.007
0.968
0.899
1.186
0.908
0.598
0.452
0.51
0.462
0.467
0.469
0.437
0.453
0.544
0.879
0.502
0.605
0.67
0.616
0.617
0.678
1.398
1.017
0.897
0.878
0.934
1.006
1.166
0.954
0.63
0.456
0.547
0.484
0.494
0.491
0.451
0.486
0.579
0.886
0.969
0.842
0.788
0.62
0.617
0.696
1.093
1.017
0.912
0.878
0.958
1.034
1.234
0.908
0.63
0.456
0.533
0.484
0.498
0.508
0.463
0.501
0.643
0.886
0.558
0.857
0.786
0.633
0.692
0.634
1.145
1.022
0.925
0.938
1.039
1.034
1.234
0.933
0.703
0.834
0.501
0.46
0.433
0.434
0.407
0.425
0.648
1.44
1.469
1.797
1.46
1.029
1.689
1.58
1.374
1.0
1.251
1.018
0.782
0.968
0.983
1.001
0.742
0.787
0.547
0.476
0.483
0.448
0.443
0.474
0.648
1.038
1.104
1.221
1.634
0.946
1.748
1.668
1.451
1.21
0.991
0.883
0.907
1.184
0.908
0.918
0.837
0.485
0.538
0.519
0.51
0.556
0.484
0.546
0.731
0.886
0.599
0.668
0.723
0.616
0.687
0.573
0.954
0.985
0.997
0.783
0.988
1.004
1.207
1.0
0.772
0.528
0.549
0.553
0.506
0.593
0.5
0.553
0.647
0.93
0.752
0.785
0.823
0.737
0.769
0.688
1.021
0.901
0.801
0.822
0.91
0.914
1.086
0.896
0.727
0.526
0.549
0.576
0.506
0.619
0.478
0.565
0.647
0.923
0.824
0.744
0.872
0.779
0.981
0.7
0.843
0.842
0.645
0.688
0.893
0.914
0.982
1.014
0.725
0.559
0.549
0.581
0.506
0.606
0.478
0.565
0.638
0.873
0.824
0.69
0.788
0.632
0.949
0.699
0.736
0.906
0.832
0.707
0.848
0.807
0.941
1.026
0.741
0.559
0.525
0.581
0.493
0.606
0.49
0.555
0.684
0.997
0.824
0.568
0.662
0.618
1.007
0.699
0.925
0.906
0.821
0.707
0.893
0.879
0.941
0.999
0.758
0.868
0.601
0.485
0.528
0.488
0.488
0.501
0.582
0.801
0.96
0.913
1.626
0.946
1.057
1.323
1.05
1.21
0.991
0.883
0.876
1.184
0.908
0.918
0.981
0.944
0.649
0.549
0.562
0.495
0.508
0.552
0.579
0.615
0.949
0.602
1.626
0.946
1.067
1.256
1.029
1.091
0.897
0.874
0.978
1.299
1.104
0.98
0.724
0.528
0.536
0.547
0.514
0.556
0.506
0.528
0.717
0.781
0.823
0.533
0.605
0.598
1.159
0.817
1.174
1.012
0.967
0.745
0.898
1.009
1.061
1.071
0.756
0.584
0.508
0.544
0.493
0.525
0.494
0.505
0.7
1.072
0.913
0.544
0.608
0.588
1.108
0.862
1.174
0.944
0.814
0.823
0.858
1.012
1.085
0.974
0.687
0.532
0.467
0.529
0.47
0.491
0.468
0.505
0.772
1.02
0.776
0.498
0.536
0.487
0.816
0.734
0.917
1.27
0.832
0.823
0.84
1.082
1.085
1.071
0.719
0.605
0.419
0.494
0.429
0.466
0.46
0.464
0.785
1.155
0.701
0.495
0.489
0.462
0.535
0.582
1.167
1.557
0.832
0.758
0.87
0.979
1.238
1.118
0.759
0.599
0.421
0.495
0.424
0.465
0.459
0.542
0.785
1.198
0.645
0.506
0.466
0.469
0.535
0.576
1.572
1.548
0.811
0.75
0.841
0.979
1.221
1.253
0.838
0.683
0.646
0.546
0.532
0.498
0.511
0.531
0.488
0.637
0.959
0.669
1.733
1.199
1.029
1.164
0.914
1.34
0.981
0.963
1.098
1.896
1.184
1.016
0.703
0.684
0.669
0.547
0.551
0.5
0.473
0.538
0.588
0.637
0.871
0.593
1.359
1.188
1.074
1.252
1.035
1.431
0.858
0.963
1.098
1.896
1.184
1.016
0.741
0.618
0.434
0.482
0.435
0.442
0.461
0.606
0.694
1.119
0.504
0.481
0.432
0.466
0.471
0.579
2.03
1.454
0.981
1.084
0.9
1.061
1.253
1.471
0.872
0.618
0.396
0.472
0.429
0.421
0.437
0.595
0.636
1.12
0.458
0.528
0.447
0.434
0.471
0.461
2.019
1.467
0.844
1.112
0.8
0.854
1.039
1.382
0.927
0.558
0.417
0.434
0.455
0.396
0.451
0.588
0.641
1.12
0.458
0.488
0.435
0.459
0.444
0.461
2.091
1.504
0.871
1.104
0.811
0.794
1.026
1.473
0.927
0.569
0.43
0.446
0.495
0.393
0.472
0.588
0.592
1.293
0.562
0.492
0.445
0.488
0.456
0.463
2.128
1.256
1.068
0.867
0.857
0.852
1.145
1.35
0.805
0.544
0.455
0.47
0.519
0.422
0.48
0.689
0.611
1.143
0.626
0.543
0.495
0.534
0.499
0.515
1.797
1.103
1.294
1.01
0.814
0.875
1.145
1.223
0.845
0.605
0.599
0.562
0.551
0.509
0.483
0.538
0.643
0.612
0.908
0.672
1.132
1.01
0.989
1.118
0.974
1.321
0.812
0.91
1.049
1.665
1.042
1.025
0.669
0.583
0.562
0.566
0.475
0.497
0.466
0.518
0.553
0.702
0.919
0.85
0.902
1.14
0.748
0.854
0.935
1.104
0.69
0.781
0.819
1.248
0.793
0.878
0.656
0.552
0.49
0.475
0.537
0.422
0.512
0.634
0.639
1.159
0.625
0.538
0.567
0.572
0.572
0.557
1.256
1.177
1.247
1.014
1.097
1.116
1.194
1.101
0.767
0.526
0.485
0.5
0.53
0.472
0.515
0.574
0.646
1.362
1.029
0.591
0.677
0.585
0.61
0.587
1.081
1.229
1.152
1.014
0.878
0.998
1.215
1.071
0.717
0.54
0.505
0.5
0.521
0.494
0.521
0.583
0.641
1.619
1.172
0.552
0.669
0.585
0.537
0.648
1.081
1.229
1.264
0.975
0.876
0.998
1.215
1.071
0.717
0.557
0.53
0.537
0.526
0.494
0.527
0.606
0.589
1.74
1.144
0.602
0.705
0.769
0.61
0.695
1.073
1.229
1.276
0.993
0.944
1.043
1.207
1.039
0.736
0.55
0.551
0.534
0.526
0.515
0.526
0.541
0.626
1.346
0.778
0.653
0.796
0.822
0.719
0.695
1.026
1.223
1.193
1.022
1.215
1.0
1.154
1.061
0.818
0.524
0.527
0.493
0.445
0.485
0.448
0.467
0.557
0.611
0.93
0.962
0.902
0.969
0.788
0.674
0.786
0.832
0.539
0.544
0.596
0.676
0.591
0.777
0.557
0.524
0.521
0.493
0.444
0.481
0.448
0.444
0.595
0.677
1.245
1.006
0.959
1.007
0.942
0.792
0.894
0.991
0.72
0.791
0.605
0.562
0.527
0.605
0.58
0.681
0.552
0.543
0.533
0.535
0.506
0.504
0.626
1.346
0.78
0.662
0.882
0.873
0.866
0.718
1.043
1.152
1.101
0.908
1.155
0.908
0.972
1.028
0.812
0.866
0.539
0.538
0.516
0.52
0.505
0.48
0.651
1.286
0.78
0.77
0.966
0.75
0.979
0.759
1.019
1.234
1.193
0.847
0.813
0.772
0.837
0.921
0.812
0.866
0.518
0.547
0.516
0.485
0.486
0.475
0.699
0.948
0.768
0.731
0.777
0.741
0.938
0.748
1.073
1.198
1.122
0.825
0.804
0.753
0.837
0.921
0.812
0.856
0.494
0.547
0.51
0.465
0.472
0.475
0.746
0.619
0.671
0.958
0.841
0.808
0.965
0.754
1.07
1.283
0.976
0.923
0.878
0.831
0.887
0.934
0.754
0.729
0.441
0.53
0.474
0.454
0.444
0.451
0.768
0.578
0.614
0.939
0.995
0.808
0.986
0.774
1.122
1.307
1.043
0.895
0.821
0.799
0.861
0.884
0.768
0.529
0.534
0.484
0.448
0.473
0.462
0.416
0.595
0.671
1.245
1.002
0.798
0.744
0.878
0.792
0.823
0.907
0.657
0.695
0.568
0.562
0.527
0.537
0.604
0.529
0.518
0.485
0.429
0.473
0.491
0.41
0.558
0.729
1.214
1.002
0.798
0.839
1.005
0.862
0.881
1.016
0.949
0.91
0.687
0.718
0.572
0.666
0.653
0.7
0.441
0.507
0.474
0.442
0.446
0.451
0.779
0.578
0.666
0.846
1.109
0.747
0.799
0.777
1.149
1.591
1.033
0.898
0.821
0.793
0.83
0.783
0.744
0.474
0.441
0.497
0.447
0.442
0.446
0.471
0.756
0.71
1.041
0.91
0.967
0.728
0.613
0.676
1.184
2.009
1.073
0.996
0.905
0.793
0.821
0.732
0.706
0.449
0.424
0.489
0.407
0.424
0.428
0.457
0.772
0.939
1.084
0.683
0.783
0.651
0.451
0.586
1.184
1.709
0.94
1.052
0.951
0.89
0.895
0.862
0.703
0.435
0.397
0.47
0.407
0.408
0.411
0.433
0.754
1.122
1.031
0.696
0.794
0.734
0.519
0.623
1.103
1.757
1.07
1.06
0.906
0.8
0.88
0.862
0.729
0.447
0.423
0.467
0.414
0.444
0.411
0.439
0.758
1.13
1.082
0.553
0.733
0.725
0.542
0.6
1.094
1.956
1.077
1.009
0.95
0.818
0.91
0.849
0.753
0.548
0.519
0.496
0.466
0.461
0.518
0.444
0.551
0.729
0.941
1.182
0.752
1.103
1.006
0.879
0.963
1.041
1.013
1.162
0.737
0.718
0.572
0.57
0.769
0.551
0.506
0.479
0.472
0.448
0.506
0.423
0.548
0.684
1.069
1.061
0.737
0.963
1.173
0.884
0.985
0.951
1.34
1.292
1.121
0.877
0.715
0.679
0.753
0.447
0.467
0.478
0.454
0.489
0.415
0.503
0.785
1.373
1.167
0.562
0.508
0.655
0.465
0.561
0.963
2.143
1.059
0.988
0.95
0.741
0.812
0.981
0.846
0.482
0.477
0.446
0.417
0.481
0.398
0.457
0.707
1.13
0.828
0.542
0.508
0.721
0.522
0.561
1.002
2.226
0.939
0.895
0.808
0.629
0.705
0.957
0.774
0.5
0.469
0.442
0.399
0.458
0.404
0.415
0.651
0.974
0.743
0.504
0.587
1.172
0.589
0.533
0.858
1.658
0.888
0.742
0.669
0.611
0.705
0.955
0.742
0.561
0.507
0.394
0.431
0.459
0.381
0.44
0.569
0.76
0.824
0.536
0.579
1.172
0.607
0.528
0.797
1.546
0.802
0.62
0.526
0.492
0.591
0.805
0.959
0.586
0.526
0.446
0.45
0.46
0.419
0.44
0.569
0.532
0.817
0.521
0.602
1.104
0.573
0.539
0.759
1.395
0.802
0.582
0.445
0.464
0.486
0.599
0.938
0.541
0.506
0.523
0.477
0.448
0.521
0.408
0.54
0.654
1.02
1.132
0.737
0.869
1.128
0.884
0.985
1.104
1.34
1.292
1.121
0.872
0.684
0.618
0.753
0.527
0.504
0.509
0.458
0.415
0.501
0.404
0.473
0.603
0.827
1.131
0.799
0.933
1.069
0.948
0.942
1.03
1.018
1.177
1.384
1.02
0.782
0.719
0.744
0.586
0.526
0.452
0.42
0.453
0.414
0.441
0.427
0.775
1.057
0.556
0.632
1.062
0.604
0.531
0.653
1.388
0.903
0.582
0.435
0.464
0.478
0.475
0.67
0.545
0.507
0.408
0.42
0.453
0.414
0.436
0.419
0.557
0.948
0.556
0.739
1.147
0.741
0.657
0.815
1.215
0.783
0.642
0.478
0.472
0.478
0.475
0.552
0.524
0.496
0.447
0.429
0.458
0.45
0.449
0.42
0.584
0.879
0.834
0.739
0.74
0.677
0.611
0.656
0.738
0.909
0.802
0.533
0.475
0.5
0.502
0.596
0.535
0.489
0.447
0.454
0.451
0.466
0.47
0.384
0.708
0.865
0.871
0.778
0.626
0.614
0.611
0.637
0.705
0.801
0.81
0.7
0.606
0.606
0.602
0.66
0.535
0.486
0.483
0.45
0.461
0.475
0.427
0.37
0.904
0.657
0.857
0.975
0.685
0.684
0.685
0.744
0.913
1.007
0.859
0.888
0.756
0.747
0.699
0.66
0.513
0.484
0.481
0.475
0.416
0.462
0.414
0.498
0.609
0.87
1.289
0.844
1.291
1.102
0.954
0.956
1.109
1.235
1.287
1.659
0.853
0.746
0.709
0.745
0.573
0.507
0.495
0.5
0.443
0.45
0.442
0.527
0.589
0.862
1.604
0.867
1.414
1.079
1.097
1.092
1.109
1.1
1.205
1.483
0.849
0.803
0.71
0.733
0.517
0.479
0.457
0.44
0.472
0.486
0.47
0.414
0.975
0.614
0.976
1.135
0.773
0.795
0.747
0.816
1.058
1.007
1.006
0.949
0.741
0.747
0.692
0.713
0.509
0.479
0.445
0.44
0.486
0.486
0.43
0.442
0.769
0.53
0.931
1.268
0.877
0.894
0.833
0.939
1.058
1.025
1.006
1.038
0.886
0.914
0.8
0.793
0.531
0.479
0.445
0.44
0.486
0.482
0.436
0.464
0.789
0.531
0.89
1.268
0.79
0.78
0.727
0.794
1.093
1.158
1.085
1.076
0.83
0.98
0.771
0.773
0.513
0.482
0.445
0.421
0.476
0.486
0.426
0.428
0.991
0.601
0.89
1.655
0.747
0.804
0.784
0.91
1.096
1.073
0.993
1.016
1.352
1.086
0.837
0.862
0.505
0.475
0.437
0.396
0.476
0.469
0.419
0.423
0.898
0.583
0.833
1.424
0.733
0.804
0.784
0.91
1.096
1.073
0.993
0.924
1.21
0.957
0.777
0.794
0.58
0.536
0.476
0.5
0.473
0.41
0.445
0.512
0.63
0.99
1.626
0.812
1.269
1.245
1.257
1.228
1.395
1.384
1.007
1.441
0.841
0.818
0.701
0.646
0.553
0.536
0.496
0.494
0.458
0.424
0.448
0.478
0.592
0.771
1.432
0.811
1.137
0.982
1.158
0.918
1.338
1.024
0.822
1.065
0.641
0.616
0.592
0.551
0.472
0.47
0.428
0.36
0.468
0.462
0.428
0.417
0.645
0.473
0.822
0.91
0.65
0.732
0.71
0.81
0.941
0.98
0.925
0.764
0.691
0.771
0.699
0.689
0.465
0.461
0.425
0.373
0.437
0.427
0.414
0.365
0.517
0.457
0.661
0.67
0.534
0.528
0.578
0.676
0.724
0.755
0.727
0.652
0.698
0.761
0.655
0.564
0.458
0.432
0.401
0.394
0.405
0.392
0.435
0.339
0.486
0.466
0.627
0.397
0.447
0.396
0.424
0.484
0.46
0.534
0.526
0.481
0.529
0.58
0.526
0.466
0.415
0.391
0.418
0.352
0.378
0.42
0.412
0.339
0.395
0.416
0.378
0.374
0.447
0.373
0.385
0.422
0.365
0.404
0.427
0.377
0.409
0.416
0.433
0.452
0.403
0.382
0.383
0.367
0.378
0.389
0.391
0.357
0.366
0.382
0.376
0.339
0.411
0.373
0.357
0.399
0.358
0.365
0.416
0.366
0.38
0.401
0.431
0.422
0.533
0.49
0.443
0.473
0.438
0.387
0.452
0.465
0.577
0.628
1.132
0.674
1.108
0.969
1.119
0.875
1.121
1.014
0.837
1.029
0.607
0.614
0.592
0.513
0.492
0.467
0.401
0.464
0.455
0.353
0.452
0.484
0.523
0.554
1.067
0.542
0.942
0.828
0.768
0.779
1.039
0.929
0.648
0.675
0.405
0.469
0.493
0.448
0.394
0.383
0.347
0.381
0.4
0.352
0.382
0.383
0.338
0.382
0.386
0.339
0.393
0.374
0.357
0.403
0.358
0.344
0.42
0.368
0.358
0.406
0.431
0.384
0.394
0.361
0.35
0.423
0.369
0.34
0.395
0.374
0.338
0.404
0.393
0.339
0.401
0.41
0.357
0.415
0.403
0.344
0.42
0.414
0.362
0.415
0.465
0.403
0.371
0.388
0.381
0.388
0.395
0.356
0.368
0.403
0.373
0.361
0.42
0.465
0.476
0.52
0.432
0.532
0.614
0.591
0.513
0.553
0.532
0.549
0.562
0.429
0.371
0.42
0.399
0.35
0.432
0.385
0.368
0.427
0.439
0.401
0.501
0.813
0.538
0.816
0.571
0.679
0.753
0.744
0.495
0.553
0.543
0.564
0.571
0.464
0.403
0.42
0.389
0.395
0.458
0.385
0.401
0.446
0.531
0.455
0.756
0.97
0.63
0.816
0.543
0.673
1.121
0.855
0.493
0.621
0.731
0.695
0.678
0.523
0.481
0.449
0.385
0.445
0.423
0.344
0.455
0.45
0.403
0.454
0.801
0.433
0.691
0.627
0.595
0.634
0.796
0.595
0.511
0.423
0.39
0.436
0.475
0.414
0.412
0.416
0.365
0.404
0.419
0.344
0.415
0.383
0.46
0.599
0.449
0.433
0.691
0.742
0.595
0.634
0.908
0.646
0.511
0.423
0.39
0.436
0.475
0.414
0.424
0.422
0.387
0.415
0.46
0.435
0.427
0.433
0.662
0.526
1.058
1.06
0.753
0.921
0.745
0.963
1.412
1.295
0.609
0.695
0.889
0.879
0.747
0.552
0.403
0.436
0.426
0.432
0.461
0.435
0.429
0.44
0.734
0.594
1.304
1.06
0.753
0.925
0.771
1.051
1.436
1.359
0.692
0.714
1.081
1.068
1.117
0.552
0.421
0.464
0.431
0.386
0.461
0.451
0.439
0.457
0.734
0.545
1.304
1.008
0.702
0.699
0.718
1.226
1.394
1.047
0.717
0.764
0.989
1.088
1.209
0.533
0.434
0.462
0.421
0.391
0.458
0.462
0.439
0.503
0.694
0.606
1.046
0.991
0.714
0.682
0.724
1.144
1.394
0.918
0.717
0.714
0.994
1.1
0.987
0.533
0.433
0.453
0.429
0.393
0.452
0.454
0.438
0.549
0.867
0.843
1.304
0.804
0.706
0.638
0.693
1.103
1.339
0.851
0.757
0.74
1.056
1.176
1.039
0.547
0.41
0.398
0.365
0.404
0.377
0.362
0.415
0.383
0.421
0.432
0.398
0.352
0.427
0.393
0.378
0.397
0.426
0.429
0.444
0.447
0.399
0.421
0.509
0.462
0.412
0.419
0.364
0.381
0.419
0.38
0.424
0.421
0.52
0.626
0.49
0.369
0.512
0.769
0.798
0.712
0.642
0.639
0.613
0.593
0.518
0.541
0.538
0.504
0.399
0.459
0.442
0.387
0.438
0.424
0.44
0.592
1.048
0.875
1.06
0.714
0.7
0.664
0.803
1.119
1.131
1.183
0.852
0.805
1.024
1.199
1.055
0.604
0.399
0.461
0.456
0.39
0.434
0.423
0.437
0.641
0.863
1.001
0.833
0.669
0.632
0.61
0.739
0.929
0.88
0.812
0.839
0.893
1.019
1.16
1.055
0.62
0.425
0.459
0.455
0.365
0.416
0.424
0.451
0.647
0.971
0.973
0.592
0.616
0.582
0.61
0.739
0.908
0.761
0.775
0.934
0.966
0.946
1.16
1.037
0.646
0.442
0.461
0.457
0.401
0.419
0.425
0.456
0.668
1.207
0.973
0.641
0.616
0.608
0.556
0.686
0.786
1.296
0.845
0.876
0.871
1.007
1.222
0.951
0.646
0.461
0.458
0.459
0.429
0.417
0.417
0.456
0.679
1.418
0.745
0.639
0.588
0.531
0.508
0.624
0.692
1.599
0.798
0.739
0.846
1.012
1.32
0.923
0.605
0.452
0.431
0.403
0.395
0.385
0.427
0.437
0.431
0.611
0.643
0.546
0.477
0.608
0.973
0.961
1.045
1.101
0.823
0.751
0.737
0.728
0.707
0.578
0.52
0.465
0.435
0.451
0.421
0.39
0.465
0.445
0.487
0.752
0.94
0.635
0.655
0.649
1.008
1.014
1.105
1.682
0.935
0.961
0.859
0.926
0.959
0.688
0.558
0.459
0.454
0.458
0.451
0.435
0.413
0.455
0.699
1.191
0.611
0.556
0.496
0.472
0.508
0.603
0.692
1.563
0.774
0.876
0.887
0.997
1.428
0.945
0.568
0.459
0.457
0.456
0.456
0.454
0.413
0.455
0.683
0.96
0.617
0.569
0.53
0.463
0.536
0.56
0.696
1.59
0.774
1.072
0.884
1.061
1.381
0.857
0.507
0.457
0.45
0.457
0.451
0.424
0.411
0.456
0.676
1.039
0.567
0.526
0.73
0.455
0.522
0.496
0.739
1.644
0.83
1.14
0.883
1.154
1.446
0.814
0.498
0.462
0.446
0.461
0.457
0.46
0.447
0.454
0.601
0.94
0.57
0.587
0.74
0.457
0.515
0.56
0.761
1.95
0.873
1.061
0.852
1.154
1.369
0.667
0.481
0.459
0.438
0.438
0.457
0.46
0.436
0.44
0.642
0.715
0.541
0.557
0.538
0.45
0.525
0.573
0.698
1.065
0.761
1.065
0.888
1.095
1.282
0.686
0.529
0.478
0.435
0.451
0.428
0.408
0.465
0.451
0.49
0.781
1.197
1.07
0.858
0.807
1.111
1.163
1.298
1.853
1.038
1.058
0.87
0.94
0.959
0.812
0.636
0.49
0.446
0.461
0.46
0.399
0.47
0.451
0.58
0.892
1.436
1.396
0.803
0.807
0.847
1.064
1.48
1.987
1.061
1.11
0.86
1.025
1.094
0.931
0.777
0.452
0.417
0.444
0.462
0.441
0.421
0.436
0.588
0.688
0.502
0.662
0.488
0.448
0.518
0.636
0.698
0.946
0.991
1.34
0.94
1.086
1.24
0.772
0.539
0.448
0.423
0.449
0.461
0.416
0.405
0.441
0.48
0.744
0.516
0.688
0.504
0.455
0.518
0.655
0.662
0.97
0.991
1.223
1.088
1.157
1.235
0.571
0.49
0.448
0.404
0.478
0.461
0.413
0.405
0.413
0.547
0.744
0.487
0.752
0.685
0.533
0.652
0.752
0.684
0.889
0.991
1.252
1.057
1.316
1.342
0.705
0.498
0.447
0.433
0.445
0.455
0.438
0.407
0.409
0.63
0.681
0.487
0.752
0.56
0.532
0.652
0.752
0.593
0.9
0.97
1.152
1.006
1.258
1.314
0.795
0.498
0.439
0.435
0.447
0.452
0.437
0.381
0.388
0.63
0.687
0.487
0.61
0.547
0.53
0.721
0.687
0.55
0.704
0.856
1.125
1.006
1.309
1.278
0.8
0.489
0.518
0.469
0.466
0.429
0.423
0.461
0.452
0.58
1.075
1.862
1.899
0.871
0.807
0.847
1.064
1.48
2.115
1.119
1.238
0.878
1.025
1.097
0.919
0.759
0.503
0.44
0.465
0.463
0.421
0.445
0.431
0.627
1.028
1.742
2.194
0.914
0.847
0.847
1.064
1.39
2.249
1.102
1.326
0.878
1.025
1.124
1.074
0.84
0.413
0.44
0.478
0.424
0.41
0.386
0.418
0.626
0.755
0.524
0.589
0.517
0.589
0.707
0.66
0.584
0.742
1.004
1.243
0.964
1.309
1.278
1.084
0.489
0.419
0.459
0.476
0.389
0.405
0.404
0.427
0.65
1.011
0.568
0.509
0.538
0.6
0.767
0.61
0.586
0.663
0.785
0.959
0.952
1.476
1.247
1.084
0.805
0.425
0.458
0.471
0.395
0.425
0.428
0.427
0.777
1.003
0.56
0.513
0.528
0.528
0.576
0.479
0.579
0.71
0.79
0.773
0.952
1.297
1.216
1.233
0.836
0.46
0.458
0.459
0.395
0.422
0.453
0.42
0.652
1.276
0.583
0.513
0.443
0.465
0.52
0.479
0.532
0.62
0.629
0.629
1.129
1.297
1.188
1.16
0.835
0.46
0.44
0.459
0.433
0.425
0.448
0.387
0.657
1.49
0.625
0.59
0.443
0.437
0.582
0.483
0.58
0.582
0.676
0.724
1.26
1.352
1.225
1.232
1.429
0.475
0.436
0.458
0.47
0.435
0.436
0.421
0.623
1.077
1.742
2.194
0.929
0.942
0.89
1.164
1.1
1.981
1.063
1.321
0.807
0.862
0.969
1.177
0.863
0.552
0.427
0.444
0.468
0.43
0.432
0.407
0.544
0.844
1.741
2.084
0.861
0.937
0.946
1.188
1.164
1.685
1.222
1.539
0.736
0.702
0.714
0.977
0.684
0.476
0.446
0.458
0.401
0.41
0.453
0.423
0.658
1.474
0.582
0.589
0.453
0.441
0.524
0.483
0.601
0.779
0.837
0.851
1.363
1.466
1.269
1.675
1.74
0.476
0.415
0.451
0.427
0.425
0.453
0.425
0.557
1.217
0.545
0.579
0.49
0.441
0.497
0.484
0.601
0.838
0.683
0.73
1.363
1.559
1.31
1.397
1.16
0.486
0.392
0.442
0.464
0.429
0.435
0.425
0.673
0.981
0.509
0.626
0.49
0.406
0.438
0.513
0.607
0.838
0.67
0.753
1.243
1.48
1.316
1.002
0.863
0.484
0.378
0.429
0.471
0.44
0.405
0.406
0.529
1.199
0.548
0.556
0.534
0.403
0.502
0.549
0.582
0.666
0.857
0.77
1.053
1.523
1.336
0.947
0.841
0.472
0.41
0.426
0.437
0.445
0.398
0.421
0.522
1.012
0.525
0.484
0.574
0.428
0.499
0.486
0.605
0.708
1.094
0.869
1.043
1.523
1.336
0.926
1.277
0.534
0.411
0.459
0.468
0.43
0.409
0.412
0.558
0.759
1.55
1.705
0.835
0.929
0.888
1.226
1.162
1.685
1.222
1.604
0.979
0.884
1.003
0.873
0.599
0.519
0.392
0.459
0.47
0.42
0.407
0.426
0.494
0.808
1.203
1.46
0.822
0.811
0.903
1.0
1.073
1.407
1.103
1.727
1.132
0.9
0.824
0.768
0.567
0.502
0.406
0.432
0.437
0.445
0.364
0.433
0.467
0.799
0.494
0.484
0.569
0.46
0.439
0.46
0.654
0.952
1.312
0.873
1.041
1.523
1.353
0.877
0.868
0.516
0.411
0.432
0.46
0.445
0.364
0.44
0.526
0.816
0.492
0.574
0.577
0.498
0.534
0.568
0.656
0.85
1.283
0.873
1.041
1.464
1.268
0.761
0.56
0.514
0.412
0.437
0.462
0.444
0.368
0.435
0.613
1.017
0.535
0.591
0.558
0.461
0.534
0.636
0.596
0.799
1.606
0.922
1.207
1.629
1.213
0.778
0.536
0.493
0.412
0.412
0.454
0.446
0.381
0.404
0.514
1.017
0.525
0.605
0.619
0.461
0.607
0.543
0.527
1.031
1.642
0.908
1.243
1.572
1.179
0.692
0.491
0.457
0.424
0.442
0.451
0.393
0.402
0.42
0.504
0.824
0.483
0.611
0.561
0.455
0.539
0.503
0.502
1.031
1.572
0.974
1.314
1.485
1.095
0.729
0.532
0.439
0.395
0.443
0.47
0.436
0.405
0.423
0.486
0.623
0.851
1.206
0.847
0.99
1.015
1.113
1.085
1.205
1.033
1.584
1.177
0.927
0.843
0.736
0.629
0.61
0.443
0.453
0.454
0.427
0.436
0.438
0.446
0.873
0.72
1.206
0.838
0.981
1.024
1.113
0.99
0.878
0.825
1.229
1.177
0.927
0.738
0.736
0.612
0.465
0.408
0.45
0.457
0.365
0.387
0.441
0.606
0.978
0.521
0.701
0.517
0.455
0.534
0.548
0.479
1.256
1.434
0.994
1.364
1.232
1.128
0.927
0.532
0.42
0.426
0.437
0.448
0.365
0.422
0.446
0.587
0.985
0.516
0.607
0.51
0.481
0.533
0.554
0.459
1.04
1.103
1.039
1.333
1.27
1.128
1.207
0.54
0.42
0.426
0.431
0.428
0.414
0.42
0.412
0.502
1.195
0.671
0.661
0.51
0.481
0.533
0.554
0.459
0.916
0.93
1.038
1.28
1.398
1.234
1.617
0.536
0.426
0.427
0.431
0.398
0.409
0.44
0.405
0.449
1.015
0.557
0.665
0.56
0.5
0.644
0.5
0.475
0.885
0.779
1.111
1.225
1.249
1.219
1.646
0.536
0.442
0.447
0.431
0.386
0.412
0.442
0.405
0.457
1.038
0.557
0.6
0.554
0.508
0.56
0.5
0.554
0.659
0.681
1.111
1.225
1.236
1.257
1.646
0.571
0.616
0.44
0.458
0.45
0.427
0.427
0.405
0.464
0.853
0.89
1.244
0.79
0.981
0.946
0.947
0.807
0.69
0.704
1.157
1.177
0.927
0.7
0.742
0.59
0.454
0.451
0.441
0.44
0.431
0.429
0.433
0.464
1.122
0.702
1.249
0.728
0.983
1.018
1.049
0.845
0.69
0.704
0.976
1.537
1.131
0.956
0.859
0.672
0.466
0.442
0.4
0.378
0.433
0.446
0.401
0.537
1.038
0.595
0.595
0.552
0.508
0.645
0.556
0.57
0.652
0.802
1.237
1.178
1.236
1.321
1.296
0.544
0.459
0.444
0.373
0.347
0.445
0.446
0.397
0.445
0.798
0.539
0.512
0.621
0.594
0.671
0.535
0.613
0.615
0.673
1.098
1.178
1.367
1.283
1.136
0.499
0.454
0.442
0.391
0.364
0.428
0.442
0.397
0.537
1.025
0.687
0.656
0.642
0.528
0.66
0.537
0.692
0.615
0.67
1.014
1.256
1.515
1.21
1.006
0.499
0.419
0.439
0.393
0.364
0.424
0.438
0.395
0.622
0.737
0.652
0.494
0.601
0.444
0.602
0.478
0.679
0.597
0.642
0.911
1.237
1.384
1.187
0.785
0.466
0.451
0.512
0.361
0.376
0.432
0.434
0.393
0.717
0.678
0.608
0.532
0.538
0.398
0.586
0.451
0.679
0.617
0.561
0.761
1.221
1.487
1.187
0.831
0.489
0.824
0.466
0.435
0.435
0.434
0.429
0.432
0.472
1.122
0.864
1.249
0.725
0.898
1.098
1.122
0.845
0.755
0.674
0.968
1.288
0.945
0.72
0.921
0.688
0.824
0.466
0.427
0.412
0.434
0.428
0.4
0.456
0.989
1.182
1.397
0.781
1.217
1.327
1.064
0.705
0.598
0.523
0.865
1.251
1.008
0.861
1.014
0.614
0.42
0.442
0.35
0.386
0.428
0.4
0.422
0.785
0.615
0.628
0.532
0.544
0.392
0.583
0.51
0.712
0.981
0.679
0.919
1.313
1.52
1.161
0.887
0.524
0.427
0.51
0.391
0.386
0.419
0.39
0.423
0.701
0.55
0.773
0.662
0.628
0.511
0.583
0.51
0.881
1.42
0.679
0.919
1.598
1.704
1.161
1.081
0.535
0.43
0.51
0.413
0.382
0.416
0.39
0.425
0.701
0.574
0.886
0.68
0.624
0.638
0.68
0.531
0.892
1.633
0.788
1.009
1.874
1.604
1.186
1.16
0.586
0.438
0.51
0.407
0.39
0.416
0.371
0.43
0.626
0.559
0.811
0.68
0.711
0.79
0.852
0.593
0.716
1.62
0.794
1.058
1.782
1.398
1.164
0.985
0.568
0.457
0.476
0.406
0.427
0.41
0.34
0.442
0.556
0.566
0.776
0.945
0.846
0.88
0.962
0.73
0.846
2.043
0.891
1.317
1.922
1.375
1.098
0.998
0.613
0.822
0.455
0.439
0.391
0.43
0.413
0.369
0.435
1.247
1.134
1.318
0.703
1.126
1.327
1.263
0.712
0.655
0.686
1.005
1.289
0.988
0.857
1.014
0.684
0.475
0.454
0.439
0.423
0.438
0.413
0.369
0.43
1.06
1.159
1.318
0.748
1.121
1.116
1.164
0.886
0.858
0.977
1.193
1.01
1.005
0.885
0.998
0.862
0.534
0.422
0.447
0.451
0.411
0.374
0.444
0.488
0.628
0.828
1.115
0.907
0.951
1.037
0.881
1.191
2.109
1.241
1.562
1.94
1.196
1.111
1.077
0.66
0.464
0.419
0.447
0.45
0.405
0.401
0.443
0.423
0.661
0.828
1.254
0.896
0.972
1.037
0.904
1.229
1.767
1.117
1.543
1.653
1.169
1.293
1.142
0.679
0.47
0.403
0.434
0.438
0.414
0.408
0.435
0.432
0.735
0.828
1.208
0.789
0.825
0.957
0.824
1.053
1.345
0.819
1.271
1.424
1.126
0.978
1.013
0.77
0.47
0.404
0.433
0.44
0.418
0.406
0.436
0.436
0.733
0.811
1.125
0.73
0.697
0.829
0.871
0.972
1.147
0.794
1.2
1.374
1.154
1.11
1.062
0.905
0.487
0.435
0.439
0.438
0.427
0.428
0.436
0.432
0.77
0.795
0.877
0.623
0.665
0.692
0.822
0.989
1.127
0.794
1.16
1.374
1.283
1.276
1.102
0.978
0.514
0.447
0.433
0.418
0.432
0.422
0.4
0.43
0.98
0.995
1.285
0.986
1.228
1.091
1.178
0.987
0.954
1.082
1.22
1.035
1.035
0.927
0.995
0.879
0.531
0.447
0.442
0.42
0.425
0.415
0.403
0.435
0.642
1.344
0.989
1.129
1.493
1.159
1.093
0.867
0.777
0.781
1.152
1.035
1.035
0.94
1.06
0.813
0.531
0.438
0.439
0.439
0.439
0.433
0.434
0.429
0.752
0.776
0.8
0.506
0.573
0.548
0.622
0.63
0.643
0.738
1.054
1.28
1.244
1.222
1.07
0.978
0.552
0.438
0.439
0.439
0.439
0.433
0.435
0.429
0.69
0.802
0.807
0.506
0.518
0.482
0.547
0.582
0.607
0.681
0.959
1.268
1.292
1.272
0.997
0.866
0.539
0.438
0.44
0.439
0.439
0.433
0.435
0.429
0.677
0.802
0.583
0.432
0.451
0.482
0.514
0.504
0.584
0.727
1.03
1.373
1.324
1.168
0.963
1.182
0.552
0.438
0.441
0.436
0.438
0.429
0.437
0.427
0.618
0.801
0.585
0.431
0.449
0.483
0.514
0.504
0.584
0.715
1.043
1.371
1.41
1.318
1.115
1.152
0.511
0.436
0.441
0.432
0.434
0.426
0.432
0.437
0.655
0.759
0.584
0.428
0.449
0.485
0.514
0.489
0.56
0.671
1.029
1.46
1.41
1.318
1.115
0.93
0.535
0.457
0.443
0.418
0.435
0.434
0.4
0.434
0.563
1.044
0.996
1.594
1.936
1.213
0.929
0.917
0.829
0.872
1.143
1.262
1.081
0.98
0.99
0.969
0.557
0.477
0.44
0.435
0.437
0.432
0.422
0.435
0.431
0.753
1.13
1.611
1.912
1.213
1.252
1.131
1.042
1.172
1.242
1.272
1.188
0.982
1.034
1.13
0.693
0.452
0.445
0.438
0.443
0.436
0.438
0.478
0.708
0.765
0.594
0.427
0.43
0.451
0.497
0.547
0.576
1.025
1.484
1.806
1.471
1.339
1.248
1.159
0.636
0.46
0.45
0.448
0.445
0.445
0.447
0.485
0.662
1.011
0.771
0.484
0.437
0.463
0.509
0.561
0.562
1.048
1.516
1.791
1.564
1.487
1.327
1.186
0.502
0.442
0.439
0.435
0.433
0.429
0.433
0.469
0.807
1.256
0.573
0.448
0.437
0.576
0.567
0.564
0.605
1.406
1.653
2.066
1.68
1.477
1.349
1.189
0.5
0.442
0.438
0.432
0.434
0.433
0.435
0.467
0.763
1.57
0.568
0.449
0.435
0.442
0.518
0.549
0.581
1.343
1.269
1.755
1.68
1.451
1.707
0.959
0.515
0.442
0.433
0.431
0.432
0.433
0.432
0.467
0.778
1.541
0.565
0.448
0.435
0.439
0.518
0.618
0.588
1.666
1.3
1.742
1.808
1.653
1.673
1.214
0.928
0.511
0.448
0.442
0.437
0.432
0.428
0.432
0.424
0.753
1.163
1.611
1.922
1.213
0.929
1.173
1.139
1.189
1.235
1.322
1.237
0.991
1.034
1.142
0.689
0.584
0.442
0.435
0.431
0.423
0.421
0.426
0.424
0.75
0.784
1.908
2.055
1.275
0.942
1.199
1.184
1.213
1.32
1.727
1.329
1.064
1.107
1.142
0.738
0.44
0.43
0.43
0.427
0.43
0.43
0.417
0.74
1.541
0.563
0.448
0.432
0.43
0.434
0.597
0.615
1.666
1.3
1.53
1.663
1.524
1.273
1.157
0.966
0.438
0.43
0.425
0.427
0.427
0.43
0.417
0.641
1.298
0.553
0.458
0.441
0.439
0.439
0.513
0.54
1.318
1.227
1.253
1.525
1.711
1.193
1.332
0.814
0.438
0.431
0.425
0.427
0.427
0.438
0.418
0.64
1.088
0.447
0.452
0.444
0.445
0.442
0.519
0.525
1.363
1.247
1.442
1.387
1.264
1.085
1.401
0.862
0.432
0.432
0.427
0.425
0.429
0.436
0.419
0.639
1.108
0.447
0.428
0.427
0.424
0.426
0.452
0.482
1.374
1.322
1.43
1.243
1.625
1.119
1.414
0.862
0.431
0.427
0.43
0.426
0.428
0.433
0.421
0.68
0.821
0.452
0.425
0.422
0.429
0.427
0.452
0.482
1.683
1.403
1.496
1.356
1.923
1.067
1.414
0.843
0.584
0.438
0.432
0.43
0.421
0.418
0.42
0.424
0.793
1.005
1.783
2.003
1.358
0.982
1.128
1.124
1.127
1.32
1.727
1.329
1.064
1.008
1.142
0.738
0.581
0.437
0.43
0.429
0.428
0.421
0.421
0.423
0.75
1.445
1.706
2.003
1.253
1.245
1.367
1.415
1.566
1.609
1.473
1.042
1.029
0.995
1.176
0.701
0.431
0.43
0.433
0.431
0.43
0.436
0.423
0.771
1.082
0.47
0.424
0.423
0.429
0.428
0.429
0.518
1.736
1.954
1.573
1.356
2.123
1.095
1.033
0.714
0.437
0.438
0.451
0.45
0.45
0.566
0.442
0.689
1.157
0.513
0.448
0.443
0.452
0.448
0.452
0.508
1.736
1.954
1.756
2.108
2.685
1.171
1.045
0.637
0.432
0.427
0.44
0.439
0.439
0.529
0.449
0.686
1.167
0.568
0.476
0.452
0.525
0.475
0.485
0.549
1.749
1.934
1.843
2.166
2.349
1.214
1.045
0.538
0.425
0.417
0.422
0.419
0.414
0.544
0.471
0.71
1.09
0.6
0.577
0.514
0.633
0.554
0.541
0.61
2.312
2.528
2.047
2.641
2.37
1.29
1.059
0.551
0.425
0.399
0.418
0.42
0.409
0.541
0.536
0.635
0.843
0.636
0.703
0.563
0.709
0.652
0.651
0.723
2.35
2.576
1.99
2.8
2.019
1.252
1.078
0.554
0.566
0.441
0.435
0.429
0.429
0.427
0.421
0.427
0.749
1.475
1.706
2.003
1.381
1.519
1.418
1.303
1.592
1.794
1.411
1.056
1.033
1.007
1.221
0.872
0.533
0.437
0.427
0.422
0.43
0.428
0.425
0.479
0.748
1.207
2.182
2.118
1.527
1.295
1.327
1.169
1.481
1.77
1.415
0.98
1.074
1.061
1.359
1.373
0.417
0.397
0.39
0.408
0.412
0.644
0.548
0.613
0.814
0.636
0.814
0.702
0.869
0.783
0.72
0.794
1.753
2.475
1.862
2.772
2.192
1.327
1.147
0.68
0.424
0.402
0.403
0.415
0.419
0.711
0.605
0.581
0.806
0.629
0.844
0.738
0.869
0.783
0.72
0.777
1.36
2.126
1.894
2.275
1.935
1.402
1.162
0.554
0.422
0.39
0.39
0.402
0.409
0.61
0.579
0.543
0.806
0.544
0.844
0.738
0.828
0.772
0.68
0.771
1.918
2.317
1.987
2.275
1.935
1.46
1.256
0.563
0.416
0.379
0.38
0.408
0.413
0.545
0.64
0.517
0.838
0.549
0.773
0.748
0.923
0.894
0.724
0.752
2.738
3.387
2.923
3.314
2.943
1.581
1.266
0.528
0.418
0.393
0.4
0.409
0.413
0.563
0.629
0.466
0.929
0.521
0.646
0.673
0.786
0.903
0.611
0.635
1.908
2.455
1.988
2.868
2.943
1.545
1.222
0.519
0.533
0.421
0.419
0.414
0.435
0.421
0.427
0.476
0.733
1.243
2.169
2.118
1.88
1.686
1.515
1.236
1.357
1.607
1.249
0.898
1.039
1.037
1.304
1.45
0.467
0.425
0.428
0.422
0.435
0.421
0.429
0.432
0.798
1.243
1.625
1.872
1.649
1.608
1.253
0.944
0.945
1.357
1.249
0.898
1.039
1.075
1.466
1.455
0.418
0.403
0.398
0.398
0.417
0.563
0.558
0.47
0.928
0.443
0.532
0.623
0.708
0.821
0.516
0.635
1.372
1.81
2.221
2.763
2.98
1.702
1.327
0.631
0.426
0.411
0.406
0.409
0.416
0.494
0.548
0.455
1.009
0.487
0.48
0.549
0.47
0.621
0.459
0.548
1.462
1.81
2.27
2.822
2.696
1.81
1.238
0.498
0.423
0.411
0.403
0.409
0.416
0.439
0.463
0.499
1.053
0.545
0.431
0.491
0.428
0.6
0.517
0.679
1.7
1.744
2.462
2.768
2.669
1.849
1.128
0.492
0.427
0.421
0.403
0.412
0.422
0.446
0.473
0.519
1.069
0.554
0.439
0.545
0.463
0.634
0.517
0.679
1.162
1.653
2.269
1.775
1.833
1.824
1.101
0.499
0.43
0.427
0.412
0.42
0.426
0.422
0.415
0.541
1.07
0.511
0.439
0.481
0.463
0.544
0.517
0.885
1.043
1.588
2.051
1.666
1.64
1.657
1.169
0.668
0.472
0.438
0.435
0.428
0.446
0.389
0.429
0.448
0.752
1.165
1.421
2.191
1.958
1.545
1.242
0.936
0.945
1.357
1.249
0.891
1.033
1.151
1.466
1.455
0.462
0.439
0.44
0.427
0.437
0.389
0.424
0.448
0.776
1.165
1.541
2.146
2.037
1.612
1.015
0.735
0.945
1.357
1.304
1.185
1.432
1.392
1.725
1.431
0.431
0.43
0.418
0.42
0.426
0.422
0.415
0.61
1.337
0.685
0.528
0.481
0.517
0.544
0.544
0.959
1.072
1.615
2.075
1.775
1.833
1.837
1.274
0.849
0.431
0.432
0.421
0.42
0.425
0.471
0.424
0.575
1.337
0.722
0.749
0.542
0.581
0.558
0.559
0.715
0.973
1.567
2.105
1.981
1.912
1.893
1.22
0.615
0.428
0.432
0.421
0.415
0.418
0.471
0.417
0.55
1.313
0.694
1.306
1.037
0.73
0.649
0.625
0.963
1.126
1.637
2.229
2.217
2.113
2.026
1.484
0.817
0.431
0.441
0.426
0.415
0.418
0.579
0.486
0.55
1.121
0.679
1.546
1.261
0.895
0.859
0.887
1.064
1.375
2.13
2.229
2.405
2.112
2.086
1.701
1.051
0.546
0.552
0.54
0.527
0.534
0.792
0.611
0.644
1.197
0.827
2.036
2.084
1.033
1.485
1.901
1.779
1.375
2.237
2.335
2.669
1.989
2.033
1.823
1.348
0.462
0.434
0.434
0.423
0.43
0.38
0.421
0.44
0.75
1.258
1.111
1.675
1.759
1.379
0.869
0.862
1.097
1.388
1.33
1.242
1.493
1.462
1.479
0.73
0.876
0.447
0.44
0.432
0.438
0.478
0.421
0.44
1.168
1.547
1.111
1.295
1.663
1.206
0.845
0.843
0.989
1.139
1.164
1.193
1.422
1.346
1.442
0.73
0.661
0.67
0.657
0.636
0.653
0.914
0.724
0.738
1.349
0.964
2.043
2.287
1.158
1.676
2.171
2.139
1.679
2.463
2.455
2.669
2.171
2.232
1.985
1.59
0.817
0.682
0.659
0.644
0.656
0.877
0.665
0.662
1.188
0.964
2.099
2.859
1.925
2.766
3.233
2.577
2.059
2.59
2.497
2.508
2.158
2.232
2.022
1.412
0.846
0.681
0.659
0.643
0.67
0.781
0.671
0.659
1.174
1.09
1.755
2.58
1.969
2.839
3.233
2.613
2.518
2.792
2.497
2.298
2.143
2.237
2.119
1.416
0.846
0.686
0.67
0.66
0.682
0.781
0.679
0.663
1.289
1.09
1.293
1.931
1.532
1.992
2.463
2.152
2.317
2.376
2.346
2.056
1.927
2.03
2.044
1.297
0.745
0.578
0.568
0.557
0.566
0.574
0.554
0.649
1.116
0.989
1.378
1.949
1.531
1.992
2.332
2.152
1.845
2.173
2.105
1.819
1.751
1.869
1.883
1.035
