0.0
0.0
0.0
0.0
0.0
0.0
0.0
0.0
0.0
0.0
0.0
0.0
0.0
0.0
0.0
0.0
0.0
0.0
0.0
0.0
0.0
0.0
0.0
0.0
0.0
0.0
0.0
0.0
0.0
0.0
0.0
0.0
0.0
0.0
0.0
0.0
0.0
0.0
0.0
0.0
0.0
0.0
0.0
0.0
0.0
0.0
0.0
0.0
0.0
0.0
0.0
0.0
0.0
0.0
0.0
0.0
0.0
0.0
0.0
0.0
0.0
0.0
0.0
0.0
0.0
0.0
0.0
0.0
0.0
0.0
0.0
0.0
0.0
0.0
0.0
0.0
0.0
0.0
0.0
0.0
0.0
0.0
0.0
0.0
0.0
0.0
0.0
0.0
0.0
0.0
0.0
0.0
0.0
0.0
0.0
0.0
0.0
0.0
0.0
0.0
0.0
0.0
0.0
0.0
0.0
0.0
0.0
0.0
0.0
0.0
0.0
0.0
0.0
0.0
0.0
0.0
0.0
0.0
0.0
0.0
0.0
0.0
0.0
0.0
0.0
0.0
0.0
0.0
0.0
0.0
0.0
0.0
0.0
0.0
0.0
0.0
0.0
0.0
0.0
0.0
0.0
0.0
0.0
0.0
0.0
0.0
0.0
0.0
0.0
0.0
0.0
0.0
0.0
0.0
0.0
0.0
0.0
0.0
0.0
0.0
0.0
0.0
0.0
0.0
0.0
0.0
0.0
0.0
0.0
0.0
0.0
0.0
0.0
0.0
0.0
0.0
0.0
0.0
0.0
0.0
0.0
0.0
0.0
0.0
0.0
0.0
0.0
0.0
0.0
0.0
0.0
0.0
0.0
0.0
0.0
0.0
0.0
0.0
0.0
0.0
0.0
0.0
0.0
0.0
0.0
0.0
0.0
0.0
0.0
0.0
0.0
0.0
0.0
0.0
0.0
0.0
0.0
0.0
0.0
0.0
0.0
0.0
0.0
0.0
0.0
0.0
0.0
0.0
0.0
0.0
0.0
0.0
0.0
0.0
0.0
0.0
0.0
0.0
0.0
0.0
0.0
0.0
0.0
0.0
0.0
0.0
0.0
0.0
0.0
0.0
0.0
0.0
0.0
0.0
0.0
0.0
0.0
0.0
0.0
0.0
0.0
0.0
0.0
0.0
0.0
0.0
0.0
0.0
0.0
0.0
0.0
0.0
0.0
0.0
0.0
0.0
0.0
0.0
0.0
0.0
0.0
0.0
0.0
0.0
0.0
0.0
0.0
0.0
0.0
0.0
0.0
0.0
0.0
0.0
0.0
0.0
0.0
0.0
0.0
0.0
0.0
0.0
0.0
0.0
0.0
0.0
0.0
0.0
0.0
0.0
0.0
0.0
0.0
0.0
0.0
0.0
0.0
0.0
0.0
0.0
0.0
0.0
0.0
0.0
0.0
0.0
0.0
0.0
0.0
0.0
0.0
0.0
0.0
0.0
0.0
0.0
0.0
0.0
0.0
0.0
0.0
0.0
0.0
0.0
0.0
0.0
0.0
0.0
0.0
0.0
0.0
0.0
0.0
0.0
0.0
0.0
0.0
0.0
0.0
0.0
0.0
0.0
0.0
0.0
0.0
0.0
0.0
0.0
0.0
0.0
0.0
0.0
0.0
0.0
0.0
0.0
0.0
0.0
0.0
0.0
0.0
0.0
0.0
0.0
0.0
0.0
0.0
0.0
0.0
0.0
0.0
0.0
0.0
0.0
0.0
0.0
0.0
0.0
0.0
0.0
0.0
0.0
0.0
0.0
0.0
0.0
0.0
0.0
0.0
0.0
0.0
0.0
0.0
0.0
0.0
0.0
0.0
0.0
0.0
0.0
0.0
0.0
0.0
0.0
0.0
0.0
0.0
0.0
0.0
0.0
0.0
0.0
0.0
0.0
0.0
0.0
0.0
0.0
0.0
0.0
0.0
0.0
0.0
0.0
0.0
0.0
0.0
0.0
0.0
0.0
0.0
0.0
0.0
0.0
0.0
0.0
0.0
0.0
0.0
0.0
0.0
0.0
0.0
0.0
0.0
0.0
0.0
0.0
0.0
0.0
0.0
0.0
0.0
0.0
0.0
0.0
0.0
0.0
0.0
0.0
0.0
0.0
0.0
0.0
0.0
0.0
0.0
0.0
0.0
0.0
0.0
0.0
0.0
0.0
0.0
0.0
0.0
0.0
0.0
0.0
0.0
0.0
0.0
0.0
0.0
0.169
0.122
0.218
0.284
0.133
0.154
0.167
0.14
0.147
0.172
0.162
0.143
0.187
0.16
0.134
0.178
0.149
0.132
0.18
0.157
0.155
0.177
0.153
0.148
0.173
0.131
0.222
0.293
0.14
0.158
0.169
0.162
0.163
0.172
0.171
0.153
0.187
0.163
0.144
0.179
0.173
0.201
0.244
0.219
0.218
0.242
0.216
0.169
0.182
0.155
0.248
0.293
0.166
0.182
0.171
0.221
0.225
0.245
0.243
0.246
0.259
0.226
0.205
0.251
0.227
0.271
0.326
0.282
0.286
0.334
0.271
0.232
0.266
0.198
0.305
0.38
0.207
0.244
0.253
0.28
0.3
0.348
0.291
0.32
0.344
0.287
0.259
0.342
0.287
0.325
0.417
0.347
0.331
0.422
0.338
0.162
0.156
0.135
0.197
0.225
0.139
0.167
0.138
0.169
0.178
0.158
0.161
0.156
0.189
0.155
0.143
0.161
0.14
0.149
0.16
0.139
0.16
0.155
0.137
0.183
0.163
0.149
0.255
0.264
0.162
0.191
0.138
0.195
0.223
0.158
0.2
0.175
0.199
0.184
0.164
0.168
0.152
0.171
0.163
0.149
0.179
0.166
0.137
0.275
0.358
0.269
0.344
0.436
0.271
0.288
0.329
0.361
0.383
0.421
0.368
0.381
0.402
0.361
0.323
0.391
0.358
0.388
0.466
0.406
0.385
0.473
0.406
0.326
0.421
0.336
0.377
0.442
0.326
0.342
0.402
0.417
0.431
0.497
0.419
0.428
0.476
0.41
0.378
0.459
0.394
0.389
0.482
0.406
0.386
0.488
0.406
0.373
0.477
0.391
0.381
0.47
0.381
0.375
0.464
0.417
0.434
0.508
0.428
0.46
0.51
0.41
0.385
0.462
0.395
0.389
0.466
0.391
0.386
0.465
0.389
0.384
0.477
0.394
0.426
0.513
0.387
0.386
0.464
0.403
0.421
0.476
0.426
0.457
0.498
0.42
0.393
0.445
0.403
0.395
0.452
0.407
0.386
0.444
0.406
0.385
0.46
0.402
0.428
0.503
0.39
0.389
0.449
0.423
0.422
0.455
0.426
0.424
0.454
0.425
0.391
0.439
0.407
0.388
0.441
0.407
0.379
0.437
0.4
0.241
0.217
0.219
0.288
0.268
0.221
0.246
0.198
0.252
0.285
0.215
0.252
0.222
0.258
0.226
0.219
0.236
0.21
0.223
0.226
0.209
0.232
0.228
0.196
0.282
0.289
0.281
0.325
0.339
0.29
0.283
0.264
0.304
0.307
0.283
0.322
0.27
0.302
0.301
0.262
0.31
0.275
0.261
0.303
0.271
0.272
0.306
0.261
0.378
0.455
0.403
0.387
0.463
0.388
0.381
0.449
0.409
0.401
0.445
0.439
0.409
0.443
0.422
0.388
0.435
0.411
0.384
0.434
0.406
0.376
0.433
0.421
0.386
0.445
0.393
0.395
0.449
0.383
0.389
0.447
0.39
0.391
0.44
0.43
0.427
0.454
0.406
0.392
0.444
0.402
0.393
0.439
0.392
0.39
0.437
0.407
0.405
0.436
0.393
0.437
0.491
0.384
0.406
0.441
0.385
0.405
0.43
0.425
0.444
0.44
0.401
0.405
0.435
0.408
0.406
0.428
0.392
0.409
0.423
0.412
0.426
0.418
0.396
0.456
0.476
0.384
0.427
0.422
0.384
0.401
0.413
0.408
0.415
0.415
0.398
0.391
0.423
0.408
0.393
0.417
0.389
0.388
0.414
0.412
0.402
0.418
0.393
0.415
0.424
0.378
0.406
0.422
0.336
0.367
0.36
0.345
0.371
0.368
0.339
0.355
0.373
0.346
0.361
0.368
0.326
0.363
0.371
0.339
0.32
0.371
0.341
0.38
0.416
0.353
0.329
0.331
0.359
0.342
0.349
0.38
0.327
0.37
0.361
0.32
0.373
0.338
0.31
0.367
0.334
0.327
0.366
0.322
0.344
0.371
0.351
0.401
0.423
0.354
0.34
0.36
0.359
0.383
0.413
0.385
0.35
0.406
0.361
0.333
0.384
0.338
0.315
0.384
0.334
0.333
0.387
0.332
0.384
0.364
0.339
0.422
0.422
0.327
0.381
0.369
0.284
0.343
0.321
0.302
0.352
0.315
0.285
0.333
0.308
0.29
0.34
0.303
0.274
0.339
0.308
0.292
0.364
0.313
0.302
0.412
0.446
0.305
0.36
0.312
0.263
0.318
0.269
0.287
0.326
0.259
0.269
0.304
0.239
0.258
0.314
0.238
0.24
0.31
0.249
0.247
0.319
0.257
0.258
0.382
0.394
0.26
0.324
0.256
0.221
0.304
0.24
0.261
0.315
0.207
0.225
0.274
0.181
0.26
0.325
0.238
0.24
0.318
0.249
0.25
0.323
0.257
0.212
0.344
0.334
0.222
0.27
0.245
0.206
0.304
0.24
0.261
0.315
0.207
0.225
0.274
0.181
0.272
0.577
0.583
0.247
0.299
0.472
0.49
0.57
0.301
0.212
0.344
0.336
0.199
0.26
0.229
0.202
0.43
0.434
0.637
0.876
0.541
0.4
0.576
0.314
0.416
0.906
1.153
0.833
0.791
0.994
0.976
0.344
0.388
0.351
0.401
0.44
0.357
0.34
0.36
0.354
0.383
0.413
0.385
0.35
0.406
0.366
0.336
0.384
0.354
0.315
0.384
0.354
0.333
0.387
0.355
0.347
0.405
0.315
0.354
0.396
0.354
0.294
0.332
0.292
0.394
0.443
0.385
0.35
0.424
0.366
0.343
0.406
0.354
0.327
0.406
0.354
0.346
0.414
0.355
1.014
0.515
0.22
0.356
0.356
0.204
0.239
0.229
0.228
0.601
0.703
1.184
1.241
0.714
0.652
0.917
0.596
0.571
1.794
2.095
1.534
1.302
1.422
1.343
1.277
0.659
0.223
0.324
0.334
0.223
0.217
0.229
0.256
0.664
0.699
1.221
1.275
0.885
0.8
1.047
0.765
0.966
2.251
2.86
1.873
1.707
2.108
1.91
1.66
0.678
0.229
0.306
0.282
0.223
0.215
0.24
0.441
0.876
0.778
1.334
1.632
1.051
0.951
1.207
0.992
1.065
2.571
2.86
2.103
2.326
2.353
2.024
1.66
0.678
0.244
0.326
0.334
0.236
0.205
0.276
0.691
0.876
0.761
1.334
1.632
1.051
0.951
1.207
1.013
1.599
2.974
2.64
2.317
2.345
2.361
1.813
1.427
0.486
0.264
0.332
0.303
0.235
0.199
0.392
0.944
0.748
0.584
0.979
1.311
0.863
0.717
0.896
0.862
2.114
3.165
2.474
2.317
2.664
2.48
1.813
0.632
0.64
0.305
0.331
0.358
0.326
0.255
0.291
0.28
0.352
0.588
0.789
0.48
0.507
0.495
0.581
0.542
0.908
0.748
0.499
0.547
0.895
0.799
0.734
0.967
0.857
0.305
0.331
0.357
0.281
0.215
0.275
0.28
0.49
0.522
0.744
0.457
0.641
0.608
0.823
0.79
1.245
1.562
0.963
0.99
1.406
1.276
1.149
1.357
0.493
0.253
0.312
0.245
0.253
0.199
0.48
1.059
0.563
0.343
0.421
0.924
0.863
0.811
0.99
1.123
2.116
2.737
2.055
2.395
2.632
2.353
1.846
1.348
0.413
0.253
0.28
0.224
0.263
0.217
0.615
1.097
0.625
0.343
0.303
0.556
0.717
0.567
0.54
0.87
1.995
2.737
1.545
2.47
2.839
2.458
1.892
1.286
0.368
0.268
0.292
0.295
0.253
0.249
0.615
1.097
0.561
0.355
0.244
0.5
0.56
0.487
0.402
0.79
1.763
3.125
1.545
2.969
3.079
2.458
1.75
1.084
0.364
0.256
0.304
0.302
0.238
0.247
0.731
1.112
0.268
0.299
0.244
0.265
0.409
0.323
0.258
0.7
2.11
2.925
1.905
3.185
2.943
2.5
1.78
1.007
0.351
0.252
0.282
0.2
0.228
0.258
0.606
1.113
0.294
0.355
0.331
0.295
0.43
0.334
0.35
0.94
1.906
3.887
2.625
2.869
3.176
2.5
1.736
1.365
1.212
0.553
0.29
0.33
0.26
0.196
0.233
0.248
0.451
0.817
1.416
0.576
0.898
0.962
1.006
0.968
1.875
2.394
1.928
1.746
2.073
1.731
1.503
1.702
1.271
0.572
0.282
0.398
0.265
0.193
0.251
0.554
0.547
0.911
1.704
0.796
1.104
1.361
1.301
1.291
2.033
3.016
2.173
2.075
2.4
2.063
1.906
1.058
0.373
0.252
0.284
0.287
0.228
0.275
0.49
1.067
0.332
0.451
0.418
0.295
0.725
0.587
0.922
1.279
1.794
3.53
2.666
3.459
3.105
2.534
1.917
0.977
0.342
0.25
0.326
0.379
0.227
0.255
0.512
1.245
0.332
0.431
0.432
0.305
0.307
0.333
0.353
0.97
2.012
3.875
2.508
3.592
3.513
2.7
1.773
0.977
0.309
0.251
0.326
0.382
0.227
0.24
0.384
1.478
0.323
0.336
0.414
0.287
0.317
0.343
0.353
0.891
2.012
3.984
2.508
3.001
2.907
2.64
1.645
0.902
0.289
0.255
0.296
0.294
0.224
0.24
0.615
1.384
0.319
0.378
0.414
0.297
0.317
0.302
0.341
0.936
1.958
2.949
2.389
2.873
2.766
2.567
1.563
0.815
0.27
0.263
0.311
0.363
0.22
0.27
0.505
1.429
0.307
0.361
0.344
0.433
0.325
0.525
1.233
1.672
2.128
3.498
2.56
3.616
3.395
2.72
1.626
1.85
1.503
0.572
0.306
0.395
0.265
0.199
0.246
0.598
0.658
1.132
2.552
1.958
1.182
1.81
1.301
1.44
2.033
3.016
3.176
2.517
2.688
2.289
2.068
1.946
1.405
0.678
0.399
0.479
0.265
0.203
0.289
0.862
0.651
1.106
2.517
3.335
1.913
1.998
1.513
1.572
2.477
3.752
4.273
3.0
2.876
2.564
2.188
0.909
0.266
0.272
0.303
0.363
0.225
0.283
0.751
1.627
0.314
0.297
0.267
0.406
0.815
1.187
1.532
1.439
1.955
3.241
2.5
3.818
3.569
2.953
1.976
0.79
0.248
0.266
0.28
0.286
0.229
0.271
0.92
1.748
0.263
0.24
0.261
0.267
0.292
0.518
0.62
0.624
1.791
3.533
2.493
3.353
3.71
2.945
1.929
0.837
0.248
0.289
0.237
0.216
0.218
0.298
0.82
1.572
0.319
0.282
0.27
0.235
0.277
0.518
0.636
0.599
1.197
3.78
2.72
3.062
3.196
2.809
1.973
0.82
0.247
0.289
0.274
0.282
0.218
0.299
1.151
1.492
0.286
0.287
0.269
0.241
0.304
0.49
0.636
0.605
1.552
3.487
2.731
3.062
3.196
2.809
2.131
0.875
0.252
0.28
0.273
0.285
0.213
0.297
0.913
1.568
0.582
0.705
0.318
0.228
0.297
0.482
0.652
0.637
1.318
3.798
2.259
2.81
3.214
2.719
2.25
2.072
1.862
0.987
0.478
0.577
0.373
0.317
0.384
1.251
0.837
1.106
2.938
4.192
2.309
1.909
1.443
1.516
2.495
3.352
3.525
3.08
2.832
2.718
2.257
2.048
1.68
0.709
0.391
0.606
0.409
0.322
0.353
1.168
0.737
1.106
2.938
4.68
2.781
1.909
1.446
1.383
2.346
3.197
4.05
3.189
3.007
2.669
2.095
0.98
0.258
0.272
0.237
0.243
0.222
0.26
1.138
1.708
0.591
0.69
0.303
0.228
0.58
0.417
0.624
0.637
1.318
3.965
1.975
2.598
2.891
2.459
2.113
0.972
0.258
0.247
0.275
0.264
0.218
0.24
0.93
1.708
1.007
0.947
0.278
0.251
0.275
0.256
0.263
0.515
1.685
4.541
1.73
2.217
2.762
2.407
1.994
1.045
0.271
0.231
0.294
0.36
0.223
0.243
0.98
1.708
1.017
0.952
0.264
0.249
0.335
0.256
0.317
0.578
1.752
4.334
2.02
2.102
2.638
2.425
1.941
1.076
0.271
0.231
0.297
0.36
0.227
0.243
0.882
1.708
1.017
0.767
0.253
0.264
0.335
0.287
0.368
0.597
2.002
4.005
1.73
1.894
2.513
2.291
1.889
1.051
0.315
0.248
0.274
0.268
0.244
0.25
0.856
1.663
1.039
0.788
0.28
0.255
0.287
0.287
0.386
0.597
1.509
4.13
2.072
1.916
2.638
2.332
1.951
1.931
1.115
0.605
0.5
0.587
0.443
0.349
0.365
1.168
0.737
0.954
2.514
3.377
2.558
1.814
1.357
1.342
1.413
2.842
4.253
2.866
2.59
3.118
2.359
2.012
1.127
0.605
0.5
0.432
0.457
0.349
0.341
0.758
0.839
0.962
2.963
3.333
2.953
1.814
1.36
1.29
1.394
2.67
5.001
3.196
2.714
3.61
2.758
1.046
0.3
0.226
0.332
0.33
0.251
0.221
0.83
1.59
0.734
0.502
0.24
0.285
0.517
0.44
0.729
0.838
1.513
3.834
2.089
1.88
2.411
2.3
1.992
1.043
0.32
0.239
0.396
0.393
0.236
0.231
0.823
1.592
0.729
0.51
0.282
0.296
0.31
0.273
0.525
0.593
1.513
3.273
2.058
1.835
2.484
2.399
2.073
0.983
0.367
0.26
0.363
0.374
0.24
0.249
0.689
1.592
0.257
0.282
0.282
0.262
0.308
0.284
0.525
0.643
1.125
3.273
2.263
1.985
2.327
2.542
2.078
0.928
0.376
0.288
0.304
0.282
0.232
0.261
0.562
1.609
0.238
0.282
0.291
0.248
0.245
0.27
0.464
0.573
1.374
2.822
1.919
1.922
2.249
2.422
2.027
0.928
0.336
0.264
0.335
0.369
0.25
0.241
0.578
1.66
0.238
0.282
0.269
0.262
0.271
0.245
0.396
0.534
1.356
2.976
1.954
2.016
2.333
2.605
2.015
2.015
1.113
0.666
0.502
0.421
0.457
0.351
0.365
0.716
0.729
0.758
1.956
2.931
3.236
1.767
1.653
1.131
1.623
2.858
5.031
3.087
2.95
3.485
2.421
1.87
1.101
0.541
0.402
0.342
0.341
0.243
0.27
0.632
0.722
0.722
1.735
2.088
2.953
1.634
1.653
1.131
1.336
2.466
5.416
3.087
2.788
3.024
2.294
0.916
0.336
0.259
0.337
0.391
0.25
0.254
0.488
1.866
0.227
0.275
0.246
0.271
0.504
0.536
0.776
0.534
1.356
3.117
1.954
2.073
2.182
2.508
1.806
0.981
0.348
0.265
0.269
0.366
0.246
0.261
0.475
1.897
0.239
0.275
0.264
0.273
0.33
0.257
0.457
0.519
1.8
3.688
2.533
2.235
2.465
2.497
1.664
0.975
0.375
0.279
0.237
0.285
0.249
0.285
0.475
1.855
0.242
0.303
0.245
0.257
0.305
0.278
0.31
0.519
1.375
3.948
2.804
2.434
2.465
2.415
1.661
1.042
0.35
0.272
0.271
0.367
0.248
0.28
0.557
1.763
0.239
0.299
0.264
0.265
0.303
0.268
0.339
0.472
1.531
3.524
2.816
2.311
2.471
2.3
1.724
1.06
0.355
0.272
0.287
0.389
0.253
0.288
0.55
1.768
0.404
0.319
0.272
0.281
0.311
0.283
0.337
0.545
1.276
3.85
3.023
2.344
2.587
2.416
1.761
1.763
1.101
0.382
0.324
0.327
0.294
0.243
0.259
0.424
0.494
0.722
1.156
2.088
2.705
1.723
1.73
1.14
1.336
2.822
5.574
3.147
2.737
3.164
2.607
1.685
0.999
0.321
0.328
0.327
0.29
0.245
0.258
0.243
0.442
0.922
1.135
1.624
2.805
2.199
2.439
1.574
2.038
3.008
5.773
2.79
2.639
3.116
2.772
1.208
0.395
0.293
0.277
0.319
0.243
0.31
0.531
1.728
0.258
0.301
0.261
0.266
0.584
0.416
0.454
0.645
1.479
4.246
3.638
2.455
2.66
2.27
1.8
1.204
0.367
0.285
0.297
0.298
0.24
0.288
0.588
1.728
0.257
0.288
0.285
0.266
0.287
0.283
0.454
0.821
2.285
4.136
3.15
2.504
3.052
2.42
1.813
0.993
0.4
0.283
0.357
0.339
0.246
0.29
0.603
1.737
0.283
0.292
0.271
0.266
0.253
0.313
0.429
0.775
1.717
4.549
3.09
2.758
2.995
2.46
1.813
1.46
0.417
0.275
0.357
0.365
0.248
0.267
0.54
1.802
0.306
0.273
0.28
0.261
0.294
0.293
0.429
0.828
2.418
3.823
2.871
2.391
2.598
2.629
2.065
1.4
0.409
0.286
0.314
0.293
0.249
0.257
0.519
1.84
0.367
0.254
0.29
0.258
0.311
0.287
1.1
1.193
3.0
4.174
2.848
2.329
2.565
2.67
2.708
1.685
0.938
0.259
0.285
0.324
0.275
0.236
0.251
0.429
0.448
0.896
1.082
1.604
2.449
2.239
2.439
2.284
2.266
3.029
6.238
3.021
2.653
2.98
2.533
1.527
0.818
0.259
0.285
0.319
0.26
0.236
0.251
0.423
0.268
0.768
0.929
1.555
1.99
1.636
2.241
2.16
2.266
2.755
5.678
2.738
2.498
2.543
2.015
1.157
0.387
0.276
0.347
0.344
0.257
0.254
0.434
1.728
0.367
0.254
0.31
0.275
0.308
0.263
1.1
1.1
3.0
3.935
2.62
2.159
2.35
2.524
2.708
1.699
0.326
0.255
0.379
0.402
0.256
0.24
0.434
1.728
0.363
0.237
0.311
0.277
0.262
0.215
0.98
0.871
2.418
2.681
1.768
1.62
1.748
2.037
2.3
1.198
0.326
0.252
0.344
0.418
0.249
0.235
0.318
1.33
0.358
0.237
0.279
0.277
0.273
0.208
0.282
0.444
1.488
1.8
1.109
1.034
1.121
1.269
1.916
1.071
0.28
0.251
0.286
0.346
0.262
0.229
0.302
0.914
0.355
0.228
0.284
0.243
0.283
0.208
0.24
0.423
1.144
0.832
0.571
0.564
0.663
0.749
1.265
0.952
0.28
0.255
0.331
0.408
0.273
0.241
0.259
0.545
0.363
0.233
0.272
0.239
0.253
0.191
0.233
0.233
0.274
0.194
0.264
0.267
0.266
0.217
0.211
0.457
0.514
0.248
0.263
0.319
0.271
0.246
0.236
0.423
0.27
0.76
0.69
0.765
1.096
1.082
1.822
1.992
1.884
2.142
4.538
2.157
1.804
1.836
1.711
0.819
0.366
0.236
0.251
0.309
0.24
0.233
0.227
0.242
0.209
0.63
0.563
0.644
0.77
0.919
0.852
1.534
1.827
2.36
3.802
2.157
1.804
2.133
1.85
0.819
0.268
0.226
0.303
0.408
0.265
0.233
0.239
0.26
0.279
0.225
0.219
0.242
0.223
0.176
0.209
0.233
0.231
0.177
0.231
0.245
0.219
0.198
0.195
0.299
0.285
0.226
0.243
0.318
0.25
0.207
0.217
0.237
0.279
0.201
0.208
0.222
0.242
0.193
0.198
0.244
0.274
0.197
0.231
0.285
0.266
0.216
0.206
0.299
0.468
0.264
0.185
0.257
0.269
0.209
0.2
0.26
0.64
0.187
0.193
0.221
0.274
0.209
0.18
0.266
0.47
1.119
1.567
0.913
0.825
0.821
0.804
0.68
0.685
0.266
0.238
0.33
0.287
0.209
0.212
0.28
0.899
0.203
0.2
0.227
0.256
0.219
0.188
0.328
0.521
2.032
2.524
1.59
1.342
1.339
1.274
1.216
0.969
0.286
0.245
0.346
0.268
0.2
0.211
0.389
1.262
0.23
0.217
0.262
0.256
0.219
0.194
0.413
0.678
3.048
3.196
2.262
1.823
1.962
2.193
2.002
0.366
0.236
0.226
0.236
0.238
0.233
0.209
0.225
0.201
0.536
0.622
0.642
0.696
1.556
1.02
2.697
1.827
2.36
3.972
2.386
1.974
1.823
1.723
1.046
0.701
0.343
0.226
0.236
0.22
0.231
0.209
0.24
0.201
0.536
0.561
0.642
0.696
1.464
1.02
3.008
1.209
1.827
3.17
3.008
1.842
1.937
1.724
1.287
1.174
0.335
0.201
0.252
0.254
0.2
0.211
0.36
1.531
0.237
0.24
0.27
0.261
0.271
0.248
0.449
0.88
3.62
4.6
2.967
2.484
2.678
2.841
2.613
1.185
0.416
0.232
0.25
0.254
0.21
0.231
0.506
1.698
0.244
0.245
0.287
0.263
0.272
0.325
0.46
1.027
3.96
4.954
3.006
2.484
2.943
2.927
2.613
1.114
0.335
0.285
0.321
0.261
0.221
0.239
0.509
1.68
0.306
0.281
0.33
0.304
0.293
0.404
0.432
0.901
3.56
4.856
3.006
2.457
2.725
2.819
2.586
1.138
0.359
0.287
0.314
0.271
0.229
0.239
0.539
1.553
0.328
0.281
0.322
0.286
0.311
0.454
0.44
0.894
3.211
4.486
2.968
2.338
2.704
2.511
2.221
1.132
0.391
0.246
0.237
0.256
0.239
0.231
0.667
1.553
0.46
0.333
0.286
0.301
0.337
0.477
0.439
0.98
3.304
4.773
2.778
2.41
2.937
2.58
2.047
1.078
0.521
0.224
0.236
0.22
0.223
0.2
0.211
0.193
0.387
0.6
0.625
0.689
2.219
1.252
2.96
1.699
2.788
3.057
3.386
2.14
1.937
1.724
1.553
1.501
0.631
0.236
0.257
0.241
0.233
0.206
0.23
0.235
0.61
0.81
0.885
0.879
3.432
1.943
3.547
2.813
4.773
4.393
4.801
2.864
2.548
2.35
2.476
1.105
0.376
0.28
0.29
0.264
0.242
0.23
0.777
1.596
0.643
0.301
0.323
0.266
0.549
0.521
0.439
1.005
2.847
5.13
2.667
2.405
2.874
2.497
1.94
1.105
0.398
0.308
0.367
0.269
0.253
0.222
0.832
1.659
1.13
0.548
0.33
0.256
0.311
0.477
0.988
1.56
3.19
4.773
2.502
2.282
3.014
2.497
1.868
1.107
0.314
0.311
0.379
0.269
0.253
0.221
0.883
1.605
1.13
0.575
0.366
0.323
0.484
0.632
1.308
1.621
3.16
4.467
2.445
2.35
2.792
2.506
1.79
1.059
0.346
0.276
0.333
0.248
0.248
0.218
0.905
1.694
1.089
0.564
0.299
0.275
0.474
0.576
1.303
1.697
3.405
3.851
2.559
2.333
2.877
2.506
1.916
0.938
0.297
0.311
0.44
0.24
0.243
0.222
0.851
1.822
1.177
0.602
0.299
0.275
0.448
0.541
1.313
1.713
3.48
3.824
2.492
2.392
2.881
2.508
1.754
1.959
0.825
0.249
0.261
0.249
0.243
0.213
0.289
0.289
0.623
0.856
0.889
0.879
3.441
1.943
3.547
2.813
4.773
4.393
5.323
2.864
2.672
2.425
2.591
1.959
0.825
0.255
0.253
0.254
0.271
0.239
0.403
0.294
0.624
0.976
1.173
1.854
3.778
3.158
4.088
2.829
4.91
4.414
5.45
2.65
2.679
2.462
2.608
0.941
0.281
0.331
0.44
0.238
0.242
0.238
0.922
1.822
1.058
0.559
0.318
0.269
0.682
0.719
1.871
1.898
3.48
3.907
2.617
2.323
2.568
2.506
1.714
0.969
0.332
0.3
0.343
0.238
0.246
0.243
0.893
1.822
0.856
0.559
0.257
0.25
0.455
0.516
1.328
1.342
4.193
3.952
2.711
2.313
2.881
2.595
1.714
0.989
0.332
0.299
0.283
0.231
0.23
0.24
1.03
1.736
0.421
0.531
0.311
0.411
0.571
0.626
0.941
1.342
3.976
3.882
3.038
2.445
2.628
2.549
1.808
1.131
0.514
0.311
0.353
0.258
0.247
0.239
1.014
1.793
0.455
0.548
0.293
0.291
0.449
0.43
0.663
1.297
4.093
4.169
3.135
2.498
2.57
2.504
1.995
1.302
0.556
0.34
0.327
0.275
0.248
0.259
1.014
1.783
0.444
0.458
0.417
0.433
0.496
0.569
0.671
1.267
4.013
4.397
3.225
2.57
2.708
2.622
2.008
1.993
0.717
0.303
0.326
0.269
0.258
0.259
0.475
0.297
0.524
0.878
1.154
1.772
3.271
3.744
4.088
3.069
4.233
4.044
5.45
2.824
2.898
2.807
2.36
2.031
0.789
0.275
0.326
0.287
0.263
0.246
0.517
0.866
1.149
0.742
0.887
0.881
2.362
3.232
2.928
2.773
4.195
3.867
5.397
3.162
2.911
2.807
2.332
1.357
0.563
0.316
0.246
0.271
0.266
0.242
1.012
1.74
0.444
0.635
0.432
0.424
0.72
0.802
1.03
1.571
4.013
4.588
3.723
2.527
2.724
2.437
2.083
1.455
0.644
0.331
0.292
0.299
0.272
0.247
0.901
1.928
0.455
0.704
0.471
0.466
0.508
0.584
0.681
1.846
4.013
4.588
3.803
2.738
2.741
2.485
2.083
1.372
0.647
0.352
0.364
0.272
0.264
0.24
0.775
1.867
0.452
0.704
0.471
0.593
0.574
0.584
0.681
2.029
3.48
4.144
3.803
2.738
2.472
2.353
1.932
1.22
0.493
0.338
0.37
0.273
0.262
0.241
0.619
1.867
0.435
0.492
0.333
0.433
0.492
0.478
0.481
1.754
4.182
4.144
3.351
2.682
2.449
2.404
1.785
1.035
0.412
0.313
0.308
0.241
0.244
0.238
0.617
1.832
0.863
0.727
0.293
0.408
0.437
0.43
0.427
1.99
4.693
4.557
3.278
2.478
2.718
2.523
1.785
1.961
0.808
0.34
0.326
0.282
0.267
0.246
0.517
0.866
1.134
0.845
1.248
1.926
1.34
2.868
1.91
2.901
3.545
4.342
5.649
3.009
2.911
3.407
2.411
1.909
0.836
0.334
0.298
0.279
0.267
0.244
0.643
1.315
0.781
0.599
1.02
1.748
0.839
1.621
1.381
1.657
2.617
3.667
5.566
2.8
2.975
3.343
2.369
1.035
0.37
0.33
0.379
0.221
0.246
0.224
0.626
1.729
0.77
0.597
0.231
0.325
0.63
0.607
0.788
2.5
5.693
5.016
3.115
2.286
2.409
2.347
1.784
1.063
0.372
0.353
0.441
0.228
0.217
0.223
0.547
1.731
0.336
0.315
0.225
0.451
0.63
0.42
0.401
2.08
5.802
5.035
2.772
2.084
2.486
2.385
1.832
1.045
0.364
0.315
0.401
0.227
0.216
0.21
0.513
1.56
0.286
0.246
0.225
0.781
0.751
0.546
1.274
2.587
5.049
4.461
2.625
2.084
2.6
2.512
1.917
1.043
0.329
0.285
0.337
0.231
0.217
0.214
0.495
1.551
0.302
0.253
0.255
0.675
0.659
0.546
1.274
2.538
5.923
4.922
2.582
2.142
2.775
2.51
2.048
1.105
0.306
0.315
0.393
0.244
0.227
0.21
0.495
1.672
0.79
0.547
0.269
0.684
0.687
0.539
1.273
2.538
5.447
5.463
2.48
2.023
2.833
2.399
2.048
1.886
0.674
0.331
0.292
0.26
0.251
0.238
0.516
0.699
1.034
0.684
1.161
2.032
0.978
2.946
1.865
2.308
3.446
4.979
5.483
3.6
3.431
3.827
2.369
2.018
0.815
0.338
0.31
0.251
0.243
0.219
0.444
0.939
1.842
0.819
0.807
1.002
0.794
1.781
1.406
2.336
3.271
5.081
6.498
3.901
3.376
3.898
2.423
1.298
0.336
0.307
0.383
0.258
0.232
0.21
0.46
1.61
0.325
0.254
0.266
0.684
1.04
0.781
1.434
2.492
4.852
5.941
2.582
2.361
2.833
2.449
2.048
1.153
0.355
0.307
0.344
0.286
0.243
0.21
0.48
1.884
0.821
0.456
0.293
0.74
1.039
0.753
0.703
1.653
4.059
5.419
2.802
2.779
2.833
2.463
2.006
1.193
0.371
0.273
0.262
0.31
0.243
0.209
0.48
1.958
0.798
0.459
0.285
0.358
0.685
0.613
0.72
1.614
3.969
5.209
2.86
3.022
3.404
3.048
2.057
1.196
0.361
0.295
0.329
0.31
0.244
0.235
0.507
2.101
1.284
0.577
0.274
0.358
0.524
0.44
0.538
1.424
3.57
5.506
2.842
3.022
3.272
2.989
1.982
1.224
0.385
0.298
0.339
0.34
0.241
0.233
0.626
2.259
1.336
0.597
0.269
0.474
0.627
0.467
0.543
1.431
3.57
5.003
2.92
2.778
3.325
3.311
1.93
2.034
0.966
0.329
0.31
0.243
0.241
0.217
0.433
0.966
1.83
0.907
0.759
1.051
0.794
1.348
1.322
1.938
3.006
5.454
7.062
3.9
3.391
3.186
2.375
1.997
0.85
0.324
0.311
0.243
0.235
0.218
0.448
0.491
0.995
1.375
1.214
1.092
0.983
1.842
1.799
2.69
3.972
6.344
7.539
3.502
3.489
4.222
2.519
1.189
0.405
0.266
0.259
0.319
0.234
0.245
0.663
2.174
1.353
0.597
0.268
0.458
0.859
0.47
0.544
1.424
3.51
5.406
3.221
2.805
3.349
3.438
2.255
1.189
0.436
0.307
0.349
0.355
0.253
0.277
0.687
2.334
1.352
0.612
0.282
0.46
0.589
0.258
0.398
1.388
3.579
4.526
3.085
2.889
2.913
3.14
2.128
1.189
0.516
0.324
0.42
0.349
0.236
0.26
0.721
2.334
1.352
0.629
0.282
0.576
0.615
0.258
0.398
1.402
3.702
5.406
3.145
2.824
3.599
3.253
2.288
1.279
0.631
0.345
0.451
0.35
0.264
0.315
0.65
2.312
1.62
0.751
0.336
0.814
1.329
0.732
0.655
1.48
4.015
5.911
3.531
2.996
3.43
3.253
2.508
1.459
0.755
0.412
0.414
0.364
0.292
0.336
0.644
1.868
1.825
0.897
0.558
1.424
2.172
1.246
0.982
1.938
4.508
5.626
3.959
3.352
3.721
3.253
2.96
2.233
0.816
0.324
0.319
0.238
0.238
0.216
0.443
0.524
1.108
1.35
1.426
1.092
1.054
2.819
2.588
2.69
3.746
5.517
6.515
3.875
3.654
3.5
2.539
2.233
0.736
0.41
0.369
0.27
0.249
0.216
0.392
0.374
0.707
1.754
2.125
1.624
1.344
3.842
3.142
3.313
4.637
6.211
7.011
4.355
4.673
3.958
2.815
1.722
0.939
0.474
0.525
0.362
0.328
0.36
0.575
1.426
1.881
1.337
1.032
2.246
2.958
2.248
1.526
2.45
4.266
5.145
3.959
3.493
3.664
2.999
3.004
1.716
0.939
0.49
0.576
0.362
0.328
0.417
0.512
1.006
1.359
1.056
1.032
2.246
2.683
2.232
1.526
2.45
4.266
3.985
3.383
3.493
3.634
2.934
2.84
1.371
0.758
0.404
0.487
0.308
0.276
0.415
0.409
0.386
1.353
1.029
1.023
2.246
2.677
2.218
1.457
2.11
3.278
3.114
2.777
2.636
2.809
2.126
2.254
1.134
0.629
0.334
0.373
0.252
0.251
0.45
0.306
0.287
0.632
0.803
0.95
2.015
1.941
1.177
0.858
1.749
2.146
1.679
1.944
1.879
1.757
1.372
1.687
0.683
0.456
0.336
0.415
0.217
0.215
0.463
0.254
0.246
0.318
0.654
0.696
0.941
1.015
0.689
0.553
0.866
1.065
0.829
0.938
0.911
0.801
0.754
0.8
2.212
0.736
0.415
0.369
0.267
0.236
0.303
0.423
0.615
0.668
1.754
2.103
1.489
1.344
2.677
2.844
2.964
3.847
5.574
6.787
3.875
3.654
3.613
2.815
1.979
0.572
0.415
0.352
0.267
0.227
0.375
0.381
0.373
0.43
1.436
1.966
1.297
1.157
2.531
2.594
2.636
3.486
4.499
5.605
4.026
3.698
3.639
2.88
0.156
0.186
0.255
0.344
0.176
0.171
0.488
0.232
0.165
0.163
0.166
0.188
0.182
0.158
0.159
0.179
0.173
0.18
0.23
0.499
0.166
0.165
0.167
0.188
0.156
0.186
0.255
0.344
0.176
0.171
0.491
0.232
0.165
0.163
0.166
0.188
0.182
0.158
0.159
0.179
0.173
0.18
0.23
0.499
0.166
0.165
0.167
0.188
0.824
0.458
0.302
0.339
0.241
0.239
0.496
0.293
0.308
0.325
0.504
0.481
0.685
1.023
1.116
0.96
0.566
1.076
1.294
1.055
0.852
0.918
1.095
1.165
1.137
0.493
0.35
0.402
0.257
0.253
0.496
0.29
0.424
0.548
0.858
0.675
0.968
1.368
1.433
1.777
1.467
1.593
2.358
2.554
1.929
1.551
1.689
2.317
1.856
0.891
0.476
0.555
0.343
0.358
0.503
0.387
0.574
0.836
1.611
1.107
1.547
2.481
2.78
2.63
2.878
2.809
3.797
4.355
3.146
2.549
2.738
3.714
1.979
0.572
0.442
0.352
0.281
0.255
0.489
0.445
0.455
0.497
1.505
2.684
1.63
1.671
2.337
2.986
2.716
3.856
4.881
5.324
4.236
3.802
3.606
2.843
2.146
0.837
0.501
0.385
0.286
0.307
0.933
1.179
0.92
0.734
1.505
2.684
2.178
2.877
3.204
2.986
2.981
4.23
4.881
5.324
5.051
4.824
3.606
2.843
2.682
1.751
0.79
0.634
0.48
0.487
0.557
0.521
0.76
1.163
2.555
2.454
2.967
4.019
4.17
3.993
4.345
4.647
6.595
6.105
4.933
4.199
4.434
5.413
2.775
2.057
0.874
0.718
0.574
0.604
0.582
0.627
0.807
1.308
2.555
2.588
3.214
4.148
5.007
4.635
4.573
4.647
6.657
6.258
4.933
4.672
4.434
5.413
2.419
1.81
0.637
0.688
0.513
0.521
0.519
0.531
0.816
1.868
2.664
2.577
2.974
3.629
4.364
4.602
4.573
4.161
6.655
6.937
4.923
4.628
4.362
4.674
1.849
1.573
0.584
0.664
0.457
0.466
0.443
1.102
1.104
1.868
2.651
2.358
2.679
2.799
3.26
4.108
3.338
4.033
6.884
5.842
4.8
4.996
4.291
4.151
1.824
1.619
0.556
0.613
0.461
0.465
0.467
1.331
1.592
1.609
1.93
2.212
2.436
2.49
2.958
3.314
2.705
4.168
6.787
5.034
4.366
4.996
4.252
3.431
3.284
2.052
1.704
1.648
1.536
1.55
2.124
2.41
2.126
1.851
2.62
3.338
2.791
3.224
2.214
2.334
3.226
4.444
4.893
5.694
4.633
4.326
3.323
2.936
3.81
2.142
1.623
1.6
1.53
1.511
2.116
2.452
2.056
1.773
2.328
2.698
2.804
2.235
1.37
2.792
2.834
4.444
5.123
5.153
3.482
3.138
3.133
2.848
1.322
0.823
0.496
0.582
0.341
0.357
0.37
1.292
2.01
1.293
1.004
0.902
1.033
1.405
2.614
2.492
1.741
3.39
5.416
3.976
3.139
3.992
3.275
3.031
1.201
0.601
0.453
0.582
0.255
0.245
0.272
0.686
1.896
1.035
0.759
0.639
0.564
0.98
1.512
1.168
1.39
3.39
5.343
3.079
2.784
3.438
2.832
2.115
1.157
0.482
0.356
0.471
0.242
0.237
0.25
0.809
2.309
0.745
0.45
0.392
0.291
0.543
0.521
0.669
1.113
3.817
5.077
3.05
3.317
2.99
2.967
1.952
1.149
0.423
0.282
0.357
0.239
0.237
0.251
0.863
2.475
0.722
0.45
0.349
0.249
0.306
0.246
0.439
1.194
4.065
5.259
3.05
3.203
2.899
2.656
1.878
1.218
0.445
0.335
0.472
0.25
0.245
0.276
0.863
2.475
0.788
0.491
0.365
0.285
0.349
0.309
0.481
1.288
3.895
4.882
2.982
2.804
2.899
2.53
1.923
3.694
2.356
1.73
1.702
1.546
1.506
1.673
1.655
1.583
1.556
2.14
3.023
3.004
3.922
2.112
3.54
4.249
5.603
5.813
6.042
3.571
3.563
3.481
2.906
3.868
3.197
1.73
1.702
1.546
1.51
1.62
1.708
1.588
1.556
2.174
3.023
3.571
3.922
2.151
4.149
5.165
5.603
6.464
6.042
3.621
3.451
3.401
2.756
1.25
0.44
0.357
0.483
0.251
0.245
0.26
0.707
2.475
0.773
0.52
0.381
0.306
0.658
0.634
0.986
1.469
3.895
4.394
3.335
3.092
2.822
2.511
1.923
1.251
0.427
0.302
0.393
0.242
0.236
0.234
0.978
2.313
0.777
0.514
0.381
0.305
0.378
0.32
0.48
1.364
3.888
4.025
3.1
3.072
2.919
2.369
1.923
1.235
0.407
0.254
0.284
0.236
0.248
0.233
0.978
2.204
0.319
0.322
0.347
0.294
0.344
0.285
0.506
1.261
3.339
3.853
3.311
2.974
2.727
2.444
2.039
1.323
0.429
0.307
0.375
0.247
0.256
0.266
0.972
2.249
0.449
0.373
0.362
0.329
0.375
0.338
0.547
1.343
3.384
3.927
3.137
2.593
2.623
2.443
2.023
1.318
0.42
0.324
0.372
0.271
0.241
0.264
0.959
2.323
0.449
0.373
0.344
0.328
0.35
0.351
0.544
1.387
3.538
3.927
3.693
2.982
2.764
2.502
2.139
3.641
3.009
1.705
1.728
1.534
1.501
1.529
1.673
1.483
2.382
2.614
2.5
3.42
3.714
2.34
3.807
5.165
6.085
6.46
5.661
3.425
3.241
3.733
2.642
2.228
1.704
0.495
0.632
0.319
0.267
0.46
0.53
0.323
1.22
1.516
1.519
2.498
2.387
2.223
3.807
4.528
4.823
5.153
5.244
2.906
2.723
3.203
2.253
1.209
0.367
0.283
0.272
0.267
0.234
0.225
0.755
2.421
0.388
0.33
0.318
0.32
0.64
0.613
1.09
1.308
3.94
4.407
3.569
2.858
2.764
2.466
2.239
1.218
0.35
0.265
0.257
0.261
0.229
0.221
0.749
2.482
0.388
0.287
0.276
0.293
0.354
0.292
0.601
1.234
4.793
4.407
2.952
2.789
2.979
2.639
2.239
1.225
0.353
0.357
0.401
0.292
0.245
0.242
0.741
2.73
0.911
0.413
0.293
0.328
0.332
0.315
0.679
1.057
4.243
4.526
3.28
3.061
3.121
2.803
2.161
1.209
0.374
0.368
0.454
0.31
0.251
0.279
0.737
2.73
0.91
0.417
0.276
0.312
0.348
0.361
0.657
1.156
4.562
4.48
3.396
3.471
3.244
3.222
2.07
1.114
0.333
0.311
0.322
0.286
0.257
0.263
0.737
2.701
0.937
0.511
0.276
0.322
0.326
0.336
0.83
1.199
4.374
4.523
4.152
3.967
3.327
3.395
2.163
1.689
1.28
0.495
0.463
0.29
0.256
0.267
0.463
0.244
0.329
0.931
1.279
1.987
2.219
2.405
3.714
3.955
5.084
6.021
5.331
3.136
3.088
3.274
2.262
1.577
1.245
0.51
0.484
0.302
0.25
0.285
0.447
0.247
0.597
1.053
1.46
2.024
3.256
2.783
3.038
3.515
3.615
5.209
5.611
3.223
3.061
2.88
2.209
1.22
0.388
0.391
0.562
0.286
0.279
0.283
0.734
2.542
0.454
0.449
0.293
0.333
0.663
0.574
1.017
1.205
3.934
4.523
3.637
3.669
3.313
2.925
2.136
1.252
0.467
0.508
0.795
0.346
0.329
0.325
0.773
2.736
0.97
0.518
0.304
0.328
0.326
0.355
0.83
1.207
3.816
4.168
3.661
3.669
3.417
3.136
2.133
1.159
0.478
0.509
0.795
0.36
0.345
0.325
0.772
2.86
1.169
0.553
0.304
0.33
0.312
0.388
0.773
1.129
3.047
4.599
3.625
3.563
3.239
2.968
2.224
1.192
0.474
0.436
0.561
0.349
0.341
0.342
0.76
2.98
1.169
0.471
0.349
0.333
0.485
0.481
0.904
1.263
3.322
4.257
3.806
3.735
3.156
2.908
2.137
1.25
0.507
0.535
0.757
0.368
0.351
0.332
0.751
2.804
1.393
0.48
0.38
0.333
0.474
0.46
0.893
1.302
2.841
5.105
3.616
3.946
3.414
2.908
2.16
1.734
1.243
0.397
0.426
0.3
0.264
0.285
0.447
0.266
0.605
1.296
1.533
2.728
2.7
2.855
2.854
2.406
3.204
6.014
5.672
3.457
2.718
2.463
2.101
1.481
0.785
0.402
0.426
0.3
0.264
0.311
0.392
0.266
0.605
1.296
1.533
2.217
2.573
2.855
2.007
1.845
2.876
5.088
5.337
3.065
2.613
2.353
2.067
1.25
0.528
0.518
0.731
0.368
0.351
0.333
0.751
2.995
1.768
0.48
0.464
0.677
1.006
0.684
0.906
1.193
2.428
4.883
3.01
3.314
3.002
2.582
1.993
1.151
0.461
0.384
0.485
0.302
0.315
0.355
0.734
2.995
1.768
0.44
0.361
0.675
0.469
0.443
0.704
0.9
1.521
3.269
2.189
2.645
2.422
2.135
1.531
0.915
0.355
0.254
0.237
0.249
0.286
0.355
0.556
2.147
1.26
0.366
0.345
0.669
0.465
0.408
0.629
0.653
0.81
2.221
1.349
2.079
1.553
1.377
1.037
0.691
0.29
0.295
0.302
0.226
0.258
0.375
0.493
1.344
1.021
0.315
0.338
0.637
0.445
0.34
0.529
0.469
0.476
0.952
0.864
1.401
0.928
0.86
0.618
0.41
0.245
0.263
0.295
0.194
0.252
0.375
0.274
0.512
0.472
0.262
0.268
0.229
0.237
0.224
0.264
0.213
0.202
0.178
0.187
0.483
0.188
0.2
0.211
1.081
0.653
0.409
0.371
0.298
0.262
0.332
0.313
0.254
0.312
0.965
1.172
1.783
1.983
2.235
1.746
1.636
1.303
3.32
4.186
2.298
1.975
1.664
1.641
1.319
1.105
0.624
0.371
0.298
0.26
0.332
0.256
0.215
0.239
0.701
1.164
2.076
1.917
1.708
1.375
1.341
1.648
3.52
5.135
2.69
2.471
1.844
1.837
0.202
0.178
0.186
0.213
0.181
0.252
0.372
0.208
0.176
0.194
0.193
0.217
0.216
0.215
0.205
0.177
0.185
0.19
0.161
0.179
0.473
0.177
0.2
0.211
0.202
0.178
0.186
0.21
0.181
0.256
0.372
0.208
0.176
0.194
0.193
0.217
0.216
0.215
0.205
0.177
0.185
0.191
0.178
0.183
0.477
0.177
0.723
0.693
0.553
0.228
0.226
0.274
0.21
0.259
0.327
0.254
0.504
0.312
0.41
0.438
0.542
0.266
0.225
0.277
0.348
0.342
0.929
0.77
1.292
0.783
1.294
1.112
0.861
0.277
0.244
0.278
0.224
0.27
0.322
0.373
0.731
0.439
0.623
0.913
0.89
0.375
0.423
0.552
0.71
0.755
2.04
1.621
1.837
1.38
1.788
1.58
1.203
0.35
0.244
0.271
0.245
0.289
0.295
0.649
1.009
0.647
1.163
1.411
1.267
0.555
0.632
0.78
1.022
1.345
3.199
2.36
2.383
2.248
2.568
1.865
1.479
0.775
0.34
0.365
0.282
0.267
0.379
0.275
0.208
0.232
0.742
1.443
2.535
1.952
1.579
1.539
1.341
1.648
3.02
5.462
2.576
2.427
1.844
2.117
1.649
0.926
0.364
0.384
0.285
0.289
0.409
0.275
0.208
0.232
0.664
1.262
1.922
1.874
1.034
1.408
1.337
1.697
2.769
5.801
2.671
2.331
1.82
1.996
1.479
0.438
0.281
0.342
0.277
0.283
0.261
0.74
1.228
0.666
1.319
1.976
2.247
1.898
0.847
1.007
1.303
1.655
4.154
3.342
2.884
2.738
2.568
2.037
1.479
0.483
0.281
0.35
0.296
0.275
0.222
0.84
1.228
0.859
1.319
1.976
2.395
1.992
0.987
1.11
1.371
1.863
4.34
3.342
2.884
2.847
2.5
1.825
1.39
0.483
0.277
0.35
0.292
0.266
0.221
0.84
1.181
0.879
1.253
1.694
2.419
2.081
1.046
1.128
1.442
2.164
4.34
3.06
2.633
2.567
2.272
1.793
1.312
0.436
0.238
0.308
0.275
0.243
0.213
0.659
1.175
1.031
1.488
1.93
2.419
2.081
1.015
1.067
1.663
2.469
4.539
3.025
2.633
2.992
2.211
1.78
1.251
0.436
0.266
0.418
0.31
0.243
0.213
0.682
1.228
1.103
1.152
1.95
2.431
2.123
0.831
0.994
1.308
2.361
4.217
2.938
2.525
3.197
2.27
1.656
1.246
0.728
0.405
0.387
0.306
0.314
0.409
0.379
0.226
0.242
0.663
1.28
1.922
1.874
1.034
1.766
1.253
1.647
2.769
4.943
2.416
2.118
1.761
1.887
1.584
0.793
0.398
0.416
0.306
0.314
0.393
0.439
0.3
0.362
0.824
1.386
2.084
2.359
1.241
2.091
2.113
2.041
3.848
6.454
3.191
3.028
2.465
2.316
1.223
0.45
0.292
0.43
0.295
0.225
0.211
0.615
1.231
1.098
0.895
1.869
1.962
1.387
0.777
1.007
1.518
1.963
3.975
2.943
2.398
2.656
2.129
1.722
1.155
0.413
0.269
0.314
0.272
0.212
0.224
0.611
1.299
1.098
1.201
1.604
1.962
0.885
0.561
0.846
1.828
2.354
4.217
2.943
2.516
3.255
2.176
1.722
1.158
0.387
0.315
0.368
0.284
0.252
0.271
0.594
1.323
1.261
1.811
1.575
1.732
0.969
0.53
0.769
1.828
2.702
4.081
2.943
2.682
3.248
2.196
1.813
1.178
0.405
0.352
0.418
0.273
0.251
0.28
0.599
1.317
1.235
1.811
1.861
1.901
0.833
0.382
0.581
2.065
2.921
4.081
3.156
2.946
3.281
2.196
1.842
1.226
0.405
0.352
0.394
0.296
0.253
0.28
0.593
1.305
1.054
1.529
1.559
1.866
0.9
0.477
0.571
1.702
2.833
3.526
3.491
2.874
2.87
2.272
1.931
1.86
0.996
0.448
0.446
0.327
0.316
0.347
0.514
0.328
0.42
1.002
1.468
2.613
2.905
1.293
2.302
2.123
3.123
4.46
6.454
3.191
3.037
2.698
2.568
1.717
0.996
0.397
0.446
0.291
0.336
0.348
0.514
0.334
0.425
1.002
1.221
2.104
2.905
1.58
2.302
2.091
2.982
4.46
5.816
2.937
2.751
2.62
2.071
1.248
0.44
0.293
0.323
0.258
0.226
0.247
0.544
1.271
0.889
1.386
1.216
1.827
1.268
0.623
1.183
2.086
3.727
3.879
3.298
2.832
2.558
2.134
2.032
1.246
0.429
0.27
0.273
0.235
0.213
0.24
0.504
1.296
0.714
1.221
0.775
1.31
0.683
0.503
0.542
2.075
3.727
3.388
3.153
2.978
2.729
2.188
2.032
1.246
0.416
0.296
0.337
0.244
0.221
0.227
0.548
1.351
1.114
0.712
0.516
0.754
0.623
0.531
0.533
1.691
3.702
2.901
3.153
2.451
2.51
2.112
1.961
1.288
0.495
0.268
0.291
0.238
0.214
0.221
0.467
1.351
1.114
0.501
0.444
0.821
0.467
0.495
0.48
1.881
4.173
2.717
3.566
2.683
2.598
2.088
1.953
1.204
0.457
0.243
0.279
0.234
0.22
0.217
0.499
1.674
1.48
0.447
0.304
0.484
0.477
0.495
0.481
1.53
3.626
2.904
3.398
2.232
2.556
2.18
1.858
1.78
0.989
0.414
0.446
0.29
0.332
0.299
0.471
0.352
0.457
1.019
1.555
1.665
2.736
1.431
2.105
1.68
2.116
5.198
5.208
2.801
2.552
2.597
1.913
1.408
0.775
0.388
0.417
0.256
0.322
0.414
0.383
0.317
0.42
0.92
1.417
1.44
2.068
1.312
1.895
1.617
2.041
4.643
4.239
2.549
2.545
2.49
1.849
1.17
0.469
0.26
0.325
0.222
0.233
0.223
0.432
1.674
1.355
0.296
0.235
0.286
0.66
0.597
0.56
1.576
3.079
2.855
3.16
1.963
2.271
2.01
1.715
1.13
0.386
0.283
0.375
0.237
0.255
0.224
0.516
1.696
1.32
0.356
0.287
0.252
0.343
0.413
0.56
1.576
2.373
2.604
3.193
2.125
2.34
2.176
1.715
1.316
0.331
0.297
0.375
0.244
0.257
0.229
0.51
1.733
1.32
0.34
0.294
0.261
0.34
0.39
0.563
1.262
2.593
2.792
3.193
2.687
2.352
2.37
1.565
1.349
0.331
0.277
0.329
0.241
0.281
0.237
0.511
1.702
0.824
0.298
0.302
0.263
0.37
0.385
0.572
1.243
2.635
2.551
3.132
3.374
2.454
2.37
1.483
1.158
0.312
0.277
0.335
0.244
0.281
0.238
0.52
1.38
0.358
0.289
0.264
0.263
0.311
0.299
0.523
1.013
2.448
2.494
2.696
2.642
2.26
2.334
1.528
1.402
0.805
0.394
0.419
0.258
0.323
0.453
0.365
0.305
0.352
0.768
0.712
0.845
1.539
1.312
1.61
1.442
1.627
3.84
4.532
2.316
2.64
2.492
1.936
1.447
0.995
0.498
0.512
0.259
0.324
0.461
0.293
0.257
0.301
0.823
0.715
1.109
1.66
1.58
1.696
1.099
1.77
3.246
4.264
2.316
2.424
2.18
1.511
1.223
0.317
0.278
0.306
0.261
0.295
0.238
0.405
1.366
0.358
0.291
0.298
0.264
0.634
0.533
0.696
1.198
2.492
2.485
2.483
2.737
2.113
2.054
1.546
1.264
0.325
0.302
0.297
0.284
0.294
0.259
0.455
1.366
0.365
0.348
0.341
0.319
0.978
0.579
0.725
1.465
2.603
2.81
2.767
3.32
2.363
2.217
1.546
1.201
0.287
0.266
0.297
0.263
0.267
0.233
0.311
1.316
0.446
0.381
0.566
1.156
2.302
1.253
1.807
1.696
2.983
3.081
2.922
3.418
2.89
2.328
1.707
1.201
0.347
0.278
0.318
0.282
0.292
0.256
0.363
1.212
0.611
0.552
0.825
1.701
3.345
2.012
2.824
2.5
2.929
2.747
2.922
2.776
3.279
2.36
1.67
1.076
0.364
0.322
0.338
0.302
0.285
0.285
0.363
1.226
0.781
0.532
0.825
1.701
3.319
1.995
2.815
2.5
2.843
2.642
2.387
2.192
3.141
2.352
1.787
1.341
0.971
0.398
0.436
0.231
0.324
0.477
0.24
0.238
0.261
0.863
0.631
0.867
1.33
1.703
1.458
0.985
1.568
2.224
4.107
2.102
2.308
1.947
1.591
0.943
0.724
0.345
0.319
0.265
0.307
0.312
0.235
0.245
0.261
0.762
0.537
0.786
1.163
1.254
1.25
0.791
1.43
1.886
3.175
1.878
2.033
1.889
1.572
0.869
0.342
0.32
0.319
0.322
0.285
0.285
0.353
1.067
0.781
0.508
0.836
1.628
3.31
1.975
2.8
2.317
2.127
2.126
1.895
1.767
2.671
1.926
1.215
0.605
0.311
0.314
0.295
0.337
0.269
0.277
0.349
0.736
0.7
0.484
0.807
1.62
2.604
1.676
2.587
1.97
1.599
1.405
1.355
1.205
2.246
1.537
0.903
0.327
0.243
0.258
0.241
0.352
0.223
0.247
0.281
0.493
0.511
0.291
0.522
0.735
1.233
0.897
1.259
0.967
0.999
0.655
0.558
0.605
1.244
0.824
0.425
0.226
0.23
0.236
0.185
0.364
0.223
0.235
0.265
0.267
0.381
0.199
0.236
0.162
0.168
0.162
0.211
0.189
0.144
0.339
0.171
0.169
0.167
0.142
0.153
0.193
0.19
0.166
0.141
0.349
0.198
0.187
0.163
0.154
0.163
0.194
0.2
0.15
0.153
0.158
0.192
0.172
0.138
0.283
0.17
0.149
0.143
0.137
1.215
0.559
0.488
0.329
0.303
0.304
0.279
0.295
0.221
0.226
0.214
0.519
0.407
0.51
0.662
0.96
0.817
0.534
0.893
1.206
1.931
1.281
1.435
1.391
0.738
0.521
0.488
0.295
0.277
0.304
0.244
0.21
0.185
0.219
0.211
0.523
0.4
0.467
0.644
0.961
0.778
0.485
0.782
1.206
1.632
0.853
0.956
0.999
0.153
0.168
0.166
0.143
0.135
0.324
0.175
0.168
0.145
0.154
0.163
0.194
0.178
0.151
0.153
0.154
0.17
0.168
0.138
0.229
0.155
0.147
0.165
0.134
0.164
0.168
0.181
0.157
0.141
0.307
0.163
0.177
0.158
0.157
0.187
0.219
0.178
0.162
0.167
0.161
0.187
0.168
0.158
0.229
0.172
0.157
0.165
0.134
0.352
0.206
0.182
0.152
0.18
0.268
0.175
0.292
0.373
0.22
0.209
0.256
0.227
0.204
0.18
0.176
0.27
0.658
0.808
0.419
0.414
0.824
0.655
0.45
0.58
0.254
0.178
0.165
0.214
0.221
0.188
0.383
0.713
0.262
0.255
0.29
0.265
0.259
0.197
0.186
0.319
0.751
1.478
0.57
0.761
1.189
0.99
0.807
0.769
0.285
0.186
0.193
0.279
0.212
0.188
0.509
1.072
0.277
0.304
0.308
0.288
0.306
0.232
0.193
0.362
1.169
2.091
0.886
1.497
1.952
1.567
1.136
0.429
0.424
0.408
0.229
0.207
0.243
0.203
0.193
0.165
0.211
0.196
0.49
0.352
0.367
0.46
0.76
0.513
0.485
1.04
0.936
0.995
1.348
0.956
0.835
0.429
0.424
0.226
0.219
0.179
0.252
0.203
0.201
0.168
0.22
0.201
0.418
0.352
0.347
0.46
0.76
0.513
0.875
1.153
1.173
0.995
1.102
1.102
0.942
1.009
0.312
0.212
0.211
0.292
0.233
0.189
0.522
1.32
0.335
0.348
0.338
0.323
0.392
0.27
0.26
0.465
1.709
2.86
1.275
2.338
2.851
1.953
1.47
1.079
0.312
0.212
0.211
0.306
0.234
0.189
0.681
1.457
0.35
0.353
0.338
0.323
0.392
0.292
0.626
0.5
2.149
2.86
1.495
2.669
2.903
2.17
1.607
1.079
0.293
0.209
0.203
0.259
0.225
0.201
0.571
1.531
0.618
0.365
0.339
0.278
0.35
0.285
0.621
0.598
2.327
3.064
1.772
2.977
3.323
2.29
1.655
1.077
0.283
0.218
0.203
0.259
0.22
0.195
0.514
1.5
0.33
0.343
0.33
0.243
0.316
0.306
0.615
0.544
1.918
3.053
2.018
3.3
3.534
2.28
1.824
1.033
0.256
0.213
0.204
0.259
0.22
0.221
0.622
1.387
0.338
0.34
0.32
0.243
0.244
0.322
0.614
0.523
2.428
2.757
2.018
3.3
3.864
2.752
1.712
0.458
0.279
0.18
0.214
0.164
0.233
0.174
0.172
0.155
0.245
0.425
0.388
0.377
0.328
0.569
0.543
0.359
0.923
1.045
1.638
0.845
1.527
1.215
0.855
0.876
0.498
0.228
0.219
0.19
0.234
0.228
0.258
0.197
0.286
0.627
0.557
0.58
0.505
0.74
0.724
0.716
1.388
1.491
1.884
1.46
2.076
1.638
1.277
1.007
0.25
0.213
0.194
0.234
0.211
0.203
0.605
1.224
0.358
0.34
0.317
0.259
0.422
0.431
0.808
0.681
2.255
3.226
1.946
2.963
3.538
2.585
1.73
1.015
0.25
0.228
0.192
0.23
0.199
0.22
0.605
1.331
0.327
0.32
0.317
0.259
0.218
0.309
0.456
0.562
1.637
2.915
1.78
2.04
2.936
2.729
1.802
0.912
0.229
0.229
0.201
0.24
0.193
0.222
0.5
1.302
0.306
0.32
0.325
0.291
0.214
0.279
0.198
0.551
1.405
3.408
2.014
2.014
2.948
2.871
1.752
1.432
0.388
0.223
0.222
0.232
0.184
0.209
0.517
1.218
0.262
0.322
0.331
0.298
0.214
0.279
0.223
0.391
1.405
2.817
1.471
1.588
2.172
2.442
1.842
1.425
0.409
0.224
0.217
0.209
0.185
0.238
0.532
1.152
0.27
0.342
0.331
0.298
0.207
0.601
0.42
0.447
1.405
3.19
1.15
1.221
2.172
2.725
1.842
1.201
0.795
0.352
0.225
0.196
0.193
0.242
0.264
0.209
0.294
0.81
0.865
0.988
1.025
1.144
1.164
1.153
1.813
2.617
3.136
2.034
2.795
2.223
1.808
1.224
0.798
0.34
0.225
0.219
0.203
0.235
0.264
0.209
0.3
0.804
0.865
0.988
1.025
1.16
1.164
1.153
1.813
2.617
3.136
2.034
2.795
2.223
1.808
1.684
0.47
0.255
0.249
0.209
0.195
0.238
0.49
1.301
0.347
0.37
0.34
0.299
0.418
0.926
0.45
0.447
0.888
3.19
1.079
0.98
1.629
2.177
1.842
1.658
0.452
0.25
0.25
0.227
0.184
0.228
0.39
1.301
0.3
0.34
0.322
0.269
0.216
0.584
0.253
0.447
1.155
3.19
1.488
1.213
1.591
2.36
1.882
1.21
0.301
0.244
0.248
0.227
0.188
0.202
0.502
1.295
0.306
0.319
0.318
0.247
0.206
0.56
0.235
0.617
1.558
3.798
2.209
1.301
1.85
2.896
2.165
1.319
0.304
0.243
0.213
0.225
0.207
0.203
0.397
1.255
0.305
0.319
0.287
0.219
0.24
0.562
0.233
0.661
1.765
3.401
1.791
1.064
2.06
2.755
2.003
1.04
0.238
0.243
0.207
0.255
0.209
0.204
0.447
1.47
0.421
0.331
0.257
0.276
0.277
0.583
0.217
0.712
1.46
3.144
2.506
1.346
3.036
2.959
1.871
1.224
0.798
0.333
0.215
0.219
0.211
0.235
0.245
0.209
0.3
0.819
0.826
0.973
1.012
1.16
0.903
0.986
1.297
1.961
2.98
1.62
2.09
1.623
1.506
1.435
0.666
0.306
0.207
0.197
0.189
0.189
0.171
0.188
0.273
0.896
0.978
1.789
1.402
1.163
0.903
1.118
1.297
1.378
2.554
1.2
1.834
1.557
1.412
1.029
0.238
0.214
0.207
0.273
0.213
0.176
0.328
1.47
0.305
0.275
0.256
0.312
0.511
0.481
0.217
0.821
1.882
2.584
2.268
1.18
2.036
2.29
1.721
1.029
0.238
0.214
0.183
0.243
0.189
0.176
0.372
1.47
0.189
0.232
0.256
0.257
0.28
0.217
0.183
1.063
2.704
2.975
2.9
1.582
2.51
2.482
1.777
1.093
0.267
0.206
0.181
0.223
0.212
0.176
0.372
1.52
0.225
0.252
0.239
0.258
0.269
0.209
0.202
0.886
3.234
2.072
2.657
1.747
2.657
2.488
1.818
1.075
0.251
0.178
0.186
0.245
0.232
0.183
0.252
1.449
0.231
0.25
0.23
0.258
0.278
0.209
0.205
0.814
3.201
2.072
2.027
1.81
2.328
2.396
1.708
0.995
0.25
0.175
0.184
0.222
0.23
0.176
0.295
1.478
0.341
0.303
0.261
0.267
0.244
0.226
0.22
1.126
3.381
1.906
2.661
2.203
2.163
2.295
1.708
1.176
0.839
0.338
0.197
0.238
0.206
0.187
0.168
0.193
0.256
0.806
0.99
1.765
1.812
1.169
1.518
1.325
1.26
2.384
2.011
1.409
1.605
1.598
1.514
1.058
0.761
0.214
0.197
0.23
0.195
0.163
0.165
0.184
0.256
0.731
1.288
1.525
1.564
1.447
1.643
1.134
1.66
2.451
2.828
1.067
1.532
1.648
1.549
0.995
0.266
0.182
0.177
0.2
0.24
0.181
0.219
1.268
0.242
0.272
0.252
0.235
0.445
0.421
0.378
1.155
3.381
2.337
2.647
1.844
1.821
2.103
1.752
1.01
0.266
0.212
0.176
0.179
0.233
0.174
0.267
1.449
0.262
0.282
0.28
0.235
0.22
0.198
0.218
1.099
2.501
2.662
2.915
2.185
1.827
2.087
1.696
1.01
0.257
0.18
0.182
0.205
0.256
0.169
0.221
1.345
0.752
0.462
0.256
0.227
0.24
0.2
0.329
1.104
2.513
2.467
2.446
2.102
1.827
2.042
1.788
1.035
0.231
0.181
0.195
0.21
0.233
0.172
0.242
1.309
0.732
0.419
0.281
0.245
0.254
0.21
0.353
1.051
2.071
2.467
1.988
1.977
1.908
2.068
1.843
1.045
0.25
0.202
0.189
0.189
0.23
0.179
0.239
1.298
1.186
0.565
0.287
0.263
0.28
0.218
0.353
0.972
2.039
2.185
1.983
1.829
1.839
2.051
1.931
1.171
0.689
0.199
0.205
0.248
0.188
0.163
0.169
0.194
0.385
0.561
1.02
1.172
1.309
1.364
1.898
1.259
1.974
2.116
2.606
0.875
1.501
1.648
1.405
1.437
0.738
0.216
0.225
0.278
0.202
0.17
0.2
0.23
0.553
0.842
1.886
1.815
1.499
1.509
2.132
1.558
2.274
2.455
3.569
1.114
1.615
1.766
1.848
1.045
0.254
0.233
0.199
0.188
0.215
0.196
0.199
1.25
0.736
0.414
0.292
0.282
0.494
0.341
0.485
0.717
2.397
2.187
1.331
1.428
1.754
1.978
1.931
1.126
0.281
0.245
0.216
0.228
0.224
0.215
0.217
1.416
1.225
0.653
0.317
0.306
0.382
0.341
0.485
0.645
2.468
2.173
1.331
1.768
2.169
2.234
1.958
1.009
0.252
0.245
0.236
0.265
0.237
0.23
0.217
1.261
1.252
0.686
0.39
0.384
0.561
0.469
0.5
1.011
2.889
2.173
1.04
1.371
2.169
2.409
2.015
1.009
0.263
0.295
0.263
0.272
0.263
0.262
0.303
1.401
1.259
0.775
0.483
0.451
0.607
0.537
0.484
0.727
2.116
2.685
1.126
1.324
1.943
2.41
1.884
1.031
0.313
0.295
0.254
0.307
0.268
0.262
0.295
1.495
1.408
0.775
0.483
0.451
0.607
0.54
0.448
0.686
1.75
3.182
1.336
1.394
1.467
2.543
2.036
1.641
0.988
0.246
0.24
0.325
0.233
0.177
0.297
0.258
0.639
1.143
2.258
1.996
1.783
1.54
2.132
1.667
2.72
2.489
3.909
1.114
1.907
2.21
1.992
1.495
1.012
0.293
0.33
0.328
0.257
0.187
0.299
0.246
0.634
1.043
1.874
1.53
1.489
1.54
1.755
1.796
2.088
2.875
4.104
1.377
2.011
2.155
1.94
1.024
0.313
0.315
0.259
0.336
0.263
0.264
0.343
1.494
0.99
0.648
0.477
0.45
0.798
0.827
0.622
0.793
2.465
3.182
1.548
1.394
1.386
2.365
1.731
1.104
0.359
0.293
0.261
0.359
0.268
0.242
0.343
1.508
1.11
0.704
0.478
0.484
0.601
0.717
0.489
0.7
1.493
3.584
1.629
1.529
1.345
2.927
2.041
1.065
0.331
0.297
0.279
0.342
0.231
0.222
0.356
1.403
0.883
0.536
0.426
0.394
0.514
0.439
0.729
1.043
1.9
3.468
1.486
1.172
1.257
2.309
1.895
1.075
0.388
0.257
0.252
0.324
0.245
0.218
0.29
1.671
0.977
0.599
0.408
0.394
0.412
0.384
0.775
0.844
1.88
3.271
1.607
1.249
1.236
2.003
2.189
1.075
0.388
0.257
0.252
0.324
0.245
0.218
0.29
1.419
0.775
0.504
0.408
0.41
0.579
0.469
0.836
1.075
2.123
3.271
1.71
1.478
1.336
2.047
2.438
1.589
0.865
0.278
0.33
0.299
0.27
0.205
0.306
0.251
0.634
1.07
2.382
2.074
1.372
1.667
1.787
2.301
2.15
2.719
4.278
1.383
1.849
2.188
1.796
1.748
0.941
0.319
0.315
0.267
0.273
0.246
0.306
0.266
0.696
1.276
1.701
1.502
1.523
1.591
1.918
2.546
1.711
2.612
4.18
1.55
1.634
2.191
1.815
1.345
0.384
0.255
0.278
0.299
0.245
0.213
0.311
1.31
0.608
0.623
0.488
0.708
0.807
1.05
1.696
1.238
2.123
2.762
2.1
1.294
1.278
1.976
2.399
1.535
0.477
0.256
0.33
0.295
0.246
0.214
0.291
1.249
0.743
0.707
0.647
1.03
1.17
0.889
1.567
1.419
1.775
3.446
2.521
1.606
1.539
2.042
2.693
1.865
0.498
0.258
0.328
0.272
0.251
0.217
0.291
1.228
0.836
0.764
0.755
1.143
1.644
1.074
1.715
1.618
2.237
3.465
2.599
1.75
1.776
1.821
2.293
1.938
0.498
0.25
0.31
0.31
0.277
0.227
0.328
1.14
0.61
0.68
0.755
1.38
1.838
1.628
1.237
1.426
2.179
3.686
2.609
1.774
1.95
2.067
2.396
1.938
0.454
0.265
0.353
0.316
0.271
0.245
0.354
1.116
0.539
0.633
0.842
1.382
2.047
1.729
1.238
1.426
2.267
3.254
2.572
1.774
1.922
2.238
2.396
1.767
0.974
0.342
0.356
0.285
0.277
0.249
0.26
0.252
0.713
1.306
2.258
1.64
1.648
1.44
1.4
2.141
1.285
2.146
4.208
1.674
1.659
2.165
1.9
1.898
0.982
0.353
0.392
0.28
0.263
0.266
0.287
0.259
0.493
1.257
1.842
1.558
1.889
1.78
1.356
2.1
1.175
2.146
4.208
1.771
2.015
2.277
1.946
1.646
0.389
0.253
0.306
0.282
0.271
0.244
0.309
1.116
0.724
0.717
0.919
1.386
2.047
1.73
1.35
1.265
1.981
2.632
1.989
1.466
1.661
2.052
2.13
1.405
0.469
0.285
0.315
0.282
0.274
0.263
0.316
1.204
1.141
0.825
0.857
1.211
1.728
1.463
1.35
1.285
1.981
2.697
1.999
1.628
1.724
2.052
2.071
1.28
0.398
0.29
0.291
0.29
0.291
0.277
0.313
1.249
1.176
0.88
0.805
1.211
1.452
1.242
1.218
1.105
1.93
2.458
1.368
1.364
1.724
2.226
1.818
1.24
0.377
0.291
0.291
0.279
0.298
0.277
0.313
1.295
1.324
1.563
0.833
1.694
1.452
1.268
1.205
1.045
1.512
2.341
1.185
1.083
1.362
2.114
1.809
1.119
0.384
0.291
0.28
0.275
0.28
0.262
0.273
1.294
1.433
1.765
0.833
1.525
1.546
1.268
1.043
1.059
2.007
2.047
1.511
1.261
1.11
1.92
1.773
1.898
0.982
0.353
0.304
0.259
0.263
0.249
0.257
0.241
0.436
1.227
1.641
1.473
1.739
2.392
1.4
1.929
0.928
2.345
4.3
1.898
1.847
2.256
1.922
1.898
0.937
0.37
0.296
0.273
0.273
0.282
0.288
0.264
0.629
1.227
1.576
1.413
2.107
2.128
1.39
1.306
0.882
2.345
4.475
1.788
1.584
2.256
1.883
1.118
0.384
0.282
0.276
0.284
0.271
0.243
0.273
1.34
1.433
1.765
0.78
1.842
1.312
1.228
1.053
1.059
1.207
2.294
1.72
1.331
1.176
1.669
1.545
1.185
0.373
0.264
0.294
0.299
0.249
0.23
0.297
1.329
1.433
1.355
0.853
1.658
1.312
1.385
1.096
1.01
1.283
2.284
2.115
1.585
1.71
1.757
1.716
1.145
0.373
0.229
0.262
0.304
0.255
0.205
0.387
1.185
1.12
1.234
0.785
1.606
1.153
1.217
0.929
0.909
1.306
2.284
1.706
1.344
1.681
1.489
1.764
1.145
0.341
0.229
0.273
0.279
0.233
0.2
0.525
0.974
0.995
1.046
0.694
1.018
1.026
1.185
0.929
0.84
1.692
2.023
2.177
1.454
1.342
1.489
1.747
1.117
0.325
0.23
0.308
0.319
0.232
0.207
0.55
0.859
0.718
0.933
0.644
0.691
0.928
0.982
0.757
0.689
1.651
1.727
2.551
1.605
1.633
1.524
1.6
1.887
1.096
0.39
0.32
0.27
0.254
0.271
0.314
0.309
0.666
1.149
1.108
1.011
2.074
1.49
1.145
0.912
0.758
2.043
4.187
1.675
1.505
2.059
1.883
1.749
1.003
0.374
0.32
0.266
0.254
0.261
0.344
0.589
0.627
1.008
1.098
1.003
1.843
1.543
1.145
0.912
0.758
1.944
3.488
1.579
1.439
1.866
1.737
1.146
0.386
0.26
0.344
0.34
0.232
0.21
0.693
0.741
0.676
0.819
0.778
0.801
0.928
0.733
0.84
0.689
1.651
1.772
2.143
1.394
1.633
1.522
1.832
1.118
0.374
0.248
0.312
0.304
0.225
0.206
0.598
0.62
0.557
0.703
0.688
0.659
0.717
0.523
0.678
0.542
1.549
1.505
1.943
1.314
1.523
1.505
1.643
0.894
0.345
0.253
0.273
0.28
0.231
0.192
0.573
0.468
0.446
0.405
0.488
0.547
0.599
0.364
0.389
0.375
1.252
1.077
1.361
0.942
1.015
1.059
1.077
0.666
0.25
0.238
0.284
0.285
0.205
0.19
0.414
0.411
0.384
0.403
0.416
0.412
0.601
0.34
0.377
0.332
0.989
0.713
1.078
0.707
0.764
0.817
0.462
0.406
0.252
0.225
0.241
0.274
0.21
0.177
0.24
0.344
0.349
0.403
0.401
0.377
0.513
0.225
0.229
0.219
0.355
0.398
0.4
0.381
0.388
0.465
0.303
1.59
0.8
0.362
0.285
0.259
0.251
0.267
0.315
0.587
0.498
0.823
0.93
0.78
1.501
1.394
0.98
0.807
0.573
1.529
2.486
1.207
0.965
1.337
1.328
1.652
0.67
0.346
0.247
0.259
0.233
0.245
0.294
0.555
0.69
0.658
0.713
0.59
1.024
0.894
0.801
0.588
0.503
1.231
2.227
0.857
0.621
0.821
0.87
0.19
0.201
0.185
0.211
0.216
0.188
0.177
0.204
0.201
0.25
0.251
0.21
0.224
0.241
0.18
0.211
0.196
0.18
0.194
0.257
0.345
0.388
0.465
0.509
0.18
0.179
0.185
0.193
0.181
0.188
0.176
0.184
0.194
0.235
0.215
0.175
0.224
0.217
0.157
0.209
0.172
0.17
0.194
0.189
0.19
0.239
0.356
0.39
0.194
0.164
0.188
0.215
0.192
0.19
0.194
0.184
0.218
0.261
0.193
0.175
0.23
0.215
0.146
0.209
0.182
0.158
0.194
0.209
0.169
0.24
0.366
0.372
0.193
0.164
0.182
0.213
0.192
0.191
0.19
0.184
0.221
0.23
0.164
0.174
0.209
0.215
0.165
0.194
0.182
0.158
0.193
0.209
0.163
0.239
0.359
0.372
0.191
0.156
0.182
0.201
0.158
0.185
0.187
0.172
0.214
0.204
0.164
0.174
0.209
0.215
0.165
0.19
0.178
0.161
0.186
0.201
0.162
0.239
0.342
0.376
1.145
0.382
0.269
0.233
0.247
0.21
0.216
0.28
0.554
0.67
0.478
0.551
0.447
0.739
0.479
0.555
0.446
0.535
0.661
0.984
0.507
0.375
0.475
0.543
0.78
0.285
0.222
0.197
0.23
0.196
0.18
0.247
0.498
0.445
0.318
0.397
0.296
0.292
0.238
0.235
0.27
0.374
0.189
0.189
0.23
0.182
0.19
0.225
0.191
0.151
0.196
0.201
0.18
0.189
0.185
0.175
0.199
0.219
0.166
0.155
0.213
0.19
0.148
0.209
0.176
0.15
0.198
0.201
0.15
0.23
0.359
0.363
0.171
0.156
0.204
0.178
0.214
0.216
0.161
0.169
0.222
0.217
0.183
0.171
0.193
0.176
0.148
0.208
0.165
0.145
0.218
0.173
0.14
0.2
0.176
0.167
0.175
0.165
0.179
0.171
0.245
0.196
0.143
0.186
0.212
0.189
0.205
0.161
0.167
0.179
0.157
0.182
0.163
0.145
0.188
0.159
0.147
0.176
0.158
0.162
0.168
0.16
0.176
0.171
0.209
0.192
0.143
0.163
0.184
0.181
0.214
0.17
0.158
0.187
0.157
0.18
0.163
0.142
0.193
0.156
0.159
0.176
0.148
0.169
0.17
0.156
0.183
0.176
0.237
0.187
0.156
0.163
0.166
0.197
0.214
0.156
0.176
0.187
0.145
0.183
0.166
0.142
0.176
0.172
0.159
0.155
0.166
0.169
0.471
0.232
0.184
0.196
0.226
0.177
0.194
0.207
0.193
0.398
0.255
0.252
0.219
0.269
0.223
0.187
0.216
0.202
0.163
0.185
0.205
0.169
0.187
0.201
0.164
0.224
0.164
0.184
0.242
0.162
0.171
0.184
0.178
0.208
0.168
0.223
0.188
0.231
0.22
0.163
0.179
0.176
0.162
0.181
0.177
0.174
0.182
0.182
0.156
0.164
0.192
0.161
0.233
0.208
0.151
0.149
0.187
0.204
0.197
0.17
0.2
0.163
0.144
0.21
0.149
0.132
0.202
0.157
0.145
0.169
0.172
0.152
0.157
0.168
0.18
0.166
0.203
0.183
0.172
0.146
0.171
0.217
0.196
0.17
0.201
0.164
0.141
0.203
0.157
0.134
0.189
0.169
0.144
0.166
0.176
0.153
0.157
0.182
0.165
0.166
0.194
0.163
0.171
0.162
0.159
0.199
0.188
0.17
0.188
0.157
0.146
0.182
0.162
0.16
0.163
0.172
0.162
0.16
0.175
0.16
0.157
0.155
0.166
0.188
0.194
0.161
0.197
0.144
0.146
0.206
0.188
0.174
0.199
0.162
0.132
0.18
0.187
0.134
0.163
0.185
0.145
0.157
0.188
0.157
0.143
0.161
0.179
0.164
0.193
0.182
0.176
0.137
0.17
0.198
0.168
0.177
0.211
0.146
0.141
0.202
0.161
0.132
0.189
0.173
0.131
0.172
0.186
0.157
0.172
0.222
0.149
0.176
0.246
0.151
0.149
0.203
0.175
0.169
0.185
0.216
0.165
0.2
0.227
0.156
0.171
0.203
0.152
0.17
0.202
0.159
0.167
0.197
0.156
0.194
0.156
0.17
0.231
0.164
0.152
0.176
0.175
0.156
0.166
0.216
0.165
0.173
0.214
0.157
0.145
0.204
0.155
0.15
0.193
0.166
0.157
0.182
0.157
0.164
0.168
0.167
0.177
0.165
0.166
0.153
0.172
0.186
0.19
0.176
0.187
0.162
0.146
0.18
0.172
0.144
0.176
0.166
0.153
0.168
0.164
0.181
0.153
0.15
0.174
0.159
0.178
0.166
0.162
0.156
0.172
0.183
0.184
0.185
0.189
0.161
0.168
0.169
0.169
0.168
0.16
0.164
0.172
0.161
0.155
0.194
0.167
0.146
0.174
0.172
0.205
0.19
0.152
0.158
0.182
0.183
0.19
0.189
0.189
0.166
0.181
0.172
0.161
0.179
0.169
0.152
0.177
0.18
0.141
0.194
0.188
0.14
0.177
0.204
0.18
0.19
0.179
0.143
0.176
0.192
0.174
0.168
0.214
0.168
0.161
0.195
0.163
0.158
0.19
0.156
0.16
0.188
0.15
0.191
0.184
0.145
0.179
0.179
0.176
0.191
0.155
0.166
0.176
0.18
0.181
0.167
0.209
0.172
0.171
0.199
0.161
0.17
0.192
0.154
0.181
0.188
0.139
0.209
0.159
0.188
0.139
0.162
0.244
0.139
0.147
0.187
0.164
0.149
0.18
0.194
0.15
0.173
0.196
0.149
0.152
0.191
0.152
0.146
0.186
0.155
0.15
0.182
0.175
0.172
0.143
0.171
0.23
0.145
0.143
0.199
0.164
0.177
0.182
0.176
0.15
0.193
0.174
0.144
0.169
0.162
0.148
0.157
0.157
0.15
0.151
0.165
0.213
0.151
0.187
0.182
0.205
0.196
0.151
0.168
0.178
0.2
0.211
0.18
0.226
0.195
0.184
0.204
0.18
0.192
0.192
0.163
0.204
0.188
0.15
0.422
0.199
0.145
0.187
0.178
0.228
0.196
0.148
0.16
0.173
0.192
0.194
0.174
0.225
0.179
0.179
0.204
0.161
0.192
0.192
0.154
0.204
0.188
0.15
0.416
0.199
0.143
0.172
0.178
0.227
0.165
0.157
0.16
0.14
0.198
0.19
0.14
0.212
0.179
0.16
0.2
0.164
0.17
0.178
0.164
0.184
0.171
0.166
0.403
0.175
0.155
0.148
0.149
0.198
0.143
0.136
0.15
0.142
0.174
0.177
0.148
0.178
0.177
0.157
0.177
0.157
0.15
0.172
0.152
0.165
0.165
0.154
0.387
0.156
0.155
0.129
0.149
0.233
0.133
0.122
0.161
0.127
0.138
0.186
0.14
0.142
0.173
0.162
0.148
0.139
0.163
0.144
0.133
0.18
0.138
0.131
0.39
0.168
0.164
0.149
0.157
0.23
0.163
0.133
0.199
0.173
0.149
0.171
0.161
0.135
0.168
0.166
0.148
0.152
0.151
0.16
0.146
0.149
0.16
0.139
0.161
0.153
0.154
0.148
0.147
0.199
0.174
0.123
0.176
0.176
0.139
0.157
0.151
0.137
0.154
0.144
0.155
0.143
0.128
0.165
0.136
0.138
0.16
0.129
0.149
0.141
0.135
0.126
0.151
0.199
0.123
0.127
0.135
0.119
0.148
0.148
0.132
0.142
0.149
0.143
0.137
0.137
0.141
0.129
0.143
0.146
0.125
0.147
0.142
0.122
0.118
0.126
0.136
0.154
0.123
0.124
0.12
0.108
0.143
0.144
0.112
0.142
0.138
0.126
0.137
0.114
0.117
0.129
0.114
0.12
0.123
0.122
0.117
0.125
0.114
0.128
0.137
0.117
0.122
0.136
0.112
0.106
0.149
0.144
0.106
0.142
0.138
0.114
0.137
0.131
0.101
0.134
0.13
0.103
0.129
0.13
0.114
0.126
0.111
0.137
0.138
0.143
0.137
0.123
0.111
0.124
0.138
0.14
0.119
0.143
0.133
0.116
0.144
0.118
0.105
0.151
0.111
0.108
0.14
0.114
0.12
0.129
0.111
0.137
0.137
0.161
0.126
0.118
0.131
0.112
0.135
0.147
0.119
0.14
0.118
0.116
0.132
0.116
0.128
0.126
0.11
0.127
0.122
0.113
0.126
0.146
0.143
0.145
0.143
0.199
0.164
0.115
0.164
0.17
0.134
0.158
0.147
0.138
0.164
0.144
0.146
0.143
0.12
0.158
0.135
0.128
0.154
0.123
0.142
0.137
0.138
0.14
0.137
0.191
0.144
0.115
0.159
0.151
0.133
0.164
0.154
0.138
0.179
0.137
0.13
0.152
0.109
0.128
0.139
0.121
0.128
0.123
0.138
0.127
0.099
0.144
0.139
0.131
0.127
0.13
0.116
0.119
0.135
0.144
0.114
0.141
0.136
0.102
0.13
0.133
0.11
0.125
0.118
0.125
0.123
0.113
0.126
0.14
0.112
0.131
0.134
0.153
0.123
0.118
0.135
0.117
0.114
0.17
0.112
0.125
0.145
0.109
0.125
0.124
0.126
0.125
0.101
0.141
0.123
0.1
0.146
0.14
0.106
0.123
0.149
0.179
0.113
0.127
0.136
0.103
0.114
0.156
0.106
0.127
0.148
0.107
0.117
0.134
0.126
0.108
0.119
0.141
0.11
0.107
0.172
0.14
0.124
0.126
0.128
0.194
0.119
0.111
0.139
0.11
0.134
0.158
0.127
0.14
0.142
0.133
0.139
0.134
0.15
0.129
0.122
0.162
0.12
0.126
0.332
0.203
0.166
0.126
0.143
0.182
0.119
0.126
0.148
0.11
0.535
0.274
0.161
0.122
0.143
0.135
0.129
0.135
0.146
0.128
0.119
0.16
0.12
0.12
0.332
0.119
0.128
0.147
0.126
0.152
0.164
0.106
0.119
0.17
0.143
0.165
0.171
0.15
0.172
0.121
0.137
0.131
0.09
0.144
0.128
0.095
0.146
0.115
0.113
0.116
0.108
0.141
0.126
0.125
0.156
0.119
0.097
0.142
0.143
0.185
0.187
0.156
0.163
0.12
0.144
0.131
0.096
0.145
0.131
0.098
0.141
0.126
0.107
0.203
0.162
0.122
0.151
0.182
0.12
0.126
0.149
0.112
0.536
0.272
0.165
0.126
0.158
0.152
0.136
0.137
0.144
0.134
0.118
0.16
0.125
0.12
0.336
0.219
0.165
0.116
0.167
0.198
0.123
0.131
0.154
0.111
0.553
0.276
0.168
0.136
0.158
0.151
0.14
0.146
0.14
0.132
0.131
0.152
0.125
0.132
0.337
0.198
0.155
0.149
0.16
0.193
0.136
0.141
0.136
0.114
0.604
0.259
0.169
0.159
0.138
0.144
0.149
0.148
0.121
0.132
0.16
0.121
0.125
0.154
0.313
0.425
0.257
0.213
0.2
0.223
0.162
0.142
0.154
0.2
0.845
0.393
0.23
0.159
0.16
0.34
0.255
0.227
0.475
0.337
0.302
0.391
0.468
0.486
0.47
0.548
0.265
0.238
0.256
0.255
0.193
0.183
0.179
0.29
0.88
0.486
0.397
0.358
0.266
0.34
0.456
0.403
0.442
0.465
0.583
0.391
0.718
0.584
0.666
0.115
0.128
0.132
0.128
0.142
0.142
0.12
0.099
0.146
0.174
0.21
0.222
0.168
0.18
0.134
0.133
0.131
0.114
0.135
0.135
0.113
0.138
0.125
0.111
0.14
0.13
0.139
0.146
0.155
0.149
0.146
0.115
0.151
0.207
0.25
0.253
0.183
0.191
0.151
0.137
0.153
0.133
0.135
0.158
0.136
0.138
0.157
0.135
0.658
0.23
0.202
0.226
0.264
0.183
0.214
0.189
0.29
0.582
0.401
0.517
0.541
0.509
0.494
0.59
0.626
0.674
0.815
1.376
0.681
1.147
0.949
0.994
0.851
0.304
0.227
0.241
0.224
0.229
0.22
0.226
0.486
0.637
0.443
0.611
0.695
0.736
1.058
0.764
0.921
1.001
1.463
1.648
1.045
1.975
1.426
1.452
0.968
0.344
0.227
0.223
0.218
0.252
0.215
0.427
0.605
0.651
0.459
0.641
0.73
1.358
1.373
1.113
1.101
1.45
1.998
1.81
1.46
2.64
1.963
1.911
1.087
0.344
0.216
0.228
0.269
0.261
0.222
0.463
0.755
0.652
0.459
0.655
0.825
1.462
1.398
1.16
1.119
1.456
2.457
2.15
1.838
3.113
2.015
1.911
0.958
0.303
0.188
0.19
0.234
0.249
0.194
0.536
0.874
0.456
0.373
0.567
0.913
1.533
1.859
1.22
1.144
2.201
2.52
1.707
1.91
3.552
2.229
1.885
0.479
0.321
0.159
0.152
0.155
0.189
0.163
0.115
0.172
0.325
0.332
0.354
0.431
0.874
0.345
0.344
0.33
0.348
0.773
0.818
0.431
0.585
0.504
0.501
1.01
0.427
0.166
0.163
0.183
0.215
0.165
0.134
0.203
0.357
0.486
0.47
0.829
1.947
0.66
0.507
0.489
0.604
1.433
1.632
0.808
1.262
1.01
0.992
0.958
0.3
0.181
0.18
0.204
0.257
0.17
0.517
1.05
0.369
0.285
0.454
0.725
1.307
1.528
1.189
1.254
2.161
2.733
1.575
1.926
3.287
2.315
1.885
0.958
0.319
0.177
0.174
0.199
0.261
0.17
0.544
1.146
0.347
0.267
0.347
0.593
1.296
1.528
1.189
1.236
2.451
3.264
1.455
2.18
3.577
2.469
2.154
1.055
0.319
0.177
0.178
0.249
0.261
0.193
0.435
1.201
0.347
0.271
0.304
0.495
1.147
1.011
1.108
0.94
2.328
3.092
1.528
2.12
3.121
2.343
2.124
1.055
0.311
0.195
0.195
0.245
0.261
0.195
0.373
1.319
0.324
0.273
0.344
0.489
0.749
0.746
0.74
0.838
2.544
3.541
1.528
1.836
3.026
2.207
2.053
0.993
0.298
0.196
0.212
0.208
0.261
0.19
0.347
1.289
0.3
0.273
0.334
0.387
0.555
0.591
0.576
0.685
2.863
3.649
1.435
1.836
2.947
2.368
2.152
1.498
0.61
0.189
0.181
0.204
0.207
0.192
0.16
0.192
0.357
0.705
0.646
1.511
2.338
1.134
0.802
0.689
0.831
2.11
3.129
1.409
1.824
1.514
1.392
1.908
0.832
0.241
0.188
0.215
0.215
0.185
0.2
0.207
0.342
0.958
1.26
1.826
3.569
1.351
1.045
1.043
1.559
3.457
4.761
2.128
2.494
2.022
1.895
0.998
0.298
0.212
0.216
0.22
0.262
0.219
0.268
1.289
0.267
0.295
0.334
0.387
0.673
0.591
0.576
0.73
2.168
3.649
1.499
1.812
2.852
2.295
2.081
1.134
0.307
0.226
0.223
0.241
0.244
0.255
0.268
1.379
0.317
0.359
0.422
0.291
0.269
0.306
0.335
0.527
2.863
3.541
1.782
1.88
2.765
2.126
1.888
1.078
0.244
0.236
0.249
0.241
0.223
0.234
0.264
1.379
0.442
0.353
0.422
0.332
0.313
0.277
0.322
0.462
3.031
2.946
1.674
1.668
2.323
1.931
1.72
0.94
0.219
0.236
0.223
0.214
0.201
0.234
0.264
1.332
0.375
0.329
0.377
0.281
0.237
0.222
0.257
0.383
2.477
2.569
1.565
1.627
2.111
1.768
1.704
0.917
0.219
0.218
0.236
0.241
0.187
0.235
0.238
1.246
0.36
0.319
0.36
0.261
0.243
0.213
0.229
0.466
2.242
1.96
1.682
1.954
2.552
1.97
1.736
2.053
1.022
0.269
0.196
0.254
0.217
0.188
0.202
0.217
0.511
1.538
1.631
1.835
3.569
1.358
1.336
1.102
1.562
4.111
5.408
2.392
2.63
2.208
2.019
2.161
0.962
0.253
0.197
0.261
0.215
0.18
0.255
0.228
0.553
1.54
2.156
1.395
3.473
1.237
1.189
1.105
1.053
4.111
6.026
2.9
2.658
2.222
1.926
0.972
0.224
0.217
0.225
0.245
0.187
0.235
0.227
1.514
0.553
0.334
0.355
0.236
0.559
0.524
0.27
0.652
2.178
1.96
1.958
1.627
2.314
1.926
1.736
0.986
0.207
0.223
0.243
0.218
0.179
0.235
0.352
1.514
0.549
0.303
0.248
0.205
0.228
0.227
0.251
0.416
2.178
2.183
1.624
1.938
2.319
1.974
1.798
0.986
0.207
0.206
0.275
0.199
0.175
0.201
0.357
1.554
0.406
0.248
0.215
0.225
0.267
0.208
0.22
0.367
2.096
2.361
1.624
2.123
2.309
2.027
1.865
0.96
0.206
0.216
0.258
0.228
0.182
0.225
0.474
1.34
0.266
0.286
0.216
0.209
0.255
0.256
0.233
0.482
2.096
2.475
1.671
2.242
2.442
2.239
1.955
0.974
0.198
0.226
0.258
0.23
0.185
0.225
0.329
1.377
0.297
0.257
0.206
0.212
0.278
0.251
0.218
0.524
2.049
2.747
1.834
2.342
2.604
2.517
1.941
2.096
1.043
0.338
0.274
0.284
0.202
0.179
0.345
0.259
0.426
1.54
2.305
1.964
2.963
1.395
1.158
1.388
1.563
4.176
6.026
2.904
2.658
2.237
2.004
2.002
1.045
0.349
0.286
0.255
0.197
0.178
0.344
0.324
0.443
1.472
1.868
1.773
2.033
1.299
1.158
1.49
1.571
3.941
5.902
2.995
2.549
2.2
2.052
0.974
0.202
0.256
0.222
0.201
0.178
0.253
0.433
1.445
0.303
0.303
0.199
0.202
0.602
0.562
0.251
0.639
2.725
3.352
2.281
2.111
2.305
2.69
2.126
1.097
0.231
0.284
0.265
0.215
0.186
0.281
0.578
1.317
0.303
0.314
0.199
0.213
0.282
0.282
0.209
0.402
3.02
2.92
1.946
2.111
2.32
2.689
2.074
1.068
0.222
0.266
0.273
0.246
0.2
0.258
0.454
1.36
0.307
0.298
0.191
0.205
0.292
0.278
0.19
0.68
3.262
3.23
2.153
2.03
2.105
2.606
2.096
0.964
0.196
0.274
0.248
0.24
0.2
0.258
0.461
1.36
0.262
0.311
0.199
0.198
0.29
0.278
0.192
0.766
3.403
2.704
1.575
1.836
2.05
2.606
2.112
1.262
0.216
0.267
0.233
0.209
0.191
0.261
0.318
1.401
0.305
0.32
0.207
0.226
0.625
0.339
0.208
0.764
3.393
2.614
1.737
1.844
2.186
2.31
1.922
1.943
0.886
0.312
0.296
0.268
0.197
0.173
0.323
0.324
0.559
1.049
2.067
1.773
2.86
1.299
1.3
1.226
1.975
3.403
6.147
2.689
2.659
2.221
2.214
1.844
0.707
0.226
0.223
0.268
0.213
0.174
0.229
0.335
0.79
1.123
1.984
2.38
2.375
1.248
1.521
1.139
2.181
2.823
5.912
2.708
3.037
2.217
2.173
1.406
0.242
0.247
0.278
0.246
0.201
0.244
0.34
1.497
0.283
0.338
0.221
0.253
0.936
0.633
0.393
0.88
3.393
3.036
2.181
1.866
2.186
2.217
2.26
1.408
0.241
0.224
0.296
0.297
0.214
0.22
0.215
1.539
0.302
0.328
0.248
0.298
1.215
0.489
0.402
0.88
3.204
2.567
1.887
2.055
2.455
2.197
2.027
1.095
0.22
0.205
0.286
0.304
0.213
0.2
0.197
1.539
0.282
0.316
0.248
0.504
1.309
0.761
0.542
0.904
2.889
3.018
2.485
2.278
2.326
2.074
2.008
1.192
0.246
0.21
0.267
0.3
0.21
0.201
0.204
1.776
0.317
0.297
0.275
0.528
1.309
0.8
0.545
0.825
2.517
3.005
2.425
2.299
2.324
1.984
1.896
1.246
0.273
0.21
0.274
0.35
0.22
0.21
0.198
1.736
0.328
0.297
0.275
0.528
1.317
0.8
0.549
0.834
2.107
2.964
2.425
2.299
2.324
2.04
1.926
1.811
0.664
0.197
0.222
0.262
0.214
0.174
0.229
0.316
0.559
1.02
1.805
2.57
2.575
1.828
1.305
1.134
3.03
2.823
5.924
2.805
2.975
2.188
2.143
1.668
0.666
0.231
0.251
0.262
0.2
0.179
0.211
0.296
0.425
1.092
1.718
2.605
2.317
1.838
1.466
1.375
3.67
3.116
5.914
2.805
2.973
2.188
2.152
1.227
0.286
0.202
0.285
0.35
0.22
0.2
0.196
1.482
0.347
0.281
0.301
0.599
0.956
1.164
0.858
1.214
2.107
3.308
2.647
1.833
2.223
2.068
1.915
1.132
0.288
0.207
0.26
0.329
0.214
0.2
0.196
1.369
0.418
0.283
0.32
0.588
0.659
0.907
0.921
1.326
2.146
3.124
2.191
1.832
2.101
1.923
1.915
1.073
0.288
0.207
0.25
0.295
0.203
0.201
0.196
1.583
0.629
0.263
0.3
0.372
0.436
0.771
0.588
0.945
1.481
3.371
2.193
1.826
2.034
1.923
1.935
1.269
0.374
0.208
0.231
0.301
0.207
0.203
0.192
1.604
0.624
0.237
0.27
0.285
0.349
0.317
0.449
0.85
1.541
3.243
1.872
1.663
2.11
1.947
1.941
1.329
0.421
0.227
0.241
0.259
0.203
0.209
0.2
1.36
0.402
0.219
0.273
0.255
0.349
0.286
0.452
0.973
1.877
3.471
2.152
1.594
2.257
2.104
1.962
1.671
0.666
0.2
0.222
0.258
0.203
0.19
0.179
0.217
0.374
1.115
1.549
2.524
3.223
2.586
1.946
1.243
3.162
2.822
5.969
2.759
3.016
2.223
2.137
1.672
0.81
0.223
0.204
0.258
0.211
0.193
0.187
0.214
0.338
1.115
1.549
2.524
3.223
2.601
2.013
1.197
3.162
2.995
5.761
2.873
3.13
2.223
2.012
1.299
0.337
0.22
0.241
0.222
0.194
0.203
0.204
1.314
0.616
0.236
0.275
0.271
0.581
0.474
0.593
0.967
1.78
3.471
2.394
1.927
2.491
2.217
2.003
1.378
0.306
0.244
0.234
0.211
0.198
0.212
0.232
1.429
0.796
0.219
0.259
0.239
0.313
0.272
0.344
0.967
1.78
3.282
2.175
2.017
2.476
2.193
2.013
1.419
0.294
0.225
0.25
0.25
0.218
0.203
0.23
1.462
0.705
0.215
0.264
0.239
0.387
0.316
0.289
1.139
1.91
3.273
2.11
2.058
2.411
2.282
1.88
1.419
0.303
0.225
0.25
0.261
0.218
0.212
0.23
1.462
0.718
0.247
0.292
0.244
0.365
0.306
0.295
1.192
2.147
2.811
1.922
1.994
2.411
2.195
1.777
1.244
0.226
0.237
0.26
0.226
0.202
0.212
0.24
1.525
0.714
0.277
0.306
0.261
0.57
0.495
0.332
1.705
2.397
2.864
2.411
2.058
2.895
2.331
1.824
1.865
0.924
0.257
0.213
0.258
0.233
0.201
0.192
0.223
0.239
0.936
1.712
2.106
2.334
2.048
2.109
1.363
2.772
2.606
4.963
3.151
3.125
2.214
2.012
1.865
0.924
0.259
0.211
0.253
0.219
0.193
0.188
0.198
0.218
0.711
1.32
1.555
1.794
2.048
1.879
1.309
1.913
2.33
4.15
2.935
2.453
2.158
1.963
1.121
0.209
0.226
0.27
0.258
0.208
0.21
0.223
1.483
0.768
0.309
0.28
0.255
0.838
1.035
0.33
1.483
2.064
2.601
1.916
1.994
2.596
2.216
1.723
1.033
0.201
0.225
0.246
0.27
0.202
0.206
0.224
1.483
0.519
0.277
0.277
0.22
0.566
0.828
0.236
1.317
1.852
2.033
1.323
1.535
1.58
1.631
1.27
0.797
0.182
0.2
0.224
0.27
0.189
0.187
0.21
1.114
0.263
0.271
0.258
0.215
0.558
0.821
0.242
0.693
1.035
1.345
0.862
1.068
1.089
1.171
0.841
0.58
0.174
0.183
0.19
0.24
0.182
0.184
0.183
0.806
0.245
0.253
0.212
0.18
0.432
0.723
0.208
0.238
0.634
0.657
0.537
0.59
0.596
0.614
0.463
0.386
0.163
0.169
0.181
0.236
0.187
0.163
0.174
0.405
0.187
0.212
0.175
0.144
0.392
0.717
0.197
0.125
0.162
0.136
0.184
0.156
0.169
0.143
0.138
1.402
0.715
0.259
0.2
0.209
0.209
0.193
0.199
0.173
0.193
0.473
1.033
1.123
1.461
1.253
1.646
1.102
1.017
1.595
2.835
2.27
2.058
1.653
1.438
1.076
0.592
0.221
0.196
0.193
0.199
0.179
0.187
0.179
0.181
0.285
0.564
0.88
0.585
1.144
1.338
0.974
0.639
1.053
2.835
2.031
1.912
1.588
1.445
0.99
0.148
0.144
0.143
0.24
0.174
0.149
0.148
0.137
0.175
0.171
0.15
0.136
0.173
0.155
0.179
0.121
0.146
0.136
0.164
0.126
0.152
0.143
0.138
0.201
0.148
0.144
0.143
0.233
0.167
0.149
0.151
0.137
0.175
0.171
0.154
0.136
0.173
0.155
0.197
0.121
0.146
0.141
0.192
0.146
0.158
0.148
0.144
0.201
0.339
0.155
0.193
0.241
0.177
0.17
0.161
0.269
0.346
0.182
0.154
0.168
0.391
0.311
0.32
0.313
0.225
0.932
0.76
0.636
0.617
0.618
0.518
0.607
0.67
0.176
0.22
0.268
0.199
0.185
0.183
0.32
0.417
0.209
0.274
0.316
0.686
0.969
0.589
0.554
0.412
1.841
1.461
0.978
1.18
1.159
0.959
1.038
0.843
0.197
0.247
0.292
0.204
0.199
0.201
0.368
0.602
0.336
0.482
0.376
0.738
1.695
1.248
0.957
0.614
2.666
2.219
1.419
1.705
1.829
1.347
1.391
0.437
0.219
0.211
0.176
0.181
0.181
0.194
0.182
0.196
0.285
0.59
0.529
0.585
0.918
1.046
1.043
0.639
1.226
2.205
2.139
1.917
1.588
1.501
0.703
0.437
0.219
0.242
0.176
0.186
0.204
0.209
0.182
0.184
0.463
0.562
0.572
0.589
0.971
1.302
1.517
0.727
1.995
2.673
2.038
1.694
1.591
1.527
0.703
1.091
0.27
0.345
0.278
0.208
0.224
0.216
0.406
0.845
0.57
0.508
0.522
1.032
2.299
1.552
1.342
0.837
3.686
2.971
1.924
2.268
2.436
1.85
1.922
1.16
0.315
0.345
0.289
0.215
0.264
0.221
0.406
0.894
0.698
0.697
0.683
1.628
2.311
1.573
1.393
1.006
3.686
3.06
2.469
2.268
2.643
2.031
2.097
1.126
0.3
0.344
0.333
0.271
0.291
0.227
0.327
1.057
0.785
0.883
0.805
2.144
1.848
2.069
1.889
1.215
3.871
3.222
2.525
2.296
2.5
2.072
2.131
1.126
0.302
0.266
0.327
0.271
0.29
0.201
0.303
1.111
0.794
1.033
1.733
3.156
1.848
2.211
1.889
1.249
3.568
3.222
2.54
2.217
2.5
2.17
2.216
1.126
0.354
0.257
0.304
0.215
0.291
0.199
0.273
1.184
0.692
1.024
1.71
3.166
1.313
1.689
1.71
1.442
3.291
3.137
2.66
2.246
2.678
2.198
2.208
0.687
0.464
0.284
0.197
0.186
0.201
0.205
0.184
0.229
0.375
0.354
0.545
0.781
0.971
1.847
1.585
0.982
2.73
3.15
2.038
1.686
1.722
1.518
1.171
1.152
0.696
0.329
0.225
0.207
0.212
0.22
0.205
0.246
0.412
0.55
0.77
1.195
1.556
2.555
2.135
1.905
3.492
4.159
3.051
2.177
2.311
1.975
1.66
1.163
0.359
0.258
0.334
0.227
0.257
0.205
0.248
0.995
0.794
0.932
1.787
3.166
1.313
1.503
1.177
1.616
3.059
3.227
2.66
2.198
2.539
2.23
2.208
1.186
0.33
0.225
0.345
0.225
0.271
0.206
0.226
0.986
0.723
0.959
1.734
2.811
0.837
1.319
1.018
1.557
3.059
3.017
2.211
2.091
2.595
2.227
2.105
1.192
0.294
0.257
0.345
0.223
0.243
0.209
0.231
1.034
0.704
0.985
2.601
2.701
1.216
1.78
0.995
1.568
3.508
3.081
2.211
2.172
2.375
2.17
2.011
1.136
0.294
0.223
0.292
0.202
0.238
0.203
0.213
0.983
0.732
1.114
1.634
2.162
1.214
1.718
0.995
1.428
3.584
2.758
2.152
2.135
2.351
2.17
1.945
1.167
0.334
0.233
0.302
0.223
0.256
0.211
0.216
1.008
0.767
1.44
0.963
1.463
1.238
1.576
0.903
1.428
4.148
3.395
2.175
2.136
2.401
2.175
1.893
1.482
0.869
0.329
0.245
0.227
0.257
0.222
0.21
0.258
0.432
0.605
1.271
1.689
1.63
2.994
2.536
2.65
4.797
4.494
3.361
2.381
2.443
1.993
1.928
1.854
1.074
0.401
0.323
0.326
0.286
0.254
0.205
0.272
0.453
0.76
1.271
1.72
2.15
3.804
2.536
2.65
4.797
4.057
3.827
2.436
2.546
2.015
2.031
1.116
0.289
0.234
0.274
0.249
0.256
0.212
0.218
1.027
0.86
1.51
0.963
1.318
1.563
2.064
0.928
1.405
4.675
3.924
2.186
2.136
2.383
2.161
1.865
1.167
0.323
0.223
0.253
0.25
0.251
0.211
0.206
1.027
0.797
2.127
1.256
1.318
1.504
2.203
1.346
1.061
4.675
4.193
2.258
2.265
2.458
2.195
1.88
1.153
0.296
0.22
0.239
0.239
0.226
0.21
0.205
0.992
0.731
2.127
1.347
1.463
1.511
2.982
1.659
1.087
4.994
4.424
2.376
2.284
2.331
2.138
1.877
1.187
0.367
0.195
0.259
0.239
0.237
0.204
0.193
0.932
0.843
1.804
0.997
1.032
1.158
2.669
1.605
1.123
4.743
4.506
2.29
2.278
2.406
2.252
1.896
1.266
0.366
0.22
0.27
0.262
0.237
0.21
0.201
0.979
0.768
1.657
0.963
0.995
1.128
2.27
1.486
1.083
4.614
4.506
2.307
2.317
2.531
2.362
2.003
1.891
1.16
0.462
0.42
0.343
0.264
0.224
0.21
0.239
0.264
0.807
1.361
1.72
2.046
3.804
1.9
1.786
3.891
4.494
4.316
2.4
2.554
2.122
2.125
1.781
1.05
0.436
0.328
0.334
0.244
0.27
0.239
0.239
0.238
1.028
1.437
1.549
2.779
3.525
1.482
1.78
3.034
4.58
5.084
2.463
2.554
2.13
2.109
1.348
0.362
0.195
0.249
0.231
0.229
0.2
0.234
0.823
0.726
1.162
0.827
0.755
1.48
2.567
1.566
1.292
4.158
4.929
2.414
2.442
2.641
2.362
1.983
1.483
0.467
0.224
0.267
0.231
0.25
0.218
0.294
0.848
0.781
1.618
0.751
0.864
1.177
1.866
1.238
1.436
4.334
4.829
2.629
2.585
2.62
2.461
2.045
1.586
0.467
0.26
0.283
0.295
0.301
0.264
0.41
1.043
0.979
1.491
0.751
1.296
1.264
2.019
1.238
1.88
4.802
4.723
3.011
2.675
2.679
2.539
2.292
1.823
0.723
0.546
0.574
0.57
0.545
0.523
0.676
1.147
1.415
2.021
1.107
1.345
1.796
2.019
1.275
2.189
4.802
5.296
3.129
2.874
2.86
2.794
2.547
2.153
1.114
0.847
0.817
0.826
0.783
0.781
0.918
1.251
1.3
2.116
1.543
1.837
2.353
2.287
1.761
2.544
4.756
5.766
4.015
3.147
2.96
2.938
2.783
1.742
0.837
0.326
0.294
0.242
0.252
0.27
0.231
0.219
0.264
1.185
1.531
2.546
2.534
2.666
1.323
1.612
2.373
4.686
5.201
2.394
2.466
2.167
2.084
1.76
0.854
0.528
0.404
0.344
0.317
0.336
0.24
0.239
0.319
1.389
1.493
2.34
2.242
2.701
1.418
1.468
2.471
4.589
5.737
2.558
2.528
2.32
2.13
2.431
1.502
1.119
1.107
1.084
1.026
1.021
1.12
1.293
1.444
2.336
1.937
2.098
2.554
2.8
2.051
2.795
4.852
6.303
4.627
3.216
3.109
3.117
2.923
2.644
1.776
1.414
1.39
1.304
1.301
1.284
1.309
1.395
1.687
2.51
2.33
2.598
2.388
2.743
2.257
3.234
4.842
5.766
4.533
3.216
3.416
3.224
3.031
2.656
1.807
1.453
1.46
1.405
1.391
1.341
1.41
1.455
1.752
2.299
2.33
2.598
2.497
2.904
2.326
3.337
4.339
5.575
5.026
3.323
3.485
3.224
3.035
2.776
1.873
1.503
1.491
1.503
1.492
1.422
1.479
1.454
1.784
2.371
2.258
2.363
2.585
2.954
2.503
3.074
3.905
5.676
5.045
3.459
3.545
3.363
3.071
2.721
1.797
1.526
1.543
1.532
1.502
1.452
1.568
1.606
1.573
2.098
2.178
2.326
2.207
2.406
2.18
2.635
3.546
5.347
5.045
3.459
3.529
3.601
3.183
2.069
1.091
0.886
0.742
0.669
0.615
0.675
0.57
0.563
0.621
1.671
1.493
1.577
2.37
2.342
1.147
1.226
2.471
4.833
5.877
2.733
2.743
2.569
2.321
2.027
0.98
0.798
0.661
0.576
0.531
0.603
0.923
0.914
0.681
1.671
1.493
1.376
1.413
1.54
1.124
1.214
2.471
4.833
5.555
3.142
2.871
2.556
2.467
2.622
1.696
1.526
1.543
1.532
1.502
1.452
1.555
1.862
1.765
2.158
2.11
2.142
2.283
2.367
1.826
2.39
3.661
4.8
5.045
3.271
3.446
3.958
3.367
2.371
1.564
1.501
1.502
1.52
1.492
1.447
1.546
1.862
1.765
2.297
1.892
1.912
2.193
1.925
1.621
2.35
3.736
4.191
4.254
3.002
3.002
3.871
3.367
2.062
1.2
1.173
1.159
1.155
1.129
1.098
1.249
1.655
1.464
2.047
1.513
1.56
2.031
1.775
1.448
1.936
3.623
3.842
3.571
2.903
2.826
3.562
3.275
1.793
0.89
0.845
0.834
0.818
0.777
0.776
0.959
1.624
1.705
2.004
1.095
1.221
1.656
1.249
1.197
1.575
3.798
3.832
3.059
2.896
2.883
3.532
3.24
1.486
0.551
0.567
0.557
0.538
0.497
0.481
0.747
1.797
1.517
1.518
0.749
0.831
0.942
0.813
1.086
1.351
3.25
3.832
2.87
2.752
2.787
3.333
3.138
2.409
1.028
0.576
0.58
0.578
0.516
0.614
1.0
0.88
0.688
1.369
1.388
1.51
2.462
2.342
2.075
1.67
2.548
4.851
5.824
3.11
3.156
2.827
2.442
2.693
1.279
0.665
0.659
0.676
0.59
0.664
1.149
0.963
0.988
1.394
1.513
1.699
1.866
2.093
2.822
1.805
2.799
4.851
5.326
3.359
3.497
3.297
2.698
1.486
0.463
0.403
0.393
0.392
0.365
0.345
0.669
1.873
1.639
1.818
0.628
0.702
1.163
1.041
1.086
1.526
3.25
3.952
3.335
2.977
3.068
2.905
2.824
1.611
0.463
0.403
0.393
0.392
0.365
0.345
0.669
1.883
1.512
1.72
0.628
0.702
1.112
1.015
1.319
1.99
3.949
4.361
3.3
3.192
3.308
2.905
2.824
1.988
0.701
0.646
0.601
0.626
0.595
0.575
0.889
2.29
1.88
1.734
0.953
1.143
1.512
1.373
1.443
2.125
3.508
4.787
3.692
3.392
3.524
3.144
3.021
2.169
0.93
0.881
0.818
0.816
0.828
0.807
1.078
2.551
1.959
1.922
1.242
1.621
1.824
1.959
1.559
2.898
4.146
5.344
4.185
3.989
3.979
3.485
3.404
2.606
1.299
1.072
1.018
0.997
1.004
0.987
1.27
2.678
1.569
1.785
1.649
2.152
2.518
2.514
2.294
3.597
4.865
6.259
4.704
5.208
4.825
4.284
4.235
3.097
1.777
0.938
0.894
0.892
0.812
0.888
1.381
1.229
1.137
1.674
1.746
1.579
2.045
2.609
3.072
2.157
3.679
5.046
5.824
3.782
4.068
3.739
3.387
3.139
1.601
0.908
0.903
0.892
0.801
0.865
1.358
1.196
1.113
1.719
1.843
1.987
2.816
2.376
3.072
2.497
4.229
5.67
5.238
3.492
3.957
3.927
3.813
2.974
1.485
1.233
1.199
1.135
1.136
1.139
1.394
2.678
1.849
2.264
2.492
2.542
2.86
3.535
2.994
4.55
6.346
6.898
5.519
6.204
5.585
5.015
4.723
2.941
1.753
1.308
1.199
1.135
1.136
1.139
1.394
2.475
1.694
2.057
2.931
2.73
3.209
3.023
2.952
4.424
6.346
6.898
5.484
6.204
5.585
5.015
4.723
2.574
1.485
1.27
1.182
0.953
0.922
0.911
1.075
1.787
1.421
2.021
2.931
2.654
3.209
4.266
3.563
4.476
5.395
8.281
5.949
6.069
5.379
4.621
4.256
2.558
1.462
1.061
0.897
0.725
0.726
0.689
0.775
1.13
0.987
1.626
2.322
2.897
3.781
5.07
4.417
4.476
4.882
8.322
6.185
6.248
5.457
4.699
4.107
2.66
1.362
0.806
0.712
0.512
0.492
0.475
0.503
0.58
1.248
2.176
2.123
2.687
3.541
4.892
4.417
3.716
3.733
8.103
5.845
4.873
4.393
3.821
3.189
