0.0
0.0
0.0
0.0
0.0
0.0
0.0
0.0
0.0
0.0
0.0
0.0
0.0
0.0
0.0
0.0
0.0
0.0
0.0
0.0
0.0
0.0
0.0
0.0
0.0
0.0
0.0
0.0
0.0
0.0
0.0
0.0
0.0
0.0
0.0
0.0
0.0
0.0
0.0
0.0
0.0
0.0
0.0
0.0
0.0
0.0
0.0
0.0
0.0
0.0
0.0
0.0
0.0
0.0
0.0
0.0
0.0
0.0
0.0
0.0
0.0
0.0
0.0
0.0
0.0
0.0
0.0
0.0
0.0
0.0
0.0
0.0
0.0
0.0
0.0
0.0
0.0
0.0
0.0
0.0
0.0
0.0
0.0
0.0
0.0
0.0
0.0
0.0
0.0
0.0
0.0
0.0
0.0
0.0
0.0
0.0
0.0
0.0
0.0
0.0
0.0
0.0
0.0
0.0
0.0
0.0
0.0
0.0
0.0
0.0
0.0
0.0
0.0
0.0
0.0
0.0
0.0
0.0
0.0
0.0
0.0
0.0
0.0
0.0
0.0
0.0
0.0
0.0
0.0
0.0
0.0
0.0
0.0
0.0
0.0
0.0
0.0
0.0
0.0
0.0
0.0
0.0
0.0
0.0
0.0
0.0
0.0
0.0
0.0
0.0
0.0
0.0
0.0
0.0
0.0
0.0
0.0
0.0
0.0
0.0
0.0
0.0
0.0
0.0
0.0
0.0
0.0
0.0
0.0
0.0
0.0
0.0
0.0
0.0
0.0
0.0
0.0
0.0
0.0
0.0
0.0
0.0
0.0
0.0
0.0
0.0
0.0
0.0
0.0
0.0
0.0
0.0
0.0
0.0
0.0
0.0
0.0
0.0
0.0
0.0
0.0
0.0
0.0
0.0
0.0
0.0
0.0
0.0
0.0
0.0
0.0
0.0
0.0
0.0
0.0
0.0
0.0
0.0
0.0
0.0
0.0
0.0
0.0
0.0
0.0
0.0
0.0
0.0
0.0
0.0
0.0
0.0
0.0
0.0
0.0
0.0
0.0
0.0
0.0
0.0
0.0
0.0
0.0
0.0
0.0
0.0
0.0
0.0
0.0
0.0
0.0
0.0
0.0
0.0
0.0
0.0
0.0
0.0
0.0
0.0
0.0
0.0
0.0
0.0
0.0
0.0
0.0
0.0
0.0
0.0
0.0
0.0
0.0
0.0
0.0
0.0
0.0
0.0
0.0
0.0
0.0
0.0
0.0
0.0
0.0
0.0
0.0
0.0
0.0
0.0
0.0
0.0
0.0
0.0
0.0
0.0
0.0
0.0
0.0
0.0
0.0
0.0
0.0
0.0
0.0
0.0
0.0
0.0
0.0
0.0
0.0
0.0
0.0
0.0
0.0
0.0
0.0
0.0
0.0
0.0
0.0
0.0
0.0
0.0
0.0
0.0
0.0
0.0
0.0
0.0
0.0
0.0
0.0
0.0
0.0
0.0
0.0
0.0
0.0
0.0
0.0
0.0
0.0
0.0
0.0
0.0
0.0
0.0
0.0
0.0
0.0
0.0
0.0
0.0
0.0
0.0
0.0
0.0
0.0
0.0
0.0
0.0
0.0
0.0
0.0
0.0
0.0
0.0
0.0
0.0
0.0
0.0
0.0
0.0
0.0
0.0
0.0
0.0
0.0
0.0
0.0
0.0
0.0
0.0
0.0
0.0
0.0
0.0
0.0
0.0
0.0
0.0
0.0
0.0
0.0
0.0
0.0
0.0
0.0
0.0
0.0
0.0
0.0
0.0
0.0
0.0
0.0
0.0
0.0
0.0
0.0
0.0
0.0
0.0
0.0
0.0
0.0
0.0
0.0
0.0
0.0
0.0
0.0
0.0
0.0
0.0
0.0
0.0
0.0
0.0
0.0
0.0
0.0
0.0
0.0
0.0
0.0
0.0
0.0
0.0
0.0
0.0
0.0
0.0
0.0
0.0
0.0
0.0
0.0
0.0
0.0
0.0
0.0
0.0
0.0
0.0
0.0
0.0
0.0
0.0
0.0
0.0
0.0
0.0
0.0
0.0
0.0
0.0
0.0
0.0
0.0
0.0
0.0
0.0
0.0
0.0
0.0
0.0
0.0
0.0
0.0
0.0
0.0
0.0
0.0
0.0
0.0
0.0
0.0
0.0
0.0
0.0
0.0
0.0
0.0
0.0
0.0
0.0
0.0
0.0
0.0
0.0
0.0
0.0
0.0
0.442
0.394
0.459
0.573
0.299
0.509
0.53
0.501
0.632
0.798
0.658
0.487
1.197
0.635
0.445
0.45
0.52
0.472
0.709
0.529
0.38
1.356
1.195
0.4
0.374
0.394
0.4
0.482
0.299
0.443
0.459
0.418
0.529
0.643
0.565
0.421
0.405
0.473
0.42
0.393
0.468
0.455
0.701
0.513
0.34
1.335
1.091
0.409
0.332
0.302
0.36
0.418
0.284
0.373
0.4
0.311
0.423
0.545
0.438
0.357
0.333
0.404
0.35
0.322
0.306
0.315
0.451
0.413
0.306
0.389
0.334
0.389
0.303
0.281
0.357
0.337
0.272
0.351
0.369
0.309
0.329
0.377
0.344
0.321
0.344
0.361
0.324
0.288
0.306
0.315
0.451
0.413
0.311
0.389
0.334
0.603
0.703
0.439
0.462
0.473
0.376
2.634
1.621
0.512
0.692
0.489
0.52
0.513
0.411
0.71
0.566
0.476
0.387
0.675
0.642
0.449
0.571
0.611
0.505
0.623
0.582
0.466
0.527
0.497
0.419
2.634
1.284
0.422
0.779
0.644
0.612
0.625
0.474
0.71
0.566
0.724
0.621
0.598
0.576
0.55
0.571
0.582
0.555
0.389
0.303
0.281
0.345
0.337
0.282
0.351
0.369
0.309
0.329
0.377
0.344
0.321
0.344
0.361
0.324
0.294
0.383
0.386
0.584
0.482
0.826
2.134
0.908
0.476
0.331
0.381
0.358
0.363
0.323
0.337
0.442
0.362
0.465
0.466
0.477
0.38
0.477
0.46
0.449
0.47
0.407
0.505
0.728
0.518
0.987
2.256
1.043
0.529
0.373
0.461
0.382
0.397
0.427
0.387
0.501
0.502
0.536
0.537
0.547
0.505
0.737
0.602
0.527
0.491
1.239
1.053
1.248
0.871
1.993
3.56
1.648
0.638
0.462
0.503
0.464
0.397
0.538
0.406
0.578
0.611
0.613
0.654
0.897
0.643
0.853
0.678
0.654
0.477
1.316
2.151
1.66
1.102
2.214
3.83
1.814
0.682
0.523
0.598
0.468
0.462
0.638
0.504
0.591
0.789
0.86
0.784
1.004
0.733
1.108
0.768
0.718
0.554
1.466
2.222
1.984
1.627
2.214
3.852
1.842
0.712
0.562
0.565
0.565
0.518
0.377
2.69
1.363
0.467
1.179
0.644
1.259
0.694
0.529
0.628
0.627
0.774
0.773
0.617
0.54
0.625
0.512
0.631
0.614
0.508
0.482
0.55
0.564
0.483
0.4
2.644
1.039
0.41
0.764
0.587
1.224
0.707
0.485
0.639
0.7
0.944
0.832
0.919
0.676
0.616
0.6
0.437
0.498
0.74
0.576
0.66
0.535
0.519
0.69
0.534
0.638
0.789
0.995
0.892
1.061
0.755
1.108
0.775
0.718
0.784
2.296
2.504
1.681
1.314
1.347
2.258
1.495
0.712
0.618
0.602
0.603
0.519
0.69
0.582
0.639
0.809
0.869
0.952
1.337
0.755
1.106
0.807
0.695
1.114
2.397
2.099
1.681
1.314
0.923
1.458
1.162
0.712
0.664
0.614
0.61
0.483
0.66
0.678
0.639
0.755
0.838
0.935
1.279
0.755
0.902
0.75
0.695
0.716
2.545
3.491
2.93
1.799
1.801
1.873
1.162
0.705
0.65
0.626
0.595
0.491
0.655
0.687
0.596
0.718
0.841
0.935
1.279
0.709
0.725
0.683
0.692
0.825
2.38
2.735
1.851
2.208
2.19
1.873
1.162
0.637
0.65
0.675
0.576
0.491
0.624
0.756
0.608
0.76
0.811
0.878
0.739
0.651
0.666
0.694
0.662
0.825
2.844
1.96
1.634
2.716
3.255
2.756
1.208
0.447
0.378
0.638
0.564
0.443
0.415
2.108
0.521
0.474
0.836
1.026
0.7
0.784
0.589
0.521
0.905
1.258
0.676
0.642
0.665
0.63
0.677
0.546
0.685
0.543
0.514
0.837
0.622
0.418
0.468
2.292
0.481
0.417
0.942
1.685
0.735
0.796
0.954
0.667
0.947
1.398
0.98
0.879
1.172
0.93
0.755
0.689
0.729
0.705
0.676
0.719
0.652
0.515
0.603
0.792
0.744
0.76
0.811
0.779
0.743
0.635
0.655
0.703
0.668
0.895
2.844
1.944
1.628
2.339
3.473
3.539
1.446
0.659
0.657
0.646
0.605
0.538
0.607
0.792
0.828
0.883
0.686
0.665
0.634
0.622
0.7
0.741
0.662
0.743
2.121
2.182
1.725
2.222
3.559
3.539
1.366
0.627
0.664
0.701
0.638
0.485
0.62
0.765
0.888
1.026
0.691
0.665
0.634
0.622
0.715
0.681
0.626
0.738
2.121
3.027
1.961
2.577
3.574
3.293
1.202
0.546
0.631
0.679
0.616
0.487
0.649
0.696
0.97
0.968
0.714
0.649
0.539
0.631
0.726
0.65
0.606
0.703
2.142
3.027
1.961
2.375
3.963
3.998
1.601
0.552
0.646
0.621
0.649
0.453
0.654
0.689
0.97
1.066
0.728
0.657
0.592
0.61
0.666
0.658
0.606
0.663
1.464
2.803
2.228
1.825
2.404
2.932
1.349
0.594
0.662
0.955
0.622
0.491
0.503
2.294
0.481
0.433
0.942
1.685
1.157
0.878
1.316
1.241
1.318
1.507
1.08
1.162
1.37
1.074
0.943
0.863
0.729
0.627
0.699
0.955
0.634
0.525
0.463
2.262
0.49
0.461
1.307
1.656
1.032
0.77
1.418
1.241
1.187
0.985
1.333
1.519
1.343
0.743
0.756
0.822
0.752
0.57
0.659
0.561
0.613
0.509
0.662
0.669
0.842
1.108
0.728
0.657
0.54
0.661
0.726
0.649
0.576
0.678
0.884
2.523
2.228
1.825
1.623
2.081
1.351
0.57
0.65
0.475
0.567
0.509
0.662
0.652
0.767
1.052
0.68
0.672
0.551
0.722
0.693
0.572
0.577
0.601
1.488
3.709
2.6
2.631
2.253
2.024
1.475
0.586
0.637
0.43
0.597
0.512
0.617
0.595
0.712
1.076
0.624
0.667
0.622
0.722
0.589
0.572
0.599
0.569
1.383
4.1
2.407
2.631
2.253
1.993
1.523
0.634
0.624
0.381
0.595
0.555
0.587
0.62
0.702
1.008
0.572
0.555
0.552
0.661
0.533
0.584
0.595
0.519
1.056
4.026
2.768
2.756
2.199
1.872
1.523
0.695
0.61
0.381
0.561
0.592
0.557
0.577
0.656
1.008
0.544
0.485
0.597
0.656
0.453
0.677
0.575
0.563
0.88
4.644
2.116
2.63
2.022
1.056
1.179
0.609
0.639
0.846
0.642
0.452
0.477
2.273
0.447
0.56
0.852
1.026
0.936
0.77
1.504
1.479
1.267
0.992
1.303
1.534
2.252
0.995
0.943
0.957
0.752
0.647
0.652
0.786
0.631
0.495
0.419
2.274
0.4
0.712
1.004
1.313
0.956
0.759
1.504
1.479
1.321
1.376
1.716
1.246
1.787
2.158
1.869
1.805
1.106
0.695
0.589
0.379
0.582
0.592
0.557
0.51
0.732
0.924
0.476
0.486
0.588
0.752
0.486
0.754
0.569
0.533
0.88
4.725
2.269
3.405
2.701
1.341
1.045
0.742
0.531
0.403
0.611
0.592
0.502
0.443
0.732
0.98
0.463
0.491
0.619
0.678
0.454
0.733
0.602
0.503
1.49
5.157
2.732
3.253
3.118
1.846
0.921
0.729
0.528
0.419
0.582
0.578
0.524
0.443
0.804
1.095
0.486
0.441
0.539
0.579
0.414
0.744
0.624
0.537
1.273
4.983
2.732
3.176
3.158
1.846
0.921
0.698
0.525
0.419
0.568
0.577
0.559
0.439
0.781
1.002
0.501
0.363
0.546
0.647
0.47
0.773
0.674
0.604
1.335
4.852
3.576
3.707
4.034
2.54
1.196
0.619
0.521
0.482
0.513
0.539
0.566
0.442
0.726
0.948
0.51
0.449
0.535
0.659
0.468
0.763
0.643
0.613
1.333
5.018
3.746
3.879
4.168
3.184
1.432
0.711
0.788
0.786
0.662
0.491
0.491
2.268
0.447
0.698
0.91
1.066
0.867
0.603
1.404
1.365
0.962
1.722
2.483
1.235
2.045
2.398
1.868
1.83
1.023
0.711
0.753
0.694
0.653
0.57
0.501
2.275
0.428
0.698
0.899
0.754
0.863
0.663
1.084
1.632
1.321
1.647
1.716
1.073
1.083
2.991
2.342
1.899
1.244
0.572
0.536
0.48
0.537
0.497
0.543
0.483
0.775
1.653
0.534
0.527
0.508
0.734
0.499
0.765
0.714
0.645
1.319
3.986
3.746
4.084
4.258
3.184
1.447
0.572
0.539
0.506
0.476
0.566
0.525
0.444
0.76
1.675
0.572
0.491
0.581
0.654
0.519
0.669
0.745
0.67
1.592
4.415
3.961
3.924
4.175
3.437
1.469
0.532
0.561
0.523
0.476
0.538
0.525
0.503
0.759
1.638
0.637
0.63
0.594
0.734
0.573
0.713
0.741
0.744
1.244
4.763
4.352
4.128
4.518
3.032
1.479
0.495
0.535
0.548
0.515
0.472
0.549
0.517
0.686
1.638
0.736
0.749
0.611
0.839
0.573
0.704
0.683
0.724
0.992
4.644
4.194
4.438
3.807
2.911
1.475
0.495
0.498
0.555
0.524
0.472
0.549
0.579
0.741
1.636
0.745
0.797
0.602
0.761
0.506
0.634
0.626
0.657
1.22
4.879
4.275
4.114
3.55
2.911
1.475
0.703
0.754
0.597
0.637
0.601
0.479
2.259
0.483
0.716
1.311
1.066
0.657
0.831
1.398
1.541
1.716
2.048
1.669
1.167
1.1
3.069
2.841
1.877
1.244
0.745
0.754
0.625
0.574
0.54
0.55
2.257
0.526
0.716
1.0
1.286
0.973
0.777
0.66
1.119
1.62
2.044
1.171
0.797
1.085
3.797
3.627
2.523
1.723
0.534
0.522
0.571
0.58
0.513
0.513
0.573
0.747
1.655
0.745
0.692
0.624
0.752
0.528
0.615
0.661
0.656
1.213
4.491
3.346
4.386
3.761
3.039
1.558
0.497
0.559
0.61
0.588
0.512
0.55
0.612
0.659
1.028
0.672
0.698
0.63
0.686
0.518
0.615
0.665
0.614
2.094
4.991
4.117
4.469
3.742
3.586
1.874
0.52
0.521
0.629
0.588
0.485
0.558
0.653
0.659
1.028
0.661
0.789
0.626
0.708
0.581
0.633
0.637
0.577
1.863
4.767
4.27
4.849
4.453
3.873
2.194
0.553
0.547
0.612
0.549
0.564
0.638
0.628
0.702
0.965
0.637
0.697
0.609
0.62
0.513
0.567
0.602
0.555
2.151
4.767
4.269
4.916
4.553
4.101
2.194
0.513
0.576
0.645
0.57
0.593
0.623
0.622
0.73
0.883
0.621
0.573
0.614
0.62
0.566
0.521
0.637
0.555
2.127
4.925
4.513
4.751
4.815
4.101
2.029
0.829
0.742
0.625
0.569
0.572
0.527
2.228
0.566
0.7
1.151
1.902
0.841
0.716
0.671
1.033
1.808
3.395
1.927
1.406
1.085
3.797
3.627
2.448
1.615
0.96
0.847
0.704
0.567
0.514
0.591
2.211
0.601
0.562
0.964
1.613
0.819
0.716
0.625
1.007
1.768
2.466
2.179
2.318
1.97
3.8
3.047
1.915
1.709
0.513
0.576
0.655
0.557
0.595
0.556
0.651
0.733
0.883
0.616
0.536
0.593
0.632
0.608
0.472
0.62
0.593
1.195
3.96
3.498
4.924
4.959
4.258
2.053
0.513
0.574
0.614
0.538
0.491
0.609
0.688
0.796
0.851
0.627
0.528
0.607
0.644
0.597
0.528
0.588
0.637
0.92
5.791
4.499
4.924
4.82
4.09
2.07
0.545
0.552
0.658
0.546
0.559
0.566
0.654
0.973
1.16
0.627
0.546
0.592
0.671
0.592
0.528
0.564
0.677
0.648
6.277
4.943
5.016
5.185
4.076
1.689
0.51
0.55
0.671
0.551
0.591
0.556
0.593
0.976
1.126
0.627
0.453
0.625
0.671
0.51
0.515
0.587
0.677
0.976
6.703
5.342
5.016
5.126
3.765
1.282
0.524
0.545
0.639
0.593
0.523
0.538
0.607
0.939
1.62
0.712
0.4
0.647
0.671
0.42
0.589
0.57
0.652
0.654
6.227
6.121
5.225
5.126
3.928
1.404
0.985
0.773
0.704
0.526
0.542
0.5
2.211
0.61
0.54
0.964
1.77
0.841
1.069
0.722
1.064
1.768
1.118
1.35
3.323
2.641
4.474
3.676
2.589
1.86
1.021
0.815
0.629
0.551
0.52
0.444
2.211
0.61
0.594
0.917
2.127
0.841
1.005
0.755
0.688
1.021
1.094
1.359
3.382
2.799
4.855
4.358
3.566
2.139
0.55
0.561
0.561
0.55
0.577
0.549
0.557
0.94
1.652
0.7
0.432
0.647
0.671
0.415
0.626
0.57
0.617
0.755
5.025
5.456
5.862
5.491
4.404
1.983
0.547
0.607
0.513
0.572
0.553
0.549
0.559
0.772
1.323
0.685
0.463
0.647
0.649
0.415
0.626
0.583
0.57
1.435
6.788
5.841
5.76
5.973
4.599
1.647
0.49
0.573
0.562
0.572
0.622
0.484
0.559
0.713
1.373
0.644
0.471
0.642
0.629
0.42
0.64
0.595
0.507
1.441
6.645
6.506
6.341
6.277
5.225
1.378
0.543
0.592
0.466
0.558
0.625
0.47
0.559
0.65
0.985
0.568
0.468
0.637
0.578
0.431
0.597
0.595
0.501
1.39
6.643
7.004
6.792
6.679
5.819
2.011
0.599
0.592
0.434
0.596
0.576
0.461
0.585
0.579
1.435
0.984
0.546
0.676
0.62
0.434
0.63
0.547
0.511
0.718
6.954
7.165
7.045
6.698
5.975
2.503
1.021
0.732
0.627
0.589
0.46
0.498
2.209
0.596
0.581
0.878
1.856
0.701
0.813
0.723
0.688
0.721
0.556
1.41
3.914
3.757
5.587
5.078
4.623
2.433
0.977
0.793
0.656
0.614
0.519
0.427
2.31
0.589
0.454
0.797
1.262
0.484
0.775
0.723
0.682
0.913
0.597
1.615
5.273
4.702
5.921
5.391
5.16
2.534
0.599
0.58
0.435
0.593
0.638
0.398
0.585
0.582
0.985
0.715
0.579
0.906
0.906
0.494
0.567
0.563
0.486
0.764
5.671
6.5
6.9
6.429
5.938
2.753
0.612
0.579
0.458
0.593
0.614
0.398
0.585
0.538
1.036
0.715
0.627
0.801
0.964
0.433
0.591
0.577
0.433
0.74
7.423
7.359
6.779
6.667
5.913
2.303
0.566
0.562
0.512
0.55
0.643
0.449
0.525
0.61
1.08
0.704
0.618
0.84
0.964
0.433
0.636
0.529
0.448
0.7
7.363
7.384
6.779
6.522
5.89
2.443
0.578
0.583
0.449
0.537
0.584
0.527
0.525
0.613
1.716
0.694
0.639
0.782
0.996
0.423
0.634
0.473
0.548
0.739
7.445
7.069
6.711
6.319
5.584
2.365
0.541
0.594
0.541
0.5
0.563
0.567
0.506
0.678
1.598
0.602
0.643
0.788
0.976
0.439
0.587
0.543
0.551
0.669
7.483
7.19
6.711
6.151
5.482
1.819
0.929
0.793
0.656
0.611
0.503
0.467
2.312
0.544
0.454
0.646
1.262
0.484
0.699
0.693
0.521
0.709
0.532
0.905
5.929
5.294
6.304
5.64
5.708
2.744
0.917
0.832
0.67
0.704
0.554
0.467
2.349
0.535
0.418
0.535
1.323
0.482
0.691
0.76
0.528
0.723
0.637
0.905
5.132
5.19
6.711
6.042
6.035
2.879
0.56
0.594
0.508
0.502
0.609
0.516
0.549
0.761
0.874
0.399
0.617
0.561
0.637
0.509
0.571
0.564
0.567
0.809
6.115
5.846
6.874
6.37
5.482
1.819
0.572
0.598
0.508
0.505
0.537
0.592
0.499
0.772
0.874
0.399
0.617
0.561
0.497
0.551
0.571
0.534
0.655
0.795
8.061
7.725
7.151
6.653
5.355
1.265
0.57
0.579
0.517
0.505
0.52
0.54
0.57
0.772
0.85
0.375
0.621
0.561
0.471
0.564
0.571
0.498
0.655
0.826
7.772
7.485
7.788
7.105
5.991
1.96
0.619
0.525
0.528
0.533
0.52
0.486
0.635
0.946
0.738
0.355
0.617
0.521
0.49
0.54
0.525
0.525
0.625
0.903
7.824
7.817
8.147
7.584
6.571
2.176
0.706
0.472
0.601
0.484
0.593
0.417
0.597
0.683
0.73
0.355
0.622
0.511
0.49
0.54
0.529
0.525
0.584
0.763
7.92
7.518
8.667
8.001
7.339
2.328
0.852
0.789
0.538
0.723
0.51
0.474
2.349
0.485
0.472
0.481
1.347
0.596
0.58
0.76
0.567
0.993
0.848
1.542
5.406
5.751
6.967
6.042
6.035
2.992
0.781
0.702
0.597
0.831
0.535
0.446
2.253
0.504
0.378
0.481
1.044
0.598
0.57
0.704
0.736
1.078
1.401
1.664
5.406
5.751
7.205
6.393
6.309
3.153
0.781
0.396
0.56
0.474
0.629
0.346
0.679
0.758
0.672
0.399
0.604
0.463
0.526
0.537
0.52
0.525
0.569
0.904
6.859
7.628
8.991
8.295
7.784
3.013
0.731
0.42
0.636
0.418
0.647
0.402
0.601
0.756
0.611
0.475
0.633
0.413
0.591
0.573
0.54
0.566
0.569
1.801
8.094
8.059
8.604
7.899
7.016
3.013
0.657
0.446
0.636
0.418
0.718
0.4
0.644
0.709
0.753
0.528
0.659
0.413
0.591
0.565
0.541
0.576
0.479
1.781
6.933
8.012
8.425
8.515
7.577
4.066
0.67
0.55
0.552
0.506
0.718
0.427
0.558
0.794
0.607
0.622
0.633
0.495
0.546
0.621
0.462
0.618
0.438
1.672
5.665
8.441
8.332
8.23
7.239
4.77
1.413
0.675
0.556
0.506
0.679
0.534
0.462
0.673
0.549
0.681
0.546
0.576
0.518
0.627
0.454
0.665
0.407
0.662
3.949
8.99
8.152
8.083
6.982
4.441
2.187
0.684
0.618
0.803
0.535
0.463
2.248
0.48
0.502
0.481
1.11
0.763
0.558
0.765
0.641
1.078
1.383
1.65
5.536
5.95
7.556
6.588
6.62
3.302
0.695
0.727
0.517
0.697
0.538
0.568
2.175
0.552
0.543
0.478
1.11
0.918
0.595
0.86
0.726
0.844
1.427
1.731
4.368
4.944
7.556
7.08
6.777
3.524
0.759
0.738
0.477
0.552
0.685
0.558
0.463
0.673
0.564
0.681
0.56
0.573
0.518
0.627
0.441
0.697
0.372
0.735
2.151
9.086
7.916
7.945
5.749
5.458
2.293
0.738
0.441
0.589
0.673
0.625
0.463
0.585
0.624
0.741
0.488
0.628
0.541
0.624
0.49
0.706
0.375
0.645
2.672
9.248
7.27
8.019
5.704
6.203
3.058
0.722
0.414
0.589
0.629
0.602
0.534
0.506
0.694
0.7
0.394
0.661
0.547
0.535
0.484
0.673
0.375
0.573
1.64
10.33
7.749
8.354
6.927
6.722
3.783
0.705
0.453
0.517
0.624
0.565
0.563
0.491
0.586
0.7
0.388
0.6
0.554
0.528
0.505
0.706
0.433
0.538
1.675
9.88
8.395
8.354
7.151
7.198
3.901
0.647
0.536
0.47
0.586
0.487
0.64
0.407
0.734
0.74
0.44
0.568
0.546
0.503
0.557
0.629
0.458
0.509
2.555
9.397
8.349
8.197
7.593
7.608
4.095
0.833
0.586
0.628
0.581
0.545
2.14
0.552
0.463
0.482
1.11
0.821
0.594
0.828
0.937
1.003
1.68
2.579
4.471
5.023
8.025
7.505
5.914
4.422
0.605
0.715
0.493
0.541
0.511
0.471
2.14
0.601
0.453
0.537
1.031
0.854
0.639
0.747
0.937
0.957
1.832
2.458
6.307
6.413
8.198
7.505
5.914
5.349
1.328
0.615
0.484
0.474
0.586
0.477
0.64
0.407
0.734
0.82
0.44
0.568
0.543
0.473
0.571
0.621
0.51
0.552
4.004
8.621
8.67
8.54
8.097
8.377
4.184
0.559
0.533
0.42
0.573
0.459
0.647
0.423
0.754
0.922
0.41
0.568
0.543
0.416
0.571
0.543
0.575
0.514
6.147
8.981
9.1
8.54
8.289
8.466
4.184
0.513
0.535
0.412
0.545
0.373
0.629
0.402
0.736
0.981
0.41
0.554
0.468
0.487
0.591
0.518
0.575
0.547
7.032
8.981
9.919
8.342
8.369
8.466
4.368
0.513
0.559
0.399
0.561
0.437
0.579
0.4
0.741
1.024
0.485
0.571
0.47
0.503
0.63
0.599
0.572
0.608
8.212
9.148
10.467
8.577
8.528
8.538
4.556
0.492
0.598
0.369
0.561
0.441
0.515
0.415
0.752
0.964
0.472
0.547
0.513
0.429
0.667
0.514
0.601
0.613
8.808
10.197
10.333
8.994
9.085
9.083
4.674
0.727
0.586
0.526
0.577
0.463
2.092
0.647
0.388
0.574
0.816
0.854
0.665
0.747
1.042
0.831
1.482
1.757
6.836
7.364
8.755
7.884
7.326
6.493
2.207
0.668
0.487
0.512
0.553
0.463
2.103
0.625
0.393
0.577
1.169
1.109
0.85
0.814
0.828
0.859
1.107
2.452
8.637
9.331
9.008
8.245
7.75
7.648
3.046
0.513
0.543
0.363
0.612
0.421
0.515
0.443
0.611
0.982
0.444
0.547
0.504
0.474
0.681
0.506
0.636
0.613
8.313
9.985
10.861
9.406
9.415
9.639
4.612
0.46
0.63
0.339
0.612
0.421
0.527
0.395
0.646
0.947
0.469
0.478
0.598
0.503
0.681
0.502
0.595
0.579
8.808
11.251
10.861
9.783
9.693
10.083
4.362
0.495
0.57
0.358
0.583
0.406
0.54
0.34
0.608
0.898
0.419
0.525
0.51
0.579
0.602
0.572
0.518
0.621
8.472
12.174
11.399
10.439
10.35
10.631
4.612
0.478
0.59
0.344
0.608
0.392
0.553
0.358
0.602
0.894
0.432
0.521
0.506
0.565
0.473
0.589
0.514
0.631
8.729
11.948
11.18
10.998
10.375
10.631
4.655
0.478
0.466
0.363
0.537
0.331
0.602
0.358
0.558
0.894
0.432
0.464
0.499
0.551
0.45
0.51
0.521
0.602
8.715
11.25
10.967
10.88
10.739
10.526
4.623
0.762
0.402
0.588
0.586
0.373
2.165
0.6
0.39
0.577
1.95
1.555
0.753
0.809
0.741
0.815
1.107
2.452
8.83
10.081
9.194
8.603
8.315
8.37
4.02
0.762
0.495
0.615
0.606
0.373
2.193
0.583
0.399
0.506
2.125
1.487
0.743
0.733
0.662
0.85
1.119
2.828
9.252
10.826
9.742
9.141
9.486
9.135
4.394
0.464
0.475
0.373
0.433
0.416
0.602
0.358
0.542
0.918
0.381
0.445
0.53
0.587
0.45
0.51
0.521
0.575
8.372
10.139
10.652
10.46
10.353
10.358
4.538
0.473
0.475
0.386
0.433
0.419
0.535
0.362
0.518
0.893
0.46
0.445
0.56
0.582
0.461
0.536
0.522
0.594
8.689
11.277
10.574
10.763
10.613
10.373
4.743
0.576
0.475
0.443
0.502
0.36
0.612
0.362
0.518
0.866
0.872
0.478
0.568
0.593
0.441
0.524
0.489
0.656
8.689
10.171
11.059
10.997
10.684
10.115
4.933
0.547
0.558
0.443
0.545
0.395
0.594
0.475
0.628
0.833
0.872
0.485
0.649
0.516
0.551
0.524
0.483
0.689
9.148
9.953
10.574
10.981
10.43
9.959
4.887
0.617
0.587
0.431
0.549
0.494
0.515
0.588
0.643
0.768
0.93
0.443
0.704
0.499
0.573
0.516
0.544
0.654
8.535
9.878
10.24
10.678
10.268
9.741
4.831
0.707
0.502
0.658
0.625
0.342
2.173
0.677
0.367
0.589
1.743
1.543
0.628
1.049
0.645
0.85
1.283
3.911
9.693
11.205
10.246
9.874
10.037
9.884
4.68
0.781
0.586
0.65
0.625
0.361
2.179
0.616
0.412
0.631
2.843
1.974
0.826
1.11
0.701
1.115
1.656
4.941
9.58
10.68
10.206
9.874
10.037
9.884
4.604
0.619
0.581
0.435
0.645
0.522
0.48
0.626
0.744
0.768
0.578
0.529
0.654
0.582
0.578
0.556
0.548
0.654
7.4
7.875
9.87
10.084
9.655
9.106
4.657
0.682
0.569
0.497
0.68
0.475
0.503
0.698
0.762
0.704
0.629
0.596
0.64
0.544
0.58
0.611
0.526
0.631
8.539
9.828
9.342
8.697
8.909
8.463
4.092
0.652
0.576
0.506
0.645
0.475
0.527
0.609
0.762
0.697
0.535
0.538
0.64
0.462
0.529
0.611
0.471
0.579
7.985
9.828
9.094
8.131
8.765
7.99
3.14
0.592
0.473
0.45
0.615
0.439
0.527
0.611
0.623
0.676
0.475
0.507
0.579
0.403
0.529
0.56
0.45
0.606
8.024
10.244
9.094
8.117
8.538
7.99
2.326
0.643
0.405
0.45
0.55
0.428
0.456
0.551
0.589
0.717
0.505
0.431
0.521
0.415
0.456
0.506
0.447
0.457
6.263
9.128
8.773
7.646
6.922
6.137
1.562
0.804
0.575
0.711
0.642
0.445
2.219
0.657
0.459
1.054
4.06
2.283
0.9
1.11
0.701
1.335
2.412
6.729
9.644
10.149
9.453
9.703
9.912
9.633
3.925
0.82
0.68
0.711
0.67
0.486
2.207
0.69
0.477
1.054
3.004
1.762
0.834
1.112
0.71
1.229
2.443
4.775
9.329
10.734
10.069
10.272
10.165
9.986
3.367
0.587
0.357
0.477
0.486
0.41
0.463
0.498
0.66
0.867
0.52
0.438
0.46
0.431
0.456
0.515
0.377
0.475
6.251
9.181
9.072
8.135
7.237
6.875
1.562
0.587
0.385
0.465
0.487
0.387
0.457
0.485
0.59
0.766
0.658
0.438
0.51
0.431
0.427
0.549
0.344
0.507
7.312
9.786
9.386
9.692
7.545
7.166
1.424
0.582
0.385
0.46
0.485
0.38
0.481
0.485
0.575
0.855
0.636
0.573
0.529
0.579
0.427
0.466
0.344
0.601
7.071
10.077
9.865
10.337
9.573
9.722
1.455
0.599
0.406
0.497
0.467
0.38
0.532
0.471
0.858
0.855
0.67
0.624
0.515
0.619
0.487
0.48
0.368
2.221
7.765
10.077
10.087
10.299
9.285
9.763
1.467
0.683
0.448
0.525
0.46
0.412
0.551
0.469
1.004
0.844
0.69
0.654
0.547
0.66
0.565
0.515
0.378
0.65
6.277
9.857
10.101
10.401
9.865
9.846
1.416
0.767
0.68
0.723
0.66
0.536
2.149
0.708
0.449
1.029
2.161
1.212
0.919
1.078
0.805
1.252
3.104
6.578
9.345
10.577
9.868
9.928
9.644
9.7
2.461
0.718
0.619
0.628
0.619
0.523
2.096
0.731
0.378
1.014
2.03
1.193
0.928
1.078
0.805
1.217
3.059
6.667
8.337
9.94
9.038
9.17
8.784
8.699
1.558
0.67
0.492
0.583
0.434
0.466
0.566
0.469
1.029
0.789
0.789
0.682
0.538
0.696
0.597
0.507
0.446
0.65
7.215
9.857
10.171
10.674
10.025
10.179
1.545
0.67
0.48
0.583
0.43
0.46
0.566
0.469
0.775
0.646
0.789
1.123
0.636
0.696
0.678
0.496
0.479
0.585
6.966
9.714
10.277
10.313
9.607
10.171
1.545
0.67
0.478
0.585
0.362
0.509
0.586
0.491
0.811
0.682
0.683
1.084
0.582
0.73
0.705
0.456
0.568
0.682
6.82
10.146
10.277
9.824
9.676
10.019
1.456
0.67
0.509
0.541
0.362
0.525
0.596
0.518
1.136
0.715
1.134
1.419
0.573
0.654
0.673
0.502
0.568
2.23
7.213
10.531
10.477
9.824
9.41
9.47
1.517
0.659
0.463
0.506
0.367
0.588
0.55
0.5
0.819
0.851
1.122
1.853
0.662
0.798
0.64
0.553
0.622
0.74
6.441
9.759
9.844
9.551
9.41
9.878
1.768
0.699
0.605
0.572
0.622
0.556
2.153
0.704
0.431
0.991
2.032
1.085
0.929
0.691
0.597
0.887
2.207
4.709
7.965
9.027
8.134
8.192
7.063
6.347
1.358
0.699
0.645
0.52
0.664
0.503
2.153
0.745
0.397
0.639
0.646
1.851
1.907
0.574
0.633
0.635
1.708
5.093
8.141
9.066
8.406
8.303
7.247
6.444
1.363
0.688
0.471
0.532
0.393
0.58
0.519
0.524
0.688
1.106
2.024
1.858
0.746
0.996
0.706
0.639
0.784
1.557
6.985
9.727
9.3
8.801
9.022
9.054
1.698
0.702
0.512
0.531
0.47
0.54
0.517
0.524
0.584
1.8
3.753
3.824
1.553
0.977
0.706
0.639
1.786
2.394
7.921
10.697
10.074
9.089
9.174
9.585
1.724
0.759
0.526
0.514
0.475
0.54
0.517
0.524
0.629
1.8
2.848
1.858
1.496
0.739
0.552
0.584
1.786
2.394
7.921
9.43
7.439
7.206
7.461
7.139
1.555
0.772
0.608
0.444
0.475
0.461
0.456
0.475
0.552
1.723
2.762
1.453
1.464
0.644
0.581
0.702
1.749
2.342
6.648
7.154
5.824
5.639
5.641
5.495
1.513
0.867
0.632
0.474
0.445
0.417
0.396
0.362
0.467
0.999
3.012
2.293
2.294
0.725
0.766
0.795
2.459
2.342
5.356
5.015
3.417
3.542
3.939
3.492
1.5
0.756
0.68
0.427
0.664
0.47
2.119
0.682
0.357
0.536
0.646
1.851
0.628
0.5
0.595
0.635
1.708
4.858
8.141
8.411
8.217
9.019
7.781
6.363
1.351
0.81
0.68
0.51
0.596
0.469
1.909
0.575
0.33
0.536
0.63
1.801
1.149
0.451
0.646
0.984
1.7
4.805
7.728
7.583
7.556
7.221
5.583
4.411
1.337
0.945
0.776
0.556
0.422
0.417
0.396
0.352
0.468
1.018
3.292
2.25
2.512
1.68
1.243
1.92
3.798
2.537
4.195
3.176
1.765
1.884
2.28
1.38
1.388
0.907
0.752
0.683
0.507
0.436
0.418
0.354
0.483
0.826
1.5
2.314
1.741
0.659
0.817
1.932
2.528
1.876
2.526
2.106
1.611
1.747
2.167
1.438
1.457
0.946
0.72
0.651
0.377
0.401
0.416
0.272
0.487
0.662
0.927
1.0
0.859
0.71
0.9
2.047
1.594
1.235
1.434
1.638
1.594
1.411
1.732
1.363
1.415
0.946
0.742
0.826
0.38
0.426
0.5
0.291
0.429
0.749
1.177
1.046
0.968
0.788
0.9
2.047
1.704
1.235
1.336
1.579
1.5
1.32
1.341
1.266
1.291
0.876
0.728
1.02
0.398
0.411
0.596
0.34
0.45
0.697
1.225
1.62
1.234
0.826
0.845
1.987
1.704
1.198
1.336
1.564
1.518
1.327
1.147
1.331
1.43
0.899
0.822
0.51
0.616
0.434
1.906
0.522
0.395
0.556
0.794
2.207
1.217
0.451
0.673
1.05
1.11
3.51
5.884
5.655
6.028
5.851
3.736
2.781
1.256
0.976
0.822
0.513
0.614
0.453
1.122
0.47
0.429
0.57
0.889
2.29
1.251
0.47
0.673
1.075
1.387
2.857
4.634
4.028
4.301
3.971
2.996
2.781
1.256
0.807
0.749
1.039
0.467
0.418
0.66
0.394
0.536
0.734
1.045
1.08
0.994
0.763
0.686
0.796
0.916
0.935
1.336
1.511
1.467
1.327
1.147
1.362
1.282
0.833
0.611
0.855
0.555
0.376
0.605
0.456
0.536
0.734
0.953
0.733
0.728
0.757
0.633
0.796
0.838
0.892
1.371
1.362
1.495
1.337
1.199
1.485
1.166
0.852
0.591
0.687
0.498
0.376
0.522
0.401
0.45
0.637
1.111
0.741
0.736
0.741
0.646
0.728
0.753
0.822
1.378
1.355
1.625
1.325
1.105
1.357
1.059
0.692
0.524
0.615
0.589
0.456
0.488
0.456
0.477
0.715
1.255
0.777
0.821
0.79
0.638
0.684
0.698
0.72
1.368
1.355
1.535
1.227
0.948
1.204
0.845
0.628
0.493
0.557
0.582
0.528
0.489
0.442
0.563
0.641
1.124
0.777
0.878
0.777
0.662
0.66
0.667
0.766
1.38
1.352
1.602
1.227
1.008
1.288
0.845
0.976
0.833
0.42
0.529
0.393
1.094
0.391
0.368
0.501
0.828
2.357
1.991
0.581
0.831
1.125
1.681
3.135
3.529
2.784
3.086
3.266
2.793
2.681
1.401
0.983
0.84
0.505
0.518
0.379
0.502
0.391
0.434
0.407
1.186
1.218
1.374
0.713
0.838
1.199
1.41
1.555
1.84
1.426
2.112
1.636
1.086
1.149
1.249
1.065
0.557
0.451
0.626
0.64
0.44
0.441
0.608
0.662
1.124
0.753
0.878
0.796
0.733
0.66
0.663
0.766
1.412
1.348
1.602
1.249
1.013
1.189
0.845
1.146
0.532
0.358
0.539
0.64
0.369
0.395
0.605
0.728
1.116
0.7
1.165
0.932
0.805
0.639
0.7
0.814
1.33
1.201
1.496
1.134
0.912
1.03
0.725
0.876
0.537
0.303
0.5
0.719
0.405
0.325
0.692
0.724
0.961
0.704
1.231
0.881
0.885
0.639
0.717
0.814
1.251
1.144
1.377
1.076
0.852
0.842
0.764
0.727
0.481
0.346
0.583
0.658
0.406
0.428
0.704
0.776
0.771
0.709
1.231
0.839
0.82
0.591
0.774
0.815
1.241
1.044
1.19
1.016
0.8
0.727
0.642
0.862
0.486
0.359
0.462
0.658
0.406
0.327
0.81
0.776
0.658
0.848
1.21
0.77
0.857
0.651
0.87
0.797
1.241
1.005
1.1
1.004
0.859
0.712
0.599
0.924
0.774
0.656
0.518
0.419
0.486
0.485
0.499
0.53
0.977
0.854
1.421
0.688
0.802
0.874
1.157
1.088
1.361
1.265
1.603
1.072
1.063
1.046
1.23
0.786
0.642
0.763
0.528
0.4
0.486
0.577
0.503
0.535
0.911
0.854
0.808
0.639
0.772
0.834
1.157
1.088
1.361
1.156
1.287
1.072
1.001
0.965
1.1
0.851
0.486
0.319
0.5
0.566
0.406
0.349
0.688
0.804
0.565
0.848
1.136
0.695
0.902
0.636
0.963
0.721
1.195
1.05
1.027
1.047
0.837
0.643
0.547
0.851
0.445
0.322
0.444
0.605
0.386
0.366
0.618
0.825
0.502
1.401
0.949
0.49
0.783
0.629
1.042
0.683
1.16
1.108
0.961
0.985
0.767
0.536
0.494
0.704
0.412
0.354
0.541
0.616
0.463
0.461
0.51
0.821
0.477
1.615
0.835
0.49
0.706
0.631
1.055
0.7
1.16
1.259
1.038
0.954
0.655
0.641
0.7
0.523
0.407
0.356
0.49
0.488
0.544
0.481
0.346
0.815
0.587
1.531
0.685
0.497
0.601
0.569
1.055
0.515
1.104
1.219
1.029
0.874
0.74
0.698
0.546
0.525
0.397
0.458
0.433
0.463
0.583
0.481
0.282
0.805
0.472
1.022
0.607
0.491
0.607
0.62
1.055
0.529
1.014
1.29
1.029
0.876
0.796
0.732
0.666
0.766
0.635
0.74
0.624
0.533
0.598
0.66
0.522
0.391
0.747
0.812
0.693
0.622
0.675
0.689
1.128
0.887
1.322
1.199
1.352
1.072
0.999
0.875
0.925
0.644
0.588
0.888
0.564
0.464
1.487
0.744
0.576
0.343
0.728
0.763
0.709
0.675
0.706
0.682
1.015
0.783
1.174
1.161
1.252
1.08
1.078
0.955
1.056
0.41
0.373
0.607
0.433
0.323
0.688
0.481
0.259
0.79
0.422
0.848
0.517
0.47
0.588
0.546
0.941
0.674
1.009
1.317
0.91
0.882
0.752
0.711
0.704
0.422
0.326
0.618
0.392
0.378
0.584
0.477
0.282
0.769
0.444
0.945
0.463
0.463
0.557
0.559
0.802
0.813
0.976
1.314
0.974
0.795
0.79
0.685
0.765
0.422
0.326
0.743
0.402
0.311
0.693
0.509
0.337
0.719
0.493
0.945
0.463
0.534
0.575
0.63
0.658
0.824
0.938
1.302
1.133
0.817
0.937
0.693
0.702
0.401
0.321
0.745
0.402
0.326
0.609
0.556
0.372
0.665
0.629
0.744
0.535
0.455
0.607
0.642
0.562
0.975
0.938
1.153
0.986
0.886
0.944
0.688
0.702
0.371
0.421
0.641
0.4
0.335
0.597
0.509
0.378
0.673
0.496
0.969
0.541
0.454
0.728
0.642
0.646
1.168
1.247
1.302
1.138
0.975
0.933
0.708
0.69
0.723
0.548
0.995
0.577
0.542
1.531
0.744
0.576
0.475
0.744
0.786
0.624
0.6
0.602
0.709
1.015
0.727
0.953
1.188
1.075
1.003
1.067
0.847
0.865
0.595
0.43
1.003
0.57
0.561
2.431
0.733
0.524
0.444
0.65
0.707
0.535
0.519
0.559
0.643
0.854
0.718
0.953
1.133
0.987
0.905
1.039
0.852
0.847
0.343
0.502
0.515
0.487
0.321
0.599
0.502
0.36
0.774
0.507
0.888
0.68
0.532
0.835
0.859
0.566
0.913
1.297
1.284
1.174
0.974
1.0
0.736
0.687
0.308
0.534
0.386
0.64
0.343
0.472
0.481
0.459
0.683
0.567
1.112
0.82
0.61
0.881
0.859
0.657
0.848
1.422
2.043
1.366
1.045
1.037
0.779
0.718
0.347
0.57
0.4
0.658
0.343
0.465
0.503
0.364
0.858
0.733
1.125
0.955
0.738
1.471
0.937
0.657
1.063
1.517
2.185
1.596
1.114
1.051
0.814
0.701
0.294
0.479
0.393
0.655
0.503
0.373
0.468
0.441
0.823
0.765
1.096
1.095
0.87
1.362
0.92
0.657
1.063
1.518
3.019
1.614
1.101
1.106
0.814
0.701
0.321
0.465
0.384
0.663
0.467
0.394
0.468
0.405
0.843
0.7
1.378
1.066
0.98
1.738
0.938
0.667
0.765
1.287
3.084
1.594
1.101
1.16
0.861
0.701
0.504
0.384
0.956
0.433
0.432
2.431
0.712
0.485
0.37
0.65
0.723
0.535
0.575
0.573
0.641
0.853
0.737
0.898
1.144
0.976
0.958
1.039
0.871
0.787
0.497
0.384
0.989
0.432
0.432
2.428
0.697
0.474
0.425
0.65
0.702
0.586
0.7
0.549
0.585
0.728
0.73
0.95
1.127
0.911
0.823
0.983
0.902
0.663
0.321
0.41
0.399
0.663
0.466
0.362
0.591
0.424
0.672
0.809
1.218
1.066
0.975
1.609
0.748
0.567
0.591
1.194
2.372
1.402
1.043
1.16
0.849
0.709
0.335
0.347
0.595
0.533
0.474
0.33
0.594
0.434
0.744
0.809
1.218
0.933
0.783
0.971
0.722
0.579
0.664
1.287
2.61
1.829
1.373
1.258
0.876
0.641
0.415
0.316
0.602
0.427
0.606
0.36
0.596
0.386
1.061
0.857
0.989
0.847
0.783
0.895
0.764
0.579
0.865
1.245
2.71
1.873
1.535
1.695
0.876
0.663
0.357
0.271
0.787
0.554
0.445
0.397
0.649
0.477
0.982
0.857
1.312
0.715
0.7
0.607
0.764
0.652
0.728
1.131
2.61
1.63
1.222
1.265
0.916
0.82
0.532
0.288
0.781
0.652
0.43
0.382
0.698
0.477
1.039
0.815
1.693
0.711
0.561
0.544
0.764
0.693
0.788
1.867
1.757
1.47
1.313
1.214
1.018
0.807
0.39
0.357
0.896
0.372
0.37
2.371
0.634
0.395
0.418
0.701
0.669
0.689
0.75
0.68
0.856
0.686
0.696
0.918
1.168
0.906
0.916
1.081
0.96
0.673
0.387
0.346
0.717
0.435
0.349
2.224
0.564
0.305
0.55
0.617
0.814
0.76
0.891
0.732
1.146
0.953
0.795
1.031
1.3
0.906
0.875
1.074
0.912
0.617
0.53
0.282
1.192
0.506
0.506
0.448
0.682
0.623
1.124
0.715
1.15
0.558
0.489
0.447
0.752
0.682
0.816
1.715
1.817
1.578
1.359
1.167
1.04
0.639
0.548
0.262
0.993
0.58
0.473
0.469
0.578
0.636
1.124
0.669
1.514
0.6
0.444
0.45
0.731
0.827
0.898
1.932
2.391
1.864
1.566
1.169
1.138
0.62
0.609
0.287
0.832
0.691
0.506
0.547
0.497
0.695
0.938
0.673
1.459
0.782
0.444
0.58
0.696
0.809
0.871
1.444
2.477
1.851
1.44
1.065
1.174
0.679
0.483
0.292
0.901
0.651
0.44
0.53
0.555
0.691
0.828
0.665
1.734
1.017
0.615
0.659
0.68
0.757
0.871
1.405
2.019
1.851
1.357
1.065
1.174
0.604
0.551
0.388
0.989
0.593
0.553
0.453
0.612
0.78
0.828
0.665
1.416
1.127
0.589
0.514
0.607
0.693
0.85
1.549
2.019
1.713
1.421
1.154
1.161
0.584
0.387
0.346
0.717
0.485
0.349
2.147
0.541
0.376
0.557
0.738
0.836
1.243
1.026
0.999
1.064
0.714
0.665
1.031
1.205
1.015
0.93
1.083
0.99
0.58
0.385
0.359
1.257
0.419
0.365
1.437
0.491
0.42
0.709
0.902
1.18
1.47
1.082
1.04
1.49
1.047
0.734
1.263
1.344
1.277
1.643
1.143
0.99
0.58
0.529
0.318
0.997
0.545
0.459
0.534
0.596
0.696
0.916
0.618
1.214
1.419
0.675
0.609
0.61
0.693
0.8
1.342
2.459
2.572
1.565
1.37
1.156
0.659
0.587
0.884
0.57
0.532
0.462
0.493
0.579
0.672
0.944
0.626
1.214
1.419
0.679
0.601
0.538
0.642
0.708
1.45
2.999
2.64
1.565
1.425
1.256
0.651
0.587
0.954
0.57
0.492
0.483
0.503
0.579
0.79
0.971
0.702
0.882
1.081
0.679
0.682
0.504
0.541
0.528
1.284
2.899
3.089
1.487
1.528
1.126
0.567
0.579
0.933
0.681
0.421
0.552
0.396
0.644
0.919
1.185
0.87
0.869
0.992
0.534
0.636
0.524
0.629
0.494
1.284
3.179
3.63
1.441
1.528
1.011
0.456
0.544
1.0
0.597
0.488
0.498
0.467
0.67
0.907
1.311
1.019
0.618
0.755
0.485
0.595
0.508
0.511
0.491
1.201
3.543
3.075
1.627
1.977
1.12
0.603
0.423
0.352
1.318
0.419
0.378
1.437
0.434
0.431
0.918
0.902
1.66
1.595
1.082
1.177
2.263
1.964
0.849
2.147
2.093
1.555
1.097
1.168
1.061
0.6
0.425
0.423
1.173
0.413
0.447
1.437
0.434
1.956
2.967
2.607
3.033
1.926
1.082
1.177
2.263
1.964
1.916
3.076
2.925
2.074
1.962
2.878
2.517
0.575
0.503
0.523
0.458
0.462
0.428
0.531
0.657
0.855
1.098
0.892
0.492
0.657
0.574
0.598
0.55
0.516
0.553
1.092
3.543
3.572
2.962
3.501
2.667
0.592
0.529
0.583
0.563
0.473
0.442
0.523
0.698
1.066
1.041
0.885
0.455
0.632
0.475
0.548
0.472
0.413
0.484
1.439
3.55
3.586
4.407
4.718
4.289
0.592
0.455
0.583
0.536
0.554
0.464
0.527
2.172
2.516
0.874
0.899
0.427
0.57
0.476
0.519
0.481
0.466
0.482
2.877
4.66
5.128
6.1
6.449
5.835
0.505
0.45
0.556
0.545
0.521
0.437
0.583
3.6
4.191
0.76
0.765
0.443
0.484
0.579
0.468
0.476
0.416
0.532
4.223
5.832
6.157
7.46
8.033
7.617
0.602
0.439
0.556
0.455
0.521
0.424
0.583
5.969
7.009
0.483
0.522
0.406
0.402
0.531
0.419
0.424
0.37
0.551
5.54
7.087
7.294
7.82
8.094
7.617
0.709
0.461
0.4
1.202
0.449
0.462
1.403
0.46
3.552
4.379
4.118
3.033
1.907
0.964
0.933
1.768
1.858
3.73
4.766
4.242
3.5
3.406
4.327
4.087
0.527
0.473
0.474
1.202
0.487
0.479
1.556
0.802
3.552
4.363
4.213
2.896
2.527
0.747
0.82
1.554
0.908
5.453
6.538
5.896
4.971
5.064
6.076
5.652
0.597
0.492
0.516
0.512
0.452
0.442
0.583
8.582
10.012
0.466
0.433
0.392
0.334
0.497
0.395
0.371
0.391
0.484
7.274
8.628
8.762
7.894
8.244
7.875
0.75
0.462
0.53
0.577
0.486
0.503
0.563
8.582
10.012
0.466
0.354
0.405
0.316
0.434
0.391
0.315
0.407
0.462
8.211
9.579
9.221
8.555
8.415
8.202
0.753
0.421
0.474
0.568
0.426
0.483
1.268
6.203
7.285
0.624
0.383
0.462
0.336
0.468
0.41
0.34
0.479
0.45
8.243
10.116
9.816
9.096
8.887
8.374
0.753
0.474
0.471
0.565
0.419
0.495
1.246
4.741
5.997
0.699
0.379
0.475
0.336
0.513
0.441
0.376
0.432
0.448
8.287
10.956
9.882
9.591
9.011
8.358
1.452
0.524
0.504
0.565
0.479
0.589
1.206
3.362
4.648
0.72
0.399
0.44
0.373
0.498
0.426
0.363
0.466
0.418
8.542
11.264
10.103
9.591
9.011
8.302
1.485
0.473
0.422
0.497
0.39
0.444
1.639
0.795
3.547
4.339
4.669
3.758
2.363
0.651
0.622
1.936
2.086
5.484
6.909
7.4
6.947
6.756
7.852
7.192
0.779
0.604
0.469
0.414
0.488
0.418
2.321
1.247
3.602
4.163
4.669
3.428
2.196
0.481
0.594
1.104
1.818
7.186
9.258
8.936
8.834
7.886
8.44
7.414
0.687
0.549
0.495
0.555
0.524
0.537
1.206
0.726
1.834
0.72
0.419
0.484
0.4
0.543
0.443
0.431
0.484
0.418
8.03
11.264
10.103
9.826
9.325
8.604
1.474
0.565
0.515
0.564
0.533
0.542
0.495
0.652
1.536
0.826
0.415
0.507
0.425
0.555
0.466
0.451
0.484
0.418
8.31
11.321
9.886
9.698
9.069
8.709
1.439
0.647
0.43
0.564
0.476
0.451
0.574
0.629
1.414
0.896
0.442
0.567
0.425
0.582
0.486
0.497
0.474
0.42
8.116
11.023
9.824
9.834
9.486
8.709
1.439
0.714
0.513
0.558
0.503
0.542
0.489
0.577
1.114
0.906
0.465
0.66
0.446
0.643
0.498
0.52
0.499
0.43
8.32
10.88
9.824
10.011
9.525
9.307
0.765
0.714
0.446
0.532
0.503
0.455
0.492
0.494
0.938
0.944
0.469
0.66
0.459
0.615
0.475
0.538
0.505
0.44
8.598
10.87
10.064
9.858
9.514
9.26
0.703
0.685
0.532
0.443
0.545
0.445
2.338
1.275
1.99
2.071
3.123
1.972
2.069
0.481
0.492
0.56
0.669
7.93
10.394
9.664
9.756
8.47
8.862
7.868
0.543
0.832
0.504
0.35
0.655
0.448
2.376
1.361
0.546
0.614
2.068
1.149
1.663
0.537
0.552
0.736
0.78
6.942
10.353
10.235
10.466
8.83
9.205
8.486
0.634
0.795
0.365
0.529
0.455
0.475
0.48
0.494
0.938
1.147
0.468
0.628
0.464
0.746
0.648
0.532
0.584
0.448
8.429
10.852
10.275
9.967
10.012
9.625
0.712
0.791
0.371
0.524
0.513
0.464
0.462
0.489
0.829
1.183
0.468
0.57
0.48
0.819
0.69
0.558
0.699
0.438
9.069
10.845
10.275
10.044
9.851
9.733
0.781
0.72
0.378
0.535
0.514
0.474
0.481
0.538
0.864
1.111
0.54
0.618
0.54
0.921
0.704
0.694
0.664
0.511
9.077
10.845
10.13
9.957
9.933
9.463
0.694
0.578
0.46
0.471
0.514
0.603
0.402
0.608
0.941
1.008
0.599
0.462
0.54
0.912
0.666
0.649
0.717
0.463
8.898
9.75
10.049
9.491
9.363
8.746
0.78
0.429
0.495
0.409
0.576
0.528
0.497
0.598
0.977
0.879
0.63
0.427
0.637
0.762
0.624
0.666
0.709
0.516
8.807
9.893
9.764
9.451
8.904
8.47
0.826
0.964
0.584
0.537
0.716
0.512
2.404
1.452
0.511
0.581
1.53
2.172
1.732
0.74
0.576
0.781
0.866
7.019
10.355
10.235
10.466
9.024
9.205
8.506
0.696
0.964
0.532
0.669
0.646
0.552
2.381
1.664
0.482
0.604
1.426
1.672
1.162
0.74
0.576
0.766
1.533
6.882
8.552
10.094
10.146
9.304
9.336
8.858
0.812
0.59
0.602
0.476
0.506
0.654
0.511
0.693
0.977
0.929
0.716
0.466
0.639
0.795
0.641
0.666
0.725
0.613
8.749
9.597
9.764
9.366
9.116
8.621
0.802
0.458
0.628
0.549
0.581
0.631
0.583
0.658
0.915
0.85
0.716
0.466
0.71
0.676
0.611
0.701
0.645
0.721
10.054
10.189
9.244
8.927
8.901
7.805
0.723
0.411
0.66
0.562
0.581
0.673
0.682
0.677
0.923
0.771
0.69
0.486
0.7
0.607
0.554
0.778
0.645
2.163
9.414
10.204
9.122
8.684
8.688
5.796
0.762
0.362
0.72
0.463
0.638
0.673
0.666
0.591
0.926
0.771
0.745
0.486
0.631
0.607
0.506
0.692
0.637
3.735
10.222
8.826
8.787
8.601
8.631
4.458
0.741
0.395
0.688
0.477
0.68
0.561
0.666
0.548
0.958
0.771
0.728
0.544
0.761
0.53
0.596
0.692
0.654
5.578
10.681
8.662
9.052
8.763
8.724
2.644
0.645
0.895
0.631
0.65
0.685
0.552
2.37
1.664
0.618
0.655
1.065
0.776
0.991
0.768
0.506
0.586
0.828
7.933
9.344
9.824
9.695
9.402
9.019
8.651
0.575
0.864
0.538
0.662
0.711
0.526
2.409
1.641
0.619
1.073
1.065
0.715
0.888
1.152
0.559
0.766
1.475
8.074
8.406
9.807
9.183
9.159
8.775
8.56
0.692
0.389
0.603
0.544
0.62
0.617
0.588
0.637
0.99
0.699
0.748
0.477
0.625
0.595
0.468
0.981
0.604
7.746
10.681
7.854
9.227
8.763
8.81
0.667
0.717
0.375
0.603
0.475
0.601
0.617
0.567
0.544
0.996
0.67
1.0
0.57
0.642
0.635
0.55
1.324
1.047
8.22
10.631
6.693
8.985
8.821
8.635
0.667
0.717
0.339
0.597
0.437
0.617
0.556
0.58
0.529
1.029
0.601
1.0
0.581
0.558
0.705
0.444
1.286
1.076
8.64
10.598
6.957
9.03
8.918
8.862
0.719
0.717
0.339
0.649
0.492
0.584
0.511
0.638
0.582
1.123
0.575
0.987
0.672
0.657
1.032
0.664
0.908
0.682
8.729
11.121
6.931
9.078
8.993
8.897
0.79
0.719
0.39
0.677
0.537
0.575
0.609
0.645
0.698
0.979
0.566
0.649
0.617
0.798
0.957
0.729
0.996
0.682
8.729
9.899
8.058
9.154
9.029
8.819
0.855
0.587
0.857
0.623
0.504
0.735
0.479
2.409
1.637
0.637
1.073
1.001
0.86
0.644
0.852
0.622
1.005
3.317
8.295
8.406
9.67
9.183
9.143
8.829
6.692
0.652
0.76
0.604
0.582
0.659
0.453
2.409
1.627
0.724
1.026
1.001
1.771
0.921
0.795
0.574
0.822
4.768
8.295
8.043
9.377
8.615
8.746
8.602
4.615
0.705
0.43
0.635
0.554
0.605
0.647
0.732
0.728
1.035
0.612
0.69
0.728
0.818
1.003
0.71
1.153
0.668
8.742
9.18
8.706
9.122
9.029
8.694
0.941
0.756
0.446
0.624
0.544
0.585
0.554
0.808
0.609
1.119
0.677
0.656
0.784
0.872
0.937
0.795
0.824
0.709
8.43
7.594
8.738
8.7
8.743
8.232
0.964
0.732
0.422
0.517
0.591
0.603
0.447
0.864
0.714
1.134
0.634
0.548
0.722
0.724
0.609
0.708
0.76
0.697
6.779
7.73
8.935
8.354
8.507
7.034
0.926
0.656
0.492
0.532
0.591
0.604
0.417
0.777
0.657
1.298
0.717
0.493
0.722
0.724
0.619
0.713
0.759
0.65
5.298
5.579
8.197
8.276
8.139
6.78
0.926
0.592
0.513
0.445
0.54
0.597
0.409
0.711
0.561
1.236
0.717
0.499
0.739
0.617
0.55
0.713
0.682
0.629
3.414
3.939
7.778
7.968
7.794
6.006
0.942
0.743
0.706
0.532
0.498
0.631
0.364
2.361
1.502
0.735
1.006
1.106
0.788
0.919
0.71
0.555
0.796
5.874
7.634
7.082
9.335
7.39
7.889
7.648
2.873
0.711
0.71
0.542
0.444
0.668
0.328
2.375
1.502
0.835
0.994
1.057
0.769
0.958
0.746
1.668
1.059
5.899
6.295
6.686
8.823
7.161
7.57
7.187
0.755
0.51
0.467
0.445
0.492
0.53
0.352
0.767
0.561
1.236
0.826
0.478
0.741
0.646
0.565
0.713
0.692
0.662
1.467
2.385
7.778
7.968
7.794
4.703
0.908
0.564
0.46
0.419
0.462
0.53
0.326
0.777
0.508
1.059
0.845
0.439
0.615
0.568
0.513
0.751
0.527
0.615
1.352
1.614
7.715
8.179
7.876
4.711
0.84
0.527
0.452
0.471
0.477
0.532
0.327
0.806
0.577
0.937
0.857
0.428
0.575
0.61
0.583
0.723
0.627
0.532
1.675
1.41
8.099
8.489
8.271
6.161
0.753
0.549
0.536
0.471
0.425
0.529
0.354
0.685
0.512
1.094
0.844
0.447
0.555
0.594
0.619
0.628
0.577
0.469
1.747
1.397
8.24
8.681
8.526
7.303
0.787
0.533
0.491
0.509
0.477
0.427
0.386
0.788
0.512
1.027
0.629
0.432
0.681
0.605
0.596
0.576
0.657
0.451
1.14
1.533
8.452
8.578
8.708
7.315
0.822
0.74
0.663
0.459
0.518
0.604
0.341
2.321
1.511
0.822
0.981
0.889
0.738
0.709
0.64
2.081
1.491
5.899
4.891
4.767
8.419
6.872
7.261
6.953
0.695
0.749
0.656
0.459
0.598
0.548
0.351
2.326
1.545
0.736
0.981
0.946
1.17
0.719
0.64
1.482
1.432
4.248
3.079
4.322
8.242
6.561
7.66
6.582
0.82
0.604
0.429
0.534
0.492
0.482
0.355
0.854
0.573
1.117
0.661
0.415
0.568
0.706
0.596
0.483
0.753
0.389
1.082
1.893
8.561
8.578
8.708
7.776
0.81
0.631
0.581
0.534
0.535
0.528
0.439
0.809
0.573
1.198
0.661
0.415
0.589
0.706
0.663
0.542
0.708
0.389
1.311
1.893
8.276
8.543
8.619
7.776
0.859
0.568
0.587
0.619
0.565
0.471
0.634
0.818
0.639
1.249
0.654
0.522
0.611
0.727
0.709
0.542
0.722
0.524
0.9
2.262
8.233
8.163
8.024
7.472
0.88
0.557
0.703
0.573
0.513
0.488
0.763
0.743
0.635
1.24
0.599
0.531
0.611
0.738
0.739
0.542
0.745
0.535
0.639
1.887
8.083
7.88
7.517
7.119
0.949
0.557
0.658
0.573
0.526
0.502
0.772
0.743
0.743
1.122
0.537
0.617
0.579
0.837
0.637
0.615
0.772
0.54
0.658
2.181
8.086
7.837
7.477
7.081
0.949
0.925
0.61
0.427
0.596
0.469
0.351
2.346
1.63
0.838
1.266
1.041
1.896
1.18
1.077
1.453
1.214
2.75
1.781
2.937
7.742
6.3
7.217
6.171
0.711
0.803
0.651
0.482
0.575
0.531
0.351
2.364
1.672
0.778
1.887
0.903
1.132
0.754
1.168
1.474
1.292
1.652
1.373
1.827
7.873
7.219
7.637
6.914
0.769
0.54
0.676
0.624
0.526
0.54
0.841
0.789
0.828
1.573
0.603
0.793
0.579
0.844
0.628
0.745
0.756
0.665
0.919
2.98
8.022
7.603
7.388
6.921
0.949
0.54
0.72
0.605
0.549
0.54
0.841
0.799
0.805
1.21
0.656
0.987
0.637
0.882
0.84
0.791
0.756
0.813
1.2
3.573
7.958
7.859
7.076
6.896
0.964
0.554
0.677
0.57
0.554
0.625
0.739
0.796
0.864
1.195
0.656
0.846
0.653
0.918
0.669
0.743
0.83
0.681
1.38
3.682
8.297
7.791
7.42
7.076
0.972
0.591
0.643
0.532
0.656
0.656
0.674
0.821
0.831
1.283
0.658
0.828
0.679
0.913
0.676
0.723
0.83
0.697
1.926
4.045
8.297
8.099
7.555
7.011
0.956
0.631
0.559
0.518
0.718
0.732
0.636
0.811
0.86
1.283
0.73
0.828
0.679
0.91
0.578
0.723
0.818
0.697
2.093
4.851
8.245
8.199
7.663
7.177
0.89
0.683
0.652
0.481
0.574
0.531
0.388
2.407
1.68
0.835
2.516
0.903
1.495
1.312
1.118
1.482
1.329
0.921
1.018
1.421
7.658
7.464
7.833
7.177
0.851
0.793
0.77
0.543
0.657
0.591
0.53
2.438
1.632
0.743
2.802
0.968
1.879
1.372
1.754
1.353
0.979
0.921
0.864
0.814
7.929
7.543
7.774
7.357
0.934
0.61
0.559
0.515
0.718
0.732
0.632
0.811
0.816
1.289
0.73
0.775
0.778
1.002
0.663
0.677
0.861
0.733
2.093
4.02
8.095
8.094
7.631
7.177
0.865
0.761
0.601
0.515
0.702
0.834
0.63
0.697
0.783
1.171
0.719
0.627
0.833
0.986
0.662
0.677
0.85
0.698
2.633
3.631
8.242
8.094
7.729
7.467
0.928
0.667
0.672
0.499
0.715
0.8
0.619
0.618
0.798
1.147
0.663
0.627
0.805
0.843
0.662
0.678
0.815
0.599
2.515
3.038
8.156
7.866
8.279
7.673
0.885
0.609
0.66
0.456
0.589
0.695
0.649
0.553
0.735
1.265
0.637
0.586
0.73
0.718
0.67
0.64
0.768
0.575
2.418
3.928
7.79
8.089
8.706
7.855
0.851
0.693
0.653
0.391
0.589
0.617
0.6
0.522
0.785
1.106
0.664
0.52
0.68
0.698
0.63
0.52
0.807
0.516
1.938
3.126
7.642
8.089
8.762
7.913
0.819
0.775
0.77
0.587
0.626
0.647
0.619
2.474
1.681
0.676
2.723
0.968
1.898
1.495
1.884
1.445
0.899
0.932
1.037
1.587
8.062
7.636
7.793
7.301
0.937
0.827
0.705
0.64
0.543
0.664
0.637
2.412
1.681
0.712
2.324
0.92
1.573
1.495
1.268
1.074
0.657
1.021
1.106
0.842
7.989
7.709
7.597
7.377
0.888
0.615
0.72
0.415
0.525
0.524
0.672
0.517
0.758
1.176
0.594
0.602
0.739
0.614
0.724
0.512
0.759
0.592
1.766
2.085
7.889
7.92
8.781
7.927
0.887
0.809
0.655
0.483
0.569
0.568
0.641
0.568
0.717
1.28
0.596
0.596
0.736
0.558
0.633
0.624
0.706
0.581
2.324
2.821
7.836
7.895
8.723
7.827
0.854
0.719
0.728
0.458
0.579
0.515
0.663
0.546
0.717
1.222
0.636
0.597
0.641
0.612
0.629
0.512
0.773
0.582
1.863
2.653
7.296
8.162
8.143
7.511
0.871
0.782
0.732
0.524
0.559
0.515
0.676
0.554
0.776
1.22
0.671
0.597
0.61
0.724
0.628
0.542
0.803
0.56
2.452
2.774
7.035
8.162
7.544
7.23
0.898
0.85
0.708
0.655
0.599
0.553
0.72
0.597
0.819
1.101
0.697
0.631
0.648
0.862
0.631
0.568
0.86
0.61
1.777
2.542
7.281
7.47
7.348
7.028
0.894
0.748
0.675
0.644
0.536
0.664
0.637
2.412
1.57
0.712
2.473
0.901
1.329
1.118
1.422
1.808
0.899
1.053
1.076
0.879
7.989
7.709
7.578
7.441
0.937
0.813
0.715
0.699
0.592
0.664
0.781
2.382
1.535
0.685
2.158
0.99
1.4
1.059
1.405
1.889
1.269
1.138
1.239
1.006
7.935
7.7
7.51
7.4
1.234
0.704
0.804
0.661
0.599
0.594
0.747
0.705
0.841
1.145
0.746
0.688
0.766
0.852
0.73
0.658
0.905
0.658
1.837
2.956
6.846
5.682
5.885
5.869
0.951
0.776
0.762
0.703
0.659
0.6
0.695
0.836
0.913
1.091
0.833
0.634
0.801
0.852
0.663
0.784
0.942
0.658
2.512
3.151
5.319
4.277
4.337
4.43
0.894
0.776
0.726
0.602
0.736
0.582
0.676
0.831
0.913
1.094
0.933
0.679
0.755
0.843
0.719
0.705
0.942
0.719
1.967
3.073
3.986
2.769
3.214
2.94
0.903
0.812
0.689
0.599
0.829
0.603
0.591
0.881
0.915
1.103
0.854
0.749
0.79
0.858
0.787
0.764
0.837
0.743
1.995
3.324
3.152
1.387
1.896
1.487
0.845
0.823
0.594
0.604
0.851
0.568
0.63
0.881
0.957
1.145
0.963
0.687
0.79
0.873
0.72
0.718
0.743
0.784
1.553
3.565
3.332
1.387
1.896
1.487
0.802
0.813
0.716
0.699
0.588
0.709
0.737
2.415
1.627
0.604
1.953
0.981
1.396
0.916
1.452
1.931
1.355
1.747
1.519
1.505
6.315
6.047
5.776
6.336
1.304
0.788
0.54
0.72
0.498
0.617
0.715
2.405
1.676
0.717
1.552
0.901
0.982
0.845
0.836
1.69
1.362
1.187
1.696
1.437
5.825
5.058
4.876
5.491
1.331
0.785
0.681
0.55
0.851
0.613
0.565
0.874
0.941
1.143
0.999
0.673
0.743
0.84
0.698
0.78
0.646
0.828
1.542
3.565
2.604
2.311
1.865
1.414
0.864
0.889
0.611
0.604
0.79
0.662
0.566
0.833
0.918
1.323
1.137
0.698
0.743
0.831
0.698
0.777
0.646
0.845
1.474
2.854
3.575
3.481
2.375
1.416
0.765
0.891
0.635
0.612
0.734
0.669
0.649
0.742
0.948
1.323
1.131
0.701
0.813
0.831
0.772
0.727
0.645
0.845
1.474
2.619
4.415
4.256
3.186
2.069
0.818
0.896
0.704
0.622
0.72
0.669
0.702
0.678
1.012
1.16
1.105
0.667
0.802
0.849
0.801
0.696
0.706
0.786
2.102
2.66
4.554
4.367
2.774
2.071
0.774
0.838
0.722
0.631
0.619
0.699
0.778
0.635
1.106
1.146
1.105
0.595
0.843
0.724
0.709
0.709
0.706
0.765
1.733
1.813
4.554
4.367
2.632
2.87
0.814
0.854
0.61
0.705
0.484
0.67
0.663
2.388
1.668
0.787
1.467
1.0
1.318
0.718
0.742
1.033
1.294
1.222
1.435
0.939
4.825
4.048
3.965
4.638
1.346
0.839
0.781
0.66
0.556
0.787
0.671
2.382
1.668
0.776
1.303
1.18
1.551
0.744
0.749
1.022
1.302
0.974
1.435
1.437
3.295
2.76
2.823
3.183
1.408
0.711
0.793
0.643
0.662
0.71
0.775
0.69
1.184
0.916
0.885
0.652
0.905
0.638
0.765
0.793
0.802
0.777
1.856
1.796
3.343
3.21
1.747
2.359
0.827
0.81
0.796
0.666
0.77
0.638
0.836
0.714
1.184
0.874
1.0
0.923
1.008
0.592
0.968
0.824
0.87
0.784
1.891
1.796
3.154
2.865
2.464
2.966
0.827
0.81
0.871
0.666
0.749
0.657
0.836
0.714
1.178
0.874
0.888
0.674
0.966
0.592
0.905
0.787
0.87
0.768
1.979
2.243
3.091
2.561
2.594
2.819
0.854
0.782
0.871
0.71
0.759
0.694
0.798
0.807
1.065
0.923
0.789
0.728
0.895
0.586
0.876
0.772
0.856
0.768
1.529
2.087
3.091
2.561
2.572
2.884
0.884
0.722
0.855
0.752
0.679
0.758
0.748
0.841
1.07
0.921
0.734
0.766
0.895
0.619
0.771
0.835
0.796
0.819
1.079
2.087
3.924
3.26
3.449
3.538
0.923
1.024
0.798
0.635
0.601
0.809
0.754
2.382
1.672
0.701
1.036
1.582
1.381
0.744
0.749
0.942
0.924
0.95
1.859
1.998
1.997
1.986
1.944
2.353
1.174
0.872
0.641
0.613
0.563
0.764
0.65
2.382
1.62
0.795
1.062
1.501
1.25
0.799
0.712
0.971
0.874
1.217
1.777
2.019
2.856
2.76
2.602
1.888
1.086
0.743
0.854
0.752
0.738
0.689
0.743
0.876
1.088
1.01
0.676
0.766
0.808
0.643
0.87
0.748
0.794
0.874
1.082
2.069
4.982
4.114
4.085
2.911
0.936
0.907
0.915
0.798
0.742
0.737
0.771
0.857
0.996
1.145
0.756
0.698
0.765
0.632
0.906
0.649
0.76
0.773
1.082
1.655
4.982
4.248
4.085
2.911
0.926
0.893
0.778
0.773
0.75
0.745
0.682
0.857
1.039
1.814
0.756
0.609
0.67
0.681
0.786
0.572
0.705
0.773
1.027
2.534
4.501
4.248
3.992
2.857
0.926
0.807
0.673
0.671
0.784
0.708
0.603
0.758
1.095
1.766
0.71
0.609
0.655
0.618
0.744
0.614
0.621
0.76
0.882
2.643
4.354
4.305
3.208
2.277
0.913
0.759
0.756
0.616
0.732
0.666
0.705
0.702
1.095
1.903
0.722
0.609
0.622
0.687
0.705
0.624
0.643
0.856
0.626
2.424
3.155
3.36
2.441
1.77
0.944
0.872
0.662
0.61
0.63
0.712
0.596
2.373
1.658
0.895
0.915
2.201
1.27
0.74
0.702
0.879
0.803
0.836
1.481
1.547
4.043
3.535
3.481
2.616
1.086
0.803
0.718
0.521
0.63
0.747
0.501
2.324
1.747
0.834
0.915
2.943
1.329
0.745
0.702
1.025
0.963
0.744
1.237
1.818
3.022
2.761
2.602
1.77
1.042
0.733
0.767
0.609
0.745
0.668
0.77
0.709
1.01
1.983
0.769
0.65
0.624
0.704
0.728
0.64
0.69
0.802
0.748
2.585
3.138
2.593
1.797
1.228
0.952
0.704
0.733
0.589
0.736
0.644
0.732
0.634
1.01
1.345
0.769
0.719
0.624
0.71
0.655
0.78
0.672
0.741
1.135
2.823
2.268
2.593
1.185
1.097
0.843
0.647
0.61
0.589
0.687
0.555
0.597
0.604
1.02
1.753
0.702
0.689
0.574
0.715
0.622
0.882
0.574
0.741
1.135
2.628
2.019
2.132
1.111
1.145
0.924
0.532
0.622
0.654
0.629
0.625
0.605
0.685
1.018
1.206
0.628
0.722
0.609
0.679
0.658
0.931
0.651
0.696
1.271
2.717
2.12
2.778
1.012
0.989
0.923
0.514
0.664
0.638
0.644
0.597
0.622
0.741
0.979
1.364
0.602
0.741
0.54
0.75
0.619
0.813
0.751
0.737
1.26
2.489
1.333
2.072
0.976
1.036
1.024
0.663
0.682
0.546
0.592
0.709
0.484
2.353
1.747
0.78
0.791
2.943
1.177
0.99
1.515
1.17
0.816
0.712
1.358
1.864
2.55
2.553
1.909
1.049
0.942
0.661
0.682
0.514
0.544
0.709
0.513
2.316
1.738
0.883
0.791
2.703
1.15
0.99
1.545
1.417
0.96
0.684
1.16
1.626
2.663
2.344
1.992
1.589
0.888
0.566
0.597
0.714
0.639
0.632
0.581
0.807
1.065
1.174
0.592
0.71
0.53
0.691
0.672
0.783
0.664
0.745
1.26
2.544
1.376
2.081
0.976
0.975
0.879
0.597
0.566
0.796
0.711
0.568
0.59
0.789
1.067
1.181
0.592
0.645
0.58
0.672
0.612
0.764
0.667
0.733
1.708
2.204
1.304
2.692
1.354
0.973
0.858
0.674
0.546
0.824
0.753
0.572
0.556
0.849
1.018
1.317
0.634
0.585
0.668
0.688
0.702
0.758
0.764
0.722
2.034
2.118
1.119
2.053
2.084
1.121
0.897
0.667
0.546
0.83
0.688
0.572
0.556
0.882
0.856
1.279
0.646
0.66
0.668
0.688
0.785
0.678
0.807
0.714
2.048
3.003
1.322
1.948
2.226
1.114
0.814
0.667
0.552
0.753
0.687
0.572
0.601
0.868
0.868
1.26
0.7
0.638
0.608
0.719
0.667
0.7
0.744
0.642
2.899
2.455
1.322
1.65
2.226
1.319
0.713
0.661
0.762
0.589
0.592
0.732
0.511
2.378
1.768
0.866
0.816
2.8
1.251
0.743
0.82
1.531
1.354
0.919
0.956
1.535
2.663
2.4
2.113
1.662
0.843
0.609
0.762
0.572
0.615
0.68
0.545
2.377
1.805
0.806
0.764
2.816
1.251
0.73
0.81
1.385
1.409
0.785
1.085
1.437
1.807
2.339
1.352
1.523
0.736
0.662
0.606
0.753
0.558
0.544
0.677
0.8
0.875
1.094
0.666
0.602
0.608
0.7
0.633
0.733
0.743
0.642
2.932
2.211
1.322
1.65
2.259
1.204
0.63
0.697
0.626
0.696
0.542
0.601
0.686
0.81
0.774
1.243
0.711
0.631
0.67
0.743
0.655
0.748
0.806
0.593
3.965
2.832
1.287
1.689
1.856
1.197
0.713
0.649
0.683
0.696
0.473
0.628
0.617
0.829
0.759
1.305
0.728
0.674
0.657
0.782
0.778
0.781
0.808
0.611
4.35
3.013
1.761
1.689
2.073
1.272
0.666
0.6
0.676
0.719
0.44
0.678
0.581
0.73
0.943
1.153
0.644
0.693
0.623
0.812
0.699
0.716
0.716
0.637
3.435
2.862
2.926
2.204
2.073
1.161
0.721
0.596
0.725
0.627
0.463
0.744
0.554
0.638
0.964
1.047
0.609
0.654
0.614
0.812
0.703
0.752
0.642
0.619
2.864
2.041
2.646
2.086
2.076
1.161
0.751
0.659
0.707
0.541
0.536
0.717
0.624
2.366
1.673
0.7
0.887
2.012
1.251
0.806
1.208
1.318
1.414
0.926
1.24
1.459
1.807
2.339
1.352
1.113
0.678
1.109
0.76
0.57
0.581
0.69
0.702
2.366
1.673
0.675
1.067
1.242
1.308
1.177
1.498
1.22
1.176
0.942
1.322
1.295
2.152
2.339
1.455
1.227
0.797
0.62
0.634
0.618
0.482
0.655
0.51
0.608
0.924
1.082
0.591
0.654
0.656
0.812
0.694
0.685
0.709
0.713
2.715
2.367
1.951
1.652
2.076
1.055
0.855
0.733
0.647
0.734
0.531
0.726
0.51
0.699
0.908
1.102
0.629
0.679
0.719
0.88
0.854
0.777
0.748
0.613
3.848
3.005
1.881
1.639
1.996
1.055
0.855
0.612
0.687
0.643
0.538
0.714
0.472
0.696
0.908
0.993
0.636
0.629
0.719
0.796
0.792
0.761
0.687
0.515
2.749
3.283
2.31
2.396
2.44
1.058
0.763
0.709
0.582
0.597
0.523
0.723
0.448
0.708
0.813
0.993
0.636
0.574
0.642
0.66
0.858
0.629
0.609
0.499
1.81
2.836
2.131
2.252
2.597
1.533
0.776
0.736
0.582
0.632
0.524
0.699
0.525
0.794
0.673
0.961
0.683
0.555
0.663
0.737
0.992
0.691
0.667
0.511
1.813
2.836
1.091
1.574
1.714
1.479
0.761
1.226
0.797
0.643
0.674
0.713
0.77
2.381
1.845
0.782
1.27
1.242
1.201
1.09
1.087
1.404
1.396
1.0
1.255
1.272
1.842
1.979
1.443
1.239
0.933
1.305
0.791
0.686
0.756
0.708
0.768
2.789
1.507
0.682
1.282
1.593
1.069
1.145
1.051
1.044
1.282
1.076
1.193
1.272
1.894
1.79
0.917
1.026
0.847
0.718
0.691
0.694
0.587
0.653
0.65
0.832
0.689
0.861
0.772
0.54
0.744
0.791
0.936
0.93
0.797
0.636
1.941
3.186
2.178
2.413
2.382
2.193
0.855
0.634
0.736
0.664
0.587
0.653
0.662
0.876
0.643
1.014
0.782
0.578
0.725
0.717
0.94
0.986
0.765
0.729
2.262
2.485
2.115
2.413
2.382
2.173
0.766
0.584
0.629
0.569
0.568
0.662
0.591
0.814
0.648
0.907
0.795
0.517
0.744
0.558
0.849
0.66
0.634
0.814
1.667
2.432
2.562
2.409
2.329
2.1
0.825
0.654
0.56
0.571
0.568
0.71
0.585
0.726
0.695
0.97
0.803
0.486
0.663
0.667
0.84
0.636
0.647
0.819
1.848
1.896
3.227
2.439
2.399
2.078
0.871
0.64
0.55
0.557
0.604
0.625
0.621
0.654
0.735
0.97
0.803
0.481
0.664
0.667
0.755
0.714
0.65
0.908
1.703
1.969
2.138
1.866
1.758
1.584
0.909
1.439
0.724
0.648
0.704
0.661
0.819
2.722
1.476
0.746
1.342
1.225
0.977
1.183
0.977
1.146
1.282
1.022
1.252
1.113
2.019
1.938
1.025
0.981
0.802
1.445
0.751
0.673
0.663
0.716
0.824
2.781
1.645
0.812
1.342
1.228
0.977
1.183
0.977
1.175
1.121
0.949
1.252
1.829
2.228
1.623
1.261
1.051
0.936
0.64
0.602
0.557
0.608
0.691
0.556
0.654
0.823
1.089
0.865
0.561
0.664
0.591
0.731
0.7
0.59
0.98
1.857
2.287
3.154
2.582
2.469
2.303
0.96
0.711
0.602
0.55
0.608
0.764
0.511
0.711
0.827
1.237
0.805
0.486
0.638
0.546
0.68
0.624
0.59
1.324
2.153
1.774
1.941
1.551
1.616
1.506
0.869
0.784
0.677
0.625
0.499
0.856
0.466
0.653
0.82
0.967
0.821
0.368
0.59
0.562
0.632
0.615
0.538
0.891
1.585
2.299
2.173
2.302
1.743
1.691
0.969
0.794
0.69
0.743
0.535
0.814
0.514
0.779
0.733
1.088
0.817
0.481
0.547
0.655
0.686
0.635
0.675
0.869
1.199
1.876
2.439
3.145
2.128
1.765
0.998
0.843
0.691
0.765
0.629
0.814
0.565
0.87
0.745
1.008
0.951
0.571
0.536
0.566
0.721
0.655
0.59
0.907
0.837
2.835
2.385
3.145
2.128
1.179
1.035
1.166
0.767
0.759
0.742
0.661
0.847
2.781
1.674
0.812
1.392
1.369
0.977
2.027
0.977
1.597
1.176
0.949
1.268
1.931
1.732
1.332
1.015
0.972
1.022
1.118
0.709
0.838
0.747
0.626
0.86
2.452
1.581
0.791
1.319
1.404
0.876
1.059
0.74
1.615
1.088
1.067
1.487
2.351
1.732
1.685
1.173
0.989
1.053
0.88
0.703
0.818
0.631
0.854
0.552
0.991
0.81
0.985
0.792
0.662
0.623
0.71
0.781
0.68
0.596
1.517
1.329
1.804
2.412
3.148
1.962
1.245
1.089
0.849
0.679
0.754
0.705
0.826
0.563
0.87
0.717
0.985
0.681
0.642
0.647
0.74
0.698
0.603
0.659
1.393
1.112
1.507
2.412
3.297
2.101
1.245
1.025
0.803
0.546
0.744
0.583
0.8
0.562
0.791
0.603
0.808
0.841
0.774
0.628
0.826
0.766
0.594
0.659
1.022
1.235
1.882
3.464
3.889
2.861
1.851
1.025
0.808
0.546
0.722
0.705
0.765
0.674
0.819
0.696
0.945
0.815
0.774
0.667
0.705
0.968
0.528
0.804
1.091
1.973
1.981
3.765
3.426
2.969
2.458
0.961
0.804
0.48
0.661
0.637
0.772
0.562
0.67
0.73
1.021
1.272
0.774
0.696
0.786
0.94
0.496
0.681
1.078
1.866
1.794
3.074
2.729
2.632
2.452
0.859
1.115
0.666
0.773
0.747
0.593
0.78
2.467
1.455
0.816
1.319
1.404
0.708
1.025
0.719
1.286
0.898
0.948
1.487
2.804
1.732
1.672
1.159
0.848
0.945
1.081
0.636
0.748
0.658
0.534
0.78
2.307
1.919
0.795
1.172
1.072
0.635
0.922
0.702
1.223
0.895
0.821
1.243
2.15
1.438
1.636
1.159
0.845
0.945
0.685
0.462
0.612
0.553
0.665
0.503
0.537
0.649
1.043
1.038
0.747
0.696
0.786
0.911
0.444
0.663
0.959
1.887
1.093
2.042
1.767
1.719
2.244
0.678
0.546
0.434
0.568
0.523
0.563
0.482
0.452
0.507
0.863
0.999
0.734
0.577
0.635
0.683
0.409
0.615
0.588
1.291
0.997
1.966
1.461
1.584
1.987
0.549
0.545
0.449
0.559
0.411
0.551
0.423
0.427
0.463
0.642
1.014
0.679
0.533
0.598
0.646
0.404
0.56
0.601
1.332
0.831
0.869
0.566
0.662
1.245
0.442
0.488
0.443
0.506
0.422
0.46
0.375
0.363
0.465
0.622
0.464
0.566
0.474
0.487
0.502
0.377
0.399
0.403
0.39
0.372
0.318
0.327
0.39
0.416
0.407
0.426
0.414
0.453
0.403
0.402
0.331
0.359
0.356
0.444
0.357
0.516
0.434
0.418
0.382
0.37
0.373
0.309
0.39
0.372
0.318
0.327
0.39
0.416
0.374
0.927
0.573
0.674
0.644
0.526
0.671
2.307
1.88
0.675
0.975
0.785
0.554
0.785
0.597
0.893
0.717
0.601
1.055
1.959
1.103
1.246
0.818
0.687
0.85
0.893
0.594
0.673
0.748
0.526
0.705
2.282
1.752
0.53
1.121
0.825
0.569
1.024
0.752
1.158
0.832
0.571
0.869
1.536
1.735
1.453
1.475
1.331
0.726
0.402
0.414
0.429
0.434
0.384
0.342
0.377
0.356
0.387
0.357
0.516
0.434
0.418
0.382
0.376
0.4
0.394
0.767
0.972
1.365
1.094
1.205
1.226
0.411
0.502
0.51
0.42
0.507
0.404
0.331
0.381
0.402
0.379
0.543
0.576
0.657
0.506
0.453
0.518
0.452
0.576
1.072
1.559
2.493
1.966
2.054
1.623
0.49
0.502
0.588
0.398
0.52
0.417
0.446
0.361
0.468
0.41
0.638
0.543
0.661
0.551
0.545
0.637
0.452
0.679
1.734
2.13
3.488
2.904
2.947
2.124
0.577
0.427
0.604
0.398
0.562
0.402
0.513
0.398
0.557
0.532
0.868
0.529
0.648
0.518
0.57
0.757
0.435
0.614
1.811
2.443
3.558
3.178
3.056
2.261
0.652
0.468
0.629
0.448
0.632
0.387
0.627
0.44
0.622
0.815
1.477
0.654
0.691
0.588
0.734
0.797
0.54
0.699
1.811
2.443
4.418
3.783
3.806
2.57
0.728
0.718
0.535
0.562
0.712
0.518
0.647
2.224
1.663
0.498
1.357
1.193
0.569
0.815
0.607
0.865
0.676
0.571
1.325
1.388
1.596
1.469
1.783
1.39
0.589
0.658
0.531
0.535
0.704
0.551
0.602
2.202
1.665
0.558
1.342
1.086
0.502
0.839
0.557
0.614
1.433
0.58
0.544
0.813
1.529
0.764
0.827
0.693
0.589
0.581
0.712
0.498
0.704
0.387
0.733
0.534
0.695
0.979
1.51
0.751
0.731
0.68
0.762
0.876
0.587
0.921
2.404
2.36
4.206
3.122
3.116
1.96
0.815
0.579
0.671
0.562
0.753
0.404
0.703
0.541
0.725
1.147
1.429
0.707
0.53
0.678
0.635
0.819
0.54
0.755
2.404
2.36
4.208
3.327
2.747
1.678
0.844
0.464
0.656
0.56
0.756
0.41
0.722
0.458
0.725
1.298
1.162
0.655
0.489
0.586
0.582
0.74
0.613
1.209
3.199
2.164
4.085
3.375
2.85
1.804
0.86
0.546
0.591
0.65
0.744
0.459
0.701
0.55
0.685
1.319
1.165
0.613
0.521
0.518
0.559
0.61
0.669
1.142
3.117
2.217
4.119
3.279
2.918
1.503
0.904
0.532
0.624
0.614
0.773
0.467
0.706
0.551
0.722
1.202
0.597
0.654
0.491
0.61
0.543
0.481
0.702
1.171
3.128
2.03
4.119
3.489
3.71
1.47
0.904
0.647
0.552
0.528
0.62
0.528
0.521
2.178
1.659
0.495
1.446
0.83
0.482
0.758
0.696
0.785
1.736
0.657
0.725
0.7
1.553
0.893
0.904
0.757
0.597
0.734
0.572
0.611
0.62
0.58
0.56
2.263
1.594
0.504
1.412
0.83
0.482
0.746
0.668
0.785
1.833
0.753
0.92
0.877
2.58
1.688
1.631
1.54
0.666
0.482
0.732
0.543
0.665
0.488
0.655
0.584
0.739
1.039
0.522
0.652
0.442
0.635
0.543
0.561
0.643
1.209
3.128
1.896
4.04
3.492
3.434
1.794
0.773
0.471
0.607
0.488
0.639
0.424
0.655
0.509
0.69
0.972
0.522
0.558
0.442
0.557
0.568
0.463
0.621
0.603
3.552
2.26
3.479
3.632
3.434
1.807
0.773
0.459
0.555
0.506
0.547
0.462
0.614
0.597
0.721
1.068
0.714
0.495
0.448
0.586
0.567
0.414
0.576
0.69
2.59
1.674
2.984
3.188
3.921
2.534
0.776
0.48
0.557
0.506
0.547
0.446
0.634
0.616
0.721
0.9
0.794
0.495
0.556
0.604
0.626
0.45
0.576
0.598
1.617
1.85
2.899
2.626
3.181
1.661
0.802
0.433
0.563
0.402
0.543
0.459
0.627
0.535
0.768
0.943
0.716
0.552
0.531
0.692
0.547
0.561
0.546
0.682
1.049
1.289
2.175
2.001
3.003
1.771
0.814
0.717
0.587
0.716
0.615
0.579
0.593
2.349
1.617
0.504
1.451
0.924
0.515
1.044
0.742
0.994
1.987
0.929
0.943
0.985
3.276
1.778
1.697
1.627
0.721
0.631
0.509
0.716
0.582
0.533
0.593
2.349
1.526
0.562
1.318
1.073
0.759
0.822
0.688
0.734
1.09
1.49
1.77
0.945
2.386
1.182
1.668
1.436
0.789
0.518
0.552
0.403
0.482
0.473
0.612
0.535
0.689
1.038
0.696
0.492
0.524
0.778
0.548
0.626
0.56
0.752
2.413
1.388
2.175
1.817
2.233
1.856
0.95
0.567
0.552
0.44
0.605
0.517
0.615
0.579
0.823
1.067
0.697
0.492
0.634
0.663
0.548
0.571
0.649
0.705
2.69
2.096
1.574
1.472
1.769
1.213
0.95
0.597
0.659
0.449
0.655
0.593
0.615
0.698
1.253
1.067
0.579
0.523
0.659
0.748
0.574
0.582
0.744
0.706
2.009
1.584
2.091
1.472
2.539
1.946
0.964
0.63
0.769
0.449
0.768
0.59
0.705
0.687
0.856
1.035
0.543
0.592
0.693
0.797
0.595
0.611
0.812
0.659
1.878
1.584
2.743
2.055
2.599
1.946
0.962
0.695
0.797
0.513
0.699
0.682
0.636
0.788
1.003
0.988
0.543
0.643
0.691
0.797
0.643
0.639
0.804
0.659
2.962
1.769
2.02
1.972
2.537
2.068
0.889
0.717
0.587
0.818
0.582
0.605
0.581
2.349
1.574
0.613
0.69
1.073
0.526
0.807
0.779
0.731
1.122
1.051
1.49
1.019
2.492
1.097
1.512
1.437
0.789
0.661
0.581
0.871
0.628
0.571
0.581
2.451
1.518
0.555
0.734
1.559
0.571
0.886
0.751
0.797
0.757
0.95
2.294
1.39
1.801
2.013
2.156
2.095
0.789
0.714
0.797
0.638
0.755
0.623
0.723
0.83
1.165
0.817
0.673
0.629
0.796
0.726
0.769
0.609
0.804
0.682
2.962
2.428
2.532
1.972
1.877
1.925
0.831
0.743
0.824
0.771
0.755
0.682
0.73
0.83
1.202
0.807
0.753
0.629
0.875
0.664
0.776
0.609
0.767
0.682
2.962
2.85
3.652
2.745
2.74
1.936
0.733
0.743
0.745
0.865
0.69
0.682
0.798
0.802
1.116
0.864
0.753
0.632
0.811
0.716
0.728
0.684
0.725
0.732
2.952
2.205
4.653
3.718
3.696
1.906
0.819
0.784
0.658
0.887
0.69
0.669
0.751
0.731
1.019
0.948
0.733
0.652
0.819
0.636
0.742
0.765
0.666
0.779
2.325
3.061
6.223
3.976
3.809
1.169
0.724
0.784
0.658
0.89
0.617
0.674
0.766
0.728
1.142
1.031
0.744
0.668
0.822
0.59
0.822
0.765
0.666
0.796
2.123
3.761
6.953
5.225
4.452
1.169
0.758
0.661
0.537
0.871
0.695
0.587
0.584
2.507
1.612
0.643
0.734
1.812
0.637
0.972
0.751
0.797
0.669
0.899
2.213
1.384
2.625
2.678
2.903
2.791
0.839
0.696
0.61
0.956
0.72
0.539
0.615
2.66
1.612
0.752
0.734
1.84
0.706
0.972
0.806
1.144
0.676
1.006
3.055
1.781
2.625
2.685
3.121
2.175
0.835
0.819
0.603
0.822
0.678
0.722
0.815
0.659
1.087
1.096
0.746
0.757
0.783
0.623
0.744
0.875
0.642
0.796
1.183
3.507
9.147
7.61
4.651
1.037
0.79
0.869
0.616
0.693
0.797
0.722
0.737
0.639
0.984
1.096
0.647
0.73
0.785
0.622
0.665
0.947
0.642
0.732
1.553
3.612
10.083
7.61
4.651
1.064
0.754
0.732
0.59
0.579
0.788
0.668
0.67
0.629
0.953
1.155
0.536
0.768
0.736
0.553
0.744
0.865
0.682
0.639
1.419
3.607
10.12
8.317
4.154
1.007
0.771
0.681
0.578
0.579
0.748
0.622
0.564
0.597
1.039
0.893
0.528
0.682
0.825
0.512
0.798
0.753
0.635
0.655
1.248
3.607
9.252
7.303
3.112
1.612
0.771
0.547
0.561
0.522
0.694
0.57
0.523
0.551
1.061
0.756
0.613
0.636
0.73
0.552
0.699
0.584
0.691
0.558
1.374
3.433
8.986
6.865
2.09
1.557
0.755
0.75
0.653
0.894
0.791
0.532
0.615
2.609
1.612
0.752
0.726
2.424
0.921
1.15
0.899
1.127
0.676
1.022
3.101
1.664
3.922
4.631
3.864
2.149
0.855
0.844
0.653
0.811
0.791
0.532
0.655
2.587
1.616
0.725
0.765
2.27
0.921
1.15
0.779
1.091
0.708
0.847
3.051
2.005
5.764
6.586
5.202
2.455
0.793
0.603
0.525
0.461
0.748
0.573
0.451
0.551
1.061
0.718
0.565
0.545
0.733
0.51
0.663
0.538
0.69
0.512
1.481
3.515
9.163
7.404
2.09
1.045
0.661
0.517
0.478
0.438
0.586
0.473
0.451
0.535
1.061
0.742
0.448
0.545
0.695
0.447
0.641
0.538
0.649
0.477
1.37
3.176
8.036
6.806
4.241
1.613
0.6
0.445
0.444
0.536
0.523
0.495
0.456
0.501
0.999
0.893
0.438
0.539
0.59
0.558
0.664
0.397
0.649
0.592
1.073
2.41
8.349
9.185
6.571
2.422
0.6
0.428
0.444
0.529
0.513
0.449
0.461
0.596
0.95
0.869
0.436
0.546
0.569
0.581
0.664
0.397
0.624
0.614
1.073
2.466
6.577
7.542
5.693
2.492
0.565
0.51
0.445
0.478
0.51
0.527
0.54
0.601
0.832
1.051
0.524
0.507
0.557
0.58
0.655
0.403
0.637
0.576
1.203
3.233
8.616
9.54
7.781
3.833
0.541
0.781
0.588
0.663
0.725
0.502
0.628
2.559
1.574
0.796
1.168
1.777
0.916
1.1
0.848
1.19
0.785
0.79
2.61
1.509
7.702
8.157
6.716
4.434
0.775
0.849
0.627
0.627
0.694
0.464
0.535
2.504
1.61
0.883
1.04
1.361
0.916
0.998
0.823
1.096
0.874
0.955
1.638
0.949
9.021
9.407
8.131
5.789
0.785
0.536
0.417
0.494
0.466
0.517
0.657
0.618
0.676
1.059
0.406
0.62
0.562
0.472
0.655
0.432
0.637
0.688
1.539
3.608
8.359
9.788
7.921
3.833
0.532
0.546
0.489
0.486
0.461
0.451
0.724
0.516
0.665
0.988
0.373
0.632
0.566
0.449
0.578
0.55
0.55
0.815
1.666
3.714
8.635
9.57
7.775
5.036
0.473
0.535
0.524
0.476
0.462
0.467
0.755
0.47
0.74
1.013
0.366
0.602
0.569
0.51
0.555
0.543
0.513
0.818
1.613
3.269
7.704
10.055
7.775
5.036
0.473
0.54
0.501
0.404
0.46
0.444
0.868
0.498
0.669
0.952
0.471
0.611
0.569
0.443
0.619
0.559
0.485
0.868
1.859
4.319
6.695
9.517
7.78
5.247
0.515
0.54
0.392
0.471
0.461
0.418
0.868
0.496
0.729
0.843
0.491
0.553
0.566
0.432
0.642
0.656
0.471
0.868
1.452
4.221
8.685
9.517
7.78
6.52
0.503
0.849
0.603
0.59
0.608
0.44
0.531
2.386
1.486
1.022
1.182
0.833
1.035
0.643
0.745
0.728
0.874
0.94
1.663
0.87
9.172
9.74
8.761
5.285
0.737
0.762
0.531
0.59
0.538
0.44
0.479
2.374
1.504
1.148
1.335
0.804
1.2
0.876
0.879
0.713
0.877
0.853
0.884
0.47
9.233
9.815
8.756
5.251
0.799
0.537
0.407
0.4
0.47
0.418
0.883
0.465
0.719
0.722
0.47
0.553
0.606
0.434
0.622
0.692
0.444
0.877
1.521
3.271
8.043
9.785
6.718
4.589
0.558
0.613
0.516
0.491
0.466
0.437
0.783
0.476
0.727
0.739
0.552
0.501
0.643
0.493
0.767
0.696
0.444
0.761
1.521
2.575
6.242
9.446
6.496
4.611
0.638
0.539
0.518
0.56
0.522
0.464
0.776
0.5
0.762
1.006
0.703
0.545
0.57
0.564
0.819
0.63
0.507
0.783
1.599
2.564
5.544
8.874
6.723
5.517
0.769
0.602
0.532
0.613
0.632
0.495
0.693
0.586
0.863
1.141
0.744
0.545
0.649
0.547
0.819
0.651
0.539
0.794
1.646
2.95
7.646
9.14
6.674
5.517
0.74
0.619
0.605
0.675
0.661
0.544
0.648
0.636
0.867
1.265
0.831
0.56
0.676
0.595
0.861
0.655
0.577
0.685
1.494
2.31
7.978
8.75
6.829
6.575
0.81
0.78
0.564
0.667
0.538
0.453
0.569
2.511
1.605
1.237
1.335
0.804
1.431
0.623
1.118
0.713
0.87
0.863
1.117
0.936
9.333
9.979
9.208
7.448
0.84
0.743
0.621
0.721
0.588
0.529
0.51
2.511
1.648
1.237
1.264
0.804
1.245
0.675
1.167
0.748
0.892
0.984
0.849
0.579
9.333
10.265
9.233
7.448
0.929
0.703
0.697
0.675
0.692
0.594
0.648
0.699
0.842
1.351
0.831
0.606
0.754
0.615
0.785
0.699
0.582
0.685
1.497
2.04
7.601
8.976
9.042
7.314
0.832
0.678
0.789
0.675
0.671
0.74
0.606
0.705
0.91
1.503
0.78
0.638
0.717
0.673
0.774
0.773
0.596
0.752
1.437
2.68
8.424
8.91
10.364
9.559
0.851
0.632
0.734
0.603
0.798
0.744
0.587
0.762
1.1
1.275
0.821
0.657
0.766
0.686
0.658
0.931
0.604
0.728
1.437
3.151
8.527
8.943
10.796
9.779
0.829
0.669
0.673
0.57
0.849
0.752
0.563
0.709
1.126
1.204
0.629
0.722
0.787
0.628
0.749
1.001
0.638
0.687
1.185
2.375
9.316
9.947
10.772
10.18
0.829
0.646
0.673
0.635
0.734
0.752
0.549
0.739
0.95
1.155
0.61
0.724
0.792
0.613
0.753
1.029
0.688
0.772
1.232
2.003
9.226
9.826
11.041
10.362
0.829
0.785
0.647
0.754
0.65
0.559
0.561
2.562
1.713
1.033
0.96
0.941
1.435
0.703
1.103
0.78
0.996
1.45
1.046
2.999
9.272
10.041
8.374
5.43
0.929
0.743
0.647
0.761
0.603
0.695
0.592
2.584
1.719
0.958
1.032
1.019
1.525
0.956
1.154
0.86
0.839
1.849
1.187
3.331
9.294
10.559
8.791
5.063
0.886
0.646
0.67
0.64
0.734
0.752
0.549
0.719
0.95
1.292
0.542
0.724
0.792
0.656
0.655
1.029
0.692
0.924
1.796
2.569
9.8
11.055
11.108
10.736
0.871
0.646
0.681
0.565
0.734
0.827
0.538
0.684
0.905
1.201
0.614
0.742
0.792
0.773
0.734
1.029
0.713
1.037
1.651
2.569
9.811
11.592
11.252
10.771
0.906
0.696
0.65
0.582
0.723
0.876
0.535
0.693
0.81
1.088
0.755
0.667
0.789
0.697
0.861
0.95
0.713
0.977
1.765
2.569
9.834
11.259
11.252
10.771
0.936
0.68
0.666
0.598
0.585
1.046
0.543
0.633
0.687
1.304
0.721
0.64
0.75
0.785
0.842
0.822
0.684
1.087
1.272
2.414
9.834
11.896
11.255
10.647
0.903
0.661
0.651
0.636
0.583
1.041
0.565
0.637
0.574
1.326
0.725
0.593
0.856
0.8
0.728
0.813
0.747
1.087
1.324
3.558
9.834
11.259
10.834
10.222
0.833
0.701
0.682
0.761
0.676
0.728
0.609
2.584
1.719
0.867
1.032
1.184
1.945
1.03
1.133
1.269
0.997
1.873
3.036
5.875
10.127
10.241
9.321
6.784
1.396
0.743
0.692
0.726
0.712
0.75
0.672
2.626
1.672
0.867
1.014
1.388
1.47
0.777
0.81
1.155
1.035
1.999
5.241
8.112
10.046
9.891
9.287
8.512
1.374
0.824
0.651
0.623
0.567
1.179
0.607
0.622
0.579
1.385
0.725
0.59
0.807
0.953
0.691
0.685
0.692
1.108
1.177
3.662
9.429
11.556
10.717
10.256
0.916
0.647
0.696
0.631
0.589
1.043
0.632
0.609
0.703
1.39
0.854
0.634
0.869
0.924
0.724
0.762
0.668
0.941
0.997
4.604
9.381
10.925
10.28
9.817
0.844
0.73
0.636
0.645
0.639
0.946
0.632
0.619
0.718
1.39
0.815
0.617
0.771
0.874
0.578
0.756
0.561
0.9
1.027
6.075
9.249
10.351
9.867
9.27
2.42
0.707
0.621
0.673
0.679
0.774
0.628
0.619
0.738
1.301
0.802
0.623
0.771
0.956
0.578
0.758
0.588
0.874
0.859
6.166
8.801
9.984
9.432
8.805
3.508
0.618
0.607
0.69
0.793
0.639
0.692
0.655
0.88
1.143
0.797
0.652
0.834
0.835
0.609
0.829
0.574
0.764
0.745
5.898
8.801
8.966
8.821
8.125
5.311
0.657
0.722
0.672
0.653
0.721
0.615
2.586
1.608
0.734
1.182
1.324
1.582
0.944
0.81
0.821
1.205
2.311
6.98
7.839
9.974
9.662
9.315
8.305
0.966
0.795
0.712
0.649
0.675
0.625
0.672
2.616
1.623
0.699
1.258
1.324
1.582
0.897
0.828
0.853
1.19
2.307
6.98
9.271
10.237
9.051
8.808
8.305
1.419
0.84
0.593
0.711
0.838
0.645
0.692
0.719
0.92
1.061
0.783
0.695
0.834
0.835
0.692
0.791
0.564
0.813
0.755
6.45
8.408
8.598
9.289
7.976
7.133
0.655
0.653
0.704
0.838
0.645
0.677
0.741
0.97
0.892
0.921
0.756
0.783
0.734
0.712
0.868
0.59
0.748
0.854
8.006
8.724
8.598
8.835
7.976
6.593
0.735
0.609
0.669
0.889
0.628
0.622
0.806
0.985
0.892
0.864
0.713
0.768
0.641
0.692
0.831
0.59
0.804
0.74
8.006
8.168
9.008
9.517
8.314
7.153
0.735
0.609
0.702
0.803
0.687
0.603
0.806
0.911
1.062
0.901
0.696
0.73
0.562
0.769
0.759
0.595
0.817
0.709
8.091
9.601
9.291
9.56
8.608
7.359
0.781
0.633
0.639
0.876
0.682
0.602
0.806
0.911
1.062
0.901
0.743
0.798
0.562
0.777
0.721
0.59
0.805
0.695
8.316
9.735
9.866
10.247
8.877
8.104
0.835
0.706
0.633
0.659
0.707
0.658
2.581
1.68
0.708
1.224
1.544
1.694
1.203
0.896
0.727
0.968
1.739
5.816
8.947
10.326
9.445
8.979
8.546
3.262
0.996
0.67
0.633
0.681
0.707
0.653
2.59
1.683
0.713
1.214
1.447
1.649
0.942
0.956
0.773
1.038
1.267
6.153
9.039
9.33
9.092
8.708
8.559
5.035
1.063
0.66
0.591
0.773
0.694
0.502
0.773
0.814
1.047
1.0
0.748
0.8
0.534
0.77
0.635
0.588
0.871
0.809
8.316
9.967
9.904
10.247
8.877
8.018
0.865
0.76
0.551
0.777
0.672
0.502
0.682
0.842
1.017
1.078
0.657
0.785
0.563
0.708
0.686
0.552
0.882
0.939
8.501
10.316
10.18
9.687
8.846
7.97
0.888
0.685
0.607
0.775
0.643
0.512
0.734
0.754
1.037
1.022
0.602
0.862
0.589
0.737
0.681
0.542
1.0
0.851
8.626
10.316
9.479
10.216
9.458
8.733
0.938
0.744
0.628
0.739
0.585
0.621
0.629
0.683
0.924
1.006
0.658
0.808
0.623
0.835
0.623
0.559
0.987
0.946
8.818
12.065
9.729
10.665
10.138
9.586
0.882
0.813
0.594
0.752
0.585
0.623
0.697
0.611
0.8
1.006
0.771
0.808
0.703
0.756
0.682
0.614
0.904
1.039
8.936
11.213
10.253
11.165
10.277
9.508
0.846
0.784
0.663
0.603
0.683
0.659
2.612
1.683
0.632
1.206
1.366
1.647
0.893
1.057
0.773
0.823
1.362
4.437
8.458
8.615
8.697
8.412
8.318
6.363
1.001
0.901
0.639
0.642
0.666
0.659
2.547
1.186
0.613
1.202
1.231
1.557
0.917
1.057
0.974
0.98
1.278
2.479
8.458
9.006
9.092
8.608
8.509
8.149
0.93
0.796
0.586
0.735
0.606
0.705
0.631
0.695
0.825
0.967
0.705
0.828
0.756
0.664
0.737
0.615
0.907
1.151
9.346
11.894
10.395
11.171
10.141
9.55
0.913
0.758
0.644
0.758
0.587
0.705
0.655
0.708
0.825
0.874
0.848
0.795
0.761
0.72
0.725
0.693
0.861
1.012
9.346
12.136
10.362
11.171
10.127
9.55
0.979
0.746
0.677
0.778
0.642
0.657
0.749
0.642
0.769
1.161
1.07
0.853
0.762
0.685
0.697
0.693
0.925
0.869
8.661
13.096
10.234
10.84
9.994
9.587
1.035
0.814
0.634
0.831
0.641
0.715
0.684
0.687
0.781
1.343
1.121
0.835
0.762
0.677
0.697
0.75
0.84
0.895
8.595
11.868
10.48
9.6
8.981
8.808
1.0
0.811
0.612
0.83
0.709
0.669
0.684
0.736
0.788
1.581
1.103
0.945
0.736
0.624
0.749
0.75
0.915
0.934
8.158
10.806
9.641
8.955
8.489
8.199
1.01
0.786
0.634
0.711
0.678
0.687
2.546
1.151
0.629
1.189
1.409
1.557
0.832
0.902
0.971
0.898
1.204
1.537
8.183
8.877
8.804
8.637
8.371
8.149
0.93
0.924
0.701
0.711
0.713
0.711
2.496
0.603
0.648
1.09
1.664
1.62
0.898
0.926
1.439
1.156
1.415
1.902
8.199
8.175
8.547
8.346
8.144
8.149
1.026
0.757
0.642
0.83
0.652
0.741
0.676
0.794
0.915
1.329
0.881
0.945
0.679
0.604
0.74
0.694
0.915
0.964
8.469
11.021
8.695
8.27
7.992
7.99
1.078
0.757
0.703
0.82
0.705
0.738
0.735
0.794
0.915
1.365
1.103
0.846
0.679
0.615
0.762
0.73
0.883
0.904
7.909
10.772
8.412
8.045
7.992
7.99
1.053
0.783
0.72
0.807
0.748
0.738
0.788
0.844
0.944
1.538
0.994
0.816
0.721
0.541
0.762
0.747
0.775
0.872
7.909
10.28
8.209
8.019
7.992
7.99
0.985
0.725
0.657
0.751
0.736
0.729
0.725
0.844
0.96
1.365
0.741
0.723
0.712
0.522
0.73
0.73
0.705
0.908
7.241
8.568
6.743
6.911
6.376
6.259
0.916
0.669
0.626
0.651
0.642
0.692
0.716
0.901
0.918
1.371
0.685
0.64
0.663
0.473
0.624
0.633
0.627
0.866
5.779
6.577
5.491
5.535
4.823
4.538
0.895
1.08
0.752
0.781
0.701
0.724
2.541
0.544
0.69
1.0
1.967
1.694
0.898
0.89
1.439
1.176
1.201
1.511
8.758
8.477
8.569
8.371
8.144
8.697
0.974
1.068
0.69
0.748
0.636
0.716
1.615
0.504
0.684
1.121
2.25
1.764
1.017
0.852
1.405
1.095
1.182
1.162
8.618
8.343
8.415
8.342
8.064
8.692
0.966
0.586
0.597
0.584
0.543
0.631
0.699
0.946
0.812
1.229
0.633
0.54
0.592
0.408
0.54
0.537
0.551
0.764
4.115
4.963
4.934
4.104
3.591
2.95
0.9
0.555
0.512
0.517
0.502
0.558
0.588
0.954
0.76
1.116
0.633
0.485
0.519
0.494
0.472
0.53
0.456
0.638
2.473
3.275
3.536
2.514
1.951
1.306
0.871
0.472
0.427
0.468
0.388
0.505
0.478
0.888
0.717
1.071
0.524
0.426
0.393
0.433
0.427
0.436
0.421
0.553
2.414
2.824
2.966
2.046
1.331
1.115
0.835
0.465
0.425
0.423
0.388
0.46
0.431
0.858
0.659
0.963
0.52
0.426
0.393
0.469
0.427
0.436
0.421
0.612
2.414
3.069
2.67
1.684
1.297
1.226
0.835
0.459
0.447
0.413
0.421
0.444
0.458
0.901
0.659
0.963
0.529
0.446
0.406
0.469
0.437
0.462
0.4
0.575
1.976
2.439
3.037
1.712
1.641
1.452
0.817
1.003
0.69
0.751
0.621
0.688
1.582
0.502
0.637
1.095
2.272
1.917
0.939
0.748
1.225
1.69
1.325
1.081
7.244
7.235
6.958
6.817
6.49
6.986
0.869
0.938
0.636
0.659
0.589
0.578
0.629
0.465
0.61
1.254
2.272
1.917
0.939
0.748
0.705
1.515
2.381
1.459
6.591
6.858
6.642
6.475
6.305
6.811
1.028
0.464
0.452
0.436
0.429
0.444
0.458
0.901
0.755
0.882
0.51
0.41
0.409
0.437
0.42
0.454
0.354
0.49
1.888
2.32
2.433
1.954
1.846
1.594
0.832
0.453
0.476
0.431
0.449
0.459
0.43
0.858
0.755
0.885
0.51
0.451
0.427
0.501
0.442
0.513
0.415
0.49
3.048
2.951
2.433
2.189
1.846
1.84
0.909
0.474
0.563
0.477
0.466
0.517
0.476
0.908
0.783
0.936
0.572
0.477
0.462
0.501
0.486
0.573
0.512
0.547
4.513
3.894
4.066
3.85
3.367
3.344
1.029
0.516
0.639
0.512
0.482
0.588
0.525
0.998
0.867
1.114
0.601
0.499
0.542
0.513
0.555
0.71
0.524
0.753
5.352
5.299
5.4
5.578
5.248
5.089
1.21
0.547
0.73
0.596
0.601
0.66
0.603
1.002
0.95
1.127
0.628
0.464
0.594
0.468
0.555
0.695
0.543
0.822
6.056
6.965
7.008
7.073
6.605
6.505
1.345
2.919
0.698
0.66
0.619
0.585
0.64
0.505
0.538
1.161
1.691
1.248
1.229
0.839
1.133
1.826
2.202
1.367
6.289
6.673
6.727
6.123
6.167
6.797
1.053
1.122
0.677
0.661
0.609
0.585
0.64
0.506
0.504
1.31
1.533
1.65
1.137
0.931
0.627
1.18
1.087
0.952
4.701
6.187
5.029
4.562
4.635
4.52
0.961
0.651
0.784
0.611
0.682
0.701
0.618
0.98
0.822
1.317
1.324
0.574
0.702
0.599
0.714
0.787
0.668
1.122
7.704
8.362
8.142
8.311
7.888
7.943
1.43
0.719
0.784
0.617
0.682
0.701
0.582
0.907
0.834
1.384
1.324
0.637
0.703
0.652
0.714
0.787
0.738
1.146
7.704
8.362
8.142
8.311
7.888
7.943
1.389
0.719
0.726
0.617
0.682
0.66
0.58
0.892
0.826
1.259
0.614
0.652
0.703
0.617
0.734
0.704
0.693
0.891
5.842
6.616
6.582
7.301
6.493
6.19
1.445
0.761
0.665
0.619
0.571
0.632
0.504
0.779
0.851
1.24
0.892
0.807
0.718
0.585
0.804
0.733
0.975
0.97
4.498
5.264
4.893
5.615
4.712
4.74
1.353
0.739
0.606
0.561
0.602
0.596
0.554
0.716
0.747
1.065
1.027
0.802
0.661
0.643
0.801
0.639
0.999
0.926
2.897
3.301
3.315
3.772
3.113
2.925
1.362
1.024
0.685
0.586
0.551
0.52
0.583
0.489
0.496
1.394
1.389
1.516
1.217
0.932
0.667
1.184
1.308
1.289
3.192
4.626
3.655
3.58
3.058
2.925
0.974
1.034
0.692
0.605
0.551
0.551
1.023
0.503
0.501
1.232
1.389
2.069
1.522
1.143
1.263
1.83
1.485
1.314
3.131
4.44
3.67
3.675
3.096
2.889
0.965
0.739
0.606
0.55
0.501
0.557
0.483
0.627
0.76
0.977
1.567
0.822
0.554
0.762
0.681
0.697
1.088
0.964
2.378
1.934
1.84
2.218
1.517
1.515
1.322
0.72
0.576
0.518
0.48
0.521
0.454
0.549
0.76
0.8
1.113
0.652
0.554
0.762
0.681
0.764
1.286
0.964
2.378
1.934
1.84
2.218
1.517
1.515
1.142
0.809
0.62
0.509
0.474
0.465
0.463
0.486
0.605
0.685
1.63
0.846
0.631
0.789
0.695
0.767
1.269
0.962
4.346
4.142
4.161
3.785
3.832
3.7
1.142
0.827
0.595
0.533
0.465
0.467
0.5
0.429
0.61
0.619
1.866
1.511
1.071
1.467
0.761
0.873
1.449
1.057
6.689
6.451
6.445
6.166
6.136
5.994
1.043
0.759
0.599
0.578
0.482
0.643
0.535
0.429
0.523
0.571
1.714
1.517
1.252
1.542
0.751
0.984
1.247
1.131
6.848
6.32
8.424
8.498
8.55
8.336
1.026
