0.0
0.0
0.0
0.0
0.0
0.0
0.0
0.0
0.0
0.0
0.0
0.0
0.0
0.0
0.0
0.0
0.0
0.0
0.0
0.0
0.0
0.0
0.0
0.0
0.0
0.0
0.0
0.0
0.0
0.0
0.0
0.0
0.0
0.0
0.0
0.0
0.0
0.0
0.0
0.0
0.0
0.0
0.0
0.0
0.0
0.0
0.0
0.0
0.0
0.0
0.0
0.0
0.0
0.0
0.0
0.0
0.0
0.0
0.0
0.0
0.0
0.0
0.0
0.0
0.0
0.0
0.0
0.0
0.0
0.0
0.0
0.0
0.0
0.0
0.0
0.0
0.0
0.0
0.0
0.0
0.0
0.0
0.0
0.0
0.0
0.0
0.0
0.0
0.0
0.0
0.0
0.0
0.0
0.0
0.0
0.0
0.0
0.0
0.0
0.0
0.0
0.0
0.0
0.0
0.0
0.0
0.0
0.0
0.0
0.0
0.0
0.0
0.0
0.0
0.0
0.0
0.0
0.0
0.0
0.0
0.0
0.0
0.0
0.0
0.0
0.0
0.0
0.0
0.0
0.0
0.0
0.0
0.0
0.0
0.0
0.0
0.0
0.0
0.0
0.0
0.0
0.0
0.0
0.0
0.0
0.0
0.0
0.0
0.0
0.0
0.0
0.0
0.0
0.0
0.0
0.0
0.0
0.0
0.0
0.0
0.0
0.0
0.0
0.0
0.0
0.0
0.0
0.0
0.0
0.0
0.0
0.0
0.0
0.0
0.0
0.0
0.0
0.0
0.0
0.0
0.0
0.0
0.0
0.0
0.0
0.0
0.0
0.0
0.0
0.0
0.0
0.0
0.0
0.0
0.0
0.0
0.0
0.0
0.0
0.0
0.0
0.0
0.0
0.0
0.0
0.0
0.0
0.0
0.0
0.0
0.0
0.0
0.0
0.0
0.0
0.0
0.0
0.0
0.0
0.0
0.0
0.0
0.0
0.0
0.0
0.0
0.0
0.0
0.0
0.0
0.0
0.0
0.0
0.0
0.0
0.0
0.0
0.0
0.0
0.0
0.0
0.0
0.0
0.0
0.0
0.0
0.0
0.0
0.0
0.0
0.0
0.0
0.0
0.0
0.0
0.0
0.0
0.0
0.0
0.0
0.0
0.0
0.0
0.0
0.0
0.0
0.0
0.0
0.0
0.0
0.0
0.0
0.0
0.0
0.0
0.0
0.0
0.0
0.0
0.0
0.0
0.0
0.0
0.0
0.0
0.0
0.0
0.0
0.0
0.0
0.0
0.0
0.0
0.0
0.0
0.0
0.0
0.0
0.0
0.0
0.0
0.0
0.0
0.0
0.0
0.0
0.0
0.0
0.0
0.0
0.0
0.0
0.0
0.0
0.0
0.0
0.0
0.0
0.0
0.0
0.0
0.0
0.0
0.0
0.0
0.0
0.0
0.0
0.0
0.0
0.0
0.0
0.0
0.0
0.0
0.0
0.0
0.0
0.0
0.0
0.0
0.0
0.0
0.0
0.0
0.0
0.0
0.0
0.0
0.0
0.0
0.0
0.0
0.0
0.0
0.0
0.0
0.0
0.0
0.0
0.0
0.0
0.0
0.0
0.0
0.0
0.0
0.0
0.0
0.0
0.0
0.0
0.0
0.0
0.0
0.0
0.0
0.0
0.0
0.0
0.0
0.0
0.0
0.0
0.0
0.0
0.0
0.0
0.0
0.0
0.0
0.0
0.0
0.0
0.0
0.0
0.0
0.0
0.0
0.0
0.0
0.0
0.0
0.0
0.0
0.0
0.0
0.0
0.0
0.0
0.0
0.0
0.0
0.0
0.0
0.0
0.0
0.0
0.0
0.0
0.0
0.0
0.0
0.0
0.0
0.0
0.0
0.0
0.0
0.0
0.0
0.0
0.0
0.0
0.0
0.0
0.0
0.0
0.0
0.0
0.0
0.0
0.0
0.0
0.0
0.0
0.0
0.0
0.0
0.0
0.0
0.0
0.0
0.0
0.0
0.0
0.0
0.0
0.0
0.0
0.0
0.0
0.0
0.0
0.0
0.0
0.0
0.0
0.0
0.0
0.0
0.0
0.0
0.0
0.0
0.0
0.0
0.0
0.0
0.0
0.0
0.0
0.0
0.0
0.0
0.0
0.0
0.0
0.0
0.0
0.0
0.0
0.0
0.0
0.0
0.0
0.0
0.0
0.0
0.0
0.0
0.0
0.0
0.0
0.0
0.569
0.549
0.549
0.562
0.547
0.55
0.515
0.509
0.609
1.445
1.267
1.412
2.315
2.294
2.33
1.897
2.485
2.472
2.146
1.521
2.088
1.781
1.077
0.664
0.547
0.534
0.536
0.545
0.533
0.539
0.5
0.488
0.587
1.29
0.804
1.09
2.001
2.221
2.428
1.719
2.389
1.945
1.41
0.946
0.988
1.637
0.945
0.657
0.554
0.534
0.539
0.544
0.528
0.533
0.509
0.496
0.541
1.29
0.804
0.837
1.509
1.477
2.0
1.673
2.837
1.582
1.009
0.946
0.988
1.51
1.092
0.909
0.651
0.525
0.526
0.54
0.523
0.526
0.516
0.504
0.553
1.793
1.246
1.548
1.184
0.957
1.765
2.067
2.525
2.386
1.496
1.269
1.049
1.471
1.382
1.008
0.577
0.534
0.53
0.531
0.511
0.518
0.499
0.566
1.14
2.388
2.378
1.223
0.914
1.168
1.053
0.945
1.092
1.016
0.923
1.536
1.781
1.415
1.596
1.151
0.607
0.517
0.513
0.519
0.511
0.515
0.512
0.566
2.045
2.973
3.444
1.965
1.781
1.198
0.924
0.96
1.194
1.128
1.041
1.536
1.781
1.507
1.398
1.2
0.765
0.521
0.525
0.538
0.529
0.528
0.52
0.503
0.52
1.377
1.387
1.712
1.526
1.494
2.026
2.404
2.525
2.253
1.569
1.417
1.174
1.498
1.436
1.247
0.793
0.521
0.525
0.539
0.533
0.531
0.518
0.5
0.518
1.376
2.253
2.616
2.446
2.794
2.454
2.987
2.027
1.908
1.559
1.592
1.237
1.498
1.436
1.144
0.705
0.534
0.534
0.549
0.539
0.538
0.535
0.513
0.523
1.376
2.527
1.944
1.799
1.657
2.076
3.007
1.968
2.008
2.262
2.046
1.494
1.711
1.547
1.407
0.764
0.532
0.533
0.549
0.539
0.536
0.535
0.513
0.523
1.431
3.1
2.121
1.58
1.648
1.536
3.007
1.977
2.862
2.966
2.687
2.262
1.86
1.746
1.508
0.763
0.516
0.52
0.54
0.528
0.529
0.528
0.509
0.523
0.797
2.785
2.147
1.58
1.674
1.922
2.523
1.705
2.714
2.946
2.511
2.198
1.889
1.817
1.109
0.73
0.517
0.513
0.516
0.511
0.515
0.506
0.555
2.034
2.97
3.305
1.86
2.307
1.098
0.832
0.916
1.097
1.051
0.959
1.395
1.769
1.507
1.472
1.164
0.883
0.522
0.513
0.519
0.513
0.518
0.513
0.509
1.114
2.27
3.104
1.692
1.641
1.098
0.832
0.996
1.097
1.051
0.959
1.147
1.423
1.507
1.211
1.396
0.668
0.525
0.527
0.544
0.537
0.536
0.536
0.515
0.532
0.659
2.061
1.55
1.522
1.644
1.843
2.071
1.501
1.919
2.313
2.176
2.334
2.198
2.026
1.214
0.668
0.537
0.541
0.552
0.545
0.543
0.542
0.521
0.606
0.797
2.695
1.729
1.293
1.201
1.287
1.71
1.501
1.919
2.295
2.168
2.762
2.198
2.026
1.098
0.665
0.575
0.569
0.582
0.572
0.571
0.535
0.514
0.692
1.157
2.6
1.729
1.293
1.201
1.287
1.71
1.501
1.478
1.974
2.099
2.532
2.322
2.22
1.046
0.668
0.588
0.589
0.594
0.588
0.592
0.525
0.504
0.676
1.262
2.369
1.573
1.101
1.303
1.571
1.454
1.497
1.359
1.419
1.463
2.442
2.286
2.241
0.948
0.606
0.616
0.605
0.608
0.609
0.612
0.542
0.525
0.815
1.31
1.823
1.329
0.978
1.207
1.655
1.843
2.072
1.31
1.419
1.463
2.442
1.962
1.852
1.142
1.025
0.557
0.532
0.535
0.535
0.532
0.533
0.509
0.862
2.373
3.815
2.414
1.939
1.279
0.96
0.996
1.097
1.088
1.056
1.056
1.423
1.623
1.53
1.23
0.964
0.578
0.554
0.555
0.565
0.553
0.54
0.501
0.684
1.39
2.473
1.706
1.863
1.215
0.892
0.996
0.99
0.956
1.056
0.918
1.12
1.466
1.274
0.828
0.621
0.645
0.627
0.637
0.63
0.627
0.573
0.539
0.725
1.282
1.65
1.505
1.844
1.359
2.608
2.04
2.145
1.339
1.466
1.443
2.442
1.99
1.809
0.827
0.617
0.645
0.625
0.637
0.63
0.627
0.555
0.517
0.945
2.163
2.284
2.794
2.298
2.232
3.193
2.118
2.178
1.389
1.519
1.484
2.403
1.784
1.435
0.786
0.588
0.61
0.594
0.6
0.597
0.597
0.526
0.499
0.855
2.029
1.603
2.591
2.552
2.309
3.626
2.721
3.007
1.55
2.054
1.854
1.991
1.784
1.36
0.809
0.561
0.575
0.565
0.572
0.569
0.571
0.533
0.514
0.703
1.592
0.984
1.186
1.55
2.082
2.339
2.118
2.178
1.416
1.963
1.737
1.526
1.623
1.283
0.805
0.54
0.55
0.544
0.544
0.54
0.547
0.533
0.535
0.946
1.627
0.961
1.764
2.467
2.052
2.089
1.801
2.507
2.211
2.515
1.809
1.561
1.619
1.25
1.23
0.964
0.582
0.556
0.556
0.568
0.554
0.545
0.506
0.737
0.919
1.527
2.09
2.809
1.273
0.957
1.061
1.345
0.971
1.157
0.918
1.321
1.642
1.252
1.117
0.829
0.582
0.556
0.555
0.571
0.554
0.542
0.52
0.639
0.835
1.527
2.485
2.809
1.349
0.955
1.047
1.341
0.977
1.218
0.956
1.23
1.555
1.252
0.682
0.54
0.533
0.544
0.539
0.536
0.54
0.513
0.513
0.805
1.576
1.111
2.594
3.284
2.536
2.91
2.046
2.106
2.01
1.906
1.436
1.509
1.657
1.378
0.688
0.54
0.533
0.544
0.539
0.536
0.54
0.507
0.591
0.928
1.828
1.685
3.103
3.175
2.125
2.2
1.813
1.953
1.942
2.53
1.56
1.667
1.724
1.299
0.688
0.543
0.529
0.545
0.537
0.536
0.54
0.516
1.404
1.044
1.435
1.111
2.272
2.63
1.91
1.609
1.739
1.927
2.188
2.983
1.541
1.606
1.696
1.314
0.652
0.541
0.536
0.545
0.538
0.538
0.539
0.507
1.559
1.532
1.515
1.652
3.007
3.367
2.363
1.654
1.208
1.606
2.162
2.897
1.541
1.565
1.725
1.334
0.609
0.554
0.548
0.556
0.545
0.544
0.553
0.509
1.695
1.508
1.087
1.581
3.007
3.402
2.363
2.312
1.93
2.082
2.556
3.184
1.849
1.94
1.725
1.26
1.027
0.738
0.623
0.602
0.574
0.591
0.571
0.563
0.539
0.637
0.835
1.525
2.977
2.908
1.978
1.137
1.194
1.525
1.158
1.643
2.073
1.64
1.756
1.228
0.807
0.605
0.616
0.593
0.57
0.578
0.566
0.552
0.608
0.73
0.952
1.534
3.852
3.902
2.393
1.077
1.21
1.525
1.527
1.786
2.084
1.715
1.62
1.246
0.569
0.561
0.555
0.552
0.552
0.544
0.553
0.514
1.012
1.273
1.839
2.532
3.428
3.51
2.992
2.453
2.195
2.082
2.556
2.943
1.832
1.816
1.611
1.06
0.55
0.559
0.554
0.548
0.549
0.538
0.545
0.527
1.079
1.37
2.696
2.989
2.812
2.777
2.904
2.365
1.722
1.729
2.556
2.943
1.882
1.704
1.446
1.008
0.543
0.552
0.541
0.539
0.541
0.529
0.534
0.521
1.12
1.943
3.107
2.997
2.922
1.979
3.112
2.335
1.731
2.66
2.719
2.943
2.177
1.343
1.369
1.022
0.558
0.547
0.541
0.536
0.542
0.529
0.532
0.515
1.079
2.224
3.683
3.329
3.399
3.652
3.814
2.921
1.931
2.802
3.467
2.517
2.814
1.774
1.369
0.86
0.543
0.547
0.536
0.536
0.542
0.526
0.529
0.514
1.088
2.224
3.504
2.414
2.305
1.979
2.771
2.523
1.832
2.67
2.871
2.12
2.828
1.794
1.385
0.86
0.779
0.538
0.546
0.548
0.547
0.551
0.546
0.517
0.513
0.78
0.989
1.243
4.069
4.01
1.767
1.086
1.278
1.64
2.396
2.374
2.191
1.529
1.212
1.01
0.674
0.515
0.518
0.528
0.523
0.529
0.528
0.501
0.578
0.785
1.061
1.316
4.069
4.01
1.767
1.086
1.33
1.739
2.396
2.374
2.324
1.711
1.391
1.102
0.552
0.522
0.519
0.52
0.523
0.509
0.513
0.494
1.13
2.224
3.504
2.414
2.305
1.937
2.757
1.775
1.426
2.186
2.525
1.842
2.524
1.331
1.363
0.944
0.541
0.506
0.502
0.504
0.507
0.498
0.499
0.497
2.148
2.625
2.666
1.743
1.321
0.803
2.238
2.178
1.137
1.115
1.389
1.514
2.524
1.258
1.363
1.072
0.529
0.489
0.489
0.491
0.492
0.488
0.483
0.634
2.65
2.579
1.937
1.105
1.225
0.886
2.452
2.481
1.137
1.324
2.233
2.236
2.691
1.501
1.513
1.137
0.61
0.483
0.482
0.484
0.484
0.482
0.475
0.631
2.605
2.05
1.227
0.726
0.638
0.704
1.662
2.309
0.994
1.143
2.023
2.042
2.112
1.556
1.551
1.109
0.659
0.48
0.479
0.48
0.48
0.478
0.474
0.665
2.619
1.31
0.62
0.517
0.493
0.496
0.933
1.425
0.938
0.975
1.17
1.826
1.811
1.556
1.604
1.155
0.771
0.508
0.506
0.518
0.513
0.52
0.519
0.49
0.668
0.918
1.194
1.257
4.32
3.158
1.807
0.939
1.29
1.345
2.542
2.151
1.416
2.134
1.268
1.055
0.678
0.503
0.499
0.511
0.506
0.507
0.509
0.481
0.654
1.681
1.421
0.969
3.2
2.11
1.737
0.944
1.305
1.352
2.964
2.626
1.727
2.134
1.268
1.04
0.725
0.48
0.479
0.48
0.48
0.478
0.473
0.666
2.268
0.883
0.535
0.502
0.466
0.467
0.904
1.399
0.911
0.875
1.403
2.311
1.811
1.893
1.61
1.031
0.65
0.484
0.482
0.484
0.483
0.477
0.472
0.665
2.217
0.905
0.553
0.502
0.588
0.655
1.615
1.761
1.203
1.162
2.257
2.796
1.898
1.862
1.562
1.046
0.662
0.495
0.494
0.496
0.493
0.481
0.474
0.519
1.535
0.905
0.553
0.544
0.969
1.037
2.071
1.616
1.535
1.531
2.299
2.819
2.201
1.942
1.563
1.015
0.746
0.494
0.494
0.496
0.493
0.481
0.475
0.466
1.014
1.194
1.447
0.706
0.927
1.007
1.909
1.616
1.433
1.254
1.399
1.993
2.191
1.698
1.341
0.925
0.662
0.497
0.495
0.497
0.494
0.481
0.476
0.512
1.569
1.135
1.443
0.708
0.93
1.107
1.91
1.616
1.433
1.066
1.294
1.481
2.077
1.609
1.238
0.876
0.668
0.503
0.499
0.511
0.506
0.507
0.509
0.481
0.629
1.681
1.421
0.969
2.749
1.432
1.45
0.944
1.312
1.419
2.922
2.474
1.416
1.443
1.165
1.04
0.661
0.492
0.491
0.498
0.49
0.496
0.497
0.484
0.541
1.579
1.355
0.852
1.884
1.432
1.157
0.835
1.144
1.309
2.518
2.238
1.504
1.388
1.177
0.975
0.585
0.497
0.496
0.497
0.494
0.481
0.474
0.469
1.533
1.349
1.506
0.739
1.038
1.223
2.026
1.682
1.27
1.469
1.371
1.481
2.077
1.229
1.12
0.771
0.521
0.498
0.498
0.498
0.495
0.483
0.476
0.471
1.247
1.534
1.77
0.882
1.754
1.237
2.547
2.293
1.479
1.487
0.887
0.893
1.781
1.229
1.107
0.726
0.508
0.497
0.497
0.496
0.495
0.494
0.489
0.491
1.262
1.534
1.755
0.909
1.063
0.999
1.929
1.962
1.447
1.504
0.887
0.827
1.9
1.311
1.106
0.733
0.497
0.488
0.487
0.487
0.486
0.484
0.477
0.482
1.256
1.454
0.916
0.772
0.752
0.873
1.387
1.373
1.432
1.258
0.888
0.773
2.072
1.303
1.139
0.718
0.486
0.488
0.487
0.486
0.484
0.483
0.477
1.154
1.333
1.239
0.652
0.625
0.652
0.833
0.947
1.309
1.269
1.733
0.937
0.893
1.852
1.335
1.128
0.747
0.559
0.497
0.498
0.497
0.498
0.499
0.498
0.484
1.072
2.385
1.777
0.852
1.115
0.947
1.028
0.694
1.002
1.183
2.291
2.031
1.759
1.7
1.342
1.115
0.649
0.497
0.496
0.495
0.495
0.495
0.494
0.475
1.013
2.513
1.639
1.105
1.248
1.465
1.388
1.318
1.09
1.273
2.977
2.031
1.776
1.66
1.343
1.083
0.482
0.484
0.484
0.484
0.483
0.481
0.475
0.482
1.028
1.451
0.916
0.772
0.799
0.854
1.062
1.309
1.269
2.113
1.391
0.906
2.047
1.616
1.257
0.773
0.492
0.493
0.491
0.492
0.492
0.491
0.482
0.479
1.146
1.28
0.961
0.852
0.864
0.879
1.471
1.751
1.36
2.144
1.856
1.343
2.298
1.616
1.328
0.773
0.491
0.491
0.487
0.49
0.49
0.488
0.481
0.468
1.061
1.02
0.696
0.703
0.689
0.792
0.97
1.163
1.257
2.144
2.074
1.717
2.298
1.541
1.305
0.768
0.491
0.491
0.487
0.49
0.49
0.486
0.481
0.464
1.055
1.318
1.914
1.244
0.833
0.776
1.264
1.567
1.102
1.973
2.075
1.676
1.831
1.265
1.185
0.646
0.488
0.488
0.485
0.488
0.488
0.485
0.48
0.462
1.114
1.018
1.836
1.196
0.807
0.749
1.239
1.522
0.858
1.662
2.611
1.756
1.831
1.486
1.186
0.7
0.557
0.495
0.495
0.495
0.495
0.494
0.492
0.469
0.553
1.747
1.32
1.154
1.077
1.269
1.206
1.318
1.097
1.429
2.977
2.506
1.737
1.252
1.261
0.999
0.56
0.491
0.492
0.492
0.491
0.489
0.487
0.465
0.603
2.024
1.608
1.523
1.298
2.174
2.212
1.557
1.192
1.747
2.607
2.104
1.503
1.252
1.261
0.963
0.498
0.5
0.497
0.499
0.497
0.494
0.489
0.462
1.045
1.024
1.836
1.199
0.808
0.754
1.328
1.264
0.879
1.39
2.306
1.785
1.844
1.498
1.223
0.862
0.508
0.51
0.508
0.507
0.505
0.5
0.496
0.48
1.045
1.024
0.739
0.756
0.771
0.636
1.783
1.663
0.887
1.084
1.884
1.38
1.599
1.2
1.082
0.862
0.578
0.499
0.5
0.497
0.495
0.489
0.487
0.482
1.045
1.329
2.108
1.783
1.208
0.636
1.636
1.663
0.887
1.084
1.707
1.415
1.806
1.358
1.005
1.061
0.613
0.514
0.516
0.513
0.509
0.502
0.503
0.499
1.033
2.282
2.935
2.536
2.124
0.931
1.661
1.962
1.119
1.464
2.0
1.226
1.918
1.506
1.137
1.067
0.613
0.512
0.516
0.514
0.591
0.586
0.563
0.558
1.13
1.922
1.471
1.409
1.526
0.909
1.134
1.877
1.002
1.317
1.969
1.217
1.918
1.489
1.137
1.067
0.516
0.491
0.492
0.488
0.476
0.474
0.472
0.446
0.598
2.024
1.608
1.523
1.323
2.202
1.809
0.924
1.064
1.608
2.989
2.248
2.13
1.476
1.38
0.99
0.596
0.516
0.517
0.5
0.49
0.454
0.487
0.446
0.568
2.052
1.791
2.181
1.264
1.748
1.798
1.256
1.462
1.96
2.989
2.288
2.105
1.527
1.438
1.137
0.613
0.515
0.517
0.516
0.593
0.588
0.565
0.572
1.13
1.95
1.482
1.764
2.315
1.068
1.277
1.877
1.048
1.461
1.969
2.377
1.918
1.317
1.075
0.994
0.548
0.515
0.515
0.511
0.514
0.509
0.506
0.711
1.41
1.95
1.482
1.764
2.315
0.994
1.206
1.986
1.361
1.832
2.133
2.516
1.844
1.254
1.066
0.866
0.548
0.514
0.514
0.512
0.513
0.511
0.51
0.712
1.452
1.731
1.374
2.189
3.108
2.094
1.206
2.032
1.691
2.252
2.294
2.612
1.853
1.363
1.037
0.709
0.517
0.515
0.515
0.513
0.514
0.512
0.51
0.712
1.354
0.781
0.549
1.438
2.631
1.831
1.642
2.032
1.722
2.362
2.2
1.4
1.536
1.363
1.056
0.709
0.517
0.503
0.503
0.501
0.5
0.499
0.496
0.717
1.407
0.626
0.512
0.914
1.876
1.579
1.642
1.858
1.6
2.136
1.768
1.383
1.504
1.259
1.084
0.849
0.677
0.538
0.506
0.49
0.477
0.454
0.474
0.453
0.506
1.027
1.324
1.983
2.132
3.079
3.077
2.256
2.149
2.824
3.168
2.459
1.443
1.416
1.244
0.928
0.629
0.537
0.508
0.489
0.477
0.454
0.475
0.471
0.577
1.51
1.878
1.562
1.795
2.024
1.964
1.549
1.644
1.96
2.479
2.459
1.387
1.264
1.058
0.927
0.754
0.508
0.505
0.502
0.49
0.489
0.485
0.52
1.144
0.723
0.533
0.922
1.886
1.589
1.697
1.918
2.179
3.032
2.38
1.704
1.545
1.363
1.197
0.958
0.522
0.563
0.561
0.548
0.496
0.489
0.484
0.507
1.06
0.69
0.519
0.565
1.098
1.433
1.649
1.95
2.718
3.537
1.91
1.633
1.545
1.44
1.344
1.061
0.531
0.559
0.56
0.546
0.496
0.489
0.484
0.496
0.884
0.857
0.555
1.144
1.591
2.544
2.134
2.186
2.906
4.044
2.198
1.747
1.741
1.574
1.411
1.214
0.603
0.557
0.555
0.547
0.495
0.489
0.484
0.495
0.716
0.741
0.825
0.683
1.432
1.447
2.134
2.681
3.014
4.314
2.837
2.4
2.034
1.591
1.445
1.301
0.741
0.694
0.584
0.566
0.503
0.5
0.495
0.509
0.595
0.738
1.011
0.733
1.018
0.612
1.574
2.681
3.691
4.552
2.806
2.4
1.922
1.514
1.487
1.391
0.889
0.551
0.517
0.498
0.488
0.457
0.488
0.483
0.563
1.67
1.966
2.656
2.59
2.709
2.093
1.558
2.364
2.337
2.182
2.417
2.052
1.498
1.043
0.954
0.795
0.577
0.54
0.529
0.519
0.468
0.524
0.515
0.543
0.973
1.953
1.709
1.821
1.453
1.35
1.393
3.229
3.016
2.301
2.356
2.148
1.768
1.244
1.06
0.882
0.712
0.729
0.615
0.524
0.525
0.515
0.513
0.595
0.744
1.501
1.526
1.364
1.042
1.574
2.712
3.691
4.552
2.806
2.353
1.943
1.65
1.487
1.352
0.913
0.654
0.603
0.601
0.545
0.559
0.539
0.545
0.554
0.786
1.725
1.665
1.707
1.648
1.786
2.917
3.121
4.241
2.895
2.305
2.032
1.719
1.495
1.422
0.913
0.737
0.699
0.636
0.545
0.559
0.539
0.545
0.554
0.998
2.111
1.665
1.707
1.648
1.735
2.917
2.665
3.721
2.752
2.183
2.367
2.074
1.487
1.422
1.084
0.917
0.695
0.636
0.53
0.544
0.521
0.534
0.524
0.786
1.862
1.422
1.979
1.648
1.202
2.295
1.97
2.486
2.038
1.537
1.646
1.706
1.411
1.326
1.037
0.917
0.682
0.616
0.512
0.52
0.501
0.52
0.52
0.709
1.741
1.293
1.628
1.603
0.852
1.316
1.403
1.687
1.132
1.402
1.873
2.07
1.339
1.218
0.943
0.687
0.543
0.634
0.523
0.477
0.524
0.515
0.558
0.973
1.953
1.709
1.787
1.462
1.35
1.395
3.229
2.932
2.713
2.356
1.561
1.53
1.151
0.977
0.949
0.665
0.52
0.638
0.523
0.518
0.482
0.479
0.558
0.847
2.298
2.502
2.649
1.604
1.495
1.177
3.253
3.491
3.74
2.682
1.751
1.672
1.151
0.977
0.981
0.764
0.641
0.59
0.48
0.485
0.47
0.483
0.477
0.922
2.127
1.941
2.269
1.963
0.932
1.316
1.403
1.186
1.763
1.64
2.251
2.093
1.339
1.323
0.971
0.723
0.475
0.486
0.444
0.44
0.436
0.447
0.437
0.984
1.677
1.234
1.501
1.526
0.861
1.602
1.397
1.516
2.065
1.595
2.063
1.801
1.296
1.308
1.058
0.624
0.431
0.439
0.427
0.43
0.43
0.432
0.417
0.906
1.487
1.453
2.085
0.927
1.209
1.857
1.551
1.516
2.189
2.173
2.072
1.75
1.32
1.231
1.017
0.558
0.429
0.439
0.441
0.44
0.435
0.444
0.409
0.725
0.996
1.529
2.112
0.98
1.189
1.841
1.537
1.362
2.126
2.035
1.41
1.208
1.068
0.873
0.818
0.416
0.422
0.429
0.434
0.43
0.427
0.437
0.397
0.895
1.318
1.514
1.171
0.812
1.368
2.473
2.296
1.655
3.097
2.267
2.407
1.365
1.332
1.002
0.989
0.768
0.651
0.757
0.548
0.634
0.515
0.509
0.69
0.807
2.325
2.592
2.201
1.415
1.348
1.177
2.883
2.859
2.941
2.96
1.953
1.667
1.174
1.123
0.981
0.825
0.64
0.757
0.548
0.629
0.503
0.504
0.573
0.807
2.679
4.114
3.255
2.068
1.576
1.772
3.734
3.294
2.941
3.057
2.391
2.507
1.339
1.166
1.041
0.532
0.409
0.42
0.43
0.424
0.419
0.43
0.384
0.946
1.355
1.55
1.186
1.173
2.033
2.943
2.286
1.876
3.288
2.294
1.432
1.257
1.413
1.056
1.064
0.673
0.419
0.431
0.434
0.43
0.425
0.439
0.4
0.946
1.448
1.284
1.192
1.423
1.662
2.702
2.468
2.751
2.737
2.294
1.474
1.257
1.405
1.056
1.006
0.754
0.487
0.498
0.5
0.5
0.497
0.501
0.465
1.082
2.681
1.492
1.4
1.657
1.936
3.034
3.369
2.763
2.797
3.159
1.973
1.437
1.695
1.272
1.027
0.84
0.57
0.584
0.581
0.581
0.58
0.58
0.549
1.751
3.593
1.614
1.4
2.268
1.936
3.034
3.497
2.308
2.65
3.13
2.162
1.342
1.605
1.308
0.987
0.766
0.629
0.65
0.645
0.643
0.644
0.643
0.627
1.84
3.657
1.606
1.448
2.268
1.936
3.034
4.765
3.505
3.287
3.314
2.42
1.472
1.683
1.448
1.034
0.931
0.691
0.818
0.603
0.687
0.558
0.562
0.581
0.544
2.486
2.791
2.408
1.526
1.583
1.9
3.009
2.871
3.654
3.624
2.391
1.753
1.455
1.292
1.2
0.931
0.72
0.843
0.632
0.715
0.582
0.589
0.617
0.705
2.383
4.15
2.975
1.595
1.359
1.988
2.137
1.871
3.581
3.644
2.575
1.965
1.539
1.396
1.313
0.832
0.704
0.724
0.718
0.719
0.722
0.714
0.671
1.841
3.109
1.606
2.24
2.773
1.907
3.075
4.403
3.446
2.914
3.256
2.002
1.607
1.524
1.537
0.987
0.797
0.722
0.733
0.727
0.729
0.734
0.724
0.71
2.792
3.635
1.796
2.624
3.263
2.2
3.459
4.403
3.391
2.914
3.295
2.002
1.607
1.527
1.601
1.071
0.797
0.737
0.743
0.725
0.73
0.732
0.725
0.713
2.757
2.745
1.899
2.785
3.884
2.768
3.047
3.949
2.53
3.767
3.569
2.166
1.607
1.389
1.435
1.034
0.783
0.728
0.733
0.72
0.723
0.725
0.716
0.705
1.807
1.906
1.815
3.128
4.085
3.054
3.136
3.695
2.253
3.408
2.487
1.712
1.506
1.389
1.347
0.937
0.772
0.718
0.727
0.716
0.718
0.718
0.711
0.716
2.296
1.906
1.372
2.355
2.87
2.176
2.462
2.637
2.828
3.101
1.702
1.761
1.585
1.454
1.423
1.058
1.047
0.732
0.836
0.68
0.777
0.645
0.652
0.662
0.732
2.395
4.625
3.529
1.698
2.026
2.667
2.33
1.871
3.846
4.173
3.015
2.564
1.74
1.437
1.364
1.123
0.853
0.772
0.665
0.718
0.711
0.714
0.697
0.799
1.5
3.417
3.001
2.577
2.638
4.352
2.353
1.693
2.639
3.919
2.977
2.495
1.951
1.506
1.322
0.832
0.722
0.723
0.721
0.719
0.72
0.712
0.715
2.518
2.602
1.959
2.401
3.127
2.463
3.123
1.824
1.433
1.909
1.74
1.773
1.591
1.39
1.368
1.011
0.825
0.722
0.723
0.716
0.72
0.724
0.714
0.764
2.502
2.561
1.364
1.644
2.453
2.441
3.357
2.401
1.822
1.599
1.694
1.736
1.385
1.393
1.287
0.986
0.811
0.714
0.716
0.716
0.72
0.722
0.714
0.796
1.496
2.043
1.993
2.032
1.765
1.687
3.219
3.435
2.211
1.829
1.757
2.271
1.467
1.402
1.24
0.827
0.76
0.714
0.716
0.724
0.721
0.726
0.719
0.845
1.556
1.815
1.697
1.262
1.354
1.142
3.343
3.424
1.904
1.829
1.757
2.092
1.416
1.412
1.293
0.841
0.76
0.714
0.716
0.72
0.72
0.726
0.719
0.845
1.558
1.782
1.591
0.742
0.958
0.883
2.668
2.664
1.92
1.829
2.43
2.626
1.442
1.344
1.301
0.892
1.097
0.947
0.723
0.697
0.706
0.704
0.709
0.693
0.838
1.425
3.59
3.028
3.401
2.526
3.647
1.807
1.723
3.842
4.628
4.262
2.845
2.279
1.538
1.322
1.247
1.091
0.726
0.708
0.71
0.715
0.716
0.72
0.838
0.984
2.093
2.383
2.224
2.376
2.15
1.61
1.489
3.856
4.685
4.034
2.662
2.227
1.519
1.284
0.766
0.722
0.721
0.724
0.726
0.733
0.727
0.845
1.404
1.263
1.807
0.9
1.277
1.171
2.695
2.72
1.602
1.627
2.488
2.213
1.4
1.344
1.301
0.874
0.724
0.735
0.732
0.73
0.736
0.741
0.739
0.855
1.404
1.263
1.642
1.865
1.408
1.339
2.186
2.984
2.03
2.448
2.847
2.226
1.4
1.43
1.378
0.832
0.713
0.74
0.74
0.736
0.742
0.742
0.743
0.862
1.61
1.426
2.567
2.995
1.801
1.801
2.186
2.066
2.217
2.907
2.983
2.77
1.522
1.487
1.378
0.951
0.728
0.729
0.739
0.727
0.736
0.739
0.737
0.844
1.572
1.439
2.304
2.42
2.061
2.146
1.878
2.066
2.426
3.032
3.084
2.55
1.693
1.538
1.355
1.063
0.715
0.703
0.712
0.704
0.707
0.708
0.707
0.828
1.489
1.372
2.212
2.396
2.061
2.146
1.704
1.642
2.738
2.403
2.941
2.246
1.645
1.518
1.313
1.16
1.251
1.166
0.769
0.708
0.706
0.704
0.709
0.693
0.795
0.932
1.937
2.448
2.259
2.895
3.407
1.783
1.674
2.401
3.546
3.73
2.843
2.451
1.589
1.306
1.251
1.166
0.769
0.708
0.702
0.699
0.705
0.684
0.662
0.921
1.835
1.95
2.197
2.859
3.407
1.783
1.589
2.313
3.526
4.088
3.143
2.631
1.636
1.261
0.738
0.711
0.706
0.703
0.706
0.706
0.706
0.862
1.528
1.719
2.421
3.004
2.696
2.202
1.576
1.632
3.032
2.641
2.489
1.883
1.882
1.677
1.585
1.209
0.73
0.694
0.694
0.694
0.691
0.695
0.696
0.817
1.758
2.08
3.135
3.182
2.63
2.253
2.163
2.273
3.452
3.69
2.87
1.951
2.184
1.84
1.78
1.166
0.72
0.688
0.691
0.694
0.687
0.688
0.691
0.805
1.452
2.255
2.633
2.168
1.989
1.744
2.629
2.759
3.452
3.69
2.87
2.258
2.094
1.854
1.483
1.09
0.726
0.688
0.691
0.695
0.687
0.688
0.691
0.763
1.279
2.09
1.765
1.644
1.996
1.744
2.629
2.729
3.287
4.071
3.499
2.224
2.204
2.51
1.497
1.073
0.703
0.701
0.705
0.707
0.704
0.708
0.713
0.778
1.551
2.032
1.109
1.095
1.37
1.369
2.389
2.02
2.726
4.249
4.328
2.506
2.271
2.443
1.491
0.931
1.075
0.982
0.713
0.716
0.702
0.699
0.709
0.704
0.687
0.921
1.384
1.736
2.778
3.479
3.368
1.797
3.16
2.247
2.083
3.613
3.186
2.716
1.988
1.237
1.112
1.027
0.713
0.716
0.702
0.702
0.714
0.705
0.706
0.973
1.628
1.412
1.8
2.141
1.974
1.487
2.85
2.087
2.978
4.547
3.186
2.62
2.209
1.162
0.713
0.707
0.713
0.719
0.711
0.714
0.719
0.789
2.222
2.615
1.556
1.186
1.787
1.636
3.444
2.762
3.488
4.249
3.985
2.838
2.317
2.443
1.468
0.907
0.701
0.706
0.713
0.717
0.711
0.714
0.721
0.812
2.282
2.039
1.368
0.994
1.513
1.562
3.444
3.034
3.996
4.195
3.994
2.859
2.3
2.119
1.085
0.799
0.701
0.711
0.714
0.713
0.717
0.714
0.722
0.87
2.097
1.459
0.926
0.869
1.27
1.047
2.672
2.219
3.229
3.327
3.687
2.868
2.3
1.583
1.085
0.907
0.705
0.719
0.708
0.711
0.716
0.714
0.722
0.871
2.097
1.12
1.219
0.994
1.692
1.182
1.887
1.383
1.991
2.57
2.75
2.638
2.611
2.243
1.352
1.075
0.88
0.755
0.701
0.71
0.717
0.72
0.727
0.871
2.031
1.533
1.708
1.515
2.003
1.182
1.317
1.196
2.971
2.57
2.404
3.021
2.994
2.278
1.768
1.221
0.937
0.878
0.702
0.715
0.701
0.705
0.707
0.701
0.723
1.021
1.829
1.412
1.8
3.419
2.724
1.646
1.753
1.337
2.602
3.601
3.006
2.581
2.11
1.296
0.969
0.878
0.783
0.708
0.698
0.7
0.703
0.698
0.691
0.991
1.865
1.863
3.24
3.545
2.499
2.157
1.747
2.213
2.543
3.601
2.73
2.581
2.11
1.288
1.184
0.755
0.699
0.712
0.717
0.719
0.735
0.947
2.031
2.116
2.397
3.083
3.989
1.956
1.849
1.721
3.181
2.198
2.252
2.331
2.691
2.162
1.787
1.452
1.181
0.746
0.694
0.705
0.713
0.705
0.748
0.881
1.357
1.656
2.18
4.411
4.214
1.805
1.382
1.277
2.83
2.649
2.522
2.017
2.378
2.182
1.861
1.572
1.393
0.865
0.698
0.709
0.718
0.712
0.75
0.771
1.195
1.656
2.89
4.46
5.091
2.152
1.583
1.141
2.084
2.428
2.822
2.511
3.573
2.648
1.912
1.572
1.549
0.965
0.694
0.709
0.712
0.712
0.741
0.71
0.998
1.682
3.18
4.515
5.849
2.316
2.037
1.709
2.474
2.004
2.511
2.288
2.977
2.513
1.926
1.568
1.493
1.054
0.694
0.702
0.712
0.714
0.748
0.714
0.966
1.493
2.989
5.0
6.0
2.515
2.504
2.293
3.366
2.763
3.243
2.166
2.417
1.815
1.619
1.626
0.954
0.816
0.697
0.697
0.698
0.7
0.703
0.698
0.691
0.92
1.865
1.944
3.799
3.794
2.499
2.724
2.683
3.227
2.959
3.609
3.021
2.623
2.11
1.088
1.008
0.873
0.743
0.689
0.682
0.684
0.68
0.676
0.67
0.811
1.319
1.896
3.893
3.794
2.507
3.141
4.342
4.341
3.744
3.695
2.838
2.966
2.049
1.098
1.546
1.193
0.924
0.702
0.7
0.706
0.735
0.709
0.957
1.041
2.504
3.63
4.648
1.825
2.195
2.293
2.474
2.004
4.055
2.166
1.123
1.349
1.452
1.551
1.306
1.193
0.928
0.71
0.706
0.71
0.725
0.703
0.839
1.041
2.47
3.527
4.648
1.825
2.254
2.695
2.535
2.187
4.664
2.758
1.734
1.802
1.359
1.363
1.303
1.192
0.935
0.712
0.709
0.714
0.722
0.708
0.781
0.873
2.577
2.994
4.806
3.466
3.358
3.297
2.453
2.185
4.545
4.083
2.656
2.319
1.469
1.385
1.118
1.064
0.931
0.712
0.706
0.711
0.719
0.712
0.76
0.846
2.162
4.114
4.225
3.233
3.276
3.193
2.427
2.758
4.357
3.726
2.072
2.228
1.563
1.322
0.957
0.964
0.934
0.719
0.718
0.714
0.726
0.721
0.76
0.811
1.75
4.241
2.931
3.081
3.513
3.566
3.184
3.643
5.617
4.357
2.556
2.312
1.528
1.294
1.035
0.876
0.747
0.687
0.682
0.69
0.678
0.676
0.686
0.726
1.264
1.84
4.575
3.725
1.927
2.98
2.808
3.652
3.953
3.427
2.838
3.224
2.064
1.154
0.833
0.781
0.754
0.687
0.683
0.695
0.676
0.677
0.672
0.631
0.922
2.133
5.133
3.701
1.927
2.98
2.808
3.652
3.125
2.78
2.753
3.838
2.418
1.353
0.811
0.687
0.701
0.719
0.706
0.708
0.717
0.88
0.802
0.847
1.498
3.365
2.48
2.76
2.854
2.613
2.338
3.836
4.647
4.357
2.557
2.311
1.593
1.172
0.72
0.674
0.691
0.703
0.706
0.708
0.711
0.88
0.775
0.828
1.516
3.342
2.48
4.122
3.251
2.614
2.338
3.836
3.286
3.143
3.335
3.167
2.193
1.366
0.692
0.643
0.661
0.664
0.67
0.675
0.669
0.846
0.756
0.793
1.516
2.811
2.48
3.592
3.111
2.614
2.883
5.05
2.662
2.937
2.93
2.789
2.193
1.511
0.727
0.633
0.651
0.658
0.658
0.667
0.658
0.827
0.785
0.84
1.259
2.196
1.738
2.268
2.082
2.874
3.366
5.711
3.308
2.312
2.153
1.917
1.81
1.451
0.671
0.611
0.626
0.633
0.638
0.646
0.64
0.699
0.822
0.811
1.02
1.412
1.316
2.143
2.108
3.319
4.2
4.735
2.811
2.116
1.991
2.157
1.863
1.596
0.94
0.784
0.771
0.698
0.657
0.666
0.652
0.65
0.641
0.631
0.889
1.645
3.868
3.3
1.732
3.038
4.181
4.308
3.392
2.809
3.054
4.087
3.025
1.153
0.94
0.735
0.711
0.689
0.642
0.65
0.637
0.639
0.638
0.628
0.873
1.645
2.58
2.668
2.825
2.918
4.264
3.244
3.296
2.644
2.942
4.087
3.07
1.138
0.763
0.611
0.62
0.625
0.634
0.634
0.637
0.734
0.856
0.92
1.51
1.709
1.312
2.904
2.404
3.102
3.918
4.214
2.237
1.874
2.449
2.06
1.794
1.612
0.669
0.611
0.62
0.629
0.635
0.603
0.612
0.658
0.829
1.111
1.461
1.602
0.933
2.9
2.725
3.991
3.887
3.685
2.101
2.302
2.918
2.233
2.003
1.635
0.891
0.641
0.646
0.657
0.66
0.634
0.642
0.683
0.972
1.374
1.475
2.22
2.01
2.9
3.426
3.991
3.887
3.685
2.319
2.709
2.777
2.233
1.686
1.587
1.068
0.664
0.669
0.674
0.673
0.659
0.667
0.686
1.054
1.916
1.585
1.987
1.05
1.801
2.934
3.322
3.573
2.55
2.269
2.416
2.751
2.223
1.66
1.515
1.051
0.662
0.665
0.665
0.667
0.651
0.658
0.686
1.155
1.818
1.611
2.204
1.394
1.951
2.996
2.581
2.966
2.365
2.083
2.39
2.798
2.44
1.622
1.505
0.916
0.763
0.766
0.728
0.642
0.65
0.637
0.639
0.638
0.623
0.948
1.531
2.051
1.917
1.717
2.102
3.559
3.17
3.589
3.015
2.579
3.384
2.732
1.239
0.959
0.708
0.722
0.731
0.658
0.665
0.659
0.653
0.651
0.707
1.083
2.38
2.032
2.114
1.748
1.686
1.705
2.132
2.531
2.446
2.306
2.96
2.979
1.389
1.185
0.673
0.67
0.674
0.675
0.664
0.661
0.615
1.113
1.818
1.611
2.204
1.543
1.94
3.171
2.508
2.525
2.365
2.157
2.39
2.798
1.989
1.534
1.505
0.988
0.685
0.678
0.683
0.683
0.674
0.664
0.615
1.11
2.155
1.578
1.574
1.462
1.036
2.384
1.879
2.023
2.211
2.157
2.334
2.253
2.569
1.557
1.439
1.106
0.69
0.674
0.682
0.686
0.682
0.672
0.699
1.291
2.585
2.133
1.687
1.432
1.036
2.349
1.879
1.962
2.299
2.307
2.552
2.028
2.375
1.5
1.445
1.106
0.69
0.665
0.675
0.677
0.675
0.664
0.692
1.332
2.508
2.123
1.127
1.06
0.831
1.781
1.619
1.837
2.299
2.268
2.48
1.942
1.836
1.531
1.464
1.152
0.757
0.669
0.667
0.67
0.666
0.659
0.706
1.318
2.003
1.46
0.899
0.875
0.691
1.574
1.964
1.751
2.581
2.479
2.416
1.881
2.053
1.588
1.557
1.041
0.712
0.702
0.719
0.645
0.645
0.646
0.653
0.647
0.699
1.131
2.29
1.37
1.212
1.595
1.532
1.62
2.707
2.666
2.32
2.111
2.449
2.402
1.256
1.203
0.754
0.693
0.712
0.644
0.645
0.646
0.652
0.647
0.807
1.162
2.026
1.249
2.114
2.717
1.938
2.903
3.745
3.045
2.366
2.167
1.771
1.698
1.028
1.351
0.997
0.703
0.667
0.67
0.665
0.656
0.71
1.27
2.643
2.093
0.765
0.687
0.687
1.455
1.926
1.771
2.581
2.389
2.327
1.781
1.839
1.554
1.576
1.24
0.997
0.709
0.668
0.67
0.67
0.661
0.77
1.434
3.056
2.679
0.954
0.687
0.691
1.447
1.601
2.029
2.888
2.556
2.179
1.673
1.835
1.541
1.483
1.24
0.99
0.706
0.658
0.665
0.66
0.658
0.703
1.417
2.829
2.681
1.153
1.463
1.135
1.764
1.824
2.383
2.949
1.919
1.987
1.567
1.593
1.543
1.547
1.293
1.017
0.707
0.663
0.667
0.662
0.658
0.656
1.219
2.278
2.766
1.261
1.95
1.651
2.228
1.88
2.366
2.583
1.79
1.325
1.293
1.469
1.458
1.539
1.239
0.95
0.707
0.664
0.669
0.664
0.659
0.653
1.175
1.798
2.636
1.278
2.073
1.91
2.282
2.013
2.524
2.745
2.107
1.325
1.293
1.651
1.493
1.547
1.176
0.83
0.721
0.712
0.642
0.645
0.643
0.652
0.645
0.708
1.146
2.026
1.279
1.754
2.174
1.411
1.833
3.421
2.877
2.565
1.812
1.526
1.504
1.232
1.12
0.957
0.8
0.712
0.62
0.619
0.616
0.627
0.621
0.701
1.452
1.652
1.276
2.018
1.528
1.014
1.518
3.608
2.985
2.911
2.167
1.642
1.721
1.497
1.117
0.707
0.682
0.673
0.679
0.675
0.666
0.653
1.057
1.847
2.634
1.278
2.072
1.91
2.175
1.698
3.251
2.427
1.652
1.141
1.124
1.274
1.311
1.329
0.946
0.677
0.682
0.681
0.689
0.675
0.666
0.642
0.943
1.611
2.168
1.38
2.113
1.926
2.72
2.196
3.036
2.743
1.86
1.374
1.46
1.398
1.399
1.306
0.95
0.674
0.681
0.677
0.687
0.675
0.671
0.639
0.932
1.237
1.647
1.559
2.171
2.001
2.556
2.385
3.274
2.088
1.835
1.706
1.73
1.318
1.411
1.476
1.121
0.675
0.682
0.682
0.695
0.684
0.673
0.629
1.039
1.085
1.049
1.62
1.77
1.576
2.016
2.875
3.141
1.955
2.14
1.863
1.804
1.689
1.493
1.451
1.046
0.669
0.685
0.682
0.697
0.682
0.657
0.616
1.073
0.998
0.823
1.149
1.291
1.085
1.494
2.465
3.174
2.913
2.316
2.091
1.976
1.831
1.596
1.451
1.328
1.132
0.902
0.681
0.645
0.641
0.641
0.648
0.642
0.717
1.563
2.281
1.473
2.846
2.002
1.304
1.167
3.028
2.985
2.88
1.974
1.535
1.69
1.343
1.317
1.132
0.903
0.684
0.645
0.643
0.638
0.652
0.646
0.721
1.175
1.519
1.252
2.616
3.086
1.666
1.3
3.028
3.286
2.971
2.106
1.761
1.315
1.127
1.014
0.673
0.688
0.686
0.697
0.688
0.671
0.624
0.981
1.203
1.049
1.197
1.324
1.244
1.986
3.19
3.27
3.173
2.386
1.931
1.841
1.579
1.588
1.471
1.106
0.674
0.687
0.683
0.696
0.678
0.662
0.62
1.073
1.523
1.366
1.356
1.444
1.773
2.064
3.045
2.635
3.094
2.386
2.025
1.907
1.65
1.615
1.516
1.279
0.672
0.684
0.687
0.694
0.689
0.674
0.627
1.092
1.368
1.508
1.732
2.118
2.407
2.013
2.827
1.934
2.061
2.151
2.025
1.907
1.741
1.671
1.516
1.279
0.669
0.678
0.68
0.691
0.679
0.662
0.622
1.0
1.387
1.565
1.245
1.531
1.903
1.914
2.486
1.612
2.25
2.205
2.247
1.972
1.741
1.652
1.578
1.24
0.675
0.676
0.683
0.689
0.679
0.674
0.639
0.923
1.728
1.579
0.957
1.075
1.833
1.622
2.251
1.909
2.56
1.978
2.117
1.962
1.715
1.587
1.497
1.16
1.18
0.903
0.692
0.655
0.658
0.649
0.647
0.65
0.72
1.209
1.491
1.303
2.903
3.268
1.884
1.412
2.245
2.745
2.656
2.089
2.034
1.446
1.32
1.01
1.062
0.915
0.701
0.66
0.659
0.652
0.647
0.655
0.642
1.137
2.113
1.386
1.982
2.305
1.488
1.231
1.705
2.905
2.656
2.261
2.649
2.007
1.694
1.137
0.675
0.662
0.675
0.679
0.675
0.679
0.646
0.808
1.794
2.154
0.97
1.81
1.985
1.642
2.268
1.798
2.058
1.55
1.845
1.839
1.705
1.587
1.32
1.015
0.668
0.656
0.664
0.668
0.665
0.667
0.641
0.8
1.634
1.921
0.929
1.748
1.61
1.106
1.736
1.798
1.753
1.847
1.848
1.678
1.599
1.497
1.098
0.801
0.66
0.652
0.663
0.668
0.67
0.667
0.643
0.8
1.304
1.794
0.807
1.631
1.011
1.499
2.327
1.622
1.406
1.736
1.884
1.695
1.602
1.463
1.077
0.73
0.65
0.646
0.654
0.661
0.659
0.659
0.649
0.812
1.736
1.85
0.807
1.016
0.996
1.719
2.66
2.102
1.506
1.856
1.436
1.497
1.568
1.463
1.204
0.761
0.654
0.652
0.661
0.661
0.672
0.666
0.674
0.927
1.689
1.775
0.768
0.898
0.978
1.801
3.58
2.591
1.427
1.441
1.436
1.364
1.54
1.445
1.038
0.982
0.973
0.77
0.683
0.7
0.696
0.696
0.68
0.69
0.681
1.524
2.671
2.17
1.898
2.221
1.34
1.143
1.422
3.042
2.603
2.327
2.669
1.982
1.422
1.115
0.761
0.717
0.701
0.717
0.7
0.71
0.688
0.698
0.703
1.205
2.89
2.231
1.865
1.817
1.393
1.192
1.275
3.042
2.344
2.327
2.283
1.42
1.037
0.673
0.651
0.652
0.658
0.661
0.665
0.664
0.643
0.974
1.46
2.5
1.473
1.165
0.989
2.543
3.041
2.3
1.427
1.572
1.701
1.563
1.54
1.469
1.246
0.681
0.655
0.665
0.664
0.671
0.672
0.668
0.667
1.085
1.392
1.854
1.471
0.898
0.853
2.458
3.083
2.446
1.418
1.573
1.896
1.764
1.61
1.51
1.232
0.687
0.663
0.667
0.667
0.678
0.677
0.666
0.675
1.085
1.178
1.788
1.434
0.886
0.967
2.994
3.09
1.951
1.412
1.506
2.015
1.943
2.537
1.566
1.344
0.704
0.666
0.677
0.681
0.689
0.686
0.672
0.701
1.057
1.15
1.656
2.047
0.966
1.165
2.613
2.7
1.909
1.475
1.604
1.913
1.811
2.48
1.566
1.176
0.678
0.679
0.689
0.684
0.692
0.692
0.677
0.711
0.976
0.895
1.448
1.385
0.941
1.148
2.47
2.981
1.627
1.514
1.957
2.117
1.848
2.411
1.451
1.033
0.998
0.761
0.717
0.721
0.728
0.698
0.711
0.689
0.698
0.703
1.43
2.859
1.927
1.865
1.799
1.275
1.068
1.185
2.183
1.839
2.327
2.314
1.331
1.031
0.918
0.765
0.72
0.726
0.731
0.704
0.714
0.694
0.707
0.699
1.874
3.475
2.057
1.979
1.342
1.033
0.9
1.101
1.964
1.48
1.972
1.769
1.322
0.996
0.678
0.694
0.701
0.687
0.699
0.698
0.682
0.704
0.976
1.128
1.922
1.975
1.201
1.285
2.488
2.731
1.627
1.433
1.859
1.877
1.729
2.308
1.33
0.997
0.687
0.706
0.708
0.7
0.703
0.71
0.694
0.717
0.903
1.394
1.922
1.51
0.933
1.334
1.955
2.764
1.863
1.433
2.055
1.985
1.757
2.036
1.33
0.997
0.751
0.722
0.717
0.714
0.706
0.711
0.706
0.717
0.912
1.398
1.768
1.482
0.933
1.334
1.955
2.928
1.756
1.433
2.041
1.622
1.812
2.197
1.466
1.61
1.02
0.885
0.765
0.773
0.72
0.721
0.716
0.754
1.015
1.414
2.062
1.546
0.871
1.074
1.368
2.928
1.729
1.401
3.157
1.69
1.878
1.76
1.534
1.794
1.257
1.107
0.892
0.766
0.711
0.712
0.715
0.744
0.988
1.525
2.248
1.546
0.815
0.916
0.942
2.44
1.701
1.569
2.735
1.974
2.113
1.957
1.729
2.095
0.81
0.707
0.723
0.735
0.731
0.702
0.718
0.701
0.699
0.707
2.431
3.494
2.856
2.445
1.579
1.041
0.822
0.947
2.572
1.683
2.35
1.636
1.168
0.836
0.939
0.775
0.714
0.725
0.718
0.702
0.712
0.697
0.69
0.762
2.452
3.285
2.854
2.445
1.579
1.043
0.824
0.944
2.076
1.488
2.326
1.636
1.168
0.836
1.57
1.373
1.072
0.779
0.723
0.725
0.73
0.794
1.174
1.525
1.752
2.05
1.41
0.935
0.909
1.652
1.562
1.486
2.816
2.239
2.187
2.176
1.929
2.247
1.532
1.38
1.083
0.785
0.742
0.727
0.734
0.863
1.088
1.003
1.304
1.889
1.269
1.003
0.909
1.481
1.226
1.414
2.87
2.613
2.426
2.176
2.023
2.247
1.671
1.38
1.083
0.782
0.737
0.725
0.732
0.853
1.114
0.927
1.002
1.702
1.265
0.916
1.326
1.603
1.113
1.414
2.952
2.154
2.234
2.037
1.929
1.8
1.379
1.121
0.912
0.742
0.747
0.733
0.728
0.792
0.966
0.862
1.16
1.841
1.433
1.039
1.317
1.239
0.944
1.359
2.952
2.154
2.203
1.93
1.811
1.564
1.124
0.954
0.859
0.727
0.728
0.721
0.713
0.714
0.87
0.822
0.884
1.81
1.458
1.097
1.519
1.475
1.149
1.479
2.196
2.103
2.234
1.882
1.703
1.424
1.142
0.775
0.713
0.725
0.715
0.707
0.711
0.702
0.69
0.784
2.202
3.869
2.854
2.568
1.644
1.114
0.826
1.0
1.373
1.646
2.525
1.604
1.146
1.036
1.037
0.773
0.713
0.723
0.714
0.712
0.711
0.702
0.678
1.327
2.743
3.431
3.815
2.684
2.702
1.38
0.864
1.084
1.529
1.866
1.993
1.74
1.361
1.18
1.063
0.737
0.738
0.738
0.738
0.73
0.718
0.697
0.89
0.822
0.753
1.315
1.624
1.213
1.666
1.515
1.253
1.316
1.738
1.952
2.232
1.981
1.681
1.424
1.063
0.719
0.722
0.723
0.724
0.729
0.679
0.585
0.881
0.898
0.832
0.994
1.188
1.213
2.16
1.718
1.238
1.522
1.655
1.712
2.156
1.913
1.719
1.413
1.143
0.704
0.705
0.712
0.713
0.722
0.666
0.585
0.881
0.923
1.0
0.972
1.188
1.505
2.48
1.813
1.276
1.564
1.964
1.659
1.902
1.877
1.658
1.442
1.023
0.703
0.704
0.71
0.713
0.717
0.631
0.574
0.918
1.026
1.187
1.093
1.318
1.653
2.064
1.571
1.154
1.202
1.431
1.712
1.818
1.895
1.724
1.58
1.163
0.688
0.689
0.695
0.699
0.706
0.626
0.593
0.989
1.12
1.014
0.972
1.197
1.588
2.064
1.571
1.318
1.441
2.093
1.872
2.008
1.869
1.707
1.58
1.193
0.828
0.713
0.723
0.714
0.725
0.724
0.706
0.694
1.49
2.54
3.15
4.174
3.39
3.029
1.448
1.216
1.288
1.774
1.943
1.993
1.681
1.547
1.353
1.438
1.081
0.939
0.716
0.711
0.723
0.726
0.705
0.683
1.49
2.395
3.55
5.11
3.917
3.188
1.545
1.432
1.334
1.582
1.977
1.988
1.639
1.53
1.652
1.163
0.688
0.688
0.696
0.694
0.703
0.656
0.625
1.009
1.255
1.244
1.173
1.358
1.922
2.888
1.726
1.242
1.295
1.956
1.711
1.654
1.859
1.812
1.401
0.998
0.688
0.688
0.696
0.694
0.703
0.656
0.641
1.009
1.12
1.23
1.323
1.174
1.815
3.693
2.239
1.294
1.592
1.839
1.592
1.546
1.839
1.816
1.388
0.844
0.691
0.692
0.698
0.695
0.691
0.656
0.642
0.93
1.01
1.368
1.628
1.683
1.73
2.835
2.172
1.923
1.345
1.661
1.729
1.697
1.76
1.721
1.232
0.74
0.694
0.7
0.698
0.693
0.696
0.661
0.648
0.819
1.145
1.728
1.991
2.119
1.73
2.091
2.669
2.605
1.987
1.234
1.704
1.766
1.802
1.691
1.262
0.851
0.713
0.716
0.698
0.692
0.7
0.694
0.684
0.849
0.982
1.688
1.916
2.09
1.78
2.696
2.883
3.003
2.138
1.408
1.704
1.798
1.783
1.624
1.363
1.438
1.154
1.012
0.766
0.711
0.723
0.719
0.701
0.653
0.95
1.854
3.191
5.159
2.552
2.048
1.212
1.473
1.448
1.234
1.334
1.613
1.554
1.53
1.481
1.282
1.025
1.015
0.764
0.71
0.713
0.75
0.691
0.633
0.874
2.395
3.354
5.159
3.047
2.334
1.217
1.721
2.108
1.582
1.61
1.486
1.285
1.287
1.471
0.93
0.918
0.736
0.708
0.708
0.71
0.707
0.692
0.761
1.033
2.112
2.593
2.117
1.79
2.696
2.883
2.982
2.41
1.152
1.389
1.622
1.701
1.624
1.276
1.003
0.994
0.757
0.718
0.719
0.712
0.701
0.659
0.628
0.84
2.085
2.34
2.072
1.414
1.76
2.585
2.938
2.41
1.365
1.449
1.798
1.681
1.589
1.331
0.986
0.976
0.748
0.71
0.705
0.699
0.667
0.61
0.583
0.895
2.085
2.251
2.249
2.048
1.7
1.952
2.333
2.005
1.555
1.697
1.775
1.63
1.589
1.207
0.986
0.973
0.743
0.71
0.703
0.702
0.673
0.606
0.583
1.967
1.744
1.525
1.248
1.611
1.533
1.309
1.535
2.565
1.681
1.769
1.793
1.715
1.65
1.243
0.983
0.973
0.737
0.713
0.709
0.696
0.664
0.614
0.673
0.931
1.421
1.052
1.103
0.962
1.354
0.992
1.535
2.247
1.961
1.843
1.778
1.691
1.654
1.335
1.112
1.03
1.015
0.763
0.71
0.707
0.741
0.682
0.626
1.311
2.726
2.634
4.622
2.593
2.648
1.123
1.741
2.125
1.518
1.472
1.319
1.214
1.127
1.164
1.045
1.035
1.015
0.768
0.709
0.711
0.733
0.669
0.632
1.138
3.307
2.357
3.648
2.354
1.773
0.812
1.398
1.878
1.305
1.293
1.319
1.214
1.144
1.113
0.77
0.784
0.726
0.729
0.723
0.704
0.66
0.591
0.673
1.34
1.429
1.405
1.029
0.845
0.799
0.992
1.346
2.179
1.896
1.614
1.597
1.587
1.633
1.057
0.698
0.706
0.713
0.719
0.708
0.697
0.641
0.611
0.694
1.187
1.181
0.97
1.014
1.376
1.231
1.114
1.363
2.069
1.896
2.131
1.963
1.74
1.739
1.027
0.687
0.693
0.702
0.703
0.696
0.699
0.622
0.707
0.788
1.187
0.976
0.87
1.069
2.086
1.44
1.17
1.493
2.165
1.873
2.087
1.886
1.697
1.716
1.027
0.686
0.698
0.702
0.704
0.699
0.704
0.616
0.824
0.942
1.174
1.096
1.254
1.089
1.829
1.44
1.137
1.275
1.874
1.544
1.921
1.881
1.595
1.568
0.932
0.692
0.7
0.7
0.705
0.705
0.703
0.626
1.115
0.961
0.761
0.851
1.247
1.089
1.867
1.552
1.56
1.698
1.51
1.075
1.456
1.629
1.547
1.494
1.164
0.827
0.811
0.814
0.738
0.709
0.711
0.731
0.669
0.632
1.101
3.495
2.129
2.717
1.81
1.363
0.812
1.398
1.253
0.96
1.156
1.49
1.338
1.048
1.086
0.761
0.735
0.74
0.738
0.704
0.707
0.714
0.626
0.61
1.109
3.096
2.12
2.717
1.385
1.165
0.72
1.274
1.238
1.016
1.282
1.71
1.628
1.27
0.843
0.71
0.713
0.715
0.704
0.696
0.715
0.633
0.921
0.932
0.937
0.894
1.276
1.029
2.485
1.74
2.09
1.698
1.251
0.944
1.344
1.418
1.386
1.289
0.867
0.714
0.697
0.7
0.701
0.69
0.703
0.61
1.053
0.925
0.838
0.764
0.93
1.301
2.878
2.161
2.142
1.852
1.217
0.869
1.408
1.664
1.541
1.43
1.079
0.714
0.698
0.694
0.692
0.694
0.695
0.625
1.083
1.124
0.918
0.784
0.866
1.745
2.829
2.274
2.142
1.896
1.182
1.006
1.38
1.545
1.465
1.323
1.038
0.705
0.694
0.689
0.687
0.69
0.651
0.613
1.083
1.111
0.918
0.784
0.866
1.466
2.524
2.477
2.132
1.71
1.182
1.077
1.405
1.361
1.421
1.31
0.946
0.704
0.689
0.69
0.682
0.688
0.643
0.6
1.063
0.903
0.882
0.734
0.754
1.262
2.107
2.337
2.054
1.71
1.206
1.273
1.498
1.62
1.558
1.461
1.136
0.721
0.7
0.712
0.71
0.704
0.708
0.719
0.699
0.672
1.257
3.21
2.236
1.845
1.385
1.165
0.717
1.225
1.693
1.257
1.618
1.78
1.794
1.481
1.159
0.691
0.703
0.706
0.708
0.698
0.707
0.685
0.765
0.829
1.584
2.148
2.076
1.267
1.126
0.866
0.698
1.145
1.287
1.146
1.282
1.732
1.794
1.481
1.06
0.701
0.686
0.689
0.679
0.682
0.64
0.593
1.051
0.915
0.886
0.769
0.836
1.366
2.527
2.337
1.752
1.664
1.263
1.393
1.913
1.606
1.592
1.493
1.26
0.72
0.683
0.686
0.681
0.684
0.637
0.592
1.14
1.066
0.886
0.769
0.962
1.801
2.527
2.532
1.408
1.319
1.241
1.418
2.354
1.709
1.602
1.536
1.124
0.677
0.683
0.682
0.677
0.681
0.668
0.594
0.962
0.98
0.769
0.724
0.791
1.485
2.348
2.479
1.408
0.946
1.241
1.491
2.263
1.48
1.54
1.452
0.909
0.676
0.68
0.674
0.669
0.669
0.632
0.562
0.863
0.793
0.722
0.658
0.743
1.055
2.334
2.278
1.336
0.94
1.085
1.315
2.246
1.541
1.519
1.513
1.132
0.718
0.627
0.619
0.615
0.612
0.615
0.543
1.042
0.784
0.722
0.597
0.688
0.827
1.975
1.914
1.252
0.907
1.085
1.315
3.133
1.843
1.481
1.491
1.159
0.681
0.695
0.698
0.708
0.693
0.707
0.681
0.762
1.322
1.257
1.54
1.656
1.293
1.117
0.859
0.764
1.078
1.704
1.264
1.716
1.965
1.866
1.642
1.116
0.646
0.657
0.673
0.675
0.676
0.681
0.662
0.728
1.322
0.988
1.067
1.656
1.395
0.947
0.812
0.791
1.091
1.704
1.285
1.632
1.674
1.695
1.582
1.121
0.67
0.559
0.551
0.546
0.546
0.549
0.516
1.256
0.768
0.682
0.519
0.56
0.711
2.002
1.873
1.186
0.834
0.945
1.083
2.569
1.614
1.218
1.261
0.98
0.604
0.486
0.553
0.48
0.48
0.488
0.457
1.091
0.693
0.596
0.603
0.516
0.55
1.614
1.637
0.986
0.626
1.209
1.203
2.004
1.447
1.123
0.972
0.692
0.497
0.423
0.491
0.428
0.427
0.433
0.409
0.862
0.693
0.596
0.597
0.42
0.456
1.614
1.45
1.065
0.626
1.738
1.43
1.324
1.816
1.121
0.959
0.788
0.625
0.412
0.431
0.42
0.421
0.419
0.399
0.938
0.642
0.53
0.765
0.454
0.424
1.193
1.033
0.55
0.605
1.725
1.231
1.233
1.949
1.341
1.183
0.91
0.648
0.412
0.46
0.42
0.421
0.419
0.398
0.928
0.688
0.601
0.896
0.566
0.424
0.708
1.064
0.809
0.633
2.156
1.564
1.211
1.683
1.332
1.183
0.978
0.581
0.593
0.604
0.611
0.613
0.614
0.596
0.601
1.191
1.205
1.067
2.155
1.337
0.814
0.731
0.791
1.091
2.282
2.012
1.747
1.322
1.339
1.37
0.825
0.556
0.569
0.577
0.581
0.586
0.584
0.575
0.608
1.182
1.221
1.253
2.505
1.337
0.773
0.702
0.89
1.668
2.892
1.862
1.488
0.896
1.047
1.086
0.734
0.502
0.459
0.514
0.46
0.462
0.46
0.401
0.717
0.684
0.81
1.187
0.992
0.53
1.434
1.481
0.95
0.776
1.582
1.477
1.211
1.378
1.253
1.027
0.695
0.542
0.506
0.552
0.501
0.504
0.502
0.448
0.717
0.918
0.931
1.187
1.0
0.553
1.748
1.563
1.669
0.976
1.582
1.483
1.211
1.591
1.253
1.062
0.733
0.582
0.542
0.542
0.539
0.542
0.539
0.484
0.739
1.179
1.151
0.986
0.918
0.97
2.329
1.732
1.855
1.144
1.331
1.13
1.176
1.719
1.329
1.303
0.912
0.582
0.579
0.578
0.574
0.574
0.571
0.524
0.779
0.945
0.972
0.898
0.92
0.975
1.629
1.684
1.17
1.247
1.331
0.863
1.473
1.574
1.309
1.27
0.777
0.577
0.581
0.583
0.578
0.579
0.575
0.538
0.812
0.946
0.972
0.763
0.888
0.977
1.629
1.684
1.17
1.247
1.573
1.069
1.622
1.558
1.321
1.239
0.896
0.562
0.574
0.578
0.582
0.586
0.584
0.575
0.558
1.078
1.197
1.73
2.602
1.726
0.892
0.799
0.88
1.668
2.346
1.644
0.881
1.082
0.851
1.009
0.69
0.539
0.551
0.555
0.556
0.562
0.55
0.511
0.558
1.553
1.227
2.365
3.123
2.736
1.475
1.055
1.422
2.124
3.329
2.124
0.964
1.21
0.921
1.022
0.786
0.584
0.589
0.593
0.589
0.588
0.585
0.573
0.819
1.165
1.109
1.206
1.216
0.912
1.577
1.63
0.953
1.247
1.261
1.005
1.499
1.368
1.108
0.998
0.751
0.577
0.58
0.579
0.578
0.575
0.571
0.538
0.788
1.127
1.218
0.812
0.523
0.497
1.577
1.39
0.884
1.333
1.539
1.005
1.502
1.558
1.233
1.102
0.747
0.577
0.574
0.579
0.575
0.57
0.57
0.526
0.687
1.185
1.104
0.753
0.523
0.495
1.99
1.116
0.711
1.261
1.878
1.422
1.53
1.358
1.408
1.289
0.745
0.571
0.57
0.574
0.568
0.569
0.564
0.506
0.701
0.912
0.795
0.742
0.516
0.484
1.293
0.837
0.542
1.074
1.792
3.021
2.598
1.505
1.251
1.085
0.602
0.567
0.566
0.569
0.561
0.573
0.581
0.498
0.689
1.189
1.02
0.653
0.498
0.478
1.483
0.821
0.565
1.074
1.533
3.04
1.603
2.217
1.305
1.04
0.898
0.542
0.551
0.548
0.548
0.55
0.531
0.5
0.543
0.582
1.365
3.071
3.123
2.941
1.66
1.305
1.409
2.074
2.136
1.326
0.964
0.886
0.869
0.918
1.112
0.765
0.611
0.585
0.548
0.582
0.57
0.504
0.564
0.609
1.46
3.071
2.673
2.944
2.466
1.372
1.439
2.106
2.221
1.318
0.923
0.805
0.69
0.805
0.693
0.559
0.562
0.56
0.55
0.567
0.575
0.497
0.689
1.822
1.31
0.688
0.534
0.485
1.5
1.063
0.723
1.054
1.248
2.996
1.875
2.129
1.277
1.04
0.54
0.541
0.545
0.545
0.537
0.559
0.539
0.46
0.745
1.821
1.325
0.499
0.493
0.561
2.375
1.262
0.87
0.992
1.333
2.988
2.511
3.005
1.497
1.269
0.767
0.541
0.508
0.505
0.499
0.52
0.503
0.438
0.79
1.89
1.027
0.478
0.51
1.354
1.837
1.282
1.139
1.086
1.306
3.137
2.416
3.24
1.394
1.287
0.849
0.539
0.51
0.505
0.499
0.522
0.5
0.436
0.859
1.273
1.072
0.516
0.778
1.704
1.39
1.338
1.157
0.978
0.959
1.539
2.825
4.566
1.391
1.182
0.859
0.541
0.512
0.506
0.504
0.484
0.465
0.418
1.293
1.279
1.072
0.528
0.792
1.904
1.421
1.338
1.157
1.695
1.306
1.114
2.325
3.733
1.752
1.358
1.126
0.774
0.623
0.595
0.589
0.591
0.586
0.546
0.608
1.702
1.46
2.461
1.939
2.944
2.466
1.372
0.871
1.443
1.576
0.787
0.837
0.914
0.869
0.973
1.126
0.78
0.63
0.605
0.599
0.605
0.6
0.542
0.583
1.676
1.46
2.866
1.816
2.561
2.342
1.28
0.726
0.805
1.417
0.927
0.976
1.111
1.06
1.133
0.906
0.532
0.5
0.491
0.492
0.456
0.436
0.409
1.308
1.637
1.163
0.542
0.809
1.904
1.476
1.168
1.392
1.531
1.222
1.038
2.325
2.968
1.667
1.298
0.906
0.613
0.499
0.493
0.496
0.458
0.423
0.408
1.308
1.028
0.885
0.528
0.782
1.917
1.557
1.215
1.095
1.531
1.386
1.509
2.581
3.144
2.018
1.283
0.978
0.635
0.536
0.533
0.533
0.497
0.46
0.427
1.257
1.075
0.728
0.979
1.19
1.563
1.382
1.088
0.84
1.357
1.238
1.455
1.912
2.728
2.045
1.26
0.825
0.555
0.556
0.56
0.558
0.529
0.46
0.428
0.86
1.214
0.77
0.995
0.782
1.172
1.39
0.932
0.738
0.929
0.904
0.885
2.095
2.558
2.015
1.31
0.805
0.552
0.557
0.558
0.552
0.492
0.422
0.412
0.83
1.476
0.99
0.544
0.549
0.978
1.178
0.984
0.892
1.089
1.042
0.952
1.703
1.708
2.115
1.471
1.124
0.696
0.63
0.605
0.599
0.605
0.6
0.542
0.623
1.811
1.872
2.846
1.869
1.829
2.12
1.077
0.783
0.861
1.533
1.586
1.834
1.111
1.182
1.179
1.345
0.696
0.63
0.604
0.559
0.601
0.6
0.542
0.504
1.94
1.824
2.33
1.488
1.75
1.545
0.699
0.675
0.805
0.95
1.06
2.333
1.125
1.339
1.37
0.903
0.566
0.557
0.563
0.552
0.531
0.46
0.435
0.83
1.501
0.994
0.668
0.567
1.023
1.178
1.256
0.967
0.968
1.042
1.047
2.388
2.208
1.644
1.437
1.072
0.596
0.573
0.574
0.567
0.573
0.499
0.438
0.79
1.194
0.768
0.961
0.598
1.023
1.039
1.256
0.967
1.091
1.148
1.129
2.577
2.249
1.782
1.437
0.903
0.572
0.571
0.576
0.563
0.542
0.492
0.438
0.716
1.123
0.768
1.161
0.711
0.982
0.911
1.2
1.254
1.376
1.409
1.129
3.032
2.983
1.787
1.43
0.926
0.583
0.583
0.579
0.566
0.512
0.462
0.423
0.684
0.84
0.615
0.861
0.598
0.804
0.898
1.113
1.254
1.376
1.792
1.48
3.289
2.133
1.316
1.295
0.862
0.579
0.583
0.579
0.561
0.484
0.476
0.436
0.632
0.641
0.567
0.829
0.598
0.758
0.741
1.014
1.127
1.173
1.792
1.602
2.32
2.367
1.299
1.248
1.361
0.843
0.653
0.608
0.554
0.596
0.604
0.533
0.468
1.888
1.655
1.728
2.129
1.75
1.315
0.695
0.587
0.844
1.151
1.237
1.478
1.263
1.456
1.479
1.317
0.691
0.634
0.617
0.596
0.6
0.61
0.57
0.5
1.908
2.288
2.57
2.464
1.924
1.248
0.695
0.587
0.994
1.253
1.361
1.478
1.282
1.456
1.479
0.782
0.561
0.56
0.558
0.544
0.494
0.487
0.448
0.594
0.641
0.567
1.138
0.676
0.74
0.765
1.124
1.074
1.15
1.74
1.602
2.32
3.097
1.083
1.146
0.647
0.542
0.541
0.541
0.53
0.473
0.474
0.446
0.571
0.56
0.551
1.015
0.782
0.74
1.155
1.008
1.087
1.413
1.42
1.543
1.558
2.606
1.21
1.144
0.604
0.522
0.523
0.526
0.527
0.473
0.474
0.447
0.59
0.938
0.776
0.722
0.908
1.003
1.956
1.2
0.911
1.432
1.862
1.587
1.771
2.458
1.115
1.304
0.691
0.532
0.538
0.532
0.532
0.499
0.5
0.453
0.623
1.04
1.131
0.69
0.792
0.997
1.953
1.2
0.872
1.132
1.918
1.322
1.394
1.773
1.115
1.247
0.758
0.538
0.517
0.522
0.526
0.519
0.523
0.496
0.701
1.042
1.123
0.681
0.78
0.935
1.79
1.086
0.828
1.186
1.988
1.18
1.151
2.472
1.379
1.348
1.214
0.8
0.702
0.594
0.62
0.623
0.63
0.528
0.576
0.821
1.738
2.59
2.661
1.924
1.389
0.841
0.702
1.334
1.755
1.994
1.924
1.531
1.663
1.433
1.423
0.949
0.685
0.578
0.605
0.602
0.609
0.526
0.596
0.836
1.808
2.257
2.998
2.132
1.65
0.985
0.805
1.703
1.726
1.909
2.181
1.479
2.132
1.427
0.86
0.555
0.54
0.539
0.549
0.539
0.541
0.52
0.708
1.533
1.926
0.8
1.06
1.207
2.275
1.516
0.903
2.123
2.359
1.002
1.359
2.722
1.454
1.487
0.86
0.555
0.543
0.543
0.549
0.542
0.541
0.517
0.76
1.213
1.444
0.8
0.943
1.071
1.774
1.264
0.789
2.114
2.359
1.05
1.356
2.568
1.485
1.52
0.968
0.547
0.545
0.543
0.547
0.54
0.532
0.511
0.75
1.725
2.066
0.837
0.79
0.809
1.032
1.738
0.86
1.594
2.443
1.142
1.425
2.995
1.663
1.491
0.913
0.544
0.548
0.542
0.544
0.528
0.496
0.496
0.939
1.438
1.794
0.837
0.518
0.55
0.641
1.887
0.904
1.321
1.761
0.963
1.048
2.995
1.664
1.437
0.74
0.523
0.537
0.536
0.535
0.527
0.488
0.448
0.855
1.37
1.414
0.644
0.652
0.763
0.635
1.246
0.769
1.258
1.356
0.995
1.324
3.774
1.664
1.647
1.396
0.995
0.649
0.559
0.57
0.568
0.566
0.516
0.507
0.638
1.094
2.176
2.475
1.854
1.389
0.916
0.756
1.597
1.658
1.276
1.539
1.23
2.141
1.32
1.351
0.995
0.649
0.559
0.57
0.568
0.566
0.531
0.507
0.506
0.724
2.141
3.161
1.925
1.267
1.18
1.334
1.738
1.761
1.403
1.539
1.454
2.268
1.453
0.74
0.523
0.548
0.536
0.543
0.531
0.484
0.448
0.747
1.45
1.616
0.933
0.797
1.037
1.121
1.535
1.141
1.26
0.947
0.963
1.765
3.194
1.508
1.474
0.642
0.51
0.536
0.532
0.534
0.496
0.452
0.413
0.694
0.877
0.967
1.158
0.797
1.874
1.443
1.984
1.471
1.26
0.947
0.906
1.507
2.788
1.784
1.479
0.853
0.525
0.535
0.527
0.533
0.489
0.454
0.435
0.602
0.633
0.692
0.998
0.884
2.338
1.991
2.564
1.598
1.357
1.015
0.906
1.443
2.203
1.623
1.656
0.851
0.526
0.53
0.528
0.526
0.655
0.484
0.592
0.791
0.633
0.546
1.008
0.913
2.368
1.97
1.727
1.237
1.182
0.901
0.982
1.364
1.83
1.526
1.656
0.835
0.52
0.516
0.522
0.513
0.651
0.504
0.607
0.583
0.551
0.669
1.203
0.913
2.368
1.88
1.39
1.025
1.182
0.901
1.519
1.899
2.082
1.381
1.55
1.351
1.021
0.659
0.527
0.646
0.544
0.614
0.531
0.492
0.636
1.173
2.383
3.061
1.589
1.386
1.342
1.38
1.808
1.706
1.172
1.559
1.824
2.535
1.132
1.22
1.026
0.665
0.527
0.622
0.499
0.582
0.491
0.458
0.603
1.173
2.383
3.061
1.589
1.451
1.172
1.38
2.138
1.693
1.686
2.007
2.545
2.623
1.327
0.873
0.545
0.547
0.543
0.525
0.665
0.52
0.641
0.486
0.598
0.795
1.26
0.871
2.229
2.143
1.724
1.428
1.235
0.912
1.488
1.769
1.714
1.125
1.401
0.873
0.518
0.547
0.554
0.51
0.683
0.52
0.638
0.486
0.624
0.665
1.26
1.393
2.206
1.624
1.789
1.545
1.525
1.094
1.695
1.616
2.082
1.628
1.391
1.106
0.526
0.694
0.699
0.532
0.824
0.52
0.774
0.568
0.806
0.795
1.366
0.74
1.269
1.089
1.429
1.685
1.525
1.29
1.874
1.926
1.787
1.55
1.449
1.106
0.549
0.691
0.845
0.546
0.827
0.626
0.776
0.713
0.837
1.114
1.846
1.408
1.285
1.089
1.38
1.727
1.723
1.415
1.713
2.082
2.383
2.059
1.449
1.211
0.684
0.696
0.952
0.538
0.816
0.499
0.754
0.551
0.666
1.253
1.849
1.617
1.266
1.161
1.347
1.798
1.765
1.914
1.793
3.31
2.551
2.017
1.678
1.482
1.114
0.572
0.555
0.622
0.487
0.582
0.518
0.458
0.603
1.651
3.377
3.735
2.248
1.426
1.095
1.405
1.765
1.384
1.325
1.571
2.406
2.274
1.482
1.481
0.978
0.563
0.547
0.61
0.49
0.577
0.504
0.459
0.684
1.731
2.862
3.143
2.942
1.426
0.97
1.3
1.322
1.092
1.611
1.66
2.602
2.274
1.539
1.363
0.875
0.716
1.078
0.572
0.94
0.498
0.873
0.542
0.811
1.368
2.38
2.253
2.089
1.258
1.443
1.843
1.802
2.333
1.793
3.469
2.857
2.147
1.771
1.363
0.857
0.684
1.078
0.547
0.923
0.473
0.862
0.516
0.891
1.367
2.38
2.508
2.771
1.621
1.445
1.731
1.809
2.333
1.793
3.469
2.93
2.755
1.738
1.308
0.879
0.548
0.937
0.551
0.781
0.49
0.725
0.517
0.916
1.562
2.183
2.23
2.115
1.963
1.878
2.158
2.256
2.055
1.832
3.232
2.503
2.481
1.721
1.218
0.879
0.54
0.803
0.543
0.649
0.51
0.649
0.597
1.14
1.299
1.846
2.23
1.989
1.963
1.764
1.533
1.651
1.923
2.016
2.304
2.426
2.946
1.55
1.151
0.69
0.544
0.658
0.527
0.661
0.499
0.653
0.808
1.25
1.078
1.178
1.577
1.494
1.357
1.537
1.483
1.521
1.77
2.241
2.546
2.558
2.27
1.42
1.388
0.822
0.558
0.559
0.603
0.48
0.576
0.476
0.457
0.667
1.654
2.545
3.143
2.942
1.426
0.97
1.405
2.042
1.384
2.136
2.376
2.602
2.841
1.586
1.254
0.822
0.558
0.561
0.624
0.483
0.58
0.482
0.553
0.903
2.278
2.545
3.332
2.891
1.652
0.97
1.464
2.178
1.228
2.11
1.702
2.17
2.758
1.342
0.969
0.559
0.53
0.536
0.527
0.534
0.499
0.53
0.808
1.529
0.961
1.107
1.406
2.147
1.892
1.697
1.47
1.199
1.353
2.52
2.078
3.048
3.012
1.42
0.912
0.539
0.521
0.521
0.527
0.524
0.511
0.475
0.831
1.488
0.775
0.976
1.406
2.147
2.576
2.484
2.013
1.604
1.002
2.365
1.987
2.363
2.788
1.341
0.842
0.525
0.54
0.547
0.538
0.522
0.514
0.529
1.025
1.436
0.705
0.87
1.054
1.377
2.715
2.397
1.815
1.493
1.296
2.365
1.987
2.734
2.316
1.321
0.775
0.516
0.532
0.562
0.524
0.513
0.503
0.542
1.034
1.436
0.705
0.859
0.575
1.194
1.934
1.573
1.14
1.397
1.593
2.274
2.287
3.657
2.553
1.326
0.917
0.516
0.534
0.567
0.538
0.5
0.507
0.607
0.65
1.318
0.76
0.94
0.58
1.327
1.916
1.688
1.025
1.418
1.656
2.274
1.954
3.464
1.751
1.543
0.961
0.65
0.558
0.593
0.551
0.532
0.531
0.482
0.602
0.818
2.535
2.373
2.726
3.107
1.541
0.832
1.498
2.13
1.796
2.9
2.323
1.58
2.362
1.493
0.903
0.63
0.54
0.567
0.555
0.553
0.531
0.483
0.602
0.832
2.093
2.213
2.258
2.296
1.139
0.718
0.852
1.397
1.538
2.11
1.976
1.58
2.379
1.468
0.928
0.52
0.544
0.686
0.536
0.5
0.5
0.714
0.499
1.328
0.816
1.217
1.034
2.183
2.375
1.723
1.277
1.8
1.976
1.932
1.455
2.568
1.751
1.543
1.028
0.529
0.546
0.686
0.544
0.511
0.523
0.871
0.645
1.046
0.845
1.297
1.138
1.663
2.519
2.176
1.953
2.309
2.244
1.462
1.384
1.526
1.702
1.282
1.07
0.638
0.545
0.682
0.515
0.493
0.528
0.871
0.733
1.046
0.82
1.02
0.734
0.936
2.542
1.788
1.452
1.868
2.653
1.395
1.086
1.759
1.776
1.326
1.081
0.634
0.527
0.655
0.502
0.492
0.528
0.728
0.587
1.022
1.541
1.754
1.18
1.054
1.779
1.114
1.289
1.868
2.645
1.395
1.272
1.501
1.774
1.426
1.081
0.643
0.532
0.638
0.508
0.504
0.544
0.707
0.66
0.78
0.791
1.488
1.171
1.054
1.767
1.108
1.277
1.397
2.227
1.264
1.272
1.235
1.505
1.283
0.903
0.63
0.561
0.542
0.539
0.555
0.509
0.502
0.538
0.627
1.741
1.702
1.766
2.53
1.311
0.745
0.805
1.129
1.336
2.606
2.692
1.934
2.391
1.408
0.678
0.568
0.564
0.543
0.539
0.534
0.496
0.514
0.528
1.184
1.674
1.684
1.744
1.5
0.93
0.712
0.826
1.337
1.484
2.359
2.449
1.817
2.26
1.408
0.983
0.522
0.535
0.499
0.49
0.506
0.516
0.609
0.681
0.64
1.544
2.234
1.756
2.082
2.523
1.569
1.425
1.765
2.49
1.264
1.065
1.766
1.568
1.099
0.849
0.522
0.523
0.499
0.49
0.506
0.51
0.447
0.63
0.64
2.709
1.803
1.39
0.95
2.07
1.482
1.075
1.297
2.065
1.013
1.083
1.793
1.704
1.317
0.724
0.522
0.536
0.504
0.494
0.515
0.503
0.447
0.528
0.537
2.688
2.068
1.751
1.101
1.383
0.917
1.075
1.329
1.727
0.933
1.247
2.131
1.571
1.383
0.724
0.516
0.535
0.516
0.508
0.528
0.508
0.466
0.446
0.517
4.107
2.391
1.968
1.527
1.327
1.325
1.42
1.425
1.825
1.111
1.477
2.317
1.593
1.387
0.644
0.529
0.551
0.526
0.525
0.553
0.531
0.516
0.53
1.037
2.984
2.552
1.968
1.826
1.684
1.588
1.536
1.699
2.031
1.234
1.828
2.375
1.593
1.502
0.81
0.626
0.57
0.515
0.538
0.531
0.488
0.558
0.511
1.849
1.674
1.479
1.926
1.64
1.07
0.859
0.87
1.249
1.032
1.955
1.813
1.893
1.793
1.456
0.909
0.761
0.57
0.545
0.54
0.555
0.515
0.552
0.511
1.184
1.091
2.242
1.926
1.702
1.053
0.824
0.87
1.249
1.271
2.069
1.882
1.989
1.793
1.456
0.726
0.663
0.551
0.631
0.521
0.674
0.524
0.649
0.544
1.016
3.045
2.552
2.167
1.884
1.907
1.692
1.756
1.829
2.007
1.26
1.582
2.561
1.787
1.759
0.703
0.663
0.533
0.634
0.553
0.675
0.524
0.623
0.549
1.61
2.509
1.957
1.678
1.442
1.486
1.094
1.448
1.633
1.523
0.947
1.667
2.208
1.771
1.759
0.699
0.655
0.518
0.634
0.54
0.651
0.537
0.696
0.684
1.007
1.334
1.626
1.678
1.442
1.486
1.205
1.651
1.741
1.658
1.089
2.097
2.227
1.697
1.722
0.76
0.631
0.489
0.614
0.52
0.634
0.519
0.649
0.722
0.996
1.229
1.213
1.093
1.105
1.959
1.202
1.206
1.38
1.658
1.908
1.733
2.868
1.982
1.646
0.614
0.612
0.47
0.624
0.5
0.614
0.491
0.63
0.725
1.62
1.192
0.865
0.797
0.623
1.352
1.044
1.069
1.237
1.658
1.101
1.478
2.783
1.98
1.327
0.94
0.784
0.607
0.588
0.564
0.557
0.477
0.508
0.472
1.146
1.091
2.51
2.621
2.065
1.216
0.833
0.98
1.05
1.023
1.568
1.808
2.531
2.239
1.323
1.057
0.904
0.595
0.708
0.634
0.537
0.599
0.554
0.462
1.799
1.186
2.51
2.32
2.496
1.64
1.06
1.031
1.167
1.065
1.568
1.808
2.364
2.223
1.406
0.592
0.458
0.454
0.503
0.456
0.494
0.465
0.493
0.676
1.374
1.139
0.759
0.623
0.623
1.513
0.999
1.137
1.136
1.6
1.069
1.06
1.862
1.762
1.164
0.486
0.458
0.447
0.503
0.488
0.494
0.468
0.42
0.738
1.386
1.293
0.925
0.623
1.015
1.763
1.104
1.19
1.398
1.496
0.954
1.084
1.911
1.562
1.115
0.464
0.586
0.447
0.481
0.586
0.474
0.606
0.406
0.863
0.796
1.293
1.1
0.807
1.187
2.033
1.377
1.98
1.353
1.78
1.21
1.235
1.914
1.827
1.185
0.558
0.738
0.546
0.61
0.688
0.505
0.715
0.393
0.865
1.429
1.628
1.1
0.953
1.329
2.068
1.299
2.13
1.507
1.997
1.64
1.235
2.574
2.117
1.255
0.656
0.889
0.691
0.614
0.833
0.556
0.743
0.413
0.948
1.535
1.805
1.977
1.468
1.537
1.633
1.307
2.167
1.979
2.792
1.493
1.403
2.505
1.996
1.383
1.047
0.901
0.595
0.704
0.754
0.522
0.74
0.633
0.423
1.898
1.071
2.336
2.361
2.101
1.399
1.161
1.012
1.317
1.284
1.568
1.808
2.043
2.064
1.399
1.109
0.965
0.574
0.83
0.878
0.588
0.82
0.731
0.546
1.246
1.201
2.77
2.569
2.223
1.455
1.193
1.298
1.693
1.48
2.545
2.332
2.089
1.665
1.174
0.66
1.045
0.842
0.724
0.836
0.699
0.889
0.453
0.999
1.93
2.123
2.46
1.639
1.903
2.153
2.195
2.958
2.573
2.528
1.594
1.475
2.534
2.153
1.402
0.66
1.045
0.842
0.724
0.836
0.673
0.889
0.458
0.999
1.72
2.123
2.428
2.358
1.903
1.964
2.367
4.106
3.07
3.204
1.868
1.658
3.21
2.08
1.481
0.806
1.047
0.841
0.726
0.837
0.65
0.892
0.509
0.999
1.89
2.005
1.659
1.639
1.541
1.59
1.479
4.105
3.026
3.204
1.868
1.621
4.464
2.263
1.624
0.795
1.033
0.763
0.778
0.825
0.65
0.873
0.629
1.024
2.428
1.659
1.308
2.212
1.416
1.151
1.062
3.313
2.864
2.709
1.566
1.564
4.464
1.922
1.481
0.575
0.999
0.785
0.636
0.848
0.709
0.73
0.749
0.979
1.511
2.11
1.914
2.212
1.417
1.151
1.027
2.997
2.203
2.602
1.566
1.587
4.057
1.885
1.523
1.109
1.009
0.574
0.958
0.878
0.697
0.959
0.68
0.654
0.788
1.758
2.983
2.569
2.223
1.388
1.157
1.252
1.79
1.546
2.779
3.084
2.56
1.599
1.0
1.294
0.941
0.674
0.95
0.921
0.617
0.956
0.754
0.544
0.915
1.803
2.645
2.119
2.233
1.685
1.298
1.485
1.532
1.468
3.631
3.247
3.035
1.76
1.294
0.575
0.99
0.772
0.675
0.797
0.703
0.849
0.737
0.849
1.496
2.214
1.914
2.175
1.407
1.338
1.71
4.111
2.481
2.28
1.31
1.587
3.754
1.688
1.683
0.694
0.981
0.772
0.521
0.931
0.7
0.694
0.835
0.767
0.897
2.271
1.964
2.171
1.143
1.338
1.018
2.888
1.699
1.612
1.66
2.521
3.673
1.35
1.589
0.708
0.981
0.772
0.529
0.931
0.7
0.713
0.922
0.953
0.915
2.098
2.305
1.738
1.111
1.243
0.828
1.993
1.386
1.084
1.455
2.959
3.199
1.625
1.482
0.596
0.837
0.769
0.465
0.793
0.692
0.557
0.922
0.969
0.695
2.109
2.305
2.657
1.211
1.371
1.234
1.191
1.251
0.925
1.453
3.632
2.622
1.625
1.306
0.669
0.697
0.693
0.413
0.653
0.682
0.431
0.824
0.907
0.68
2.12
2.244
1.738
1.158
1.227
1.234
1.162
1.204
0.964
1.724
3.991
2.946
1.775
1.43
1.478
1.009
0.655
1.006
0.888
0.653
1.012
0.762
0.699
1.458
1.832
2.48
1.64
1.692
1.37
1.699
2.09
1.932
1.538
3.427
3.672
3.222
1.76
1.399
1.478
0.894
0.654
0.869
0.745
0.64
0.966
0.642
0.699
0.946
1.481
2.057
1.596
1.499
0.865
1.542
2.303
2.515
2.307
3.681
3.777
3.305
1.718
1.205
0.829
0.563
0.561
0.414
0.514
0.553
0.431
0.704
0.979
0.705
1.529
1.895
1.699
1.085
1.232
1.169
1.598
1.222
1.274
1.189
3.991
2.77
1.591
1.247
0.669
0.41
0.411
0.404
0.409
0.41
0.431
0.587
1.14
0.705
1.524
1.895
1.923
1.189
1.291
1.133
1.548
1.222
1.43
1.283
2.928
2.381
1.386
1.005
0.548
0.41
0.411
0.41
0.409
0.41
0.44
0.465
1.237
0.872
0.98
1.55
2.679
1.388
1.599
1.403
1.682
1.392
1.555
1.283
2.825
2.347
1.518
1.247
0.708
0.4
0.418
0.414
0.4
0.413
0.449
0.454
1.273
1.154
1.223
1.202
2.234
1.323
1.871
1.879
1.832
1.091
2.052
1.663
2.427
1.953
1.445
1.39
0.791
0.536
0.556
0.417
0.414
0.551
0.451
0.469
1.35
1.578
1.733
1.842
1.501
1.015
1.594
1.587
1.924
1.518
2.638
2.161
2.009
1.518
1.29
1.21
1.454
0.966
0.654
0.969
0.605
0.638
0.811
0.54
0.718
1.379
1.481
2.031
1.486
1.245
1.085
1.987
2.79
2.515
2.644
3.355
3.392
3.641
1.991
1.203
1.359
0.825
0.655
0.828
0.503
0.559
0.751
0.466
0.584
2.061
1.777
1.512
1.486
1.265
1.195
1.913
2.091
2.181
1.984
2.378
2.991
3.641
1.879
1.067
0.73
0.547
0.566
0.428
0.426
0.562
0.448
0.504
1.407
2.168
2.348
2.282
1.933
1.015
1.571
1.563
1.924
1.935
2.823
2.11
1.603
1.49
1.394
1.218
0.707
0.558
0.705
0.567
0.438
0.71
0.508
0.616
1.549
2.257
2.324
2.388
2.523
2.131
2.559
1.733
1.622
2.565
3.072
2.551
1.792
1.501
1.49
1.296
0.707
0.715
0.706
0.713
0.571
0.71
0.616
0.639
1.784
2.03
3.437
2.009
2.748
2.063
2.864
2.199
1.646
2.565
2.935
3.293
2.145
1.647
1.651
1.347
0.836
0.699
0.703
0.841
0.707
0.708
0.748
0.674
2.115
2.023
3.437
2.661
2.748
1.119
2.336
1.878
1.687
3.451
3.652
3.296
2.145
1.543
1.723
1.166
0.836
0.699
0.709
0.845
0.707
0.712
0.754
0.674
2.173
2.518
4.039
3.068
3.609
1.474
2.281
1.802
1.417
3.451
3.429
4.037
2.491
1.643
1.723
1.166
1.044
0.696
0.629
0.692
0.507
0.481
0.6
0.485
0.473
2.019
1.777
1.608
1.881
1.648
2.295
2.611
2.039
2.058
2.161
2.302
2.738
3.376
1.879
1.093
0.97
0.67
0.659
0.694
0.451
0.526
0.6
0.485
0.615
2.268
1.748
1.608
1.98
1.996
1.518
2.069
2.537
2.487
2.54
1.799
2.738
3.182
2.447
1.093
0.72
0.721
0.585
0.989
0.728
0.577
0.896
0.779
2.173
2.144
2.667
2.578
3.609
1.44
2.548
1.913
1.755
3.266
3.046
3.783
2.431
1.885
1.757
1.426
0.857
0.726
0.723
0.989
0.741
0.714
0.896
0.874
1.984
1.67
2.12
2.096
3.361
1.533
3.124
2.337
1.797
3.272
3.069
3.772
2.518
2.078
1.689
1.483
0.87
0.727
0.723
0.981
0.878
0.71
0.849
0.934
2.117
1.678
2.412
1.912
2.81
1.516
3.139
2.825
1.797
2.702
2.857
3.507
3.046
2.202
1.556
1.375
0.87
0.584
0.724
0.841
0.738
0.713
0.712
0.929
1.843
2.134
1.646
1.621
2.026
1.782
3.072
2.676
1.78
2.02
2.502
2.369
2.735
1.987
1.421
1.375
0.741
0.444
0.724
0.713
0.591
0.713
0.58
0.884
1.502
2.134
1.627
0.847
0.972
1.643
2.829
2.553
1.62
1.738
1.713
1.886
3.067
2.093
1.312
1.376
0.805
0.592
0.732
0.557
0.451
0.448
0.602
0.486
0.955
2.746
1.773
2.058
2.473
2.752
2.097
1.499
1.757
2.626
3.255
2.478
2.738
2.69
1.718
1.065
0.818
0.608
0.745
0.571
0.465
0.462
0.615
0.506
0.955
3.246
2.242
2.471
2.473
2.526
2.097
1.538
2.885
2.768
3.115
3.112
2.939
2.462
1.525
1.063
0.597
0.459
0.594
0.585
0.6
0.584
0.441
0.89
1.382
1.622
1.212
0.659
0.879
1.359
3.818
2.553
1.456
1.502
1.52
1.325
2.253
1.721
1.213
1.185
0.596
0.459
0.728
0.458
0.6
0.584
0.441
0.89
1.669
1.565
1.079
0.8
0.879
1.276
3.716
3.061
1.456
1.475
1.983
1.778
2.43
1.504
1.213
1.126
0.6
0.456
0.728
0.458
0.654
0.584
0.463
0.906
2.143
1.799
1.209
1.176
1.027
2.024
4.613
2.879
1.53
1.475
2.294
2.322
3.476
1.473
1.208
1.091
0.452
0.446
0.581
0.445
0.509
0.441
0.463
0.639
1.634
1.805
1.229
1.067
1.373
2.434
3.175
2.536
1.959
2.18
2.27
2.532
3.008
1.473
1.247
0.926
0.594
0.563
0.598
0.518
0.506
0.577
0.597
0.755
2.252
1.811
1.354
1.156
1.373
1.629
2.289
2.227
1.587
1.842
2.438
3.971
3.441
1.481
1.247
0.93
0.813
0.538
0.737
0.466
0.602
0.603
0.615
0.533
1.072
2.476
2.232
2.343
2.325
2.576
1.922
0.803
2.484
3.188
2.878
3.786
3.327
2.462
1.215
1.033
0.761
0.536
0.737
0.464
0.602
0.608
0.593
0.646
2.01
2.558
1.979
2.343
1.791
2.357
1.727
0.803
2.484
3.188
2.878
3.786
3.192
2.336
1.055
1.033
0.601
0.575
0.611
0.53
0.517
0.587
0.605
0.777
2.35
2.554
2.184
1.499
1.898
1.684
2.308
2.227
1.785
1.953
2.876
3.715
2.33
1.148
1.152
0.806
0.59
0.56
0.597
0.518
0.506
0.577
0.605
0.762
2.35
2.554
2.184
1.499
1.898
1.486
0.576
1.723
1.785
1.953
2.876
3.715
2.325
1.138
0.917
0.683
0.565
0.417
0.438
0.492
0.415
0.553
0.443
0.582
1.831
2.266
2.021
1.216
1.681
1.466
0.443
1.256
1.227
1.725
2.363
2.87
1.824
0.842
0.662
0.442
0.398
0.393
0.394
0.394
0.391
0.391
0.399
0.419
0.877
1.358
1.085
0.772
1.238
0.57
0.384
0.882
0.831
0.707
1.64
1.393
0.822
0.506
0.456
0.404
0.381
0.383
0.384
0.383
0.381
0.38
0.376
0.4
0.677
1.028
0.546
0.593
0.618
0.431
0.407
0.58
0.571
0.494
0.942
0.692
0.354
0.351
0.357
0.383
0.761
0.536
0.736
0.442
0.598
0.608
0.573
0.631
2.002
2.558
1.396
1.717
1.07
1.53
1.018
0.607
2.352
2.961
2.284
3.462
2.325
1.573
0.957
0.946
0.564
0.556
0.613
0.442
0.617
0.485
0.453
0.605
1.077
2.267
1.246
1.162
0.6
0.709
0.621
0.484
0.897
2.204
1.949
3.398
2.396
1.15
0.88
0.912
0.359
0.361
0.361
0.36
0.361
0.36
0.356
0.354
0.348
0.348
0.351
0.437
0.48
0.357
0.354
0.384
0.447
0.387
0.442
0.39
0.354
0.351
0.357
0.395
0.359
0.361
0.361
0.36
0.361
0.36
0.356
0.354
0.348
0.348
0.351
0.383
0.48
0.357
0.354
0.384
0.447
0.387
0.442
0.39
0.388
0.389
0.393
0.398
0.382
0.383
0.385
0.384
0.384
0.383
0.38
0.389
1.074
0.462
0.341
0.351
0.405
0.357
0.354
0.384
0.513
1.667
0.763
0.615
0.679
0.65
0.581
0.521
0.427
0.407
0.41
0.409
0.407
0.404
0.404
0.428
2.306
0.716
0.394
0.383
0.495
0.451
0.751
0.751
0.602
1.885
1.593
0.89
0.813
0.869
0.713
0.544
0.45
0.426
0.432
0.43
0.426
0.424
0.425
0.494
2.654
0.924
0.499
0.476
0.489
0.455
0.755
0.939
0.874
2.074
1.837
1.277
1.217
1.234
0.976
0.794
0.69
0.556
0.547
0.441
0.481
0.484
0.433
0.616
0.562
2.149
1.617
1.162
0.6
0.709
0.621
0.551
1.412
1.718
1.497
2.079
1.707
1.092
0.847
0.941
0.68
0.543
0.534
0.425
0.465
0.469
0.42
0.655
0.637
1.618
0.952
0.72
0.681
0.645
0.559
0.403
1.11
1.276
1.497
2.257
1.922
1.495
0.987
0.854
0.613
0.447
0.453
0.452
0.446
0.443
0.451
0.581
3.448
1.054
0.978
0.578
0.496
0.459
0.761
0.944
0.855
2.074
1.837
1.277
1.256
1.572
1.186
0.866
0.669
0.451
0.454
0.452
0.446
0.443
0.451
0.625
3.448
1.054
1.128
0.706
0.597
0.561
1.19
1.226
1.036
2.465
2.178
1.779
1.65
1.789
1.346
1.022
0.58
0.451
0.454
0.453
0.446
0.443
0.449
0.646
2.448
1.174
1.62
0.926
1.207
1.417
1.374
1.226
1.036
2.324
1.705
1.416
1.566
1.77
1.354
1.091
0.58
0.45
0.455
0.45
0.445
0.443
0.447
1.322
2.533
1.159
1.62
0.926
1.207
1.486
1.507
1.856
1.265
1.399
1.562
1.647
1.518
1.654
1.335
1.086
0.702
0.451
0.457
0.448
0.444
0.442
0.447
1.357
1.916
1.244
1.436
0.915
1.212
1.525
1.399
1.769
1.437
1.905
1.562
1.829
1.734
1.709
1.393
1.185
0.47
0.471
0.467
0.446
0.446
0.451
0.442
0.551
0.57
1.497
1.241
1.473
1.121
1.544
1.193
1.071
1.306
0.895
1.461
1.981
1.922
1.14
0.987
0.86
0.644
0.56
0.469
0.451
0.449
0.445
0.444
0.506
0.523
0.986
1.688
2.21
1.291
1.59
1.325
1.17
1.349
0.919
1.492
2.034
2.232
1.35
1.13
1.012
0.841
0.59
0.499
0.448
0.443
0.441
0.457
2.456
2.376
1.222
1.467
0.964
1.309
1.67
1.717
2.15
1.394
2.003
2.046
1.922
1.999
1.607
1.38
1.143
0.875
0.712
0.5
0.448
0.444
0.442
0.473
1.351
1.753
1.237
1.074
1.564
1.887
1.67
1.717
2.15
1.394
2.103
2.47
2.142
2.074
1.487
1.331
1.151
0.991
0.869
0.5
0.45
0.444
0.442
0.473
1.333
1.598
1.221
1.019
1.944
1.828
1.221
1.868
2.639
1.858
2.809
2.429
1.973
1.978
1.487
1.324
1.2
1.117
0.891
0.499
0.452
0.444
0.442
0.475
1.312
1.721
1.221
1.019
1.254
1.454
0.785
1.4
2.659
1.858
2.464
2.627
2.053
1.978
1.487
1.338
1.206
1.155
0.891
0.495
0.452
0.444
0.442
0.473
0.706
1.63
1.401
1.019
1.283
1.511
0.816
1.392
2.153
1.793
2.539
3.487
1.909
1.985
1.637
1.373
1.175
0.812
0.703
0.54
0.472
0.451
0.447
0.459
0.506
0.523
0.986
1.688
2.21
1.342
1.702
1.325
1.17
1.396
1.136
1.717
2.317
2.256
1.459
1.257
1.099
1.004
0.885
0.645
0.451
0.448
0.444
0.444
0.468
0.483
0.994
1.925
2.609
1.342
1.708
1.331
1.199
1.436
1.151
1.636
2.224
2.191
1.773
1.486
1.012
0.848
0.786
0.453
0.453
0.445
0.442
0.463
0.624
1.546
1.722
1.128
1.349
1.556
0.88
1.292
2.209
1.846
2.103
2.995
1.784
2.093
1.905
1.429
1.233
1.114
0.808
0.453
0.451
0.445
0.442
0.439
0.517
1.546
2.45
1.108
2.041
2.035
1.233
1.425
3.153
2.081
2.047
2.607
1.784
2.093
2.402
1.494
1.227
1.103
0.706
0.473
0.451
0.448
0.443
0.439
0.518
1.53
2.784
1.066
1.861
2.099
1.754
2.061
3.292
2.326
2.476
2.976
1.918
2.052
2.384
1.501
1.252
1.106
0.732
0.617
0.459
0.458
0.454
0.451
0.516
1.558
2.784
1.1
1.474
1.621
1.906
1.445
2.885
1.959
1.785
3.572
1.876
2.213
2.696
1.469
1.21
1.126
0.894
0.628
0.468
0.467
0.463
0.462
0.542
1.322
2.107
1.314
1.905
1.411
1.906
1.276
1.502
1.683
1.632
3.691
1.755
2.936
2.695
1.473
1.182
1.095
0.736
0.627
0.501
0.448
0.445
0.445
0.471
0.492
0.994
1.979
2.292
1.342
1.203
0.674
0.578
1.168
1.151
1.97
2.667
2.635
1.762
1.505
1.02
0.899
0.879
0.744
0.524
0.47
0.448
0.46
0.471
0.456
0.848
2.013
2.744
1.275
1.53
0.675
0.575
1.168
1.8
2.009
1.945
2.024
1.558
1.412
1.015
0.94
1.011
0.738
0.489
0.487
0.485
0.483
0.523
0.646
2.017
1.859
2.618
2.208
2.907
2.052
1.492
1.959
1.796
3.281
1.818
2.769
2.36
1.388
1.182
1.088
1.115
0.833
0.507
0.507
0.504
0.5
0.521
0.578
2.037
1.639
2.837
3.258
3.15
2.153
2.153
2.101
1.662
2.824
2.114
2.654
2.15
1.456
1.145
1.118
1.097
0.833
0.518
0.517
0.512
0.508
0.526
0.531
1.45
2.363
2.971
3.173
3.252
2.604
2.153
2.221
1.662
2.824
1.757
2.546
2.15
1.241
1.168
1.181
1.097
0.822
0.506
0.506
0.501
0.498
0.511
0.504
1.357
2.964
2.98
1.959
2.16
1.71
1.96
2.194
1.662
2.134
1.489
2.601
2.305
1.313
1.168
1.181
1.084
0.77
0.517
0.517
0.512
0.507
0.515
0.504
1.469
3.468
3.339
2.618
2.067
1.655
1.641
1.977
1.791
1.788
1.481
1.906
2.107
1.444
1.148
1.152
0.919
0.834
0.585
0.519
0.465
0.477
0.447
0.416
0.693
1.592
2.03
1.245
1.081
0.614
0.567
0.832
2.287
2.07
1.945
1.935
1.817
1.266
1.011
0.907
1.033
0.947
0.632
0.526
0.473
0.486
0.44
0.41
1.01
1.542
1.719
1.59
1.04
0.501
0.51
0.832
2.287
2.07
1.991
2.028
2.228
1.68
1.091
0.893
1.084
0.913
0.527
0.525
0.522
0.517
0.515
0.517
1.48
3.159
3.153
2.582
2.09
1.798
1.722
2.627
1.806
1.788
1.918
1.906
2.414
1.734
1.186
1.186
1.066
0.821
0.527
0.526
0.521
0.516
0.518
0.533
2.068
2.91
2.539
1.719
1.805
1.85
1.678
2.678
2.155
1.521
2.163
2.189
2.414
1.887
1.16
1.174
0.928
0.735
0.529
0.528
0.522
0.517
0.527
0.596
1.523
2.794
2.466
1.674
2.044
3.025
1.815
2.553
2.172
1.567
2.061
2.26
2.157
1.835
1.208
1.17
0.819
0.603
0.531
0.528
0.522
0.517
0.529
0.635
1.675
2.487
2.395
1.198
1.792
2.034
1.626
1.997
2.328
1.586
2.195
1.882
1.881
1.835
1.2
1.155
0.745
0.603
0.531
0.528
0.522
0.517
0.529
0.768
2.308
1.858
2.092
1.483
1.792
2.034
1.626
1.964
2.168
1.814
2.211
1.796
1.709
2.107
1.433
1.155
1.048
0.875
0.575
0.532
0.481
0.48
0.466
0.437
1.022
1.71
2.1
1.895
1.435
0.614
0.608
0.998
2.244
2.296
2.313
2.109
2.163
1.903
1.236
0.791
0.897
0.74
0.575
0.532
0.487
0.487
0.481
0.472
0.96
2.03
2.052
1.895
1.492
0.572
0.85
1.698
2.668
2.432
2.648
2.109
1.824
1.574
1.314
0.891
0.592
0.527
0.527
0.525
0.519
0.516
0.527
0.781
2.674
1.68
2.092
0.855
1.235
1.952
2.032
2.733
2.817
1.783
2.243
1.781
1.482
1.931
1.38
1.081
0.554
0.527
0.526
0.524
0.519
0.516
0.523
0.892
3.225
1.265
1.933
1.112
1.83
2.833
3.01
2.502
2.056
1.555
2.147
1.781
1.482
1.755
1.311
1.03
0.593
0.524
0.524
0.523
0.518
0.513
0.523
0.784
2.458
1.578
2.336
1.65
2.349
3.165
3.609
2.18
1.531
1.755
2.037
1.531
1.652
2.002
1.385
1.177
0.638
0.523
0.518
0.518
0.516
0.514
0.527
0.762
2.455
2.308
2.958
1.507
1.411
2.458
3.281
2.319
1.603
1.692
1.807
1.346
1.789
1.807
1.163
1.228
0.639
0.516
0.514
0.513
0.512
0.511
0.532
0.773
2.268
1.85
3.094
1.748
0.981
2.072
2.969
2.372
1.515
2.058
1.921
1.696
1.828
2.3
1.459
1.158
0.922
0.708
0.542
0.501
0.497
0.497
0.482
0.486
0.45
1.28
2.052
1.483
1.085
0.457
0.753
1.414
1.765
1.869
3.104
2.109
2.448
1.854
1.602
1.028
0.928
0.611
0.542
0.501
0.497
0.496
0.482
0.488
0.627
1.415
1.861
1.405
1.345
1.004
1.133
1.414
1.765
1.869
3.377
2.143
2.847
1.854
1.683
1.035
0.651
0.517
0.514
0.513
0.512
0.511
0.532
0.67
1.766
2.379
3.459
2.129
0.999
2.159
3.528
2.88
1.826
1.8
1.99
1.691
1.828
1.896
1.32
1.158
0.772
0.522
0.518
0.516
0.517
0.519
0.547
0.652
1.328
2.943
3.11
2.181
1.767
3.363
3.784
2.314
1.826
2.213
2.045
2.028
1.952
1.896
1.473
1.234
0.877
0.522
0.636
0.516
0.624
0.555
0.554
0.652
1.225
3.11
3.42
2.988
2.002
3.314
3.515
2.31
2.237
2.814
2.22
2.748
1.952
1.813
1.473
1.355
1.014
0.541
0.637
0.527
0.621
0.562
0.66
0.712
1.17
2.912
3.255
2.181
1.416
2.21
3.471
2.598
3.084
2.738
2.694
3.332
1.897
1.537
1.558
1.31
0.909
0.659
0.638
0.655
0.667
0.564
0.768
0.714
1.045
2.182
2.834
1.891
1.835
1.769
2.889
2.395
4.115
2.783
2.935
4.186
2.409
1.957
1.759
1.378
0.879
0.659
0.512
0.501
0.496
0.496
0.493
0.512
0.697
1.906
1.914
1.096
1.375
0.968
1.082
1.365
1.917
2.742
3.719
2.632
3.175
2.172
1.821
0.975
0.879
0.576
0.512
0.621
0.507
0.501
0.514
0.536
0.592
1.694
1.914
0.789
1.499
1.146
1.329
1.86
2.631
2.875
3.719
2.652
2.648
1.93
1.774
1.04
1.013
0.849
0.661
0.77
0.697
0.566
0.884
0.677
0.918
2.182
2.412
1.854
2.442
1.931
2.696
2.135
4.115
2.369
2.671
3.8
2.779
1.928
1.563
1.378
0.996
0.849
0.683
0.803
0.7
0.605
0.884
0.654
0.799
2.523
2.371
1.966
3.028
2.158
1.956
1.601
3.602
2.43
2.671
4.142
3.153
2.372
1.503
1.307
0.871
0.845
0.569
0.803
0.587
0.579
0.758
0.648
0.677
2.01
2.681
2.136
2.553
1.541
1.316
1.485
2.603
1.944
2.624
4.142
3.153
2.372
1.486
1.272
0.737
0.827
0.569
0.818
0.545
0.579
0.773
0.648
0.689
2.128
2.343
1.959
2.299
1.339
1.316
1.485
2.717
1.831
2.304
3.594
3.0
2.449
1.592
1.153
0.592
0.641
0.607
0.718
0.549
0.622
0.679
0.668
0.671
1.687
1.939
1.93
2.146
1.295
1.679
1.551
1.639
1.263
1.978
3.085
2.814
2.36
1.481
1.149
0.939
0.687
0.542
0.67
0.545
0.533
0.525
0.551
0.686
1.77
1.649
0.789
1.086
1.433
1.744
1.786
2.646
2.829
3.518
2.706
3.213
2.042
1.551
1.04
0.999
0.687
0.542
0.67
0.547
0.539
0.532
0.605
0.709
1.452
1.923
0.761
1.07
1.437
1.406
1.057
2.18
2.749
3.191
3.712
3.275
2.039
1.551
0.996
0.663
0.524
0.63
0.643
0.522
0.612
0.561
0.654
0.664
1.596
1.859
1.966
2.161
1.371
1.758
1.92
1.501
1.629
2.011
3.048
2.729
2.306
1.469
1.132
0.565
0.518
0.615
0.601
0.514
0.612
0.549
0.689
0.683
1.801
2.288
2.474
2.347
1.254
1.467
1.988
1.598
1.765
1.899
2.812
2.846
2.376
1.572
1.079
0.564
0.517
0.593
0.567
0.51
0.571
0.55
0.716
0.696
1.521
2.301
2.046
1.647
1.17
2.058
2.32
1.897
1.698
2.352
2.315
2.248
1.824
1.483
1.079
0.564
0.517
0.582
0.567
0.51
0.554
0.576
0.73
0.851
1.521
1.985
1.634
2.097
1.17
2.284
2.522
2.403
1.74
2.65
2.032
2.242
1.829
1.621
1.074
0.53
0.513
0.54
0.536
0.505
0.527
0.592
0.677
0.997
1.891
1.794
1.073
1.582
1.046
1.602
2.111
2.209
1.89
2.629
2.316
2.354
2.007
1.511
1.072
1.014
0.702
0.558
0.684
0.563
0.554
0.59
0.689
0.84
1.452
1.379
0.745
0.944
1.442
1.414
1.062
2.182
2.567
1.832
2.706
3.275
2.163
1.551
0.813
0.906
0.698
0.554
0.681
0.561
0.549
0.632
0.707
0.709
1.679
1.967
1.089
0.944
1.442
1.516
1.062
1.397
1.406
1.376
2.704
3.212
2.262
1.586
0.82
0.528
0.509
0.511
0.506
0.504
0.527
0.613
0.675
1.211
1.84
1.672
1.789
2.276
1.469
1.739
2.111
2.606
2.524
2.629
2.75
3.024
2.688
1.636
0.914
0.509
0.508
0.507
0.504
0.501
0.521
0.656
0.679
1.289
1.84
1.584
1.655
1.931
1.334
1.555
1.814
2.272
2.194
2.629
2.505
2.611
2.189
1.477
0.764
0.507
0.507
0.51
0.506
0.504
0.523
0.693
0.677
1.276
1.581
1.077
0.976
1.238
1.334
1.518
1.953
2.769
3.487
2.947
2.2
2.674
2.265
1.477
0.794
0.505
0.505
0.506
0.503
0.502
0.522
0.777
0.677
1.276
1.494
1.077
1.261
1.913
1.626
1.518
1.859
2.678
3.686
2.754
2.508
3.03
2.481
1.707
0.874
0.516
0.505
0.506
0.503
0.502
0.522
0.88
0.673
1.063
0.912
0.836
1.311
1.538
2.192
1.488
2.272
2.285
3.686
2.573
3.005
3.328
2.68
1.636
0.788
0.878
0.574
0.552
0.569
0.561
0.529
0.677
0.652
0.724
1.396
2.684
1.935
1.522
1.553
1.86
1.146
0.798
1.041
0.996
1.889
2.57
1.883
1.432
0.798
0.871
0.679
0.57
0.569
0.561
0.528
0.677
0.802
0.948
1.491
3.992
3.431
2.001
2.868
3.045
1.398
0.798
1.114
0.996
1.799
2.869
2.159
1.551
0.798
0.516
0.494
0.495
0.493
0.492
0.489
0.888
0.666
0.917
0.912
1.232
1.311
1.538
2.169
1.467
2.509
2.889
3.686
3.218
3.232
3.593
3.078
1.915
0.833
0.526
0.494
0.495
0.493
0.492
0.489
0.965
0.701
0.869
0.902
1.342
1.311
2.279
2.895
1.661
2.484
3.011
3.338
3.218
3.263
3.137
2.423
1.944
1.195
0.724
0.594
0.493
0.62
0.617
0.501
0.975
0.778
0.764
1.05
1.46
1.836
2.936
3.293
1.917
2.65
3.044
3.361
2.408
3.194
3.161
4.076
2.911
1.561
0.951
0.736
0.637
0.619
0.755
0.529
1.052
0.768
0.73
1.373
2.113
2.367
4.366
4.791
3.436
3.959
2.703
2.827
2.397
3.47
2.406
3.445
2.7
1.681
1.175
0.872
0.64
0.753
0.886
0.546
0.992
0.782
0.819
1.644
2.131
1.984
3.093
3.777
3.059
3.959
2.591
2.752
2.195
2.956
2.449
3.459
2.673
1.872
