0.0
0.0
0.0
0.0
0.0
0.0
0.0
0.0
0.0
0.0
0.0
0.0
0.0
0.0
0.0
0.0
0.0
0.0
0.0
0.0
0.0
0.0
0.0
0.0
0.0
0.0
0.0
0.0
0.0
0.0
0.0
0.0
0.0
0.0
0.0
0.0
0.0
0.0
0.0
0.0
0.0
0.0
0.0
0.0
0.0
0.0
0.0
0.0
0.0
0.0
0.0
0.0
0.0
0.0
0.0
0.0
0.0
0.0
0.0
0.0
0.0
0.0
0.0
0.0
0.0
0.0
0.0
0.0
0.0
0.0
0.0
0.0
0.0
0.0
0.0
0.0
0.0
0.0
0.0
0.0
0.0
0.0
0.0
0.0
0.0
0.0
0.0
0.0
0.0
0.0
0.0
0.0
0.0
0.0
0.0
0.0
0.0
0.0
0.0
0.0
0.0
0.0
0.0
0.0
0.0
0.0
0.0
0.0
0.0
0.0
0.0
0.0
0.0
0.0
0.0
0.0
0.0
0.0
0.0
0.0
0.0
0.0
0.0
0.0
0.0
0.0
0.0
0.0
0.0
0.0
0.0
0.0
0.0
0.0
0.0
0.0
0.0
0.0
0.0
0.0
0.0
0.0
0.0
0.0
0.0
0.0
0.0
0.0
0.0
0.0
0.0
0.0
0.0
0.0
0.0
0.0
0.0
0.0
0.0
0.0
0.0
0.0
0.0
0.0
0.0
0.0
0.0
0.0
0.0
0.0
0.0
0.0
0.0
0.0
0.0
0.0
0.0
0.0
0.0
0.0
0.0
0.0
0.0
0.0
0.0
0.0
0.0
0.0
0.0
0.0
0.0
0.0
0.0
0.0
0.0
0.0
0.0
0.0
0.0
0.0
0.0
0.0
0.0
0.0
0.0
0.0
0.0
0.0
0.0
0.0
0.0
0.0
0.0
0.0
0.0
0.0
0.0
0.0
0.0
0.0
0.0
0.0
0.0
0.0
0.0
0.0
0.0
0.0
0.0
0.0
0.0
0.0
0.0
0.0
0.0
0.0
0.0
0.0
0.0
0.0
0.0
0.0
0.0
0.0
0.0
0.0
0.0
0.0
0.0
0.0
0.0
0.0
0.0
0.0
0.0
0.0
0.0
0.0
0.0
0.0
0.0
0.0
0.0
0.0
0.0
0.0
0.0
0.0
0.0
0.0
0.0
0.0
0.0
0.0
0.0
0.0
0.0
0.0
0.0
0.0
0.0
0.0
0.0
0.0
0.0
0.0
0.0
0.0
0.0
0.0
0.0
0.0
0.0
0.0
0.0
0.0
0.0
0.0
0.0
0.0
0.0
0.0
0.0
0.0
0.0
0.0
0.0
0.0
0.0
0.0
0.0
0.0
0.0
0.0
0.0
0.0
0.0
0.0
0.0
0.0
0.0
0.0
0.0
0.0
0.0
0.0
0.0
0.0
0.0
0.0
0.0
0.0
0.0
0.0
0.0
0.0
0.0
0.0
0.0
0.0
0.0
0.0
0.0
0.0
0.0
0.0
0.0
0.0
0.0
0.0
0.0
0.0
0.0
0.0
0.0
0.0
0.0
0.0
0.0
0.0
0.0
0.0
0.0
0.0
0.0
0.0
0.0
0.0
0.0
0.0
0.0
0.0
0.0
0.0
0.0
0.0
0.0
0.0
0.0
0.0
0.0
0.0
0.0
0.0
0.0
0.0
0.0
0.0
0.0
0.0
0.0
0.0
0.0
0.0
0.0
0.0
0.0
0.0
0.0
0.0
0.0
0.0
0.0
0.0
0.0
0.0
0.0
0.0
0.0
0.0
0.0
0.0
0.0
0.0
0.0
0.0
0.0
0.0
0.0
0.0
0.0
0.0
0.0
0.0
0.0
0.0
0.0
0.0
0.0
0.0
0.0
0.0
0.0
0.0
0.0
0.0
0.0
0.0
0.0
0.0
0.0
0.0
0.0
0.0
0.0
0.0
0.0
0.0
0.0
0.0
0.0
0.0
0.0
0.0
0.0
0.0
0.0
0.0
0.0
0.0
0.0
0.0
0.0
0.0
0.0
0.0
0.0
0.0
0.0
0.0
0.0
0.0
0.0
0.0
0.0
0.0
0.0
0.0
0.0
0.0
0.0
0.0
0.0
0.0
0.0
0.0
0.0
0.0
0.0
0.0
0.0
0.0
0.0
0.0
0.0
0.0
0.0
0.0
0.0
0.0
0.0
0.0
0.0
0.0
0.0
0.183
0.085
0.142
0.137
0.086
0.17
0.106
0.401
0.132
1.404
2.483
1.884
1.898
0.413
0.294
1.143
5.421
1.081
1.068
0.715
0.439
0.778
0.228
0.147
0.17
0.085
0.137
0.145
0.074
0.168
0.118
0.378
0.137
2.129
2.984
1.999
1.664
0.353
0.292
1.143
5.393
1.081
1.507
0.719
0.483
0.785
0.212
0.137
0.163
0.082
0.137
0.144
0.071
0.166
0.126
0.377
0.875
2.679
2.55
1.532
1.174
0.276
0.453
1.993
5.358
1.181
1.141
0.399
0.46
0.785
0.212
0.162
0.163
0.082
0.137
0.144
0.075
0.166
0.125
0.412
0.116
3.397
3.333
1.999
2.39
0.562
0.432
1.591
5.367
2.016
1.412
0.734
0.699
0.842
0.204
0.184
0.105
0.137
0.136
0.108
0.131
0.107
0.127
0.309
0.621
1.856
2.713
5.84
2.989
1.857
1.632
2.273
1.664
1.679
1.516
1.467
0.653
0.801
0.522
0.185
0.106
0.138
0.137
0.111
0.126
0.107
0.131
0.25
0.596
2.567
3.221
6.055
2.263
1.414
1.47
2.305
2.07
2.544
2.435
2.424
1.615
1.081
0.345
0.137
0.164
0.072
0.14
0.144
0.071
0.152
0.125
0.392
0.098
2.566
2.112
2.145
3.564
0.863
0.865
2.17
4.318
2.137
1.563
0.716
0.693
0.909
0.256
0.152
0.163
0.07
0.137
0.14
0.076
0.152
0.114
0.378
0.142
2.566
2.388
1.933
3.519
1.524
1.18
2.325
4.351
2.913
1.326
0.391
1.32
1.093
0.271
0.177
0.152
0.069
0.152
0.129
0.082
0.154
0.112
0.378
0.345
3.428
2.991
1.719
2.318
1.316
1.122
2.648
5.745
3.756
1.65
1.212
1.699
1.107
0.295
0.174
0.149
0.092
0.133
0.129
0.098
0.134
0.117
0.422
1.096
3.153
1.914
1.252
2.311
1.316
1.788
2.679
5.338
3.868
1.185
1.287
1.063
0.854
0.345
0.206
0.167
0.114
0.117
0.124
0.118
0.118
0.117
0.432
0.652
2.868
2.846
1.868
2.3
2.693
1.788
2.974
5.68
4.459
1.065
1.281
1.372
0.854
0.294
0.217
0.098
0.16
0.116
0.107
0.147
0.088
0.147
0.796
0.168
2.06
2.738
4.6
1.702
0.848
0.951
1.751
1.475
2.061
1.9
1.873
1.531
1.452
0.339
0.21
0.106
0.141
0.129
0.107
0.137
0.106
0.138
0.292
0.168
2.752
3.044
4.355
2.995
1.136
1.284
2.597
1.698
1.551
2.342
2.26
2.269
1.294
0.294
0.181
0.161
0.103
0.13
0.124
0.104
0.14
0.106
0.393
0.675
2.487
3.01
1.823
1.569
3.879
3.179
4.187
4.632
3.482
0.769
0.44
1.12
0.896
0.294
0.22
0.176
0.111
0.13
0.124
0.112
0.132
0.106
0.391
0.675
2.487
3.651
2.504
1.155
3.428
3.668
4.347
5.148
4.503
0.578
0.631
1.599
0.825
0.253
0.195
0.18
0.12
0.108
0.131
0.124
0.113
0.113
0.396
0.643
2.487
2.904
2.41
1.491
3.043
3.355
4.347
4.155
3.879
0.614
0.771
1.442
0.716
0.237
0.181
0.18
0.124
0.109
0.123
0.133
0.115
0.106
0.403
0.44
2.186
3.24
3.207
1.841
2.913
3.355
4.068
4.155
3.875
0.614
0.55
1.032
0.709
0.2
0.213
0.189
0.108
0.125
0.13
0.114
0.128
0.11
0.403
0.338
2.706
3.986
3.802
1.946
2.921
2.722
3.064
4.855
3.698
0.99
0.736
1.293
0.68
0.197
0.165
0.106
0.116
0.129
0.104
0.122
0.115
0.122
0.564
0.499
4.249
3.646
4.606
3.085
1.724
1.516
2.195
1.7
1.485
2.685
2.314
2.256
1.31
0.287
0.161
0.119
0.104
0.144
0.105
0.109
0.135
0.104
0.568
0.602
4.357
3.828
3.324
2.987
1.783
1.553
2.88
1.795
0.985
1.773
1.409
1.345
1.242
0.299
0.188
0.16
0.108
0.139
0.121
0.114
0.125
0.12
0.391
0.133
2.991
3.962
2.765
1.547
1.604
1.401
1.896
3.694
2.894
1.23
0.737
0.965
0.763
0.21
0.234
0.156
0.101
0.143
0.116
0.114
0.125
0.115
0.394
0.129
2.52
3.906
3.384
1.216
0.707
0.371
1.696
5.231
3.768
1.609
1.771
1.445
0.763
0.214
0.219
0.135
0.114
0.137
0.116
0.12
0.112
0.133
0.379
0.334
3.676
4.043
2.297
1.325
0.358
0.323
1.172
5.297
3.768
2.207
1.667
1.115
0.673
0.213
0.219
0.133
0.121
0.137
0.118
0.12
0.119
0.134
0.378
0.337
3.222
4.07
3.413
1.047
0.358
0.308
1.156
5.101
4.319
2.207
1.61
0.848
0.782
0.221
0.205
0.151
0.113
0.137
0.128
0.123
0.119
0.134
0.411
0.769
3.513
4.048
3.152
0.938
0.388
0.349
1.177
4.05
3.308
2.018
1.603
0.961
0.639
0.221
0.202
0.136
0.093
0.157
0.111
0.095
0.157
0.099
0.634
2.252
5.138
4.196
3.336
2.733
1.619
1.642
3.914
2.944
1.89
2.039
1.428
1.422
1.4
0.351
0.228
0.131
0.11
0.158
0.107
0.116
0.138
0.116
0.652
2.24
5.377
3.393
2.354
2.513
1.663
1.671
3.284
3.194
1.89
1.919
1.428
1.205
1.148
0.379
0.183
0.124
0.132
0.129
0.124
0.137
0.115
0.133
0.368
0.827
3.521
3.993
2.718
0.953
0.65
0.456
1.098
3.203
2.415
1.625
0.611
0.723
0.773
0.249
0.207
0.153
0.124
0.128
0.147
0.127
0.13
0.141
0.362
0.827
3.81
4.017
2.805
0.886
0.554
0.515
1.387
3.4
3.156
1.436
0.626
0.723
0.759
0.255
0.181
0.164
0.152
0.126
0.141
0.14
0.114
0.156
0.371
0.819
4.312
4.001
1.944
1.019
0.494
0.462
0.756
3.4
3.531
0.735
0.496
0.7
0.584
0.301
0.195
0.158
0.159
0.129
0.141
0.143
0.134
0.144
0.396
0.39
3.76
3.847
2.827
0.955
0.942
0.604
0.846
3.023
2.278
0.474
0.496
0.7
0.777
0.313
0.209
0.151
0.15
0.148
0.118
0.155
0.132
0.139
0.416
0.994
4.306
3.891
2.351
1.035
1.029
0.841
1.158
3.205
1.401
0.704
0.44
0.762
0.611
0.284
0.228
0.145
0.11
0.158
0.115
0.114
0.144
0.116
0.412
2.266
5.377
3.539
4.416
3.888
2.657
2.604
3.833
3.27
2.351
1.906
1.433
1.572
1.148
0.348
0.234
0.136
0.139
0.151
0.115
0.121
0.133
0.124
0.574
2.516
3.854
3.539
5.009
2.919
3.339
3.597
4.692
3.534
2.363
1.006
0.483
1.053
1.162
0.562
0.209
0.168
0.153
0.147
0.113
0.16
0.115
0.148
0.403
0.387
3.798
3.953
2.597
1.479
1.059
1.223
1.865
3.862
2.154
0.415
0.44
0.729
0.798
0.284
0.203
0.198
0.142
0.151
0.121
0.159
0.13
0.151
0.401
0.139
3.04
3.979
3.217
1.479
1.501
1.642
2.797
5.174
3.005
0.809
0.635
0.854
0.817
0.284
0.203
0.185
0.142
0.156
0.111
0.155
0.135
0.137
0.342
0.158
2.225
3.481
3.831
2.36
2.417
1.772
2.345
6.025
3.217
1.097
0.727
1.109
1.533
0.525
0.23
0.173
0.139
0.156
0.11
0.148
0.133
0.135
0.276
0.764
2.182
3.658
3.831
2.201
2.459
1.772
2.989
5.382
3.202
1.754
1.117
1.294
1.669
0.6
0.206
0.173
0.126
0.162
0.139
0.124
0.121
0.143
0.193
1.695
3.215
3.829
3.03
2.069
1.884
1.292
3.098
5.407
3.883
1.771
1.031
1.07
1.676
0.601
0.29
0.14
0.142
0.15
0.114
0.136
0.122
0.13
0.374
1.365
3.305
3.506
4.219
2.732
3.339
3.699
4.692
3.534
2.428
0.644
0.453
1.053
1.162
0.583
0.3
0.139
0.151
0.153
0.111
0.156
0.125
0.136
0.385
1.223
2.81
3.839
5.655
3.561
4.43
4.117
3.427
3.682
2.999
1.593
1.36
1.609
1.125
0.519
0.196
0.167
0.136
0.14
0.171
0.124
0.116
0.151
0.193
2.072
3.063
3.756
3.456
3.067
2.45
1.977
3.765
6.099
3.883
2.263
1.601
1.031
1.68
0.605
0.202
0.158
0.148
0.117
0.187
0.127
0.113
0.162
0.191
2.196
3.737
3.756
3.677
3.874
3.269
1.8
3.419
6.069
4.109
2.348
1.846
1.283
1.922
0.606
0.212
0.133
0.158
0.116
0.172
0.144
0.099
0.165
0.275
3.215
4.217
3.925
3.54
3.929
2.869
1.296
2.392
5.985
4.1
1.443
1.389
1.321
1.229
0.352
0.183
0.129
0.174
0.103
0.185
0.145
0.099
0.166
0.368
3.986
4.217
3.925
2.604
2.763
1.999
1.06
1.846
5.382
3.738
1.875
1.881
1.236
1.017
0.333
0.183
0.129
0.166
0.122
0.191
0.135
0.126
0.182
0.367
3.375
4.153
3.641
2.447
2.765
2.057
1.06
1.498
5.021
2.851
1.296
1.578
1.003
1.102
0.333
0.271
0.124
0.168
0.149
0.108
0.171
0.105
0.159
0.296
1.223
2.81
3.839
5.645
3.226
3.499
3.115
2.505
2.389
2.197
2.294
1.954
1.602
0.969
0.502
0.25
0.12
0.176
0.139
0.118
0.172
0.105
0.16
0.299
1.223
1.855
4.077
5.968
3.63
3.492
3.109
1.823
2.068
2.181
2.321
1.954
2.067
1.28
0.35
0.194
0.147
0.166
0.122
0.169
0.156
0.131
0.178
0.444
2.777
4.088
4.06
2.864
2.845
2.644
2.02
2.262
5.448
2.451
1.395
1.543
0.947
1.064
0.344
0.18
0.17
0.154
0.132
0.167
0.133
0.154
0.159
0.421
1.874
4.182
4.189
2.992
2.611
2.056
1.208
1.186
4.898
2.001
1.308
1.543
0.921
1.096
0.373
0.223
0.173
0.153
0.142
0.157
0.136
0.154
0.166
0.418
1.778
3.672
4.116
2.242
1.612
1.578
1.054
1.14
3.938
1.067
1.576
1.814
0.921
1.04
0.415
0.236
0.185
0.147
0.139
0.17
0.114
0.178
0.146
0.465
0.882
3.246
3.974
2.373
1.568
1.281
1.408
2.468
3.816
1.067
1.576
1.814
0.802
1.09
0.433
0.251
0.197
0.149
0.143
0.154
0.136
0.158
0.153
0.409
0.571
3.246
3.974
2.276
1.546
1.281
1.416
2.395
2.913
1.009
1.576
1.611
0.72
1.048
0.367
0.215
0.12
0.156
0.156
0.122
0.164
0.13
0.138
0.308
2.483
3.346
5.063
5.485
3.63
3.427
3.158
1.556
1.911
1.696
2.5
2.0
1.628
0.863
0.364
0.207
0.14
0.138
0.174
0.107
0.17
0.134
0.123
0.308
1.905
4.233
5.328
6.111
3.938
3.471
2.513
1.527
2.418
2.53
3.646
2.804
1.627
0.789
0.294
0.214
0.193
0.152
0.135
0.159
0.133
0.15
0.14
0.413
0.525
3.243
4.23
3.501
2.276
1.859
2.412
2.963
3.339
1.98
2.25
2.147
0.802
1.022
0.367
0.203
0.193
0.167
0.131
0.174
0.11
0.161
0.131
0.405
0.231
2.588
4.129
3.866
3.23
1.204
1.416
1.622
3.466
2.65
2.754
2.157
0.926
1.027
0.384
0.241
0.206
0.172
0.124
0.175
0.106
0.16
0.122
0.415
0.188
2.587
4.069
3.654
3.064
0.896
1.248
1.521
4.013
3.48
2.667
1.57
0.926
0.982
0.402
0.241
0.221
0.173
0.108
0.185
0.09
0.185
0.122
0.469
0.464
3.001
3.39
3.789
4.039
1.66
2.142
2.848
5.114
4.204
3.149
1.095
0.848
0.913
0.368
0.222
0.207
0.169
0.107
0.183
0.083
0.236
0.14
0.413
0.486
3.551
3.407
4.074
3.761
1.903
2.049
1.54
4.695
3.45
3.149
1.176
0.842
0.816
0.355
0.198
0.133
0.148
0.171
0.112
0.174
0.126
0.147
0.368
2.399
4.394
5.291
7.077
4.227
3.325
2.48
1.754
2.378
2.324
3.646
2.804
1.627
0.837
0.297
0.202
0.161
0.136
0.169
0.112
0.174
0.093
0.163
0.343
2.383
3.668
4.858
6.634
4.03
2.298
2.048
1.307
1.53
1.441
2.709
2.01
0.992
0.662
0.333
0.256
0.191
0.156
0.097
0.183
0.071
0.237
0.123
0.423
0.997
4.172
3.62
4.074
3.761
2.113
2.179
2.261
4.986
3.938
3.314
0.818
0.708
0.814
0.365
0.274
0.184
0.154
0.096
0.178
0.074
0.237
0.122
0.343
0.721
3.771
2.94
3.7
3.744
1.434
1.74
1.641
4.318
3.309
2.635
0.684
0.751
0.706
0.378
0.355
0.184
0.141
0.11
0.154
0.098
0.205
0.142
0.259
0.861
4.285
2.731
3.263
3.097
1.838
1.847
1.641
3.813
2.588
2.062
0.644
0.672
0.706
0.411
0.335
0.17
0.139
0.104
0.15
0.097
0.19
0.148
0.206
1.029
4.062
2.215
2.432
2.484
2.322
2.495
2.244
3.393
2.133
1.64
0.644
0.68
0.746
0.411
0.254
0.17
0.131
0.117
0.142
0.11
0.119
0.14
0.122
0.458
3.896
2.957
2.337
1.99
2.318
1.922
2.107
2.807
1.424
0.73
0.515
0.612
0.799
0.418
0.205
0.179
0.112
0.165
0.112
0.16
0.101
0.163
0.338
2.24
3.045
4.068
4.994
4.938
2.717
2.503
1.801
1.916
1.567
1.641
1.516
0.983
0.662
0.306
0.223
0.179
0.112
0.165
0.122
0.144
0.128
0.139
0.282
2.227
3.353
4.024
4.309
4.137
2.729
2.502
1.779
1.384
0.94
0.756
0.688
0.684
0.662
0.306
0.275
0.146
0.136
0.117
0.125
0.131
0.097
0.143
0.117
1.026
3.383
2.338
2.141
1.49
2.377
1.329
2.731
2.188
1.118
0.585
0.409
0.535
0.85
0.418
0.223
0.179
0.137
0.115
0.125
0.138
0.097
0.143
0.117
0.453
2.64
2.908
2.267
1.738
2.555
1.362
2.586
2.155
0.741
0.575
0.455
0.566
0.901
0.412
0.243
0.182
0.125
0.123
0.125
0.129
0.119
0.126
0.195
0.452
2.927
3.288
2.267
1.738
2.555
1.455
2.805
2.155
0.551
0.641
0.532
0.566
0.901
0.351
0.174
0.201
0.123
0.114
0.144
0.104
0.137
0.113
0.281
0.33
2.143
3.292
2.177
1.897
2.515
1.935
3.146
2.155
0.614
0.711
0.548
0.528
0.853
0.288
0.205
0.195
0.124
0.128
0.127
0.128
0.126
0.116
0.34
0.156
1.36
3.258
2.177
1.886
1.994
1.887
3.05
1.989
0.564
0.659
0.621
0.585
0.829
0.288
0.225
0.151
0.127
0.132
0.122
0.128
0.126
0.139
0.274
1.311
2.624
4.024
4.757
4.008
2.429
1.807
1.923
1.387
0.954
0.597
0.64
0.566
0.709
0.346
0.235
0.125
0.146
0.106
0.131
0.117
0.116
0.151
0.245
1.334
2.202
3.725
3.292
2.49
1.491
1.106
1.478
1.013
0.634
0.488
0.533
0.545
0.742
0.409
0.253
0.162
0.128
0.124
0.115
0.124
0.116
0.12
0.412
0.143
0.547
3.188
2.647
2.184
1.314
2.577
3.349
1.688
0.613
1.209
1.004
0.724
0.829
0.263
0.244
0.162
0.118
0.128
0.109
0.126
0.116
0.12
0.412
0.128
0.582
3.847
2.731
2.087
0.823
2.849
2.992
1.81
0.743
1.662
1.401
0.752
0.871
0.266
0.274
0.156
0.114
0.132
0.087
0.142
0.091
0.134
0.416
0.105
0.661
4.05
3.489
1.773
0.823
2.99
2.697
1.332
0.752
1.822
1.437
0.855
0.767
0.284
0.26
0.131
0.127
0.121
0.101
0.134
0.083
0.134
0.393
0.13
0.486
3.306
3.188
1.773
1.232
2.954
1.887
1.098
0.888
2.141
1.412
0.778
0.938
0.274
0.26
0.129
0.12
0.132
0.079
0.148
0.075
0.134
0.462
0.361
0.812
2.879
3.057
1.879
1.713
2.831
1.026
1.407
1.513
2.009
1.156
0.855
1.033
0.264
0.251
0.141
0.136
0.089
0.138
0.089
0.138
0.167
0.197
1.395
2.097
3.879
2.912
2.606
1.371
1.106
1.526
1.077
0.761
0.529
0.538
0.529
0.699
0.368
0.244
0.119
0.154
0.07
0.152
0.076
0.153
0.142
0.198
1.975
2.158
3.799
2.599
2.642
1.974
1.141
1.509
1.261
0.833
0.625
0.538
0.529
0.751
0.451
0.255
0.116
0.121
0.113
0.098
0.131
0.084
0.129
0.41
0.38
1.039
3.842
3.422
2.054
2.305
2.351
0.691
1.114
1.681
2.009
1.156
0.872
1.206
0.264
0.232
0.112
0.135
0.116
0.09
0.135
0.081
0.124
0.397
0.376
1.039
2.89
3.232
2.31
3.097
2.351
0.691
1.766
2.022
1.686
0.902
0.862
1.09
0.365
0.239
0.113
0.138
0.106
0.109
0.11
0.108
0.124
0.341
0.455
0.715
2.432
2.713
2.458
3.097
2.533
0.922
2.523
2.431
1.612
0.804
1.071
1.121
0.379
0.232
0.121
0.133
0.112
0.104
0.111
0.108
0.125
0.265
0.545
0.556
1.423
2.551
2.995
2.478
2.521
1.18
2.523
3.318
1.757
0.89
0.994
1.121
0.461
0.243
0.128
0.112
0.136
0.085
0.117
0.116
0.122
0.217
0.375
0.385
2.166
1.989
2.621
2.117
1.815
1.101
2.353
2.826
1.858
1.102
0.981
1.024
0.517
0.267
0.123
0.154
0.07
0.152
0.074
0.16
0.096
0.26
1.48
1.923
4.255
3.791
1.748
2.107
0.972
1.422
1.33
1.044
0.634
0.533
0.456
0.715
0.45
0.255
0.138
0.13
0.086
0.14
0.076
0.155
0.096
0.256
1.535
2.294
3.53
3.651
1.748
2.107
0.972
1.411
1.295
0.724
0.63
0.635
0.457
0.709
0.397
0.237
0.115
0.133
0.131
0.092
0.119
0.112
0.128
0.119
0.375
0.157
2.258
2.541
2.337
2.117
2.75
1.571
2.104
3.091
1.602
1.337
0.981
0.781
0.659
0.245
0.131
0.134
0.131
0.092
0.142
0.096
0.132
0.109
0.407
0.115
1.584
2.982
2.901
2.35
3.194
2.083
2.519
3.452
1.744
1.37
0.982
0.715
0.741
0.28
0.157
0.137
0.126
0.149
0.136
0.106
0.119
0.108
0.407
0.1
1.584
3.064
2.536
1.715
2.131
1.629
2.171
4.158
1.705
1.273
0.926
0.808
0.686
0.213
0.144
0.151
0.138
0.141
0.136
0.095
0.106
0.112
0.386
0.11
0.77
3.138
2.937
1.848
1.534
1.082
1.39
4.711
1.469
1.291
0.742
0.716
0.842
0.201
0.178
0.167
0.129
0.148
0.124
0.103
0.098
0.113
0.362
0.097
1.506
3.472
2.664
1.686
0.964
0.804
2.187
4.079
1.055
1.065
0.73
0.856
0.686
0.189
0.149
0.106
0.11
0.127
0.088
0.137
0.106
0.244
1.328
2.268
2.926
2.695
1.648
2.107
1.666
1.411
1.484
0.718
0.63
0.674
0.562
0.716
0.478
0.239
0.184
0.107
0.127
0.118
0.085
0.141
0.098
0.189
1.373
2.146
2.109
2.457
1.49
2.565
2.661
1.521
1.884
1.235
0.724
0.739
0.644
0.659
0.6
0.321
0.197
0.206
0.134
0.151
0.122
0.102
0.105
0.104
0.34
0.115
1.506
3.611
2.664
1.934
1.042
0.763
2.194
4.079
0.872
0.901
0.739
0.852
0.746
0.189
0.21
0.253
0.17
0.155
0.112
0.104
0.102
0.102
0.332
0.103
1.067
3.27
2.585
1.358
0.39
0.256
1.745
3.594
0.893
0.764
0.684
0.852
0.762
0.239
0.212
0.281
0.181
0.116
0.111
0.106
0.102
0.102
0.334
0.347
1.97
2.579
1.856
0.982
0.39
0.256
2.094
3.532
0.806
0.795
0.633
0.833
0.817
0.276
0.218
0.331
0.183
0.113
0.109
0.109
0.107
0.104
0.35
0.808
1.989
1.788
1.36
1.106
0.393
0.559
2.496
2.536
0.896
0.881
0.643
0.72
1.015
0.367
0.218
0.331
0.148
0.118
0.113
0.113
0.11
0.107
0.387
1.308
2.404
1.888
1.36
1.275
0.362
0.683
2.496
2.536
1.203
0.854
0.643
0.799
0.928
0.394
0.223
0.146
0.144
0.108
0.093
0.126
0.088
0.234
0.793
2.264
1.752
1.533
1.49
2.401
2.143
1.578
1.884
1.598
0.746
0.772
0.7
0.827
0.679
0.465
0.229
0.138
0.144
0.107
0.106
0.117
0.097
0.16
0.473
2.449
1.872
1.583
1.396
1.796
2.205
1.72
2.101
2.044
0.746
0.772
0.644
0.784
0.679
0.39
0.212
0.308
0.148
0.122
0.117
0.116
0.113
0.111
0.416
2.011
1.731
1.159
1.619
1.87
1.374
1.25
1.67
1.957
1.203
1.012
0.685
0.791
0.951
0.397
0.225
0.263
0.141
0.125
0.122
0.121
0.116
0.116
0.431
1.772
0.753
0.946
2.165
1.919
1.544
1.387
2.037
1.957
1.348
1.057
0.863
0.758
0.951
0.397
0.216
0.204
0.134
0.125
0.122
0.121
0.119
0.139
0.431
1.772
0.9
0.562
1.775
1.755
1.821
1.667
1.864
1.444
1.505
1.057
0.887
0.846
0.825
0.343
0.277
0.188
0.132
0.125
0.122
0.121
0.119
0.14
0.435
1.318
0.639
0.835
1.797
1.928
0.831
1.467
1.422
1.046
1.49
0.989
1.043
0.861
0.574
0.258
0.217
0.164
0.13
0.126
0.124
0.123
0.119
0.159
0.424
0.625
0.639
1.232
1.942
1.928
1.255
1.275
1.001
1.4
1.18
0.979
1.043
0.912
0.574
0.258
0.196
0.151
0.17
0.111
0.113
0.114
0.112
0.126
0.248
3.018
1.832
1.583
1.897
1.263
2.668
1.576
1.678
1.548
0.703
0.751
0.739
0.859
0.758
0.416
0.211
0.168
0.172
0.111
0.12
0.111
0.123
0.131
0.258
2.147
1.942
1.612
2.387
1.87
2.972
1.576
1.834
1.61
0.837
0.818
0.819
0.849
0.808
0.456
0.218
0.15
0.126
0.128
0.128
0.121
0.13
0.159
0.417
0.131
0.615
1.327
1.789
1.928
1.825
1.669
1.422
1.354
0.908
0.956
0.845
0.926
0.502
0.244
0.21
0.159
0.13
0.131
0.143
0.129
0.136
0.142
0.401
0.131
0.691
1.449
1.34
1.365
1.825
1.669
1.409
1.261
0.942
0.82
0.811
0.865
0.572
0.25
0.222
0.173
0.124
0.135
0.147
0.132
0.139
0.145
0.402
0.135
0.754
1.414
0.97
0.941
1.807
1.568
1.358
1.844
0.834
0.704
0.639
0.957
0.859
0.263
0.252
0.199
0.118
0.135
0.147
0.134
0.131
0.129
0.413
0.135
0.708
1.414
0.97
0.956
1.555
2.028
1.395
1.844
0.834
0.777
0.779
0.957
0.921
0.299
0.222
0.176
0.113
0.133
0.146
0.13
0.127
0.125
0.425
0.133
0.686
1.132
0.914
0.949
1.525
1.698
1.497
1.786
0.891
0.711
0.72
1.046
0.985
0.309
0.252
0.177
0.168
0.123
0.12
0.121
0.125
0.139
0.259
1.793
1.253
1.051
1.566
1.814
2.052
1.011
2.067
2.208
0.986
0.818
0.832
0.979
0.739
0.456
0.212
0.142
0.164
0.13
0.12
0.123
0.132
0.139
0.263
1.793
1.253
1.166
1.863
1.903
2.052
1.412
1.648
2.137
0.95
0.819
0.837
1.009
1.004
0.356
0.205
0.174
0.111
0.13
0.137
0.13
0.129
0.118
0.412
0.125
0.779
1.162
0.975
0.796
1.73
2.153
1.846
1.32
0.876
0.753
0.763
1.016
1.049
0.292
0.199
0.179
0.105
0.125
0.13
0.13
0.121
0.118
0.396
0.125
0.758
1.05
0.825
0.796
1.579
2.05
1.834
1.018
1.021
0.802
0.811
0.923
1.168
0.282
0.179
0.165
0.097
0.111
0.121
0.119
0.114
0.11
0.397
0.112
0.568
1.038
0.73
1.212
1.052
1.247
2.207
1.555
1.011
1.107
0.886
1.043
0.987
0.252
0.131
0.135
0.096
0.103
0.108
0.112
0.111
0.101
0.393
0.104
0.4
0.97
0.789
1.904
1.041
1.318
2.081
1.3
1.0
1.333
0.958
0.946
0.987
0.273
0.124
0.116
0.1
0.098
0.102
0.106
0.108
0.101
0.426
0.104
0.293
0.97
0.791
1.896
1.052
1.299
2.395
1.692
0.855
1.12
0.958
0.946
0.958
0.244
0.178
0.142
0.136
0.131
0.125
0.123
0.132
0.124
0.261
1.321
1.009
1.087
1.863
1.59
1.71
0.957
1.826
1.763
1.085
0.867
0.844
0.953
1.012
0.356
0.169
0.14
0.136
0.131
0.123
0.121
0.133
0.138
0.259
0.748
0.964
1.226
2.698
1.702
1.655
1.305
1.761
1.211
0.949
0.782
0.873
0.933
0.775
0.367
0.131
0.116
0.096
0.093
0.097
0.1
0.104
0.109
0.379
0.098
0.159
1.045
0.83
2.491
1.44
1.738
2.097
2.078
0.799
1.12
0.976
0.81
1.032
0.236
0.141
0.12
0.096
0.093
0.095
0.097
0.097
0.104
0.369
0.13
0.159
1.045
1.19
3.029
1.307
1.532
2.301
2.078
0.981
1.279
1.316
0.879
0.993
0.213
0.128
0.112
0.101
0.098
0.095
0.098
0.102
0.108
0.371
0.173
0.243
0.865
1.214
2.346
1.307
1.529
2.293
2.451
0.822
1.295
1.316
0.943
0.817
0.194
0.129
0.11
0.145
0.108
0.102
0.103
0.101
0.11
0.418
0.177
0.373
0.754
1.503
2.06
1.866
2.059
1.896
1.983
0.795
1.064
1.304
0.874
0.957
0.293
0.156
0.114
0.149
0.113
0.105
0.1
0.099
0.111
0.424
0.177
0.51
0.672
1.014
1.398
1.667
2.059
1.896
2.366
0.745
0.878
1.245
0.917
0.957
0.222
0.212
0.173
0.13
0.123
0.117
0.116
0.126
0.131
0.252
0.748
0.912
1.222
2.766
1.81
1.113
0.996
1.656
1.49
0.984
0.833
0.811
0.782
0.8
0.457
0.232
0.222
0.127
0.12
0.114
0.113
0.118
0.116
0.175
0.798
0.929
1.222
2.302
1.374
0.717
1.277
1.656
1.49
0.925
0.781
0.746
0.758
0.878
0.45
0.156
0.116
0.15
0.115
0.108
0.102
0.1
0.101
0.376
0.142
0.625
0.939
1.148
1.39
2.181
2.268
1.419
1.909
0.707
0.836
0.862
0.819
1.066
0.302
0.163
0.12
0.15
0.115
0.108
0.102
0.103
0.096
0.392
0.142
0.651
1.213
1.278
0.811
1.787
2.051
2.238
1.865
0.73
0.899
0.773
0.917
1.085
0.397
0.165
0.12
0.182
0.11
0.104
0.105
0.103
0.096
0.392
0.129
0.828
0.901
0.98
0.707
1.472
1.774
1.835
1.933
0.73
0.83
0.708
0.882
1.003
0.405
0.19
0.117
0.14
0.101
0.101
0.103
0.1
0.091
0.439
0.129
0.828
0.785
0.934
0.707
0.789
1.372
1.676
1.413
0.797
0.854
0.708
0.818
1.069
0.529
0.191
0.126
0.107
0.097
0.1
0.1
0.094
0.086
0.385
0.122
0.986
1.201
0.688
0.707
0.31
0.757
1.537
1.955
0.879
0.838
0.713
0.837
0.989
0.457
0.191
0.259
0.121
0.116
0.111
0.11
0.11
0.108
0.165
0.79
0.922
1.51
3.111
1.638
1.542
1.473
1.588
1.011
0.775
0.833
0.737
0.758
0.846
0.45
0.169
0.252
0.115
0.113
0.111
0.107
0.099
0.1
0.179
1.064
1.517
1.448
2.821
0.901
0.729
1.018
2.02
1.011
0.925
0.886
0.72
0.712
0.838
0.552
0.167
0.12
0.101
0.096
0.095
0.097
0.09
0.082
0.407
0.12
1.369
1.804
0.818
0.728
0.458
0.956
1.537
1.496
0.895
0.88
0.777
0.818
0.969
0.476
0.17
0.128
0.105
0.092
0.095
0.097
0.089
0.082
0.422
0.12
1.264
2.192
0.901
0.996
0.458
0.534
1.954
1.754
0.912
0.985
0.8
0.895
1.03
0.421
0.153
0.127
0.121
0.097
0.13
0.108
0.089
0.083
0.421
0.514
1.497
1.588
0.641
1.057
0.813
0.534
1.534
1.576
0.934
0.947
0.856
0.817
0.838
0.303
0.123
0.11
0.104
0.097
0.172
0.108
0.088
0.084
0.451
0.485
1.551
1.515
0.55
1.16
0.812
0.524
1.095
1.476
1.11
0.947
0.913
0.92
0.919
0.389
0.118
0.11
0.103
0.095
0.209
0.108
0.092
0.087
0.352
0.091
1.539
2.207
1.426
1.351
0.909
0.815
1.184
1.471
1.11
0.947
1.117
1.14
0.695
0.28
0.153
0.213
0.113
0.108
0.104
0.108
0.101
0.103
0.18
0.611
1.196
1.242
2.895
1.605
0.7
1.183
2.146
1.342
0.935
0.914
0.749
0.785
0.895
0.455
0.192
0.223
0.115
0.103
0.099
0.103
0.096
0.096
0.111
1.066
1.847
1.63
3.036
1.719
0.859
1.183
1.728
1.623
0.99
0.997
0.862
0.921
0.825
0.412
0.109
0.114
0.106
0.101
0.21
0.11
0.094
0.089
0.352
0.485
1.947
2.894
2.76
1.402
0.953
0.815
1.397
1.143
1.153
0.963
1.577
1.015
0.754
0.332
0.121
0.142
0.12
0.101
0.21
0.11
0.094
0.089
0.259
0.485
1.618
2.5
1.472
1.363
1.043
0.744
2.246
1.016
1.134
0.922
1.535
1.212
0.795
0.379
0.125
0.125
0.109
0.099
0.175
0.105
0.088
0.085
0.173
0.536
2.198
1.873
1.244
1.117
0.74
0.794
2.502
0.793
1.123
0.99
1.535
1.237
0.668
0.34
0.144
0.152
0.094
0.09
0.135
0.104
0.084
0.082
0.088
0.141
1.633
2.696
1.316
1.177
0.74
0.587
2.765
0.793
1.288
1.024
1.39
1.273
0.922
0.387
0.202
0.166
0.094
0.09
0.095
0.103
0.08
0.079
0.082
0.138
1.538
2.822
1.326
1.334
0.74
0.966
3.644
0.955
1.042
1.053
1.47
1.475
0.839
0.382
0.15
0.17
0.115
0.104
0.096
0.097
0.091
0.091
0.107
0.61
1.304
1.773
2.181
2.346
1.252
1.607
1.728
1.393
0.946
0.971
0.933
1.031
0.831
0.277
0.15
0.17
0.117
0.099
0.089
0.089
0.083
0.089
0.102
0.546
1.236
1.872
2.478
2.45
1.361
1.293
1.728
2.06
1.021
1.051
1.092
1.318
0.831
0.33
0.256
0.21
0.1
0.088
0.088
0.104
0.08
0.077
0.079
0.136
1.512
2.225
0.844
1.563
0.906
0.966
3.032
1.0
0.822
0.911
1.016
1.908
1.002
0.382
0.256
0.186
0.1
0.086
0.085
0.102
0.08
0.077
0.082
0.08
0.906
2.21
0.608
1.316
0.849
0.947
3.954
1.222
0.918
1.009
1.016
1.997
1.025
0.386
0.302
0.223
0.1
0.086
0.088
0.105
0.084
0.077
0.164
0.083
1.319
1.966
0.586
1.7
0.64
1.263
3.687
2.108
1.116
1.136
1.35
2.001
1.003
0.349
0.356
0.234
0.106
0.092
0.092
0.106
0.089
0.082
0.247
0.083
0.714
2.627
0.72
1.624
0.622
1.615
4.091
2.233
1.206
1.043
1.564
2.036
1.159
0.344
0.327
0.201
0.111
0.096
0.094
0.107
0.099
0.088
0.342
0.089
0.719
2.552
0.891
1.575
0.37
1.542
4.324
1.708
1.097
1.257
1.552
2.113
1.047
0.34
0.151
0.134
0.119
0.094
0.084
0.085
0.09
0.088
0.1
0.545
1.758
1.526
1.703
2.359
1.111
1.071
1.519
2.215
1.114
1.259
1.551
1.412
0.831
0.299
0.161
0.145
0.123
0.097
0.089
0.09
0.098
0.094
0.1
0.267
1.44
2.256
2.007
2.359
1.111
1.263
1.563
1.609
1.005
1.209
1.551
1.564
0.804
0.225
0.287
0.199
0.111
0.102
0.097
0.114
0.104
0.093
0.422
0.094
0.685
2.534
1.007
1.241
1.479
1.973
3.398
2.367
1.36
1.449
1.461
2.195
0.996
0.292
0.287
0.153
0.112
0.103
0.102
0.113
0.111
0.099
0.453
0.101
0.686
2.835
0.993
0.79
0.353
1.12
4.134
2.367
1.36
1.449
1.756
1.72
0.739
0.247
0.287
0.165
0.119
0.105
0.103
0.113
0.113
0.101
0.533
0.101
0.686
2.421
1.08
0.848
0.368
1.902
3.613
2.292
1.269
1.605
1.449
2.43
0.922
0.199
0.223
0.153
0.112
0.105
0.105
0.113
0.114
0.106
0.618
0.104
0.686
2.873
1.08
0.729
0.371
1.459
3.475
1.569
1.029
1.342
1.148
2.102
1.189
0.199
0.163
0.141
0.115
0.108
0.107
0.11
0.121
0.111
0.721
0.104
0.73
2.204
1.032
0.78
0.445
1.076
2.564
2.217
1.061
1.491
1.241
2.397
0.874
0.188
0.161
0.145
0.123
0.099
0.093
0.09
0.095
0.092
0.102
0.11
2.212
2.642
1.966
1.893
1.111
1.523
2.064
1.257
1.022
1.545
1.892
1.844
1.174
0.341
0.182
0.153
0.128
0.109
0.099
0.096
0.102
0.098
0.174
0.11
1.83
2.417
1.065
1.938
1.502
1.188
2.142
1.055
1.016
1.457
1.729
1.654
1.241
0.436
0.182
0.155
0.118
0.111
0.11
0.114
0.12
0.115
0.78
0.108
1.178
1.904
1.146
0.807
0.528
1.67
2.735
2.399
1.261
1.237
1.162
2.335
1.096
0.263
0.252
0.165
0.123
0.117
0.115
0.113
0.124
0.118
0.78
0.113
0.61
2.352
1.548
0.808
0.46
0.981
3.935
1.62
1.245
1.091
1.646
2.464
1.057
0.263
0.176
0.163
0.124
0.117
0.115
0.115
0.124
0.121
0.761
0.115
1.07
1.84
2.08
1.297
0.531
0.991
3.023
2.103
1.247
1.144
1.319
2.409
1.103
0.319
0.233
0.15
0.12
0.113
0.121
0.117
0.124
0.12
0.745
0.116
1.65
1.419
1.863
1.862
0.615
0.84
2.527
1.935
1.177
1.018
1.325
1.847
0.965
0.414
0.286
0.164
0.117
0.112
0.127
0.119
0.119
0.122
0.756
0.887
1.094
0.934
2.251
1.862
0.795
0.862
2.356
2.746
1.329
1.018
1.601
1.474
0.671
0.38
0.23
0.153
0.128
0.109
0.107
0.108
0.115
0.111
0.183
0.161
2.049
2.153
1.91
1.658
0.93
1.188
2.142
0.976
1.016
1.434
1.688
1.537
1.321
0.43
0.18
0.137
0.124
0.111
0.113
0.118
0.121
0.111
0.27
0.167
2.049
2.786
2.607
2.107
0.82
1.179
1.362
0.714
0.887
1.497
1.21
1.191
1.022
0.465
0.312
0.165
0.122
0.116
0.134
0.122
0.119
0.126
0.725
0.531
1.932
1.532
2.658
2.506
1.837
0.872
2.326
2.027
1.226
0.901
1.071
0.994
0.999
0.412
0.336
0.154
0.12
0.114
0.127
0.119
0.123
0.128
0.701
0.53
1.495
1.736
2.119
2.533
1.781
0.872
1.165
2.237
1.226
0.974
1.136
1.005
0.849
0.363
0.273
0.15
0.151
0.113
0.123
0.115
0.119
0.129
0.682
0.527
1.495
1.281
2.313
2.261
1.781
0.779
0.72
2.546
1.003
0.975
1.136
1.005
0.849
0.363
0.309
0.147
0.15
0.113
0.122
0.113
0.114
0.129
0.678
0.525
1.034
1.897
1.906
1.632
1.853
0.806
0.711
2.533
0.994
1.033
1.755
0.99
0.849
0.344
0.259
0.156
0.151
0.112
0.114
0.11
0.116
0.129
0.728
1.349
0.329
1.897
1.906
1.082
1.026
0.945
0.768
2.628
0.996
1.198
2.327
1.252
0.672
0.325
0.183
0.132
0.12
0.113
0.114
0.12
0.125
0.115
0.27
0.168
2.085
2.786
3.737
1.82
0.546
1.271
1.237
0.714
0.89
1.381
0.724
0.989
1.022
0.59
0.227
0.131
0.116
0.115
0.117
0.128
0.129
0.116
0.335
0.406
2.006
2.208
3.718
2.725
0.858
1.198
1.581
0.943
0.877
1.435
0.744
0.784
1.132
0.664
0.255
0.152
0.157
0.117
0.111
0.107
0.117
0.124
0.68
0.532
0.304
2.609
1.688
1.082
0.8
1.076
0.768
2.312
0.807
1.29
2.087
1.135
0.921
0.346
0.238
0.151
0.127
0.113
0.106
0.105
0.117
0.124
0.656
0.117
0.126
2.284
1.904
1.082
0.72
1.069
0.853
2.737
1.118
2.101
2.671
1.199
0.71
0.281
0.19
0.148
0.127
0.113
0.109
0.105
0.121
0.151
0.636
0.118
0.112
2.409
2.106
1.115
0.723
1.069
1.058
2.312
0.807
2.592
3.016
1.199
0.541
0.277
0.202
0.14
0.123
0.114
0.113
0.113
0.126
0.147
0.688
0.653
0.291
2.596
1.457
1.058
0.738
1.073
0.934
2.558
0.921
2.546
2.63
1.022
0.559
0.315
0.165
0.14
0.126
0.12
0.116
0.116
0.126
0.142
0.67
0.655
0.881
2.62
1.211
0.999
0.863
1.573
1.265
1.998
0.942
1.735
2.351
1.016
0.559
0.315
0.29
0.131
0.118
0.117
0.116
0.128
0.133
0.124
0.337
0.807
1.501
1.982
3.062
2.768
0.807
0.714
0.84
0.853
0.78
0.972
0.744
0.762
1.096
0.539
0.273
0.13
0.118
0.117
0.116
0.129
0.13
0.117
0.389
0.757
1.101
2.172
3.062
2.768
0.681
1.114
0.777
1.021
0.824
1.098
0.768
0.815
1.138
0.465
0.159
0.133
0.129
0.155
0.126
0.125
0.129
0.145
0.615
0.124
1.257
2.853
1.813
0.918
0.564
1.143
1.878
2.789
1.075
1.597
1.766
0.935
0.664
0.309
0.159
0.128
0.123
0.155
0.126
0.124
0.127
0.143
0.614
0.121
1.257
2.436
1.859
0.97
0.569
0.998
1.817
3.181
1.387
1.861
2.079
1.009
0.415
0.239
0.149
0.129
0.122
0.159
0.128
0.133
0.136
0.113
0.561
0.121
1.257
2.635
1.317
0.782
1.167
1.955
2.331
2.529
1.105
1.338
1.812
1.11
0.519
0.235
0.148
0.125
0.125
0.16
0.127
0.125
0.116
0.107
0.636
0.119
1.474
2.126
1.252
0.782
1.127
1.516
2.034
2.649
1.392
1.338
1.715
1.084
0.68
0.185
0.129
0.123
0.122
0.129
0.125
0.117
0.109
0.104
0.627
0.119
1.487
2.135
1.312
0.611
1.134
2.363
2.034
1.956
1.446
1.301
1.535
1.14
0.648
0.17
0.213
0.132
0.116
0.114
0.109
0.121
0.122
0.109
0.389
0.525
1.351
2.298
2.638
2.542
0.742
0.776
0.854
1.042
0.812
1.727
0.814
0.815
1.062
0.59
0.227
0.131
0.116
0.119
0.108
0.115
0.117
0.108
0.411
0.526
1.703
2.204
1.719
1.59
0.742
0.857
0.918
1.453
1.185
1.103
0.814
0.807
1.133
0.677
0.143
0.123
0.118
0.122
0.122
0.113
0.113
0.107
0.639
0.122
1.22
1.807
1.312
0.695
1.145
2.345
2.034
1.973
1.404
1.411
1.25
1.054
0.882
0.211
0.148
0.117
0.118
0.119
0.113
0.104
0.106
0.103
0.651
0.119
0.664
1.282
1.312
0.939
1.128
2.5
1.871
1.074
1.574
1.383
1.543
1.81
0.882
0.199
0.137
0.126
0.119
0.115
0.112
0.107
0.171
0.107
0.645
0.699
0.799
1.006
0.997
0.926
1.169
2.5
1.712
0.75
1.333
1.284
1.398
1.75
1.005
0.204
0.152
0.16
0.119
0.115
0.11
0.107
0.11
0.115
0.662
0.7
1.403
1.006
1.078
1.21
0.631
1.641
1.964
0.973
1.62
1.708
1.537
1.105
1.083
0.249
0.165
0.164
0.118
0.114
0.116
0.11
0.111
0.125
0.668
0.7
1.776
0.992
1.167
0.965
0.654
1.206
2.632
1.117
1.904
1.708
1.531
1.234
1.055
0.291
0.287
0.128
0.12
0.119
0.108
0.114
0.111
0.106
0.414
1.076
1.789
2.975
1.719
1.652
0.69
1.255
1.545
1.248
1.088
1.681
1.016
0.775
1.195
0.542
0.253
0.128
0.121
0.116
0.105
0.107
0.104
0.11
0.329
0.526
2.21
2.975
1.557
1.387
0.69
1.46
0.918
1.428
1.296
1.653
1.664
0.803
1.159
0.457
0.196
0.173
0.118
0.115
0.111
0.111
0.113
0.132
0.664
0.694
1.775
1.5
1.802
0.965
0.693
0.796
3.293
1.159
1.787
1.755
1.548
1.123
1.177
0.296
0.184
0.163
0.121
0.12
0.113
0.112
0.11
0.13
0.669
0.36
1.596
1.731
2.135
0.937
0.569
0.796
3.031
1.229
1.787
1.925
1.803
1.531
1.201
0.265
0.182
0.169
0.122
0.123
0.113
0.112
0.111
0.133
0.669
0.423
1.983
2.311
2.038
1.043
0.569
0.49
3.146
1.225
1.45
2.098
1.598
1.135
1.124
0.254
0.197
0.163
0.122
0.123
0.112
0.112
0.111
0.124
0.684
0.423
2.448
2.311
2.038
1.049
0.777
0.628
3.167
1.685
1.456
2.079
1.733
1.446
1.124
0.266
0.19
0.132
0.115
0.118
0.108
0.11
0.113
0.125
0.667
0.43
2.326
2.421
1.876
0.778
0.533
1.089
3.167
1.484
0.814
1.761
1.536
1.546
1.109
0.258
0.231
0.141
0.121
0.117
0.106
0.107
0.104
0.109
0.327
0.15
2.824
2.718
2.686
1.493
0.889
2.056
1.528
1.95
1.473
1.923
1.756
0.895
1.307
0.715
0.239
0.177
0.121
0.117
0.106
0.107
0.111
0.115
0.358
0.829
3.229
2.141
2.649
1.489
0.714
1.519
1.668
1.827
1.46
1.789
1.731
1.094
1.327
0.744
0.204
0.135
0.114
0.117
0.108
0.11
0.122
0.121
0.609
0.434
2.357
2.245
1.546
0.823
0.776
0.996
3.017
1.061
0.663
1.433
1.301
1.423
1.2
0.258
0.183
0.133
0.114
0.118
0.107
0.11
0.122
0.114
0.546
0.797
2.34
1.283
0.928
0.823
0.737
0.893
2.427
1.498
0.533
1.432
1.208
1.403
1.113
0.234
0.18
0.133
0.108
0.112
0.106
0.105
0.116
0.109
0.568
1.006
2.34
1.061
0.586
0.741
0.562
0.415
1.882
1.466
0.516
1.134
0.831
1.093
1.049
0.28
0.181
0.126
0.108
0.112
0.108
0.107
0.117
0.108
0.408
0.946
2.066
1.282
0.586
0.688
0.543
0.88
1.664
1.445
0.499
1.034
0.629
1.106
1.045
0.294
0.176
0.119
0.108
0.113
0.111
0.101
0.107
0.103
0.259
0.581
2.12
2.567
1.474
0.741
0.303
1.371
1.532
0.942
0.437
0.851
0.55
0.91
1.045
0.285
0.243
0.174
0.125
0.118
0.108
0.109
0.119
0.121
0.356
0.826
3.524
2.576
2.426
1.887
0.643
1.88
2.126
2.068
1.492
1.054
1.71
1.53
1.638
0.6
0.238
0.177
0.126
0.113
0.108
0.109
0.119
0.122
0.192
1.322
3.524
1.934
2.47
1.739
0.962
2.417
2.286
1.546
1.086
1.18
1.71
1.479
1.58
0.342
0.147
0.115
0.103
0.112
0.107
0.103
0.094
0.092
0.164
1.106
2.072
1.943
1.605
0.783
0.806
1.404
1.092
1.053
0.438
0.802
0.546
0.749
1.0
0.238
0.147
0.104
0.103
0.106
0.098
0.094
0.094
0.092
0.096
1.1
1.507
2.756
2.514
1.381
0.881
1.432
1.032
1.147
0.788
0.926
0.484
0.692
0.921
0.194
0.135
0.104
0.117
0.107
0.098
0.096
0.095
0.092
0.096
1.221
1.597
3.127
3.31
1.401
0.946
1.445
0.884
0.882
0.776
0.71
0.442
0.739
0.758
0.212
0.168
0.111
0.12
0.111
0.106
0.101
0.096
0.093
0.096
1.343
1.429
3.127
3.31
1.401
0.937
2.199
0.911
1.124
1.0
0.738
0.472
0.64
0.702
0.212
0.199
0.113
0.112
0.105
0.1
0.095
0.089
0.087
0.093
1.656
2.316
2.254
2.748
1.559
1.416
2.134
0.435
1.389
0.989
0.68
0.504
0.615
0.508
0.175
0.196
0.177
0.123
0.108
0.107
0.111
0.115
0.122
0.183
0.642
3.059
1.449
1.889
1.345
1.682
2.032
1.581
1.624
1.061
0.863
1.454
1.476
1.58
0.511
0.22
0.215
0.144
0.109
0.109
0.109
0.125
0.155
0.114
0.647
2.452
1.884
2.071
1.164
0.987
1.848
2.39
1.151
0.839
0.869
1.016
1.197
1.561
0.599
0.264
0.121
0.125
0.106
0.099
0.094
0.089
0.087
0.093
2.066
2.048
1.38
1.854
1.393
1.41
1.387
0.435
1.168
0.999
0.666
0.526
0.529
0.551
0.256
0.274
0.125
0.125
0.108
0.101
0.094
0.092
0.087
0.093
1.53
1.616
1.859
2.17
0.921
0.863
0.968
1.011
1.409
0.848
0.597
0.549
0.59
0.529
0.257
0.241
0.127
0.124
0.113
0.108
0.1
0.092
0.087
0.155
1.535
2.303
1.038
1.811
0.921
0.863
1.572
1.499
1.291
0.611
0.597
0.747
0.728
0.472
0.245
0.3
0.123
0.116
0.113
0.11
0.105
0.098
0.094
0.163
0.834
2.016
1.148
1.658
1.427
1.349
1.777
1.676
1.291
0.848
0.652
0.851
1.133
0.601
0.366
0.246
0.139
0.113
0.116
0.112
0.11
0.106
0.101
0.237
0.429
2.266
1.974
2.096
2.192
1.349
1.15
1.725
1.534
0.662
0.741
0.92
1.155
0.676
0.313
0.208
0.167
0.145
0.11
0.108
0.108
0.118
0.149
0.113
0.609
2.326
2.123
2.071
1.089
1.261
1.572
1.567
0.907
0.557
0.699
0.865
1.03
1.251
0.543
0.196
0.167
0.145
0.11
0.108
0.108
0.116
0.118
0.113
0.609
1.517
1.7
2.071
1.078
1.968
2.998
1.898
0.712
0.446
0.753
0.806
0.568
1.144
0.525
0.214
0.162
0.124
0.128
0.113
0.126
0.113
0.109
0.371
0.121
1.506
2.623
1.78
2.145
1.688
0.857
2.169
1.74
0.686
0.695
0.928
1.168
0.835
0.326
0.191
0.162
0.163
0.14
0.116
0.133
0.119
0.123
0.505
0.121
1.866
3.582
1.78
2.145
1.677
0.849
1.933
1.822
0.815
0.758
0.937
1.168
0.96
0.226
0.221
0.162
0.174
0.144
0.122
0.135
0.121
0.124
0.623
0.124
2.989
3.769
1.568
1.991
1.644
0.845
1.49
1.502
0.637
0.865
0.813
1.055
0.918
0.226
0.247
0.165
0.197
0.182
0.122
0.126
0.124
0.128
0.617
0.13
2.513
3.961
1.113
1.852
0.832
0.551
1.008
1.802
0.874
0.865
0.813
1.134
0.993
0.286
0.224
0.151
0.237
0.238
0.155
0.114
0.131
0.132
0.617
0.136
1.913
4.284
1.454
1.239
0.502
0.447
0.854
1.802
0.69
0.886
0.694
0.6
0.969
0.286
0.197
0.207
0.197
0.113
0.102
0.118
0.118
0.122
0.12
0.749
1.517
1.345
3.226
1.026
2.453
3.033
1.386
0.651
0.371
0.753
0.583
0.563
0.834
0.47
0.213
0.19
0.212
0.113
0.12
0.13
0.133
0.115
0.262
0.247
1.218
2.036
4.01
1.511
2.17
1.789
1.071
0.551
0.335
0.631
0.571
0.531
0.793
0.254
0.233
0.151
0.237
0.291
0.19
0.122
0.131
0.137
0.589
0.139
2.016
4.23
1.092
0.908
0.506
0.47
1.298
1.277
0.908
0.952
0.648
0.592
0.969
0.25
0.234
0.151
0.237
0.291
0.19
0.12
0.137
0.146
0.53
0.18
2.263
4.056
0.997
0.765
0.339
0.47
1.099
0.909
1.143
0.946
0.637
0.637
0.797
0.189
0.216
0.13
0.194
0.276
0.191
0.114
0.131
0.277
0.43
0.306
1.563
3.802
1.225
0.69
0.335
0.81
0.85
0.749
1.113
1.064
0.666
0.637
0.616
0.205
0.182
0.143
0.19
0.274
0.195
0.122
0.133
0.449
0.368
0.727
1.563
3.423
1.171
0.624
0.541
1.346
1.297
0.567
1.409
1.028
0.709
0.769
0.65
0.149
0.167
0.162
0.231
0.224
0.166
0.141
0.129
0.629
0.368
1.39
1.766
3.746
1.524
0.624
0.813
1.351
1.541
0.493
1.48
0.894
0.66
0.749
0.516
0.47
0.213
0.194
0.212
0.127
0.192
0.167
0.133
0.125
0.267
0.647
1.473
1.883
4.064
1.813
1.439
1.789
1.117
0.551
0.404
0.601
0.571
0.551
0.853
0.37
0.187
0.157
0.194
0.132
0.196
0.17
0.123
0.125
0.257
1.322
1.729
1.206
3.827
1.813
1.432
2.391
0.581
0.569
0.398
0.56
0.592
0.597
0.853
0.14
0.155
0.183
0.251
0.175
0.143
0.147
0.128
0.629
0.271
1.757
2.381
3.02
1.372
0.464
0.6
1.87
1.838
0.586
1.804
0.957
0.701
0.871
0.479
0.155
0.155
0.181
0.255
0.142
0.137
0.14
0.129
0.617
0.208
1.757
2.548
2.211
1.443
0.893
0.8
2.349
1.838
0.857
2.098
0.957
0.7
0.933
0.313
0.143
0.169
0.183
0.229
0.136
0.14
0.137
0.126
0.634
0.206
1.799
2.954
1.918
1.443
0.826
0.745
2.015
1.692
1.152
1.841
0.918
0.749
0.771
0.283
0.15
0.199
0.239
0.254
0.13
0.142
0.139
0.129
0.634
0.185
1.636
2.954
1.371
1.321
1.144
0.774
1.77
2.265
1.385
2.014
0.858
0.7
0.864
0.28
0.141
0.232
0.279
0.272
0.118
0.14
0.136
0.129
0.598
0.134
1.636
3.048
1.166
1.442
1.728
0.787
1.273
1.897
1.311
1.646
0.832
0.677
0.808
0.201
0.388
0.161
0.17
0.196
0.134
0.2
0.17
0.125
0.205
0.442
2.221
1.961
1.695
2.228
1.866
0.992
2.122
0.896
0.589
0.448
0.509
0.611
0.661
0.853
0.271
0.141
0.13
0.142
0.126
0.193
0.198
0.128
0.326
0.883
1.985
1.915
1.695
2.683
2.503
0.992
1.879
0.896
0.621
0.454
0.458
0.611
0.648
0.799
0.141
0.224
0.322
0.251
0.107
0.142
0.132
0.13
0.549
0.134
1.434
2.212
1.166
1.03
1.144
0.499
1.884
1.752
1.519
1.333
0.846
0.635
0.83
0.177
0.138
0.232
0.31
0.225
0.089
0.147
0.119
0.13
0.674
0.13
1.548
2.212
1.936
0.858
1.14
0.496
1.341
2.383
1.296
1.17
0.728
0.547
0.813
0.165
0.132
0.203
0.3
0.225
0.089
0.147
0.114
0.131
0.684
0.194
2.182
1.94
2.256
0.547
0.634
0.32
0.899
1.407
1.072
1.17
0.728
0.507
0.736
0.177
0.142
0.172
0.244
0.194
0.098
0.143
0.116
0.14
0.691
0.194
1.736
1.299
1.722
0.401
1.689
0.906
1.027
1.482
0.822
1.438
0.805
0.507
0.799
0.168
0.15
0.147
0.183
0.167
0.103
0.14
0.143
0.193
0.691
0.228
2.949
1.36
1.945
0.712
2.123
1.619
0.774
0.853
0.587
1.31
0.695
0.493
0.905
0.206
0.253
0.124
0.122
0.137
0.105
0.203
0.218
0.156
0.352
0.876
1.9
1.555
2.877
2.473
2.438
1.193
1.28
1.318
0.604
0.423
0.457
0.567
0.719
0.726
0.272
0.124
0.131
0.125
0.124
0.136
0.183
0.146
0.494
1.192
2.998
2.7
2.425
1.784
1.879
1.193
1.518
2.062
0.68
0.473
0.495
0.843
0.92
0.571
0.147
0.135
0.183
0.178
0.116
0.137
0.144
0.194
0.699
0.858
2.36
0.948
1.873
0.401
1.029
1.033
0.688
0.853
0.754
1.31
0.674
0.483
0.948
0.252
0.135
0.144
0.12
0.147
0.14
0.137
0.151
0.2
0.695
0.242
1.916
1.641
1.873
0.632
1.02
1.277
0.658
1.453
0.754
1.22
0.674
0.483
0.9
0.247
0.145
0.145
0.166
0.143
0.147
0.128
0.158
0.192
0.729
0.252
1.829
1.602
1.033
0.829
1.28
1.314
0.574
0.929
0.79
1.238
0.846
0.51
0.786
0.253
0.161
0.174
0.215
0.194
0.175
0.128
0.165
0.193
0.776
0.201
1.181
1.511
0.517
0.79
1.285
1.752
0.702
0.93
0.784
0.837
0.619
0.475
0.94
0.253
0.186
0.237
0.251
0.191
0.181
0.133
0.138
0.14
0.749
0.201
1.479
2.185
1.505
1.034
0.696
1.171
0.938
1.117
0.93
0.584
0.531
0.506
0.85
0.261
0.272
0.144
0.131
0.137
0.124
0.136
0.157
0.146
0.494
1.771
2.78
2.928
3.716
1.784
2.471
1.947
2.267
2.399
0.615
0.439
0.444
0.779
0.901
0.446
0.25
0.158
0.12
0.146
0.108
0.149
0.155
0.146
0.475
1.844
2.451
3.406
3.924
2.297
2.549
2.565
2.211
2.399
0.543
0.41
0.37
0.444
0.795
0.404
0.174
0.297
0.293
0.201
0.182
0.142
0.138
0.137
0.774
0.17
1.149
2.597
1.62
0.901
0.696
1.171
0.797
1.131
1.07
0.436
0.468
0.487
0.833
0.26
0.179
0.299
0.231
0.162
0.163
0.144
0.139
0.137
0.766
0.158
1.09
3.397
2.128
1.229
0.814
1.59
0.923
1.742
0.996
0.684
0.382
0.461
0.795
0.21
0.193
0.299
0.254
0.154
0.133
0.144
0.139
0.137
0.766
0.158
1.495
3.506
1.271
0.954
0.899
1.389
0.79
1.662
0.869
1.121
0.621
0.532
0.616
0.22
0.189
0.236
0.228
0.138
0.148
0.139
0.141
0.137
0.722
0.24
1.442
3.23
1.715
0.636
0.654
1.381
0.775
1.843
0.973
0.661
0.349
0.463
0.594
0.296
0.2
0.246
0.177
0.138
0.131
0.145
0.148
0.127
0.689
0.214
1.557
3.23
1.715
0.94
0.673
1.204
0.374
2.333
0.893
0.844
0.397
0.543
0.396
0.223
0.22
0.15
0.135
0.16
0.116
0.153
0.155
0.159
0.424
1.236
1.523
3.087
3.348
2.822
2.256
2.629
2.301
2.992
0.529
0.379
0.874
0.712
0.96
0.404
0.222
0.15
0.144
0.145
0.136
0.15
0.155
0.161
0.443
0.642
1.196
3.371
3.348
2.469
1.936
2.413
2.709
2.772
0.549
0.361
0.871
0.764
1.187
0.559
0.148
0.184
0.15
0.138
0.14
0.151
0.155
0.131
0.687
0.223
1.554
2.929
1.715
1.178
0.471
1.043
0.374
2.122
0.659
0.892
0.48
0.581
0.574
0.291
0.164
0.184
0.142
0.13
0.14
0.157
0.163
0.141
0.649
0.252
1.46
2.843
1.605
1.652
0.471
0.996
0.674
2.202
0.948
1.339
0.682
0.589
0.574
0.283
0.156
0.164
0.154
0.105
0.14
0.173
0.215
0.179
0.639
0.539
1.89
2.46
1.674
1.467
0.826
0.996
1.241
1.787
0.968
1.09
0.719
0.606
0.586
0.289
0.179
0.171
0.14
0.115
0.136
0.172
0.215
0.176
0.641
0.718
1.89
2.46
2.214
2.228
1.215
1.006
1.398
1.737
0.934
0.612
0.514
0.552
0.739
0.295
0.182
0.176
0.117
0.134
0.124
0.172
0.215
0.164
0.658
0.432
1.538
2.597
2.576
2.39
1.215
1.09
1.958
1.576
0.517
0.863
0.53
0.56
0.86
0.234
0.237
0.156
0.147
0.139
0.146
0.148
0.205
0.161
0.426
1.236
1.974
3.584
3.21
2.395
2.514
2.476
2.709
2.016
0.549
0.423
1.601
1.189
1.042
0.558
0.202
0.142
0.147
0.139
0.152
0.142
0.205
0.162
0.406
0.785
1.678
3.371
3.125
2.332
2.514
3.07
3.019
1.311
0.495
0.423
1.512
0.907
0.944
0.539
0.14
0.143
0.134
0.116
0.138
0.162
0.217
0.159
0.655
0.432
1.61
2.804
3.193
2.612
1.356
0.797
2.274
1.456
0.715
1.022
0.557
0.476
0.86
0.234
0.159
0.138
0.134
0.116
0.138
0.162
0.236
0.14
0.666
0.418
1.386
2.934
3.06
2.289
1.433
0.839
2.103
1.559
1.233
1.088
0.427
0.426
0.847
0.21
0.132
0.123
0.121
0.112
0.164
0.194
0.208
0.092
0.67
0.692
1.808
2.934
3.06
1.687
0.963
0.428
1.992
1.898
0.69
0.736
0.385
0.44
0.806
0.182
0.145
0.118
0.117
0.123
0.168
0.224
0.208
0.071
0.682
0.782
1.905
2.447
2.612
1.55
0.493
0.343
1.398
1.889
0.701
1.06
0.428
0.496
0.7
0.172
0.125
0.124
0.106
0.108
0.185
0.272
0.229
0.064
0.733
0.892
1.55
1.998
2.013
1.288
0.358
0.378
1.8
1.535
0.687
1.06
0.461
0.507
0.689
0.159
0.212
0.117
0.156
0.126
0.123
0.129
0.195
0.162
0.397
0.192
1.678
3.543
2.719
2.142
2.076
3.096
2.404
0.882
0.456
0.397
1.611
1.205
1.025
0.532
0.215
0.11
0.156
0.119
0.118
0.129
0.194
0.175
0.365
0.115
1.357
3.594
3.058
1.843
2.027
2.529
1.741
1.308
0.521
0.435
2.176
1.73
1.033
0.447
0.108
0.124
0.111
0.106
0.184
0.265
0.229
0.059
0.734
1.532
1.587
1.3
1.276
0.862
0.359
0.284
1.226
1.398
0.544
0.811
0.42
0.481
0.689
0.159
0.092
0.13
0.093
0.113
0.172
0.271
0.224
0.063
0.71
1.532
1.095
1.3
1.276
0.862
0.359
0.288
1.529
1.583
0.834
0.433
0.331
0.43
0.696
0.167
0.092
0.13
0.093
0.113
0.149
0.22
0.194
0.064
0.696
1.533
1.656
1.27
0.62
1.221
0.645
0.241
1.123
1.374
0.309
0.417
0.438
0.579
0.583
0.178
0.094
0.127
0.115
0.115
0.149
0.17
0.175
0.07
0.698
1.135
1.726
1.729
0.667
1.339
0.645
0.212
1.4
1.642
0.841
0.47
0.418
0.472
0.665
0.178
0.089
0.146
0.108
0.127
0.149
0.17
0.175
0.084
0.704
0.488
1.241
2.532
0.814
1.17
0.701
0.19
1.769
2.716
0.97
0.47
0.418
0.472
0.871
0.182
0.196
0.11
0.143
0.112
0.1
0.133
0.179
0.172
0.365
0.639
1.64
3.912
3.631
1.843
2.147
3.102
1.881
0.699
0.815
0.477
1.467
1.205
0.851
0.224
0.186
0.123
0.119
0.134
0.1
0.148
0.094
0.159
0.291
0.652
2.258
4.194
3.757
2.181
2.592
3.158
1.044
0.469
0.732
0.458
1.604
1.274
0.822
0.224
0.112
0.126
0.133
0.136
0.127
0.173
0.178
0.12
0.638
0.754
1.1
3.203
1.563
0.913
0.684
0.19
1.769
2.593
1.207
0.622
0.361
0.448
0.876
0.198
0.156
0.14
0.133
0.153
0.129
0.173
0.183
0.133
0.603
0.109
1.617
3.554
1.578
1.125
1.132
0.392
2.069
3.799
1.849
0.622
0.516
1.066
1.032
0.214
0.17
0.155
0.149
0.141
0.139
0.187
0.179
0.149
0.601
0.118
2.101
3.285
1.175
1.118
1.045
1.211
2.13
2.832
1.635
0.81
0.529
1.611
1.338
0.226
0.182
0.166
0.142
0.147
0.129
0.198
0.172
0.145
0.633
0.098
1.617
3.253
1.595
0.845
0.604
1.21
2.13
3.266
1.855
0.726
0.591
2.262
1.517
0.221
0.182
0.188
0.123
0.13
0.129
0.189
0.17
0.145
0.615
0.109
1.74
3.674
2.352
1.112
0.876
1.802
2.971
2.614
1.407
0.996
0.621
2.434
1.554
0.26
0.186
0.112
0.13
0.135
0.099
0.158
0.082
0.147
0.282
0.108
1.325
3.786
4.276
1.852
2.024
2.607
1.321
1.112
0.732
0.429
1.037
0.853
0.822
0.204
0.186
0.114
0.118
0.135
0.103
0.158
0.083
0.154
0.241
0.12
0.679
4.016
4.348
1.852
2.587
1.947
1.216
1.776
1.063
0.429
0.812
0.828
0.822
0.236
0.225
0.154
0.145
0.106
0.135
0.117
0.139
0.117
0.592
0.114
1.993
3.948
3.178
1.584
1.355
2.63
2.787
1.479
1.286
0.642
0.577
1.827
1.387
0.26
0.218
0.181
0.133
0.097
0.15
0.093
0.138
0.117
0.581
0.114
2.421
3.47
2.417
1.7
1.955
3.456
2.787
1.73
1.508
0.753
0.652
1.861
1.434
0.286
0.225
0.174
0.14
0.097
0.139
0.105
0.138
0.104
0.605
0.114
2.147
3.314
2.935
2.295
1.439
2.647
3.948
1.73
1.508
0.803
0.627
1.434
1.434
0.286
0.262
0.166
0.13
0.123
0.134
0.096
0.161
0.089
0.611
0.135
1.414
3.314
3.638
2.811
1.156
1.635
3.119
1.895
2.064
1.315
0.728
1.706
1.222
0.249
0.243
0.157
0.135
0.132
0.135
0.096
0.161
0.097
0.592
0.135
2.147
3.667
4.236
2.811
1.15
1.66
4.142
1.983
1.791
1.604
0.798
1.627
1.427
0.323
0.203
0.114
0.129
0.135
0.128
0.159
0.081
0.16
0.212
0.666
0.673
3.409
5.339
2.537
2.247
1.291
0.962
2.108
1.316
0.475
0.74
0.526
0.781
0.385
0.194
0.132
0.153
0.121
0.143
0.165
0.088
0.161
0.212
0.666
0.684
2.721
5.166
2.396
2.247
1.371
1.289
2.905
1.688
0.483
0.639
0.526
0.942
0.486
0.291
0.16
0.155
0.133
0.132
0.126
0.142
0.123
0.582
0.174
1.933
3.31
3.288
2.553
1.049
1.105
3.077
1.759
1.848
0.899
1.215
1.482
1.383
0.341
0.246
0.191
0.162
0.152
0.137
0.153
0.15
0.12
0.483
0.158
1.683
2.722
2.303
1.796
0.517
0.383
4.04
1.738
1.848
0.917
1.188
1.549
1.378
0.362
0.25
0.237
0.196
0.186
0.132
0.153
0.16
0.092
0.496
0.151
1.725
2.044
2.494
1.504
0.401
0.383
3.372
2.094
1.988
1.224
1.289
1.672
1.403
0.354
0.25
0.268
0.23
0.17
0.156
0.133
0.163
0.095
0.496
0.152
1.443
2.281
2.678
0.524
0.547
0.721
2.754
2.094
1.956
1.364
1.206
1.3
1.002
0.332
0.303
0.305
0.231
0.15
0.161
0.134
0.145
0.114
0.433
0.15
1.443
1.824
2.44
0.433
1.359
0.773
2.768
1.746
1.185
0.791
1.01
0.77
0.795
0.332
0.268
0.137
0.168
0.177
0.18
0.188
0.103
0.156
0.253
0.12
0.296
1.839
3.38
1.699
1.858
0.806
0.919
2.905
1.379
0.44
0.689
0.526
0.848
0.486
0.291
0.148
0.182
0.165
0.151
0.188
0.119
0.156
0.273
0.134
0.296
1.839
3.167
1.495
1.402
0.493
1.02
4.166
2.022
0.836
0.759
0.431
0.891
0.466
0.291
0.305
0.232
0.184
0.177
0.12
0.171
0.092
0.396
0.152
1.296
1.764
2.44
0.433
2.334
1.167
2.11
1.239
1.384
0.476
1.01
0.77
0.795
0.332
0.245
0.315
0.236
0.188
0.186
0.092
0.191
0.084
0.439
0.152
1.866
1.914
2.342
0.398
2.249
1.167
2.11
2.028
2.089
0.653
0.504
0.773
0.795
0.34
0.31
0.255
0.215
0.153
0.173
0.092
0.165
0.105
0.452
0.154
2.234
2.134
2.689
0.637
2.233
1.736
2.11
2.221
2.575
1.044
1.044
0.987
0.975
0.382
0.326
0.225
0.194
0.113
0.172
0.121
0.138
0.132
0.471
0.125
1.285
2.134
2.478
0.615
2.202
1.569
2.127
1.699
2.486
0.666
0.882
1.084
0.903
0.369
0.232
0.181
0.191
0.114
0.164
0.141
0.117
0.154
0.396
0.117
1.604
1.814
1.845
1.347
1.758
1.345
2.939
1.681
1.715
0.558
0.827
1.386
1.191
0.402
0.274
0.163
0.184
0.187
0.167
0.21
0.142
0.179
0.264
0.685
0.911
2.149
2.37
2.138
1.279
0.493
1.112
3.757
1.702
0.834
0.853
0.384
0.885
0.57
0.274
0.168
0.184
0.257
0.187
0.239
0.131
0.189
0.271
0.696
1.356
2.278
2.776
2.107
1.243
0.643
1.36
2.666
1.873
0.873
0.828
0.528
0.653
0.486
0.232
0.164
0.195
0.113
0.192
0.155
0.138
0.156
0.404
0.118
1.604
2.545
1.8
2.109
1.758
1.806
2.915
2.24
2.585
0.954
1.326
1.549
1.315
0.388
0.258
0.193
0.189
0.113
0.169
0.146
0.141
0.171
0.427
0.146
1.4
2.482
1.376
1.297
1.028
2.063
2.949
2.227
2.564
1.402
0.916
1.298
1.055
0.35
0.31
0.176
0.163
0.121
0.158
0.151
0.141
0.171
0.423
0.126
1.351
2.727
1.405
1.702
1.391
2.063
3.196
2.227
2.093
1.729
1.148
1.298
1.055
0.289
0.263
0.176
0.156
0.133
0.158
0.154
0.153
0.167
0.457
0.153
1.384
3.33
1.25
1.48
1.788
2.074
2.725
2.574
1.951
1.605
0.678
1.004
0.877
0.203
0.243
0.17
0.14
0.139
0.149
0.146
0.162
0.16
0.457
0.16
1.856
3.33
1.576
2.229
2.473
2.302
1.838
2.526
1.503
1.605
0.622
0.717
0.839
0.205
0.23
0.206
0.184
0.256
0.206
0.239
0.124
0.208
0.271
0.486
1.919
2.078
2.776
2.107
1.055
0.598
1.3
2.839
2.252
0.885
0.828
0.552
0.685
0.414
0.222
0.197
0.177
0.251
0.212
0.233
0.124
0.209
0.272
0.484
2.192
2.749
2.607
2.32
1.304
0.689
0.911
2.535
2.019
0.84
0.698
0.552
0.593
0.333
0.241
0.167
0.138
0.141
0.138
0.153
0.162
0.151
0.468
0.16
2.051
3.658
2.083
1.764
2.409
1.978
1.083
2.344
1.71
1.53
0.641
0.34
0.706
0.184
0.211
0.151
0.138
0.141
0.135
0.141
0.136
0.158
0.498
0.18
2.051
3.219
2.083
1.57
2.041
2.485
1.929
2.371
1.495
1.148
0.486
0.34
0.706
0.203
0.21
0.131
0.157
0.142
0.12
0.162
0.136
0.173
0.47
0.165
2.184
3.138
2.007
1.57
1.994
1.869
1.925
3.42
1.221
0.673
0.361
0.603
0.646
0.211
0.21
0.11
0.176
0.142
0.123
0.162
0.159
0.176
0.47
0.185
2.525
2.656
2.007
1.339
1.78
3.027
2.528
2.764
1.221
0.459
0.359
0.698
0.706
0.237
0.22
0.11
0.192
0.131
0.131
0.165
0.21
0.196
0.405
0.185
2.525
2.238
1.824
1.278
1.543
2.422
2.799
2.562
0.882
0.368
0.356
0.778
0.722
0.266
0.175
0.197
0.167
0.174
0.195
0.2
0.131
0.209
0.24
0.509
2.192
2.749
3.454
2.484
1.146
0.79
0.944
2.535
2.019
0.84
0.654
0.597
0.671
0.354
0.149
0.177
0.152
0.135
0.195
0.162
0.126
0.179
0.24
0.49
2.211
2.194
4.233
2.507
1.547
1.376
1.423
1.871
1.755
0.534
0.654
0.582
0.671
0.341
0.235
0.11
0.192
0.139
0.142
0.16
0.22
0.196
0.375
0.271
2.217
1.945
1.52
0.701
1.383
2.503
3.543
2.562
1.13
0.459
0.44
0.805
0.776
0.3
0.235
0.123
0.193
0.138
0.144
0.155
0.22
0.194
0.368
0.271
2.474
1.673
1.137
0.458
1.383
2.773
4.194
2.224
1.135
0.946
0.51
0.816
0.788
0.302
0.231
0.128
0.188
0.138
0.147
0.15
0.221
0.175
0.345
0.238
2.611
1.997
0.962
0.295
0.964
2.405
3.745
1.766
1.003
0.949
0.491
0.659
0.76
0.286
0.218
0.13
0.176
0.135
0.147
0.147
0.17
0.167
0.348
0.457
2.375
1.526
0.962
0.446
0.766
2.405
4.553
1.766
1.118
1.05
0.509
0.546
0.76
0.272
0.184
0.14
0.172
0.112
0.147
0.147
0.17
0.178
0.4
0.437
2.361
1.468
1.178
0.294
0.539
1.673
5.065
1.56
1.118
1.443
0.646
0.497
0.744
0.283
0.151
0.175
0.144
0.115
0.178
0.143
0.116
0.144
0.257
0.49
2.151
2.811
4.302
2.146
1.595
1.904
1.276
1.739
1.991
0.529
0.63
0.794
0.744
0.341
0.148
0.163
0.153
0.094
0.162
0.134
0.107
0.14
0.272
0.517
2.435
2.353
3.575
2.146
1.211
1.29
1.55
2.102
2.072
0.769
0.411
0.627
0.725
0.281
0.18
0.137
0.157
0.115
0.137
0.135
0.143
0.196
0.439
0.968
2.321
1.468
1.389
0.423
0.659
1.219
3.965
1.678
1.118
1.443
0.646
0.419
0.689
0.265
0.18
0.122
0.156
0.119
0.116
0.148
0.126
0.196
0.463
0.933
2.321
1.603
1.389
0.669
0.659
1.649
3.324
2.216
1.142
0.963
0.567
0.571
0.689
0.255
0.184
0.118
0.149
0.113
0.114
0.147
0.125
0.194
0.49
1.517
2.321
1.177
1.104
0.603
0.602
1.52
3.317
2.218
1.013
0.662
0.45
0.609
0.785
0.253
0.184
0.112
0.136
0.137
0.095
0.145
0.138
0.18
0.498
1.572
2.128
1.177
1.844
0.767
0.551
0.579
4.063
2.624
1.258
0.841
0.541
1.022
1.086
0.254
0.176
0.116
0.148
0.124
0.102
0.143
0.145
0.163
0.498
1.425
2.011
0.937
1.483
0.635
0.454
0.39
2.536
2.075
1.411
0.718
0.511
1.3
1.155
0.239
0.136
0.146
0.146
0.115
0.134
0.148
0.106
0.14
0.32
0.488
2.399
3.036
3.106
1.784
1.876
1.289
1.55
1.59
1.554
0.738
0.419
0.586
0.725
0.24
0.139
0.138
0.145
0.113
0.133
0.13
0.114
0.137
0.302
0.496
2.407
3.082
3.106
1.858
1.64
1.365
1.499
1.55
1.404
0.452
0.589
0.443
0.714
0.237
0.184
0.106
0.148
0.129
0.102
0.15
0.11
0.135
0.498
1.438
1.378
1.085
2.077
0.816
1.136
0.848
2.151
2.295
1.218
0.487
0.411
1.329
1.178
0.239
0.197
0.1
0.153
0.119
0.105
0.158
0.088
0.132
0.475
0.884
1.412
2.454
1.651
0.816
1.102
2.106
2.576
2.517
1.319
0.534
0.446
1.329
1.178
0.28
0.212
0.105
0.168
0.098
0.116
0.143
0.099
0.139
0.446
1.059
2.154
2.763
2.178
0.914
0.691
1.274
3.42
2.002
1.364
0.799
0.564
0.784
0.898
0.279
0.229
0.088
0.171
0.108
0.114
0.142
0.102
0.149
0.492
0.51
2.275
3.947
3.266
1.252
0.819
1.62
2.414
2.414
1.932
1.337
0.641
0.722
0.856
0.247
0.226
0.097
0.182
0.108
0.141
0.139
0.103
0.15
0.458
0.469
2.492
4.058
2.629
1.198
0.869
2.434
1.745
2.346
1.918
1.124
0.569
0.443
0.818
0.236
0.137
0.129
0.142
0.109
0.133
0.13
0.114
0.129
0.302
0.837
2.407
3.165
3.332
1.808
1.668
1.32
1.458
2.106
1.391
0.445
0.558
0.98
0.824
0.211
0.155
0.129
0.148
0.112
0.142
0.132
0.11
0.142
0.284
0.85
1.782
3.879
3.183
1.709
1.329
0.873
1.343
2.295
1.228
0.506
0.547
0.981
0.793
0.245
0.226
0.084
0.242
0.145
0.164
0.121
0.12
0.152
0.379
0.241
2.425
4.53
3.255
1.41
1.327
2.434
2.736
3.101
2.335
1.124
0.569
0.362
0.672
0.292
0.248
0.129
0.259
0.16
0.173
0.112
0.141
0.151
0.411
0.191
3.24
3.728
2.446
1.368
1.023
2.457
2.702
2.915
2.335
1.395
0.676
0.362
0.672
0.307
0.227
0.149
0.26
0.15
0.192
0.096
0.16
0.145
0.405
0.195
3.196
3.241
2.391
1.006
0.761
1.916
2.206
2.502
2.553
1.574
0.668
0.399
0.677
0.302
0.226
0.156
0.256
0.176
0.174
0.111
0.152
0.141
0.45
0.195
3.284
3.421
3.077
1.242
0.974
2.323
2.206
2.613
2.167
1.425
0.6
0.455
0.66
0.315
0.216
0.157
0.258
0.181
0.17
0.118
0.152
0.136
0.406
0.165
3.27
2.823
2.633
1.066
0.875
1.765
2.259
2.327
1.691
1.015
0.6
1.175
0.734
0.315
0.126
0.175
0.172
0.134
0.142
0.135
0.101
0.158
0.273
1.042
1.798
4.2
3.183
1.264
0.671
0.569
1.837
2.491
0.988
0.509
0.456
0.565
0.601
0.245
0.126
0.179
0.167
0.144
0.144
0.114
0.123
0.139
0.273
1.18
1.798
4.058
3.231
1.709
1.195
0.873
1.692
2.281
0.988
0.509
0.617
0.779
0.66
0.299
0.208
0.122
0.21
0.148
0.151
0.133
0.132
0.148
0.406
0.534
3.267
2.512
2.571
1.571
1.661
1.279
2.08
1.79
1.474
0.989
0.599
1.152
0.724
0.383
0.225
0.142
0.179
0.145
0.127
0.14
0.13
0.146
0.402
0.525
3.267
1.767
1.793
1.354
1.307
1.903
2.115
1.683
1.297
1.093
0.631
1.168
0.748
0.392
0.216
0.142
0.147
0.155
0.104
0.158
0.12
0.135
0.372
0.504
2.892
2.207
2.352
1.503
1.636
1.922
1.493
1.999
1.241
0.902
0.586
0.56
0.683
0.408
0.216
0.15
0.125
0.161
0.104
0.158
0.121
0.12
0.392
0.523
2.224
1.509
2.006
1.503
1.67
2.434
1.855
1.578
0.946
0.779
0.744
0.554
0.631
0.366
0.198
0.134
0.142
0.146
0.115
0.158
0.112
0.13
0.392
0.134
1.333
0.767
1.25
0.95
0.866
1.902
0.821
1.651
0.946
0.779
0.844
0.605
0.601
0.32
0.156
0.178
0.179
0.132
0.152
0.11
0.123
0.139
0.229
1.448
1.372
3.749
3.488
1.937
1.195
1.329
1.692
2.281
0.925
0.505
0.636
0.779
0.825
0.331
0.179
0.163
0.188
0.136
0.15
0.124
0.12
0.146
0.231
1.448
1.006
3.84
3.772
1.562
1.034
1.062
1.617
1.841
1.05
0.561
0.641
1.204
0.773
0.33
0.18
0.156
0.116
0.157
0.123
0.143
0.134
0.11
0.437
0.183
0.741
0.289
0.768
1.202
1.217
1.902
0.742
1.362
0.777
0.723
0.72
0.597
0.561
0.344
0.186
0.155
0.114
0.157
0.123
0.143
0.134
0.11
0.437
0.133
0.429
0.289
1.238
1.267
0.944
1.723
1.176
1.423
0.815
0.744
0.707
0.647
0.513
0.288
0.17
0.162
0.122
0.139
0.133
0.134
0.139
0.111
0.453
0.181
0.999
0.536
1.584
1.397
1.094
1.461
1.176
1.423
0.989
0.877
0.714
0.647
0.455
0.282
0.179
0.161
0.13
0.124
0.146
0.107
0.149
0.112
0.496
0.184
0.384
0.232
0.922
1.282
0.821
1.1
1.256
1.182
1.042
0.891
0.683
0.656
0.413
0.261
0.219
0.137
0.153
0.114
0.142
0.128
0.125
0.136
0.481
0.153
0.226
0.165
0.879
1.215
0.789
0.959
0.937
1.491
1.48
0.866
0.531
0.7
0.458
0.257
0.174
0.182
0.183
0.147
0.148
0.13
0.123
0.146
0.297
0.88
0.88
3.524
2.712
1.1
1.029
1.069
1.67
1.304
1.063
0.576
0.641
1.204
0.614
0.379
0.174
0.155
0.178
0.108
0.148
0.114
0.135
0.125
0.309
0.869
0.892
2.388
1.956
1.074
1.556
0.824
0.958
1.103
1.62
0.753
0.522
1.188
0.548
0.351
0.235
0.151
0.128
0.125
0.142
0.113
0.147
0.114
0.44
0.228
0.633
0.409
1.409
1.507
0.807
0.761
1.34
1.714
1.215
0.664
0.531
0.734
0.455
0.314
0.26
0.133
0.153
0.108
0.153
0.109
0.137
0.13
0.395
0.197
0.613
0.611
1.536
1.663
0.807
0.932
1.543
1.826
1.203
0.968
0.472
0.685
0.484
0.339
0.255
0.139
0.152
0.106
0.167
0.084
0.164
0.104
0.348
0.259
0.644
0.955
1.536
1.488
0.94
0.842
1.149
1.826
1.144
1.295
0.668
0.937
0.479
0.365
0.255
0.113
0.164
0.103
0.156
0.105
0.141
0.128
0.266
0.259
0.205
1.029
1.393
1.275
0.76
0.763
1.08
1.59
1.176
1.212
0.669
0.976
0.54
0.313
0.242
0.104
0.16
0.116
0.141
0.123
0.135
0.112
0.203
0.254
0.457
1.153
1.901
1.703
0.881
0.72
1.036
1.538
1.188
1.501
0.91
1.092
0.585
0.276
0.194
0.123
0.167
0.095
0.165
0.085
0.16
0.1
0.327
0.784
0.836
1.713
1.819
2.154
1.97
0.854
0.326
0.687
1.537
0.77
0.619
1.096
0.712
0.528
0.209
0.128
0.168
0.102
0.151
0.104
0.14
0.111
0.254
0.599
0.38
1.787
2.608
2.241
1.461
0.854
0.326
0.687
1.721
0.77
0.677
0.867
0.58
0.299
0.236
0.101
0.163
0.106
0.155
0.105
0.152
0.09
0.145
0.332
0.498
1.153
1.901
1.718
0.881
0.72
1.237
1.834
1.042
1.832
0.901
1.039
0.539
0.334
0.224
0.101
0.163
0.099
0.158
0.102
0.149
0.09
0.145
0.254
0.498
1.387
1.529
1.458
0.881
0.72
1.237
1.77
0.827
1.832
0.709
0.743
0.521
0.313
0.196
0.124
0.146
0.116
0.158
0.099
0.161
0.093
0.233
0.244
0.503
1.276
1.32
0.91
0.881
0.911
1.551
2.01
0.827
1.489
0.669
0.71
0.485
0.29
0.167
0.139
0.124
0.139
0.139
0.102
0.152
0.091
0.306
0.193
0.463
1.136
0.939
0.481
0.506
0.875
1.551
2.642
1.119
1.067
0.356
0.581
0.485
0.252
0.149
0.162
0.108
0.137
0.146
0.085
0.156
0.081
0.361
0.122
0.464
0.784
0.667
0.426
0.386
0.704
1.143
2.294
0.894
0.697
0.298
0.591
0.439
0.305
0.149
0.186
0.162
0.099
0.166
0.082
0.16
0.079
0.273
0.599
0.812
1.787
2.447
2.378
0.947
0.483
0.391
1.089
1.985
0.8
0.709
0.93
0.418
0.26
0.127
0.201
0.146
0.11
0.176
0.082
0.16
0.079
0.288
0.6
0.782
0.773
1.972
2.378
0.947
0.483
0.403
1.745
1.514
0.718
0.656
0.562
0.483
0.253
0.157
0.193
0.114
0.134
0.146
0.085
0.156
0.101
0.42
0.128
0.292
0.673
0.53
0.273
0.334
0.608
1.048
2.202
0.751
0.295
0.269
0.568
0.391
0.305
0.132
0.193
0.114
0.134
0.14
0.08
0.154
0.094
0.447
0.111
0.246
0.572
0.716
0.35
0.414
0.199
0.753
1.534
0.394
0.223
0.335
0.532
0.358
0.248
0.139
0.166
0.112
0.138
0.131
0.093
0.129
0.111
0.434
0.108
0.161
0.14
0.506
0.309
0.381
0.161
0.138
0.897
0.399
0.223
0.4
0.613
0.358
0.191
0.148
0.142
0.113
0.138
0.111
0.112
0.105
0.118
0.411
0.099
0.244
0.135
0.365
0.153
0.207
0.144
0.128
0.36
0.47
0.213
0.475
0.66
0.378
0.166
0.153
0.13
0.125
0.138
0.123
0.127
0.096
0.147
0.386
0.098
0.253
0.111
0.217
0.153
0.19
0.16
0.119
0.248
0.403
0.172
0.475
0.671
0.367
0.181
0.149
0.17
0.157
0.1
0.164
0.098
0.131
0.103
0.214
0.661
1.423
1.991
2.542
2.984
0.872
0.45
0.369
1.739
1.492
0.732
0.656
0.451
0.481
0.278
0.135
0.145
0.151
0.099
0.18
0.126
0.133
0.112
0.228
0.661
1.416
1.993
2.809
3.304
0.442
0.378
1.026
2.418
1.264
0.594
0.836
0.467
0.421
0.292
0.153
0.124
0.139
0.133
0.124
0.148
0.096
0.165
0.412
0.093
0.252
0.111
0.278
0.168
0.214
0.16
0.119
0.321
0.372
0.212
0.545
0.624
0.356
0.134
0.135
0.124
0.142
0.125
0.148
0.128
0.123
0.161
0.428
0.097
0.193
0.321
0.257
0.207
0.14
0.16
0.129
0.293
0.467
0.255
0.559
0.659
0.378
0.117
0.142
0.126
0.138
0.152
0.133
0.144
0.125
0.161
0.421
0.107
0.193
0.558
0.244
0.202
0.115
0.16
0.137
0.293
0.553
0.371
0.465
0.702
0.384
0.136
0.137
0.12
0.151
0.132
0.146
0.142
0.127
0.168
0.431
0.11
0.194
0.691
0.267
0.205
0.098
0.173
0.154
0.344
0.536
0.304
0.415
0.647
0.365
0.136
0.128
0.123
0.146
0.133
0.146
0.135
0.144
0.143
0.441
0.11
0.164
0.703
0.265
0.22
0.108
0.168
0.15
0.483
0.528
0.456
0.416
0.532
0.343
0.128
0.117
0.173
0.145
0.11
0.181
0.13
0.146
0.145
0.244
0.693
1.502
2.671
2.829
2.279
0.442
0.749
1.026
2.477
1.806
0.553
0.764
0.498
0.421
0.222
0.124
0.113
0.154
0.102
0.184
0.133
0.14
0.156
0.298
0.697
1.405
2.829
2.014
1.805
0.41
0.286
1.437
2.782
1.282
0.553
0.583
0.514
0.421
0.269
0.118
0.141
0.12
0.132
0.117
0.138
0.133
0.135
0.441
0.108
0.152
0.703
0.265
0.22
0.133
0.156
0.17
0.507
0.544
0.525
0.485
0.573
0.339
0.105
0.132
0.129
0.12
0.159
0.122
0.126
0.133
0.111
0.437
0.096
0.18
0.481
0.221
0.191
0.11
0.164
0.147
0.457
0.558
0.548
0.527
0.574
0.339
0.104
0.156
0.129
0.103
0.173
0.096
0.138
0.126
0.093
0.437
0.096
0.234
0.236
0.19
0.146
0.116
0.215
0.176
0.486
0.478
0.465
0.525
0.498
0.42
0.118
0.141
0.118
0.117
0.145
0.11
0.129
0.11
0.112
0.42
0.134
0.263
0.13
0.165
0.123
0.131
0.18
0.184
0.437
0.478
0.368
0.559
0.472
0.468
0.122
0.141
0.114
0.115
0.143
0.115
0.116
0.119
0.105
0.412
0.145
0.257
0.104
0.165
0.1
0.147
0.138
0.191
0.434
0.491
0.386
0.579
0.575
0.542
0.149
0.154
0.113
0.146
0.122
0.169
0.151
0.126
0.156
0.289
0.697
1.51
2.68
2.701
1.717
0.504
0.218
1.463
2.245
1.025
0.637
0.731
0.595
0.386
0.252
0.169
0.092
0.159
0.095
0.149
0.121
0.151
0.137
0.256
0.702
1.507
2.691
2.701
1.717
0.577
0.665
1.889
2.537
0.771
0.644
0.601
0.542
0.387
0.274
0.13
0.129
0.112
0.149
0.108
0.128
0.103
0.129
0.4
0.174
0.247
0.117
0.153
0.1
0.138
0.15
0.187
0.371
0.503
0.386
0.539
0.575
0.542
0.134
0.156
0.147
0.128
0.141
0.123
0.122
0.106
0.133
0.397
0.217
0.246
0.116
0.151
0.102
0.138
0.15
0.187
0.353
0.56
0.341
0.536
0.532
0.501
0.146
0.141
0.171
0.098
0.138
0.105
0.145
0.106
0.155
0.386
0.217
0.17
0.131
0.22
0.121
0.141
0.151
0.187
0.454
0.641
0.376
0.489
0.53
0.432
0.171
0.108
0.152
0.117
0.117
0.123
0.133
0.108
0.157
0.386
0.217
0.152
0.144
0.195
0.145
0.126
0.132
0.146
0.43
0.641
0.464
0.556
0.553
0.387
0.15
0.12
0.157
0.11
0.146
0.104
0.145
0.12
0.149
0.395
0.173
0.152
0.346
0.255
0.17
0.111
0.165
0.129
0.542
0.7
0.552
0.608
0.565
0.387
0.146
0.165
0.101
0.161
0.083
0.161
0.102
0.166
0.121
0.256
1.213
1.303
2.691
3.493
1.717
0.901
0.808
2.368
3.194
1.142
0.649
0.6
0.558
0.377
0.274
0.17
0.096
0.163
0.079
0.161
0.081
0.153
0.108
0.256
1.243
1.325
2.691
3.217
1.466
1.494
1.261
1.307
2.632
0.836
0.508
0.4
0.558
0.359
0.252
0.11
0.161
0.109
0.146
0.104
0.142
0.131
0.162
0.37
0.207
0.492
0.549
0.379
0.215
0.113
0.176
0.129
0.621
1.035
0.535
0.605
0.5
0.315
0.117
0.11
0.156
0.109
0.143
0.119
0.182
0.172
0.138
0.396
0.188
0.924
0.473
0.691
0.207
0.166
0.187
0.165
1.009
1.0
0.431
0.573
0.514
0.397
0.149
0.077
0.154
0.102
0.133
0.128
0.16
0.175
0.114
0.428
0.231
1.829
0.557
0.723
0.248
0.273
0.273
0.212
1.117
0.844
0.609
0.622
0.541
0.397
0.165
0.074
0.149
0.123
0.112
0.15
0.09
0.156
0.094
0.456
0.42
2.66
0.721
0.486
0.234
0.355
0.42
0.652
1.333
0.83
0.63
0.643
0.605
0.391
0.157
0.093
0.137
0.126
0.108
0.141
0.1
0.156
0.102
0.411
0.383
2.66
1.039
0.758
0.328
0.503
0.639
1.237
1.452
0.932
0.71
0.709
0.598
0.369
0.153
0.19
0.108
0.173
0.062
0.146
0.095
0.136
0.093
0.219
1.732
1.219
2.238
2.186
1.368
0.95
0.884
1.402
2.595
0.45
0.559
0.382
0.45
0.228
0.229
0.174
0.14
0.147
0.082
0.138
0.095
0.136
0.093
0.213
1.737
1.909
1.972
2.321
1.656
1.195
0.923
0.929
1.529
0.44
0.461
0.489
0.451
0.38
0.207
0.093
0.13
0.123
0.096
0.141
0.098
0.142
0.119
0.403
0.379
3.096
0.915
0.927
1.083
1.023
0.639
1.73
1.379
0.55
0.606
0.672
0.572
0.435
0.162
0.102
0.14
0.13
0.121
0.119
0.123
0.118
0.115
0.406
0.285
3.164
1.246
0.863
1.043
1.023
0.72
1.902
1.153
0.458
0.637
0.707
0.579
0.589
0.157
0.128
0.117
0.143
0.096
0.121
0.098
0.118
0.139
0.43
0.34
2.259
1.193
0.591
1.043
1.104
0.726
1.902
1.153
0.471
0.872
0.707
0.578
0.413
0.132
0.132
0.112
0.143
0.108
0.102
0.121
0.091
0.154
0.406
0.144
1.841
1.689
0.656
0.613
1.15
1.003
2.13
1.141
0.551
0.822
0.595
0.571
0.588
0.116
0.139
0.083
0.14
0.11
0.086
0.139
0.056
0.154
0.448
0.144
1.16
1.525
0.592
0.605
1.113
0.863
1.549
1.222
0.479
0.973
0.691
0.531
0.59
0.122
0.174
0.134
0.142
0.083
0.127
0.106
0.118
0.111
0.202
2.003
1.909
2.002
2.321
1.595
1.478
1.26
1.351
2.0
0.428
0.461
0.397
0.387
0.325
0.217
0.185
0.135
0.142
0.093
0.123
0.116
0.109
0.124
0.225
2.003
2.15
2.619
2.587
1.595
1.478
0.9
1.16
2.0
0.447
0.478
0.422
0.387
0.415
0.269
0.128
0.097
0.122
0.112
0.086
0.125
0.067
0.147
0.448
0.146
1.92
1.525
0.592
0.536
0.985
0.832
0.92
1.096
0.479
0.905
0.648
0.531
0.735
0.136
0.111
0.125
0.109
0.125
0.081
0.127
0.069
0.152
0.43
0.158
1.63
1.915
0.363
0.536
0.41
0.938
1.328
1.29
0.481
0.851
0.677
0.538
0.747
0.109
0.105
0.124
0.109
0.127
0.088
0.116
0.08
0.14
0.433
0.269
1.96
2.193
0.371
0.641
0.373
0.856
1.485
1.733
0.522
0.869
0.719
0.586
0.685
0.109
0.096
0.143
0.089
0.136
0.069
0.129
0.063
0.14
0.87
0.499
1.96
2.198
0.35
0.644
0.16
0.489
1.476
1.187
0.522
0.66
0.798
0.619
0.685
0.107
0.102
0.155
0.093
0.125
0.08
0.115
0.075
0.126
0.863
0.502
1.509
2.103
0.643
0.311
0.16
0.285
0.874
1.733
0.472
0.693
0.818
0.604
0.547
0.1
0.206
0.134
0.15
0.096
0.124
0.119
0.113
0.12
0.235
2.003
2.332
2.39
2.571
1.595
1.388
0.782
0.778
1.367
0.401
0.479
0.473
0.43
0.595
0.227
0.179
0.154
0.117
0.119
0.091
0.137
0.084
0.136
0.221
1.958
2.778
2.39
2.747
1.478
1.192
0.581
1.301
1.175
0.447
0.537
0.514
0.542
0.779
0.24
0.105
0.155
0.095
0.121
0.092
0.098
0.09
0.114
0.385
0.436
2.075
2.194
0.708
0.565
0.241
0.504
0.926
1.319
0.584
0.673
0.818
0.604
0.679
0.1
0.12
0.15
0.088
0.125
0.085
0.105
0.081
0.113
0.394
0.489
1.269
1.876
0.645
0.948
0.293
0.443
1.819
1.482
0.41
0.542
0.784
0.573
0.679
0.089
0.13
0.116
0.104
0.094
0.096
0.095
0.089
0.091
0.402
0.489
1.387
1.477
1.034
0.695
0.292
0.322
0.967
1.339
0.41
0.687
0.814
0.651
0.534
0.098
0.13
0.106
0.084
0.089
0.096
0.091
0.087
0.092
0.452
0.422
0.737
1.477
1.134
1.087
0.406
0.319
0.573
0.797
0.325
0.814
0.841
0.576
0.618
0.113
0.129
0.139
0.101
0.084
0.103
0.084
0.097
0.092
0.433
0.418
1.419
1.912
1.162
1.098
0.627
0.622
0.609
0.844
0.374
0.895
0.778
0.56
0.789
0.143
0.146
0.138
0.087
0.119
0.083
0.13
0.078
0.131
0.292
2.06
2.747
2.573
3.696
1.675
1.638
0.538
1.213
1.172
0.608
0.516
0.544
0.544
0.862
0.237
0.165
0.111
0.126
0.121
0.085
0.12
0.08
0.111
0.312
2.403
2.435
2.748
3.754
1.256
1.412
0.62
1.366
1.977
0.759
0.951
0.544
0.575
0.879
0.271
0.11
0.159
0.146
0.084
0.103
0.084
0.093
0.096
0.433
0.626
2.16
1.551
0.903
1.098
0.547
0.631
0.323
0.666
0.34
0.916
0.723
0.589
1.005
0.149
0.1
0.172
0.177
0.115
0.105
0.095
0.094
0.098
0.389
0.405
1.51
1.854
1.209
1.261
0.778
0.595
0.783
0.88
0.34
0.825
0.723
0.623
1.072
0.149
0.084
0.172
0.191
0.119
0.108
0.096
0.099
0.1
0.403
0.349
1.807
1.867
0.952
0.784
0.738
0.461
0.382
0.686
0.344
0.825
0.699
0.683
0.948
0.166
0.076
0.181
0.19
0.119
0.12
0.095
0.103
0.108
0.435
0.349
1.824
1.889
0.783
0.653
0.722
0.461
0.827
0.671
0.345
0.674
0.629
0.606
1.049
0.199
0.085
0.189
0.198
0.116
0.132
0.089
0.108
0.108
0.393
0.321
2.102
1.889
0.889
0.387
0.47
0.556
1.045
1.136
0.396
0.674
0.67
0.639
0.9
0.185
0.147
0.092
0.153
0.084
0.119
0.12
0.089
0.099
0.312
2.625
2.435
2.748
3.044
1.133
0.972
0.502
1.366
1.713
0.763
0.951
0.635
0.606
0.879
0.259
0.117
0.099
0.139
0.079
0.105
0.121
0.08
0.095
0.298
3.198
2.435
2.907
3.4
1.152
0.972
0.47
1.709
1.012
0.964
1.143
0.834
0.596
0.683
0.175
0.105
0.146
0.162
0.13
0.111
0.099
0.108
0.105
0.384
0.102
1.58
2.001
0.911
0.673
0.375
0.389
1.054
1.136
0.422
0.683
0.709
0.69
0.889
0.234
0.085
0.128
0.123
0.113
0.12
0.096
0.109
0.102
0.321
0.102
0.959
2.125
1.201
0.71
0.5
0.472
1.408
1.12
0.589
0.669
0.729
0.693
0.721
0.342
0.138
0.122
0.113
0.113
0.128
0.093
0.108
0.105
0.321
0.164
0.959
2.431
1.451
0.546
0.5
0.391
0.935
0.619
0.65
0.707
0.732
0.769
0.662
0.317
0.154
0.11
0.114
0.145
0.163
0.092
0.121
0.097
0.25
0.224
0.626
2.255
1.95
0.66
0.611
0.389
1.19
1.525
0.915
0.783
0.758
0.697
0.683
0.51
0.239
0.091
0.12
0.141
0.155
0.102
0.108
0.097
0.165
0.303
0.324
2.576
1.838
0.911
0.635
0.376
0.829
2.434
1.624
0.783
0.8
0.816
0.694
0.502
0.247
0.109
0.115
0.089
0.103
0.158
0.08
0.099
0.289
2.107
2.13
2.445
3.414
0.849
0.784
0.601
1.697
1.102
1.112
1.173
0.911
0.544
0.476
0.17
0.11
0.109
0.115
0.089
0.103
0.158
0.08
0.099
0.229
2.166
1.514
2.609
3.456
0.878
0.515
0.401
1.144
1.416
1.018
0.916
0.913
0.545
0.462
0.244
0.126
0.089
0.098
0.163
0.138
0.106
0.104
0.098
0.115
0.351
0.102
2.576
2.305
1.308
0.635
0.299
0.599
1.513
1.555
0.706
0.8
0.815
0.713
0.707
0.214
0.084
0.112
0.154
0.147
0.104
0.104
0.104
0.115
0.399
0.096
2.247
2.947
1.107
0.736
0.3
0.953
2.551
1.974
0.624
0.797
0.815
0.618
0.819
0.214
0.094
0.123
0.188
0.152
0.106
0.103
0.103
0.113
0.391
0.094
2.479
2.384
1.288
0.65
0.206
0.57
3.19
1.458
0.557
0.962
0.825
0.811
0.734
0.136
0.104
0.126
0.154
0.117
0.108
0.1
0.095
0.107
0.438
0.116
1.927
1.671
1.252
0.65
0.269
0.652
3.495
1.576
0.51
0.875
0.711
0.799
0.919
0.238
0.111
0.12
0.119
0.11
0.108
0.097
0.098
0.103
0.443
0.658
2.077
1.206
1.136
0.548
0.399
0.329
2.907
2.006
0.479
0.918
0.708
1.001
0.914
0.128
0.088
0.126
0.107
0.106
0.16
0.082
0.101
0.162
1.098
1.006
2.477
2.785
0.955
0.515
0.593
1.279
1.518
0.876
0.916
0.926
0.584
0.506
0.264
0.123
0.096
0.116
0.098
0.12
0.153
0.095
0.103
0.103
0.781
0.626
2.67
2.793
1.024
0.569
0.608
1.236
1.518
0.946
0.778
0.748
0.594
0.464
0.398
0.159
0.116
0.132
0.156
0.106
0.115
0.102
0.098
0.11
0.443
1.014
1.729
1.125
0.615
0.493
0.403
0.362
2.739
2.006
0.51
0.917
0.68
0.809
0.966
0.125
0.111
0.132
0.141
0.106
0.108
0.108
0.103
0.104
0.447
1.003
1.073
0.873
0.581
0.871
0.82
0.408
2.739
2.186
0.515
0.848
0.628
0.783
1.022
0.121
0.109
0.147
0.173
0.107
0.106
0.106
0.103
0.099
0.412
1.001
1.607
0.873
0.761
1.074
0.765
0.323
2.547
2.107
0.509
0.799
0.615
1.017
0.881
0.14
0.114
0.126
0.14
0.106
0.105
0.106
0.107
0.102
0.456
1.352
1.255
0.795
0.489
1.22
0.879
0.346
1.906
2.084
0.51
0.78
0.585
0.836
1.017
0.195
0.109
0.121
0.137
0.103
0.102
0.106
0.107
0.102
0.416
0.809
1.599
1.293
0.497
0.869
0.461
0.346
1.513
2.032
0.519
0.78
0.595
0.876
0.841
0.14
0.11
0.11
0.108
0.1
0.116
0.1
0.107
0.119
0.248
0.235
2.67
2.705
1.722
0.604
0.756
0.735
1.397
1.175
0.797
0.717
0.633
0.591
0.536
0.166
0.114
0.11
0.11
0.103
0.118
0.102
0.108
0.103
0.24
0.139
2.892
2.487
2.209
1.219
1.028
0.598
1.37
1.29
0.802
0.717
0.69
0.751
0.799
0.296
0.112
0.162
0.145
0.106
0.108
0.109
0.111
0.104
0.41
0.456
1.717
1.89
0.858
0.964
0.356
0.321
1.205
1.417
0.519
0.724
0.595
0.65
0.873
0.192
0.111
0.177
0.108
0.101
0.102
0.12
0.128
0.098
0.362
0.104
1.414
2.653
0.865
1.192
0.402
0.388
1.205
1.417
0.497
0.744
0.602
0.678
0.965
0.214
0.111
0.177
0.145
0.106
0.102
0.103
0.121
0.094
0.358
0.102
2.254
2.197
0.943
0.769
0.302
0.352
2.13
1.131
0.481
0.739
0.647
0.778
0.781
0.211
0.115
0.161
0.11
0.101
0.1
0.1
0.117
0.09
0.356
0.45
1.935
1.782
0.67
0.729
0.38
0.643
2.543
0.81
0.496
0.848
0.685
0.712
0.983
0.263
0.11
0.157
0.108
0.097
0.095
0.095
0.089
0.083
0.356
0.096
2.2
2.391
0.68
0.634
0.278
0.627
2.543
1.116
0.519
0.775
0.677
0.754
0.859
0.218
0.113
0.111
0.112
0.102
0.106
0.098
0.108
0.115
0.274
0.139
2.892
2.487
2.864
1.24
1.12
0.544
1.288
1.169
0.782
1.147
0.79
0.784
0.922
0.354
0.108
0.112
0.109
0.102
0.099
0.098
0.105
0.116
0.274
0.139
3.071
2.375
2.864
1.749
1.12
0.554
0.992
1.902
0.849
1.387
1.458
1.467
1.001
0.352
0.107
0.151
0.103
0.093
0.097
0.094
0.085
0.08
0.358
0.092
1.375
2.391
0.805
0.622
0.27
0.876
3.276
1.156
0.55
0.833
0.696
0.723
1.069
0.264
0.098
0.089
0.089
0.085
0.094
0.085
0.076
0.075
0.371
0.32
1.394
1.95
0.519
0.53
0.28
1.585
3.96
1.161
0.547
0.833
0.801
0.798
1.143
0.275
0.086
0.08
0.091
0.085
0.088
0.078
0.074
0.075
0.396
0.808
1.523
1.2
0.655
0.341
0.438
1.891
3.42
0.798
0.582
0.876
0.946
1.707
1.175
0.245
0.082
0.081
0.089
0.081
0.079
0.073
0.074
0.075
0.396
0.858
1.076
1.211
0.519
0.341
0.527
2.124
2.459
0.735
0.635
0.872
0.996
1.731
1.322
0.363
0.082
0.079
0.082
0.077
0.077
0.074
0.072
0.073
0.428
0.37
1.472
1.824
0.579
0.341
0.325
1.547
2.026
0.86
0.636
0.809
1.023
1.946
1.164
0.281
0.108
0.108
0.1
0.094
0.091
0.091
0.104
0.116
0.274
0.765
3.039
2.463
2.864
1.308
0.998
0.558
0.839
1.902
1.107
1.403
1.63
1.519
1.001
0.352
0.102
0.104
0.096
0.084
0.083
0.083
0.098
0.114
0.281
0.756
2.964
2.463
3.397
1.848
1.047
0.461
0.839
2.423
1.31
1.403
1.63
1.595
0.961
0.289
0.076
0.075
0.077
0.076
0.082
0.074
0.072
0.075
0.406
0.368
1.249
1.823
0.574
0.349
0.366
1.547
2.765
0.86
0.689
0.845
1.142
2.825
1.682
0.613
0.079
0.074
0.075
0.074
0.079
0.074
0.07
0.073
0.416
0.372
1.741
1.401
0.586
0.351
0.366
1.606
2.5
0.992
0.66
0.801
1.142
3.611
2.177
1.036
0.082
0.078
0.079
0.073
0.073
0.074
0.074
0.076
0.404
0.53
1.912
1.532
0.709
0.346
0.36
1.508
2.403
0.916
0.809
0.935
1.454
2.81
1.744
1.006
0.081
0.078
0.076
0.073
0.078
0.074
0.074
0.073
0.418
0.53
1.939
1.6
0.958
0.492
0.36
1.109
2.193
1.661
0.921
0.804
1.279
2.827
2.478
1.187
0.089
0.086
0.076
0.076
0.078
0.081
0.07
0.071
0.443
0.652
2.43
1.6
1.039
0.489
0.283
0.923
2.193
2.265
0.773
0.969
1.334
3.215
2.612
1.077
0.106
0.103
0.09
0.089
0.081
0.077
0.09
0.094
0.242
1.092
2.356
2.691
3.575
2.057
1.19
0.739
0.853
2.097
1.31
1.576
1.684
1.61
1.043
0.305
0.105
0.102
0.084
0.083
0.077
0.075
0.092
0.092
0.246
1.087
2.356
2.467
3.139
1.484
0.796
1.181
0.702
1.348
1.029
1.088
0.956
0.911
0.966
0.305
0.089
0.083
0.08
0.079
0.08
0.077
0.071
0.073
0.416
0.652
2.549
1.484
0.792
0.625
0.463
0.884
1.873
2.069
0.863
0.96
1.373
3.117
2.636
1.187
0.105
0.092
0.088
0.08
0.08
0.082
0.076
0.074
0.422
0.653
2.515
1.484
0.792
1.292
0.81
0.935
1.747
1.881
0.815
0.934
1.297
2.219
2.145
0.839
0.107
0.095
0.092
0.084
0.08
0.121
0.084
0.08
0.411
0.827
2.343
1.252
0.698
1.288
0.902
0.563
1.238
1.22
0.864
0.934
1.285
1.335
1.33
0.689
0.107
0.09
0.091
0.091
0.097
0.13
0.085
0.083
0.411
0.437
2.177
1.19
0.543
1.376
0.902
0.468
1.238
1.261
0.706
0.67
1.063
1.201
1.369
0.839
0.113
0.096
0.097
0.098
0.104
0.139
0.094
0.091
0.397
0.437
2.541
1.11
0.543
1.277
0.771
0.368
1.004
1.089
0.577
0.882
1.063
0.905
1.101
0.667
0.102
0.1
0.081
0.079
0.077
0.075
0.09
0.09
0.228
1.051
2.356
1.852
2.556
1.518
0.771
1.172
0.702
1.547
1.249
0.853
0.864
0.889
1.033
0.359
0.12
0.099
0.084
0.085
0.081
0.081
0.093
0.089
0.228
1.063
2.095
2.003
2.542
1.085
1.035
1.172
0.487
1.296
1.087
0.686
0.827
0.889
0.955
0.318
0.117
0.099
0.105
0.102
0.108
0.139
0.098
0.096
0.397
0.269
2.599
2.068
0.623
1.28
0.756
0.318
1.001
0.763
0.577
0.651
0.871
0.688
1.085
0.635
0.107
0.105
0.102
0.103
0.115
0.139
0.098
0.096
0.408
0.518
2.131
1.755
0.466
0.624
0.824
0.327
1.74
1.166
0.577
0.635
0.784
0.65
1.143
0.756
0.107
0.103
0.1
0.11
0.115
0.1
0.094
0.098
0.403
1.048
2.491
0.817
0.417
0.624
1.119
0.746
1.757
1.476
0.606
0.753
0.922
0.836
0.911
0.648
0.127
0.109
0.1
0.104
0.104
0.093
0.092
0.095
0.412
1.441
2.152
0.822
0.513
0.913
1.149
0.969
2.829
2.197
0.624
0.895
0.929
0.837
1.106
0.919
0.133
0.111
0.103
0.097
0.1
0.088
0.089
0.089
0.425
1.787
2.308
0.559
0.761
1.319
1.424
0.971
2.017
2.92
0.745
0.966
0.928
1.102
1.447
0.648
0.124
0.097
0.089
0.089
0.086
0.092
0.09
0.091
0.228
1.063
2.09
1.773
2.634
0.98
1.054
0.837
0.407
1.293
1.087
0.874
0.689
0.97
1.033
0.366
0.148
0.1
0.09
0.092
0.09
0.098
0.098
0.091
0.221
1.829
2.23
2.053
3.545
0.98
1.603
1.578
0.407
1.201
1.465
1.301
0.83
1.154
0.955
0.379
0.138
0.107
0.094
0.087
0.09
0.088
0.086
0.082
0.422
1.744
2.501
0.619
0.835
1.149
1.573
1.902
2.215
3.23
1.008
0.966
0.928
1.094
1.572
0.831
0.138
0.107
0.094
0.084
0.093
0.089
0.085
0.079
0.332
1.965
2.408
0.619
0.835
1.488
1.633
2.468
2.525
3.891
1.008
1.083
0.931
1.11
1.518
0.969
0.22
0.108
0.096
0.091
0.093
0.097
0.087
0.084
0.255
1.641
2.939
1.245
1.587
1.904
1.263
1.823
2.023
3.402
1.132
1.083
1.112
1.201
1.156
0.667
0.138
0.108
0.097
0.088
0.095
0.1
0.092
0.084
0.174
1.641
2.454
1.36
2.055
1.457
1.019
1.374
1.715
3.356
1.062
0.993
1.087
1.275
1.156
0.667
0.131
0.106
0.107
0.099
0.095
0.119
0.088
0.092
0.103
1.076
3.172
1.543
2.055
1.683
1.203
1.257
1.317
3.703
1.297
1.164
1.299
1.352
1.032
0.399
