0.0
0.0
0.0
0.0
0.0
0.0
0.0
0.0
0.0
0.0
0.0
0.0
0.0
0.0
0.0
0.0
0.0
0.0
0.0
0.0
0.0
0.0
0.0
0.0
0.0
0.0
0.0
0.0
0.0
0.0
0.0
0.0
0.0
0.0
0.0
0.0
0.0
0.0
0.0
0.0
0.0
0.0
0.0
0.0
0.0
0.0
0.0
0.0
0.0
0.0
0.0
0.0
0.0
0.0
0.0
0.0
0.0
0.0
0.0
0.0
0.0
0.0
0.0
0.0
0.0
0.0
0.0
0.0
0.0
0.0
0.0
0.0
0.0
0.0
0.0
0.0
0.0
0.0
0.0
0.0
0.0
0.0
0.0
0.0
0.0
0.0
0.0
0.0
0.0
0.0
0.0
0.0
0.0
0.0
0.0
0.0
0.0
0.0
0.0
0.0
0.0
0.0
0.0
0.0
0.0
0.0
0.0
0.0
0.0
0.0
0.0
0.0
0.0
0.0
0.0
0.0
0.0
0.0
0.0
0.0
0.0
0.0
0.0
0.0
0.0
0.0
0.0
0.0
0.0
0.0
0.0
0.0
0.0
0.0
0.0
0.0
0.0
0.0
0.0
0.0
0.0
0.0
0.0
0.0
0.0
0.0
0.0
0.0
0.0
0.0
0.0
0.0
0.0
0.0
0.0
0.0
0.0
0.0
0.0
0.0
0.0
0.0
0.0
0.0
0.0
0.0
0.0
0.0
0.0
0.0
0.0
0.0
0.0
0.0
0.0
0.0
0.0
0.0
0.0
0.0
0.0
0.0
0.0
0.0
0.0
0.0
0.0
0.0
0.0
0.0
0.0
0.0
0.0
0.0
0.0
0.0
0.0
0.0
0.0
0.0
0.0
0.0
0.0
0.0
0.0
0.0
0.0
0.0
0.0
0.0
0.0
0.0
0.0
0.0
0.0
0.0
0.0
0.0
0.0
0.0
0.0
0.0
0.0
0.0
0.0
0.0
0.0
0.0
0.0
0.0
0.0
0.0
0.0
0.0
0.0
0.0
0.0
0.0
0.0
0.0
0.0
0.0
0.0
0.0
0.0
0.0
0.0
0.0
0.0
0.0
0.0
0.0
0.0
0.0
0.0
0.0
0.0
0.0
0.0
0.0
0.0
0.0
0.0
0.0
0.0
0.0
0.0
0.0
0.0
0.0
0.0
0.0
0.0
0.0
0.0
0.0
0.0
0.0
0.0
0.0
0.0
0.0
0.0
0.0
0.0
0.0
0.0
0.0
0.0
0.0
0.0
0.0
0.0
0.0
0.0
0.0
0.0
0.0
0.0
0.0
0.0
0.0
0.0
0.0
0.0
0.0
0.0
0.0
0.0
0.0
0.0
0.0
0.0
0.0
0.0
0.0
0.0
0.0
0.0
0.0
0.0
0.0
0.0
0.0
0.0
0.0
0.0
0.0
0.0
0.0
0.0
0.0
0.0
0.0
0.0
0.0
0.0
0.0
0.0
0.0
0.0
0.0
0.0
0.0
0.0
0.0
0.0
0.0
0.0
0.0
0.0
0.0
0.0
0.0
0.0
0.0
0.0
0.0
0.0
0.0
0.0
0.0
0.0
0.0
0.0
0.0
0.0
0.0
0.0
0.0
0.0
0.0
0.0
0.0
0.0
0.0
0.0
0.0
0.0
0.0
0.0
0.0
0.0
0.0
0.0
0.0
0.0
0.0
0.0
0.0
0.0
0.0
0.0
0.0
0.0
0.0
0.0
0.0
0.0
0.0
0.0
0.0
0.0
0.0
0.0
0.0
0.0
0.0
0.0
0.0
0.0
0.0
0.0
0.0
0.0
0.0
0.0
0.0
0.0
0.0
0.0
0.0
0.0
0.0
0.0
0.0
0.0
0.0
0.0
0.0
0.0
0.0
0.0
0.0
0.0
0.0
0.0
0.0
0.0
0.0
0.0
0.0
0.0
0.0
0.0
0.0
0.0
0.0
0.0
0.0
0.0
0.0
0.0
0.0
0.0
0.0
0.0
0.0
0.0
0.0
0.0
0.0
0.0
0.0
0.0
0.0
0.0
0.0
0.0
0.0
0.0
0.0
0.0
0.0
0.0
0.0
0.0
0.0
0.0
0.0
0.0
0.0
0.0
0.0
0.0
0.0
0.0
0.0
0.0
0.0
0.0
0.0
0.0
0.0
0.0
0.0
0.0
0.0
0.0
0.0
0.0
0.0
0.0
0.0
0.0
0.333
0.313
0.334
0.36
0.381
0.365
0.81
2.029
2.173
2.645
2.061
2.673
1.983
2.169
1.689
2.223
3.671
1.424
1.064
1.157
1.999
1.982
0.806
0.336
0.331
0.318
0.337
0.359
0.376
0.371
0.735
1.786
2.256
2.608
1.554
2.79
2.161
2.114
1.682
2.214
3.746
1.44
1.002
1.2
1.999
1.789
0.804
0.333
0.325
0.321
0.338
0.359
0.386
0.367
0.699
0.922
1.954
2.324
1.591
3.443
2.055
1.993
1.709
1.81
2.758
1.172
0.828
0.855
1.438
1.627
0.633
0.335
0.328
0.326
0.338
0.359
0.386
0.372
0.694
1.832
1.864
1.847
1.411
2.79
2.055
1.737
1.555
1.633
3.016
1.575
1.25
1.172
1.408
1.417
0.577
0.403
0.351
0.345
0.34
0.358
0.39
0.411
1.237
2.887
1.405
0.714
1.015
1.31
1.146
0.767
0.724
0.573
0.515
0.805
0.685
0.727
0.985
0.868
0.394
0.398
0.36
0.34
0.335
0.357
0.353
0.396
0.945
2.822
1.625
1.09
1.269
1.515
1.395
1.007
0.936
0.79
0.795
0.931
0.684
0.737
1.087
0.819
0.371
0.319
0.317
0.328
0.327
0.363
0.425
0.376
0.788
2.155
1.973
1.736
1.39
3.437
2.02
1.73
1.561
1.585
2.138
1.662
1.448
1.432
1.277
1.181
0.349
0.314
0.313
0.328
0.326
0.332
0.375
0.36
0.709
1.241
1.605
1.558
1.282
3.409
1.872
1.664
1.471
1.353
2.138
1.44
1.053
1.156
1.031
0.973
0.349
0.311
0.31
0.324
0.32
0.33
0.334
0.36
0.768
1.365
1.679
1.429
1.243
2.885
1.613
1.569
1.471
1.391
2.276
1.366
1.141
1.019
0.976
0.903
0.35
0.316
0.314
0.324
0.319
0.327
0.337
0.403
0.807
1.257
1.535
1.478
1.1
2.209
1.492
1.648
1.413
1.357
2.14
1.389
1.121
0.987
1.071
0.96
0.364
0.32
0.321
0.332
0.321
0.327
0.335
0.405
0.838
1.329
1.615
1.478
1.1
1.892
1.492
1.563
1.358
1.384
2.236
1.435
0.889
0.729
0.97
1.018
0.442
0.398
0.359
0.34
0.336
0.359
0.4
0.404
1.014
2.822
1.655
1.101
1.396
2.068
1.474
1.024
0.936
0.855
0.949
0.901
0.638
0.661
1.002
0.83
0.373
0.405
0.366
0.393
0.355
0.372
0.41
0.404
0.901
2.821
1.895
1.507
1.553
2.298
1.781
1.305
1.161
1.135
1.041
0.901
0.674
0.661
0.992
1.229
0.386
0.32
0.32
0.332
0.327
0.33
0.335
0.405
0.838
1.08
1.941
1.567
1.298
1.932
1.564
1.534
1.376
1.384
2.059
1.341
0.655
0.513
0.905
0.908
0.426
0.332
0.328
0.329
0.327
0.324
0.326
0.416
0.817
1.08
1.941
1.352
1.143
1.732
1.431
1.348
1.2
1.231
1.732
1.174
0.549
0.421
0.905
0.987
0.419
0.341
0.334
0.318
0.327
0.332
0.33
0.415
0.721
2.248
1.94
1.511
1.107
1.444
1.298
1.023
1.031
1.036
1.506
1.149
0.589
0.499
1.117
0.987
0.349
0.363
0.355
0.323
0.333
0.329
0.325
0.383
0.634
3.341
1.932
1.35
1.077
1.503
1.458
1.153
1.112
0.974
1.448
1.206
0.589
0.586
1.146
1.071
0.362
0.356
0.353
0.335
0.333
0.328
0.318
0.366
0.552
3.359
2.635
1.893
1.261
1.562
1.488
1.153
1.291
1.206
1.484
1.206
0.76
0.721
1.297
1.147
0.349
0.412
0.371
0.392
0.362
0.375
0.41
0.398
0.653
2.821
1.895
1.674
1.735
2.298
1.576
1.06
0.873
0.855
0.799
0.66
0.565
0.584
1.006
1.089
0.411
0.325
0.339
0.34
0.332
0.339
0.36
0.371
0.562
2.48
2.396
1.674
1.586
1.872
1.439
1.14
1.047
1.207
1.041
0.66
0.695
0.584
0.869
0.752
0.374
0.339
0.375
0.335
0.325
0.318
0.311
0.364
0.552
4.49
2.622
1.596
1.286
1.326
1.118
0.991
1.028
0.95
1.145
1.016
0.798
0.863
1.383
0.974
0.333
0.339
0.375
0.342
0.327
0.315
0.309
0.363
0.678
5.772
3.31
1.587
1.117
1.498
1.29
1.034
1.02
0.956
1.145
1.023
0.829
0.825
1.333
1.0
0.349
0.333
0.404
0.347
0.332
0.312
0.306
0.347
1.141
5.772
2.997
1.757
1.385
1.525
1.542
1.3
1.234
1.114
1.235
1.06
0.959
0.966
1.243
1.013
0.424
0.33
0.401
0.347
0.325
0.309
0.303
0.344
1.137
5.86
4.454
1.852
1.576
2.089
1.9
1.611
1.545
1.422
1.548
1.202
0.944
0.945
1.035
1.035
0.485
0.33
0.358
0.338
0.315
0.306
0.305
0.344
1.934
5.276
4.36
2.141
1.672
2.068
1.629
1.474
1.479
1.495
1.593
1.323
0.988
0.851
1.089
1.025
0.506
0.318
0.322
0.312
0.314
0.339
0.344
0.357
0.54
1.53
1.978
1.723
1.586
2.539
1.439
1.14
1.047
1.281
1.2
0.855
0.695
0.626
1.006
0.571
0.345
0.318
0.315
0.308
0.314
0.333
0.333
0.349
0.502
0.83
1.972
1.629
1.556
2.749
1.478
1.186
1.138
1.386
1.122
1.039
0.868
0.791
1.165
1.104
0.382
0.353
0.366
0.33
0.314
0.306
0.302
0.344
2.051
5.276
4.071
1.621
1.722
2.124
1.578
1.403
1.462
1.488
1.634
1.159
0.935
0.851
1.089
1.076
0.601
0.372
0.345
0.33
0.324
0.31
0.31
0.343
1.358
4.021
4.366
1.621
1.603
2.305
1.85
1.403
1.462
1.488
1.634
1.249
0.91
0.795
1.046
1.133
0.601
0.409
0.374
0.323
0.313
0.305
0.311
0.349
1.339
2.725
2.778
1.447
1.46
2.067
1.578
1.255
1.301
1.334
1.427
1.134
0.865
0.805
1.243
0.99
0.503
0.399
0.349
0.318
0.307
0.305
0.311
0.349
0.788
2.725
3.224
1.223
1.229
1.926
1.24
1.178
1.121
1.382
1.437
1.312
0.908
0.791
1.152
0.864
0.511
0.393
0.346
0.319
0.33
0.316
0.31
0.347
0.886
1.706
2.002
1.223
1.149
1.492
1.233
1.178
1.121
1.547
1.618
1.285
1.046
0.815
1.152
0.987
0.489
0.325
0.322
0.36
0.333
0.377
0.333
0.349
0.502
1.003
1.972
1.669
1.762
2.411
1.45
1.186
1.114
1.641
1.106
1.186
0.908
0.964
1.398
1.187
0.4
0.324
0.316
0.313
0.319
0.366
0.362
0.369
0.508
0.881
1.835
1.513
1.775
2.572
1.368
1.158
1.097
1.503
1.228
1.425
1.07
1.143
1.36
0.853
0.485
0.351
0.347
0.322
0.33
0.315
0.301
0.341
0.886
2.034
2.472
1.237
1.149
1.89
1.557
1.276
1.269
1.681
1.846
1.285
0.825
0.885
1.113
0.983
0.678
0.327
0.332
0.318
0.328
0.317
0.303
0.341
0.895
2.064
2.635
1.243
1.142
2.378
1.639
1.309
1.238
1.664
1.858
1.289
0.865
0.885
1.086
0.983
0.468
0.327
0.344
0.318
0.321
0.326
0.303
0.345
0.936
2.059
2.227
1.101
1.167
2.273
1.149
1.253
1.257
1.752
2.015
1.172
0.955
1.023
1.133
1.064
0.484
0.318
0.323
0.328
0.338
0.349
0.322
0.348
0.826
2.106
2.515
1.387
1.33
2.926
1.454
1.456
1.493
1.838
2.075
1.379
1.046
1.077
1.133
1.064
0.484
0.331
0.33
0.361
0.363
0.363
0.335
0.362
1.385
2.106
1.911
1.63
1.556
2.56
1.922
1.427
1.572
1.679
1.881
1.339
0.917
1.063
1.333
1.15
0.512
0.315
0.31
0.313
0.312
0.355
0.361
0.368
0.518
0.782
1.173
1.479
1.818
1.738
1.431
1.258
1.209
1.503
1.228
1.425
1.07
1.143
1.24
0.91
0.594
0.327
0.32
0.327
0.326
0.367
0.371
0.373
0.528
0.956
1.173
1.479
1.871
2.21
1.448
1.311
1.245
1.348
1.222
1.139
0.97
1.102
1.24
0.79
0.622
0.341
0.337
0.372
0.355
0.357
0.35
0.379
1.879
1.955
1.761
1.303
1.425
2.56
1.608
1.222
1.337
1.509
1.603
1.301
0.821
1.157
1.374
1.179
0.749
0.357
0.351
0.383
0.37
0.37
0.368
0.399
1.334
0.962
1.113
0.98
1.064
1.77
1.057
0.979
0.987
1.206
1.316
1.258
0.881
1.157
1.374
1.085
0.489
0.362
0.357
0.389
0.371
0.372
0.371
0.407
1.22
0.773
0.762
0.681
0.769
0.922
0.736
0.708
0.717
0.921
0.986
1.103
0.842
1.002
1.124
0.906
0.496
0.36
0.355
0.368
0.37
0.366
0.367
0.411
1.079
0.656
0.702
0.643
0.634
0.613
0.704
0.617
0.582
0.685
0.91
1.144
0.859
1.006
1.153
0.938
0.496
0.362
0.36
0.367
0.367
0.365
0.364
0.411
1.162
0.66
0.702
0.643
0.709
0.613
0.7
0.617
0.582
0.685
0.91
1.144
0.907
1.022
1.047
1.115
0.512
0.346
0.526
0.371
0.346
0.332
0.366
0.383
0.542
1.309
2.538
1.787
1.643
1.557
1.047
1.037
0.953
1.209
1.114
0.877
0.835
0.959
0.954
0.795
0.627
0.362
0.547
0.39
0.358
0.35
0.383
0.399
0.547
1.215
2.258
1.545
1.479
1.142
0.821
1.037
0.82
0.925
1.061
0.648
0.716
0.85
0.872
0.795
0.5
0.364
0.365
0.367
0.367
0.366
0.364
0.409
0.721
0.66
0.79
0.569
0.723
0.614
0.666
0.65
0.586
0.375
0.615
0.969
0.886
0.896
0.827
0.921
0.416
0.369
0.367
0.371
0.368
0.369
0.365
0.402
0.669
0.743
1.238
0.752
1.089
0.899
0.993
0.869
0.82
0.626
0.886
1.173
1.005
0.966
0.885
0.926
0.416
0.374
0.372
0.379
0.373
0.374
0.365
0.402
0.788
0.82
1.346
0.817
1.094
1.002
1.139
0.865
0.88
0.771
1.035
0.958
0.957
1.088
1.104
1.16
0.437
0.371
0.371
0.375
0.381
0.378
0.363
0.398
0.788
0.92
1.425
0.913
1.249
1.095
1.221
0.951
0.971
0.947
1.123
1.147
0.934
1.246
1.33
1.366
0.428
0.37
0.377
0.38
0.382
0.378
0.36
0.394
0.776
0.986
1.536
1.148
1.651
1.41
1.438
1.267
1.189
1.369
1.244
1.506
1.012
1.27
1.35
1.333
0.523
0.361
0.358
0.356
0.344
0.35
0.383
0.389
0.48
1.187
2.463
1.504
1.502
1.562
1.082
1.268
1.063
0.925
1.15
0.675
0.748
0.798
0.861
0.774
0.504
0.355
0.358
0.397
0.358
0.361
0.352
0.389
0.547
1.332
2.474
1.995
1.595
0.989
0.783
1.01
0.82
0.684
0.909
0.577
0.748
0.798
0.914
0.852
0.552
0.388
0.388
0.383
0.382
0.378
0.361
0.391
0.831
0.998
1.359
1.148
1.764
2.09
1.584
1.36
1.288
1.252
1.374
1.635
1.025
1.515
1.823
1.361
0.5
0.366
0.371
0.368
0.375
0.369
0.354
0.381
0.68
0.966
1.153
1.601
1.744
2.027
1.568
1.169
1.1
1.259
1.388
1.731
1.268
1.61
1.823
1.361
0.481
0.356
0.363
0.357
0.358
0.353
0.348
0.394
0.668
0.973
1.088
1.505
1.507
1.995
1.215
0.938
0.905
1.135
1.159
1.298
1.112
1.408
1.836
1.349
0.377
0.337
0.343
0.34
0.334
0.331
0.337
0.365
0.61
0.973
1.201
1.505
1.507
1.985
1.229
0.981
0.952
1.069
1.233
1.327
1.172
1.396
1.731
1.076
0.335
0.329
0.332
0.329
0.316
0.319
0.325
0.35
0.621
1.033
1.201
1.501
1.444
2.609
1.229
0.974
0.961
1.009
1.409
1.195
1.414
1.501
1.861
1.194
0.326
0.355
0.356
0.397
0.358
0.361
0.352
0.389
0.478
1.385
2.625
2.609
1.692
1.643
1.076
1.199
1.0
0.845
1.046
0.643
0.946
0.976
1.018
1.051
0.444
0.341
0.342
0.377
0.343
0.348
0.346
0.382
0.463
0.98
1.182
2.078
1.254
0.984
0.665
0.927
0.759
0.705
0.792
0.656
1.055
1.089
1.138
1.139
0.426
0.319
0.337
0.318
0.299
0.307
0.319
0.335
0.778
1.07
1.276
1.319
1.053
1.819
1.091
0.713
0.78
0.751
1.131
0.726
1.303
1.39
1.47
1.138
0.317
0.308
0.309
0.31
0.294
0.302
0.308
0.314
0.692
0.952
1.095
0.896
0.861
1.14
1.012
0.638
0.702
0.682
1.127
0.685
1.311
1.329
1.266
0.975
0.317
0.307
0.308
0.313
0.298
0.305
0.309
0.344
0.786
0.998
1.125
0.854
0.775
1.028
1.012
0.598
0.78
0.682
1.289
0.685
1.161
1.223
1.351
1.02
0.332
0.304
0.305
0.319
0.298
0.301
0.301
0.345
0.79
1.076
1.0
0.866
0.746
1.113
1.297
0.63
0.758
0.685
1.289
0.833
1.193
1.313
1.329
1.081
0.342
0.3
0.306
0.319
0.299
0.301
0.293
0.372
0.816
1.05
0.856
0.866
0.746
1.482
1.204
0.585
0.789
0.964
1.363
0.99
1.392
1.356
1.329
1.259
0.381
0.321
0.318
0.326
0.35
0.347
0.331
0.357
0.432
0.916
1.122
1.442
1.709
1.237
0.668
1.109
0.743
0.716
0.792
0.727
1.199
1.206
1.138
1.309
0.414
0.299
0.294
0.299
0.341
0.335
0.315
0.367
0.446
0.916
1.122
1.6
1.709
1.599
0.685
0.823
0.676
0.686
0.79
0.761
1.199
1.267
1.147
1.246
0.402
0.293
0.306
0.319
0.296
0.295
0.293
0.409
0.816
0.998
1.128
0.925
0.793
1.089
1.161
0.615
0.775
0.942
1.191
1.033
1.278
1.28
1.296
1.259
0.445
0.292
0.296
0.31
0.296
0.292
0.29
0.451
0.816
0.823
0.921
0.962
0.889
1.397
1.127
0.628
0.697
0.96
1.098
1.151
1.447
1.295
1.222
1.224
0.445
0.298
0.298
0.312
0.302
0.294
0.302
0.458
0.853
0.955
1.082
0.962
0.956
1.406
0.978
0.628
0.68
0.926
1.115
1.483
1.478
1.235
1.254
1.3
0.437
0.294
0.298
0.301
0.3
0.287
0.296
0.454
0.784
0.932
1.01
0.847
0.947
1.885
0.68
0.7
0.68
0.776
1.038
1.379
1.544
1.324
1.254
1.335
0.432
0.29
0.299
0.301
0.3
0.296
0.298
0.457
0.744
0.901
1.018
0.987
1.282
2.041
0.68
0.7
0.783
0.949
1.37
1.618
1.774
1.35
1.278
1.351
0.468
0.299
0.294
0.284
0.329
0.318
0.307
0.403
0.488
0.779
1.045
1.412
1.523
1.542
0.453
0.616
0.392
0.353
0.551
0.654
1.158
1.267
1.098
1.31
0.395
0.3
0.292
0.281
0.299
0.306
0.302
0.376
0.472
0.779
1.023
0.752
1.208
2.077
0.757
0.795
0.702
0.744
0.923
0.654
1.158
1.267
1.098
1.299
0.352
0.3
0.299
0.305
0.344
0.318
0.346
0.499
0.905
0.986
1.018
0.987
1.282
2.259
0.817
0.668
0.686
0.811
1.066
1.28
1.679
1.405
1.335
1.338
0.656
0.302
0.302
0.35
0.366
0.323
0.346
0.551
0.965
0.935
0.998
1.122
1.641
2.484
0.964
0.789
0.816
0.874
1.049
1.46
1.656
1.402
1.293
1.247
0.421
0.304
0.306
0.35
0.366
0.322
0.347
0.543
0.737
1.046
1.087
1.037
1.475
2.464
1.014
1.081
1.166
1.029
1.361
1.361
1.424
1.418
1.351
1.268
0.423
0.312
0.306
0.35
0.358
0.339
0.334
0.564
0.86
0.935
0.922
0.797
1.035
2.464
1.014
1.112
1.184
1.087
1.493
1.156
1.525
1.618
1.47
1.228
0.433
0.328
0.322
0.35
0.363
0.348
0.339
0.567
0.978
0.991
0.885
0.774
1.17
2.343
1.019
1.063
1.185
1.068
1.607
1.314
1.844
1.717
1.499
1.264
0.648
0.296
0.293
0.284
0.307
0.304
0.297
0.397
0.499
0.831
0.956
0.614
0.932
1.542
0.451
0.607
0.716
0.407
0.617
0.773
1.162
1.255
1.109
1.204
0.328
0.294
0.291
0.286
0.302
0.305
0.289
0.431
0.551
0.802
0.897
0.614
0.94
1.876
0.757
0.647
0.737
0.51
0.991
0.978
1.196
1.215
1.116
1.299
0.344
0.297
0.317
0.354
0.324
0.374
0.35
0.568
1.191
1.145
0.825
0.583
1.023
1.773
0.892
0.884
1.128
1.076
1.457
1.162
1.411
1.589
1.461
1.21
0.736
0.341
0.304
0.325
0.322
0.338
0.322
0.474
0.951
1.15
1.034
0.871
1.026
1.194
1.259
0.926
1.491
1.229
1.435
1.328
1.529
1.595
1.508
1.21
0.569
0.325
0.319
0.322
0.31
0.346
0.322
0.415
0.845
1.247
0.901
0.704
0.77
0.949
1.364
0.687
1.238
1.214
1.513
1.368
1.661
1.595
1.517
1.24
0.768
0.33
0.317
0.322
0.317
0.346
0.323
0.422
0.832
1.06
0.726
0.861
0.722
0.546
1.928
0.687
0.932
1.051
1.289
1.584
1.717
1.593
1.504
1.332
0.872
0.337
0.32
0.322
0.321
0.328
0.314
0.383
0.789
1.06
0.726
0.861
0.765
0.529
1.898
0.731
0.932
1.018
1.041
1.744
1.723
1.618
1.454
1.403
1.039
0.34
0.285
0.289
0.302
0.305
0.292
0.47
0.572
0.84
0.889
0.816
0.94
1.833
0.812
0.491
0.737
0.503
1.194
1.21
1.287
1.293
1.238
1.271
0.326
0.309
0.294
0.293
0.305
0.31
0.296
0.464
0.572
0.84
0.905
1.059
1.03
1.876
1.054
0.621
0.695
0.5
1.112
1.443
1.807
1.509
1.441
1.391
0.348
0.313
0.356
0.338
0.331
0.364
0.323
0.386
0.699
1.08
0.815
0.895
0.882
0.529
1.884
0.797
0.856
0.948
0.908
1.657
1.58
1.534
1.361
1.357
0.973
0.402
0.366
0.331
0.331
0.325
0.316
0.347
0.487
0.976
1.011
0.95
0.998
0.582
2.525
0.826
0.954
0.911
0.908
1.881
1.723
1.63
1.451
1.507
1.019
0.529
0.432
0.398
0.408
0.402
0.435
0.434
0.632
1.091
0.986
0.831
1.064
0.771
1.886
0.826
0.737
0.765
0.865
1.702
1.652
1.719
1.416
1.413
1.076
0.529
0.378
0.381
0.402
0.396
0.429
0.427
0.631
0.96
1.06
0.755
1.37
1.228
1.696
0.857
0.791
0.733
0.955
1.843
1.594
1.9
1.444
1.55
0.99
0.526
0.376
0.379
0.401
0.394
0.428
0.403
0.634
0.955
1.071
0.651
1.372
1.152
1.055
0.834
0.882
0.816
1.019
1.848
1.544
2.02
1.467
1.509
1.085
0.519
0.3
0.339
0.332
0.323
0.303
0.402
0.517
0.95
0.905
1.154
1.109
1.762
1.342
0.584
0.685
0.501
1.206
1.574
1.851
1.788
1.648
1.467
0.332
0.313
0.291
0.339
0.329
0.321
0.304
0.361
0.473
0.794
0.894
1.581
1.119
1.353
1.156
0.636
0.685
0.501
0.992
1.574
1.81
1.788
1.553
1.579
0.499
0.314
0.421
0.399
0.392
0.389
0.426
0.407
0.481
1.076
1.071
0.659
1.9
1.46
1.696
0.93
1.048
0.9
1.018
1.711
1.538
2.029
1.504
1.548
1.143
0.543
0.386
0.313
0.304
0.296
0.296
0.314
0.394
0.97
1.051
0.605
1.794
1.96
2.441
0.93
1.214
1.164
0.998
1.746
1.49
2.125
1.504
1.548
1.101
0.401
0.374
0.314
0.304
0.285
0.284
0.315
0.554
0.906
0.969
0.547
1.374
1.341
1.735
0.8
0.997
0.966
0.741
1.448
1.483
2.236
1.504
1.585
1.081
0.306
0.327
0.314
0.304
0.271
0.277
0.295
0.388
0.785
0.969
0.547
1.398
1.23
1.632
0.686
1.239
1.362
0.874
1.626
1.495
2.236
1.581
1.613
1.069
0.312
0.336
0.314
0.301
0.271
0.28
0.295
0.384
0.783
0.998
0.564
1.452
1.189
1.436
0.634
1.236
1.506
0.874
1.626
1.652
2.128
1.661
1.548
1.288
0.414
0.285
0.334
0.321
0.321
0.304
0.367
0.44
0.689
1.035
1.581
1.385
1.438
1.156
0.67
0.407
0.475
0.982
1.666
1.861
1.798
1.644
1.591
0.732
0.33
0.294
0.338
0.327
0.318
0.31
0.337
0.385
0.669
1.174
1.467
1.385
1.093
0.87
0.643
0.557
0.454
0.79
1.666
1.861
1.798
1.644
1.474
0.935
0.324
0.38
0.355
0.32
0.273
0.28
0.295
0.381
0.816
1.178
0.623
1.938
1.556
1.707
0.941
1.087
1.173
0.991
1.621
1.849
1.924
1.685
1.669
1.475
0.438
0.387
0.388
0.399
0.348
0.33
0.346
0.429
0.754
1.315
0.671
1.848
1.625
0.919
1.243
0.94
1.077
1.478
1.897
1.831
1.924
1.743
1.483
1.343
0.587
0.349
0.386
0.402
0.358
0.335
0.342
0.429
0.643
1.401
0.743
1.459
1.419
0.889
1.002
0.674
0.684
1.367
1.816
1.831
1.712
1.743
1.483
1.343
0.589
0.349
0.381
0.401
0.371
0.34
0.339
0.375
0.631
1.401
0.743
1.459
1.419
0.889
1.005
0.674
0.676
1.361
1.696
1.56
1.354
1.416
1.164
1.105
0.588
0.354
0.345
0.379
0.372
0.34
0.344
0.386
0.678
1.252
0.697
1.328
1.33
0.877
1.005
0.471
0.41
1.177
1.468
1.427
1.283
1.375
1.165
1.175
0.796
0.303
0.336
0.315
0.307
0.297
0.3
0.372
0.669
1.171
1.231
1.111
1.218
0.865
0.669
0.619
0.516
0.79
1.693
1.952
1.906
1.719
1.562
1.128
0.362
0.294
0.331
0.308
0.303
0.297
0.313
0.364
0.669
1.165
0.887
1.014
0.794
0.544
0.431
0.614
0.516
0.749
1.624
1.614
1.716
1.566
1.392
0.99
0.358
0.539
0.43
0.466
0.44
0.412
0.406
0.444
0.785
1.211
0.717
0.868
1.33
0.627
0.905
0.406
0.343
0.828
0.929
1.08
1.103
1.115
0.92
0.889
0.551
0.35
0.382
0.416
0.373
0.336
0.347
0.42
0.676
0.982
0.602
0.418
0.959
0.388
0.372
0.335
0.343
1.019
0.85
1.08
1.25
1.104
0.905
0.889
0.602
0.299
0.326
0.328
0.305
0.297
0.299
0.368
0.617
0.988
0.629
0.418
0.96
0.553
0.372
0.335
0.537
0.894
0.811
1.076
1.047
1.098
0.926
0.782
0.393
0.299
0.329
0.317
0.303
0.335
0.32
0.385
0.725
0.891
0.589
0.359
0.719
0.792
0.395
0.423
0.646
0.987
1.093
1.271
1.265
1.3
1.138
1.029
0.389
0.299
0.33
0.327
0.301
0.328
0.317
0.406
0.809
0.93
0.648
0.445
1.124
1.13
0.485
0.824
0.959
1.168
1.409
1.625
1.522
1.422
1.37
1.263
0.381
0.289
0.331
0.308
0.299
0.291
0.31
0.361
0.571
0.944
0.749
0.662
0.449
0.424
0.429
0.602
0.499
0.589
1.309
1.419
1.36
1.301
1.168
0.992
0.345
0.302
0.343
0.31
0.289
0.29
0.31
0.373
0.577
1.078
0.625
0.645
0.692
0.424
0.373
0.602
0.445
0.633
1.701
1.316
1.292
1.251
1.131
1.015
0.345
0.302
0.326
0.322
0.297
0.327
0.305
0.596
0.924
1.035
0.648
0.531
1.198
1.132
0.524
0.824
0.959
1.271
1.87
1.739
1.546
1.38
1.4
1.394
0.381
0.294
0.288
0.294
0.291
0.292
0.276
0.458
0.924
0.989
0.579
0.574
1.286
1.528
0.871
0.861
1.132
1.372
1.929
1.803
1.603
1.541
1.502
1.394
0.367
0.292
0.282
0.294
0.296
0.288
0.279
0.46
1.011
1.234
0.776
0.594
1.508
2.239
1.302
1.368
1.036
1.309
2.083
1.862
1.603
1.508
1.561
1.143
0.388
0.298
0.279
0.29
0.289
0.269
0.274
0.469
1.011
1.095
0.675
0.57
1.463
1.788
0.88
1.292
0.771
1.271
2.341
1.802
1.603
1.433
1.561
1.207
0.5
0.298
0.278
0.282
0.281
0.265
0.262
0.475
0.974
1.112
0.945
0.967
1.472
1.671
1.089
1.493
1.054
1.391
2.531
2.166
1.462
1.193
1.334
1.026
0.567
0.302
0.343
0.306
0.28
0.3
0.31
0.373
0.576
1.064
0.607
0.645
0.934
0.704
0.381
0.591
0.471
0.806
1.833
1.416
1.426
1.307
1.207
0.832
0.299
0.291
0.342
0.295
0.267
0.294
0.3
0.39
0.534
0.852
0.694
0.708
1.095
0.751
0.419
0.481
0.471
0.989
2.282
1.537
1.64
1.365
1.284
0.797
0.304
0.41
0.273
0.267
0.286
0.275
0.27
0.464
0.856
1.159
0.956
1.29
1.115
1.336
1.164
1.4
0.663
1.463
2.26
1.866
1.393
1.347
1.375
1.115
0.771
0.405
0.273
0.283
0.283
0.279
0.281
0.419
0.801
1.199
1.414
1.247
1.382
1.479
1.164
1.4
0.974
1.474
1.973
1.808
1.434
1.469
1.396
1.11
0.74
0.4
0.273
0.273
0.283
0.265
0.283
0.41
0.801
1.102
1.414
1.388
1.112
1.09
0.977
1.49
0.823
1.474
1.912
1.741
1.401
1.335
1.363
1.274
0.74
0.398
0.276
0.264
0.274
0.276
0.281
0.421
0.717
1.102
1.136
1.388
0.901
1.09
0.731
0.934
0.722
1.406
1.889
1.717
1.333
1.293
1.306
1.414
0.646
0.281
0.308
0.281
0.27
0.286
0.282
0.417
0.717
1.092
1.142
1.375
0.577
1.012
0.781
0.948
0.775
1.159
1.766
1.97
1.471
1.431
1.515
1.461
0.498
0.292
0.337
0.299
0.28
0.295
0.292
0.412
0.525
0.919
0.597
0.866
0.786
0.686
0.36
0.404
0.496
1.075
1.882
1.412
1.511
1.365
1.313
0.807
0.301
0.299
0.298
0.281
0.279
0.295
0.293
0.417
0.532
0.995
0.755
1.347
0.884
0.77
0.594
0.533
0.749
1.281
2.103
1.822
1.75
1.531
1.504
0.993
0.301
0.281
0.304
0.302
0.271
0.287
0.283
0.401
0.779
1.192
1.151
1.375
0.605
0.708
0.718
0.948
0.687
1.24
1.741
1.828
1.617
1.532
1.576
1.49
0.427
0.281
0.301
0.306
0.265
0.278
0.278
0.404
0.935
1.273
1.201
1.024
0.847
1.135
0.718
0.721
0.869
1.196
1.875
1.924
1.968
1.705
1.698
1.49
0.379
0.281
0.271
0.313
0.267
0.266
0.278
0.445
0.95
1.237
0.873
0.627
0.484
1.016
0.719
0.754
0.683
1.122
1.894
2.106
2.117
1.705
1.962
1.515
0.379
0.291
0.308
0.316
0.268
0.27
0.278
0.438
0.792
1.323
0.935
0.771
0.558
1.342
0.858
0.804
0.821
1.379
2.015
2.106
2.117
1.658
1.933
1.475
0.544
0.289
0.306
0.311
0.264
0.266
0.274
0.411
0.816
1.327
0.769
0.753
0.903
1.342
0.892
1.012
0.991
1.269
2.017
2.155
2.556
1.852
1.923
1.535
0.565
0.298
0.283
0.278
0.265
0.288
0.286
0.417
0.531
1.065
0.777
1.639
1.203
0.839
0.853
0.677
1.091
1.628
2.103
1.822
1.75
1.531
1.706
1.31
0.371
0.298
0.283
0.278
0.28
0.329
0.301
0.417
0.531
1.048
0.874
1.801
1.631
0.839
1.006
0.631
1.145
1.69
1.918
1.817
1.683
1.518
1.691
1.274
0.371
0.286
0.276
0.3
0.262
0.257
0.265
0.408
0.916
1.375
1.016
1.205
1.407
1.181
0.838
1.012
1.178
1.654
2.055
1.902
2.557
2.323
2.031
1.684
0.774
0.285
0.309
0.306
0.268
0.254
0.259
0.414
0.94
1.375
0.926
1.243
1.506
1.514
0.726
0.816
1.012
2.063
2.302
1.785
2.394
2.381
1.779
1.737
1.233
0.272
0.309
0.306
0.274
0.255
0.252
0.41
1.041
1.738
1.191
1.652
1.224
1.302
0.928
0.889
1.259
2.527
2.618
1.924
2.295
2.69
1.651
1.615
1.292
0.267
0.307
0.276
0.267
0.261
0.252
0.399
0.922
2.206
1.427
1.741
1.262
1.385
0.974
1.026
2.095
3.015
2.746
1.819
1.999
2.203
1.521
1.662
0.833
0.257
0.307
0.299
0.263
0.257
0.257
0.402
1.188
2.776
1.432
1.443
1.262
1.153
0.825
0.899
1.976
2.787
2.746
2.127
2.475
2.339
1.604
1.701
0.906
0.298
0.286
0.277
0.28
0.318
0.279
0.417
0.543
1.048
0.874
1.771
1.026
0.545
0.984
0.613
1.145
2.022
2.119
1.797
1.529
1.521
1.707
1.5
0.368
0.299
0.27
0.277
0.286
0.313
0.29
0.411
0.543
1.166
0.757
2.019
1.21
0.572
0.994
0.694
1.331
1.738
1.783
1.764
1.529
1.603
2.028
1.5
0.364
0.257
0.342
0.299
0.257
0.257
0.257
0.398
1.15
2.776
1.639
1.919
1.324
1.051
0.862
0.741
1.612
2.787
2.742
1.88
1.999
2.304
1.734
1.908
1.255
0.254
0.342
0.29
0.259
0.267
0.255
0.393
1.048
2.664
1.397
2.002
0.903
1.067
0.925
0.741
1.457
2.434
2.65
2.018
2.092
1.962
1.687
1.985
0.996
0.262
0.317
0.285
0.259
0.276
0.265
0.394
0.871
2.274
1.227
1.543
1.032
1.059
1.112
0.832
1.958
1.913
2.8
2.182
2.229
1.949
1.732
2.055
0.647
0.344
0.35
0.3
0.264
0.29
0.276
0.414
0.753
1.915
1.012
1.426
1.0
0.923
1.022
0.832
1.304
2.052
2.956
2.392
2.024
1.833
1.777
2.18
0.565
0.338
0.35
0.297
0.268
0.284
0.275
0.403
0.756
1.437
1.004
1.428
1.415
1.073
1.196
0.658
0.962
1.75
2.827
2.347
2.193
1.905
1.826
2.007
0.929
0.287
0.271
0.286
0.307
0.313
0.3
0.394
0.54
1.525
0.801
1.871
1.745
1.173
1.125
0.707
1.532
1.728
1.771
1.862
1.636
1.566
1.98
1.576
0.359
0.293
0.285
0.278
0.298
0.271
0.281
0.387
0.52
1.518
0.635
1.464
1.733
1.119
0.914
0.609
1.124
1.728
1.674
1.535
1.472
1.462
1.98
1.448
0.28
0.338
0.308
0.276
0.268
0.294
0.304
0.419
0.614
1.437
1.211
2.006
1.62
1.189
1.002
0.641
0.962
1.539
2.052
1.695
1.713
1.695
1.826
1.952
0.697
0.299
0.281
0.283
0.27
0.282
0.304
0.417
0.614
1.437
0.996
1.431
1.146
0.977
0.937
0.528
0.855
1.488
1.999
1.635
1.67
1.546
1.493
1.498
0.327
0.348
0.281
0.286
0.27
0.267
0.301
0.42
0.616
1.338
0.849
0.799
1.006
0.843
0.877
0.48
0.708
1.099
1.699
1.298
1.347
1.229
1.167
1.072
0.32
0.384
0.284
0.264
0.265
0.244
0.265
0.402
0.521
1.066
0.761
0.771
0.652
0.583
0.624
0.317
0.455
0.925
0.939
0.937
1.042
0.964
0.869
0.719
0.313
0.371
0.276
0.257
0.258
0.236
0.25
0.387
0.511
0.843
0.668
0.411
0.548
0.77
0.421
0.257
0.224
0.438
0.553
0.579
0.641
0.663
0.565
0.473
0.325
0.327
0.306
0.274
0.294
0.274
0.271
0.389
0.516
1.448
0.57
1.103
1.365
1.029
0.635
0.45
0.746
1.213
1.575
1.46
1.386
1.382
1.577
1.089
0.273
0.301
0.275
0.263
0.281
0.274
0.271
0.406
0.495
1.254
0.452
0.857
0.731
0.41
0.621
0.516
0.802
1.109
1.249
1.319
1.329
1.472
1.926
1.213
0.276
0.392
0.291
0.257
0.258
0.235
0.241
0.387
0.507
0.542
0.368
0.275
0.246
0.502
0.329
0.245
0.224
0.429
0.546
0.572
0.626
0.663
0.565
0.473
0.325
0.392
0.291
0.25
0.264
0.235
0.241
0.387
0.504
0.542
0.368
0.275
0.246
0.478
0.329
0.248
0.228
0.429
0.552
0.573
0.633
0.679
0.661
0.494
0.333
0.355
0.292
0.251
0.264
0.245
0.267
0.39
0.506
0.792
0.532
0.459
0.615
0.697
0.528
0.617
0.465
0.525
0.81
0.98
1.007
0.851
0.943
0.811
0.392
0.355
0.302
0.253
0.267
0.247
0.302
0.403
0.489
0.992
0.697
0.569
0.73
1.024
0.709
0.829
0.74
0.684
1.135
1.365
1.216
1.086
1.172
1.043
0.392
0.325
0.295
0.262
0.267
0.261
0.339
0.42
0.509
1.108
0.762
0.636
1.146
1.279
1.088
0.944
0.825
0.876
1.447
1.61
1.553
1.232
1.28
1.37
0.382
0.339
0.296
0.276
0.32
0.31
0.312
0.389
0.495
0.726
0.415
0.931
0.951
0.455
0.751
0.705
1.113
1.088
1.249
1.301
1.371
1.416
1.668
1.055
0.296
0.34
0.346
0.302
0.313
0.31
0.348
0.4
0.505
0.528
0.474
0.495
0.66
0.556
0.662
0.496
0.834
0.944
1.106
1.335
1.371
1.415
1.407
1.089
0.331
0.3
0.295
0.267
0.276
0.265
0.369
0.44
0.785
1.248
1.253
0.826
1.235
0.987
1.257
1.182
1.039
1.324
1.851
2.075
2.256
1.435
1.38
1.52
0.472
0.279
0.282
0.278
0.266
0.267
0.386
0.444
0.765
1.403
1.611
1.0
1.58
1.279
1.448
1.182
1.039
1.324
1.992
2.108
2.329
1.511
1.51
1.596
0.459
0.284
0.312
0.282
0.269
0.263
0.386
0.45
0.772
1.32
1.631
0.936
1.363
1.844
1.253
1.182
1.047
1.427
1.992
2.088
2.286
1.61
1.454
1.464
0.363
0.285
0.302
0.282
0.276
0.256
0.38
0.463
0.74
1.227
1.203
0.953
1.072
2.285
1.204
0.935
0.842
1.039
1.785
2.015
2.172
1.667
1.454
1.464
0.295
0.27
0.27
0.277
0.271
0.256
0.379
0.479
0.856
1.284
1.519
1.377
1.449
2.117
1.149
0.919
0.796
0.932
1.659
1.869
2.172
1.617
1.459
1.411
0.297
0.34
0.349
0.29
0.28
0.309
0.363
0.412
0.493
0.528
0.393
0.947
0.559
0.556
0.519
0.497
0.489
0.944
1.071
1.332
1.311
1.362
1.433
0.846
0.339
0.32
0.327
0.292
0.27
0.303
0.402
0.432
0.491
0.654
0.486
0.981
0.6
0.594
0.68
0.639
0.671
1.179
1.41
1.534
1.579
1.562
1.723
1.3
0.339
0.27
0.272
0.287
0.266
0.249
0.37
0.469
0.577
1.308
1.801
1.638
1.285
2.334
0.982
0.906
0.756
1.016
1.743
1.854
2.065
1.628
1.489
1.32
0.288
0.264
0.275
0.308
0.266
0.25
0.374
0.448
0.577
1.308
1.374
1.759
1.45
2.935
1.107
1.076
0.685
1.016
1.743
1.854
2.065
1.709
1.517
1.547
0.282
0.283
0.281
0.305
0.267
0.258
0.374
0.453
0.591
1.308
1.022
1.351
1.022
2.304
0.803
1.076
0.641
1.007
1.497
1.823
2.023
1.709
1.497
1.708
0.282
0.272
0.275
0.279
0.257
0.255
0.384
0.451
0.626
1.394
1.066
1.35
1.466
2.304
0.886
0.984
0.641
1.419
1.614
1.781
1.953
1.629
1.48
1.877
0.28
0.275
0.275
0.274
0.256
0.269
0.396
0.447
0.626
1.43
1.078
1.534
1.784
2.318
0.83
1.275
0.82
1.617
1.753
1.635
1.545
1.509
1.456
1.693
0.292
0.288
0.308
0.288
0.278
0.308
0.408
0.439
0.523
0.826
0.507
1.966
0.828
0.606
0.68
0.639
0.671
1.179
1.41
1.714
1.664
1.562
2.104
1.672
0.339
0.269
0.308
0.293
0.262
0.266
0.394
0.434
0.512
0.801
0.608
2.144
0.863
0.973
0.595
0.509
0.602
1.408
1.545
1.721
1.664
1.445
1.723
1.524
0.305
0.292
0.276
0.273
0.279
0.281
0.394
0.438
0.619
1.259
1.035
1.357
1.187
2.792
1.146
1.096
0.703
1.597
1.717
1.682
1.421
1.468
1.406
1.693
0.279
0.279
0.272
0.283
0.288
0.281
0.376
0.431
0.751
1.26
0.868
1.278
1.161
2.968
1.113
1.413
1.113
1.812
1.708
1.964
1.651
1.623
1.592
1.712
0.335
0.294
0.273
0.293
0.288
0.316
0.4
0.436
0.754
1.261
0.899
0.986
0.922
3.319
1.113
1.557
1.595
1.853
1.708
1.964
1.41
1.471
1.388
1.611
0.334
0.286
0.274
0.294
0.289
0.315
0.363
0.422
0.879
1.185
0.957
0.988
1.018
3.319
1.113
1.627
1.855
1.883
1.743
2.32
1.573
1.658
1.536
1.417
0.376
0.319
0.32
0.356
0.335
0.358
0.368
0.444
1.04
1.109
0.808
1.24
1.018
3.319
0.906
1.456
1.715
1.352
1.81
2.423
1.691
1.643
1.632
1.413
0.427
0.269
0.268
0.262
0.251
0.265
0.394
0.434
0.512
1.007
0.599
1.785
0.863
0.917
0.437
0.384
0.43
1.141
1.219
1.636
1.591
1.525
1.603
1.228
0.283
0.268
0.268
0.262
0.259
0.276
0.353
0.418
0.536
1.142
0.669
1.978
0.836
1.122
0.594
0.378
0.596
1.064
1.401
1.615
1.591
1.446
1.516
1.261
0.279
0.319
0.322
0.358
0.338
0.318
0.31
0.424
1.04
0.998
1.027
1.121
0.759
2.669
0.946
1.008
1.745
1.779
2.027
2.423
1.731
1.684
1.626
1.291
0.372
0.309
0.33
0.365
0.319
0.307
0.303
0.426
1.144
1.123
1.144
1.164
0.859
2.571
0.605
1.008
1.687
1.779
2.552
2.457
1.731
1.764
1.779
1.424
0.559
0.359
0.33
0.329
0.312
0.311
0.303
0.428
1.071
1.092
1.152
1.039
0.785
1.929
0.564
0.647
1.095
1.412
2.315
2.124
1.715
1.705
1.719
1.638
0.511
0.349
0.313
0.27
0.266
0.268
0.267
0.396
0.97
1.28
1.164
1.747
1.453
1.526
0.541
0.647
1.095
1.422
1.807
1.717
1.94
1.949
1.739
1.668
0.717
0.346
0.31
0.272
0.264
0.261
0.259
0.405
0.973
1.432
1.168
1.912
1.473
2.323
0.638
0.819
1.392
2.061
2.454
1.717
1.94
1.949
1.745
1.903
0.747
0.268
0.27
0.274
0.266
0.268
0.326
0.409
0.659
1.148
0.714
1.737
0.935
1.122
0.843
0.424
0.638
0.745
1.186
1.516
1.625
1.451
1.416
1.463
0.273
0.273
0.306
0.279
0.279
0.278
0.299
0.399
0.666
1.248
0.79
1.737
0.97
1.509
0.861
0.424
1.084
0.946
1.275
1.585
1.559
1.447
1.3
1.283
0.281
0.311
0.275
0.261
0.26
0.261
0.259
0.396
0.974
1.873
1.514
1.795
1.445
2.127
0.649
0.827
1.435
2.227
2.379
1.559
1.718
1.949
1.683
1.745
0.803
0.314
0.279
0.26
0.254
0.253
0.265
0.397
0.974
2.073
1.378
1.71
2.039
2.298
0.583
0.772
1.479
1.626
2.032
1.556
2.076
1.882
1.654
2.035
0.803
0.31
0.274
0.26
0.258
0.255
0.263
0.39
0.972
2.184
1.143
1.562
2.086
1.945
1.04
0.998
2.076
1.976
1.651
1.453
2.271
1.883
1.535
1.704
0.557
0.271
0.278
0.267
0.258
0.255
0.269
0.386
1.067
2.184
1.112
1.438
2.117
2.191
1.005
1.408
2.223
1.95
1.651
1.47
2.58
1.753
1.449
1.55
0.555
0.264
0.27
0.273
0.266
0.251
0.262
0.39
1.057
2.511
1.134
1.152
1.99
1.694
1.166
1.324
1.716
1.395
1.62
1.459
2.285
1.362
1.279
1.413
0.435
0.279
0.312
0.284
0.276
0.275
0.27
0.385
0.617
1.387
1.015
1.737
0.804
1.865
0.906
0.421
1.08
0.946
1.611
1.467
1.627
1.507
1.3
1.283
0.571
0.283
0.312
0.279
0.268
0.275
0.275
0.385
0.632
1.597
0.953
1.606
0.837
1.62
0.892
0.381
1.393
0.958
1.403
1.494
1.614
1.507
1.296
1.422
0.594
0.265
0.265
0.27
0.272
0.249
0.258
0.39
1.118
2.088
1.456
1.476
2.028
1.457
0.755
1.422
1.538
1.386
1.62
1.459
1.846
1.253
1.2
1.509
0.567
0.265
0.266
0.278
0.271
0.243
0.253
0.393
1.118
2.202
1.149
1.027
2.028
1.376
0.788
1.546
2.036
1.452
1.848
1.343
1.951
1.291
1.261
1.571
0.567
0.265
0.266
0.272
0.271
0.248
0.242
0.393
1.172
2.407
1.058
1.121
2.044
1.609
1.19
1.546
1.66
1.357
1.767
1.314
1.517
1.227
1.127
1.181
0.567
0.266
0.267
0.268
0.267
0.253
0.248
0.396
1.061
2.058
0.887
1.098
2.013
1.609
0.788
1.082
1.039
0.926
1.324
1.33
1.575
1.227
1.046
1.205
0.574
0.266
0.264
0.259
0.267
0.258
0.242
0.392
0.929
1.851
0.98
1.12
1.896
1.489
0.849
1.082
1.474
1.363
1.755
1.501
1.347
1.117
1.046
1.121
0.766
0.283
0.358
0.282
0.277
0.277
0.259
0.379
0.513
1.869
0.953
1.619
0.721
1.62
0.936
0.611
1.616
1.094
1.403
1.284
1.561
1.456
1.288
1.506
0.593
0.284
0.345
0.272
0.275
0.275
0.264
0.372
0.472
1.869
0.839
1.705
0.745
1.68
0.718
0.639
1.722
1.286
1.113
1.089
1.355
1.411
1.292
1.506
0.589
0.275
0.269
0.259
0.261
0.261
0.257
0.393
0.999
1.136
1.106
0.786
1.881
1.593
0.587
0.903
1.404
1.717
1.939
1.479
1.34
1.254
1.148
1.268
0.673
0.274
0.269
0.27
0.255
0.261
0.262
0.386
0.921
1.151
1.021
0.613
1.722
1.725
0.675
1.103
1.638
1.965
1.708
1.27
1.231
1.184
1.105
1.223
0.466
0.27
0.274
0.26
0.29
0.286
0.257
0.348
0.86
0.677
0.887
0.418
0.967
1.384
0.593
0.828
1.4
2.354
1.727
1.369
1.19
1.21
1.128
1.277
0.306
0.271
0.271
0.27
0.286
0.279
0.264
0.311
0.86
0.677
0.728
0.418
0.793
0.986
0.593
1.566
2.158
2.64
1.782
1.369
1.367
1.342
1.194
1.32
0.315
0.289
0.271
0.274
0.285
0.273
0.262
0.274
0.996
0.839
0.771
0.649
1.221
1.106
0.726
2.112
2.375
2.64
1.782
1.333
1.367
1.269
1.267
1.555
0.318
0.284
0.311
0.262
0.265
0.276
0.279
0.369
0.453
1.683
1.149
1.818
0.745
1.598
0.515
0.548
1.675
1.237
1.109
1.138
1.355
1.41
1.237
1.318
0.591
0.279
0.262
0.262
0.265
0.263
0.272
0.366
0.462
1.572
0.794
1.781
0.732
1.264
0.434
0.317
0.948
0.797
0.762
1.019
1.563
1.445
1.324
1.529
0.296
0.286
0.279
0.288
0.262
0.263
0.265
0.253
1.044
0.943
0.925
0.766
1.209
0.803
0.583
1.891
2.348
2.738
1.831
1.228
1.361
1.337
1.267
1.513
0.279
0.271
0.273
0.276
0.259
0.267
0.261
0.239
0.982
1.263
1.228
1.252
1.209
0.999
0.917
2.522
2.674
2.62
2.182
1.172
1.361
1.235
1.229
1.277
0.321
0.293
0.288
0.267
0.263
0.268
0.26
0.242
0.969
1.386
1.244
1.288
1.792
1.119
0.99
1.793
2.186
2.382
2.395
1.148
1.666
1.358
1.33
1.054
0.321
0.293
0.285
0.277
0.244
0.257
0.269
0.257
0.943
1.386
1.244
1.288
1.792
1.119
1.03
1.824
1.901
1.816
1.997
1.035
1.668
1.587
1.386
1.44
0.282
0.288
0.282
0.266
0.242
0.261
0.266
0.341
1.167
1.478
1.159
0.783
1.382
1.013
0.703
1.235
1.564
2.013
2.323
1.073
2.287
1.571
1.376
1.627
0.282
0.273
0.261
0.263
0.262
0.253
0.269
0.341
0.462
1.636
0.57
1.163
0.717
1.054
0.432
0.313
0.942
1.269
0.762
1.08
1.543
1.506
1.308
1.446
0.263
0.274
0.265
0.275
0.26
0.253
0.267
0.319
0.445
1.349
0.548
1.239
0.611
1.155
0.406
0.32
1.081
0.787
0.7
1.033
1.518
1.951
1.394
1.199
0.263
0.275
0.266
0.255
0.245
0.27
0.275
0.342
0.796
1.476
1.444
1.099
1.121
1.617
0.924
1.142
1.909
2.58
2.792
1.139
1.561
1.503
1.267
1.319
0.363
0.267
0.258
0.251
0.245
0.271
0.314
0.338
0.823
1.128
1.444
1.514
1.33
1.663
0.989
0.861
1.311
1.958
2.778
1.208
2.108
1.5
1.252
1.304
0.403
0.289
0.262
0.257
0.256
0.275
0.316
0.339
0.8
1.002
1.192
1.385
1.002
1.67
0.761
0.861
1.195
1.757
2.47
1.263
2.185
1.562
1.374
1.467
0.316
0.269
0.262
0.258
0.259
0.276
0.317
0.34
0.689
0.904
1.103
1.368
0.763
1.366
0.667
0.895
1.201
1.608
2.208
1.415
2.169
1.489
1.384
1.467
0.318
0.278
0.267
0.258
0.273
0.314
0.282
0.263
0.769
1.007
1.519
1.846
1.051
1.981
1.184
1.274
1.621
2.211
2.438
1.415
2.197
1.408
1.387
1.414
0.343
0.272
0.261
0.27
0.249
0.247
0.273
0.296
0.435
1.092
0.571
0.856
0.461
1.087
0.357
0.286
0.845
0.776
0.842
1.152
1.677
2.058
1.561
1.029
0.261
0.272
0.267
0.282
0.246
0.247
0.274
0.275
0.529
1.191
0.521
0.512
0.439
0.718
0.391
0.286
0.293
0.607
0.821
1.2
1.714
2.058
1.57
1.104
0.272
0.279
0.269
0.27
0.283
0.313
0.284
0.263
0.713
0.913
1.81
2.526
1.426
2.115
1.276
1.274
1.347
1.72
2.157
1.323
1.628
1.38
1.386
1.232
0.337
0.282
0.279
0.276
0.282
0.278
0.274
0.27
0.831
0.832
1.567
2.035
1.62
1.652
0.829
0.848
0.879
1.152
1.658
1.196
1.704
1.424
1.408
1.135
0.304
0.287
0.286
0.285
0.323
0.297
0.274
0.276
0.722
0.88
1.311
1.363
1.609
1.95
1.186
0.93
1.018
1.722
1.658
1.149
1.704
1.549
1.479
1.167
0.28
0.287
0.294
0.285
0.318
0.289
0.275
0.284
0.79
0.908
1.346
1.412
1.444
1.528
1.321
0.665
0.705
1.296
1.434
1.074
1.737
1.619
1.555
1.213
0.301
0.292
0.301
0.297
0.349
0.324
0.283
0.296
0.914
0.932
1.501
1.843
1.713
1.823
1.378
1.012
0.979
1.281
1.689
1.074
1.515
1.498
1.576
1.2
0.32
0.278
0.268
0.287
0.251
0.251
0.273
0.271
0.578
1.281
0.521
0.512
0.439
0.718
0.396
0.297
0.285
0.569
0.996
1.2
1.566
2.042
1.57
1.21
0.277
0.318
0.293
0.287
0.251
0.258
0.276
0.276
0.602
1.025
0.704
0.558
0.519
0.838
0.492
0.321
0.288
0.569
1.001
1.181
1.464
1.601
1.495
1.088
0.327
0.303
0.298
0.294
0.308
0.303
0.281
0.296
0.985
0.857
1.499
1.53
1.551
1.387
1.021
0.597
0.595
0.818
1.407
1.171
1.481
1.42
1.579
1.158
0.327
0.303
0.305
0.294
0.298
0.3
0.281
0.332
0.998
0.913
1.47
1.149
1.472
1.395
0.903
0.713
0.641
0.83
1.407
1.067
1.527
1.376
1.579
1.138
0.327
0.301
0.301
0.288
0.295
0.295
0.28
0.365
0.988
0.935
1.47
1.174
1.26
1.202
0.875
1.132
1.027
1.403
1.729
1.123
1.419
1.43
1.688
0.97
0.366
0.329
0.315
0.301
0.275
0.273
0.274
0.47
0.988
0.893
1.47
1.235
1.43
0.87
0.875
1.465
1.605
1.403
1.398
1.085
1.273
1.31
1.533
0.8
0.332
0.319
0.311
0.297
0.275
0.276
0.274
0.498
0.974
0.867
1.203
0.866
2.097
0.732
0.69
1.474
1.646
1.473
1.18
1.065
1.122
1.273
1.436
0.53
0.289
0.318
0.287
0.325
0.283
0.27
0.278
0.281
0.622
0.96
0.707
0.594
0.85
0.752
0.517
0.375
0.375
0.397
0.802
1.051
1.365
1.486
1.373
0.879
0.294
0.344
0.324
0.315
0.29
0.28
0.281
0.381
0.736
0.96
0.654
0.6
1.034
0.521
0.491
0.426
0.375
0.518
0.802
0.914
1.309
1.329
1.219
0.837
0.313
0.291
0.286
0.268
0.259
0.269
0.269
0.493
0.986
0.817
0.963
0.866
2.312
0.732
0.66
1.05
1.244
1.451
0.934
0.924
1.042
1.273
1.327
0.454
0.276
0.275
0.285
0.275
0.259
0.264
0.27
0.62
1.0
0.887
0.898
0.952
2.352
0.732
0.66
1.474
1.991
1.538
0.747
0.93
1.099
1.365
1.264
0.401
0.317
0.303
0.291
0.277
0.261
0.272
0.281
0.551
1.032
0.789
0.628
0.925
2.341
0.791
0.709
1.39
1.991
1.557
0.796
0.942
1.032
1.327
1.169
0.391
0.324
0.311
0.301
0.286
0.268
0.276
0.286
0.652
1.013
0.749
0.63
0.89
2.487
0.791
0.657
1.028
1.677
1.3
0.796
0.857
0.968
1.191
0.993
0.345
0.291
0.286
0.287
0.286
0.268
0.277
0.295
0.602
0.999
0.767
0.597
0.809
2.275
0.853
0.548
0.633
1.0
1.203
0.697
0.801
0.983
1.31
0.952
0.351
0.292
0.345
0.322
0.315
0.294
0.283
0.278
0.412
0.838
0.87
1.081
0.831
1.279
0.697
0.506
0.448
0.384
0.367
0.629
0.914
1.291
1.329
1.21
0.883
0.293
0.348
0.326
0.31
0.294
0.283
0.282
0.459
0.838
0.779
1.041
0.831
1.736
0.722
0.429
0.445
0.408
0.356
0.468
0.828
1.305
1.33
1.131
0.87
0.34
0.315
0.298
0.332
0.291
0.285
0.315
0.751
0.948
0.701
0.55
1.051
2.195
0.828
0.531
0.573
1.388
1.329
0.924
0.784
0.983
1.169
0.952
0.37
0.342
0.32
0.302
0.332
0.299
0.29
0.32
0.751
0.853
0.653
0.55
0.718
1.918
0.607
0.438
0.525
1.109
1.167
0.785
0.641
0.874
1.098
0.757
0.324
0.342
0.325
0.315
0.34
0.3
0.29
0.305
0.573
0.652
0.56
0.423
0.448
1.611
0.701
0.497
0.525
0.67
1.161
0.922
0.641
0.747
0.941
0.932
0.326
0.3
0.301
0.301
0.331
0.3
0.298
0.303
0.653
0.601
0.578
0.513
0.754
1.888
0.62
0.448
0.544
0.796
1.192
0.831
0.55
0.688
1.145
0.954
0.323
0.337
0.325
0.29
0.325
0.299
0.304
0.355
0.626
0.535
0.482
0.48
0.726
1.446
0.683
0.497
0.632
0.71
1.192
0.833
0.748
0.763
1.374
1.049
0.428
0.303
0.319
0.31
0.311
0.295
0.287
0.289
0.502
0.934
0.779
0.612
0.634
1.736
0.55
0.385
0.445
0.452
0.377
0.422
0.758
1.09
1.241
1.056
0.691
0.299
0.296
0.28
0.311
0.295
0.287
0.285
0.454
0.839
0.786
0.597
0.619
1.425
0.486
0.324
0.43
0.643
0.532
0.406
0.685
1.116
1.178
1.14
0.528
0.336
0.325
0.297
0.289
0.285
0.297
0.348
0.669
0.5
0.422
0.663
0.717
1.486
0.643
0.533
0.724
0.855
1.178
1.256
0.81
0.649
1.08
1.036
0.326
0.292
0.296
0.289
0.289
0.285
0.297
0.3
0.661
0.5
0.403
0.671
0.575
1.358
0.781
0.545
0.677
0.66
1.02
1.024
0.827
0.835
1.2
1.004
0.411
0.294
0.294
0.289
0.289
0.284
0.293
0.292
0.708
0.64
0.471
0.753
0.688
1.455
0.895
0.621
0.709
0.689
1.02
1.216
0.856
0.895
1.283
1.004
0.637
0.294
0.287
0.285
0.282
0.283
0.292
0.328
0.809
0.756
0.597
0.776
0.688
1.455
0.815
0.589
0.687
0.849
1.086
0.997
0.539
0.895
1.269
1.004
0.664
0.316
0.289
0.285
0.28
0.287
0.291
0.324
0.823
0.853
0.514
0.556
0.688
0.889
0.707
0.589
0.844
1.024
1.366
1.089
0.548
0.875
1.042
1.001
0.664
0.294
0.306
0.299
0.294
0.282
0.291
0.294
0.484
0.956
0.731
1.121
0.891
1.425
0.583
0.322
0.459
0.749
0.622
0.406
0.744
0.97
1.171
1.036
0.528
0.321
0.306
0.299
0.323
0.319
0.295
0.3
0.484
1.021
0.743
1.25
0.791
1.214
0.746
0.322
0.413
0.588
0.661
0.43
0.8
0.946
1.28
0.92
0.407
0.288
0.288
0.291
0.293
0.291
0.281
0.287
0.86
0.864
0.58
0.778
0.716
1.195
0.698
0.677
1.022
1.052
1.561
0.775
0.548
0.867
1.042
1.033
0.583
0.293
0.289
0.284
0.284
0.291
0.285
0.297
0.855
0.923
0.603
0.561
0.802
1.195
0.672
0.649
0.935
0.845
1.886
0.775
0.523
0.805
1.084
0.996
0.628
0.316
0.287
0.282
0.278
0.29
0.28
0.287
0.884
0.953
0.662
0.756
0.664
0.785
0.479
0.767
1.012
1.334
2.36
1.026
0.677
0.805
1.238
1.066
0.402
0.314
0.287
0.283
0.288
0.29
0.283
0.288
0.885
0.908
0.809
1.027
0.692
0.707
0.388
0.635
1.012
1.306
2.36
0.973
0.737
0.841
1.138
1.04
0.356
0.344
0.293
0.283
0.285
0.289
0.29
0.284
0.848
0.901
0.787
1.387
0.995
1.251
0.467
0.63
1.209
1.212
2.375
1.025
0.778
0.846
1.194
0.961
0.317
0.319
0.306
0.305
0.332
0.321
0.292
0.3
0.497
1.078
0.696
0.709
0.825
0.934
0.562
0.313
0.416
0.588
0.661
0.485
0.686
0.833
1.18
0.828
0.306
0.346
0.312
0.303
0.331
0.321
0.293
0.301
0.515
1.015
0.726
0.71
0.779
0.575
0.869
0.313
0.372
0.591
0.629
0.536
0.711
0.724
1.024
0.752
0.298
0.322
0.294
0.291
0.292
0.289
0.285
0.282
0.873
0.867
1.074
1.33
0.853
2.026
0.561
0.729
0.943
0.732
2.109
1.025
0.784
0.909
1.25
1.084
0.366
0.322
0.317
0.296
0.285
0.283
0.285
0.282
0.781
0.888
1.043
1.142
1.246
2.628
0.602
0.702
0.797
0.679
1.568
1.375
0.84
0.846
0.977
1.013
0.352
0.309
0.317
0.296
0.285
0.281
0.278
0.276
0.77
0.865
1.539
1.255
1.259
2.532
0.617
0.742
1.036
1.082
1.037
1.094
0.84
0.846
0.936
0.989
0.306
0.282
0.314
0.294
0.281
0.274
0.278
0.279
0.77
0.865
1.075
1.182
1.422
3.069
0.725
0.716
1.006
0.71
0.82
0.662
0.672
0.757
0.88
0.85
0.349
0.306
0.31
0.289
0.281
0.274
0.276
0.279
0.733
0.851
0.906
0.975
1.422
3.069
0.725
0.716
1.24
0.853
0.918
0.681
0.81
0.697
0.88
0.988
0.347
0.32
0.304
0.307
0.337
0.321
0.29
0.292
0.521
1.019
0.653
0.757
0.898
0.559
0.869
0.315
0.368
0.634
0.729
0.587
0.711
0.745
1.059
0.832
0.291
0.345
0.305
0.308
0.306
0.283
0.281
0.289
0.521
1.04
0.653
0.598
0.992
0.739
0.953
0.343
0.432
0.498
0.729
0.587
0.687
0.695
1.038
0.718
0.279
0.28
0.281
0.283
0.279
0.277
0.276
0.281
0.782
0.868
0.947
0.709
1.079
2.921
0.772
0.732
1.035
0.726
0.769
0.533
0.735
0.696
0.846
0.992
0.385
0.304
0.288
0.288
0.278
0.273
0.272
0.283
0.742
0.841
0.665
0.781
1.004
2.343
0.796
0.706
1.082
0.93
0.737
0.664
0.783
0.672
0.801
0.896
0.385
0.316
0.272
0.273
0.276
0.283
0.283
0.278
0.754
0.893
0.708
1.038
0.791
1.911
0.796
0.706
1.198
0.938
0.741
0.512
0.545
0.602
0.788
0.743
0.551
0.325
0.285
0.284
0.278
0.286
0.283
0.285
0.767
0.872
0.6
1.29
0.712
1.475
0.987
0.626
1.003
0.732
0.942
0.542
0.552
0.661
0.785
0.789
0.548
0.33
0.291
0.287
0.278
0.286
0.285
0.283
0.719
0.859
0.646
1.088
0.649
1.475
1.278
0.68
1.201
0.946
0.963
0.547
0.523
0.591
0.785
0.994
0.587
0.335
0.302
0.302
0.289
0.268
0.268
0.281
0.51
1.077
0.668
0.497
0.68
0.502
0.606
0.335
0.364
0.437
0.679
0.553
0.597
0.724
0.925
0.723
0.281
0.309
0.294
0.298
0.284
0.268
0.268
0.281
0.494
1.077
0.717
0.497
0.702
0.743
0.564
0.447
0.396
0.478
0.526
0.561
0.597
0.653
0.911
0.696
0.281
0.306
0.291
0.284
0.275
0.283
0.285
0.283
0.767
0.814
0.646
1.039
0.595
1.468
1.462
0.68
1.003
1.26
1.414
0.547
0.523
0.601
0.844
0.853
0.594
0.306
0.299
0.292
0.279
0.278
0.281
0.279
0.782
0.806
0.565
1.039
0.554
1.145
1.462
0.651
0.98
1.267
1.404
0.547
0.515
0.597
0.806
0.854
0.614
0.301
0.285
0.278
0.279
0.284
0.287
0.317
0.726
0.879
0.631
1.0
0.583
1.222
1.779
0.726
0.893
1.093
1.368
0.471
0.453
0.571
0.805
0.852
0.474
0.302
0.296
0.283
0.277
0.277
0.283
0.32
0.748
0.769
0.689
0.855
0.581
1.339
1.722
0.659
0.713
1.178
1.419
0.476
0.491
0.567
0.848
0.852
0.394
0.296
0.289
0.282
0.276
0.278
0.283
0.32
0.732
0.8
0.795
0.665
0.674
1.719
1.514
0.718
0.699
1.178
0.975
0.524
0.531
0.546
0.849
0.937
0.434
0.313
0.291
0.298
0.284
0.269
0.275
0.285
0.502
1.013
0.717
0.506
0.553
1.175
0.617
0.447
0.402
0.539
0.576
0.514
0.617
0.653
0.911
0.567
0.275
0.29
0.287
0.298
0.287
0.273
0.278
0.282
0.5
1.08
0.976
0.695
0.567
1.051
0.492
0.342
0.411
0.514
0.576
0.534
0.603
0.641
0.895
0.581
0.279
0.296
0.29
0.284
0.279
0.284
0.283
0.322
0.803
0.703
0.65
0.805
0.847
1.908
1.242
0.698
0.699
0.79
0.923
0.539
0.524
0.63
0.77
0.817
0.38
0.3
0.29
0.285
0.284
0.286
0.288
0.304
0.803
0.8
0.706
0.853
0.912
2.651
1.052
0.757
0.699
0.728
0.803
0.462
0.493
0.675
0.727
0.776
0.381
0.307
0.287
0.285
0.287
0.289
0.292
0.311
0.794
1.972
0.786
1.073
1.458
2.991
1.052
0.757
0.643
0.661
0.923
0.539
0.519
0.754
0.723
0.747
0.354
0.307
0.293
0.288
0.288
0.298
0.334
0.311
1.125
3.433
0.915
1.096
0.912
2.991
0.796
0.694
0.627
0.604
0.898
0.556
0.518
0.74
0.664
0.658
0.346
0.299
0.287
0.289
0.29
0.312
0.385
0.309
1.105
3.427
0.789
0.905
0.87
3.162
0.796
0.692
0.67
0.579
0.856
0.704
0.544
0.766
0.609
0.779
0.372
0.291
0.285
0.295
0.29
0.281
0.286
0.286
0.546
1.841
2.324
1.419
0.567
1.549
0.565
0.408
0.467
0.446
0.587
0.485
0.561
0.595
0.897
0.581
0.297
0.285
0.283
0.289
0.289
0.313
0.318
0.29
0.763
3.359
2.214
1.372
0.504
1.312
0.429
0.376
0.459
0.389
0.522
0.485
0.573
0.613
1.017
0.666
0.316
0.296
0.287
0.287
0.29
0.312
0.385
0.309
0.993
4.734
1.127
0.959
0.863
2.745
0.757
0.611
0.735
0.582
0.803
0.72
0.532
0.96
0.608
0.824
0.344
0.292
0.292
0.292
0.294
0.311
0.383
0.307
0.878
4.734
1.127
0.731
0.633
2.841
0.632
0.561
0.642
0.611
0.768
1.087
0.603
0.718
0.586
1.085
0.372
0.285
0.288
0.285
0.289
0.297
0.331
0.302
0.953
4.977
1.199
0.678
0.505
2.091
1.09
0.57
0.829
0.697
0.814
1.283
0.617
0.618
0.591
1.21
0.387
0.283
0.285
0.284
0.29
0.296
0.325
0.293
1.53
4.971
0.91
0.678
0.377
1.359
1.053
0.538
0.829
0.798
0.814
1.19
0.57
0.524
0.597
1.26
0.37
0.282
0.278
0.281
0.286
0.287
0.284
0.277
1.22
4.971
1.124
0.718
0.367
1.9
1.069
0.61
0.969
1.046
0.878
1.621
1.222
0.617
0.635
1.26
0.381
0.288
0.28
0.286
0.296
0.313
0.318
0.29
0.787
3.23
2.179
1.39
0.51
1.403
0.436
0.375
0.493
0.406
0.485
0.47
0.525
0.547
0.931
0.594
0.316
0.286
0.281
0.291
0.301
0.313
0.312
0.285
0.787
4.425
3.34
1.56
0.532
1.489
0.436
0.304
0.493
0.408
0.578
0.39
0.456
0.485
0.783
0.687
0.314
0.287
0.284
0.279
0.285
0.282
0.284
0.28
2.048
5.86
1.123
0.747
0.478
1.527
1.069
0.647
0.932
1.046
0.878
1.262
0.583
0.598
0.669
1.106
0.351
0.289
0.289
0.286
0.287
0.283
0.286
0.282
2.048
5.158
2.308
1.075
0.373
1.499
1.069
0.655
0.711
0.986
0.996
1.324
0.629
0.593
0.723
0.934
0.352
0.285
0.29
0.288
0.287
0.284
0.285
0.28
2.051
5.158
2.718
1.433
0.485
1.45
1.122
0.71
0.813
0.945
1.108
0.962
0.53
0.603
0.725
0.906
0.311
0.288
0.295
0.293
0.291
0.286
0.286
0.276
2.294
5.202
3.488
1.444
0.559
1.386
0.583
0.626
0.722
0.957
1.076
0.916
0.53
0.581
0.707
0.892
0.308
0.311
0.321
0.324
0.295
0.288
0.29
0.281
2.631
3.992
3.289
1.382
0.714
2.007
0.587
0.626
0.92
0.878
0.946
0.916
0.954
0.606
0.838
0.867
0.308
0.288
0.285
0.289
0.295
0.297
0.288
0.285
0.702
5.224
4.872
1.87
0.95
0.949
0.384
0.303
0.463
0.373
0.529
0.369
0.454
0.446
0.628
0.704
0.317
0.331
0.311
0.291
0.301
0.321
0.315
0.287
0.735
4.993
4.942
1.87
0.943
0.97
0.424
0.345
0.503
0.433
0.584
0.339
0.503
0.485
0.842
0.579
0.317
0.314
0.323
0.324
0.294
0.283
0.29
0.281
2.79
3.954
1.703
0.98
0.716
2.031
0.997
0.615
0.849
0.722
0.74
0.916
0.954
0.606
0.971
0.932
0.308
0.289
0.32
0.329
0.301
0.29
0.287
0.277
1.884
4.618
3.022
1.297
0.77
1.761
0.793
0.615
1.021
0.754
0.839
0.815
0.942
0.606
0.945
0.953
0.367
0.29
0.318
0.326
0.299
0.305
0.291
0.28
2.288
5.513
2.216
0.895
0.77
2.379
1.031
0.682
1.021
0.754
0.762
0.661
0.854
0.551
0.783
0.953
0.497
0.29
0.298
0.29
0.289
0.303
0.295
0.284
2.288
6.705
3.108
0.895
0.658
1.9
0.97
0.605
0.921
0.722
0.726
0.699
0.939
0.528
0.753
0.963
0.502
0.291
0.297
0.285
0.285
0.3
0.295
0.288
1.787
6.705
2.592
0.997
0.775
1.835
0.967
0.542
0.857
0.639
0.681
0.648
0.89
0.532
0.661
1.044
0.57
0.347
0.31
0.285
0.292
0.314
0.311
0.29
0.487
4.241
5.102
1.491
0.684
1.008
0.388
0.294
0.508
0.473
0.708
0.339
0.503
0.485
0.745
0.528
0.304
0.349
0.319
0.297
0.298
0.305
0.324
0.294
0.424
2.915
5.1
1.491
0.684
1.008
0.388
0.295
0.45
0.473
0.641
0.335
0.455
0.448
0.485
0.421
0.296
0.29
0.293
0.285
0.283
0.285
0.289
0.285
1.387
6.705
3.597
1.124
0.889
1.689
1.035
0.564
0.673
0.596
0.781
0.802
0.476
0.497
0.491
1.005
0.572
0.289
0.289
0.293
0.291
0.294
0.32
0.289
1.051
6.611
3.597
1.123
0.845
0.994
0.759
0.438
0.544
0.524
0.708
0.601
0.402
0.47
0.43
0.775
0.519
0.293
0.293
0.294
0.287
0.291
0.359
0.298
0.8
5.021
2.312
0.718
0.689
0.86
0.489
0.379
0.42
0.451
0.553
0.594
0.444
0.494
0.408
0.608
0.399
0.3
0.298
0.297
0.294
0.286
0.328
0.305
0.405
3.435
1.811
0.673
0.689
0.361
0.366
0.334
0.359
0.391
0.432
0.591
0.503
0.487
0.372
0.521
0.32
0.3
0.295
0.301
0.302
0.294
0.33
0.307
0.4
1.893
0.733
0.465
0.609
0.344
0.357
0.308
0.313
0.328
0.31
0.498
0.503
0.5
0.348
0.373
0.325
0.354
0.325
0.297
0.295
0.326
0.363
0.305
0.382
2.867
5.09
1.468
0.616
0.908
0.386
0.297
0.409
0.46
0.641
0.328
0.459
0.45
0.481
0.422
0.3
0.356
0.331
0.299
0.29
0.327
0.365
0.305
0.388
1.965
3.473
1.085
0.546
0.401
0.386
0.347
0.409
0.46
0.498
0.356
0.55
0.482
0.509
0.386
0.3
0.298
0.295
0.301
0.302
0.304
0.339
0.307
0.393
0.434
0.364
0.295
0.303
0.348
0.335
0.307
0.311
0.305
0.305
0.318
0.503
0.478
0.345
0.353
0.322
0.306
0.3
0.299
0.3
0.304
0.339
0.309
0.398
0.434
0.364
0.295
0.303
0.348
0.335
0.307
0.311
0.305
0.305
0.318
0.542
0.501
0.349
0.373
0.322
0.312
0.305
0.3
0.297
0.301
0.303
0.302
0.775
2.019
0.829
0.55
0.452
0.494
0.555
0.42
0.407
0.4
0.521
0.483
0.59
0.621
0.431
0.399
0.321
0.316
0.31
0.3
0.302
0.307
0.303
0.296
0.831
3.638
2.41
1.083
0.586
0.56
1.12
0.658
0.697
0.667
0.819
0.794
0.783
0.759
0.561
0.546
0.314
0.307
0.3
0.304
0.306
0.309
0.304
0.296
1.334
5.261
2.935
1.19
0.923
0.977
1.489
0.897
0.955
0.922
1.336
1.272
0.912
0.914
0.698
0.743
0.308
0.336
0.349
0.333
0.304
0.325
0.372
0.302
0.463
2.016
3.321
0.995
0.546
0.834
0.39
0.351
0.418
0.524
0.727
0.412
0.502
0.538
0.492
0.403
0.308
0.315
0.304
0.3
0.291
0.313
0.372
0.302
0.398
1.395
3.179
0.995
0.802
1.377
0.409
0.323
0.371
0.568
0.993
0.48
0.458
0.532
0.492
0.473
0.305
0.308
0.303
0.311
0.307
0.309
0.301
0.296
1.407
6.881
4.535
1.829
1.548
1.402
2.057
1.16
1.211
1.203
1.686
1.524
0.93
0.938
0.757
0.755
0.301
0.308
0.303
0.311
0.305
0.306
0.301
0.325
1.407
6.881
4.535
1.829
1.548
1.402
2.057
1.16
1.211
1.203
1.686
1.524
0.958
0.938
0.757
0.815
0.301
0.3
0.3
0.31
0.311
0.306
0.301
0.322
1.087
6.752
5.703
1.271
0.976
1.493
1.912
1.104
0.995
0.967
1.22
1.177
0.783
0.865
0.678
0.694
0.296
0.292
0.293
0.304
0.307
0.303
0.299
0.319
1.839
5.689
4.134
1.045
0.831
1.344
1.322
0.854
0.895
0.929
1.043
1.134
0.763
0.796
0.686
0.704
0.325
0.292
0.293
0.305
0.309
0.305
0.297
0.357
2.551
4.069
2.533
0.512
0.693
1.712
1.174
0.924
0.882
0.905
1.13
1.135
0.697
0.668
0.605
0.506
0.319
0.302
0.305
0.3
0.292
0.313
0.372
0.3
0.399
2.17
2.263
0.807
0.923
1.377
0.492
0.632
0.589
0.809
0.967
0.705
0.57
0.708
0.437
0.403
0.305
0.3
0.299
0.292
0.288
0.3
0.344
0.308
0.396
3.341
3.69
1.784
1.06
1.382
0.665
0.665
0.699
0.929
1.073
0.882
0.623
0.778
0.533
0.512
0.308
0.288
0.29
0.296
0.298
0.302
0.295
0.319
1.373
3.908
2.551
0.403
0.353
1.434
1.163
0.683
0.626
0.645
0.783
1.08
0.623
0.561
0.605
0.404
0.315
0.285
0.286
0.286
0.286
0.291
0.29
0.314
1.835
3.908
2.178
0.403
0.353
1.545
1.163
0.408
0.495
0.451
0.748
1.025
0.572
0.513
0.607
0.43
0.312
0.283
0.301
0.319
0.293
0.289
0.286
0.614
3.031
4.312
2.176
0.481
0.356
1.543
1.488
0.412
0.501
0.457
0.76
1.163
0.592
0.53
0.68
0.43
0.304
0.296
0.307
0.337
0.288
0.297
0.286
0.637
3.182
4.398
2.085
0.518
0.381
1.635
1.68
0.603
0.66
0.663
1.049
1.285
0.685
0.531
0.665
0.498
0.304
0.301
0.312
0.374
0.299
0.303
0.287
0.637
2.383
5.509
3.31
0.892
0.624
1.879
1.68
0.798
0.849
0.843
1.391
1.396
0.793
0.531
0.709
0.524
0.287
0.298
0.296
0.292
0.29
0.294
0.308
0.299
0.39
4.538
4.01
1.785
1.366
1.643
0.665
0.665
0.699
0.929
1.073
0.882
0.629
0.778
0.533
0.665
0.407
0.301
0.296
0.321
0.304
0.3
0.312
0.303
0.395
4.538
4.605
2.984
1.806
2.223
0.812
0.553
0.657
0.828
1.232
1.149
0.568
0.732
0.587
0.645
0.407
0.286
0.297
0.338
0.289
0.292
0.285
0.304
2.173
6.769
4.811
1.339
0.926
1.963
1.744
0.798
0.854
0.843
1.53
1.664
0.803
0.625
0.885
0.783
0.311
0.29
0.301
0.34
0.292
0.306
0.285
0.31
2.173
6.9
4.744
1.577
1.329
2.461
1.727
1.059
1.108
1.144
1.935
1.651
1.029
0.775
0.799
0.833
0.315
0.294
0.306
0.345
0.297
0.311
0.289
0.314
1.823
6.989
5.02
2.139
1.58
2.461
1.524
1.379
1.323
1.328
2.039
1.651
1.029
0.826
0.811
0.846
0.316
0.299
0.301
0.315
0.294
0.31
0.288
0.314
1.655
7.054
6.13
2.139
1.58
2.461
1.391
1.383
1.328
1.328
2.039
1.715
1.101
0.905
0.808
0.707
0.328
0.299
0.301
0.301
0.298
0.296
0.288
0.294
1.577
6.997
5.47
1.981
1.473
2.532
1.43
1.387
1.389
1.372
2.07
1.72
1.099
0.905
0.921
0.696
0.332
0.294
0.292
0.289
0.292
0.296
0.306
0.306
0.392
4.176
3.694
2.776
1.591
2.061
1.007
0.748
0.843
0.923
1.098
1.351
0.807
0.782
0.708
0.625
0.399
0.298
0.293
0.289
0.291
0.29
0.297
0.295
0.392
5.819
3.633
1.785
1.878
1.784
1.256
0.89
0.96
0.854
0.958
1.202
0.768
0.756
0.675
0.584
0.447
0.299
0.298
0.296
0.295
0.292
0.288
0.294
1.387
7.024
5.046
1.893
1.625
3.152
1.559
1.506
1.447
1.472
2.346
1.417
1.043
0.985
0.808
0.773
0.361
0.305
0.304
0.301
0.295
0.293
0.288
0.295
1.174
6.948
5.01
1.448
1.559
3.084
1.41
1.326
1.31
1.36
1.739
1.293
0.917
0.749
0.701
0.687
0.337
0.31
0.303
0.302
0.297
0.293
0.288
0.329
1.407
6.906
5.01
1.375
1.394
2.546
1.335
1.267
1.382
1.474
1.722
1.276
0.917
0.825
0.712
0.637
0.335
0.309
0.299
0.299
0.297
0.297
0.293
0.332
1.682
6.71
3.771
1.254
1.297
2.036
1.341
1.157
1.256
1.585
2.196
1.362
0.993
0.761
0.744
0.644
0.335
0.305
0.297
0.305
0.3
0.301
0.301
0.299
1.449
6.042
3.771
1.375
1.462
2.209
1.377
1.154
1.259
1.632
3.125
1.362
0.857
0.635
0.677
0.678
0.303
0.298
0.295
0.29
0.293
0.292
0.308
0.319
0.393
4.121
3.97
3.116
1.974
1.609
0.915
0.695
0.804
0.765
0.799
1.108
0.528
0.505
0.78
0.687
0.457
0.352
0.3
0.296
0.298
0.294
0.297
0.296
0.394
4.358
3.97
2.659
2.027
1.962
1.059
0.857
0.882
0.84
0.965
1.112
0.491
0.623
0.74
0.656
0.359
0.302
0.294
0.303
0.304
0.307
0.305
0.301
1.295
5.552
4.425
1.739
1.753
2.443
1.393
1.194
1.266
1.694
3.011
1.388
0.785
0.637
0.635
0.719
0.306
0.303
0.297
0.305
0.306
0.308
0.307
0.302
1.024
4.906
4.997
2.373
1.549
1.874
1.338
1.032
1.124
1.326
2.888
1.351
0.843
0.442
0.636
0.74
0.306
0.304
0.297
0.3
0.306
0.348
0.325
0.311
0.854
4.906
5.247
2.708
1.766
1.958
1.437
1.145
1.293
2.031
3.06
1.415
0.843
0.5
0.667
0.74
0.296
0.296
0.297
0.299
0.306
0.309
0.309
0.302
0.395
5.627
5.431
2.804
1.926
2.864
1.513
1.199
1.214
1.503
2.901
1.415
0.921
0.5
0.729
0.858
0.295
0.294
0.297
0.298
0.304
0.304
0.33
0.307
0.389
5.274
5.431
2.804
2.107
3.376
1.524
1.251
1.274
1.404
2.022
1.391
1.077
0.721
0.886
0.892
0.298
0.354
0.302
0.299
0.303
0.299
0.337
0.319
0.397
3.878
5.052
3.898
2.152
2.459
1.363
1.054
0.994
0.989
1.083
1.19
0.73
0.849
0.848
0.548
0.308
0.354
0.301
0.294
0.303
0.299
0.339
0.32
0.396
4.374
5.765
3.898
1.919
2.707
1.517
1.155
0.994
0.994
1.271
1.122
0.729
0.961
0.93
0.648
0.309
0.296
0.297
0.298
0.297
0.301
0.324
0.301
0.388
5.798
5.413
2.365
1.772
4.026
1.62
1.35
1.358
1.364
1.458
1.396
1.175
0.968
0.916
0.797
0.302
0.31
0.304
0.297
0.296
0.297
0.326
0.302
0.387
5.747
6.018
2.444
1.507
3.376
1.546
1.303
1.354
1.343
1.987
1.531
1.675
1.107
0.976
0.843
0.303
0.312
0.303
0.292
0.295
0.295
0.323
0.299
0.392
6.314
5.151
2.393
1.681
3.574
1.731
1.374
1.393
1.41
1.52
1.549
1.591
1.16
0.982
0.793
0.303
0.313
0.293
0.296
0.295
0.295
0.308
0.289
0.623
6.39
4.34
2.551
1.681
3.22
1.693
1.374
1.355
1.41
1.435
1.471
1.753
1.212
1.13
0.793
0.302
0.312
0.293
0.302
0.295
0.294
0.302
0.316
1.346
6.469
5.214
2.445
1.517
2.463
1.789
1.591
1.375
1.584
2.718
1.634
1.714
1.54
1.005
0.724
0.302
0.354
0.3
0.292
0.302
0.297
0.336
0.318
0.396
4.084
6.893
4.768
2.369
3.073
1.571
1.161
1.009
1.054
1.502
1.122
0.65
0.766
0.754
0.732
0.343
0.399
0.325
0.293
0.31
0.309
0.339
0.318
0.396
2.761
6.862
5.611
2.361
3.073
1.408
1.268
1.148
1.137
1.726
1.421
0.819
0.91
0.802
0.787
0.309
0.318
0.303
0.315
0.294
0.29
0.302
0.328
1.392
7.044
5.214
2.441
1.675
2.145
1.744
1.685
1.475
1.557
2.898
1.783
1.853
1.376
0.857
0.747
0.326
0.319
0.305
0.314
0.298
0.299
0.318
0.332
1.393
7.012
4.741
2.231
2.206
2.145
1.684
1.461
1.457
1.651
2.986
1.932
2.278
1.365
0.96
0.705
0.335
0.299
0.301
0.32
0.297
0.297
0.322
0.793
2.034
7.012
3.825
1.572
2.125
2.143
1.587
1.453
1.408
1.543
1.714
1.769
1.853
1.261
0.939
0.774
0.326
0.293
0.305
0.32
0.297
0.292
0.328
0.805
1.802
6.848
3.94
1.754
2.567
2.313
1.51
1.472
1.373
1.591
1.726
1.814
1.75
1.178
1.023
0.768
0.335
0.293
0.317
0.31
0.294
0.278
0.315
0.807
1.079
6.848
4.392
1.25
1.971
2.364
1.663
1.44
1.371
1.385
1.68
1.764
1.523
1.025
0.963
0.928
0.334
0.348
0.321
0.293
0.313
0.314
0.304
0.294
0.393
2.761
6.862
5.65
2.759
3.597
1.473
1.271
1.155
1.167
1.952
1.553
0.921
0.91
0.761
0.705
0.309
0.348
0.324
0.293
0.308
0.326
0.305
0.29
0.391
1.734
6.103
6.486
2.671
3.253
1.527
1.191
1.166
1.167
1.767
1.606
0.921
0.771
0.929
0.702
0.308
0.294
0.317
0.306
0.297
0.272
0.315
0.77
0.847
6.842
4.544
1.431
2.09
2.648
1.642
1.32
1.352
1.343
1.526
1.405
1.075
0.549
1.039
1.108
0.431
0.313
0.319
0.306
0.311
0.284
0.315
0.317
0.816
6.841
5.003
1.459
1.768
2.763
1.771
1.249
1.352
1.437
1.53
1.583
1.069
0.621
1.039
0.984
0.348
0.328
0.335
0.315
0.308
0.285
0.315
0.333
1.456
6.437
4.1
1.285
1.477
2.775
1.667
1.235
1.379
1.473
2.004
1.399
1.069
0.621
1.079
1.104
0.349
0.343
0.349
0.324
0.322
0.311
0.317
0.333
2.383
6.437
4.155
1.496
1.71
3.491
1.771
1.306
1.494
1.832
2.825
1.906
1.483
0.72
1.29
1.104
0.447
0.408
0.362
0.331
0.333
0.326
0.324
0.335
2.386
6.274
4.775
1.496
1.71
3.079
1.764
1.306
1.563
2.172
3.676
2.104
1.436
0.728
1.495
1.328
0.521
0.349
0.326
0.294
0.298
0.319
0.304
0.29
0.387
1.044
5.656
6.879
2.908
2.894
1.45
1.191
1.166
1.167
1.813
1.606
0.921
0.763
1.008
0.803
0.333
0.452
0.395
0.336
0.298
0.309
0.304
0.289
0.39
1.294
5.331
6.615
4.0
2.542
1.45
1.191
1.166
1.226
1.666
1.729
1.323
0.767
1.165
0.852
0.367
0.435
0.377
0.349
0.341
0.374
0.339
0.348
2.391
5.508
4.775
2.341
2.169
3.079
1.896
1.366
1.583
2.172
5.199
2.585
1.419
0.737
1.617
1.497
0.672
0.523
0.395
0.432
0.399
0.42
0.347
0.443
2.075
5.508
5.153
4.047
3.171
2.974
1.792
1.366
1.583
2.115
5.199
2.585
1.509
0.788
1.637
1.456
0.627
0.473
0.384
0.421
0.393
0.409
0.339
0.443
2.382
5.551
5.894
4.146
3.171
2.778
1.673
1.368
1.964
1.797
4.391
2.478
1.455
0.975
1.637
1.456
0.627
0.47
0.373
0.415
0.38
0.404
0.33
0.429
0.821
6.04
7.092
4.146
3.005
2.092
1.58
1.164
1.744
1.469
3.613
2.425
0.931
0.751
1.441
1.26
0.622
0.465
0.362
0.408
0.415
0.37
0.327
0.334
0.506
5.323
7.092
3.916
2.645
1.563
1.114
0.896
1.029
0.821
2.449
1.658
0.654
0.609
1.109
0.917
0.521
0.581
0.445
0.347
0.311
0.313
0.318
0.299
0.404
1.294
4.44
6.615
4.185
2.934
1.804
1.78
1.309
1.245
1.47
2.308
1.781
0.861
1.589
1.067
0.492
0.539
0.422
0.394
0.34
0.315
0.319
0.301
0.409
1.218
3.111
6.02
3.66
2.934
1.804
1.612
1.077
1.078
1.257
1.447
1.621
0.787
1.538
0.94
0.497
0.369
0.354
0.413
0.46
0.378
0.331
0.333
0.505
3.954
5.514
2.72
1.969
1.026
0.787
0.613
0.638
0.555
0.658
1.174
0.654
0.609
0.841
0.576
0.375
0.328
0.334
0.329
0.398
0.338
0.336
0.332
0.498
3.727
3.58
0.775
0.722
0.555
0.521
0.364
1.107
0.606
0.658
0.786
0.813
0.825
0.812
0.478
0.34
0.318
0.324
0.317
0.351
0.329
0.324
0.321
0.609
3.609
3.58
0.775
0.655
0.555
0.521
0.595
1.307
0.883
0.834
0.692
0.761
0.83
0.79
0.478
0.331
0.311
0.333
0.325
0.357
0.327
0.324
0.332
0.609
2.161
2.079
0.782
0.655
1.21
0.6
0.581
0.85
0.916
0.886
0.661
0.658
0.83
0.799
0.584
0.324
0.309
0.331
0.325
0.357
0.329
0.329
0.332
0.933
2.177
1.797
0.875
0.829
2.285
1.017
0.823
1.164
1.248
1.189
0.916
0.82
1.031
0.943
0.72
0.333
0.548
0.434
0.403
0.34
0.313
0.32
0.311
0.424
1.235
3.111
4.408
2.854
1.844
1.556
1.418
0.886
0.861
0.952
1.096
1.525
0.799
1.508
0.918
0.504
0.44
0.389
0.379
0.364
0.313
0.326
0.315
0.445
1.248
3.133
4.408
3.704
1.877
1.891
1.526
1.124
1.157
0.998
1.149
1.726
0.94
1.483
1.016
0.714
0.314
0.325
0.315
0.315
0.329
0.34
0.39
0.982
3.455
3.391
1.299
1.093
3.191
1.457
1.117
1.484
1.562
1.537
1.376
0.818
1.174
1.114
0.897
0.343
0.317
0.33
0.305
0.31
0.318
0.33
0.38
1.35
5.061
5.075
1.784
1.452
4.146
1.861
1.41
1.529
1.624
1.59
1.484
0.937
1.299
1.193
0.962
0.33
0.309
0.361
0.307
0.313
0.321
0.315
0.369
1.35
5.842
6.644
2.001
1.666
4.146
1.861
1.41
1.473
1.562
1.59
1.484
0.791
1.181
1.112
0.962
0.318
0.308
0.36
0.308
0.31
0.31
0.31
0.367
1.145
5.195
6.474
2.175
1.659
3.768
1.528
1.169
1.376
1.38
1.482
1.425
0.84
1.219
1.047
0.954
0.316
0.307
0.312
0.301
0.306
0.309
0.309
0.367
1.145
5.195
6.474
2.01
1.352
2.725
1.291
0.928
1.11
1.13
1.31
1.896
0.873
1.219
1.047
1.063
0.351
0.445
0.392
0.379
0.367
0.319
0.327
0.312
0.445
2.49
2.895
3.039
3.615
2.223
2.053
1.665
1.151
1.141
0.807
1.113
1.392
1.034
1.483
0.952
0.696
0.345
0.35
0.339
0.337
0.321
0.317
0.312
0.455
2.622
2.263
1.459
2.159
2.08
1.472
1.382
0.941
0.924
0.955
0.937
0.852
1.264
1.483
0.985
0.68
0.315
0.332
0.306
0.31
0.305
0.303
0.364
0.837
3.782
5.54
2.361
1.549
2.641
1.309
0.921
1.042
1.111
1.321
2.065
0.933
1.252
1.144
1.151
0.617
0.326
0.336
0.307
0.306
0.301
0.303
0.325
0.897
2.582
4.008
2.022
1.318
2.23
1.164
0.68
0.826
0.965
1.396
1.691
1.26
1.421
1.332
1.161
0.59
0.326
0.327
0.313
0.311
0.302
0.305
0.326
0.564
1.781
2.566
1.505
1.318
1.55
0.915
0.68
0.826
0.965
1.755
1.77
1.545
1.748
1.479
1.275
0.685
0.414
0.327
0.319
0.313
0.302
0.309
0.405
0.816
1.322
1.163
1.448
1.187
1.755
1.255
0.855
1.105
1.051
2.198
1.705
1.545
1.777
1.725
1.514
0.95
0.501
0.403
0.395
0.359
0.31
0.356
0.441
0.921
0.984
1.044
1.153
1.782
2.295
2.534
0.906
1.109
1.051
2.642
1.705
1.89
1.808
1.725
1.514
0.99
0.345
0.35
0.361
0.353
0.35
0.317
0.322
0.481
1.507
1.714
1.05
1.355
1.597
1.219
1.382
0.847
0.705
1.038
0.708
0.695
1.111
1.298
0.88
0.498
0.345
0.353
0.344
0.353
0.373
0.354
0.357
0.511
1.669
1.89
2.181
2.159
2.543
1.852
1.606
0.852
0.775
1.396
0.99
0.891
1.75
1.693
1.006
0.566
0.571
0.473
0.473
0.426
0.32
0.384
0.436
0.76
0.967
1.303
1.266
2.003
2.295
2.534
0.906
1.109
1.176
3.079
1.352
1.922
1.501
1.759
1.541
0.917
0.559
0.527
0.58
0.503
0.395
0.454
0.508
0.795
1.182
1.211
1.055
1.671
2.295
2.313
0.678
1.046
1.363
2.85
1.121
1.554
1.503
1.812
1.445
0.724
0.608
0.594
0.643
0.573
0.469
0.478
0.558
0.931
1.434
1.384
1.208
1.786
1.983
2.2
0.994
1.191
1.241
2.73
0.999
1.459
1.435
1.752
1.298
0.724
0.608
0.594
0.643
0.573
0.47
0.478
0.558
0.931
1.54
1.322
1.216
1.249
1.854
2.072
0.667
0.756
0.748
2.233
0.774
1.229
1.381
1.618
1.052
0.664
0.53
0.53
0.575
0.546
0.505
0.486
0.489
0.789
1.288
1.271
1.062
1.018
1.846
0.79
0.438
0.634
0.615
1.72
0.726
1.38
1.381
1.559
1.022
0.664
0.402
0.379
0.364
0.384
0.441
0.423
0.422
0.55
2.776
1.89
2.181
2.159
2.543
1.852
1.606
0.853
0.775
1.396
1.163
1.144
1.957
1.877
1.146
0.615
0.389
0.361
0.352
0.394
0.438
0.419
0.408
0.571
2.776
1.508
1.54
1.591
2.767
1.417
1.537
0.853
0.75
1.396
1.188
1.241
2.078
1.877
1.114
0.477
0.511
0.462
0.504
0.474
0.435
0.416
0.453
0.704
1.267
1.216
1.03
1.018
1.568
0.773
0.587
0.825
0.851
1.505
0.845
1.27
1.402
1.559
0.907
0.624
0.439
0.398
0.397
0.408
0.468
0.417
0.382
0.781
1.231
1.075
1.113
0.949
2.22
0.974
0.676
1.013
0.939
1.297
0.809
1.27
1.402
1.551
0.629
0.419
0.368
0.333
0.332
0.337
0.396
0.347
0.312
0.879
1.021
1.082
1.01
0.866
1.568
1.041
0.718
0.891
0.796
1.192
0.883
1.382
1.521
1.55
0.585
0.349
0.315
0.324
0.322
0.337
0.384
0.323
0.307
0.733
0.893
0.912
0.829
0.978
1.926
1.154
0.718
0.891
0.938
1.217
0.817
1.276
1.463
1.36
0.673
0.321
0.307
0.323
0.316
0.325
0.383
0.319
0.313
0.843
0.893
0.919
0.888
1.159
2.073
1.326
0.987
1.119
1.132
1.217
0.945
1.403
1.419
1.331
0.75
0.318
0.384
0.364
0.348
0.391
0.436
0.418
0.402
0.574
1.733
1.138
1.253
1.424
2.358
1.408
1.521
0.994
0.912
1.361
1.175
1.231
1.476
1.705
1.114
0.477
0.453
0.365
0.35
0.392
0.436
0.421
0.419
0.636
0.906
0.96
1.455
1.523
2.176
1.602
1.206
1.404
1.189
1.548
1.644
1.494
1.588
1.5
0.914
0.409
0.313
0.323
0.316
0.31
0.359
0.309
0.307
0.76
0.965
1.089
1.082
1.367
2.104
1.424
1.185
1.255
1.325
1.302
0.945
1.337
1.342
1.122
0.609
0.318
0.306
0.316
0.33
0.337
0.36
0.309
0.307
0.83
1.031
1.263
1.076
1.471
2.313
1.52
1.223
1.304
1.362
1.312
1.151
1.449
1.257
1.224
0.797
0.366
0.303
0.305
0.332
0.337
0.335
0.301
0.308
0.713
1.154
1.425
1.076
1.522
2.776
1.576
1.367
1.344
1.336
1.355
1.416
1.341
1.073
1.129
0.922
0.36
0.306
0.3
0.357
0.339
0.335
0.305
0.305
0.654
1.154
1.312
1.219
1.764
3.553
1.624
1.472
1.653
1.679
1.61
1.801
1.341
1.073
1.129
1.064
0.432
0.31
0.353
0.405
0.339
0.335
0.306
0.307
0.766
1.154
1.327
1.219
1.692
3.973
1.517
1.398
1.602
1.679
1.829
1.925
1.484
1.147
1.264
1.073
0.42
0.402
0.329
0.321
0.374
0.416
0.388
0.385
0.612
0.922
0.806
1.551
1.649
2.483
1.723
0.994
1.111
1.536
2.061
2.236
1.96
1.828
1.369
0.875
0.386
0.402
0.327
0.308
0.34
0.345
0.323
0.318
0.598
0.872
0.913
1.303
1.493
1.922
1.48
0.957
1.287
1.762
2.49
2.165
2.292
1.828
1.369
0.948
0.386
0.311
0.345
0.405
0.39
0.336
0.31
0.43
0.798
1.087
1.417
1.301
1.841
4.361
1.629
1.239
1.283
1.679
1.592
1.586
1.431
1.236
1.258
1.064
0.424
0.3
0.297
0.395
0.381
0.32
0.305
0.431
0.847
1.069
1.162
1.452
1.949
3.853
1.625
1.287
1.318
1.934
1.834
1.811
1.544
1.303
1.425
1.144
0.349
0.296
0.299
0.398
0.383
0.311
0.304
0.431
0.786
1.093
1.076
1.602
2.099
4.026
1.521
1.392
1.329
1.889
1.848
1.446
1.435
1.37
1.413
1.093
0.47
0.298
0.296
0.393
0.379
0.311
0.304
0.426
0.775
1.001
0.934
1.452
2.099
3.709
1.384
1.454
1.497
2.052
1.848
1.17
1.554
1.38
1.372
1.032
0.476
0.293
0.298
0.344
0.36
0.331
0.329
0.42
0.722
1.012
0.9
1.293
1.567
3.099
1.193
1.213
1.218
1.687
1.802
1.17
1.476
1.374
1.144
0.973
0.332
0.49
0.327
0.308
0.34
0.345
0.323
0.318
0.698
0.872
1.133
1.489
1.647
2.109
1.524
1.168
1.73
1.922
2.847
2.221
2.217
1.808
1.22
0.965
0.33
0.487
0.32
0.308
0.309
0.314
0.32
0.315
0.555
0.895
1.024
1.346
1.596
1.799
1.596
1.047
1.645
1.783
2.389
2.181
2.51
1.785
1.288
1.019
0.324
0.293
0.287
0.306
0.315
0.303
0.302
0.282
0.591
1.055
0.83
1.195
1.186
2.625
1.309
1.359
1.273
1.961
1.659
1.085
1.329
1.374
1.07
0.912
0.433
0.294
0.281
0.307
0.276
0.291
0.295
0.274
0.516
1.037
0.796
1.067
0.969
2.366
1.236
1.61
1.269
1.961
1.958
1.211
1.282
1.346
1.066
0.946
0.428
0.293
0.277
0.302
0.282
0.286
0.291
0.274
0.513
1.055
0.937
0.99
1.074
2.333
1.236
1.529
1.386
1.747
1.694
1.151
1.288
1.384
1.066
0.965
0.478
0.298
0.277
0.302
0.282
0.298
0.288
0.281
0.495
0.975
0.761
0.706
0.793
2.181
1.101
1.212
1.257
2.038
1.989
1.317
1.451
1.472
1.281
1.083
0.384
0.295
0.289
0.303
0.294
0.285
0.29
0.286
0.497
1.208
0.979
0.835
1.149
2.342
1.172
1.346
1.267
2.052
2.173
1.461
1.445
1.433
1.349
1.14
0.386
0.485
0.304
0.304
0.338
0.331
0.314
0.313
0.554
0.982
1.012
1.511
1.481
1.445
1.421
0.865
1.508
1.67
2.363
2.181
2.516
1.818
1.374
1.152
0.32
0.545
0.315
0.306
0.334
0.337
0.316
0.295
0.497
1.085
1.053
1.57
1.559
1.82
1.303
0.861
1.4
1.205
1.723
1.826
2.169
1.597
1.501
1.152
0.315
0.534
0.334
0.322
0.305
0.281
0.29
0.294
0.51
1.383
1.277
1.119
1.59
2.377
1.395
1.445
1.297
2.052
2.017
1.461
1.506
1.326
1.349
1.097
0.459
0.305
0.338
0.321
0.295
0.284
0.287
0.294
0.486
1.322
1.325
1.093
1.666
2.521
1.626
1.363
1.59
2.097
2.01
1.472
1.506
1.405
1.512
1.303
0.493
0.326
0.345
0.314
0.296
0.289
0.285
0.306
0.466
1.519
1.528
1.162
2.004
2.406
1.852
1.43
1.946
2.095
1.753
1.818
1.834
1.645
1.741
1.342
0.849
0.514
0.4
0.34
0.306
0.3
0.297
0.339
0.557
1.427
1.244
0.964
1.723
2.09
1.944
1.333
1.93
2.178
1.714
1.818
1.875
1.598
1.649
1.337
0.933
0.514
0.349
0.313
0.297
0.297
0.297
0.379
0.69
1.396
1.264
1.225
1.682
1.774
1.944
1.495
1.947
2.013
1.636
1.982
1.813
1.487
1.616
1.382
0.94
0.516
0.31
0.306
0.371
0.355
0.313
0.341
0.617
1.047
1.053
1.405
1.34
1.315
1.067
0.883
1.407
1.112
1.323
1.583
1.989
1.628
1.643
1.191
0.296
0.53
0.307
0.307
0.37
0.355
0.353
0.357
0.617
0.995
1.073
1.498
1.381
1.514
1.115
1.176
1.441
1.144
1.196
1.583
1.72
1.461
1.568
1.191
0.296
0.45
0.345
0.313
0.292
0.311
0.294
0.378
0.663
1.15
1.195
1.083
1.199
1.297
1.699
1.097
1.525
1.778
1.405
2.114
1.872
1.809
1.76
1.604
1.282
0.536
0.49
0.478
0.479
0.489
0.467
0.548
0.696
1.15
1.086
0.854
1.032
1.273
1.834
1.316
1.687
2.123
1.252
1.732
1.83
1.909
1.76
1.604
1.203
0.57
0.542
0.568
0.55
0.539
0.529
0.61
0.732
1.133
1.086
0.854
0.841
0.969
1.405
1.245
1.251
1.844
0.983
1.479
1.83
1.909
1.53
1.326
0.854
0.381
0.54
0.574
0.557
0.539
0.535
0.579
0.73
0.849
0.908
0.629
0.623
0.663
0.972
0.85
0.855
1.327
0.609
1.005
1.366
1.483
1.219
0.996
0.513
0.333
0.36
0.389
0.367
0.362
0.354
0.409
0.549
0.613
0.849
0.559
0.488
0.485
0.596
0.75
0.534
0.883
0.381
0.807
1.092
1.298
1.127
0.821
0.423
0.34
0.29
0.299
0.323
0.32
0.303
0.303
0.443
0.827
1.075
1.594
1.453
1.622
1.062
0.91
1.236
1.06
1.196
1.771
1.987
1.579
1.689
1.28
0.635
0.627
0.305
0.303
0.371
0.352
0.353
0.357
0.555
0.924
1.092
1.473
1.483
1.409
0.941
0.939
1.006
1.164
1.293
1.674
1.72
1.52
1.628
1.257
0.809
0.793
0.376
0.4
0.376
0.361
0.362
0.37
0.379
0.541
0.78
0.481
0.48
0.628
0.575
0.461
0.352
0.518
0.344
0.366
0.993
1.36
1.007
0.791
0.586
0.387
0.56
0.589
0.564
0.535
0.544
0.55
0.541
0.753
0.83
0.505
0.62
0.788
0.549
0.61
0.562
0.712
0.362
0.366
0.993
1.191
1.007
0.791
0.586
0.538
0.589
0.612
0.585
0.563
0.575
0.578
0.566
0.751
0.83
0.633
0.62
0.788
0.549
0.56
0.562
0.712
0.531
0.816
1.361
1.142
1.108
0.956
0.752
0.485
0.537
0.525
0.519
0.511
0.519
0.515
0.51
0.682
0.931
0.668
0.769
0.847
0.715
0.662
0.63
0.725
1.107
1.268
1.656
1.457
1.271
1.149
1.206
0.478
0.552
0.55
0.515
0.502
0.51
0.506
0.502
0.774
1.143
0.748
0.852
1.08
1.001
0.763
0.664
0.734
1.593
1.661
2.146
1.747
1.381
1.349
1.41
0.467
0.478
0.466
0.505
0.494
0.521
0.524
0.672
0.919
1.27
1.317
1.309
1.507
1.03
1.035
1.107
1.17
1.348
1.711
1.666
1.524
1.66
1.345
1.041
0.793
0.453
0.465
0.499
0.483
0.547
0.552
0.659
0.763
1.5
1.321
1.466
1.46
1.047
1.086
1.107
1.306
1.366
2.031
1.547
1.524
1.584
1.345
1.178
0.905
0.54
0.542
0.51
0.5
0.507
0.501
0.495
0.826
1.55
0.885
0.852
1.08
1.087
0.776
0.899
1.433
2.332
2.346
2.146
1.747
1.406
1.395
1.498
0.671
0.518
0.525
0.495
0.49
0.49
0.486
0.489
0.859
1.887
1.017
1.014
1.519
1.661
1.021
1.193
1.804
2.545
2.675
2.356
1.747
1.522
1.406
1.754
0.687
0.488
0.494
0.467
0.485
0.49
0.46
0.461
0.859
2.023
1.038
1.286
1.553
1.795
1.067
1.542
2.387
2.545
2.637
2.178
1.785
1.548
1.437
1.863
0.47
0.309
0.317
0.285
0.269
0.274
0.275
0.285
0.766
2.225
1.175
1.213
1.721
2.411
1.177
1.436
1.957
2.329
2.766
2.061
1.826
1.721
1.628
1.64
0.525
0.321
0.336
0.286
0.265
0.323
0.298
0.401
0.857
2.225
1.173
1.251
1.168
1.837
1.602
1.461
1.776
1.96
2.836
2.308
1.766
1.692
1.651
1.478
0.843
0.621
0.465
0.458
0.457
0.539
0.498
0.492
0.634
1.5
1.315
1.716
1.46
1.047
1.086
1.107
1.307
1.399
2.112
1.501
1.474
1.538
1.481
1.178
0.905
0.621
0.46
0.458
0.462
0.495
0.477
0.488
0.653
1.724
1.104
1.453
1.113
1.047
0.891
0.923
1.214
1.539
2.315
1.676
1.644
1.614
1.659
1.234
0.758
0.307
0.301
0.282
0.273
0.329
0.297
0.401
0.799
2.357
1.152
1.188
1.253
2.272
1.617
1.733
2.134
1.676
3.284
2.104
1.664
1.652
1.682
1.628
0.846
0.307
0.304
0.279
0.267
0.324
0.287
0.393
0.987
2.807
1.175
1.188
1.253
2.361
1.617
1.986
2.134
1.676
3.163
2.104
1.73
1.788
1.682
1.925
0.528
0.301
0.303
0.275
0.264
0.327
0.287
0.435
1.06
3.113
1.019
1.188
1.253
2.373
1.601
1.539
1.927
1.847
3.04
2.029
1.676
1.633
1.504
1.652
0.71
0.29
0.288
0.275
0.264
0.278
0.261
0.366
0.84
3.544
0.905
0.831
1.564
2.059
1.378
1.154
1.413
1.901
3.143
1.913
1.733
1.743
1.714
1.859
0.716
0.28
0.277
0.263
0.268
0.274
0.252
0.395
0.731
3.518
0.854
0.745
1.36
1.39
1.105
1.095
1.212
1.555
3.143
1.75
1.747
1.696
1.602
2.304
0.661
0.653
0.477
0.454
0.461
0.498
0.476
0.504
0.651
1.889
0.92
1.453
1.113
1.087
0.68
0.886
1.321
1.636
2.304
1.676
1.642
1.614
1.823
1.259
0.574
0.489
0.315
0.285
0.29
0.332
0.306
0.391
0.501
2.079
1.144
1.551
1.021
1.003
0.516
0.834
1.659
2.055
2.488
1.768
1.779
1.75
2.007
1.582
0.402
0.266
0.272
0.262
0.268
0.269
0.252
0.387
0.628
3.824
0.983
0.885
2.054
2.204
1.105
1.32
1.517
1.832
2.995
1.75
1.814
1.812
1.724
2.704
0.384
0.266
0.277
0.262
0.264
0.267
0.257
0.441
0.741
3.281
1.12
0.906
1.733
1.708
1.156
0.973
1.184
1.825
2.729
1.689
1.87
1.749
1.716
2.883
0.38
0.277
0.276
0.267
0.267
0.269
0.261
0.46
0.741
2.603
1.079
1.313
2.415
2.45
1.752
0.973
1.184
1.6
2.845
1.878
1.867
1.728
1.822
3.021
0.487
0.279
0.278
0.267
0.276
0.265
0.266
0.476
0.748
2.332
0.985
0.906
1.686
2.218
2.129
1.579
1.776
1.594
2.712
1.781
1.915
1.831
1.892
3.164
0.406
0.276
0.272
0.264
0.265
0.263
0.27
0.469
1.373
2.332
0.95
1.075
1.399
2.308
2.311
2.262
2.021
1.809
2.651
1.86
1.933
1.828
1.767
3.005
0.399
0.323
0.298
0.274
0.281
0.297
0.274
0.39
0.496
2.604
1.08
1.847
1.106
1.116
0.511
0.852
2.111
2.53
2.488
1.836
1.867
1.848
2.105
1.724
0.281
0.323
0.291
0.282
0.291
0.296
0.27
0.387
0.5
2.588
1.237
1.896
1.15
1.181
0.511
0.852
2.495
2.637
2.125
1.837
1.867
1.906
2.106
1.95
0.281
0.278
0.267
0.27
0.264
0.255
0.272
0.471
1.466
2.332
1.003
1.243
1.658
3.004
2.196
2.571
2.343
2.486
2.977
1.902
1.918
1.659
1.635
2.606
0.506
0.324
0.291
0.273
0.274
0.259
0.312
0.968
1.848
2.302
1.003
1.263
1.031
2.308
1.677
2.33
2.092
2.167
2.943
1.71
1.918
1.659
1.607
2.236
0.478
0.308
0.271
0.271
0.27
0.262
0.323
0.471
1.865
2.304
0.994
1.462
1.39
2.472
1.802
2.547
2.671
2.537
3.173
1.904
1.874
1.81
1.702
2.026
0.761
0.316
0.266
0.266
0.275
0.26
0.323
0.46
1.324
2.304
1.027
1.057
0.951
1.619
1.244
1.821
2.357
2.836
3.173
1.904
1.986
1.733
1.588
1.53
0.648
0.321
0.294
0.296
0.275
0.27
0.286
0.441
1.225
2.363
1.066
1.365
1.376
2.142
1.031
1.854
2.184
2.552
3.173
2.166
2.126
1.637
1.465
1.419
0.68
0.292
0.293
0.271
0.282
0.296
0.265
0.434
0.513
2.712
1.384
2.01
1.18
1.306
0.583
0.852
2.495
2.637
1.965
1.972
1.942
1.924
2.106
2.165
0.286
0.292
0.293
0.267
0.279
0.296
0.265
0.464
0.511
2.405
2.044
2.318
1.64
1.509
0.942
0.816
2.26
2.204
1.819
1.99
1.818
1.924
1.742
2.103
0.31
0.323
0.299
0.305
0.278
0.286
0.29
0.451
0.744
2.35
1.351
1.11
1.547
2.109
0.977
1.459
2.217
2.348
3.146
2.053
2.103
1.559
1.534
1.559
0.942
0.323
0.306
0.298
0.278
0.286
0.283
0.453
0.817
2.625
1.774
0.974
1.217
1.041
1.007
1.774
2.524
2.348
3.113
2.126
2.103
1.658
1.633
1.606
0.942
0.297
0.272
0.276
0.27
0.286
0.283
0.45
0.817
2.667
1.72
0.958
1.69
1.888
1.174
2.053
2.524
2.348
2.927
2.329
2.222
1.658
1.677
1.628
0.914
0.297
0.288
0.306
0.274
0.323
0.293
0.461
1.278
2.725
1.611
1.052
1.89
2.094
1.703
3.146
2.731
2.655
3.313
2.517
2.882
2.032
1.776
1.634
1.025
0.297
0.322
0.349
0.305
0.365
0.341
1.51
2.239
3.315
2.097
1.414
2.385
3.16
2.399
4.119
2.914
2.727
3.646
3.332
3.403
2.859
2.277
1.845
1.463
0.284
0.291
0.268
0.279
0.297
0.266
0.472
0.511
2.33
2.295
2.038
1.851
2.067
1.046
0.642
1.764
1.814
1.651
1.728
1.661
1.899
1.623
1.983
0.307
0.284
0.291
0.297
0.302
0.332
0.291
0.472
0.514
2.666
2.572
2.318
1.887
2.988
1.046
0.553
1.047
1.37
1.508
1.66
1.462
1.916
1.623
1.983
0.722
0.684
0.696
0.728
0.718
0.777
1.053
2.249
2.906
3.667
2.585
1.68
2.593
3.128
3.223
3.972
3.36
3.768
4.273
3.694
4.339
3.33
2.773
2.224
2.032
0.685
0.708
0.731
0.726
0.775
1.055
2.251
2.906
3.246
2.496
2.088
2.275
3.841
3.394
3.981
3.374
4.646
5.314
4.676
6.44
4.129
3.315
2.569
2.211
1.116
0.792
0.778
0.775
0.811
1.09
2.29
2.776
2.877
2.622
2.348
2.381
3.993
3.437
3.102
3.72
4.861
5.623
4.676
6.44
4.129
3.52
2.887
1.765
1.152
0.819
0.853
0.833
0.816
1.108
2.322
2.236
2.556
2.666
2.586
2.538
3.677
3.024
3.102
3.72
5.357
5.894
4.909
7.488
4.22
3.935
2.887
1.765
1.148
0.814
0.823
0.811
0.789
1.078
1.313
1.494
2.813
3.479
2.586
2.139
3.638
2.375
2.123
2.787
4.573
5.303
5.124
7.426
4.122
4.345
3.021
1.449
