0.0
0.0
0.0
0.0
0.0
0.0
0.0
0.0
0.0
0.0
0.0
0.0
0.0
0.0
0.0
0.0
0.0
0.0
0.0
0.0
0.0
0.0
0.0
0.0
0.0
0.0
0.0
0.0
0.0
0.0
0.0
0.0
0.0
0.0
0.0
0.0
0.0
0.0
0.0
0.0
0.0
0.0
0.0
0.0
0.0
0.0
0.0
0.0
0.0
0.0
0.0
0.0
0.0
0.0
0.0
0.0
0.0
0.0
0.0
0.0
0.0
0.0
0.0
0.0
0.0
0.0
0.0
0.0
0.0
0.0
0.0
0.0
0.0
0.0
0.0
0.0
0.0
0.0
0.0
0.0
0.0
0.0
0.0
0.0
0.0
0.0
0.0
0.0
0.0
0.0
0.0
0.0
0.0
0.0
0.0
0.0
0.0
0.0
0.0
0.0
0.0
0.0
0.0
0.0
0.0
0.0
0.0
0.0
0.0
0.0
0.0
0.0
0.0
0.0
0.0
0.0
0.0
0.0
0.0
0.0
0.0
0.0
0.0
0.0
0.0
0.0
0.0
0.0
0.0
0.0
0.0
0.0
0.0
0.0
0.0
0.0
0.0
0.0
0.0
0.0
0.0
0.0
0.0
0.0
0.0
0.0
0.0
0.0
0.0
0.0
0.0
0.0
0.0
0.0
0.0
0.0
0.0
0.0
0.0
0.0
0.0
0.0
0.0
0.0
0.0
0.0
0.0
0.0
0.0
0.0
0.0
0.0
0.0
0.0
0.0
0.0
0.0
0.0
0.0
0.0
0.0
0.0
0.0
0.0
0.0
0.0
0.0
0.0
0.0
0.0
0.0
0.0
0.0
0.0
0.0
0.0
0.0
0.0
0.0
0.0
0.0
0.0
0.0
0.0
0.0
0.0
0.0
0.0
0.0
0.0
0.0
0.0
0.0
0.0
0.0
0.0
0.0
0.0
0.0
0.0
0.0
0.0
0.0
0.0
0.0
0.0
0.0
0.0
0.0
0.0
0.0
0.0
0.0
0.0
0.0
0.0
0.0
0.0
0.0
0.0
0.0
0.0
0.0
0.0
0.0
0.0
0.0
0.0
0.0
0.0
0.0
0.0
0.0
0.0
0.0
0.0
0.0
0.0
0.0
0.0
0.0
0.0
0.0
0.0
0.0
0.0
0.0
0.0
0.0
0.0
0.0
0.0
0.0
0.0
0.0
0.0
0.0
0.0
0.0
0.0
0.0
0.0
0.0
0.0
0.0
0.0
0.0
0.0
0.0
0.0
0.0
0.0
0.0
0.0
0.0
0.0
0.0
0.0
0.0
0.0
0.0
0.0
0.0
0.0
0.0
0.0
0.0
0.0
0.0
0.0
0.0
0.0
0.0
0.0
0.0
0.0
0.0
0.0
0.0
0.0
0.0
0.0
0.0
0.0
0.0
0.0
0.0
0.0
0.0
0.0
0.0
0.0
0.0
0.0
0.0
0.0
0.0
0.0
0.0
0.0
0.0
0.0
0.0
0.0
0.0
0.0
0.0
0.0
0.0
0.0
0.0
0.0
0.0
0.0
0.0
0.0
0.0
0.0
0.0
0.0
0.0
0.0
0.0
0.0
0.0
0.0
0.0
0.0
0.0
0.0
0.0
0.0
0.0
0.0
0.0
0.0
0.0
0.0
0.0
0.0
0.0
0.0
0.0
0.0
0.0
0.0
0.0
0.0
0.0
0.0
0.0
0.0
0.0
0.0
0.0
0.0
0.0
0.0
0.0
0.0
0.0
0.0
0.0
0.0
0.0
0.0
0.0
0.0
0.0
0.0
0.0
0.0
0.0
0.0
0.0
0.0
0.0
0.0
0.0
0.0
0.0
0.0
0.0
0.0
0.0
0.0
0.0
0.0
0.0
0.0
0.0
0.0
0.0
0.0
0.0
0.0
0.0
0.0
0.0
0.0
0.0
0.0
0.0
0.0
0.0
0.0
0.0
0.0
0.0
0.0
0.0
0.0
0.0
0.0
0.0
0.0
0.0
0.0
0.0
0.0
0.0
0.0
0.0
0.0
0.0
0.0
0.0
0.0
0.0
0.0
0.0
0.0
0.0
0.0
0.0
0.0
0.0
0.0
0.0
0.0
0.0
0.0
0.0
0.0
0.0
0.0
0.0
0.0
0.0
0.0
0.0
0.0
0.0
0.0
0.0
0.0
0.0
0.0
0.0
0.0
0.0
0.0
0.0
0.0
0.0
1.093
0.748
0.64
0.74
0.467
0.541
1.081
4.293
3.097
3.064
2.658
2.495
2.471
1.943
1.347
1.08
1.528
3.55
3.811
3.26
2.836
2.706
2.61
1.589
0.965
0.661
0.643
0.728
0.484
0.535
1.081
4.243
3.127
3.064
2.679
2.598
2.471
1.943
1.277
1.112
1.361
3.353
3.847
3.26
2.836
2.709
2.581
1.579
0.906
0.626
0.693
0.607
0.453
0.547
1.013
4.243
3.343
3.416
2.698
2.753
2.457
1.802
1.264
1.263
1.414
2.862
4.012
3.161
2.739
2.513
2.581
1.623
0.901
0.626
0.726
0.664
0.449
0.546
1.012
4.243
3.343
3.308
2.698
2.637
2.461
1.673
1.253
1.133
1.344
1.822
3.936
3.276
2.96
2.803
2.564
1.748
0.926
0.695
0.516
0.493
0.541
0.597
1.074
5.238
3.801
3.323
3.062
2.237
1.92
1.943
1.287
0.892
0.89
3.361
2.774
2.399
3.77
2.998
2.89
1.765
1.194
0.616
0.602
0.518
0.567
0.545
1.071
4.535
3.433
2.898
2.439
1.788
1.509
1.539
0.932
0.683
0.794
3.363
3.568
3.144
3.42
3.2
3.037
1.734
1.167
0.75
0.726
0.633
0.44
0.546
1.199
4.003
3.36
3.257
2.657
2.281
2.055
1.456
1.243
1.134
1.125
1.78
3.961
3.295
2.914
2.57
2.194
1.55
0.947
0.681
0.723
0.613
0.44
0.523
1.219
4.412
3.334
3.078
2.682
2.832
1.88
1.224
1.166
1.162
0.799
2.485
4.029
3.272
3.053
2.551
2.289
1.689
0.901
0.673
0.673
0.613
0.428
0.492
1.318
4.381
3.407
2.786
2.682
2.705
1.88
1.224
1.142
1.162
0.799
2.401
4.038
3.342
3.125
2.547
2.125
1.689
0.913
0.653
0.68
0.625
0.455
0.508
1.108
4.444
3.466
2.973
2.6
2.601
1.88
1.224
1.142
1.09
0.699
1.854
4.205
3.495
3.125
2.587
2.173
1.691
1.008
0.642
0.655
0.625
0.524
0.513
0.954
4.45
3.357
2.946
2.393
2.509
1.85
1.243
1.163
1.04
0.834
2.862
3.858
3.503
3.125
2.696
2.194
1.765
1.194
0.616
0.602
0.544
0.6
0.545
1.093
4.651
3.348
2.891
2.857
2.193
1.902
2.143
1.458
1.12
1.304
4.465
3.848
3.316
2.871
2.745
2.611
1.792
1.492
0.727
0.659
0.63
0.693
0.62
1.48
4.467
3.348
2.854
3.018
2.13
1.849
1.906
1.662
1.494
1.377
4.666
3.763
3.023
2.446
2.663
2.528
1.566
1.069
0.729
0.656
0.621
0.601
0.59
1.038
4.99
3.503
3.067
2.417
2.603
1.826
1.174
1.301
1.208
1.258
3.992
3.88
3.379
3.123
2.561
2.133
1.482
0.866
0.704
0.656
0.635
0.63
0.663
0.917
5.55
3.503
3.052
2.122
2.418
1.545
0.892
0.944
0.853
1.51
4.848
3.567
3.381
3.156
2.869
2.354
1.671
1.067
0.704
0.672
0.654
0.637
0.727
0.883
5.252
3.415
3.052
2.07
2.068
1.594
0.9
0.884
0.851
1.773
4.836
3.608
3.538
3.279
3.019
2.391
1.833
1.376
1.008
0.736
0.743
0.773
0.788
0.883
5.291
3.56
3.052
2.07
2.068
1.594
0.9
0.887
0.851
1.567
4.804
3.696
3.454
3.106
3.009
2.412
1.639
1.226
1.005
0.678
0.701
0.748
0.754
0.785
5.252
3.366
2.923
2.129
2.128
1.857
0.9
0.907
0.892
1.567
4.841
3.568
3.266
2.824
2.729
2.307
1.789
1.187
0.697
0.716
0.661
0.659
0.62
1.475
4.826
3.048
2.452
2.71
1.454
1.199
1.743
1.606
1.072
1.449
4.469
3.591
2.747
2.088
2.427
2.296
1.832
1.433
0.968
0.695
0.661
0.647
0.565
1.084
4.539
2.708
2.505
2.48
1.589
1.474
1.411
1.283
0.865
1.481
4.232
3.651
2.952
2.2
2.484
1.985
1.433
1.008
1.005
0.656
0.701
0.699
0.729
0.855
4.935
3.425
2.693
1.971
2.019
1.74
0.698
0.722
0.74
1.529
4.685
3.643
3.273
2.865
2.878
2.597
1.608
1.224
1.203
0.71
0.677
0.649
0.621
0.8
4.895
3.393
2.526
1.96
1.901
1.522
0.768
0.684
0.607
1.258
4.534
3.655
3.09
2.752
2.843
2.503
1.417
1.172
1.151
0.714
0.62
0.612
0.533
0.923
4.773
3.545
2.319
1.926
1.956
1.937
0.937
0.77
0.701
1.153
4.51
3.655
3.226
2.713
2.636
2.25
1.013
0.931
0.959
0.714
0.574
0.565
0.505
0.887
4.824
3.418
2.257
1.829
1.857
1.704
1.307
1.145
0.703
1.112
4.51
3.589
3.174
2.713
2.647
2.202
0.997
0.921
0.879
0.609
0.574
0.402
0.395
0.777
4.725
3.397
2.257
1.829
1.805
1.612
1.286
0.833
0.641
1.093
4.558
3.479
3.111
2.713
2.647
2.026
1.693
1.442
1.015
0.809
0.698
0.715
0.626
1.076
4.557
2.809
2.853
2.522
2.038
1.923
1.808
1.573
0.967
1.442
3.917
3.63
2.956
2.441
2.792
2.445
1.609
1.193
1.015
0.748
0.669
0.664
0.669
1.054
5.012
3.35
3.12
2.628
2.61
2.261
2.323
1.901
1.043
1.703
4.315
3.379
2.552
2.318
2.663
1.965
0.862
0.882
0.808
0.584
0.533
0.404
0.378
0.783
4.759
3.576
2.311
1.797
1.785
1.402
1.286
0.833
0.564
1.093
4.326
3.538
2.97
2.682
2.602
1.799
1.041
0.98
0.878
0.692
0.623
0.465
0.402
0.867
4.766
3.507
2.517
1.878
1.807
1.474
1.45
0.79
0.589
1.093
4.53
3.472
3.101
2.662
2.348
1.251
0.716
0.708
0.64
0.594
0.551
0.513
0.391
0.932
4.766
3.506
2.531
2.247
1.79
1.474
1.39
0.72
0.746
1.275
4.606
3.347
2.908
2.452
2.177
1.053
0.724
0.72
0.63
0.581
0.574
0.489
0.476
0.809
4.692
3.617
2.813
2.528
1.777
1.354
1.457
0.694
0.834
1.241
4.566
3.276
2.593
2.224
2.258
0.822
0.631
0.553
0.496
0.438
0.503
0.424
0.334
0.795
4.872
3.617
2.83
2.528
1.865
1.69
1.094
0.671
0.934
1.042
4.566
3.337
2.799
2.224
2.217
0.822
1.441
0.861
0.733
0.689
0.631
0.558
0.628
1.15
5.095
3.194
2.738
2.387
2.038
1.722
1.808
1.529
0.629
1.24
4.11
3.297
2.448
2.402
2.914
2.068
1.145
0.622
0.576
0.632
0.544
0.42
0.525
0.951
4.808
3.279
2.764
2.303
1.836
1.305
1.366
1.064
0.539
1.156
3.711
2.822
2.643
2.663
3.093
2.231
0.457
0.377
0.433
0.411
0.451
0.424
0.352
0.795
4.462
3.618
2.872
2.469
1.863
1.668
0.998
0.738
1.012
1.197
4.704
3.318
2.751
2.154
2.066
0.881
0.504
0.391
0.44
0.402
0.512
0.402
0.352
0.871
4.63
3.74
2.766
2.709
1.82
1.727
1.088
0.869
1.012
1.249
4.749
3.158
2.831
2.157
2.065
1.054
0.504
0.391
0.44
0.402
0.512
0.402
0.39
0.859
4.545
3.801
2.623
2.41
1.789
1.746
1.088
0.753
1.024
1.022
4.749
3.087
2.307
2.164
2.001
1.077
0.582
0.394
0.44
0.384
0.535
0.382
0.442
0.768
4.435
3.859
2.643
2.108
1.799
1.746
1.072
1.061
0.945
0.979
4.837
3.087
2.373
2.164
1.834
1.092
0.611
0.319
0.457
0.355
0.535
0.343
0.332
0.817
4.52
3.778
2.492
1.908
1.827
1.664
1.073
1.365
0.945
0.962
4.909
3.074
2.343
2.162
1.606
1.013
1.253
0.61
0.571
0.547
0.507
0.364
0.558
0.746
4.526
3.184
3.063
2.444
2.22
1.694
1.265
0.979
0.629
1.156
3.656
2.931
2.673
2.663
3.093
2.231
0.931
0.531
0.411
0.595
0.436
0.404
0.556
0.656
4.485
3.624
3.125
2.695
1.998
1.608
1.463
1.069
0.719
1.322
3.961
2.931
2.516
2.675
3.266
1.83
0.663
0.365
0.432
0.351
0.47
0.303
0.355
0.768
4.046
3.762
2.415
2.149
1.771
1.371
1.067
1.271
0.783
0.962
4.839
3.074
2.343
2.162
1.606
0.836
0.742
0.489
0.494
0.457
0.422
0.317
0.425
0.887
4.208
3.542
2.192
2.231
1.831
1.281
0.982
1.313
0.78
0.748
4.839
3.133
2.542
2.398
2.013
0.711
0.772
0.476
0.47
0.448
0.347
0.327
0.487
0.804
4.097
3.259
2.257
2.027
1.841
1.532
0.969
0.933
0.834
0.654
4.769
3.395
2.808
2.442
2.004
0.711
0.745
0.451
0.311
0.345
0.347
0.289
0.467
0.902
4.357
3.17
2.394
2.01
1.827
1.448
0.832
0.989
0.742
0.73
4.813
3.469
2.918
2.408
2.031
0.669
0.726
0.382
0.354
0.38
0.265
0.295
0.419
1.045
4.39
3.17
2.46
2.091
1.998
1.703
0.832
0.596
0.571
0.578
4.583
3.807
3.089
2.538
2.266
1.074
0.706
0.518
0.411
0.517
0.406
0.364
0.449
0.69
4.139
3.252
2.762
2.538
1.606
1.188
1.071
0.801
0.61
1.104
3.819
3.438
2.824
2.819
3.379
1.83
0.969
0.578
0.495
0.517
0.438
0.357
0.428
0.709
3.935
2.872
2.686
2.555
1.533
0.986
1.033
0.801
0.569
0.818
3.862
3.404
3.5
2.813
3.125
1.666
0.812
0.711
0.358
0.473
0.32
0.295
0.442
0.935
4.573
3.307
2.824
2.249
2.015
1.851
0.832
0.596
0.571
0.586
4.342
3.807
3.25
2.984
2.452
1.367
0.799
0.694
0.402
0.497
0.312
0.36
0.464
1.041
5.003
3.616
3.261
2.044
2.05
1.851
0.819
0.624
0.611
0.773
4.336
4.174
2.984
2.885
2.566
1.476
0.749
0.468
0.402
0.497
0.388
0.426
0.434
0.855
5.003
3.893
3.373
2.254
2.039
1.931
1.0
0.626
0.547
0.752
3.25
3.883
2.867
2.699
2.813
1.841
0.814
0.787
0.52
0.509
0.479
0.42
0.372
0.898
4.934
3.938
3.17
2.293
2.047
1.931
1.036
0.71
0.53
1.053
3.369
3.571
2.784
2.714
2.78
1.38
0.709
0.783
0.52
0.509
0.431
0.453
0.307
0.811
4.576
4.014
3.092
2.293
2.125
1.947
1.052
0.629
0.57
1.09
3.374
3.579
2.909
2.78
2.738
1.332
0.864
0.528
0.432
0.402
0.403
0.325
0.34
0.709
3.935
3.221
2.674
2.549
1.818
1.123
1.132
0.885
0.62
1.233
4.098
3.255
3.417
2.654
2.79
1.285
0.951
0.496
0.406
0.43
0.393
0.355
0.419
0.715
4.036
3.119
2.615
2.726
1.914
1.611
1.579
1.34
0.817
1.37
4.705
3.497
3.12
2.654
2.548
0.976
0.734
0.783
0.547
0.518
0.48
0.412
0.293
0.726
4.553
4.107
3.092
2.272
2.021
1.726
1.078
0.766
0.867
1.139
4.46
3.258
2.983
2.978
2.615
1.166
0.642
0.441
0.61
0.537
0.449
0.453
0.303
0.706
4.376
4.441
3.072
1.953
1.944
1.764
1.087
0.753
0.777
1.139
4.249
3.258
2.728
2.893
2.491
1.256
0.906
0.767
0.624
0.58
0.538
0.412
0.349
0.694
3.923
4.084
2.991
1.95
1.92
1.996
1.114
0.854
0.809
1.286
4.172
3.258
3.157
2.893
2.18
1.152
0.85
0.673
0.626
0.48
0.527
0.362
0.388
0.691
4.22
4.009
2.869
1.94
1.902
2.048
0.961
0.854
0.869
1.489
4.19
2.945
3.153
2.942
2.18
1.135
0.868
0.678
0.626
0.452
0.492
0.398
0.408
0.652
4.459
4.04
2.774
1.892
1.908
1.762
0.856
0.776
0.869
1.382
4.304
2.931
3.102
2.932
2.261
1.304
0.684
0.482
0.373
0.474
0.403
0.368
0.313
0.748
4.044
3.453
2.377
2.397
1.72
1.123
1.213
1.038
0.702
0.964
4.768
3.409
3.057
2.673
2.624
0.984
0.684
0.563
0.408
0.474
0.431
0.351
0.386
0.748
3.842
3.453
2.278
2.179
1.775
1.247
1.161
1.47
0.719
0.84
4.693
3.161
2.933
2.731
2.313
0.908
0.868
0.599
0.626
0.452
0.527
0.384
0.452
0.624
4.339
4.075
2.695
1.977
1.908
1.775
0.9
0.919
0.95
1.355
4.354
3.091
3.081
2.913
2.27
1.386
1.172
0.688
0.586
0.425
0.48
0.407
0.473
0.646
4.372
3.586
2.685
1.91
1.983
1.775
0.93
0.806
0.803
1.528
4.335
3.144
2.611
2.703
2.138
1.275
1.111
0.688
0.529
0.425
0.526
0.407
0.405
0.762
4.508
3.516
2.605
1.917
1.977
1.514
0.93
0.893
0.79
1.361
4.42
3.184
2.611
2.571
1.953
1.192
0.826
0.36
0.443
0.313
0.414
0.402
0.302
0.703
4.787
3.694
2.467
2.038
2.145
1.514
1.368
1.042
0.912
1.361
4.056
2.598
2.156
2.557
1.943
1.192
0.759
0.395
0.32
0.306
0.354
0.374
0.276
0.857
4.655
3.597
2.328
1.981
2.064
1.115
1.159
0.923
0.881
1.715
3.672
2.846
2.1
2.318
1.831
0.971
0.637
0.484
0.408
0.435
0.388
0.372
0.359
0.561
4.09
3.603
2.278
2.181
1.829
1.511
1.575
1.596
0.719
0.888
4.693
3.161
2.634
2.606
2.047
0.908
0.574
0.4
0.391
0.389
0.37
0.366
0.339
0.543
3.995
4.027
2.492
1.989
1.694
1.495
1.58
1.381
1.066
1.196
4.656
3.175
2.375
2.497
1.836
0.824
0.431
0.331
0.281
0.296
0.296
0.304
0.284
0.831
4.117
3.665
2.324
1.908
1.97
0.951
1.122
0.867
0.777
1.66
3.06
3.172
2.029
2.194
1.831
0.9
0.431
0.307
0.224
0.417
0.276
0.282
0.248
0.793
4.655
3.298
2.096
1.794
1.643
0.758
0.965
0.762
0.643
1.585
2.314
2.833
1.962
2.198
1.838
1.087
0.416
0.307
0.316
0.423
0.326
0.255
0.248
0.697
4.657
3.316
2.236
1.826
1.459
1.229
0.947
0.819
0.765
1.266
1.816
3.115
2.017
2.198
1.962
1.229
0.407
0.371
0.321
0.418
0.265
0.242
0.286
0.542
4.333
3.35
2.127
1.922
1.599
1.464
0.5
0.819
0.874
1.22
1.816
3.168
2.303
2.193
2.086
1.229
0.407
0.437
0.343
0.539
0.326
0.293
0.3
0.532
4.166
2.981
2.089
1.769
1.507
1.404
0.43
0.522
0.645
0.548
2.367
3.504
2.374
2.273
2.086
1.233
0.506
0.385
0.439
0.473
0.38
0.414
0.323
0.543
3.853
4.027
2.528
1.882
1.497
1.357
1.559
1.347
0.994
0.811
4.258
3.389
2.378
2.588
1.917
0.797
0.431
0.359
0.53
0.499
0.331
0.433
0.246
0.479
3.708
4.533
2.388
1.882
1.317
0.877
1.079
0.927
0.778
0.71
4.024
3.48
2.247
2.229
1.571
0.554
0.466
0.413
0.437
0.539
0.275
0.337
0.317
0.532
3.982
3.237
2.136
1.819
1.783
1.489
0.544
0.503
0.642
0.548
2.701
3.414
2.421
2.536
2.082
1.413
0.511
0.386
0.453
0.58
0.315
0.424
0.295
0.639
4.111
2.861
1.926
1.819
1.678
1.489
0.544
0.503
0.642
0.548
3.136
3.33
2.693
2.782
2.029
1.621
0.803
0.582
0.453
0.58
0.273
0.499
0.339
0.772
3.384
2.926
2.232
1.898
1.838
1.614
0.551
0.422
0.612
0.569
3.409
3.222
2.693
2.672
2.047
1.488
0.769
0.495
0.459
0.521
0.302
0.514
0.335
0.85
3.147
2.583
1.691
1.52
1.559
1.229
0.543
0.375
0.541
0.562
3.409
3.222
2.663
2.672
2.126
1.519
1.076
0.659
0.376
0.526
0.362
0.514
0.296
0.945
3.108
2.539
1.866
1.419
1.434
1.172
0.673
0.326
0.521
0.505
3.486
3.493
2.579
2.849
1.998
1.294
0.447
0.381
0.519
0.547
0.26
0.452
0.259
0.525
3.635
4.816
2.333
1.944
1.39
1.645
1.316
0.922
0.863
1.095
3.87
3.375
2.247
2.219
1.282
0.487
0.595
0.387
0.651
0.452
0.26
0.532
0.259
0.577
4.006
4.142
2.125
1.844
1.387
0.974
1.003
0.609
0.529
0.947
3.737
3.557
2.274
2.186
1.282
0.881
0.703
0.484
0.336
0.415
0.362
0.493
0.28
0.945
2.929
2.84
1.641
1.127
1.221
1.172
0.744
0.313
0.467
0.457
3.721
3.772
2.889
3.336
2.393
1.552
0.805
0.53
0.244
0.435
0.464
0.415
0.243
0.924
2.655
3.009
1.969
1.126
1.221
1.3
0.741
0.346
0.35
0.445
3.714
4.219
2.869
3.139
2.393
1.451
0.839
0.581
0.266
0.448
0.528
0.416
0.288
0.805
2.149
3.363
2.296
1.398
1.477
1.735
1.048
0.519
0.42
0.653
3.281
4.419
2.882
3.105
2.474
1.451
0.819
0.451
0.39
0.346
0.584
0.327
0.298
0.613
1.777
3.739
2.393
1.398
1.483
1.86
1.237
0.643
0.535
0.506
3.286
4.419
2.882
3.118
2.498
1.756
0.819
0.572
0.39
0.449
0.641
0.394
0.373
0.555
1.369
4.166
2.93
1.676
1.641
1.86
1.237
0.734
0.592
0.674
3.74
4.16
2.636
2.83
2.035
1.479
0.892
0.367
0.566
0.496
0.293
0.494
0.366
0.525
4.006
3.961
2.125
1.669
1.077
0.697
0.581
0.472
0.484
0.875
4.076
3.632
2.27
2.109
1.08
0.461
0.709
0.437
0.507
0.537
0.34
0.476
0.408
0.547
3.681
3.867
2.036
1.795
1.249
0.972
0.581
0.472
0.4
0.571
3.737
3.978
2.168
2.173
1.119
0.569
1.003
0.544
0.519
0.441
0.686
0.514
0.504
0.555
1.045
4.451
2.973
1.679
1.666
1.894
1.176
0.822
0.653
0.774
3.898
4.134
2.74
2.311
1.804
1.548
0.706
0.544
0.549
0.522
0.678
0.515
0.502
0.476
0.924
4.406
2.973
1.679
1.666
1.441
1.15
0.822
0.65
0.774
3.898
3.768
2.426
2.09
1.688
1.227
0.821
0.502
0.578
0.525
0.612
0.504
0.545
0.55
0.901
4.197
2.973
1.663
1.641
1.381
1.136
0.686
0.65
0.795
3.911
3.73
2.347
2.019
1.605
1.13
0.865
0.482
0.522
0.481
0.499
0.413
0.422
0.5
0.748
4.262
3.34
1.868
1.679
0.962
0.684
0.525
0.478
0.681
4.06
3.632
2.342
1.818
1.299
0.874
0.865
0.507
0.421
0.481
0.416
0.391
0.397
0.5
0.656
3.819
3.466
1.868
1.676
0.708
0.684
0.467
0.476
0.756
4.202
3.632
2.345
1.653
1.094
0.766
0.784
0.498
0.466
0.545
0.309
0.474
0.501
0.46
3.221
3.922
2.021
1.832
1.725
1.321
0.818
0.487
0.394
0.594
3.707
4.221
2.312
2.022
0.916
0.57
1.104
0.441
0.279
0.501
0.309
0.424
0.556
0.46
2.777
3.922
2.021
1.832
1.702
1.33
0.947
1.028
0.538
0.535
4.003
3.738
2.267
1.836
0.981
0.909
1.059
0.469
0.304
0.413
0.254
0.303
0.291
0.395
0.565
3.551
3.51
2.054
1.787
0.699
0.605
0.511
0.433
0.728
4.319
3.667
2.336
1.676
1.221
0.846
0.727
0.387
0.24
0.312
0.254
0.243
0.229
0.334
0.501
3.21
3.602
2.195
1.7
0.519
0.505
0.398
0.433
0.72
4.274
3.47
2.222
1.815
1.402
0.814
0.587
0.382
0.24
0.237
0.231
0.238
0.228
0.279
0.457
3.21
3.648
2.213
1.7
0.485
0.513
0.449
0.428
0.735
4.017
3.37
2.05
1.857
1.112
0.689
0.441
0.331
0.208
0.186
0.174
0.245
0.176
0.22
0.438
3.288
3.722
2.26
1.486
0.485
0.557
0.508
0.555
0.78
4.135
3.057
1.918
1.749
1.211
0.784
0.432
0.332
0.244
0.167
0.196
0.245
0.216
0.199
0.502
2.975
3.674
2.148
1.269
0.467
0.537
0.563
0.709
0.989
4.027
2.949
1.63
1.858
1.351
0.788
0.514
0.356
0.265
0.453
0.299
0.339
0.556
0.342
1.973
3.705
2.194
1.682
1.591
0.908
0.635
1.059
0.464
0.44
3.656
3.974
2.267
1.836
1.118
1.237
0.813
0.306
0.158
0.443
0.264
0.21
0.427
0.306
0.851
3.464
2.845
1.639
1.304
0.855
0.731
0.96
0.492
0.492
3.431
3.779
2.026
1.362
0.824
0.909
0.664
0.22
0.212
0.152
0.156
0.244
0.167
0.195
0.471
3.043
3.695
1.993
1.038
0.624
0.537
0.601
0.735
0.991
4.08
2.933
1.732
1.92
1.464
0.834
0.418
0.161
0.188
0.116
0.15
0.199
0.119
0.188
0.522
2.973
3.695
1.81
0.797
0.646
0.537
0.503
0.735
1.132
3.721
2.706
1.426
1.743
1.234
0.838
0.455
0.221
0.188
0.123
0.122
0.199
0.118
0.157
0.616
3.441
3.49
1.739
0.797
0.862
0.547
0.601
0.717
1.272
3.603
2.458
1.236
1.574
1.054
0.87
0.587
0.179
0.151
0.163
0.14
0.234
0.134
0.193
0.645
3.197
3.081
1.729
1.01
0.862
0.544
0.587
0.763
1.347
3.603
2.458
1.011
1.329
1.013
0.895
0.71
0.237
0.197
0.229
0.166
0.305
0.177
0.278
0.658
2.983
2.644
1.67
1.291
0.716
0.479
0.546
0.738
1.26
3.505
2.428
1.125
1.247
0.901
0.872
0.765
0.322
0.155
0.371
0.223
0.169
0.362
0.251
0.424
3.742
2.845
1.639
1.304
0.855
0.842
0.969
0.504
0.464
2.266
2.858
1.52
0.944
0.972
1.237
0.589
0.286
0.246
0.3
0.223
0.19
0.306
0.198
0.375
3.208
3.287
1.763
1.168
0.779
0.697
0.755
0.501
0.355
1.502
1.886
1.038
0.58
0.776
1.091
0.362
0.247
0.194
0.194
0.195
0.259
0.168
0.316
0.606
2.983
2.909
1.612
1.446
0.843
0.487
0.742
0.693
1.128
3.652
2.128
1.368
1.247
0.773
0.924
0.744
0.241
0.207
0.196
0.249
0.264
0.162
0.383
0.714
2.853
2.728
1.654
1.722
0.605
0.468
0.653
0.518
1.042
3.819
2.109
1.001
0.992
0.773
0.995
0.754
0.241
0.237
0.25
0.266
0.32
0.223
0.413
0.697
2.649
2.728
1.851
1.987
0.842
0.551
0.763
0.693
0.875
3.819
2.109
1.174
1.006
0.851
0.943
0.754
0.262
0.237
0.249
0.266
0.354
0.223
0.413
0.535
2.291
3.014
1.806
1.966
0.638
0.533
0.557
0.562
0.681
3.629
2.051
1.249
0.912
0.801
0.903
0.715
0.319
0.237
0.191
0.253
0.327
0.213
0.324
0.503
2.009
3.343
1.729
1.694
0.64
0.533
0.555
0.588
0.611
2.951
1.625
1.341
1.005
0.801
0.903
0.686
0.245
0.231
0.244
0.183
0.139
0.216
0.174
0.375
3.262
3.422
1.704
0.783
0.519
0.634
0.695
0.489
0.34
1.007
1.091
0.665
0.58
0.857
1.16
0.232
0.262
0.229
0.194
0.179
0.149
0.159
0.175
0.342
3.027
3.454
1.609
0.876
0.723
0.634
0.604
0.489
0.953
1.007
0.622
0.665
0.721
0.698
1.024
0.232
0.264
0.237
0.139
0.2
0.273
0.153
0.246
0.486
1.644
3.872
1.651
1.439
0.52
0.453
0.561
0.568
0.494
2.393
1.624
1.356
1.152
0.78
0.834
0.662
0.207
0.19
0.148
0.148
0.235
0.123
0.173
0.497
1.644
3.681
1.912
1.062
0.392
0.388
0.471
0.518
0.428
1.806
1.402
1.356
1.546
0.985
0.872
0.666
0.213
0.173
0.142
0.13
0.217
0.122
0.129
0.397
1.212
2.819
2.151
0.858
0.432
0.401
0.496
0.656
0.546
1.481
1.216
1.608
2.079
0.783
0.872
0.72
0.226
0.188
0.142
0.13
0.174
0.122
0.129
0.361
1.244
3.28
2.317
0.653
0.421
0.401
0.448
0.518
0.489
1.406
1.256
1.513
2.079
0.802
0.921
0.812
0.226
0.206
0.158
0.136
0.136
0.144
0.14
0.402
1.049
2.846
2.317
0.632
0.42
0.427
0.448
0.608
0.56
1.487
1.304
1.858
2.815
0.993
0.863
0.803
0.211
0.221
0.158
0.181
0.136
0.153
0.175
0.301
2.73
3.559
1.412
0.676
0.643
0.634
0.537
0.411
0.953
1.154
0.603
0.359
0.632
0.505
0.667
0.384
0.176
0.225
0.125
0.148
0.129
0.164
0.144
0.263
2.469
2.754
1.549
0.755
0.951
0.658
0.666
0.392
0.439
0.668
0.62
0.83
1.154
0.537
0.663
0.438
0.171
0.204
0.141
0.137
0.125
0.152
0.137
0.378
0.794
2.268
2.419
0.803
0.431
0.427
0.417
0.536
0.55
1.328
1.642
1.9
2.964
1.123
0.992
0.757
0.164
0.149
0.156
0.162
0.136
0.155
0.147
0.376
0.842
1.516
2.141
0.861
0.43
0.418
0.37
0.485
0.577
1.219
1.304
1.633
2.308
1.123
0.992
0.715
0.146
0.14
0.142
0.158
0.143
0.146
0.145
0.4
0.774
1.146
1.413
0.861
0.446
0.51
0.453
0.608
0.63
1.231
1.292
1.221
1.584
0.97
0.9
0.578
0.153
0.161
0.203
0.201
0.15
0.165
0.157
0.364
0.762
1.175
1.128
0.705
0.514
0.526
0.44
0.442
0.554
1.058
1.095
1.054
1.156
0.955
0.812
0.489
0.132
0.136
0.145
0.174
0.144
0.144
0.138
0.377
0.86
0.787
0.642
0.558
0.481
0.427
0.409
0.485
0.625
0.959
0.961
1.072
1.278
0.956
0.722
0.448
0.194
0.337
0.125
0.161
0.182
0.151
0.145
0.216
1.964
2.615
1.504
0.877
1.082
0.583
0.855
0.971
0.582
0.754
0.656
0.896
1.17
0.537
0.483
0.384
0.153
0.228
0.123
0.135
0.142
0.151
0.162
0.31
2.062
1.627
1.003
0.49
0.767
0.561
0.567
0.918
0.772
1.113
0.88
0.948
1.465
0.596
0.719
0.599
0.132
0.121
0.13
0.168
0.132
0.132
0.125
0.3
0.791
0.787
0.707
0.516
0.414
0.388
0.393
0.366
0.548
0.959
1.117
0.908
1.03
0.956
0.774
0.401
0.129
0.133
0.136
0.173
0.131
0.123
0.127
0.377
1.029
0.814
0.38
0.389
0.326
0.388
0.39
0.366
0.559
1.077
0.941
0.8
0.975
0.998
0.774
0.382
0.138
0.131
0.126
0.134
0.131
0.123
0.116
0.393
1.08
0.814
0.421
0.31
0.292
0.439
0.39
0.333
0.587
1.283
0.95
0.794
1.074
1.144
0.801
0.445
0.182
0.157
0.139
0.139
0.135
0.13
0.121
0.434
1.115
0.85
0.45
0.309
0.184
0.362
0.268
0.252
0.576
1.254
0.905
0.769
1.154
1.176
0.872
0.599
0.225
0.132
0.126
0.132
0.129
0.129
0.119
0.541
1.252
0.879
0.376
0.253
0.134
0.362
0.25
0.3
0.559
1.297
0.871
0.735
1.141
1.251
0.872
0.562
0.201
0.157
0.129
0.144
0.141
0.162
0.134
0.166
1.651
1.157
0.664
0.551
0.851
0.757
0.634
1.38
0.782
1.129
1.268
1.03
1.314
0.562
0.929
0.846
0.171
0.157
0.124
0.144
0.131
0.166
0.122
0.148
1.316
1.082
0.326
0.427
0.542
0.539
0.569
1.38
0.782
1.08
1.527
1.03
1.183
0.651
1.172
1.231
0.318
0.162
0.13
0.132
0.128
0.129
0.119
0.567
1.08
0.843
0.376
0.213
0.136
0.307
0.228
0.322
0.537
1.529
0.906
0.699
1.091
1.226
0.876
0.613
0.299
0.155
0.132
0.121
0.131
0.121
0.123
0.907
1.112
1.228
0.336
0.188
0.125
0.251
0.228
0.389
0.595
1.445
0.906
0.759
1.101
1.071
0.885
0.688
0.305
0.141
0.132
0.119
0.131
0.108
0.12
0.907
1.01
0.905
0.278
0.221
0.176
0.318
0.227
0.366
0.557
1.256
0.995
0.835
1.211
1.014
0.885
0.688
0.305
0.134
0.12
0.112
0.123
0.111
0.119
0.896
0.879
1.014
0.303
0.249
0.228
0.312
0.285
0.424
0.623
1.279
1.013
0.971
1.118
1.014
1.002
0.709
0.283
0.131
0.12
0.113
0.123
0.111
0.12
0.856
0.864
1.063
0.303
0.307
0.189
0.293
0.342
0.492
0.644
1.279
1.143
1.216
1.142
1.124
1.101
0.709
0.243
0.24
0.169
0.169
0.182
0.205
0.176
0.672
1.316
0.832
0.28
0.528
0.573
0.538
0.771
2.051
0.887
1.103
1.659
1.333
1.183
0.991
1.627
1.518
0.294
0.242
0.19
0.165
0.19
0.207
0.185
0.683
1.316
0.939
0.28
0.59
0.519
0.843
0.871
2.542
1.534
1.18
1.599
1.187
1.183
1.342
2.031
1.788
0.248
0.163
0.163
0.167
0.196
0.221
0.168
0.822
0.864
1.319
0.381
0.314
0.272
0.293
0.491
0.492
0.783
1.539
1.143
1.33
1.152
1.1
1.218
0.963
0.248
0.193
0.222
0.239
0.272
0.348
0.262
0.925
0.974
1.41
0.515
0.538
0.432
0.996
0.776
0.566
1.285
1.668
1.283
1.37
1.251
1.254
1.586
1.208
0.303
0.211
0.227
0.265
0.292
0.375
0.281
0.552
1.293
1.41
0.723
0.845
0.742
1.023
0.66
0.728
1.325
1.732
1.283
1.495
1.577
1.352
1.848
1.449
0.467
0.274
0.251
0.278
0.314
0.393
0.37
0.414
1.28
1.325
0.972
1.814
0.814
1.076
0.803
1.297
1.75
2.009
1.37
1.684
1.776
1.398
2.075
1.691
0.523
0.277
0.263
0.278
0.314
0.393
0.37
0.414
1.574
1.637
1.518
2.003
0.792
1.051
1.343
1.297
1.72
1.725
1.524
2.112
1.794
1.34
2.053
1.691
0.308
0.242
0.225
0.216
0.22
0.268
0.258
0.896
1.65
1.184
0.522
0.57
0.454
0.9
0.76
2.145
2.069
1.45
1.621
1.517
1.65
1.63
2.189
1.788
0.306
0.246
0.216
0.219
0.21
0.229
0.231
0.371
1.323
1.416
0.91
0.57
0.454
0.9
0.923
2.145
1.936
1.517
1.632
1.778
1.685
1.765
2.055
1.766
0.528
0.411
0.382
0.259
0.256
0.291
0.332
0.397
1.56
1.579
1.898
2.873
1.187
1.218
1.363
1.976
2.18
1.682
1.402
2.021
1.642
1.34
1.68
1.73
0.528
0.364
0.33
0.203
0.188
0.183
0.241
0.357
1.196
1.511
1.898
2.873
1.082
0.544
0.844
1.825
1.607
1.225
1.545
2.021
2.037
1.515
1.934
1.529
0.383
0.216
0.176
0.165
0.175
0.161
0.241
0.339
1.401
1.476
1.696
1.969
0.656
0.369
0.671
1.309
1.044
0.93
1.801
1.963
1.997
1.441
1.613
1.233
0.317
0.211
0.18
0.145
0.158
0.142
0.228
0.284
1.063
1.1
1.946
1.769
0.372
0.318
0.587
1.17
1.001
0.867
1.633
1.505
1.564
1.441
1.404
0.921
0.282
0.213
0.174
0.137
0.155
0.135
0.148
0.267
1.016
1.099
1.428
0.766
0.302
0.282
0.414
0.707
1.065
0.774
1.495
1.127
1.273
1.36
1.087
0.672
0.263
0.226
0.221
0.218
0.209
0.224
0.236
0.367
1.539
1.416
0.91
0.531
0.42
0.588
0.923
1.832
1.99
1.517
1.632
1.823
1.731
1.765
1.855
1.395
0.414
0.341
0.284
0.282
0.268
0.271
0.293
0.428
1.593
1.268
0.972
0.905
0.385
0.567
1.127
1.282
1.817
1.358
1.79
1.734
1.535
1.558
1.605
1.03
0.232
0.213
0.171
0.141
0.141
0.135
0.149
0.23
0.673
1.099
1.428
0.656
0.41
0.461
0.414
1.447
1.532
0.897
1.476
1.015
1.318
1.36
1.096
0.904
0.232
0.201
0.171
0.141
0.146
0.142
0.197
0.273
0.663
1.086
1.033
0.471
0.271
0.268
0.331
0.675
0.904
0.912
1.476
0.971
1.112
1.109
1.146
0.672
0.204
0.203
0.167
0.149
0.148
0.153
0.201
0.293
0.799
0.92
1.122
0.409
0.335
0.281
0.382
0.885
1.474
0.912
1.402
0.92
1.112
0.994
1.004
0.586
0.244
0.199
0.173
0.154
0.144
0.151
0.159
0.298
0.603
0.827
1.139
0.354
0.335
0.322
0.262
0.784
1.514
0.917
1.16
0.91
1.054
0.902
0.961
0.706
0.383
0.235
0.182
0.154
0.149
0.154
0.153
0.326
0.636
0.909
0.706
0.245
0.345
0.321
0.262
0.813
1.468
0.816
1.132
0.928
1.507
0.898
0.927
0.773
0.338
0.259
0.21
0.2
0.192
0.191
0.223
0.201
1.18
1.268
0.994
1.141
0.439
0.608
0.963
0.901
1.764
1.395
1.79
1.61
1.562
1.374
1.29
0.993
0.293
0.254
0.2
0.207
0.195
0.192
0.219
0.207
1.18
1.271
0.911
1.275
0.541
0.608
1.218
0.741
1.266
1.35
2.074
1.467
1.204
1.059
1.206
0.993
0.389
0.212
0.16
0.153
0.141
0.147
0.143
0.32
0.582
0.88
0.808
0.43
0.31
0.302
0.287
0.586
0.973
0.989
1.034
0.951
1.524
0.876
0.931
0.778
0.379
0.201
0.154
0.149
0.141
0.138
0.121
0.32
0.585
0.838
0.648
0.259
0.309
0.233
0.234
0.384
0.481
0.848
0.874
0.951
1.46
0.884
0.965
0.649
0.228
0.158
0.131
0.144
0.134
0.119
0.121
0.29
0.723
0.9
0.571
0.267
0.343
0.278
0.255
0.43
0.611
0.926
1.011
0.942
1.473
0.884
0.899
0.691
0.226
0.17
0.149
0.144
0.134
0.119
0.108
0.267
0.526
0.903
0.479
0.343
0.286
0.277
0.221
0.395
0.611
1.059
0.975
0.909
0.958
0.813
0.891
0.661
0.183
0.162
0.141
0.133
0.135
0.121
0.111
0.23
0.861
1.124
0.374
0.373
0.346
0.277
0.269
0.482
0.592
1.008
0.868
0.831
0.977
0.818
0.902
0.564
0.224
0.217
0.2
0.159
0.144
0.14
0.158
0.146
1.18
1.376
0.72
1.315
0.502
0.504
1.189
0.583
0.736
1.076
1.963
1.226
1.045
1.001
1.026
0.836
0.363
0.31
0.261
0.205
0.202
0.189
0.187
0.192
1.265
1.32
0.549
1.56
0.471
0.46
0.941
0.436
0.635
0.708
1.495
0.852
0.801
0.869
1.026
0.836
0.144
0.138
0.133
0.128
0.136
0.118
0.123
0.195
0.832
1.102
0.335
0.419
0.374
0.349
0.325
0.383
0.493
1.008
0.887
0.739
0.866
0.732
0.892
0.564
0.129
0.121
0.131
0.11
0.129
0.118
0.117
0.191
1.172
1.435
0.335
0.338
0.493
0.394
0.27
0.336
0.422
0.811
0.96
0.675
0.754
0.646
0.833
0.553
0.153
0.146
0.164
0.141
0.159
0.132
0.164
0.202
1.567
1.42
0.301
0.316
0.444
0.394
0.27
0.348
0.426
0.904
0.96
0.668
0.712
0.635
0.792
0.642
0.211
0.197
0.216
0.209
0.215
0.184
0.182
0.263
1.258
1.107
0.322
0.351
0.491
0.529
0.302
0.366
0.432
0.848
0.917
0.641
0.712
0.658
0.833
0.642
0.271
0.233
0.239
0.228
0.251
0.224
0.242
0.36
1.372
1.08
0.308
0.297
0.596
0.556
0.39
0.366
0.388
0.717
0.874
0.656
0.695
0.66
0.832
0.642
0.383
0.34
0.275
0.226
0.225
0.222
0.207
0.221
0.899
1.32
0.549
1.56
0.428
0.321
0.844
0.313
0.475
0.556
0.954
0.591
0.744
0.925
0.921
0.643
0.242
0.243
0.204
0.176
0.171
0.175
0.16
0.172
0.701
1.616
0.72
1.545
0.746
0.507
0.79
0.471
0.304
0.491
0.956
0.591
0.781
0.97
1.045
0.918
0.308
0.253
0.242
0.244
0.244
0.236
0.24
0.366
1.039
0.899
0.488
0.297
0.611
0.676
0.438
0.369
0.423
0.673
0.916
0.685
0.791
0.66
0.902
0.632
0.341
0.311
0.291
0.305
0.297
0.299
0.291
0.46
1.306
1.198
0.474
0.295
0.641
0.627
0.566
0.388
0.418
0.75
0.918
0.705
0.853
0.73
0.856
0.583
0.341
0.311
0.291
0.305
0.296
0.299
0.291
0.517
1.424
0.973
0.319
0.35
0.515
0.466
0.587
0.488
0.551
1.147
0.888
0.749
0.889
0.812
0.968
0.623
0.365
0.328
0.312
0.301
0.307
0.309
0.305
0.514
0.941
1.079
0.359
0.461
0.513
0.466
0.587
0.555
0.558
0.836
0.946
0.792
0.939
0.807
0.962
0.679
0.4
0.355
0.324
0.312
0.308
0.311
0.319
0.511
1.014
1.059
0.352
0.51
0.422
0.314
0.543
0.527
0.469
0.795
0.941
0.854
0.789
0.749
0.86
0.646
0.242
0.242
0.217
0.176
0.172
0.172
0.16
0.203
0.603
1.383
0.678
1.503
0.515
0.585
0.697
0.326
0.242
0.327
1.008
0.629
0.825
0.965
1.083
0.709
0.414
0.236
0.207
0.169
0.166
0.16
0.162
0.188
0.609
1.56
0.548
1.41
0.406
0.585
0.295
0.328
0.242
0.327
0.567
0.577
0.776
0.892
0.992
0.778
0.312
0.282
0.255
0.255
0.245
0.263
0.254
0.445
0.948
1.083
0.42
0.561
0.36
0.353
0.476
0.622
0.539
0.792
1.042
0.922
0.939
0.865
0.915
0.8
0.275
0.264
0.253
0.242
0.315
0.308
0.302
0.515
1.058
1.034
0.378
0.519
0.307
0.28
0.456
0.604
0.527
0.792
1.027
0.93
0.871
0.765
0.809
0.832
0.233
0.202
0.203
0.181
0.277
0.243
0.258
0.521
1.22
1.034
0.401
0.519
0.268
0.304
0.289
0.604
0.527
0.737
0.964
0.93
0.924
0.788
0.821
0.805
0.226
0.206
0.203
0.188
0.277
0.239
0.258
0.464
0.839
0.98
0.452
0.494
0.314
0.346
0.323
0.433
0.347
0.626
0.92
0.92
0.964
0.732
0.821
0.626
0.14
0.133
0.147
0.144
0.22
0.184
0.199
0.432
0.798
0.926
0.449
0.453
0.361
0.346
0.323
0.348
0.296
0.486
0.933
0.963
0.932
0.805
0.869
0.641
0.334
0.161
0.136
0.147
0.163
0.156
0.163
0.193
0.609
1.281
0.547
1.394
0.447
0.686
0.329
0.332
0.243
0.331
0.768
0.777
0.958
0.935
0.918
0.845
0.161
0.137
0.129
0.12
0.146
0.135
0.146
0.193
0.51
1.316
0.596
1.658
0.767
1.039
0.798
0.541
0.36
0.39
1.134
0.914
1.025
1.037
1.108
0.856
0.14
0.133
0.139
0.144
0.162
0.138
0.153
0.368
0.735
0.978
0.529
0.402
0.361
0.381
0.462
0.411
0.411
0.495
1.061
1.025
1.041
0.809
0.928
0.641
0.173
0.147
0.143
0.159
0.227
0.197
0.197
0.483
0.712
1.017
0.719
0.402
0.376
0.381
0.476
0.411
0.357
0.401
1.187
1.025
0.932
0.747
0.839
0.449
0.18
0.178
0.155
0.159
0.161
0.175
0.167
0.459
0.768
1.017
0.718
0.372
0.373
0.381
0.351
0.394
0.36
0.304
1.17
0.935
0.845
0.767
0.867
0.438
0.176
0.181
0.156
0.156
0.161
0.175
0.157
0.396
0.768
0.852
0.819
0.443
0.422
0.379
0.398
0.41
0.395
0.379
1.171
0.904
0.704
0.714
1.018
0.45
0.176
0.181
0.168
0.165
0.162
0.191
0.165
0.477
0.977
0.654
0.532
0.441
0.422
0.39
0.409
0.418
0.415
0.453
1.179
0.937
0.619
0.686
0.86
0.52
0.144
0.137
0.123
0.12
0.139
0.131
0.146
0.205
0.685
1.317
0.596
1.658
0.792
1.039
0.825
0.576
0.37
0.39
1.167
0.926
1.025
0.869
1.108
0.945
0.158
0.144
0.146
0.122
0.146
0.127
0.144
0.212
0.779
1.11
0.596
1.324
0.565
1.146
0.928
0.54
0.445
0.503
1.167
0.926
1.047
0.869
0.988
0.566
0.176
0.186
0.162
0.168
0.176
0.192
0.153
0.501
1.125
0.604
0.7
0.655
0.441
0.44
0.44
0.462
0.464
0.498
1.149
0.959
0.728
0.686
0.934
0.518
0.144
0.178
0.169
0.156
0.166
0.189
0.159
0.539
1.348
0.402
0.587
0.655
0.455
0.388
0.384
0.391
0.437
0.498
1.211
0.832
0.665
0.697
0.861
0.571
0.135
0.155
0.16
0.143
0.139
0.154
0.145
0.521
1.348
0.402
0.422
0.445
0.403
0.388
0.35
0.327
0.372
0.456
1.021
0.832
0.959
0.776
0.986
0.571
0.127
0.152
0.153
0.138
0.15
0.136
0.131
0.521
1.448
0.641
0.537
0.608
0.478
0.548
0.381
0.318
0.372
0.522
1.151
1.022
1.318
0.984
1.068
0.591
0.128
0.154
0.157
0.154
0.147
0.154
0.142
0.557
1.644
0.752
0.429
0.51
0.439
0.54
0.428
0.35
0.373
0.497
1.301
1.062
1.623
1.189
1.068
0.582
0.167
0.153
0.147
0.13
0.144
0.132
0.149
0.266
0.87
0.919
0.555
0.985
0.622
1.062
0.904
0.457
0.375
0.468
1.302
0.88
0.952
0.823
0.958
0.489
0.16
0.164
0.165
0.141
0.141
0.148
0.155
0.377
1.267
0.919
0.581
0.652
0.862
0.774
0.88
0.368
0.299
0.615
1.564
0.933
0.994
0.985
0.958
0.424
0.142
0.156
0.154
0.15
0.15
0.149
0.142
0.538
1.701
0.997
0.567
0.539
0.411
0.568
0.441
0.39
0.387
0.455
1.63
1.184
1.716
1.435
1.226
0.618
0.167
0.157
0.163
0.155
0.15
0.161
0.151
0.564
2.028
1.266
0.457
0.491
0.408
0.661
0.402
0.393
0.346
0.573
1.531
1.078
1.564
1.218
1.108
0.611
0.191
0.181
0.172
0.191
0.163
0.177
0.168
0.529
2.359
1.518
0.59
0.584
0.397
0.67
0.402
0.403
0.272
0.417
1.612
1.359
1.781
1.272
1.242
0.633
0.242
0.203
0.188
0.223
0.177
0.217
0.191
0.608
2.359
1.864
0.943
0.761
0.472
0.59
0.422
0.425
0.306
0.576
1.943
1.359
1.728
1.164
1.35
0.721
0.242
0.234
0.188
0.246
0.172
0.232
0.193
0.639
2.16
1.93
0.662
0.606
0.411
0.494
0.355
0.389
0.291
0.682
1.982
1.331
1.573
1.045
1.419
0.712
0.167
0.176
0.176
0.149
0.153
0.163
0.165
0.535
1.454
0.911
0.566
0.632
0.893
0.768
0.898
0.391
0.322
0.623
1.625
0.86
0.93
0.951
0.938
0.424
0.196
0.185
0.204
0.163
0.167
0.201
0.189
0.716
1.986
1.178
1.0
0.494
0.622
0.463
0.375
0.252
0.241
0.441
1.72
0.819
0.897
0.953
0.842
0.421
0.267
0.234
0.207
0.241
0.187
0.223
0.189
0.574
1.863
2.387
0.815
1.003
0.48
0.524
0.355
0.397
0.305
0.735
2.562
1.705
1.317
1.118
1.747
1.065
0.324
0.295
0.294
0.311
0.271
0.305
0.236
0.659
1.864
2.692
0.733
0.972
0.436
0.471
0.657
0.442
0.314
0.854
2.447
1.607
1.246
1.034
1.645
1.017
0.31
0.285
0.316
0.285
0.255
0.281
0.266
0.643
1.865
2.821
0.716
0.957
0.405
0.443
0.694
0.489
0.436
0.942
2.796
1.657
1.507
1.16
1.645
1.157
0.412
0.265
0.329
0.271
0.26
0.282
0.277
0.643
1.437
3.014
0.63
0.944
0.405
0.43
0.71
0.489
0.436
1.033
3.25
1.417
1.224
1.188
1.619
1.112
0.341
0.208
0.253
0.236
0.184
0.2
0.248
0.589
1.466
2.908
0.45
0.58
0.405
0.43
0.704
0.499
0.577
1.086
2.97
1.148
0.994
1.209
1.236
0.75
0.195
0.206
0.204
0.178
0.18
0.201
0.215
0.727
2.283
1.645
1.038
0.541
0.597
0.483
0.344
0.267
0.256
0.531
1.879
0.861
1.075
1.224
1.083
0.433
0.247
0.25
0.226
0.219
0.216
0.228
0.237
0.739
2.283
2.332
1.337
0.541
0.552
0.44
0.305
0.223
0.256
0.576
2.126
0.861
1.075
1.032
1.332
0.681
0.342
0.198
0.28
0.219
0.19
0.225
0.264
0.583
1.808
2.908
0.534
0.74
0.622
0.502
0.733
0.787
0.625
0.957
3.11
1.009
0.864
1.333
1.16
0.806
0.387
0.302
0.352
0.286
0.253
0.334
0.321
0.67
2.236
3.144
0.578
0.624
0.767
0.585
0.519
1.157
0.868
0.932
2.994
1.009
1.178
1.289
1.108
0.627
0.27
0.229
0.287
0.286
0.195
0.232
0.264
0.622
2.807
2.997
0.71
0.761
0.84
0.729
0.482
0.985
0.849
0.957
3.274
1.222
1.117
1.251
1.108
0.69
0.285
0.263
0.286
0.35
0.197
0.257
0.26
0.653
2.986
3.085
0.967
0.823
0.955
0.785
0.518
0.912
0.793
0.829
3.379
1.446
1.15
1.381
1.332
0.685
0.285
0.363
0.36
0.437
0.277
0.356
0.304
0.726
3.636
3.138
1.202
0.85
0.962
0.899
0.634
1.024
0.856
0.836
3.281
1.575
1.265
1.391
1.4
0.823
0.254
0.287
0.259
0.228
0.267
0.266
0.249
0.638
2.446
2.68
1.365
0.631
0.585
0.44
0.305
0.265
0.282
0.786
2.621
0.923
1.156
1.1
1.664
0.815
0.406
0.287
0.329
0.252
0.267
0.282
0.272
0.629
3.052
3.539
1.9
0.722
0.585
0.492
0.474
0.387
0.374
0.83
2.589
0.874
1.012
0.886
1.388
0.77
0.325
0.363
0.424
0.436
0.279
0.362
0.311
0.748
3.636
3.565
1.55
0.869
0.805
0.847
0.665
1.039
0.856
0.901
3.364
1.638
1.566
1.531
1.57
0.939
0.403
0.361
0.429
0.468
0.309
0.38
0.295
0.748
3.988
3.154
1.417
0.778
0.634
0.828
0.759
0.746
0.856
1.036
3.364
1.638
1.677
1.426
1.564
0.812
0.361
0.29
0.442
0.438
0.263
0.361
0.22
0.697
3.696
2.924
1.529
0.889
0.598
0.801
0.839
0.746
0.693
1.123
3.509
1.364
1.483
1.459
1.797
0.858
0.366
0.315
0.471
0.38
0.307
0.361
0.299
0.66
3.146
3.437
1.771
0.902
0.594
0.762
0.853
0.699
0.657
1.084
3.486
1.214
1.483
1.527
1.825
0.98
0.366
0.316
0.471
0.317
0.327
0.356
0.274
0.618
3.09
3.852
1.851
1.019
0.543
0.875
0.857
0.741
0.643
1.364
3.285
1.151
1.288
1.387
1.707
1.096
0.444
0.37
0.355
0.368
0.299
0.252
0.267
0.564
3.631
3.575
2.205
0.797
0.664
0.57
0.563
0.417
0.431
1.007
3.036
1.024
1.108
1.026
1.481
0.693
0.38
0.332
0.351
0.268
0.299
0.228
0.267
0.516
3.457
3.691
1.857
0.927
0.738
0.688
1.196
0.501
0.549
1.007
3.434
1.167
1.092
1.197
1.793
0.995
0.366
0.278
0.447
0.264
0.271
0.292
0.274
0.577
2.726
4.187
2.113
1.138
0.544
0.84
0.874
0.749
0.736
1.549
3.068
1.017
1.279
1.399
1.755
0.835
0.299
0.281
0.371
0.256
0.271
0.308
0.328
0.577
2.652
3.615
1.851
1.138
0.907
0.808
1.027
0.861
0.736
1.917
2.887
1.017
1.279
1.351
1.602
0.773
0.245
0.281
0.348
0.212
0.261
0.264
0.581
1.261
2.652
3.44
1.68
1.121
1.144
0.899
1.103
1.043
0.9
2.484
2.722
1.149
1.305
1.445
1.484
0.646
0.242
0.262
0.281
0.199
0.243
0.236
0.674
1.406
2.893
3.077
1.532
0.995
1.185
0.763
0.959
0.946
0.879
3.131
2.132
1.234
1.338
1.3
1.024
0.341
0.21
0.237
0.22
0.198
0.222
0.264
0.699
1.977
3.527
2.483
1.304
0.978
1.432
0.877
1.078
1.054
0.999
3.131
2.132
1.408
1.487
1.318
0.824
0.926
0.404
0.321
0.397
0.265
0.329
0.228
0.346
0.541
3.517
3.565
2.132
1.255
0.832
0.694
1.806
0.78
0.656
1.661
3.379
1.132
0.937
1.034
1.473
0.758
0.462
0.344
0.46
0.305
0.361
0.246
0.441
0.694
3.999
2.739
1.925
1.417
0.832
0.694
1.806
0.813
0.893
2.4
2.619
1.359
0.937
1.293
1.362
0.341
0.282
0.237
0.264
0.229
0.222
0.274
0.717
2.123
3.692
2.048
1.562
0.978
1.533
0.861
1.136
1.28
1.206
3.532
1.815
1.389
1.421
1.398
0.78
0.243
0.28
0.298
0.207
0.301
0.222
0.262
0.717
2.682
4.156
1.875
1.322
0.89
1.286
0.77
1.206
1.33
1.125
3.596
1.814
1.529
1.421
1.389
0.613
0.222
0.334
0.287
0.243
0.278
0.24
0.244
0.557
2.682
4.156
1.875
1.322
1.018
1.18
0.937
1.138
1.236
0.889
3.641
1.768
1.49
1.349
1.344
0.567
0.285
0.314
0.307
0.222
0.32
0.224
0.256
0.526
2.414
4.208
1.936
1.547
1.018
1.057
0.861
0.933
1.034
0.788
3.738
1.953
1.509
1.164
1.344
0.728
0.347
0.345
0.312
0.215
0.341
0.204
0.275
0.491
2.473
3.923
2.017
1.705
0.978
1.155
0.891
0.976
1.039
0.824
3.755
2.211
1.537
1.062
1.344
0.776
0.525
0.47
0.336
0.46
0.328
0.323
0.228
0.565
1.557
4.054
2.665
1.925
1.426
0.842
0.647
1.71
0.759
0.954
2.965
2.08
1.244
0.771
1.171
1.069
0.374
0.394
0.336
0.409
0.306
0.343
0.218
0.622
2.652
3.889
2.375
1.684
1.562
0.831
0.674
1.56
0.762
0.815
3.115
2.186
1.619
1.146
1.366
1.421
0.392
0.355
0.303
0.239
0.325
0.219
0.33
0.458
2.523
4.131
2.096
1.678
0.845
1.057
0.891
1.195
1.008
0.716
3.864
2.211
1.505
1.062
1.218
0.711
0.383
0.327
0.303
0.236
0.251
0.216
0.261
0.458
3.207
3.648
1.882
1.335
0.804
0.963
0.809
1.135
0.903
0.716
3.864
2.337
1.76
1.108
1.165
0.711
0.44
0.293
0.312
0.239
0.251
0.212
0.311
0.54
3.373
3.322
1.991
1.342
0.782
1.035
0.787
0.836
0.773
0.828
3.959
2.371
1.769
1.185
1.167
0.851
0.485
0.298
0.366
0.213
0.288
0.193
0.326
0.585
3.351
3.486
2.113
1.4
0.666
0.891
0.776
0.949
0.804
0.853
4.049
2.518
1.891
1.16
1.098
0.877
0.476
0.298
0.369
0.213
0.275
0.193
0.329
0.665
4.251
3.226
2.696
1.372
0.782
0.988
1.015
1.352
0.915
0.865
4.135
2.632
1.788
1.135
1.018
0.795
0.398
0.39
0.322
0.419
0.28
0.369
0.25
0.678
3.219
3.795
2.283
1.874
1.562
0.808
0.714
1.53
0.92
0.815
3.067
2.1
1.94
1.427
1.33
1.448
0.377
0.336
0.278
0.37
0.262
0.318
0.245
0.67
4.036
4.134
1.96
1.874
1.562
0.83
0.691
0.965
0.92
0.816
3.067
2.071
2.223
1.853
1.444
1.313
0.505
0.268
0.355
0.235
0.258
0.212
0.319
0.674
4.448
3.282
2.637
1.393
0.957
1.033
1.063
1.343
0.915
0.949
4.135
2.898
1.867
1.211
1.098
0.923
0.472
0.269
0.446
0.218
0.267
0.221
0.265
0.825
5.1
3.106
2.86
1.447
0.876
1.245
1.192
0.977
0.919
1.179
4.307
2.917
1.973
1.341
1.049
1.064
0.47
0.262
0.352
0.208
0.264
0.224
0.259
0.779
4.464
3.232
2.865
1.682
0.813
1.313
1.126
0.977
0.76
1.046
4.025
3.003
1.876
1.341
1.063
0.941
0.394
0.26
0.266
0.214
0.244
0.219
0.252
0.722
4.47
3.232
2.3
1.654
0.806
1.206
1.126
0.887
0.823
1.147
4.172
3.168
1.876
1.245
0.95
0.929
0.334
0.256
0.236
0.215
0.244
0.219
0.244
0.661
4.836
3.201
2.313
1.946
0.947
1.276
1.137
0.791
0.95
1.262
4.421
3.272
1.99
1.473
1.834
1.107
0.377
0.395
0.297
0.296
0.296
0.287
0.272
0.67
3.889
4.134
1.96
1.667
1.562
0.861
0.803
0.556
0.661
0.798
2.725
2.449
2.685
2.226
1.447
1.313
0.318
0.356
0.277
0.284
0.296
0.229
0.272
0.709
4.402
3.882
1.973
1.687
1.366
0.87
0.883
0.743
0.844
0.798
2.725
2.924
2.572
2.03
1.22
0.976
0.312
0.267
0.307
0.223
0.254
0.223
0.244
0.571
4.497
3.309
2.056
2.074
0.947
1.237
0.874
0.791
0.866
1.348
4.489
3.201
2.085
1.603
2.091
1.224
0.31
0.27
0.352
0.223
0.282
0.218
0.281
0.721
4.612
3.327
2.025
1.782
0.865
1.157
0.965
0.801
0.846
1.414
4.873
3.15
2.167
1.787
2.142
1.123
0.338
0.311
0.326
0.271
0.316
0.218
0.34
0.611
4.361
3.327
2.025
1.835
0.994
1.041
0.965
0.711
0.772
1.29
4.672
3.184
2.095
1.953
3.143
1.009
0.352
0.37
0.393
0.323
0.348
0.282
0.367
0.698
4.397
3.285
2.081
1.965
1.292
1.092
1.025
0.745
0.886
1.319
4.782
3.232
2.204
2.092
2.371
1.079
0.418
0.396
0.432
0.353
0.373
0.327
0.403
0.744
4.433
3.241
2.307
2.041
1.523
1.228
1.05
0.795
0.863
1.261
4.722
3.266
2.276
2.287
2.454
1.07
0.356
0.406
0.303
0.328
0.341
0.265
0.32
0.735
4.433
3.83
2.437
2.087
1.723
0.921
1.041
1.033
1.09
0.845
2.792
3.147
2.589
2.03
1.354
0.881
0.359
0.465
0.365
0.324
0.416
0.252
0.383
0.725
4.63
4.16
2.489
2.623
2.156
1.0
1.041
1.033
0.969
0.853
2.816
3.147
2.508
1.95
1.209
0.849
0.471
0.424
0.442
0.412
0.383
0.384
0.403
0.76
4.433
3.395
2.545
2.041
1.529
1.068
0.983
0.659
0.698
1.077
4.39
3.266
2.311
2.417
1.884
1.035
0.471
0.424
0.442
0.412
0.383
0.394
0.386
0.78
4.67
3.395
2.548
2.06
1.56
0.863
0.943
0.635
0.67
1.072
4.355
3.306
2.302
2.417
1.781
0.93
0.478
0.413
0.442
0.382
0.357
0.394
0.332
0.701
4.657
3.404
2.548
2.06
1.56
0.918
0.844
0.602
0.775
1.072
4.355
3.249
2.259
2.284
2.541
0.867
0.425
0.442
0.448
0.343
0.359
0.342
0.323
0.718
4.634
3.449
2.492
2.107
1.447
0.946
0.83
0.676
0.843
1.128
4.365
3.335
2.447
2.248
1.964
0.912
0.426
0.442
0.448
0.343
0.363
0.336
0.34
0.682
4.608
3.455
2.449
2.128
1.447
0.976
0.856
0.733
0.658
0.977
4.348
3.219
2.415
2.182
1.928
0.913
0.313
0.498
0.347
0.29
0.433
0.224
0.415
0.784
4.692
4.029
2.467
2.698
2.161
0.981
0.964
1.014
0.865
0.81
3.435
3.15
2.187
1.952
1.273
0.731
0.289
0.498
0.399
0.295
0.433
0.208
0.415
0.846
4.843
3.732
2.935
2.319
2.356
1.227
0.884
1.068
0.805
0.722
3.822
3.27
2.145
1.951
1.247
0.731
0.418
0.489
0.394
0.376
0.333
0.321
0.352
0.637
4.961
3.887
2.337
2.074
1.532
0.976
0.854
0.757
0.673
1.196
4.278
3.154
2.609
2.286
1.906
0.766
0.418
0.452
0.393
0.331
0.337
0.293
0.333
0.603
4.968
3.779
2.064
1.892
1.536
1.189
0.854
0.757
0.703
1.215
4.44
3.221
2.287
2.091
1.605
0.707
0.434
0.537
0.315
0.334
0.337
0.288
0.333
0.601
4.693
3.384
1.935
1.769
1.685
1.294
0.821
0.69
0.694
1.046
4.439
3.2
2.202
2.146
1.61
0.838
0.445
0.547
0.301
0.334
0.379
0.288
0.346
0.656
4.813
3.391
2.085
1.86
1.869
1.167
0.756
0.656
0.536
0.835
4.341
3.349
2.271
2.135
1.427
0.767
0.471
0.479
0.301
0.327
0.34
0.314
0.32
0.581
4.764
3.419
2.088
1.965
2.071
1.167
0.709
0.575
0.627
0.687
4.316
3.242
2.374
2.106
1.427
0.809
0.289
0.439
0.399
0.299
0.421
0.229
0.402
1.051
4.855
3.732
2.965
2.654
1.684
1.141
1.041
1.176
0.989
0.941
4.075
3.27
2.145
1.951
1.36
0.806
0.295
0.445
0.382
0.261
0.409
0.24
0.387
0.974
4.855
3.618
3.032
2.59
2.026
1.377
1.411
1.5
1.035
1.061
4.211
3.339
2.355
2.722
1.537
0.928
0.465
0.445
0.298
0.261
0.284
0.313
0.253
0.568
5.121
3.508
2.088
2.057
2.099
1.353
0.709
0.575
0.761
0.739
4.285
3.386
2.592
2.189
1.588
0.784
0.5
0.404
0.317
0.261
0.276
0.356
0.228
0.667
5.174
3.429
2.138
2.243
2.129
1.562
0.665
0.633
0.793
0.739
4.353
3.376
2.388
2.189
1.992
0.854
0.521
0.486
0.32
0.302
0.27
0.397
0.246
0.671
4.777
3.441
2.606
2.433
2.129
1.672
0.652
0.658
0.852
1.204
4.391
3.252
2.462
2.368
2.148
0.929
0.551
0.428
0.394
0.349
0.327
0.453
0.253
0.683
5.151
3.494
3.373
2.617
2.247
2.271
0.85
0.814
0.873
1.606
4.391
3.144
2.533
2.406
2.41
0.92
0.582
0.429
0.463
0.395
0.336
0.48
0.277
0.653
5.282
3.894
3.619
2.617
2.369
2.624
1.24
1.624
1.073
1.822
4.439
3.191
2.517
2.925
2.762
1.011
0.314
0.415
0.369
0.258
0.388
0.24
0.331
0.999
5.048
3.578
2.784
2.577
1.92
1.508
1.883
1.579
0.764
0.76
4.461
3.324
2.36
2.829
1.696
0.944
0.404
0.416
0.369
0.273
0.366
0.266
0.321
1.017
4.705
3.578
2.645
2.577
1.92
1.977
1.697
1.461
1.027
0.816
4.571
3.524
2.839
3.29
1.917
1.034
0.602
0.487
0.465
0.431
0.386
0.478
0.312
0.838
5.523
3.904
3.63
2.915
2.374
2.794
1.838
1.955
1.105
2.232
4.439
3.346
2.517
2.902
2.546
1.234
0.874
0.761
0.484
0.474
0.431
0.478
0.355
0.859
5.544
4.083
3.081
2.867
2.374
2.813
1.937
1.846
1.033
2.232
4.592
3.319
2.66
2.945
2.641
1.515
1.069
0.74
0.533
0.511
0.481
0.453
0.392
0.915
5.296
4.183
3.205
2.881
2.486
2.666
2.37
1.894
1.043
1.855
4.701
3.536
2.844
2.438
2.641
1.855
1.063
0.767
0.548
0.467
0.481
0.401
0.378
0.992
5.296
4.183
3.441
3.074
2.564
2.667
2.643
2.051
1.172
1.468
4.828
3.723
2.847
2.352
2.707
1.956
1.051
0.73
0.551
0.407
0.413
0.359
0.385
1.063
5.08
3.818
3.312
2.682
2.55
2.352
2.298
1.285
1.078
1.174
4.571
4.045
2.964
2.377
2.668
1.956
0.792
0.416
0.43
0.322
0.347
0.268
0.314
0.804
4.875
3.688
3.124
2.8
2.381
2.252
2.198
1.849
1.411
1.315
4.692
3.936
3.173
3.562
2.169
1.326
0.792
0.502
0.4
0.389
0.394
0.297
0.355
0.733
4.557
3.605
3.045
3.198
2.77
2.462
2.365
2.099
2.021
1.534
4.744
3.912
3.453
3.947
2.234
1.367
1.034
0.659
0.528
0.429
0.418
0.341
0.38
1.082
4.967
3.656
3.285
2.603
2.515
2.437
2.109
1.051
0.807
0.9
4.326
3.947
3.036
2.211
2.429
1.818
0.773
0.435
0.501
0.437
0.362
0.341
0.38
1.082
4.526
3.55
3.285
2.248
2.479
2.284
1.705
1.024
0.715
0.9
4.326
3.611
2.956
2.143
2.359
1.796
0.755
0.435
0.482
0.403
0.382
0.343
0.377
1.082
4.437
3.55
3.697
2.084
2.237
2.045
1.453
1.016
0.701
0.756
4.259
3.626
2.892
2.035
2.442
1.62
0.497
0.494
0.471
0.371
0.382
0.343
0.366
0.871
4.401
3.66
4.092
2.049
2.121
1.896
1.328
1.027
0.701
1.187
4.142
3.637
2.846
1.997
2.442
1.577
0.555
0.43
0.459
0.45
0.466
0.388
0.364
0.966
4.731
3.805
3.778
2.049
2.121
1.825
1.275
0.986
0.516
1.1
3.987
3.609
2.968
2.105
2.474
1.668
0.778
0.502
0.428
0.437
0.418
0.315
0.381
0.655
4.66
3.679
3.282
2.865
3.175
2.484
2.365
2.099
1.853
1.361
4.744
3.608
3.434
3.262
2.198
1.482
0.963
0.53
0.438
0.488
0.413
0.35
0.386
0.781
4.615
3.872
3.528
3.337
3.306
2.158
2.253
1.664
1.441
0.951
4.674
3.766
3.368
2.984
2.317
1.685
0.772
0.508
0.459
0.491
0.49
0.401
0.424
0.991
4.717
4.079
3.619
2.373
2.418
2.009
1.425
1.268
0.87
1.421
3.989
3.609
3.103
2.029
2.489
1.768
0.835
0.522
0.49
0.479
0.502
0.415
0.485
0.969
4.63
4.196
3.637
2.513
2.336
2.049
1.535
1.095
0.863
1.435
4.04
3.652
3.129
2.128
2.534
1.823
0.898
0.514
0.526
0.54
0.594
0.442
0.485
0.969
4.63
4.196
3.637
2.738
2.355
2.188
1.898
1.349
1.093
0.985
4.226
3.659
3.083
2.245
2.534
1.761
0.669
0.476
0.541
0.567
0.562
0.453
0.515
1.049
4.495
4.0
3.315
2.889
2.358
2.226
1.901
1.547
1.083
0.985
4.226
3.581
3.077
2.358
2.366
1.761
0.72
0.496
0.536
0.567
0.525
0.453
0.548
1.096
4.538
3.775
3.267
2.889
2.293
2.327
1.809
1.698
0.933
0.985
4.302
3.5
3.037
2.374
2.338
1.693
1.184
0.57
0.493
0.488
0.447
0.374
0.445
0.854
4.596
3.879
3.528
3.713
3.306
2.229
2.146
1.689
1.778
1.03
4.626
3.84
3.443
2.912
2.374
1.804
1.018
0.683
0.493
0.488
0.484
0.392
0.454
0.902
4.672
3.879
3.603
4.109
3.517
2.229
2.146
1.734
1.307
1.36
4.603
3.754
3.443
2.912
2.607
1.89
0.747
0.526
0.53
0.564
0.498
0.46
0.548
0.974
4.538
3.633
3.295
2.711
2.102
2.68
1.864
1.737
1.486
0.974
4.441
3.41
2.804
2.298
2.28
1.517
0.708
0.513
0.48
0.564
0.545
0.474
0.528
1.026
4.545
3.428
3.084
2.485
1.987
2.56
1.652
1.436
1.205
1.275
4.659
3.366
2.619
2.276
2.362
1.311
0.652
0.532
0.424
0.557
0.537
0.482
0.506
1.106
4.708
3.385
3.087
2.403
2.102
2.318
1.757
1.453
1.328
1.321
4.782
3.366
2.619
2.276
2.365
1.311
0.652
0.532
0.413
0.557
0.536
0.456
0.505
1.076
4.708
3.427
3.194
2.354
2.112
2.306
1.757
1.388
1.461
1.465
4.782
3.262
3.078
2.559
2.519
1.345
0.693
0.565
0.413
0.589
0.583
0.472
0.523
1.162
4.87
3.386
3.099
2.303
2.191
2.324
1.842
1.401
1.461
1.465
4.866
3.4
3.57
2.827
2.633
1.506
1.018
0.722
0.693
0.525
0.514
0.457
0.486
1.001
4.595
3.991
3.523
3.725
3.687
2.069
1.728
1.26
0.855
1.112
4.603
3.497
3.511
2.996
2.374
1.731
1.027
0.73
0.725
0.537
0.53
0.457
0.467
1.226
4.814
4.128
3.723
3.393
3.785
2.038
1.565
0.949
0.596
0.981
4.567
3.594
3.719
2.973
2.49
1.731
0.993
0.853
0.496
0.598
0.613
0.52
0.605
1.237
5.251
3.45
3.302
2.415
2.269
2.34
2.048
1.401
1.453
0.928
5.016
3.504
4.132
3.159
2.627
1.777
1.295
1.145
0.853
0.58
0.613
0.572
0.644
1.488
5.038
3.379
3.152
2.422
2.5
2.34
2.039
1.328
1.044
0.94
5.038
3.604
4.356
3.222
2.921
2.266
1.6
1.298
0.986
0.565
0.652
0.577
0.721
2.119
4.971
3.443
3.152
2.437
2.543
2.381
2.096
1.447
1.176
0.94
4.776
3.797
4.596
3.334
2.913
2.266
1.613
1.33
1.132
0.647
0.678
0.613
0.833
2.269
4.603
3.496
3.241
2.519
2.326
2.582
2.193
1.407
1.17
0.881
4.84
3.826
4.581
3.354
2.899
2.444
1.728
1.33
1.132
0.664
0.703
0.7
0.833
2.346
4.947
3.445
3.141
2.468
2.371
2.622
2.189
1.408
1.144
1.149
5.102
4.066
4.808
3.354
2.651
2.131
1.145
0.73
0.82
0.594
0.524
0.504
0.467
1.34
4.916
4.15
3.499
3.453
3.235
2.077
1.889
1.256
0.807
1.172
4.567
3.477
3.886
3.598
2.945
1.966
1.325
0.922
0.945
0.649
0.571
0.568
0.526
1.319
4.724
3.949
3.564
3.347
3.601
2.347
2.061
1.686
1.134
1.539
4.591
3.477
4.143
4.145
3.04
2.138
1.455
1.072
0.877
0.582
0.739
0.713
0.868
2.095
5.373
3.578
3.274
3.015
2.509
2.695
2.232
1.603
1.36
1.239
5.004
4.033
4.71
3.472
2.629
2.218
1.386
0.823
0.898
0.65
0.779
0.739
0.874
2.077
5.035
3.495
3.246
2.541
2.55
2.742
2.191
1.601
1.517
1.374
5.056
4.126
4.661
3.65
2.675
2.15
1.1
0.69
0.803
0.694
0.778
0.706
0.843
1.437
5.153
3.814
3.353
2.81
2.509
2.532
2.192
1.898
1.639
1.396
4.794
4.262
4.661
4.272
2.675
2.15
1.1
0.69
0.841
0.72
0.816
0.735
0.83
1.333
5.153
3.584
3.443
3.122
2.604
2.832
2.252
2.056
1.658
1.396
5.177
4.104
4.819
4.667
2.848
2.36
1.408
0.798
0.841
0.779
0.873
0.736
0.81
1.333
5.026
3.48
3.443
3.392
2.865
2.637
2.267
2.092
1.886
1.396
5.03
4.223
4.544
4.667
2.848
2.293
1.483
1.253
1.067
0.7
0.634
0.61
0.567
1.404
4.773
4.035
3.611
2.963
3.575
2.352
1.776
1.286
0.826
1.504
4.607
3.514
4.143
4.145
3.042
2.251
1.457
1.17
0.883
0.687
0.692
0.67
0.608
1.404
5.03
3.972
3.859
2.963
3.138
2.16
1.885
0.935
0.723
1.369
4.579
3.715
4.15
3.939
2.703
2.385
1.46
0.807
0.847
0.802
0.846
0.695
0.902
1.352
4.963
3.655
3.464
3.392
2.827
2.637
2.267
2.166
1.759
1.281
4.808
4.062
4.14
4.245
2.869
2.293
1.497
0.812
0.833
0.816
0.795
0.693
0.794
1.349
4.963
3.473
3.388
3.107
2.718
2.52
2.256
2.166
1.72
1.244
5.09
4.055
3.643
3.513
2.776
2.082
1.299
0.852
0.779
0.719
0.75
0.693
0.717
1.44
4.774
3.817
3.538
3.048
2.668
2.408
2.191
2.088
1.586
1.213
4.752
3.968
3.16
3.407
3.038
2.296
1.618
1.107
0.884
0.816
0.744
0.717
0.768
1.391
4.457
3.817
3.566
3.092
2.758
2.41
2.158
2.112
1.508
1.272
4.861
3.968
3.424
2.825
3.048
2.22
1.336
0.985
0.784
0.798
0.691
0.736
0.711
1.273
4.381
3.867
3.516
3.013
2.423
2.199
2.005
1.985
1.185
1.016
4.45
3.582
3.521
2.825
2.809
2.088
1.348
0.899
0.839
0.731
0.722
0.706
0.69
1.412
5.292
3.814
3.746
2.971
2.647
2.167
2.117
1.172
0.908
1.378
4.529
3.851
4.074
3.628
2.703
2.385
1.357
0.897
0.846
0.731
0.756
0.75
0.734
1.241
5.432
3.814
3.789
2.707
2.494
2.172
2.311
1.463
1.368
1.76
4.313
3.475
4.162
3.958
2.729
2.316
1.297
1.003
0.697
0.749
0.691
0.721
0.653
1.094
4.381
3.867
3.357
2.973
2.423
2.199
2.005
2.012
1.078
1.016
4.434
3.349
3.182
2.766
2.673
1.821
1.143
0.95
0.708
0.708
0.691
0.721
0.653
1.094
4.005
3.876
3.289
2.922
2.359
2.143
1.927
2.012
1.037
0.981
4.446
3.28
3.73
3.274
2.934
2.009
1.179
0.999
0.733
0.717
0.668
0.737
0.662
1.109
3.843
3.531
3.144
3.226
2.698
2.199
2.055
2.088
1.079
0.966
4.27
3.337
3.896
3.359
3.549
2.65
1.279
1.015
0.813
0.741
0.664
0.737
0.7
1.007
3.82
3.244
3.116
3.576
2.977
2.365
2.183
2.174
1.079
0.966
4.47
3.768
4.182
3.017
3.211
2.253
1.197
0.804
0.768
0.741
0.706
0.753
0.726
1.051
3.874
3.216
3.073
3.576
2.954
2.367
2.376
2.252
1.062
0.889
4.723
3.768
3.767
2.854
3.056
2.041
1.552
0.974
0.81
0.708
0.756
0.75
0.734
1.264
5.559
3.925
3.861
2.65
2.5
2.172
2.3
1.295
1.254
1.598
4.173
3.953
4.37
3.272
2.498
2.066
1.357
0.819
0.713
0.681
0.67
0.694
0.682
1.163
5.803
4.17
4.127
2.78
2.162
2.05
1.811
0.941
0.752
1.214
4.145
4.087
4.554
3.412
2.498
2.099
1.223
0.844
0.783
0.741
0.709
0.739
0.717
1.051
4.064
3.214
3.078
3.75
3.001
2.343
2.387
2.252
1.164
0.858
4.723
3.768
3.469
2.383
2.887
2.071
1.223
0.844
0.842
0.759
0.712
0.761
0.722
1.096
4.433
3.531
3.178
3.951
2.688
2.231
2.291
2.231
1.073
1.234
4.745
3.792
3.469
2.471
3.017
2.336
1.223
0.844
0.834
0.772
0.746
0.761
0.64
1.034
4.653
3.452
3.395
3.951
3.016
2.481
2.38
2.151
1.344
1.47
4.858
3.818
3.469
2.471
2.488
2.227
1.156
0.79
0.846
0.786
0.782
0.742
0.641
0.988
4.653
3.452
3.467
3.91
2.845
2.361
2.174
2.141
1.26
1.5
5.126
3.706
3.63
2.71
2.455
2.115
1.054
0.705
0.8
0.761
0.788
0.683
0.568
0.996
5.106
3.632
3.436
3.891
2.936
2.291
2.025
2.038
1.196
1.257
4.495
3.989
3.607
2.673
2.359
2.016
1.357
0.819
0.713
0.722
0.675
0.694
0.643
1.172
5.803
4.063
4.1
3.195
2.458
2.158
2.3
1.295
1.131
1.486
4.145
4.205
4.612
3.426
2.908
2.129
1.567
1.047
0.891
0.715
0.634
0.706
0.639
1.16
5.375
4.144
3.51
3.003
2.622
2.156
2.054
1.527
1.467
1.476
3.673
4.432
4.466
3.242
2.973
2.069
0.874
0.67
0.76
0.701
0.767
0.602
0.514
0.899
4.954
3.632
3.436
3.648
2.785
2.221
1.939
1.884
1.196
1.257
3.632
3.989
3.569
2.966
2.391
2.108
1.099
0.845
0.726
0.771
0.814
0.624
0.548
1.021
5.262
3.588
3.41
3.404
2.753
2.267
2.026
1.91
1.47
1.728
4.172
4.027
3.526
2.971
2.367
2.115
1.099
0.772
0.668
0.745
0.741
0.615
0.548
0.998
4.88
3.573
3.311
3.255
2.684
2.45
2.015
1.91
1.433
1.18
4.291
4.14
3.577
2.865
2.223
2.115
1.375
0.784
0.651
0.724
0.754
0.603
0.612
1.089
5.379
3.544
3.27
3.202
2.372
2.568
1.962
1.928
1.416
0.873
4.272
4.161
3.352
2.552
2.268
2.191
1.38
0.863
0.64
0.71
0.752
0.598
0.591
1.076
5.557
3.648
3.251
3.245
2.383
2.568
1.953
1.713
1.389
0.889
3.228
4.336
3.352
2.552
2.337
2.217
1.623
0.994
0.738
0.569
0.543
0.583
0.612
0.947
5.494
4.384
3.619
3.302
2.839
2.197
2.064
1.636
1.686
1.62
3.193
5.063
4.52
3.456
3.156
2.2
1.857
1.28
1.046
0.9
0.663
0.65
0.59
0.95
5.445
4.405
4.132
3.743
2.777
2.136
2.023
1.835
1.686
1.62
3.673
5.063
3.939
2.725
3.326
2.366
1.666
1.098
0.677
0.784
0.793
0.665
0.672
1.011
5.166
3.694
3.251
3.245
2.383
2.739
2.054
1.858
1.527
1.193
3.336
4.453
3.657
2.842
2.796
2.31
1.737
1.167
0.697
0.783
0.793
0.738
0.713
1.018
5.75
3.694
3.427
3.327
2.357
2.666
2.041
1.628
1.527
1.741
4.381
4.029
3.745
2.755
3.016
2.39
1.768
1.026
0.723
0.713
0.72
0.734
0.733
0.911
5.152
3.78
3.548
3.464
2.698
2.853
2.068
1.634
1.436
1.532
4.386
4.213
3.893
2.701
3.172
2.405
1.576
0.979
0.724
0.695
0.708
0.675
0.745
0.878
5.024
4.116
3.683
3.464
2.705
2.613
2.076
1.621
1.414
1.532
4.485
4.114
4.016
2.798
3.172
2.355
1.36
0.979
0.712
0.694
0.655
0.675
0.676
0.845
4.387
4.116
3.665
3.553
2.564
2.257
2.117
1.621
1.272
2.011
4.71
4.007
4.016
3.424
3.399
2.707
1.847
1.531
1.313
1.014
0.742
0.76
0.593
0.84
5.066
4.245
4.146
3.872
3.03
2.261
2.084
2.117
2.009
2.29
4.038
4.872
3.681
2.727
3.326
2.366
1.946
1.785
1.297
1.051
0.767
0.766
0.593
1.092
4.725
3.937
3.409
3.592
3.03
2.261
2.084
2.117
2.009
2.29
3.538
5.034
3.531
2.727
3.069
2.366
1.61
1.217
1.01
0.811
0.677
0.826
0.754
0.863
4.428
4.173
3.785
3.497
2.272
2.221
2.089
1.777
1.418
1.981
4.71
3.726
3.866
2.953
2.942
2.62
1.52
1.167
0.648
0.569
0.534
0.571
0.63
0.789
4.552
4.26
3.991
3.528
2.351
2.221
2.047
1.673
1.348
2.135
5.426
3.596
3.438
2.665
2.607
2.19
1.483
1.124
0.617
0.533
0.558
0.498
0.567
0.839
4.501
3.91
3.466
3.49
2.415
2.304
2.047
1.662
1.382
1.855
5.03
3.541
3.051
2.33
2.427
2.092
1.081
1.046
0.585
0.543
0.52
0.429
0.557
0.804
4.725
4.232
3.383
3.276
2.133
2.117
1.954
1.609
1.305
1.51
4.029
3.541
2.783
2.358
2.339
2.101
1.363
1.374
1.007
0.931
0.951
0.869
0.902
1.158
4.653
3.664
3.06
2.981
2.05
1.896
1.717
1.599
1.354
1.579
3.283
3.713
2.578
2.532
2.305
1.997
1.995
1.715
0.917
0.729
0.558
0.672
0.526
0.801
4.801
4.017
3.376
3.339
2.757
2.198
1.996
1.734
1.776
2.04
3.539
5.075
3.499
3.011
2.895
2.278
1.889
1.396
0.671
0.654
0.487
0.596
0.519
1.031
5.242
4.079
3.244
2.947
2.429
2.143
1.771
1.481
1.469
2.129
4.139
5.313
3.248
2.908
2.786
2.16
1.598
1.614
1.37
1.166
1.169
1.196
1.297
1.679
4.653
3.664
3.192
2.828
2.004
1.688
1.717
1.599
1.382
1.609
3.283
4.068
2.994
2.532
2.305
1.78
1.108
1.254
0.897
0.671
0.724
0.679
0.865
1.342
4.653
3.923
3.406
2.47
1.749
2.001
1.729
1.24
1.224
1.609
4.707
4.471
2.965
2.299
2.131
1.66
0.85
0.986
0.93
0.735
0.724
0.758
0.865
1.35
4.962
4.233
3.406
2.442
1.441
1.794
1.418
0.985
0.994
1.255
4.955
4.747
3.333
2.293
1.843
1.484
0.895
0.868
0.908
0.753
0.686
0.794
0.853
1.338
5.2
4.556
3.9
2.681
1.111
1.312
1.27
0.985
0.914
0.911
5.123
5.018
3.689
2.281
1.535
1.086
0.932
0.819
0.873
0.711
0.69
0.713
0.837
1.514
5.256
4.566
4.263
2.464
0.877
0.986
1.067
0.662
0.727
1.385
6.096
5.048
3.912
2.103
1.283
0.946
1.659
1.396
0.677
0.7
0.476
0.608
0.548
1.079
5.222
4.105
3.278
2.661
1.878
1.839
1.56
1.324
1.194
1.869
4.753
5.012
3.248
2.87
2.314
1.765
1.19
1.015
0.446
0.649
0.461
0.566
0.543
1.254
5.406
4.22
3.278
2.536
1.513
1.608
1.249
1.279
0.895
1.394
5.011
5.338
3.478
3.131
1.825
1.242
0.666
0.618
0.625
0.663
0.614
0.556
0.56
1.46
6.101
5.089
4.705
2.688
1.071
1.383
1.164
0.631
0.742
1.672
6.43
5.113
4.157
1.518
1.263
0.791
0.666
0.556
0.523
0.561
0.495
0.496
0.497
1.145
6.101
5.231
4.77
2.735
0.959
1.599
0.903
0.567
0.723
1.459
6.252
5.113
3.912
1.262
1.263
0.722
0.669
0.556
0.525
0.561
0.472
0.537
0.489
0.982
6.015
5.123
4.77
2.735
1.014
1.317
0.86
0.708
0.9
1.517
6.205
5.127
3.643
1.024
1.217
0.722
0.643
0.561
0.454
0.511
0.454
0.481
0.487
0.98
6.027
5.065
4.703
2.351
0.879
0.996
0.824
0.708
0.903
1.558
6.243
5.166
3.579
1.117
1.268
0.819
0.682
0.568
0.498
0.479
0.422
0.458
0.535
1.219
6.402
5.065
4.75
2.71
1.069
1.032
0.882
0.72
0.903
1.558
6.265
5.119
3.441
1.082
1.195
0.819
0.855
0.693
0.4
0.572
0.353
0.502
0.496
1.221
5.849
4.644
3.508
2.443
1.187
1.254
1.036
1.006
0.895
1.394
5.638
5.447
3.355
2.774
1.458
0.939
0.5
0.402
0.4
0.517
0.349
0.456
0.48
1.043
6.351
5.088
3.879
2.153
0.919
1.328
0.922
1.055
0.887
1.723
6.12
5.307
3.249
2.103
1.458
0.68
0.671
0.591
0.521
0.453
0.412
0.494
0.504
1.074
6.904
5.147
4.831
2.743
1.234
1.208
0.841
0.814
0.953
1.556
6.261
5.103
3.298
1.075
1.152
0.824
0.564
0.502
0.444
0.398
0.387
0.402
0.443
0.73
6.904
5.153
4.693
2.323
1.222
1.032
0.891
0.866
0.969
1.336
6.221
5.075
3.132
1.184
1.225
0.765
0.503
0.418
0.425
0.348
0.409
0.35
0.432
0.839
6.904
5.012
4.418
1.454
1.261
1.03
0.944
0.91
0.968
1.128
6.213
5.109
3.4
1.342
1.093
0.703
0.448
0.407
0.369
0.352
0.376
0.318
0.373
0.841
6.834
5.042
4.225
1.46
1.302
1.142
1.014
0.983
1.011
1.477
5.991
5.041
3.4
1.342
1.009
0.666
0.46
0.353
0.414
0.361
0.4
0.304
0.404
0.847
6.806
5.064
4.319
1.649
1.307
1.283
1.089
1.101
0.983
1.975
5.955
4.922
3.215
1.303
0.906
0.589
0.5
0.402
0.425
0.521
0.361
0.431
0.511
1.1
6.351
5.331
4.032
1.692
0.695
0.841
0.737
0.973
0.887
1.723
6.12
5.307
3.527
1.963
0.964
0.567
0.482
0.468
0.501
0.583
0.434
0.47
0.511
0.934
6.312
5.371
4.322
2.379
0.893
1.421
0.922
1.219
1.025
1.804
6.0
4.996
3.834
2.049
0.886
0.522
0.39
0.319
0.38
0.308
0.39
0.262
0.362
0.71
6.559
5.108
4.518
1.505
1.422
1.466
1.121
1.26
1.026
1.975
5.745
4.787
3.294
1.337
0.959
0.673
0.398
0.319
0.38
0.342
0.393
0.262
0.332
0.785
6.473
4.921
3.889
1.199
1.224
1.343
1.121
1.203
1.02
1.64
5.561
4.831
3.242
1.276
0.942
0.566
0.398
0.322
0.38
0.333
0.411
0.258
0.332
1.351
6.344
4.823
3.889
1.199
1.069
1.343
1.114
1.203
1.024
1.494
4.282
5.012
3.616
1.282
0.899
0.59
0.472
0.372
0.4
0.456
0.413
0.315
0.335
1.308
6.344
5.001
4.129
1.441
1.077
1.349
1.061
1.264
1.039
1.551
4.462
4.933
3.392
1.179
0.918
0.59
0.441
0.372
0.394
0.445
0.413
0.325
0.343
1.286
6.4
5.057
4.061
1.354
1.047
1.162
1.061
1.334
1.002
0.863
4.597
5.046
3.392
1.254
0.992
0.672
0.434
0.468
0.467
0.54
0.467
0.427
0.448
0.914
6.124
5.371
4.467
2.475
0.944
1.617
0.93
1.109
1.014
2.015
6.181
4.902
3.169
1.657
0.954
0.599
0.398
0.428
0.417
0.453
0.372
0.359
0.376
0.854
6.192
5.406
4.467
2.2
0.91
1.483
0.929
0.95
0.987
1.99
6.266
4.879
2.619
1.253
1.007
0.654
0.488
0.495
0.478
0.522
0.491
0.442
0.357
1.343
6.454
4.989
3.953
1.117
1.009
1.023
1.045
1.289
1.006
0.863
4.609
5.06
3.337
1.174
1.008
0.623
0.496
0.485
0.466
0.523
0.473
0.437
0.389
1.965
6.369
4.807
3.107
0.929
0.888
0.992
1.017
1.347
1.014
1.131
5.848
5.163
2.639
0.991
1.011
0.617
0.496
0.47
0.43
0.523
0.425
0.449
0.42
1.481
6.301
4.995
3.174
1.288
0.821
1.004
0.927
1.202
0.973
1.201
5.963
5.045
2.298
0.963
0.929
0.716
0.496
0.463
0.426
0.538
0.405
0.454
0.42
0.859
6.093
5.137
3.424
1.461
0.907
1.024
0.975
1.268
1.048
1.307
6.098
4.896
1.907
0.963
0.978
0.841
0.527
0.544
0.44
0.415
0.4
0.449
0.414
0.782
6.093
5.145
3.416
1.1
0.889
1.021
0.903
1.157
0.992
1.601
6.017
4.896
1.644
0.922
1.006
0.833
0.412
0.45
0.466
0.465
0.382
0.408
0.433
0.846
6.017
5.287
4.344
1.637
0.907
1.592
0.809
0.942
0.902
1.99
6.137
4.833
2.337
1.253
1.029
0.527
0.361
0.448
0.409
0.473
0.31
0.397
0.383
0.744
6.017
5.319
4.307
1.637
1.022
1.147
0.968
0.772
0.845
1.662
5.873
4.841
2.488
1.249
0.861
0.485
0.544
0.517
0.453
0.382
0.401
0.437
0.4
0.791
5.944
5.148
3.708
1.383
0.809
1.015
0.802
1.157
0.947
1.779
5.987
4.642
1.647
0.784
0.986
0.634
0.517
0.502
0.453
0.313
0.401
0.453
0.394
0.726
6.058
5.278
3.75
1.535
0.809
1.123
0.802
1.182
0.903
1.628
5.891
4.688
1.647
1.077
0.952
0.67
0.541
0.526
0.48
0.359
0.498
0.531
0.379
0.726
5.938
5.278
3.75
1.544
0.821
1.15
0.796
1.024
0.794
2.167
5.787
4.179
1.413
1.188
0.944
0.61
0.543
0.565
0.489
0.336
0.535
0.482
0.385
0.704
5.518
5.341
4.043
1.544
0.892
1.12
0.896
1.151
0.847
2.167
5.815
4.169
1.716
1.136
0.963
0.628
0.553
0.556
0.526
0.379
0.548
0.49
0.437
0.735
5.389
5.372
4.163
1.392
0.867
1.091
0.904
1.06
0.752
2.083
5.815
4.174
1.658
0.917
0.92
0.576
0.323
0.357
0.359
0.392
0.265
0.4
0.347
0.671
6.177
5.237
4.17
1.73
1.171
1.209
1.14
0.812
0.865
1.704
6.084
4.903
1.862
1.122
0.953
0.568
0.323
0.329
0.316
0.349
0.265
0.375
0.311
0.612
6.298
5.239
3.732
1.331
1.026
0.968
0.968
0.772
0.826
1.318
5.845
4.976
1.862
0.988
1.023
0.637
0.483
0.46
0.499
0.47
0.579
0.486
0.432
0.71
5.123
5.506
4.291
1.674
0.83
0.979
0.904
1.023
0.765
1.541
5.932
4.504
1.77
1.201
0.905
0.573
0.52
0.48
0.499
0.47
0.579
0.538
0.45
0.708
4.467
5.259
4.176
1.468
0.841
1.0
0.968
1.0
0.858
1.582
5.983
4.368
1.616
1.288
0.933
0.672
0.499
0.4
0.462
0.477
0.577
0.511
0.467
0.716
4.467
5.112
3.973
1.254
0.798
0.936
0.906
0.812
0.785
1.449
5.914
4.356
1.115
1.012
0.954
0.745
0.484
0.4
0.441
0.5
0.476
0.446
0.467
0.593
4.185
5.359
3.973
1.205
0.748
0.805
0.821
0.72
0.752
1.19
5.914
4.719
1.639
0.945
0.903
0.647
0.443
0.364
0.441
0.494
0.397
0.434
0.442
0.536
4.508
5.409
3.565
1.18
0.734
0.795
0.821
0.644
0.739
1.339
5.947
4.734
1.436
0.99
0.959
0.647
0.335
0.359
0.369
0.354
0.277
0.375
0.362
0.612
6.298
5.402
3.161
0.95
0.937
0.818
0.874
0.706
0.715
0.968
5.832
5.211
1.74
0.924
0.973
0.637
0.369
0.407
0.398
0.393
0.333
0.422
0.398
0.634
5.821
5.402
3.161
0.95
0.967
0.845
0.949
0.731
0.736
1.223
5.577
5.365
1.791
0.924
0.863
0.677
0.448
0.369
0.419
0.499
0.438
0.477
0.451
0.488
4.11
5.658
3.9
1.123
0.739
0.878
0.835
0.692
0.813
1.427
5.934
4.545
1.55
1.112
0.961
0.694
0.448
0.336
0.431
0.425
0.447
0.487
0.457
0.578
4.58
5.565
3.9
0.847
0.811
0.969
0.958
0.697
0.904
1.482
5.976
4.543
1.627
1.036
0.961
0.755
0.408
0.33
0.453
0.447
0.461
0.436
0.424
0.622
5.159
5.822
3.489
0.747
0.94
1.004
0.939
0.663
0.904
1.212
5.869
4.682
1.782
0.956
0.922
0.766
0.392
0.33
0.393
0.447
0.392
0.436
0.412
0.565
4.58
5.897
3.61
0.797
1.012
0.997
0.933
0.675
0.917
1.153
5.718
4.694
1.782
0.956
0.905
0.72
0.45
0.368
0.393
0.413
0.396
0.436
0.429
0.614
4.257
5.968
3.889
0.774
1.023
1.102
0.933
0.675
0.917
1.142
5.937
4.52
1.506
0.888
0.944
0.813
0.439
0.413
0.378
0.375
0.339
0.405
0.438
0.637
5.819
5.402
2.781
1.041
1.066
0.816
1.031
0.967
0.753
1.223
5.517
5.365
1.907
0.929
0.959
0.793
0.439
0.401
0.378
0.34
0.336
0.397
0.438
0.637
5.194
5.742
2.886
1.469
0.974
0.863
0.953
1.037
0.684
1.362
5.715
5.352
1.717
0.906
0.996
0.771
0.486
0.414
0.393
0.416
0.433
0.432
0.437
0.613
3.781
6.06
4.439
0.774
1.097
1.127
0.933
0.675
1.018
1.282
5.712
4.52
1.506
0.789
0.82
0.738
0.474
0.414
0.387
0.385
0.397
0.391
0.386
0.613
3.863
6.206
4.105
0.703
0.966
1.092
0.946
0.771
1.23
1.223
5.642
4.52
1.338
0.761
0.853
0.738
0.517
0.455
0.341
0.388
0.338
0.35
0.386
0.57
3.373
6.206
3.412
0.602
0.912
0.998
0.83
1.0
1.114
0.933
5.454
4.522
1.185
0.68
0.775
0.704
0.504
0.399
0.282
0.361
0.297
0.296
0.362
0.468
3.064
6.195
3.549
0.628
0.768
0.79
0.768
0.908
0.933
0.88
5.335
4.761
0.899
0.607
0.665
0.623
0.51
0.375
0.305
0.311
0.285
0.22
0.334
0.515
3.246
6.026
2.867
0.512
0.643
0.639
0.67
0.83
0.807
0.774
4.839
4.921
0.872
0.546
0.563
0.572
0.538
0.445
0.382
0.37
0.402
0.404
0.49
0.655
4.993
5.667
2.752
1.359
0.789
0.752
0.781
0.932
0.671
1.723
5.488
4.878
1.604
0.885
0.905
0.738
0.522
0.409
0.381
0.329
0.44
0.381
0.483
0.583
4.567
6.002
3.108
1.627
0.719
0.68
0.781
1.188
0.956
2.437
5.488
3.917
1.286
0.885
0.815
0.681
0.375
0.273
0.265
0.27
0.241
0.225
0.307
0.418
4.082
5.629
2.422
0.532
0.575
0.507
0.63
0.875
0.744
0.809
4.336
5.174
1.466
0.577
0.422
0.454
0.272
0.24
0.251
0.224
0.241
0.181
0.308
0.498
4.809
5.168
2.076
0.418
0.552
0.446
0.462
0.762
0.516
0.809
4.345
4.759
0.981
0.571
0.497
0.424
0.258
0.238
0.243
0.187
0.253
0.226
0.314
0.526
4.347
5.027
2.114
0.503
0.569
0.446
0.462
0.584
0.516
1.049
4.345
4.321
0.992
0.591
0.497
0.392
0.171
0.187
0.206
0.143
0.253
0.224
0.239
0.497
4.551
5.131
2.019
0.498
0.509
0.42
0.417
0.559
0.481
1.151
4.397
4.112
0.887
0.54
0.599
0.402
0.162
0.189
0.214
0.143
0.248
0.224
0.239
0.519
4.551
5.131
2.048
0.454
0.539
0.477
0.486
0.646
0.623
1.151
4.397
4.112
1.167
0.64
0.701
0.45
0.501
0.316
0.296
0.29
0.373
0.378
0.428
0.553
4.693
5.819
2.867
1.627
0.702
0.647
0.718
1.188
0.963
2.437
5.367
3.174
1.155
0.774
0.819
0.584
0.429
0.231
0.243
0.206
0.3
0.296
0.313
0.534
4.693
5.819
2.622
1.308
0.702
0.687
0.718
1.29
1.353
2.379
5.277
2.906
0.94
0.774
0.808
0.641
0.162
0.142
0.18
0.187
0.215
0.226
0.204
0.394
3.436
5.51
2.713
0.539
0.572
0.539
0.594
0.646
0.667
1.527
4.935
3.37
1.201
0.712
0.744
0.45
0.206
0.153
0.181
0.188
0.215
0.188
0.179
0.519
3.327
5.51
2.493
0.576
0.561
0.511
0.58
0.618
0.667
1.475
5.001
3.002
1.045
0.661
0.77
0.449
0.233
0.153
0.181
0.203
0.215
0.225
0.179
0.413
2.545
5.844
2.911
0.596
0.561
0.524
0.642
0.634
0.594
1.136
4.708
3.828
1.245
0.797
0.798
0.415
0.228
0.165
0.21
0.207
0.186
0.188
0.195
0.405
2.354
5.978
2.931
0.684
0.564
0.456
0.55
0.54
0.594
0.88
4.655
3.856
1.269
0.792
0.774
0.616
0.286
0.204
0.21
0.256
0.201
0.139
0.23
0.384
1.636
5.988
3.584
0.74
0.545
0.528
0.616
0.567
0.693
0.718
4.226
4.155
1.449
0.903
0.813
0.649
0.333
0.156
0.178
0.142
0.309
0.24
0.203
0.49
4.361
5.734
2.498
1.334
0.567
0.636
0.61
0.816
0.875
2.041
5.225
2.517
0.904
1.257
0.808
0.506
0.311
0.197
0.179
0.139
0.337
0.204
0.181
0.597
4.616
5.717
2.498
1.334
0.833
0.645
0.68
1.074
1.134
2.055
5.016
2.148
0.904
1.349
1.025
0.471
0.26
0.219
0.183
0.252
0.239
0.147
0.266
0.512
2.596
5.314
2.904
0.723
0.518
0.476
0.545
0.518
0.562
0.718
4.226
3.442
1.293
0.896
0.962
0.478
0.289
0.258
0.192
0.204
0.286
0.139
0.305
0.477
2.596
5.4
3.187
0.605
0.438
0.387
0.54
0.587
0.672
0.651
4.109
3.767
1.301
0.917
0.959
0.557
0.237
0.248
0.222
0.243
0.286
0.136
0.305
0.282
1.449
5.079
4.559
0.764
0.459
0.473
0.636
0.657
0.793
0.705
3.963
3.973
1.321
0.938
0.957
0.584
0.301
0.209
0.232
0.245
0.282
0.13
0.305
0.224
1.044
4.651
4.894
0.824
0.459
0.515
0.629
0.635
0.774
0.666
4.24
3.692
1.116
0.913
0.904
0.657
0.373
0.234
0.193
0.236
0.275
0.143
0.323
0.183
0.829
4.326
4.894
1.262
0.417
0.561
0.765
0.744
0.784
0.652
4.125
4.092
1.084
0.922
0.942
0.638
0.479
0.158
0.167
0.134
0.24
0.172
0.146
0.499
3.79
6.105
2.965
1.444
0.83
0.676
0.639
1.02
1.078
2.06
4.753
1.979
0.904
1.36
0.977
0.607
0.235
0.157
0.137
0.126
0.192
0.172
0.146
0.499
3.226
5.411
3.435
1.325
1.165
1.008
0.729
0.761
1.3
1.538
4.931
2.136
0.919
1.516
1.364
0.953
0.286
0.206
0.292
0.236
0.283
0.155
0.294
0.237
0.652
3.834
5.577
1.872
0.461
0.573
0.629
0.679
0.656
0.644
4.199
3.79
1.012
0.854
0.941
0.673
0.407
0.191
0.321
0.2
0.298
0.19
0.258
0.237
0.551
3.834
5.577
2.662
0.638
0.584
0.735
0.668
0.656
0.7
4.654
3.79
1.012
0.854
0.778
0.802
0.521
0.162
0.31
0.236
0.236
0.19
0.244
0.233
0.48
3.597
5.485
3.244
0.638
0.584
0.602
0.545
0.535
0.7
4.601
3.399
0.91
0.923
0.883
0.806
0.533
0.149
0.276
0.199
0.279
0.178
0.244
0.236
0.498
3.477
5.008
3.143
0.715
0.493
0.492
0.445
0.389
0.606
4.838
2.901
0.847
0.972
1.013
0.822
0.545
0.178
0.182
0.224
0.276
0.222
0.244
0.228
0.47
2.658
5.084
3.143
0.615
0.426
0.498
0.425
0.401
0.603
4.492
2.959
0.85
1.035
1.071
0.903
0.554
0.206
0.144
0.126
0.233
0.187
0.148
0.384
2.077
5.462
3.798
1.325
1.325
1.008
0.708
0.786
1.258
1.478
4.783
2.068
0.983
1.659
1.268
1.1
0.3
0.249
0.165
0.14
0.225
0.202
0.159
0.282
1.69
4.273
4.166
1.616
1.325
1.008
0.708
0.603
1.4
1.496
5.319
2.068
1.063
1.545
1.682
1.1
0.354
0.175
0.226
0.233
0.334
0.218
0.251
0.244
0.471
1.985
4.553
2.717
0.772
0.522
0.433
0.418
0.389
0.543
4.459
2.506
0.85
1.038
1.154
0.984
0.478
0.166
0.186
0.198
0.293
0.175
0.244
0.19
0.455
1.987
4.553
2.095
0.987
0.337
0.424
0.402
0.429
0.556
4.429
2.124
0.856
1.005
1.015
0.894
0.614
0.195
0.15
0.198
0.233
0.127
0.273
0.178
0.455
2.227
4.738
1.481
0.805
0.291
0.358
0.435
0.604
0.556
4.146
1.96
0.879
1.005
1.015
0.807
0.648
0.244
0.201
0.206
0.251
0.172
0.238
0.189
0.431
1.588
4.516
1.084
0.805
0.319
0.399
0.485
0.567
0.607
3.924
1.63
0.883
0.928
0.919
0.909
0.768
0.312
0.259
0.197
0.245
0.172
0.259
0.195
0.447
1.398
4.956
1.084
0.724
0.351
0.476
0.532
0.567
0.607
3.741
1.728
0.909
0.871
0.92
0.875
0.706
0.309
0.196
0.142
0.192
0.2
0.169
0.188
0.778
3.85
4.564
1.942
1.86
0.889
0.656
0.821
1.37
1.377
4.391
1.914
0.983
1.105
1.369
1.183
0.403
0.26
0.19
0.168
0.168
0.236
0.203
0.133
0.422
3.321
4.013
1.479
1.525
0.764
0.394
0.567
1.047
1.054
3.772
1.836
0.93
0.952
1.011
1.388
0.403
0.285
0.289
0.14
0.19
0.132
0.213
0.195
0.391
1.319
5.055
1.026
0.673
0.355
0.508
0.481
0.59
0.761
3.69
1.728
0.869
0.763
0.791
0.753
0.574
0.256
0.237
0.115
0.156
0.125
0.176
0.159
0.387
1.405
5.342
1.177
0.52
0.351
0.463
0.436
0.532
0.757
3.69
1.451
0.869
0.763
0.694
0.731
0.612
0.281
0.226
0.103
0.142
0.116
0.163
0.143
0.405
1.405
4.871
1.177
0.43
0.35
0.463
0.375
0.34
0.69
3.414
1.661
0.866
0.783
0.688
0.802
0.505
0.205
0.229
0.115
0.147
0.108
0.131
0.13
0.349
1.107
4.569
1.296
0.398
0.422
0.531
0.278
0.25
0.486
3.015
2.059
0.916
0.783
0.707
0.856
0.392
0.16
0.163
0.115
0.134
0.108
0.119
0.119
0.444
1.01
4.442
1.211
0.399
0.384
0.512
0.284
0.285
0.431
2.67
2.43
0.908
0.835
0.702
0.775
0.392
0.248
0.16
0.166
0.168
0.266
0.198
0.133
0.415
2.921
3.141
1.176
1.525
0.695
0.361
0.567
0.933
0.511
3.537
1.776
1.022
0.993
1.086
1.406
0.463
0.261
0.164
0.169
0.155
0.236
0.181
0.136
0.383
2.921
2.559
1.504
1.5
0.669
0.291
0.495
0.232
0.306
2.604
2.277
1.345
1.322
1.086
1.587
0.789
0.16
0.122
0.119
0.132
0.113
0.111
0.118
0.348
1.043
4.366
0.857
0.425
0.406
0.384
0.274
0.351
0.469
2.372
2.513
0.89
0.913
0.641
0.773
0.529
0.163
0.119
0.122
0.133
0.119
0.109
0.124
0.31
1.159
3.541
1.253
0.499
0.362
0.244
0.206
0.246
0.346
2.191
2.006
0.855
0.839
0.702
0.874
0.719
0.205
0.122
0.134
0.134
0.12
0.11
0.129
0.343
1.061
2.579
0.975
0.436
0.277
0.215
0.291
0.316
0.365
2.073
2.092
0.855
0.899
0.736
0.927
0.819
0.258
0.202
0.198
0.204
0.201
0.181
0.192
0.349
1.061
2.758
1.04
0.515
0.321
0.247
0.299
0.32
0.371
1.647
1.529
0.911
1.089
0.901
0.874
0.827
0.33
0.259
0.262
0.274
0.264
0.256
0.257
0.454
1.271
2.314
0.93
0.575
0.321
0.247
0.339
0.436
0.357
1.491
1.283
0.964
1.225
0.95
0.964
0.881
0.456
0.215
0.204
0.155
0.291
0.231
0.178
0.394
2.264
2.979
1.971
1.632
0.712
0.32
0.749
0.689
0.295
1.689
1.996
1.289
1.43
1.095
1.488
0.911
0.484
0.251
0.249
0.23
0.344
0.264
0.243
0.45
1.914
2.668
2.043
1.078
0.712
0.32
0.531
0.235
0.222
1.088
1.245
1.289
1.422
0.821
1.383
1.059
0.409
0.337
0.332
0.337
0.338
0.337
0.319
0.464
1.37
1.863
1.134
0.653
0.383
0.233
0.278
0.334
0.338
1.275
1.14
1.144
1.339
1.023
1.098
0.893
0.452
0.412
0.408
0.409
0.414
0.422
0.39
0.583
1.53
1.863
1.48
0.704
0.311
0.234
0.259
0.427
0.608
1.001
0.973
1.128
1.23
1.061
1.23
0.751
0.452
0.429
0.408
0.42
0.429
0.422
0.399
0.584
1.52
1.666
1.357
0.597
0.305
0.274
0.379
0.475
0.724
1.202
1.168
1.219
1.289
1.173
1.191
0.639
0.441
0.423
0.411
0.413
0.424
0.415
0.396
0.584
1.634
1.634
1.104
0.597
0.352
0.288
0.29
0.35
0.391
0.914
1.152
1.219
1.31
1.225
1.236
0.67
0.442
0.416
0.405
0.411
0.417
0.403
0.4
0.582
1.658
1.359
1.015
0.691
0.345
0.284
0.293
0.432
0.537
1.201
1.152
1.153
1.164
1.029
1.236
0.892
0.299
0.273
0.306
0.292
0.406
0.317
0.314
0.543
1.919
2.048
1.531
0.765
0.958
0.399
0.337
0.211
0.227
1.088
1.245
1.505
2.328
1.058
1.68
1.122
0.369
0.408
0.26
0.276
0.369
0.267
0.319
0.459
1.226
1.874
2.193
0.772
0.993
0.549
0.349
0.182
0.216
0.583
0.951
2.679
2.474
1.058
1.44
1.122
0.467
0.449
0.429
0.428
0.445
0.432
0.419
0.582
1.734
1.166
1.231
0.615
0.333
0.233
0.287
0.363
0.622
1.201
1.057
1.319
1.101
1.029
1.168
0.868
0.446
0.442
0.407
0.421
0.434
0.411
0.418
0.567
1.607
1.195
0.966
0.448
0.242
0.226
0.295
0.441
0.748
1.231
1.001
1.184
0.91
0.952
1.012
0.709
0.418
0.373
0.331
0.375
0.384
0.338
0.36
0.515
1.243
1.054
0.689
0.364
0.287
0.231
0.266
0.441
0.67
1.257
1.036
1.256
0.918
0.888
0.857
0.694
0.421
0.358
0.345
0.374
0.38
0.349
0.363
0.518
1.229
0.898
0.443
0.283
0.314
0.192
0.266
0.502
0.754
1.29
1.081
1.156
0.855
0.794
0.7
0.701
0.386
0.309
0.296
0.329
0.324
0.311
0.331
0.775
1.064
0.818
0.421
0.249
0.277
0.161
0.247
0.518
0.877
1.29
1.016
0.827
0.716
0.706
0.651
0.46
0.42
0.587
0.262
0.277
0.292
0.272
0.287
0.374
1.226
1.747
2.193
1.073
0.993
0.549
0.349
0.183
0.227
0.938
1.275
2.725
2.474
1.094
1.467
1.215
0.48
0.735
0.319
0.353
0.363
0.328
0.344
0.48
1.293
1.561
2.139
0.967
0.689
0.609
0.432
0.232
0.227
0.627
1.275
2.598
1.728
0.962
1.257
0.834
0.317
0.281
0.278
0.283
0.273
0.277
0.291
0.734
0.731
0.73
0.489
0.214
0.277
0.188
0.267
0.518
0.91
1.296
1.024
0.777
0.672
0.668
0.622
0.46
0.308
0.281
0.26
0.275
0.272
0.256
0.282
0.49
0.731
0.682
0.433
0.321
0.277
0.387
0.236
0.58
1.158
1.404
1.061
0.777
0.77
0.708
0.666
0.535
0.323
0.314
0.317
0.308
0.296
0.303
0.325
0.758
0.933
0.682
0.536
0.424
0.479
0.47
0.312
0.809
1.495
1.4
1.207
1.074
1.332
1.318
1.018
0.68
0.377
0.357
0.369
0.368
0.355
0.341
0.368
0.809
1.501
0.968
0.739
0.518
0.495
0.507
0.364
0.747
1.495
1.288
1.366
1.505
1.447
1.469
1.194
0.811
0.372
0.362
0.349
0.359
0.342
0.351
0.361
0.79
1.767
1.101
0.763
0.728
0.569
0.642
0.444
0.851
1.458
1.368
1.526
1.864
1.455
1.482
1.24
0.88
0.48
0.65
0.319
0.353
0.363
0.328
0.344
0.48
1.401
1.039
1.733
0.666
0.684
0.585
0.377
0.225
0.214
0.495
1.079
2.598
1.564
1.192
1.467
0.821
0.554
0.666
0.341
0.359
0.363
0.343
0.356
0.708
1.828
1.039
1.577
0.951
0.684
0.585
0.42
0.29
0.438
1.019
1.354
1.48
1.374
1.366
1.467
0.821
0.779
0.433
0.389
0.407
0.399
0.404
0.396
0.588
1.817
1.601
1.171
1.126
0.836
0.747
0.827
1.051
1.754
1.53
1.637
2.21
2.079
1.865
1.8
1.451
0.817
0.442
0.402
0.416
0.407
0.425
0.413
0.593
1.817
1.7
1.137
1.518
1.154
0.747
0.967
1.136
1.6
1.257
1.637
2.301
2.282
1.949
1.84
1.451
0.817
0.441
0.4
0.416
0.396
0.425
0.409
0.564
1.626
1.7
1.089
1.518
1.013
0.777
0.967
0.853
1.294
1.129
1.558
2.118
2.382
1.819
1.867
1.405
0.649
0.429
0.4
0.393
0.372
0.39
0.376
0.503
1.042
1.563
1.466
1.189
0.88
1.077
1.113
0.844
0.986
1.082
1.707
2.112
1.943
1.535
1.778
1.505
0.675
0.424
0.385
0.372
0.34
0.376
0.354
0.481
0.746
1.336
1.015
1.257
1.059
1.308
1.125
1.055
1.216
1.249
1.788
1.957
2.07
1.622
1.822
1.642
