0.0
0.0
0.0
0.0
0.0
0.0
0.0
0.0
0.0
0.0
0.0
0.0
0.0
0.0
0.0
0.0
0.0
0.0
0.0
0.0
0.0
0.0
0.0
0.0
0.0
0.0
0.0
0.0
0.0
0.0
0.0
0.0
0.0
0.0
0.0
0.0
0.0
0.0
0.0
0.0
0.0
0.0
0.0
0.0
0.0
0.0
0.0
0.0
0.0
0.0
0.0
0.0
0.0
0.0
0.0
0.0
0.0
0.0
0.0
0.0
0.0
0.0
0.0
0.0
0.0
0.0
0.0
0.0
0.0
0.0
0.0
0.0
0.0
0.0
0.0
0.0
0.0
0.0
0.0
0.0
0.0
0.0
0.0
0.0
0.0
0.0
0.0
0.0
0.0
0.0
0.0
0.0
0.0
0.0
0.0
0.0
0.0
0.0
0.0
0.0
0.0
0.0
0.0
0.0
0.0
0.0
0.0
0.0
0.0
0.0
0.0
0.0
0.0
0.0
0.0
0.0
0.0
0.0
0.0
0.0
0.0
0.0
0.0
0.0
0.0
0.0
0.0
0.0
0.0
0.0
0.0
0.0
0.0
0.0
0.0
0.0
0.0
0.0
0.0
0.0
0.0
0.0
0.0
0.0
0.0
0.0
0.0
0.0
0.0
0.0
0.0
0.0
0.0
0.0
0.0
0.0
0.0
0.0
0.0
0.0
0.0
0.0
0.0
0.0
0.0
0.0
0.0
0.0
0.0
0.0
0.0
0.0
0.0
0.0
0.0
0.0
0.0
0.0
0.0
0.0
0.0
0.0
0.0
0.0
0.0
0.0
0.0
0.0
0.0
0.0
0.0
0.0
0.0
0.0
0.0
0.0
0.0
0.0
0.0
0.0
0.0
0.0
0.0
0.0
0.0
0.0
0.0
0.0
0.0
0.0
0.0
0.0
0.0
0.0
0.0
0.0
0.0
0.0
0.0
0.0
0.0
0.0
0.0
0.0
0.0
0.0
0.0
0.0
0.0
0.0
0.0
0.0
0.0
0.0
0.0
0.0
0.0
0.0
0.0
0.0
0.0
0.0
0.0
0.0
0.0
0.0
0.0
0.0
0.0
0.0
0.0
0.0
0.0
0.0
0.0
0.0
0.0
0.0
0.0
0.0
0.0
0.0
0.0
0.0
0.0
0.0
0.0
0.0
0.0
0.0
0.0
0.0
0.0
0.0
0.0
0.0
0.0
0.0
0.0
0.0
0.0
0.0
0.0
0.0
0.0
0.0
0.0
0.0
0.0
0.0
0.0
0.0
0.0
0.0
0.0
0.0
0.0
0.0
0.0
0.0
0.0
0.0
0.0
0.0
0.0
0.0
0.0
0.0
0.0
0.0
0.0
0.0
0.0
0.0
0.0
0.0
0.0
0.0
0.0
0.0
0.0
0.0
0.0
0.0
0.0
0.0
0.0
0.0
0.0
0.0
0.0
0.0
0.0
0.0
0.0
0.0
0.0
0.0
0.0
0.0
0.0
0.0
0.0
0.0
0.0
0.0
0.0
0.0
0.0
0.0
0.0
0.0
0.0
0.0
0.0
0.0
0.0
0.0
0.0
0.0
0.0
0.0
0.0
0.0
0.0
0.0
0.0
0.0
0.0
0.0
0.0
0.0
0.0
0.0
0.0
0.0
0.0
0.0
0.0
0.0
0.0
0.0
0.0
0.0
0.0
0.0
0.0
0.0
0.0
0.0
0.0
0.0
0.0
0.0
0.0
0.0
0.0
0.0
0.0
0.0
0.0
0.0
0.0
0.0
0.0
0.0
0.0
0.0
0.0
0.0
0.0
0.0
0.0
0.0
0.0
0.0
0.0
0.0
0.0
0.0
0.0
0.0
0.0
0.0
0.0
0.0
0.0
0.0
0.0
0.0
0.0
0.0
0.0
0.0
0.0
0.0
0.0
0.0
0.0
0.0
0.0
0.0
0.0
0.0
0.0
0.0
0.0
0.0
0.0
0.0
0.0
0.0
0.0
0.0
0.0
0.0
0.0
0.0
0.0
0.0
0.0
0.0
0.0
0.0
0.0
0.0
0.0
0.0
0.0
0.0
0.0
0.0
0.0
0.0
0.0
0.0
0.0
0.0
0.0
0.0
0.0
0.0
0.0
0.0
0.0
0.0
0.0
0.0
0.0
0.0
0.0
0.0
0.0
0.0
0.0
0.0
0.0
0.0
0.0
0.0
0.0
0.0
0.0
0.0
0.0
0.341
0.305
0.305
0.342
0.282
0.266
0.269
0.251
0.243
1.026
2.993
1.67
1.61
2.245
1.411
1.678
1.224
1.614
1.411
1.007
1.216
3.818
0.816
0.551
0.318
0.296
0.289
0.287
0.289
0.278
0.277
0.276
0.278
0.728
2.618
1.502
1.513
2.057
1.417
1.684
1.223
1.614
1.412
0.753
0.631
3.383
0.755
0.497
0.333
0.317
0.305
0.287
0.3
0.279
0.286
0.312
0.318
1.1
2.824
1.092
1.369
0.968
0.963
0.612
0.916
1.051
1.784
1.0
0.631
3.103
1.0
0.696
0.395
0.395
0.372
0.366
0.367
0.35
0.361
0.389
0.411
1.059
3.074
1.391
1.603
0.896
0.577
0.261
0.908
0.75
1.759
1.071
0.88
3.111
0.668
0.769
0.372
0.326
0.347
0.296
0.275
0.293
0.262
0.25
0.207
0.9
4.167
1.986
0.893
0.914
0.337
0.305
0.287
0.657
1.359
0.637
0.708
3.785
0.759
0.912
0.402
0.369
0.374
0.322
0.309
0.357
0.325
0.306
0.298
1.483
5.729
2.871
1.617
1.233
0.423
0.416
0.374
0.657
1.814
1.097
0.708
3.726
1.136
0.797
0.432
0.426
0.408
0.423
0.415
0.401
0.411
0.416
0.525
1.32
3.089
1.563
0.614
1.377
0.658
0.426
0.585
0.724
2.996
1.482
0.916
3.199
0.772
0.669
0.446
0.435
0.441
0.436
0.446
0.427
0.442
0.441
0.698
1.592
3.215
1.484
0.57
0.826
0.255
0.277
0.278
0.318
2.588
1.951
1.309
3.195
0.952
0.84
0.519
0.449
0.473
0.463
0.463
0.457
0.462
0.456
0.733
2.703
4.038
2.85
0.778
1.393
0.358
0.31
0.475
0.718
3.288
2.272
1.894
3.184
1.02
0.84
0.519
0.451
0.473
0.463
0.463
0.457
0.462
0.456
0.747
2.972
4.139
3.106
1.168
1.973
0.729
0.308
0.495
0.703
3.325
2.26
2.564
3.087
1.181
0.903
0.511
0.438
0.456
0.446
0.451
0.448
0.454
0.432
0.61
3.263
4.304
3.596
1.168
1.973
0.706
0.301
0.495
0.993
2.063
1.445
2.947
2.84
0.979
0.912
0.422
0.392
0.353
0.35
0.339
0.385
0.355
0.331
0.403
2.641
5.512
2.417
2.037
1.279
0.911
0.934
0.764
0.693
2.004
2.034
1.346
3.545
1.535
0.86
0.412
0.354
0.326
0.338
0.317
0.352
0.331
0.313
0.315
2.993
4.448
1.468
1.331
1.821
0.917
0.934
0.778
0.693
1.486
1.811
1.828
3.16
1.688
0.809
0.455
0.388
0.418
0.405
0.413
0.402
0.404
0.387
0.551
3.339
4.783
3.237
1.158
1.593
0.73
0.347
0.541
1.006
2.225
2.155
3.919
2.25
1.186
0.834
0.428
0.352
0.383
0.357
0.375
0.366
0.364
0.383
0.43
3.467
5.187
2.911
1.454
1.057
0.373
0.282
0.51
1.226
1.706
1.645
4.276
1.59
1.056
0.71
0.407
0.345
0.357
0.341
0.341
0.345
0.334
0.373
0.406
3.654
4.714
2.823
1.328
1.712
0.796
0.295
0.965
1.725
1.031
0.97
4.276
1.337
0.875
0.58
0.349
0.318
0.328
0.317
0.313
0.304
0.298
0.349
0.372
3.288
3.739
1.718
0.911
1.107
0.653
0.229
0.734
1.059
0.513
0.547
4.038
1.043
0.807
0.58
0.347
0.297
0.316
0.301
0.296
0.288
0.26
0.301
0.3
3.288
3.162
1.353
0.478
0.379
0.219
0.188
0.756
1.101
0.43
0.577
3.186
0.647
0.548
0.896
0.412
0.389
0.359
0.363
0.35
0.409
0.388
0.352
0.554
4.252
3.438
1.238
1.231
2.018
1.384
1.375
1.162
0.772
2.101
2.733
2.524
2.815
2.72
0.741
0.388
0.363
0.343
0.354
0.35
0.409
0.388
0.352
0.554
3.133
2.087
0.652
0.75
1.507
1.933
1.353
1.152
0.766
1.726
2.228
2.41
2.032
2.705
0.4
0.274
0.252
0.265
0.256
0.25
0.235
0.215
0.219
0.239
2.581
2.154
0.489
0.446
0.374
0.228
0.249
0.341
0.783
0.395
0.602
1.874
0.403
0.4
0.318
0.246
0.233
0.243
0.249
0.241
0.223
0.212
0.196
0.21
1.903
0.832
0.207
0.237
0.249
0.219
0.232
0.342
0.764
0.381
0.407
0.964
0.24
0.268
0.262
0.23
0.232
0.229
0.236
0.232
0.223
0.206
0.187
0.2
1.162
0.467
0.196
0.193
0.375
0.593
0.3
0.52
0.764
0.381
0.584
0.543
0.379
0.359
0.291
0.233
0.232
0.229
0.236
0.237
0.225
0.231
0.221
0.238
1.162
0.415
0.168
0.193
0.375
0.38
0.228
0.376
0.775
0.679
0.746
0.543
0.463
0.462
0.329
0.254
0.275
0.261
0.232
0.231
0.242
0.199
0.181
0.2
0.988
0.415
0.191
0.193
1.283
0.719
0.273
0.379
1.111
0.83
1.066
0.965
0.62
0.634
0.74
0.382
0.354
0.336
0.355
0.338
0.342
0.328
0.343
0.545
3.133
1.611
0.488
0.846
1.515
1.96
1.387
1.162
0.76
1.719
2.218
2.394
1.495
2.691
0.585
0.338
0.3
0.301
0.325
0.295
0.301
0.296
0.306
0.889
3.849
0.913
0.488
0.777
1.505
1.521
0.771
0.753
0.361
0.92
1.481
2.128
1.093
1.272
0.555
0.353
0.356
0.349
0.312
0.308
0.3
0.261
0.23
0.298
2.166
0.568
0.202
0.616
1.281
0.719
0.274
0.341
1.891
0.909
1.157
1.6
0.751
0.846
0.645
0.353
0.356
0.349
0.32
0.314
0.306
0.295
0.241
0.339
3.332
0.784
0.27
0.858
1.926
1.075
0.357
0.477
2.098
1.384
1.499
1.987
0.903
0.997
0.813
0.338
0.336
0.331
0.313
0.313
0.306
0.255
0.215
0.299
3.85
1.401
0.403
0.829
1.924
1.052
0.34
0.637
2.22
1.338
1.53
2.23
0.903
0.997
0.813
0.324
0.327
0.323
0.29
0.29
0.276
0.228
0.281
0.287
3.873
1.401
0.388
0.793
1.722
0.695
0.202
0.463
1.929
1.148
1.53
2.23
0.784
0.837
0.61
0.236
0.252
0.241
0.216
0.222
0.222
0.174
0.191
0.199
3.243
1.248
0.388
0.389
0.822
0.475
0.217
0.438
1.929
0.724
1.457
2.399
0.775
0.756
0.52
0.301
0.262
0.271
0.283
0.271
0.277
0.264
0.278
0.889
2.86
0.833
0.353
0.777
1.286
0.901
0.316
0.753
0.361
0.72
0.963
2.739
1.093
1.077
0.563
0.287
0.254
0.257
0.262
0.258
0.268
0.259
0.259
0.869
3.346
0.833
0.816
1.241
0.821
0.843
0.34
0.894
1.074
1.235
1.339
2.459
1.231
1.003
0.736
0.247
0.209
0.212
0.209
0.23
0.206
0.202
0.221
0.208
3.263
1.256
0.695
0.792
0.496
0.164
0.229
0.439
1.597
1.149
1.487
2.415
0.798
0.82
0.678
0.247
0.209
0.212
0.209
0.227
0.206
0.202
0.354
0.157
2.98
1.583
1.136
0.792
0.646
0.164
0.243
0.478
0.87
1.198
1.36
2.07
0.799
0.91
0.808
0.278
0.239
0.237
0.208
0.221
0.213
0.197
0.35
0.139
2.667
1.837
0.685
0.635
0.646
0.164
0.243
0.397
1.291
1.182
1.462
2.257
0.909
1.181
0.765
0.314
0.286
0.271
0.235
0.252
0.249
0.226
0.372
0.164
3.031
1.295
0.536
0.635
0.629
0.156
0.237
0.262
0.968
1.078
2.007
1.913
0.936
1.258
0.867
0.347
0.302
0.284
0.262
0.271
0.29
0.252
0.22
0.182
3.001
1.867
0.607
0.657
0.619
0.145
0.22
0.262
0.968
1.168
1.979
1.735
0.944
1.258
0.587
0.287
0.254
0.257
0.262
0.258
0.268
0.259
0.259
0.686
2.624
1.007
1.061
1.838
0.814
0.38
0.34
0.506
1.029
0.817
1.339
1.391
0.777
0.827
0.606
0.297
0.258
0.269
0.267
0.268
0.277
0.262
0.258
0.715
2.96
0.999
1.26
1.851
0.809
0.246
0.342
0.504
1.026
0.817
1.446
1.543
0.947
1.137
1.133
0.347
0.302
0.284
0.269
0.273
0.295
0.258
0.247
0.162
3.138
1.895
0.602
0.635
0.667
0.385
0.324
0.33
0.344
1.252
1.901
1.351
0.99
1.317
1.009
0.312
0.3
0.28
0.269
0.264
0.295
0.258
0.209
0.157
2.404
1.37
0.229
0.233
0.35
0.354
0.271
0.283
0.332
0.747
1.577
0.9
0.857
1.14
0.822
0.273
0.257
0.247
0.237
0.249
0.252
0.232
0.171
0.162
1.499
0.88
0.141
0.14
0.191
0.363
0.246
0.272
0.24
0.594
1.425
0.751
0.708
0.695
0.434
0.245
0.228
0.23
0.209
0.226
0.213
0.201
0.172
0.162
0.906
0.376
0.146
0.14
0.131
0.132
0.121
0.184
0.191
0.35
0.542
0.514
0.496
0.488
0.274
0.207
0.192
0.21
0.18
0.198
0.169
0.166
0.144
0.131
0.226
0.258
0.136
0.141
0.122
0.135
0.124
0.16
0.144
0.285
0.323
0.306
0.318
0.312
0.763
0.299
0.272
0.284
0.266
0.278
0.289
0.264
0.253
0.715
2.96
0.976
1.231
1.851
0.697
0.171
0.267
0.438
1.004
0.791
1.446
1.543
0.947
1.137
0.763
0.299
0.272
0.284
0.266
0.278
0.289
0.264
0.253
0.286
2.051
0.652
0.611
1.529
0.697
0.182
0.267
0.438
0.968
0.759
1.16
1.049
0.736
0.932
0.154
0.176
0.168
0.184
0.162
0.169
0.127
0.133
0.112
0.121
0.138
0.115
0.125
0.122
0.119
0.137
0.158
0.163
0.123
0.13
0.167
0.163
0.158
0.166
0.152
0.171
0.161
0.178
0.145
0.154
0.127
0.121
0.103
0.128
0.126
0.115
0.127
0.126
0.118
0.126
0.134
0.122
0.12
0.123
0.156
0.161
0.156
0.161
0.154
0.172
0.156
0.175
0.155
0.144
0.127
0.121
0.105
0.126
0.126
0.118
0.117
0.128
0.116
0.134
0.125
0.133
0.12
0.128
0.151
0.161
0.155
0.161
0.157
0.167
0.156
0.172
0.158
0.146
0.127
0.125
0.111
0.123
0.121
0.118
0.121
0.127
0.118
0.129
0.123
0.133
0.117
0.398
0.154
0.161
0.155
0.162
0.165
0.161
0.16
0.168
0.153
0.159
0.123
0.123
0.116
0.121
0.114
0.121
0.119
0.121
0.121
0.121
0.134
0.135
0.118
0.402
0.146
0.159
0.157
0.16
0.632
0.264
0.249
0.257
0.249
0.245
0.251
0.234
0.214
0.223
1.386
0.572
0.611
1.071
0.697
0.183
0.349
0.438
0.202
0.307
0.709
0.599
0.514
0.669
0.404
0.223
0.232
0.228
0.22
0.223
0.209
0.197
0.183
0.187
0.779
0.118
0.354
0.412
0.572
0.195
0.437
0.253
0.202
0.155
0.28
0.345
0.319
0.34
0.173
0.148
0.166
0.166
0.152
0.165
0.125
0.117
0.122
0.119
0.115
0.126
0.117
0.119
0.121
0.121
0.143
0.13
0.117
0.446
0.146
0.161
0.16
0.159
0.183
0.151
0.169
0.166
0.135
0.181
0.131
0.133
0.128
0.126
0.118
0.131
0.123
0.114
0.123
0.115
0.137
0.129
0.117
0.762
0.387
0.161
0.163
0.164
0.203
0.143
0.164
0.163
0.147
0.175
0.126
0.144
0.128
0.12
0.478
0.747
0.175
0.114
0.708
0.116
0.129
0.129
0.302
1.215
0.552
0.313
0.39
0.418
0.321
0.143
0.161
0.157
0.14
0.181
0.125
0.179
0.171
0.124
0.638
1.46
0.427
0.593
1.143
0.116
0.141
0.142
0.386
1.383
0.792
0.532
0.604
0.725
0.318
0.138
0.15
0.162
0.133
0.171
0.126
0.175
0.38
0.159
1.236
1.46
0.997
1.053
2.018
0.649
0.153
0.142
0.914
2.074
1.018
0.728
0.844
1.453
0.226
0.19
0.202
0.196
0.185
0.197
0.161
0.156
0.155
0.127
0.362
0.108
0.131
0.267
0.225
0.152
0.358
0.217
0.124
0.155
0.28
0.345
0.356
0.588
0.352
0.191
0.215
0.198
0.185
0.197
0.17
0.156
0.155
0.127
0.271
0.125
0.131
0.241
0.523
0.146
0.296
0.322
0.294
0.819
0.774
0.43
0.423
0.44
0.521
0.15
0.153
0.162
0.14
0.188
0.161
0.218
0.606
0.425
1.899
2.182
0.998
1.452
2.137
0.681
0.576
0.696
1.995
2.524
1.103
0.908
1.034
1.633
0.688
0.16
0.14
0.157
0.145
0.173
0.168
0.218
0.611
0.513
2.519
2.485
1.235
1.616
2.137
0.672
0.571
0.749
2.372
2.677
1.382
0.988
1.074
1.698
1.024
0.175
0.14
0.166
0.18
0.173
0.167
0.21
0.607
0.516
2.438
2.795
1.428
1.616
1.798
0.905
0.846
0.889
1.455
2.65
1.303
0.908
1.025
1.625
1.093
0.251
0.184
0.2
0.207
0.211
0.208
0.256
0.662
0.564
2.008
3.091
1.463
1.402
1.013
0.905
0.846
1.201
2.345
3.112
1.422
0.988
1.005
1.192
1.361
0.249
0.185
0.2
0.206
0.204
0.214
0.206
0.437
0.564
2.038
3.168
0.922
1.27
1.703
0.379
1.033
1.229
2.345
2.307
1.058
0.919
0.988
1.468
0.562
0.222
0.255
0.214
0.202
0.217
0.185
0.174
0.286
0.269
0.271
0.135
0.232
0.324
0.835
0.143
0.622
0.494
0.813
1.363
1.123
0.648
0.644
0.654
0.734
0.223
0.245
0.214
0.207
0.213
0.185
0.173
0.289
0.272
0.404
0.512
0.456
0.583
0.811
0.142
0.679
0.815
1.349
2.074
1.613
1.114
1.164
0.977
1.578
0.625
0.257
0.192
0.207
0.203
0.215
0.201
0.228
0.297
1.31
4.394
0.682
0.941
0.785
0.379
0.675
0.725
2.896
2.241
1.011
0.908
0.936
1.062
1.557
0.613
0.248
0.176
0.175
0.209
0.203
0.202
0.204
0.297
1.655
3.973
0.682
0.753
1.018
0.354
0.675
0.428
2.294
2.593
1.281
0.924
0.962
1.083
2.136
0.702
0.306
0.23
0.225
0.261
0.252
0.248
0.259
0.256
1.493
4.369
0.73
0.916
1.807
0.859
0.984
0.713
2.35
2.473
1.057
0.985
0.962
1.421
1.939
0.924
0.399
0.256
0.246
0.278
0.275
0.269
0.291
0.338
1.39
4.041
0.716
0.884
1.649
0.632
0.987
0.774
3.5
2.666
1.224
1.154
1.102
1.559
2.094
0.63
0.336
0.189
0.206
0.251
0.267
0.302
0.331
0.446
1.482
3.098
0.76
0.81
1.56
0.693
0.991
0.576
2.349
1.989
1.093
0.99
1.074
1.494
0.888
0.221
0.248
0.204
0.203
0.216
0.187
0.173
0.298
0.296
0.988
1.078
0.456
0.585
1.002
0.149
0.556
0.798
2.078
2.366
1.925
1.364
1.413
1.405
1.186
0.341
0.354
0.331
0.316
0.323
0.307
0.298
0.448
0.446
1.208
1.788
0.458
1.215
1.4
0.183
0.251
0.882
2.079
2.366
1.976
1.592
1.617
1.512
1.831
0.738
0.42
0.276
0.294
0.335
0.355
0.377
0.384
0.643
1.882
1.692
0.774
0.819
0.736
1.231
0.886
0.735
2.842
2.021
1.227
1.1
1.151
1.236
1.769
0.537
0.388
0.339
0.355
0.373
0.399
0.398
0.429
0.872
2.046
1.297
1.071
0.993
0.845
0.708
0.886
1.08
2.022
1.501
1.478
1.199
1.28
1.236
1.769
0.537
0.388
0.344
0.365
0.361
0.447
0.455
0.469
0.763
1.361
1.312
1.589
1.312
0.674
0.785
0.652
1.17
1.937
1.501
1.478
1.322
1.297
1.198
1.215
0.449
0.332
0.294
0.321
0.313
0.439
0.455
0.459
0.976
1.063
0.84
1.363
1.104
0.418
0.69
0.652
0.95
1.624
1.306
1.592
1.465
1.297
0.972
0.946
0.427
0.31
0.286
0.309
0.277
0.352
0.35
0.371
0.976
1.491
0.84
1.22
1.104
0.515
0.69
0.443
1.476
1.624
1.867
1.721
1.605
1.425
0.939
1.278
0.508
0.466
0.446
0.406
0.408
0.399
0.399
0.539
0.537
1.288
2.253
0.51
1.215
1.4
0.254
0.571
1.09
2.36
2.351
1.703
1.384
1.369
1.437
1.044
0.441
0.39
0.386
0.359
0.365
0.34
0.359
0.383
0.403
1.452
2.253
0.681
1.261
1.628
0.259
0.533
1.1
2.007
2.01
1.703
1.596
1.627
1.488
0.807
0.342
0.302
0.368
0.388
0.25
0.307
0.263
0.287
0.823
1.539
0.737
0.92
0.913
0.515
1.23
0.448
1.828
2.278
2.795
2.731
1.851
1.515
1.033
0.689
0.342
0.319
0.389
0.408
0.25
0.321
0.297
0.327
0.734
1.062
0.803
0.939
0.547
0.691
0.866
0.534
1.752
2.553
3.287
2.92
2.094
1.525
1.036
0.68
0.334
0.303
0.447
0.456
0.278
0.35
0.326
0.353
0.529
1.252
0.869
1.072
0.742
0.691
0.953
0.609
1.173
2.493
3.254
2.894
2.094
1.702
1.204
0.647
0.471
0.311
0.452
0.453
0.283
0.265
0.221
0.278
0.372
1.237
0.763
0.508
0.742
0.589
0.997
0.615
1.057
2.67
2.741
2.133
2.352
1.846
1.458
0.951
0.664
0.37
0.462
0.453
0.299
0.263
0.227
0.278
0.252
0.98
1.366
1.417
0.897
0.571
0.583
0.456
1.325
3.149
3.582
2.026
2.199
1.683
1.467
1.18
0.338
0.333
0.324
0.307
0.321
0.279
0.308
0.297
0.404
2.138
1.877
0.871
0.637
2.004
0.755
0.477
1.023
1.808
1.775
1.67
1.596
1.627
1.488
0.681
0.501
0.455
0.449
0.387
0.366
0.335
0.36
0.351
0.447
1.452
2.009
1.167
0.334
1.681
0.867
0.583
0.809
1.292
1.529
1.76
1.596
1.333
1.383
0.724
0.858
0.332
0.396
0.382
0.26
0.275
0.233
0.272
0.262
0.502
0.852
2.042
1.283
0.743
0.898
0.615
1.157
2.587
3.872
1.832
1.938
1.481
1.451
1.353
0.869
0.334
0.285
0.287
0.27
0.278
0.236
0.313
0.329
0.808
0.904
2.109
1.775
1.03
0.681
0.594
1.157
2.661
3.159
1.747
2.611
1.83
1.597
1.604
0.869
0.322
0.242
0.246
0.249
0.245
0.214
0.268
0.289
0.769
1.352
2.976
2.032
1.477
0.755
0.48
1.119
2.056
3.375
1.532
2.315
1.768
1.348
1.985
1.424
0.322
0.242
0.246
0.249
0.245
0.214
0.268
0.289
0.348
1.078
2.909
2.226
1.986
0.735
0.683
1.077
2.056
3.375
1.763
2.388
1.296
1.273
1.966
1.442
0.367
0.27
0.268
0.283
0.267
0.252
0.307
0.318
0.368
1.491
3.365
2.285
2.346
0.715
1.356
1.477
2.913
4.204
1.624
1.229
1.099
1.149
1.965
0.701
0.515
0.461
0.393
0.379
0.343
0.371
0.343
0.45
0.919
2.157
1.167
0.932
1.901
0.866
1.138
0.769
0.962
1.412
1.673
1.574
1.312
1.252
0.712
0.78
0.426
0.351
0.314
0.301
0.255
0.292
0.264
0.317
0.748
1.523
1.945
0.932
1.276
1.62
1.135
0.732
0.901
1.39
1.491
1.351
1.076
1.105
0.632
1.542
0.413
0.31
0.328
0.339
0.319
0.308
0.359
0.369
0.414
1.491
2.955
2.285
2.817
1.7
1.616
1.339
2.575
3.098
1.835
1.184
1.03
1.097
1.726
1.819
0.418
0.311
0.328
0.339
0.323
0.367
0.359
0.369
0.414
2.39
2.49
2.215
3.01
1.481
1.326
1.109
2.316
1.99
2.57
1.18
1.008
1.086
1.682
1.982
0.418
0.329
0.334
0.33
0.371
0.367
0.341
0.31
0.414
2.553
2.613
1.715
2.613
1.433
1.311
0.758
1.234
2.189
2.378
1.003
0.93
0.937
1.481
1.488
0.377
0.274
0.275
0.288
0.402
0.327
0.286
0.331
0.361
2.011
2.398
1.244
1.981
0.433
1.405
0.882
1.152
1.551
2.547
1.18
1.008
1.086
1.418
1.205
0.377
0.274
0.275
0.288
0.372
0.326
0.286
0.318
1.191
2.789
1.912
0.664
1.981
1.028
0.711
0.903
1.567
2.26
2.348
1.143
1.09
1.449
1.539
0.818
0.369
0.248
0.314
0.239
0.222
0.237
0.207
0.247
0.579
1.089
2.727
0.992
1.759
1.465
0.57
0.732
0.901
1.39
1.829
1.453
1.02
1.009
0.811
1.111
0.369
0.253
0.314
0.24
0.229
0.24
0.212
0.235
0.282
1.138
3.128
1.031
1.343
2.262
0.958
0.655
0.938
1.416
2.495
1.523
1.02
1.009
0.984
1.187
0.36
0.259
0.247
0.255
0.347
0.295
0.234
0.288
2.026
2.417
1.376
0.487
2.495
1.66
0.696
0.903
1.531
2.139
2.548
1.168
1.116
1.425
1.53
1.07
0.262
0.21
0.187
0.198
0.301
0.244
0.182
0.73
2.066
2.376
0.869
0.487
1.992
0.926
0.391
0.728
1.259
1.895
1.769
1.034
1.015
1.309
1.451
0.845
0.226
0.207
0.184
0.19
0.283
0.185
0.15
0.726
2.055
1.458
0.625
0.444
1.351
0.878
0.346
0.613
1.193
1.804
1.197
0.814
0.812
1.131
1.319
0.594
0.197
0.193
0.167
0.193
0.224
0.163
0.139
0.712
1.135
1.2
0.257
0.384
1.351
0.887
0.346
0.451
0.857
1.187
0.922
0.705
0.703
1.06
0.941
0.533
0.194
0.191
0.165
0.168
0.155
0.154
0.138
0.21
1.128
1.134
0.195
0.318
1.312
0.798
0.183
0.269
0.613
0.827
0.44
0.409
0.415
0.551
0.645
1.12
0.398
0.291
0.338
0.24
0.229
0.24
0.212
0.235
0.282
1.894
2.599
1.733
1.343
2.335
1.461
1.112
0.735
1.378
3.115
1.935
1.192
1.176
1.04
1.116
0.312
0.201
0.257
0.19
0.175
0.198
0.159
0.177
0.238
1.435
1.817
1.733
1.343
2.257
1.298
1.064
0.615
1.105
2.025
1.465
1.163
1.155
0.996
0.387
0.164
0.16
0.163
0.159
0.142
0.149
0.114
0.13
0.236
0.247
0.136
0.265
0.344
0.111
0.125
0.125
0.132
0.153
0.15
0.152
0.152
0.332
0.389
0.274
0.148
0.156
0.156
0.152
0.135
0.14
0.103
0.109
0.117
0.1
0.142
0.119
0.095
0.103
0.114
0.115
0.123
0.15
0.141
0.148
0.132
0.322
0.381
0.262
0.142
0.143
0.158
0.148
0.139
0.136
0.089
0.102
0.103
0.097
0.142
0.119
0.095
0.112
0.116
0.122
0.126
0.155
0.147
0.148
0.14
0.335
0.392
0.269
0.142
0.152
0.166
0.151
0.148
0.139
0.089
0.111
0.117
0.097
0.193
0.12
0.101
0.112
0.109
0.117
0.149
0.153
0.139
0.145
0.146
0.335
0.384
0.277
0.146
0.136
0.166
0.154
0.142
0.139
0.087
0.114
0.112
0.112
0.189
0.116
0.101
0.103
0.109
0.121
0.147
0.154
0.129
0.151
0.131
0.328
0.396
0.948
0.26
0.18
0.255
0.171
0.173
0.187
0.154
0.159
0.225
0.634
1.823
1.059
0.939
2.303
0.563
0.879
0.54
0.949
1.847
1.224
0.932
0.965
0.83
0.622
0.233
0.17
0.242
0.153
0.177
0.168
0.132
0.15
0.17
0.964
1.58
0.793
0.868
1.514
1.715
1.462
0.77
0.809
1.692
1.059
0.753
0.842
0.73
0.274
0.142
0.14
0.16
0.156
0.142
0.131
0.096
0.106
0.103
0.115
0.167
0.111
0.087
0.11
0.106
0.114
0.152
0.153
0.122
0.151
0.134
0.311
0.405
0.265
0.143
0.144
0.15
0.156
0.134
0.127
0.096
0.109
0.085
0.123
0.165
0.101
0.099
0.097
0.095
0.117
0.157
0.134
0.134
0.139
0.143
0.296
0.405
0.263
0.146
0.132
0.151
0.147
0.133
0.125
0.086
0.118
0.075
0.128
0.147
0.103
0.099
0.098
0.088
0.11
0.16
0.118
0.138
0.122
0.144
0.295
0.395
0.276
0.144
0.126
0.139
0.154
0.122
0.125
0.085
0.119
0.07
0.128
0.087
0.102
0.086
0.097
0.077
0.11
0.16
0.118
0.138
0.122
0.144
0.295
0.395
0.276
0.144
0.126
0.139
0.154
0.122
0.125
0.085
0.119
0.07
0.128
0.087
0.102
0.086
0.109
0.077
0.165
0.152
0.128
0.144
0.138
0.14
0.294
0.384
0.449
0.169
0.143
0.158
0.141
0.158
0.151
0.111
0.122
0.112
0.914
0.76
0.715
0.325
1.154
1.715
0.993
0.425
0.409
0.991
0.691
0.525
0.666
0.551
0.264
0.166
0.126
0.163
0.136
0.157
0.14
0.099
0.114
0.115
0.529
0.163
0.584
0.69
0.361
1.404
0.89
0.281
0.135
0.15
0.155
0.134
0.311
0.388
0.26
0.158
0.13
0.152
0.154
0.128
0.127
0.094
0.12
0.088
0.118
0.095
0.104
0.13
0.186
0.122
0.186
0.153
0.138
0.145
0.145
0.142
0.277
0.325
0.224
0.171
0.147
0.149
0.162
0.135
0.141
0.092
0.13
0.103
0.118
0.109
0.11
0.172
0.256
0.172
0.199
0.153
0.16
0.143
0.171
0.15
0.251
0.269
0.206
0.17
0.148
0.165
0.159
0.172
0.138
0.114
0.129
0.128
0.126
0.117
0.11
0.21
0.318
0.218
0.261
0.187
0.222
0.194
0.222
0.203
0.295
0.331
0.23
0.225
0.199
0.217
0.209
0.223
0.182
0.176
0.163
0.192
0.179
0.169
0.168
0.229
0.317
0.227
0.261
0.393
0.718
0.632
0.636
0.603
0.632
0.582
0.259
0.225
0.201
0.273
0.211
0.223
0.191
0.198
0.182
0.265
1.215
0.303
0.239
0.245
1.186
0.4
0.354
0.451
1.616
0.833
0.817
0.764
0.836
0.888
0.24
0.166
0.126
0.153
0.136
0.152
0.14
0.095
0.114
0.098
0.128
0.125
0.115
0.154
0.361
0.301
0.267
0.2
0.135
0.144
0.155
0.133
0.265
0.332
0.241
0.173
0.148
0.145
0.142
0.154
0.128
0.095
0.127
0.122
0.269
0.285
0.598
0.962
0.522
1.191
0.825
0.516
0.15
0.144
0.17
0.138
0.275
0.332
0.259
0.225
0.207
0.289
0.236
0.305
0.261
0.203
0.198
0.289
1.389
1.144
0.403
0.245
0.317
0.23
0.224
0.876
2.281
1.18
1.01
0.951
1.079
1.188
0.432
0.289
0.278
0.335
0.311
0.399
0.315
0.258
0.242
1.125
2.611
2.04
0.46
0.652
1.11
0.368
0.346
1.147
2.609
1.503
1.323
1.233
1.345
1.547
0.661
0.356
0.272
0.335
0.315
0.402
0.303
0.266
0.297
1.207
2.623
2.045
0.806
1.344
1.339
0.323
0.342
1.147
2.609
1.503
1.323
1.233
1.389
2.46
0.706
0.352
0.285
0.595
0.404
0.438
0.322
0.266
0.297
1.207
3.298
3.174
1.462
1.432
1.337
0.411
0.579
0.995
2.029
1.503
1.201
1.015
1.259
2.343
0.773
0.3
0.247
0.769
0.326
0.302
0.213
0.209
0.314
1.252
2.117
2.282
2.024
2.067
1.91
0.638
0.949
1.219
2.016
1.385
1.181
1.015
1.259
2.775
0.438
0.165
0.155
0.148
0.143
0.15
0.131
0.107
0.216
0.188
0.308
0.72
0.607
1.844
0.739
1.236
1.38
0.811
0.371
0.351
0.348
0.312
0.391
0.431
0.641
0.349
0.318
0.159
0.164
0.151
0.144
0.126
0.309
0.284
0.286
0.72
1.056
1.958
0.756
0.445
0.859
1.342
0.755
0.648
0.534
0.492
0.555
0.622
0.825
0.424
0.36
0.653
0.482
0.438
0.315
0.28
0.453
0.581
2.302
2.273
2.021
2.067
1.648
1.381
0.977
1.229
1.477
1.411
1.18
1.057
1.227
1.862
0.952
0.482
0.424
0.707
0.545
0.458
0.375
0.364
0.627
1.263
2.366
1.714
1.641
1.848
1.691
1.437
1.091
0.988
1.226
1.238
1.143
1.023
1.178
1.803
0.878
0.417
0.351
0.866
0.509
0.417
0.377
0.368
0.776
0.759
1.203
0.631
2.356
1.426
1.691
0.928
0.81
1.006
1.179
1.276
1.143
1.042
1.102
1.662
0.705
0.35
0.351
0.866
0.507
0.426
0.377
0.37
0.564
0.716
1.227
1.211
2.077
1.426
1.675
1.156
0.926
1.296
1.534
1.489
1.314
1.211
1.188
1.243
0.704
0.349
0.485
0.65
0.339
0.366
0.362
0.375
0.564
0.716
1.136
1.081
2.467
2.034
1.847
1.396
0.967
1.389
1.49
1.406
1.275
1.255
1.188
1.06
0.778
0.402
0.37
0.21
0.295
0.191
0.198
0.194
0.374
0.72
0.432
1.536
2.156
2.799
0.819
0.526
1.047
1.553
1.035
1.081
0.733
0.698
0.745
0.809
0.768
0.399
0.374
0.199
0.308
0.241
0.239
0.252
0.418
1.166
0.646
1.617
2.189
2.058
1.865
0.592
1.146
1.756
1.336
1.394
1.031
0.942
1.056
1.115
0.584
0.352
0.477
0.441
0.345
0.366
0.372
0.375
0.549
1.009
1.138
1.11
1.739
1.45
1.376
2.0
0.967
1.323
1.362
1.286
1.154
1.24
1.03
0.777
0.554
0.265
0.372
0.339
0.244
0.274
0.24
0.307
0.56
1.111
0.831
1.536
2.359
1.474
1.001
1.364
1.127
1.53
1.418
1.311
1.227
1.325
1.141
0.656
0.453
0.265
0.303
0.303
0.244
0.274
0.24
0.267
0.448
0.828
0.789
1.803
2.774
1.745
1.378
1.617
1.633
1.7
1.663
1.494
1.439
1.562
1.233
0.721
0.494
0.274
0.337
0.289
0.249
0.258
0.216
0.225
0.32
0.944
1.03
1.972
1.968
1.825
1.214
2.039
1.912
1.7
1.663
1.41
1.344
1.494
1.407
0.978
0.387
0.27
0.337
0.288
0.25
0.266
0.221
0.211
0.323
0.927
1.173
1.541
1.977
1.283
1.162
2.339
2.363
2.008
1.663
1.501
1.438
1.529
1.32
0.892
0.926
0.549
0.516
0.278
0.339
0.305
0.285
0.288
0.418
1.166
0.646
2.235
2.266
2.607
1.897
0.597
1.146
1.756
1.336
1.394
1.031
1.109
1.336
1.446
0.926
0.591
0.491
0.278
0.333
0.303
0.31
0.338
0.418
1.034
0.784
2.315
1.289
1.839
1.699
0.597
0.818
1.603
2.323
1.708
1.194
1.529
1.64
1.603
0.511
0.341
0.337
0.361
0.326
0.336
0.295
0.273
0.348
0.935
1.033
1.326
1.261
0.858
0.959
2.162
2.509
2.337
1.666
1.521
1.467
1.566
1.398
1.137
0.613
0.436
0.418
0.438
0.404
0.414
0.37
0.374
0.437
0.732
1.173
1.326
1.267
0.988
1.366
1.655
2.213
2.696
1.892
1.965
1.833
1.868
1.488
1.324
0.544
0.438
0.405
0.417
0.475
0.41
0.389
0.322
0.376
0.572
1.044
0.873
0.643
1.383
1.612
2.129
2.415
2.97
2.285
2.417
2.247
1.868
1.611
1.324
0.491
0.374
0.343
0.34
0.379
0.333
0.315
0.263
0.355
0.809
0.925
0.699
0.406
2.174
1.564
2.188
2.483
3.041
2.538
2.417
2.247
2.115
1.61
1.101
0.421
0.365
0.329
0.317
0.327
0.294
0.291
0.272
0.397
0.948
0.702
0.51
0.359
2.365
1.555
2.188
2.769
3.317
3.039
2.923
2.688
2.538
1.883
0.91
0.939
0.594
0.491
0.272
0.333
0.303
0.31
0.39
0.426
1.054
0.843
2.085
1.334
1.047
0.651
0.785
0.818
1.484
2.752
2.209
1.788
1.81
2.103
1.852
0.704
0.38
0.34
0.19
0.21
0.262
0.313
0.395
0.419
1.032
0.761
1.433
0.538
1.012
1.212
0.954
1.055
1.379
2.423
2.529
2.317
2.438
2.477
1.862
0.438
0.395
0.367
0.341
0.369
0.313
0.324
0.337
0.458
1.0
0.587
0.555
0.398
3.096
1.93
2.23
2.54
3.061
3.265
3.471
2.936
2.786
2.091
0.736
0.438
0.303
0.283
0.267
0.347
0.238
0.259
0.348
0.473
1.0
0.486
0.398
0.348
3.169
2.068
2.279
2.54
3.05
3.329
3.614
2.936
2.786
2.357
0.826
0.467
0.303
0.283
0.267
0.367
0.238
0.259
0.348
0.473
1.465
0.415
0.316
0.329
3.169
2.31
2.299
2.462
2.957
3.417
3.614
2.904
2.796
2.211
0.823
0.588
0.376
0.376
0.245
0.26
0.199
0.212
0.438
0.566
1.43
0.401
0.303
0.287
1.959
1.93
2.151
2.226
2.788
3.34
4.005
3.616
2.673
2.195
0.953
0.588
0.371
0.396
0.245
0.268
0.208
0.214
0.466
0.58
1.343
0.438
0.263
0.237
1.053
2.221
2.016
1.929
2.443
3.313
3.981
3.701
2.76
2.264
1.204
0.626
0.414
0.444
0.215
0.21
0.262
0.309
0.462
0.477
1.032
0.588
0.816
0.458
0.481
1.189
1.32
1.396
1.842
2.883
2.932
2.922
2.909
2.594
1.862
0.828
0.616
0.659
0.377
0.25
0.287
0.327
0.607
0.642
0.783
0.566
0.948
0.538
0.909
1.013
1.738
1.75
2.165
3.217
3.44
3.068
2.877
2.594
1.92
0.634
0.318
0.338
0.205
0.27
0.319
0.221
0.466
0.575
1.123
0.422
0.27
0.19
0.749
2.259
1.425
1.878
2.259
3.223
3.361
2.837
2.537
2.171
1.223
0.748
0.338
0.34
0.218
0.352
0.326
0.236
0.441
0.536
1.499
1.143
0.27
0.19
0.749
2.034
0.914
1.805
2.259
2.837
3.089
2.761
2.253
2.008
1.379
0.883
0.43
0.45
0.32
0.41
0.666
0.334
0.478
0.684
1.989
1.247
0.353
0.274
1.138
1.931
0.661
1.791
2.157
2.682
3.009
2.784
2.226
1.99
1.226
0.737
0.319
0.334
0.223
0.297
0.562
0.224
0.348
0.526
1.989
1.247
0.551
0.576
1.128
1.529
0.295
1.663
2.305
2.501
3.411
2.501
1.823
1.689
1.091
0.737
0.239
0.221
0.225
0.285
0.548
0.232
0.24
0.318
2.036
1.232
0.535
0.641
1.128
1.509
0.295
1.716
2.356
2.357
2.75
1.918
1.496
1.632
1.236
0.77
0.525
0.567
0.355
0.266
0.251
0.322
0.607
0.642
1.042
0.764
0.78
0.503
0.469
0.927
2.203
1.979
2.165
3.217
3.44
3.068
2.877
2.419
1.764
0.803
0.525
0.585
0.443
0.357
0.346
0.505
0.607
0.477
0.815
0.764
0.78
0.607
0.696
0.892
2.192
2.361
2.555
3.041
3.222
2.425
2.205
2.084
1.743
1.044
0.327
0.318
0.323
0.39
0.655
0.321
0.296
0.353
2.366
0.811
0.558
0.75
1.301
1.204
0.262
1.716
2.356
2.357
2.875
1.918
1.402
1.559
1.37
0.954
0.327
0.312
0.323
0.386
0.305
0.319
0.289
0.339
2.366
1.308
0.948
1.065
1.537
1.204
0.259
1.627
2.447
2.512
3.286
1.936
1.402
1.542
1.37
0.851
0.269
0.283
0.279
0.285
0.276
0.297
0.282
0.31
2.016
1.308
1.226
1.411
1.276
1.13
0.259
1.396
2.248
2.512
3.766
1.941
1.621
1.727
1.442
0.617
0.233
0.217
0.219
0.224
0.208
0.238
0.234
0.258
2.235
1.235
1.184
1.387
1.238
1.463
0.301
1.162
2.117
2.438
3.458
1.822
1.45
1.593
1.504
0.652
0.232
0.213
0.212
0.218
0.208
0.327
0.339
0.321
1.571
1.291
0.751
1.061
1.68
1.759
0.346
0.95
1.665
2.34
2.796
1.731
1.396
1.566
2.063
0.875
0.808
0.67
0.534
0.44
0.427
0.547
0.605
0.591
1.437
0.736
0.628
0.944
1.106
1.451
2.018
2.134
2.171
2.783
2.886
2.04
2.115
1.688
1.497
1.039
0.808
0.67
0.534
0.44
0.427
0.531
0.602
0.513
2.27
1.048
1.095
1.267
1.549
1.601
2.029
1.901
2.15
2.783
2.571
1.834
1.895
1.672
1.641
0.784
0.277
0.278
0.265
0.267
0.271
0.369
0.401
0.431
2.063
1.892
0.772
1.287
1.68
2.039
0.29
0.636
1.301
2.166
2.934
1.86
1.581
1.572
1.599
0.337
0.229
0.219
0.205
0.219
0.214
0.305
0.344
0.372
1.183
2.231
0.864
1.47
2.498
2.039
0.445
0.83
1.292
2.001
2.462
2.01
1.237
1.245
1.493
0.35
0.238
0.23
0.211
0.219
0.222
0.305
0.344
0.372
1.129
2.438
0.975
0.874
2.452
1.666
0.904
0.623
1.229
1.843
2.015
2.307
1.573
1.544
1.493
0.308
0.241
0.283
0.216
0.213
0.209
0.284
0.32
0.389
1.704
1.796
0.431
0.874
2.38
1.929
1.278
0.734
1.512
1.843
1.834
1.945
1.424
1.429
1.587
0.325
0.24
0.282
0.23
0.216
0.219
0.303
0.318
0.385
1.046
2.104
0.824
1.139
2.186
1.838
1.683
0.966
1.341
1.96
1.619
1.744
1.293
1.294
1.999
1.323
0.829
0.47
0.39
0.419
0.421
0.504
0.491
0.391
2.701
1.328
1.111
1.27
2.2
2.372
1.566
1.247
2.148
2.745
2.571
1.757
1.544
1.6
1.353
1.22
0.623
0.324
0.305
0.329
0.33
0.293
0.296
0.173
2.548
1.6
0.98
1.199
2.222
2.269
1.445
0.811
2.031
2.989
3.02
1.853
1.483
1.442
1.261
0.615
0.247
0.282
0.24
0.22
0.219
0.265
0.298
0.344
1.028
2.091
0.914
1.139
2.086
2.07
2.125
1.315
1.523
1.96
1.717
2.249
1.599
1.42
1.352
0.273
0.199
0.214
0.175
0.22
0.158
0.21
0.243
0.283
0.365
2.012
1.078
0.836
2.086
1.792
2.288
1.577
1.677
2.138
1.759
2.479
1.785
1.421
1.094
0.26
0.193
0.198
0.182
0.359
0.149
0.188
0.189
0.247
0.36
1.454
0.96
0.611
1.266
1.805
2.224
1.597
1.463
2.045
1.645
2.488
2.143
1.743
1.329
0.229
0.188
0.23
0.17
0.359
0.139
0.186
0.187
0.275
1.023
1.425
0.897
0.672
0.892
2.011
2.204
1.723
1.458
2.062
1.962
2.532
2.202
1.95
1.4
0.294
0.235
0.23
0.225
0.414
0.196
0.237
0.239
0.287
0.471
1.425
1.272
0.481
0.682
1.737
2.079
1.723
1.441
1.953
1.996
2.752
2.5
2.183
0.917
1.187
0.608
0.309
0.313
0.273
0.287
0.241
0.233
0.124
2.232
1.681
1.033
1.236
2.222
2.347
1.326
1.037
2.335
3.122
3.02
1.982
1.441
1.39
1.086
0.847
0.309
0.227
0.242
0.173
0.211
0.154
0.147
0.125
2.25
1.386
0.626
1.093
2.207
2.518
1.553
0.725
2.233
2.976
2.832
2.259
1.856
1.777
1.184
0.22
0.186
0.184
0.165
0.361
0.14
0.179
0.239
0.289
0.485
1.14
1.207
0.481
0.874
1.501
1.838
1.793
1.653
1.953
2.048
2.752
2.588
2.414
0.536
0.164
0.17
0.185
0.156
0.361
0.134
0.17
0.829
0.439
0.494
1.088
1.246
0.867
0.874
1.113
1.437
1.488
1.594
2.17
2.263
2.629
2.508
2.414
0.787
0.232
0.172
0.234
0.158
0.216
0.143
0.169
0.829
0.449
0.78
1.021
1.433
1.951
0.937
0.911
0.94
1.258
1.459
1.785
2.441
2.6
2.411
2.274
1.056
0.323
0.215
0.296
0.217
0.207
0.193
0.218
0.876
0.47
0.774
0.865
1.744
2.86
0.979
1.117
0.94
0.948
1.459
1.971
2.368
2.468
2.411
2.12
1.056
0.407
0.215
0.249
0.218
0.207
0.193
0.214
1.393
0.487
0.487
0.406
1.672
2.957
1.429
0.972
0.767
0.822
1.271
1.959
2.125
2.235
2.391
1.973
1.183
0.469
0.194
0.181
0.189
0.131
0.164
0.136
0.131
0.125
1.687
1.517
0.626
0.717
1.531
2.099
1.129
1.078
2.273
3.184
3.028
2.609
1.984
2.092
1.511
0.255
0.191
0.175
0.193
0.129
0.155
0.136
0.146
0.132
0.703
1.181
0.599
0.717
1.692
1.388
0.897
1.078
2.273
2.768
3.34
2.579
1.853
1.946
1.319
0.381
0.176
0.187
0.153
0.155
0.145
0.156
1.337
0.457
0.458
0.869
1.56
2.957
1.429
1.01
0.794
0.729
0.992
1.968
2.13
2.006
2.233
1.935
1.291
0.381
0.171
0.179
0.143
0.153
0.149
0.152
0.706
0.307
0.392
1.398
1.354
2.696
1.51
0.843
0.592
0.652
0.786
1.968
2.373
1.932
2.094
1.917
1.365
0.417
0.167
0.187
0.137
0.142
0.162
0.128
0.706
0.253
0.351
1.398
1.307
2.485
1.533
1.36
0.553
0.652
0.741
1.531
2.148
1.677
1.952
1.885
1.329
0.331
0.168
0.147
0.141
0.144
0.16
0.123
0.721
0.22
0.321
0.96
1.176
1.769
1.596
1.301
0.553
0.652
0.612
1.531
2.035
1.671
1.903
1.824
1.245
0.332
0.168
0.147
0.141
0.144
0.158
0.123
0.684
0.208
0.343
1.305
1.176
1.769
2.195
0.799
0.553
0.822
0.718
1.39
2.1
1.791
1.87
1.814
1.235
0.255
0.191
0.206
0.226
0.129
0.162
0.156
0.189
0.218
0.703
1.127
0.56
0.837
1.11
1.2
0.927
1.009
2.061
2.451
2.43
2.38
2.071
1.886
1.205
0.33
0.201
0.206
0.226
0.128
0.17
0.156
0.194
0.218
0.743
0.876
0.51
1.02
0.651
0.876
0.628
1.006
1.785
1.949
2.43
2.261
1.992
1.959
1.092
0.371
0.18
0.155
0.142
0.147
0.164
0.13
0.166
0.171
0.343
1.797
1.194
1.959
2.526
0.716
0.53
0.755
0.663
1.207
1.998
1.875
1.929
1.869
1.226
0.508
0.185
0.165
0.15
0.153
0.169
0.134
0.225
0.21
0.752
1.648
1.498
2.773
3.351
0.625
0.506
0.715
0.683
0.987
1.917
1.952
1.867
1.686
1.268
0.617
0.189
0.165
0.16
0.157
0.185
0.178
0.254
0.207
0.748
1.648
2.077
2.199
3.527
0.864
0.416
0.778
0.799
0.83
1.787
1.832
1.649
1.501
1.047
0.574
0.189
0.175
0.162
0.157
0.185
0.183
0.203
0.245
1.172
1.685
2.077
2.199
3.662
0.803
0.923
0.839
0.659
0.734
1.763
1.689
1.623
1.436
1.265
0.599
0.184
0.184
0.16
0.153
0.185
0.197
0.194
0.243
1.755
1.685
1.747
2.879
3.925
0.767
0.89
0.947
0.659
0.721
1.789
1.64
1.378
1.219
1.414
0.367
0.144
0.159
0.184
0.137
0.159
0.157
0.206
0.223
1.11
0.893
0.626
0.985
0.734
0.802
0.381
0.608
1.458
1.802
2.356
2.227
1.992
2.048
1.319
0.373
0.147
0.158
0.177
0.145
0.155
0.158
0.206
0.232
1.091
1.758
0.692
1.114
0.451
0.879
0.381
0.334
1.103
1.382
2.209
1.876
1.8
1.839
1.275
0.744
0.237
0.218
0.174
0.146
0.182
0.188
0.2
0.203
1.131
1.397
2.141
2.179
3.728
0.665
0.281
0.966
0.712
0.628
2.223
1.558
1.372
1.227
1.491
0.691
0.24
0.221
0.18
0.14
0.186
0.241
0.214
0.213
1.197
0.929
1.558
2.662
3.098
0.476
0.284
1.089
0.63
0.763
2.545
1.651
1.116
1.058
1.807
0.685
0.273
0.179
0.166
0.14
0.158
0.195
0.179
0.168
0.718
0.499
1.785
1.816
3.098
0.492
0.233
1.287
0.556
0.478
2.591
1.564
1.154
1.159
1.761
0.676
0.264
0.179
0.171
0.131
0.155
0.169
0.159
0.135
0.66
0.448
1.787
1.632
2.958
0.255
0.241
1.287
0.326
0.702
2.413
1.495
1.056
1.126
1.982
0.728
0.264
0.169
0.186
0.137
0.146
0.169
0.162
0.116
0.287
0.449
2.69
1.816
2.905
0.255
0.133
1.089
0.253
0.608
2.274
1.478
1.04
1.054
1.967
0.478
0.187
0.173
0.172
0.145
0.168
0.158
0.216
0.228
0.775
2.135
0.706
1.557
0.507
0.501
0.381
0.334
0.848
0.95
1.718
1.577
1.638
1.692
1.275
0.458
0.207
0.189
0.169
0.159
0.186
0.146
0.173
0.152
0.647
2.064
0.593
1.173
0.377
0.444
0.369
0.344
0.631
1.013
1.161
1.46
1.538
1.766
1.324
0.728
0.262
0.181
0.186
0.142
0.152
0.178
0.162
0.133
0.233
0.42
2.69
0.985
1.955
0.255
0.154
0.921
0.253
0.619
1.387
1.108
0.852
0.923
1.49
0.672
0.262
0.161
0.172
0.145
0.159
0.179
0.152
0.139
0.233
0.304
2.3
1.726
2.468
0.441
0.158
0.586
0.226
0.541
1.245
0.93
0.631
0.811
1.433
0.786
0.366
0.16
0.169
0.151
0.145
0.169
0.144
0.123
0.182
0.315
2.228
0.908
2.559
0.628
0.158
0.428
0.254
0.291
1.243
0.802
0.739
0.798
1.065
0.746
0.274
0.163
0.168
0.15
0.154
0.163
0.147
0.129
0.205
0.828
1.39
0.782
2.426
0.603
0.162
0.372
0.235
0.311
0.847
0.612
0.623
0.669
1.139
0.867
0.431
0.163
0.153
0.168
0.151
0.17
0.154
0.147
0.239
0.829
0.76
1.048
2.051
0.818
0.326
0.325
0.276
0.298
0.836
0.595
0.605
0.659
0.809
0.412
0.206
0.189
0.163
0.142
0.174
0.139
0.171
0.139
0.228
2.167
1.612
1.033
0.379
0.738
0.523
0.464
0.761
1.294
1.434
1.572
1.501
1.624
1.379
0.415
0.201
0.189
0.163
0.138
0.173
0.137
0.167
0.137
0.169
2.952
1.923
0.836
0.491
0.86
0.432
0.617
0.746
1.291
1.161
1.435
1.429
1.458
1.49
1.024
0.512
0.163
0.146
0.165
0.156
0.179
0.144
0.158
0.239
0.603
0.314
0.576
2.051
0.818
0.667
0.371
0.307
0.328
1.206
0.737
0.687
0.692
1.036
1.024
0.68
0.163
0.147
0.165
0.172
0.179
0.302
0.198
0.574
1.295
0.445
0.798
2.051
0.817
0.651
0.359
0.307
0.358
1.694
0.996
0.88
0.894
1.247
1.083
0.603
0.172
0.172
0.186
0.174
0.227
0.346
0.241
0.613
1.295
0.293
0.798
2.497
1.662
1.085
0.476
0.339
0.414
1.384
0.913
0.807
0.744
1.329
1.094
0.493
0.186
0.198
0.199
0.194
0.241
0.373
0.268
0.663
1.397
0.237
0.732
2.123
1.594
0.961
0.434
0.268
0.371
1.252
0.941
0.819
0.809
1.501
1.053
0.493
0.184
0.192
0.202
0.192
0.241
0.369
0.268
1.186
1.397
0.252
0.885
1.513
2.19
1.004
0.37
0.322
0.561
1.256
0.948
0.81
1.028
1.412
0.565
0.201
0.193
0.156
0.139
0.173
0.138
0.157
0.134
0.14
2.598
1.68
1.41
0.604
1.007
0.423
0.564
0.795
0.827
1.005
1.564
1.303
1.137
1.457
0.804
0.238
0.22
0.156
0.141
0.175
0.13
0.161
0.134
0.168
1.874
0.644
0.8
0.604
1.007
0.423
0.575
0.739
0.82
0.846
1.592
1.18
1.017
1.412
1.077
0.544
0.292
0.264
0.251
0.239
0.284
0.258
0.257
1.24
1.439
0.216
0.541
1.315
1.959
0.569
0.401
0.272
0.53
1.256
1.221
0.912
1.122
1.377
1.077
0.496
0.286
0.265
0.259
0.238
0.277
0.26
0.257
0.726
1.578
0.383
1.019
1.362
1.015
0.282
0.478
0.355
0.711
1.144
1.381
1.108
1.219
1.277
1.077
0.368
0.252
0.264
0.259
0.238
0.277
0.207
0.213
0.377
0.885
0.256
0.978
2.35
1.662
0.33
0.512
0.454
0.769
0.857
1.232
0.982
1.047
1.124
0.924
0.341
0.236
0.236
0.242
0.22
0.228
0.139
0.172
0.306
0.833
0.377
0.978
2.35
1.13
0.312
0.434
0.438
0.684
1.035
1.354
1.158
1.219
1.028
0.712
0.28
0.209
0.218
0.225
0.201
0.206
0.112
0.15
0.953
0.741
0.489
1.112
2.48
0.963
0.336
0.463
0.441
0.716
0.827
1.143
1.028
1.145
1.348
0.846
0.408
0.222
0.159
0.137
0.168
0.131
0.15
0.132
0.151
1.349
0.598
0.3
0.52
1.243
0.414
0.587
0.97
0.815
0.914
1.64
1.246
1.027
1.236
0.846
0.421
0.275
0.165
0.137
0.168
0.131
0.15
0.126
0.139
1.349
0.531
0.283
1.072
1.243
0.443
0.631
0.97
0.407
0.674
1.562
1.03
0.9
0.999
0.773
0.3
0.213
0.218
0.228
0.208
0.196
0.123
0.152
0.232
0.741
1.113
0.997
2.423
0.344
0.363
0.472
0.341
0.533
0.78
1.193
1.059
1.005
0.949
0.547
0.223
0.142
0.146
0.175
0.152
0.139
0.117
0.152
0.121
0.642
1.113
0.997
2.427
0.351
0.363
0.721
0.409
0.605
0.786
1.019
1.03
1.18
0.897
0.334
0.19
0.156
0.158
0.16
0.157
0.146
0.114
0.152
0.457
0.242
0.948
0.748
1.442
0.266
0.327
0.373
0.409
0.605
0.633
0.857
0.862
1.186
0.904
0.225
0.164
0.156
0.149
0.155
0.154
0.127
0.131
0.143
0.696
0.595
0.906
0.573
1.327
0.227
0.435
0.343
0.336
0.774
0.794
0.757
0.81
1.278
0.906
0.208
0.164
0.162
0.156
0.16
0.158
0.146
0.148
0.188
0.989
0.979
0.307
0.573
1.042
0.227
0.48
0.396
0.552
0.768
0.628
0.698
0.81
1.299
1.091
0.831
0.388
0.206
0.179
0.133
0.167
0.131
0.146
0.127
0.154
0.966
0.173
0.339
1.009
0.786
0.751
0.507
0.691
0.321
0.455
1.174
0.734
0.657
1.138
0.81
0.505
0.275
0.235
0.211
0.224
0.213
0.253
0.197
0.205
0.741
0.173
0.211
0.761
0.641
0.744
0.403
0.717
0.374
0.418
1.008
0.734
0.631
0.918
0.267
0.191
0.172
0.161
0.17
0.181
0.187
0.187
0.238
0.704
1.557
0.237
0.492
1.145
0.197
0.417
0.362
0.693
0.735
0.904
0.788
0.965
1.386
0.884
0.258
0.159
0.168
0.174
0.166
0.173
0.199
0.174
0.249
0.702
1.482
0.237
0.515
1.475
0.198
0.268
0.371
0.704
1.166
1.288
0.896
1.074
1.386
0.948
0.275
0.159
0.168
0.174
0.166
0.177
0.193
0.18
0.248
0.746
1.886
0.691
0.534
1.682
0.192
0.261
0.332
0.719
1.093
1.288
0.85
1.017
1.395
1.085
0.269
0.167
0.162
0.164
0.166
0.18
0.184
0.182
0.198
0.479
2.426
0.716
0.474
1.682
0.192
0.228
0.385
0.743
1.378
1.549
0.916
1.078
1.67
1.273
0.279
0.167
0.159
0.167
0.174
0.175
0.207
0.211
0.235
0.294
2.472
1.376
0.517
1.193
0.588
0.204
0.418
1.401
0.946
1.306
0.908
1.257
1.71
0.914
0.575
0.55
0.334
0.289
0.276
0.268
0.275
0.313
0.246
0.276
0.416
0.193
0.211
0.191
0.418
0.83
0.507
0.322
0.324
0.526
0.75
0.78
0.706
0.934
0.356
0.35
0.311
0.289
0.279
0.272
0.288
0.317
0.191
0.338
0.661
0.686
0.252
0.18
0.196
0.478
0.74
0.314
0.385
0.616
0.506
0.654
0.712
1.37
0.335
0.215
0.2
0.202
0.217
0.206
0.157
0.169
0.203
0.242
2.638
1.371
0.406
1.193
0.464
0.129
0.355
1.172
1.352
1.249
0.939
1.103
1.559
1.234
0.258
0.165
0.163
0.161
0.174
0.149
0.136
0.134
0.16
0.19
2.172
1.343
0.401
0.835
0.459
0.123
0.329
0.991
1.352
0.798
0.683
0.85
1.456
1.045
0.191
0.165
0.167
0.152
0.175
0.146
0.126
0.135
0.186
0.18
1.583
0.68
0.406
0.491
0.455
0.188
0.323
0.936
1.265
0.438
0.501
0.553
1.236
0.855
0.164
0.156
0.167
0.15
0.166
0.136
0.122
0.11
0.172
0.143
1.15
0.215
0.465
0.275
0.48
0.188
0.266
0.815
1.214
0.382
0.444
0.49
0.737
0.475
0.161
0.151
0.164
0.147
0.171
0.128
0.106
0.095
0.158
0.115
0.555
0.177
0.389
0.275
0.482
0.495
0.266
0.274
1.046
0.353
0.452
0.636
0.684
1.138
0.356
0.236
0.307
0.289
0.3
0.272
0.289
0.323
0.304
0.338
0.667
0.704
0.252
0.482
0.151
0.478
0.637
0.244
0.288
0.402
0.352
0.428
0.558
1.096
0.346
0.215
0.233
0.226
0.238
0.209
0.207
0.323
0.367
0.336
0.609
0.688
0.241
0.137
0.137
0.419
0.583
0.202
0.279
0.395
0.352
0.419
0.558
0.198
0.156
0.139
0.163
0.184
0.16
0.132
0.106
0.095
0.343
0.115
0.114
0.177
0.409
0.365
0.131
0.429
0.235
0.274
1.113
0.314
0.373
0.365
0.518
0.171
0.156
0.129
0.163
0.146
0.152
0.125
0.119
0.095
0.337
0.123
0.114
0.198
0.79
0.365
0.108
0.434
0.222
0.284
0.718
0.226
0.288
0.28
0.36
0.196
0.147
0.131
0.167
0.158
0.154
0.115
0.128
0.107
0.792
0.78
0.137
0.653
1.283
0.701
0.135
0.579
0.867
0.569
0.785
0.316
0.394
0.557
0.642
0.221
0.153
0.152
0.169
0.164
0.156
0.122
0.134
0.107
0.326
1.558
0.319
1.293
1.667
0.854
0.202
0.351
0.867
1.154
0.491
0.339
0.419
0.582
0.677
0.61
0.179
0.18
0.192
0.191
0.165
0.127
0.156
0.122
0.354
2.662
0.536
1.471
1.769
0.845
0.477
0.383
1.171
1.779
0.663
0.414
0.467
0.634
0.821
1.096
0.346
0.216
0.24
0.212
0.238
0.205
0.219
0.319
0.367
0.32
0.609
0.686
0.409
0.118
0.135
0.275
0.526
0.172
0.261
0.401
0.335
0.419
0.559
1.016
0.364
0.216
0.24
0.212
0.238
0.205
0.219
0.275
0.328
0.346
0.743
0.686
0.845
0.17
0.16
0.249
0.526
0.172
0.51
0.421
0.397
0.419
0.598
0.857
0.257
0.202
0.21
0.214
0.181
0.154
0.166
0.14
0.386
3.56
0.963
2.123
2.24
0.858
0.487
0.363
0.569
1.648
0.494
0.414
0.467
0.446
0.609
1.147
0.339
0.202
0.21
0.191
0.182
0.161
0.187
0.13
0.146
2.912
0.963
2.53
2.242
0.798
0.488
0.359
0.526
1.036
0.363
0.763
0.531
0.658
0.745
1.299
0.545
0.242
0.208
0.192
0.183
0.191
0.25
0.161
0.251
3.098
0.936
2.508
2.435
0.798
0.976
0.397
0.569
1.381
0.424
0.839
0.539
0.846
0.925
1.299
0.609
0.273
0.208
0.182
0.18
0.199
0.243
0.169
0.251
2.321
1.376
2.879
2.697
0.512
0.958
0.324
0.308
1.563
0.529
0.879
0.578
0.72
0.797
1.33
0.563
0.247
0.199
0.179
0.17
0.202
0.243
0.167
0.261
1.233
1.374
2.631
3.276
1.187
1.081
0.29
0.401
1.325
0.487
0.879
0.578
0.753
1.008
1.214
0.327
0.172
0.175
0.167
0.177
0.165
0.157
0.219
0.278
0.264
1.433
0.861
1.127
0.513
0.186
0.294
0.308
0.182
0.533
0.336
0.284
0.297
0.453
1.083
0.449
0.196
0.165
0.164
0.172
0.219
0.147
0.204
0.263
0.532
1.28
0.367
1.428
1.034
0.212
0.134
0.175
0.216
0.533
0.336
0.267
0.269
0.295
1.131
0.758
0.308
0.234
0.161
0.15
0.421
0.234
0.147
0.24
0.321
1.564
2.631
3.276
1.631
0.597
0.249
0.28
0.959
0.36
1.314
0.629
0.753
0.887
1.039
0.684
0.285
0.213
0.161
0.15
0.404
0.218
0.125
1.335
0.321
1.212
2.056
2.693
1.629
0.639
0.249
0.265
0.966
0.684
1.141
0.721
0.899
1.028
0.888
0.475
0.285
0.211
0.242
0.15
0.4
0.152
0.137
1.344
1.294
1.212
1.477
1.983
1.585
0.747
0.337
0.276
1.02
0.684
0.777
0.559
0.694
1.423
1.035
0.296
0.246
0.215
0.246
0.151
0.183
0.152
0.137
1.278
1.606
1.964
1.09
2.157
0.799
0.343
0.418
0.399
0.874
0.597
0.776
0.461
0.462
1.198
0.936
0.215
0.163
0.215
0.246
0.154
0.18
0.181
0.156
0.307
2.614
1.698
0.665
1.308
0.768
0.299
0.422
0.388
0.623
0.297
0.692
0.373
0.376
1.676
1.083
0.322
0.232
0.152
0.163
0.167
0.212
0.143
0.196
0.184
1.081
1.336
0.368
1.427
0.688
0.203
0.384
0.164
0.269
0.897
0.502
0.311
0.328
0.52
1.306
0.367
0.226
0.157
0.162
0.159
0.212
0.146
0.129
0.115
1.352
1.396
0.367
1.425
0.759
0.223
0.428
0.296
0.38
1.636
0.8
0.501
0.502
0.689
0.898
0.276
0.151
0.223
0.242
0.154
0.173
0.175
0.156
0.94
3.405
1.273
0.231
0.576
0.32
0.191
0.442
0.261
0.581
0.61
0.7
0.364
0.328
1.082
1.004
0.276
0.151
0.163
0.243
0.154
0.146
0.97
1.008
1.071
3.405
0.864
0.231
0.587
0.238
0.209
0.442
0.226
0.704
1.346
0.7
0.487
0.51
1.218
1.255
0.336
0.159
0.226
0.253
0.178
0.173
1.037
1.06
0.507
3.169
0.958
0.231
1.242
0.291
0.152
0.376
0.92
1.092
1.037
0.428
0.295
0.632
1.265
1.221
0.363
0.17
0.275
0.17
0.173
0.16
1.03
1.671
0.507
2.685
0.959
0.27
1.124
0.2
0.15
0.28
0.878
1.089
2.101
0.428
0.346
0.679
0.73
0.949
0.339
0.173
0.269
0.177
0.145
0.142
1.0
1.654
0.478
2.18
0.741
0.299
0.525
0.3
0.155
0.27
0.281
1.074
2.101
0.379
0.367
0.682
0.936
1.312
0.603
0.232
0.159
0.167
0.161
0.221
0.215
0.133
0.117
1.381
1.396
0.628
0.899
0.754
0.223
0.412
0.297
0.381
1.713
1.001
0.511
0.502
0.689
1.312
0.525
0.229
0.159
0.167
0.161
0.197
0.186
0.133
0.117
1.025
0.935
0.409
0.495
0.754
0.238
0.445
0.296
0.301
1.414
0.942
0.371
0.483
0.528
0.999
0.339
0.184
0.221
0.189
0.149
0.151
0.22
1.235
0.81
1.383
0.492
0.273
0.44
0.346
0.176
0.26
0.332
1.053
2.079
0.361
0.365
0.668
0.73
1.026
0.308
0.189
0.223
0.195
0.233
0.25
1.017
1.573
0.395
0.707
0.564
0.304
0.521
0.301
0.203
0.26
0.343
0.934
1.353
0.348
0.363
0.658
0.729
0.765
0.308
0.189
0.248
0.195
0.243
0.81
0.22
0.965
0.255
0.249
0.649
0.325
0.657
0.509
0.225
0.305
0.353
0.697
0.308
0.321
0.339
0.453
0.796
0.78
0.25
0.189
0.229
0.195
0.154
0.715
0.138
0.909
0.664
0.249
0.476
0.349
0.657
0.337
0.225
0.305
0.225
0.496
0.259
0.272
0.285
0.33
1.315
1.159
0.221
0.194
0.229
0.242
0.22
0.768
0.199
0.532
0.664
0.47
0.669
0.323
1.176
0.335
0.624
0.388
0.353
0.667
0.259
0.288
0.266
0.318
1.267
1.096
0.535
0.263
0.198
0.193
0.201
0.194
0.182
0.134
0.114
1.025
0.352
0.187
0.159
0.236
0.214
0.445
0.175
0.375
1.41
0.914
0.384
0.487
0.552
1.193
0.308
0.242
0.198
0.192
0.205
0.16
0.191
0.134
0.106
0.75
0.352
0.186
0.111
0.17
0.167
0.451
0.177
0.375
0.737
0.647
0.373
0.474
0.542
1.31
0.242
0.199
0.229
0.233
0.219
0.763
0.749
0.522
0.663
0.47
0.762
0.323
1.663
0.42
0.605
0.335
0.229
0.493
0.363
0.269
0.254
0.303
1.219
1.784
0.239
0.199
0.221
0.218
0.204
1.087
0.729
0.176
0.179
0.494
0.744
0.319
1.704
1.056
1.072
0.497
0.32
0.821
0.498
0.586
0.256
0.425
1.242
1.738
0.229
0.199
0.214
0.213
0.151
0.543
0.182
0.126
0.109
0.451
0.425
0.42
2.082
1.089
1.05
0.697
0.51
0.822
0.517
0.622
0.291
0.587
2.036
2.274
0.229
0.228
0.207
0.306
0.138
0.228
0.74
0.182
0.254
0.43
0.419
0.857
2.007
0.395
0.997
0.685
0.537
0.597
0.505
0.615
0.289
0.471
1.391
1.973
0.231
0.214
0.184
0.213
0.152
0.23
1.097
0.496
0.106
0.21
0.823
0.785
1.467
0.356
0.996
0.69
0.589
1.18
0.66
0.642
0.327
0.487
0.752
1.33
0.309
0.236
0.196
0.202
0.197
0.163
0.199
0.131
0.159
0.75
0.22
0.164
0.158
0.238
0.174
0.44
0.178
0.331
0.408
0.918
0.355
0.459
0.406
0.995
0.269
0.236
0.205
0.202
0.206
0.163
0.199
0.127
0.163
0.486
0.169
0.169
0.163
0.18
0.141
0.408
0.144
0.402
0.408
0.792
0.355
0.459
0.406
1.297
0.231
0.188
0.165
0.22
0.152
0.168
1.043
0.751
0.147
0.21
0.637
0.809
0.91
0.358
0.493
0.383
0.456
0.821
0.525
0.296
0.298
0.485
0.752
1.126
0.198
0.213
0.172
0.253
0.151
0.168
0.489
0.802
0.139
0.21
0.241
0.809
0.91
0.65
0.547
0.434
0.499
0.823
1.211
0.37
0.306
0.49
0.587
0.61
0.229
0.216
0.174
0.264
0.174
0.168
0.489
0.802
0.15
0.199
0.251
1.212
1.378
0.576
0.193
0.228
0.268
0.29
0.357
0.267
0.236
0.381
0.738
0.413
0.218
0.261
0.17
0.269
0.167
0.161
0.525
0.797
0.153
0.18
0.616
1.519
0.904
0.537
0.196
0.178
0.213
0.237
0.626
0.258
0.236
0.381
0.738
0.399
0.241
0.276
0.17
0.262
0.65
0.168
0.223
0.538
0.153
0.224
0.545
1.081
0.832
0.602
0.196
0.129
0.224
0.299
0.636
0.258
0.244
0.441
0.892
0.832
0.252
0.233
0.209
0.198
0.21
0.163
0.159
0.139
0.264
1.502
0.742
0.122
0.347
0.392
0.173
0.412
0.144
0.376
0.282
0.562
0.33
0.45
0.383
0.805
0.222
0.205
0.174
0.168
0.175
0.16
0.159
0.126
0.224
1.456
1.544
0.122
0.333
0.351
0.145
0.368
0.133
0.327
0.247
0.534
0.291
0.293
0.453
0.437
0.238
0.278
0.165
0.262
0.649
0.224
0.223
0.223
0.165
0.223
0.146
1.037
1.063
1.101
0.305
0.176
0.227
0.299
0.89
0.344
0.269
0.607
0.913
0.449
0.386
0.276
0.179
0.21
0.626
0.223
0.22
0.213
0.127
0.252
0.427
1.085
1.133
1.104
0.305
0.181
0.276
0.367
0.89
0.335
0.269
0.607
1.033
0.534
0.387
0.223
0.175
0.176
0.632
0.323
0.217
0.162
0.127
0.258
0.742
0.96
0.649
0.607
0.26
0.136
0.227
0.342
0.542
0.264
0.262
0.604
1.164
0.637
0.273
0.22
0.206
0.224
0.155
0.294
0.222
0.164
0.167
0.811
1.096
0.966
0.649
0.2
0.255
0.134
0.23
0.321
0.593
0.332
0.257
0.503
1.102
0.622
0.259
0.208
0.213
0.22
0.159
0.29
0.172
0.167
0.159
0.837
0.75
1.066
0.715
0.242
0.272
0.243
0.272
0.646
0.264
0.251
0.257
0.333
0.8
0.823
0.196
0.181
0.165
0.168
0.167
0.163
0.159
0.119
0.221
1.449
1.753
0.113
1.053
0.676
0.149
0.289
0.133
0.532
0.857
0.568
0.333
0.315
0.493
0.275
0.202
0.18
0.177
0.203
0.172
0.164
0.205
0.119
0.221
1.46
1.179
0.12
1.053
0.676
0.149
0.287
0.13
0.523
0.792
0.536
0.294
0.273
0.865
0.622
0.208
0.173
0.182
0.188
0.153
0.183
0.17
0.128
0.162
0.758
0.774
1.605
0.906
0.816
0.256
0.311
0.272
0.749
0.284
0.265
0.244
0.269
0.8
0.611
0.243
0.204
0.213
0.213
0.153
0.155
0.163
0.177
0.262
0.94
1.025
1.605
0.995
0.422
0.19
0.237
0.311
1.151
0.255
0.239
0.321
0.269
0.805
0.479
0.242
0.233
0.236
0.25
0.193
0.217
0.197
0.169
0.32
0.571
1.109
1.849
1.086
0.771
0.285
0.441
0.352
1.151
0.306
0.319
0.458
0.366
0.798
0.378
0.243
0.239
0.266
0.252
0.205
0.173
0.251
0.211
0.38
1.084
0.809
1.552
1.079
0.771
0.28
0.438
0.353
1.926
0.68
0.434
0.605
0.609
0.733
0.378
0.25
0.253
0.288
0.229
0.201
0.183
0.259
0.214
0.345
0.912
0.653
1.052
0.866
0.763
0.272
0.438
0.353
1.926
0.656
0.363
0.605
0.609
0.725
0.275
0.186
0.179
0.179
0.22
0.172
0.156
0.264
0.115
0.124
1.176
1.183
0.123
0.415
0.492
0.222
0.287
0.449
1.2
1.759
0.536
0.547
0.551
1.232
0.381
0.179
0.179
0.177
0.23
0.181
0.162
0.258
0.112
0.121
1.753
1.401
0.122
0.425
0.527
0.226
0.279
0.444
1.146
0.779
0.266
0.298
0.352
1.025
0.434
0.273
0.219
0.295
0.229
0.208
0.196
0.259
0.221
0.345
0.907
1.816
0.512
0.809
0.723
0.262
0.229
0.38
1.736
0.662
0.618
0.627
0.764
0.942
0.473
0.271
0.228
0.321
0.207
0.208
0.24
0.222
0.22
0.345
1.375
1.787
0.187
0.482
0.63
0.333
0.194
0.328
2.316
1.249
1.135
0.657
0.758
0.724
0.532
0.234
0.196
0.3
0.182
0.176
0.268
0.227
0.209
0.258
1.741
1.587
0.215
0.343
0.408
0.334
0.162
0.235
1.878
1.251
1.221
0.601
0.559
0.646
0.586
0.196
0.185
0.312
0.169
0.164
0.224
0.204
0.183
0.205
1.781
0.408
0.215
0.296
0.154
0.159
0.126
0.169
1.091
0.857
1.071
0.558
0.764
0.75
0.586
0.194
0.193
0.312
0.167
0.164
0.219
0.173
0.183
0.193
1.316
0.851
0.265
0.281
0.179
0.163
0.122
0.209
0.401
0.321
0.632
0.477
0.544
0.626
0.458
0.179
0.18
0.218
0.273
0.212
0.229
0.28
0.112
0.121
1.753
0.554
0.132
0.285
0.22
0.304
0.316
0.475
1.166
0.811
0.348
0.373
0.428
1.031
0.496
0.173
0.184
0.296
0.273
0.215
0.216
0.287
0.113
0.118
1.777
0.554
0.132
0.288
0.239
0.313
0.32
0.478
2.444
1.532
0.456
0.558
0.598
1.178
0.603
0.167
0.186
0.259
0.166
0.175
0.228
0.155
0.178
0.182
1.65
0.655
0.24
0.281
0.19
0.164
0.158
0.276
0.28
0.318
0.709
0.537
0.599
0.666
0.529
0.167
0.25
0.248
0.169
0.167
0.224
0.14
0.164
0.471
1.756
0.655
0.335
0.285
0.445
0.158
0.196
0.284
0.264
0.283
0.455
0.424
0.452
0.667
0.538
0.197
0.251
0.21
0.169
0.175
0.231
0.14
0.164
0.182
1.128
1.036
0.402
0.289
0.772
0.158
0.199
0.282
0.264
0.254
0.36
0.436
0.509
0.757
0.449
0.195
0.254
0.206
0.172
0.168
0.17
0.129
0.151
0.453
1.426
1.094
0.399
0.266
0.754
0.125
0.197
0.387
0.337
0.257
0.309
0.397
0.479
0.853
0.478
0.199
0.254
0.166
0.169
0.165
0.17
0.134
0.138
0.451
1.182
1.535
0.349
0.29
1.212
0.15
0.257
0.387
0.369
0.304
0.341
0.349
0.417
0.853
0.621
0.225
0.228
0.417
0.273
0.28
0.218
0.345
0.134
0.146
2.636
0.63
0.137
0.249
0.198
0.207
0.334
0.188
1.775
0.951
0.441
0.741
0.654
1.22
0.826
0.25
0.261
0.404
0.277
0.298
0.249
0.317
0.152
0.192
2.395
1.362
0.154
0.288
0.239
0.313
0.382
0.243
1.853
1.203
0.587
0.886
1.029
1.22
0.569
0.226
0.201
0.165
0.163
0.163
0.17
0.127
0.116
0.656
1.928
1.305
0.376
0.36
1.535
0.192
0.338
0.382
0.468
0.304
0.341
0.352
0.445
1.163
0.553
0.255
0.333
0.17
0.172
0.163
0.192
0.132
0.119
0.652
1.485
1.395
0.451
0.607
1.989
0.246
0.381
0.348
0.468
0.355
0.611
0.336
0.425
1.163
0.641
0.252
0.226
0.195
0.198
0.193
0.222
0.168
0.141
0.508
1.617
1.628
0.378
0.619
1.406
0.294
0.361
0.28
0.519
0.394
0.63
0.356
0.494
1.193
0.691
0.254
0.241
0.226
0.233
0.222
0.219
0.181
0.138
0.51
1.605
2.088
0.443
0.612
0.938
0.253
0.367
0.262
0.442
0.463
0.64
0.371
0.931
1.518
0.691
0.282
0.353
0.246
0.286
0.222
0.218
0.18
0.13
0.263
1.605
2.088
0.458
0.609
0.935
0.43
0.569
0.262
0.81
0.488
0.667
0.396
0.945
1.61
0.847
0.284
0.287
0.435
0.282
0.309
0.258
0.252
0.157
0.416
2.529
1.37
0.163
0.288
0.256
0.331
0.382
0.243
0.969
1.203
0.452
0.667
0.654
0.958
1.027
0.287
0.287
0.435
0.271
0.249
0.244
0.25
0.157
0.416
2.539
1.869
0.223
0.33
0.226
0.332
0.382
0.243
0.625
1.203
0.452
0.667
0.597
0.849
0.835
0.289
0.435
0.275
0.317
0.254
0.218
0.18
0.175
0.309
1.701
1.716
0.434
0.644
0.943
0.767
0.738
0.259
1.573
0.758
0.667
0.396
0.945
1.335
0.815
0.299
0.435
0.275
0.317
0.253
0.221
0.183
0.186
0.309
1.202
2.33
0.434
0.686
0.818
0.63
0.577
0.221
0.826
0.758
0.398
0.396
0.481
1.242
0.761
0.296
0.337
0.262
0.288
0.227
0.221
0.229
0.229
0.351
1.175
2.119
0.371
0.331
0.765
0.572
0.541
0.18
0.866
0.747
0.352
0.369
0.52
1.309
0.686
0.274
0.308
0.3
0.265
0.192
0.247
0.198
0.184
0.207
0.879
1.599
0.398
0.427
1.15
1.118
0.642
0.142
0.936
0.85
0.33
0.349
0.44
1.179
0.675
0.277
0.285
0.41
0.202
0.166
0.267
0.194
0.185
0.207
1.634
1.599
0.305
0.474
1.148
1.121
0.642
0.165
0.936
0.77
0.32
0.336
0.38
0.876
1.01
0.282
0.267
0.486
0.227
0.216
0.166
0.282
0.136
0.391
1.692
2.112
0.223
0.438
0.464
0.331
0.406
0.271
0.671
1.985
0.564
0.771
0.837
1.012
1.01
0.283
0.257
0.521
0.232
0.212
0.18
0.214
0.135
0.389
1.692
1.912
0.703
0.459
0.446
0.328
0.396
0.268
0.28
1.531
0.49
0.629
0.699
0.813
0.639
0.25
0.185
0.389
0.167
0.172
0.26
0.204
0.172
1.09
0.879
1.645
0.29
0.499
1.15
0.762
0.392
0.144
0.443
1.106
0.336
0.313
0.351
0.731
0.456
0.208
0.169
0.349
0.163
0.172
0.315
0.16
0.12
1.048
1.401
1.997
0.354
0.499
0.746
0.174
0.328
0.147
0.443
1.286
0.348
0.345
0.416
0.935
0.442
0.208
0.169
0.4
0.169
0.174
0.361
0.197
0.156
0.227
1.26
1.795
0.354
0.393
0.595
0.641
0.246
0.152
0.413
0.918
0.361
0.306
0.374
0.679
0.516
0.241
0.222
0.402
0.16
0.18
0.31
0.155
0.124
0.199
0.929
2.539
0.425
0.499
0.471
0.643
0.346
0.222
0.463
1.061
0.803
0.449
0.579
0.784
0.516
0.301
0.264
0.319
0.194
0.224
0.305
0.2
0.176
0.288
1.684
3.049
0.84
0.897
0.471
0.643
0.219
0.321
0.486
0.919
0.803
0.449
0.645
0.935
0.896
0.283
0.222
0.393
0.232
0.179
0.148
0.153
0.114
0.171
0.806
1.636
1.043
0.695
0.504
0.381
0.27
0.26
0.34
1.497
0.477
0.476
0.6
0.9
0.839
0.323
0.222
0.466
0.332
0.179
0.148
0.243
0.114
0.302
1.075
1.471
1.043
0.788
0.541
0.381
0.409
0.292
0.283
1.224
0.381
0.476
0.6
0.9
0.49
0.291
0.288
0.279
0.223
0.245
0.275
0.223
0.206
0.303
1.444
3.049
0.802
1.0
0.626
0.764
0.353
0.353
0.517
1.445
1.567
1.19
1.641
1.344
0.538
0.36
0.357
0.339
0.28
0.3
0.321
0.271
0.259
0.276
1.454
3.049
0.828
0.992
0.669
0.811
0.403
0.401
0.528
0.979
1.133
1.197
1.679
1.303
0.538
0.415
0.405
0.393
0.354
0.375
0.344
0.355
0.301
0.32
0.9
2.429
0.795
1.014
0.669
0.848
0.376
0.383
0.411
0.466
1.142
0.733
0.717
1.082
0.498
0.433
0.431
0.41
0.376
0.395
0.378
0.376
0.306
0.309
0.797
2.083
1.035
1.051
0.652
0.342
0.376
0.823
0.454
0.423
1.044
0.69
1.281
1.471
0.53
0.444
0.416
0.447
0.405
0.417
0.411
0.408
0.33
0.362
0.95
1.788
0.614
0.662
0.423
0.349
0.267
0.775
0.497
0.521
0.38
0.652
1.293
1.317
0.854
0.369
0.234
0.461
0.336
0.203
0.184
0.283
0.148
0.156
1.075
1.66
1.067
0.785
1.243
0.88
0.279
0.282
0.27
0.463
0.363
0.456
0.61
0.885
0.854
0.527
0.365
0.652
0.485
0.314
0.265
0.389
0.239
0.253
1.222
1.66
1.66
0.813
1.462
0.918
0.313
0.301
0.339
1.281
0.523
0.691
0.955
1.181
0.53
0.448
0.43
0.437
0.427
0.415
0.417
0.403
0.352
0.362
0.841
1.002
0.31
0.662
0.423
0.349
0.374
0.35
0.434
1.418
0.953
0.934
2.079
1.715
0.623
0.46
0.43
0.437
0.427
0.415
0.417
0.403
0.352
0.362
0.841
1.002
0.614
0.699
1.063
0.531
0.286
0.349
0.414
0.525
0.478
0.934
1.582
1.68
0.758
0.463
0.387
0.397
0.387
0.371
0.371
0.358
0.332
0.353
1.21
2.355
1.08
0.826
1.895
0.726
0.382
0.46
0.874
0.787
0.995
1.053
1.894
2.14
0.844
0.487
0.387
0.377
0.365
0.339
0.36
0.334
0.346
0.346
1.513
2.734
1.638
1.054
1.962
0.791
0.424
0.431
0.95
0.777
0.974
0.775
1.894
2.14
0.864
0.456
0.345
0.377
0.335
0.324
0.321
0.31
0.366
0.474
1.713
3.055
1.338
1.054
1.998
0.791
0.424
0.28
0.868
0.817
0.975
0.775
1.295
1.793
0.916
0.514
0.383
0.504
0.513
0.355
0.301
0.308
0.262
0.425
2.028
1.562
2.505
0.867
1.042
1.48
0.326
0.235
0.287
0.474
1.155
1.045
1.992
1.55
0.956
0.55
0.446
0.433
0.572
0.444
0.331
0.451
0.351
0.531
2.336
1.225
2.973
1.733
1.08
1.57
0.486
0.396
0.455
0.966
1.337
1.564
2.445
2.079
1.009
0.434
0.306
0.353
0.285
0.278
0.33
0.267
0.347
0.438
1.731
3.286
1.338
0.986
1.998
0.788
0.401
0.321
0.653
1.43
1.405
0.95
1.707
2.034
0.959
0.363
0.252
0.314
0.285
0.241
0.28
0.237
0.262
0.256
1.79
3.286
1.431
0.829
1.212
0.491
0.509
0.417
1.12
1.327
0.9
0.716
1.018
1.495
0.815
0.315
0.225
0.28
0.254
0.205
0.262
0.195
0.227
0.601
1.694
2.222
0.888
0.67
0.322
0.251
0.472
0.472
1.522
1.329
0.953
0.649
0.894
1.213
0.625
0.215
0.202
0.306
0.232
0.167
0.236
0.208
0.24
0.72
2.213
2.051
1.129
0.637
0.236
0.139
0.214
0.307
1.0
1.069
0.569
0.569
0.593
0.864
0.628
0.19
0.184
0.282
0.181
0.161
0.256
0.144
0.171
0.669
2.379
2.08
0.524
0.637
0.215
0.139
0.153
0.36
0.933
1.165
0.663
0.668
0.689
0.984
1.029
0.551
0.446
0.433
0.46
0.444
0.331
0.451
0.373
1.081
2.342
1.249
3.446
2.584
1.08
1.587
0.5
0.396
0.599
1.42
1.402
1.839
2.561
1.997
0.957
0.436
0.346
0.425
0.351
0.357
0.423
0.398
0.382
0.997
2.324
0.844
2.842
2.547
0.888
1.775
0.364
0.324
0.633
1.466
1.355
1.622
2.259
1.701
0.589
0.184
0.185
0.313
0.175
0.168
0.251
0.21
0.171
0.283
2.159
2.216
1.132
0.615
0.166
0.136
0.159
0.368
0.945
1.165
0.751
0.692
0.898
1.001
0.501
0.184
0.185
0.393
0.234
0.179
0.255
0.279
0.231
0.37
1.841
1.535
1.132
0.702
0.215
0.189
0.207
0.332
0.962
0.436
0.66
0.513
0.707
0.87
0.564
0.262
0.259
0.46
0.247
0.252
0.318
0.336
0.28
0.425
0.96
1.535
1.054
0.754
0.209
0.189
0.167
0.256
0.597
0.312
0.66
0.513
0.707
0.816
0.444
0.279
0.271
0.46
0.269
0.288
0.315
0.345
0.282
0.255
0.802
1.245
1.04
0.754
0.208
0.193
0.167
0.267
0.284
0.282
0.547
0.409
0.485
0.608
0.447
0.307
0.29
0.398
0.287
0.318
0.314
0.265
0.234
0.181
0.276
0.691
0.56
0.463
0.17
0.192
0.165
0.271
0.236
0.235
0.421
0.346
0.42
0.442
0.874
0.434
0.382
0.471
0.395
0.404
0.475
0.449
0.439
0.997
1.532
0.701
2.842
2.527
0.662
1.053
0.679
0.354
0.634
1.46
1.357
1.624
2.237
1.677
0.674
0.386
0.327
0.471
0.335
0.335
0.338
0.379
0.365
0.988
0.855
0.701
3.129
2.613
0.757
1.277
0.679
0.345
0.466
1.232
0.587
1.108
0.934
1.162
0.367
0.332
0.306
0.389
0.31
0.338
0.227
0.265
0.237
0.18
0.214
0.235
0.409
0.361
0.125
0.133
0.132
0.196
0.182
0.235
0.443
0.346
0.534
0.404
0.367
0.332
0.306
0.319
0.31
0.338
0.314
0.185
0.173
0.179
0.258
0.235
0.234
0.44
0.177
0.126
0.13
0.198
0.183
0.266
0.349
0.344
0.342
0.404
0.447
0.308
0.257
0.281
0.27
0.289
0.256
0.177
0.157
0.179
0.258
0.474
0.264
0.329
0.16
0.118
0.123
0.436
0.183
0.281
0.298
0.308
0.335
0.526
0.502
0.308
0.257
0.281
0.241
0.289
0.196
0.142
0.133
0.2
0.241
0.72
0.387
0.295
0.154
0.119
0.123
0.623
0.278
0.326
0.448
0.452
0.429
0.75
0.513
0.295
0.237
0.261
0.213
0.257
0.286
0.149
0.131
0.191
0.464
1.042
0.456
0.387
0.211
0.119
0.124
1.016
0.453
0.407
0.503
0.519
0.488
0.837
0.516
0.357
0.285
0.455
0.307
0.381
0.318
0.352
0.355
0.41
0.73
0.597
2.301
1.547
0.433
0.669
0.604
0.323
0.458
1.262
0.42
0.611
0.492
0.712
0.521
0.29
0.222
0.372
0.233
0.304
0.392
0.329
0.277
0.298
0.736
0.905
1.251
0.727
0.695
0.754
0.273
0.323
0.264
1.082
0.42
0.329
0.344
0.637
0.577
0.324
0.289
0.294
0.22
0.278
0.343
0.191
0.167
0.644
1.328
1.092
0.328
0.473
0.432
0.165
0.181
1.069
0.496
0.711
0.68
0.53
0.488
0.837
0.577
0.318
0.268
0.286
0.197
0.257
0.342
0.206
0.227
1.415
1.61
1.71
0.44
0.532
0.557
0.217
0.323
1.129
0.496
0.61
0.532
0.391
0.411
0.807
0.446
0.317
0.273
0.286
0.203
0.257
0.256
0.206
0.24
1.418
2.074
2.188
0.616
0.532
0.396
0.217
0.323
1.129
0.826
0.892
0.515
0.364
0.472
0.766
0.316
0.268
0.243
0.258
0.167
0.23
0.225
0.171
0.317
2.288
1.96
2.847
1.036
0.875
0.417
0.221
0.32
0.525
0.826
1.001
0.637
0.503
0.668
0.792
0.305
0.268
0.245
0.239
0.157
0.187
0.224
0.165
0.308
1.827
2.006
3.417
0.661
0.886
0.417
0.219
0.32
0.369
0.857
1.001
0.503
0.367
0.588
0.563
0.43
0.227
0.205
0.344
0.2
0.285
0.372
0.309
0.241
0.298
0.819
0.728
0.432
0.727
0.948
0.729
0.305
0.352
0.228
0.68
0.347
0.321
0.329
0.637
0.45
0.183
0.179
0.306
0.177
0.263
0.271
0.23
0.149
0.208
1.107
0.681
0.403
0.684
0.881
0.583
0.383
0.339
0.23
0.728
0.66
0.329
0.329
0.802
0.362
0.256
0.251
0.28
0.164
0.182
0.194
0.217
0.303
1.829
2.006
3.75
0.925
0.904
0.575
0.265
0.595
0.326
1.417
1.058
0.472
0.319
0.546
0.494
0.334
0.255
0.218
0.28
0.164
0.182
0.194
0.242
0.331
1.159
1.355
4.04
1.03
0.889
0.441
0.265
0.449
0.297
2.523
1.075
0.455
0.31
0.545
0.687
0.315
0.24
0.297
0.273
0.175
0.174
0.199
0.232
0.237
0.625
1.045
4.04
1.03
1.491
0.529
0.631
0.294
0.312
2.851
1.537
0.489
0.365
0.603
0.714
0.526
0.259
0.296
0.271
0.169
0.181
0.191
0.237
0.232
0.636
0.748
4.196
1.483
1.849
0.857
0.627
0.299
0.312
2.587
1.222
0.482
0.365
0.366
0.707
0.75
0.264
0.296
0.269
0.173
0.174
0.199
0.343
0.188
0.271
0.5
3.491
0.898
1.482
0.955
0.863
0.334
0.316
1.908
1.344
0.399
0.345
0.366
0.707
0.54
0.183
0.179
0.425
0.177
0.262
0.274
0.23
0.149
0.435
1.441
0.68
0.4
0.613
0.832
0.807
0.349
0.337
0.252
0.82
0.724
0.387
0.387
0.865
0.54
0.186
0.179
0.404
0.173
0.258
0.257
0.236
0.155
0.534
1.999
0.284
0.28
0.401
0.488
0.953
0.353
0.388
0.286
0.82
1.166
0.486
0.484
0.975
0.789
0.264
0.305
0.282
0.263
0.216
0.26
0.61
0.216
0.303
0.5
3.536
0.861
1.869
1.406
0.875
0.33
0.362
1.803
1.838
0.51
0.393
0.446
0.763
0.565
0.263
0.299
0.228
0.258
0.212
0.227
0.53
0.217
0.303
0.49
2.39
0.578
1.841
1.272
0.786
0.163
0.323
1.074
1.678
0.455
0.337
0.401
0.763
0.5
0.197
0.252
0.17
0.17
0.15
0.164
0.411
0.178
0.204
0.395
1.334
0.362
1.809
1.194
0.381
0.163
0.296
0.601
0.974
0.304
0.304
0.351
0.51
0.492
0.18
0.157
0.162
0.154
0.149
0.154
0.409
0.167
0.165
0.397
1.338
0.308
1.095
0.659
0.144
0.123
0.211
0.144
0.434
0.201
0.211
0.244
0.393
0.266
0.148
0.146
0.151
0.145
0.137
0.147
0.402
0.162
0.15
0.187
0.425
0.21
0.657
0.274
0.144
0.119
0.211
0.149
0.434
0.202
0.211
0.246
0.232
0.518
0.186
0.17
0.402
0.175
0.182
0.254
0.306
0.14
0.535
2.084
0.284
0.311
0.422
0.488
0.953
0.353
0.388
0.286
0.775
1.166
0.486
0.469
0.922
0.356
0.184
0.158
0.402
0.166
0.182
0.166
0.241
0.129
0.535
2.032
0.18
0.229
0.27
0.239
0.735
0.312
0.295
0.267
0.416
0.664
0.439
0.431
0.808
0.138
0.122
0.141
0.13
0.134
0.125
0.123
0.127
0.135
0.115
0.135
0.121
0.123
0.37
0.125
0.133
0.113
0.127
0.131
0.116
0.127
0.133
0.12
0.12
0.128
0.113
0.135
0.111
0.119
0.119
0.117
0.12
0.118
0.11
0.124
0.108
0.116
0.295
0.115
0.127
0.113
0.114
0.13
0.103
0.115
0.118
0.11
0.112
0.122
0.11
0.133
0.111
0.116
0.112
0.114
0.12
0.104
0.116
0.115
0.105
0.116
0.219
0.11
0.119
0.112
0.107
0.125
0.104
0.103
0.121
0.107
0.11
0.119
0.106
0.122
0.115
0.11
0.112
0.112
0.116
0.098
0.117
0.108
0.095
0.118
0.157
0.104
0.117
0.107
0.105
0.121
0.093
0.105
0.111
0.109
0.107
0.113
0.106
0.11
0.11
0.11
0.101
0.106
0.111
0.097
0.112
0.108
0.089
0.118
0.11
0.102
0.112
0.112
0.1
0.124
0.09
0.109
0.11
0.11
0.102
0.258
0.166
0.142
0.391
0.148
0.168
0.151
0.226
0.121
0.221
1.64
0.18
0.229
0.181
0.19
0.688
0.22
0.254
0.24
0.371
0.621
0.385
0.385
0.585
0.195
0.15
0.127
0.319
0.125
0.157
0.141
0.22
0.126
0.212
1.289
0.176
0.197
0.126
0.153
0.544
0.126
0.175
0.153
0.265
0.246
0.237
0.235
0.31
0.116
0.102
0.104
0.111
0.106
0.101
0.114
0.103
0.102
0.113
0.102
0.089
0.11
0.1
0.105
0.116
0.115
0.098
0.123
0.089
0.103
0.115
0.108
0.102
0.11
0.104
0.099
0.113
0.096
0.101
0.114
0.097
0.102
0.106
0.1
0.1
0.099
0.113
0.106
0.116
0.116
0.106
0.123
0.094
0.112
0.116
0.11
0.102
0.118
0.123
0.099
0.123
0.102
0.11
0.115
0.099
0.113
0.111
0.108
0.109
0.103
0.147
0.192
0.156
0.232
0.165
0.189
0.48
0.377
0.322
0.324
0.161
0.14
0.13
0.117
0.128
0.115
0.125
0.123
0.113
0.12
0.119
0.883
0.224
0.12
0.199
0.2
0.159
0.228
0.17
0.302
0.906
0.602
0.424
0.491
0.296
0.141
0.149
0.139
0.134
0.141
0.136
0.136
0.126
0.123
0.119
1.215
0.278
0.345
0.237
0.249
0.209
0.307
0.241
0.846
1.174
0.753
0.588
0.693
0.607
0.135
0.129
0.118
0.134
0.107
0.135
0.124
0.119
0.112
0.109
0.542
0.115
0.145
0.126
0.142
0.105
0.126
0.124
0.101
0.119
0.118
0.117
0.114
0.129
0.135
0.129
0.118
0.134
0.101
0.126
0.118
0.109
0.112
0.109
0.411
0.112
0.119
0.151
0.142
0.105
0.119
0.124
0.101
0.119
0.118
0.117
0.114
0.129
0.248
0.157
0.156
0.151
0.149
0.154
0.148
0.139
0.129
0.139
1.531
0.406
0.604
0.263
0.358
0.245
0.32
0.395
0.921
1.377
0.889
0.718
0.83
0.743
0.26
0.163
0.166
0.149
0.167
0.155
0.152
0.155
0.135
0.144
1.543
0.406
0.626
0.278
0.293
0.202
0.322
0.4
0.921
1.873
1.176
0.957
0.888
0.853
0.303
0.21
0.176
0.16
0.168
0.164
0.152
0.165
0.133
0.163
2.417
0.466
0.65
0.282
0.819
0.231
0.218
0.424
0.931
1.692
0.889
0.718
0.812
0.912
0.412
0.17
0.179
0.189
0.219
0.16
0.158
0.17
0.133
0.161
1.72
0.37
0.65
0.282
0.436
0.231
0.185
0.445
1.61
1.245
0.768
0.601
0.73
0.73
0.499
0.216
0.197
0.238
0.251
0.168
0.181
0.202
0.201
0.162
1.423
0.55
0.92
0.291
1.181
0.237
0.185
0.592
1.235
0.915
0.629
0.576
0.652
0.951
0.14
0.13
0.173
0.138
0.101
0.126
0.118
0.109
0.12
0.11
0.411
0.112
0.119
0.148
0.201
0.119
0.143
0.128
0.11
0.121
0.127
0.115
0.118
0.124
0.349
0.215
0.259
0.187
0.126
0.143
0.138
0.121
0.135
0.114
0.752
0.161
0.276
0.399
0.573
0.215
0.465
0.138
0.153
0.388
0.3
0.171
0.169
0.317
0.523
0.208
0.199
0.236
0.201
0.173
0.476
0.237
0.204
0.163
1.354
0.503
0.709
0.837
1.152
0.186
0.185
0.473
0.647
1.096
1.036
0.753
0.652
0.983
0.409
0.199
0.199
0.23
0.201
0.168
0.474
0.231
0.214
0.174
1.102
0.223
0.458
0.877
1.049
0.159
0.183
0.326
0.576
0.97
0.947
0.689
0.594
0.948
0.405
0.201
0.198
0.232
0.198
0.168
0.475
0.231
0.229
0.242
1.102
0.233
0.454
0.931
1.064
0.162
0.189
0.326
0.583
0.533
0.392
0.414
0.474
0.796
0.365
0.156
0.172
0.195
0.196
0.164
0.481
0.224
0.242
0.291
0.583
0.187
0.418
0.955
0.32
0.141
0.184
0.244
0.508
0.447
0.32
0.392
0.462
0.619
0.181
0.152
0.166
0.146
0.156
0.159
0.457
0.181
0.194
0.353
0.581
0.161
0.137
0.955
0.186
0.133
0.193
0.243
0.508
0.386
0.384
0.519
0.925
0.867
0.481
0.263
0.308
0.243
0.212
0.197
0.188
0.14
0.15
0.164
1.166
0.166
0.326
0.483
0.58
0.226
0.478
0.14
0.165
0.397
0.301
0.241
0.246
0.322
0.628
0.278
0.319
0.253
0.227
0.207
0.202
0.162
0.159
0.172
1.186
0.232
0.46
1.518
0.63
0.248
0.843
0.14
0.168
0.608
0.707
0.323
0.365
0.524
0.181
0.152
0.165
0.146
0.156
0.159
0.164
0.147
0.185
0.417
0.553
0.161
0.127
0.536
0.186
0.129
0.193
0.221
0.826
0.636
0.559
0.739
1.089
0.696
0.209
0.18
0.165
0.152
0.161
0.151
0.159
0.147
0.185
0.417
0.387
0.222
0.137
0.536
0.274
0.128
0.137
0.262
1.143
0.636
0.488
0.625
0.667
0.554
0.217
0.18
0.165
0.152
0.172
0.151
0.168
0.253
0.194
0.8
0.444
0.308
0.681
0.52
0.374
0.129
0.198
0.388
1.608
0.849
0.681
0.751
0.828
0.784
0.375
0.19
0.164
0.164
0.172
0.157
0.168
0.258
0.219
1.437
0.609
0.811
0.782
0.613
0.372
0.119
0.187
0.393
1.847
1.023
0.894
0.917
0.971
1.062
0.579
0.194
0.169
0.222
0.179
0.165
0.169
0.271
0.205
1.38
0.785
1.225
1.116
0.572
0.703
0.217
0.22
0.53
1.87
1.023
0.894
0.917
0.971
1.062
0.849
0.283
0.322
0.253
0.247
0.207
0.228
0.208
0.167
0.182
1.186
1.004
0.46
1.511
1.336
0.248
0.777
0.191
0.294
0.795
1.053
0.56
0.604
0.664
0.651
0.229
0.303
0.246
0.272
0.236
0.254
0.235
0.189
0.175
0.924
1.028
1.148
1.39
1.039
0.316
0.819
0.214
0.213
0.573
0.911
0.543
0.586
0.506
0.651
0.245
0.223
0.331
0.263
0.179
0.167
0.271
0.195
1.907
0.808
1.225
1.161
0.588
0.724
0.249
0.191
0.489
1.634
0.972
0.815
0.837
0.872
0.976
0.729
0.32
0.213
0.329
0.259
0.168
0.161
0.619
0.263
1.278
0.67
1.233
1.186
1.209
0.962
0.391
0.228
0.642
1.358
0.951
0.857
0.837
0.717
0.862
0.729
0.413
0.167
0.276
0.178
0.169
0.164
0.619
0.264
1.278
0.67
1.233
0.713
1.05
0.925
0.409
0.229
0.566
1.148
0.871
0.933
0.895
0.783
0.887
0.979
0.509
0.208
0.31
0.215
0.197
0.164
0.547
0.226
0.87
0.577
1.175
0.713
1.687
0.926
0.302
0.22
0.555
1.148
0.951
1.059
0.941
0.783
0.937
1.201
0.692
0.268
0.357
0.263
0.222
0.207
0.596
0.241
0.334
0.834
1.237
0.768
0.94
0.926
0.302
0.258
0.555
1.228
1.091
0.917
0.807
0.656
0.757
1.398
0.252
0.264
0.264
0.291
0.264
0.268
0.323
0.217
0.212
0.547
1.001
1.027
1.454
1.444
0.293
0.828
0.193
0.33
1.328
1.389
0.847
0.935
0.725
0.483
0.252
0.264
0.264
0.33
0.264
0.268
0.775
0.249
0.238
0.217
0.966
0.336
1.01
0.95
0.279
0.669
0.327
0.634
0.933
1.292
0.912
0.968
0.681
0.641
0.741
0.355
0.34
0.348
0.302
0.252
0.621
0.287
0.351
0.391
1.596
0.486
0.909
0.508
0.594
0.267
0.423
0.99
1.237
1.369
0.852
0.668
0.709
1.352
0.738
0.323
0.298
0.304
0.498
0.252
0.621
0.285
0.264
0.297
1.587
0.433
1.615
1.432
0.561
0.228
0.422
1.303
1.345
1.538
0.99
0.693
0.748
1.518
0.646
0.323
0.298
0.31
0.764
0.249
0.28
0.23
0.209
0.217
2.448
0.547
0.958
1.526
0.769
0.197
0.422
1.476
1.355
1.383
0.928
0.775
0.809
1.553
0.641
0.322
0.299
0.392
0.764
0.253
0.28
0.235
0.215
0.22
2.438
1.309
1.979
1.793
0.882
0.264
0.445
1.696
1.44
1.47
1.639
0.841
0.936
1.516
0.609
0.287
0.272
0.357
0.724
0.281
0.244
0.202
0.17
0.197
2.861
0.525
1.514
3.032
1.337
0.333
0.451
1.614
1.397
1.027
0.829
0.676
0.936
1.478
0.453
0.242
0.22
0.216
0.302
0.234
0.742
0.216
0.211
0.188
1.037
1.031
0.93
1.66
0.358
1.002
0.372
0.886
1.239
1.566
1.164
1.205
0.975
0.813
0.671
0.242
0.22
0.22
0.305
0.231
0.736
0.219
0.211
0.174
0.566
1.184
0.391
2.024
0.881
1.184
0.418
1.04
1.437
1.663
0.991
0.967
0.793
0.753
0.609
0.233
0.217
0.315
0.496
0.23
0.593
0.162
0.142
0.197
2.675
0.354
1.48
3.032
2.023
0.404
0.677
1.57
1.301
1.454
0.851
0.679
0.936
1.397
0.483
0.177
0.17
0.323
0.416
0.162
0.561
0.154
0.142
0.351
1.804
0.412
2.011
3.34
1.426
0.33
0.743
1.973
1.424
1.027
0.79
0.634
0.902
1.461
0.648
0.169
0.167
0.275
0.287
0.168
0.564
0.157
0.661
0.427
1.804
0.411
0.978
2.132
1.426
0.368
0.755
1.823
1.777
1.053
0.645
0.634
1.043
1.479
0.868
0.169
0.173
0.372
0.255
0.282
0.659
0.199
0.769
0.859
1.757
0.264
1.267
1.21
0.908
0.507
0.889
1.854
1.869
1.446
0.908
0.687
1.096
1.527
1.144
0.302
0.282
0.412
0.392
0.421
0.387
0.301
0.912
0.983
1.414
0.264
0.905
0.954
1.293
0.419
1.019
1.511
1.769
1.344
0.623
0.607
1.026
1.605
0.89
0.318
0.328
0.263
0.355
0.268
0.327
0.256
0.24
0.203
0.566
1.228
0.886
1.555
0.881
1.162
0.404
1.426
1.573
1.603
1.075
1.108
0.934
0.894
0.89
0.292
0.298
0.241
0.331
0.233
0.294
0.237
0.211
0.207
0.607
0.526
0.78
1.555
0.82
1.396
0.504
1.426
1.573
1.603
1.075
1.15
0.968
0.992
1.221
0.297
0.282
0.412
0.397
0.282
0.384
0.296
0.914
1.267
1.556
0.249
0.706
0.954
1.168
0.313
0.852
1.461
1.769
1.328
0.583
0.561
0.811
1.547
1.071
0.374
0.364
0.48
0.478
0.363
0.328
0.367
0.986
0.946
1.31
0.364
0.789
0.957
0.747
0.256
0.646
1.253
1.622
0.847
0.525
0.602
0.835
1.397
1.074
0.444
0.444
0.424
0.55
0.44
0.404
0.452
0.544
0.857
1.391
0.43
0.512
0.557
0.712
0.385
1.445
1.253
1.372
1.223
0.885
0.748
1.041
1.387
0.808
0.45
0.444
0.428
0.551
0.44
0.412
0.411
0.408
0.857
1.979
1.044
0.783
1.172
1.132
0.45
1.436
1.363
1.372
1.643
1.27
0.801
0.936
1.387
0.881
0.314
0.34
0.32
0.678
0.336
0.309
0.31
0.304
0.53
1.391
1.95
0.783
1.456
1.681
0.486
0.943
1.386
1.559
1.151
0.934
0.72
0.999
1.293
0.972
0.367
0.386
0.326
0.403
0.315
0.324
0.309
0.286
0.28
0.75
0.64
0.816
1.261
0.889
1.558
0.597
1.037
1.272
1.131
0.871
0.912
0.887
0.992
0.945
0.336
0.325
0.337
0.403
0.255
0.254
0.311
0.315
0.351
0.797
0.694
0.481
1.081
0.934
1.558
0.58
0.913
1.094
1.599
1.006
1.009
1.003
0.924
0.711
0.24
0.259
0.242
0.546
0.251
0.238
0.31
0.304
0.425
1.142
1.358
1.038
2.33
1.324
0.567
1.046
1.645
1.93
1.676
1.016
0.877
1.041
1.239
0.851
0.315
0.336
0.326
0.633
0.328
0.315
0.4
0.407
0.425
0.684
1.574
1.66
2.663
1.251
0.593
1.103
1.729
2.115
1.84
1.149
0.927
1.064
1.479
0.856
0.24
0.254
0.311
0.554
0.245
0.238
0.621
0.562
0.37
0.613
1.516
2.478
3.678
1.771
1.159
1.382
1.983
2.115
1.84
1.289
0.963
1.089
1.625
1.16
0.173
0.166
0.233
0.482
0.163
0.253
0.616
0.499
0.277
0.485
1.421
3.216
3.678
1.879
1.083
1.074
1.707
1.921
2.443
1.19
0.901
1.096
1.704
1.099
0.215
0.256
0.275
0.301
0.214
0.295
0.662
0.545
0.295
0.421
0.608
4.019
3.238
1.785
1.175
1.246
1.703
1.607
2.642
1.19
1.266
1.246
1.558
0.945
0.482
0.324
0.337
0.324
0.26
0.249
0.311
0.434
0.51
0.791
0.443
0.481
1.081
1.226
1.279
0.64
0.773
0.888
1.43
1.011
0.937
1.003
0.924
0.96
0.674
0.333
0.353
0.448
0.371
0.265
0.324
0.445
0.51
0.555
0.364
0.483
1.217
0.518
1.044
0.64
0.882
0.888
1.763
1.627
1.207
1.132
0.996
0.994
0.232
0.258
0.361
0.225
0.223
0.313
0.662
0.591
0.353
0.421
0.608
4.019
4.042
1.564
0.566
1.023
1.282
1.225
2.635
1.532
1.33
1.331
1.601
1.149
0.328
0.395
0.49
0.312
0.317
0.346
0.402
0.516
0.412
0.459
1.156
4.129
4.083
2.102
0.868
1.058
1.172
1.225
2.483
2.274
1.243
1.352
1.68
1.388
0.388
0.4
0.452
0.682
0.356
0.354
0.408
0.442
0.412
0.479
1.43
3.532
3.56
2.485
1.418
1.062
1.231
1.213
2.628
2.629
1.352
1.475
1.645
1.602
0.459
0.451
0.438
0.727
0.411
0.967
0.327
0.296
0.412
0.543
1.91
3.154
3.018
1.948
0.814
0.768
1.231
1.314
3.213
3.112
1.389
1.475
1.488
1.429
0.55
0.455
0.438
0.728
0.443
0.967
0.261
0.326
0.443
0.543
2.083
3.365
3.624
1.918
0.839
0.957
1.755
1.385
2.616
3.112
1.411
1.467
1.375
1.074
0.528
0.256
0.347
0.429
0.351
0.335
0.324
0.354
0.467
0.485
0.473
0.472
0.947
1.262
0.955
0.673
0.882
0.866
1.767
1.622
1.094
1.214
1.147
1.275
0.733
0.304
0.359
0.441
0.365
0.353
0.335
0.355
0.833
0.592
0.751
0.617
1.309
1.28
0.92
0.851
1.068
1.14
2.243
2.045
1.337
1.523
1.448
1.429
0.553
0.363
0.433
1.078
0.447
0.96
0.257
0.32
0.543
1.122
2.083
2.636
3.624
2.119
0.656
1.029
2.026
1.39
1.945
2.433
1.224
1.365
1.533
1.619
0.564
0.363
0.313
1.368
0.493
0.96
0.266
0.293
0.713
1.122
2.083
2.732
2.748
2.548
0.941
1.198
2.631
1.607
2.226
2.17
1.262
1.211
1.66
1.439
0.457
0.286
0.273
0.926
0.493
1.334
0.251
0.277
0.711
1.302
1.935
2.014
2.308
2.771
0.598
0.867
2.894
1.618
2.064
1.886
1.262
1.211
1.62
1.1
0.431
0.286
0.273
0.611
0.72
1.848
0.251
0.277
0.619
1.203
1.943
2.623
1.79
2.104
0.277
0.742
2.894
1.894
2.082
1.586
1.159
1.107
1.786
1.083
0.463
0.32
0.301
0.662
0.771
1.917
0.267
0.277
0.619
1.144
2.081
2.553
1.616
2.506
0.525
0.996
2.356
1.618
1.903
1.186
1.05
1.01
1.891
1.307
0.762
0.304
0.374
0.467
0.389
0.95
0.383
0.374
0.745
0.501
0.658
0.703
1.941
1.25
0.92
1.184
1.267
1.409
2.877
2.045
1.337
1.523
1.647
1.307
0.795
0.386
0.323
0.422
0.426
0.982
0.684
0.475
0.796
1.14
1.127
0.928
2.935
1.199
1.917
1.828
1.45
1.617
2.155
2.399
1.47
1.647
1.69
1.1
0.385
0.321
0.301
0.662
0.771
1.883
0.267
0.251
0.581
1.194
2.606
1.521
1.616
3.365
0.754
0.8
2.073
1.752
2.211
1.463
1.033
1.228
1.891
1.211
0.353
0.287
0.273
0.369
0.74
1.85
0.234
0.22
0.581
1.273
3.209
2.666
2.34
3.343
0.79
0.8
2.149
1.862
2.211
1.559
1.137
1.321
1.944
1.067
0.304
0.287
0.265
0.351
0.655
1.88
0.295
0.277
0.836
1.837
3.755
3.548
3.136
3.343
0.79
1.202
2.149
2.349
2.395
2.144
1.323
1.607
2.042
1.25
0.404
0.373
0.359
0.431
0.726
2.165
0.378
0.362
1.463
4.159
4.697
4.077
4.5
3.196
0.853
1.689
2.56
2.615
3.131
2.02
1.288
1.588
2.132
1.25
0.382
0.337
0.327
0.4
0.338
2.666
0.428
0.393
1.5
4.306
4.697
4.04
5.986
3.196
1.103
1.761
2.714
2.248
5.109
2.623
2.149
2.454
1.938
1.203
0.682
0.417
0.449
0.422
0.426
0.982
0.684
0.365
0.571
2.21
1.127
1.48
2.39
0.487
1.714
1.769
1.664
2.063
2.693
1.906
1.426
1.541
1.694
1.076
0.605
0.55
0.601
0.422
0.426
1.136
0.827
0.761
0.918
2.622
1.825
2.337
2.43
1.128
2.748
2.521
1.906
2.54
2.693
1.906
1.527
1.621
1.787
1.136
0.39
0.355
0.352
0.418
0.358
2.098
0.497
1.543
2.615
6.241
5.553
3.902
5.986
3.07
1.035
2.012
3.285
2.839
6.482
3.104
3.127
3.239
2.373
1.48
0.425
0.402
0.397
0.453
0.387
1.498
0.538
1.588
3.379
8.709
6.037
4.893
5.834
2.313
1.222
2.463
3.616
2.954
7.255
3.257
3.875
3.053
2.5
1.552
0.516
0.478
0.488
0.505
0.472
1.547
0.581
1.63
3.577
9.69
5.275
3.627
4.953
2.018
1.956
2.263
3.571
2.954
7.255
3.257
3.875
3.102
2.433
1.958
0.657
0.726
0.73
0.675
0.658
1.711
0.745
1.771
4.197
9.057
4.652
2.719
3.854
1.698
1.956
2.263
3.185
2.954
6.625
3.257
3.353
2.692
2.314
1.958
0.657
0.582
0.488
0.474
0.472
0.661
0.55
0.662
4.424
8.336
4.696
2.161
2.107
1.277
2.004
2.011
2.747
3.053
5.621
3.377
3.353
2.656
2.264
