0.0
0.0
0.0
0.0
0.0
0.0
0.0
0.0
0.0
0.0
0.0
0.0
0.0
0.0
0.0
0.0
0.0
0.0
0.0
0.0
0.0
0.0
0.0
0.0
0.0
0.0
0.0
0.0
0.0
0.0
0.0
0.0
0.0
0.0
0.0
0.0
0.0
0.0
0.0
0.0
0.0
0.0
0.0
0.0
0.0
0.0
0.0
0.0
0.0
0.0
0.0
0.0
0.0
0.0
0.0
0.0
0.0
0.0
0.0
0.0
0.0
0.0
0.0
0.0
0.0
0.0
0.0
0.0
0.0
0.0
0.0
0.0
0.0
0.0
0.0
0.0
0.0
0.0
0.0
0.0
0.0
0.0
0.0
0.0
0.0
0.0
0.0
0.0
0.0
0.0
0.0
0.0
0.0
0.0
0.0
0.0
0.0
0.0
0.0
0.0
0.0
0.0
0.0
0.0
0.0
0.0
0.0
0.0
0.0
0.0
0.0
0.0
0.0
0.0
0.0
0.0
0.0
0.0
0.0
0.0
0.0
0.0
0.0
0.0
0.0
0.0
0.0
0.0
0.0
0.0
0.0
0.0
0.0
0.0
0.0
0.0
0.0
0.0
0.0
0.0
0.0
0.0
0.0
0.0
0.0
0.0
0.0
0.0
0.0
0.0
0.0
0.0
0.0
0.0
0.0
0.0
0.0
0.0
0.0
0.0
0.0
0.0
0.0
0.0
0.0
0.0
0.0
0.0
0.0
0.0
0.0
0.0
0.0
0.0
0.0
0.0
0.0
0.0
0.0
0.0
0.0
0.0
0.0
0.0
0.0
0.0
0.0
0.0
0.0
0.0
0.0
0.0
0.0
0.0
0.0
0.0
0.0
0.0
0.0
0.0
0.0
0.0
0.0
0.0
0.0
0.0
0.0
0.0
0.0
0.0
0.0
0.0
0.0
0.0
0.0
0.0
0.0
0.0
0.0
0.0
0.0
0.0
0.0
0.0
0.0
0.0
0.0
0.0
0.0
0.0
0.0
0.0
0.0
0.0
0.0
0.0
0.0
0.0
0.0
0.0
0.0
0.0
0.0
0.0
0.0
0.0
0.0
0.0
0.0
0.0
0.0
0.0
0.0
0.0
0.0
0.0
0.0
0.0
0.0
0.0
0.0
0.0
0.0
0.0
0.0
0.0
0.0
0.0
0.0
0.0
0.0
0.0
0.0
0.0
0.0
0.0
0.0
0.0
0.0
0.0
0.0
0.0
0.0
0.0
0.0
0.0
0.0
0.0
0.0
0.0
0.0
0.0
0.0
0.0
0.0
0.0
0.0
0.0
0.0
0.0
0.0
0.0
0.0
0.0
0.0
0.0
0.0
0.0
0.0
0.0
0.0
0.0
0.0
0.0
0.0
0.0
0.0
0.0
0.0
0.0
0.0
0.0
0.0
0.0
0.0
0.0
0.0
0.0
0.0
0.0
0.0
0.0
0.0
0.0
0.0
0.0
0.0
0.0
0.0
0.0
0.0
0.0
0.0
0.0
0.0
0.0
0.0
0.0
0.0
0.0
0.0
0.0
0.0
0.0
0.0
0.0
0.0
0.0
0.0
0.0
0.0
0.0
0.0
0.0
0.0
0.0
0.0
0.0
0.0
0.0
0.0
0.0
0.0
0.0
0.0
0.0
0.0
0.0
0.0
0.0
0.0
0.0
0.0
0.0
0.0
0.0
0.0
0.0
0.0
0.0
0.0
0.0
0.0
0.0
0.0
0.0
0.0
0.0
0.0
0.0
0.0
0.0
0.0
0.0
0.0
0.0
0.0
0.0
0.0
0.0
0.0
0.0
0.0
0.0
0.0
0.0
0.0
0.0
0.0
0.0
0.0
0.0
0.0
0.0
0.0
0.0
0.0
0.0
0.0
0.0
0.0
0.0
0.0
0.0
0.0
0.0
0.0
0.0
0.0
0.0
0.0
0.0
0.0
0.0
0.0
0.0
0.0
0.0
0.0
0.0
0.0
0.0
0.0
0.0
0.0
0.0
0.0
0.0
0.0
0.0
0.0
0.0
0.0
0.0
0.0
0.0
0.0
0.0
0.0
0.0
0.0
0.0
0.0
0.0
0.0
0.0
0.0
0.0
0.0
0.0
0.0
0.0
0.0
0.0
0.0
0.0
0.0
0.0
0.0
0.0
0.0
0.0
0.0
0.0
0.0
0.0
0.0
0.0
0.0
0.0
0.0
0.0
0.0
0.0
0.0
0.073
0.076
0.075
0.074
0.078
0.168
0.097
0.268
0.29
0.138
0.159
0.076
0.124
0.241
0.182
0.076
0.121
0.276
0.354
0.225
0.524
0.569
0.343
0.08
0.073
0.076
0.076
0.074
0.078
0.197
0.108
0.264
0.27
0.132
0.16
0.076
0.119
0.242
0.183
0.076
0.11
0.314
0.272
0.2
0.537
0.579
0.407
0.094
0.073
0.076
0.076
0.075
0.08
0.2
0.11
0.217
0.313
0.146
0.131
0.076
0.119
0.206
0.173
0.076
0.11
0.314
0.336
0.198
0.572
0.579
0.407
0.102
0.073
0.074
0.074
0.077
0.082
0.192
0.107
0.217
0.303
0.178
0.12
0.082
0.093
0.216
0.176
0.109
0.14
0.192
0.343
0.165
0.608
0.651
0.478
0.097
0.09
0.089
0.087
0.092
0.09
0.089
0.093
0.096
0.12
0.099
0.103
0.1
0.102
0.1
0.096
0.09
0.091
0.101
0.102
0.132
0.226
0.208
0.259
0.093
0.083
0.083
0.087
0.09
0.083
0.081
0.093
0.165
0.132
0.099
0.099
0.092
0.095
0.099
0.09
0.09
0.091
0.094
0.101
0.127
0.221
0.206
0.277
0.102
0.076
0.074
0.075
0.077
0.077
0.147
0.078
0.185
0.423
0.183
0.12
0.089
0.137
0.297
0.19
0.111
0.17
0.28
0.401
0.252
0.636
0.696
0.453
0.096
0.076
0.075
0.075
0.077
0.075
0.145
0.104
0.286
0.485
0.115
0.094
0.088
0.129
0.234
0.128
0.111
0.26
0.422
0.371
0.27
0.649
0.696
0.391
0.082
0.076
0.076
0.075
0.076
0.074
0.147
0.107
0.265
0.462
0.136
0.098
0.089
0.12
0.153
0.091
0.113
0.26
0.422
0.296
0.184
0.636
0.676
0.486
0.087
0.078
0.076
0.073
0.076
0.075
0.077
0.075
0.179
0.568
0.204
0.101
0.102
0.184
0.234
0.102
0.113
0.271
0.375
0.291
0.179
0.746
0.707
0.517
0.079
0.079
0.076
0.072
0.074
0.078
0.073
0.072
0.231
0.52
0.246
0.11
0.12
0.192
0.244
0.088
0.085
0.187
0.233
0.219
0.253
0.619
0.671
0.395
0.092
0.083
0.078
0.08
0.082
0.076
0.082
0.098
0.168
0.132
0.23
0.138
0.093
0.095
0.129
0.114
0.094
0.09
0.094
0.101
0.098
0.149
0.217
0.195
0.085
0.079
0.078
0.077
0.078
0.075
0.081
0.091
0.163
0.218
0.223
0.131
0.086
0.088
0.124
0.113
0.092
0.087
0.09
0.134
0.128
0.273
0.336
0.245
0.074
0.078
0.076
0.074
0.073
0.073
0.07
0.074
0.13
0.617
0.333
0.14
0.162
1.048
0.654
0.093
0.085
0.161
0.231
0.2
0.288
0.605
0.62
0.37
0.074
0.076
0.075
0.072
0.072
0.072
0.07
0.124
0.136
0.583
0.331
0.141
0.159
0.983
0.573
0.093
0.097
0.139
0.286
0.19
0.235
0.551
0.566
0.295
0.073
0.075
0.074
0.074
0.072
0.073
0.072
0.075
0.136
0.627
0.605
0.164
0.164
1.024
0.624
0.116
0.133
0.128
0.172
0.19
0.312
0.576
0.563
0.297
0.073
0.077
0.073
0.073
0.072
0.072
0.073
0.074
0.215
0.659
0.762
0.283
0.762
1.087
0.625
0.126
0.13
0.151
0.218
0.21
0.312
0.559
0.655
0.277
0.073
0.077
0.073
0.075
0.074
0.08
0.081
0.083
0.22
0.637
1.494
0.617
0.805
0.231
0.201
0.113
0.13
0.146
0.188
0.309
0.46
0.559
0.688
0.277
0.077
0.075
0.077
0.074
0.078
0.074
0.073
0.126
0.27
0.236
0.222
0.141
0.088
0.132
0.154
0.144
0.097
0.087
0.085
0.133
0.165
0.424
0.506
0.365
0.073
0.073
0.076
0.073
0.079
0.074
0.073
0.126
0.41
0.374
0.099
0.131
0.087
0.133
0.117
0.106
0.109
0.109
0.085
0.133
0.304
0.411
0.449
0.365
0.079
0.084
0.08
0.082
0.081
0.08
0.094
0.083
0.169
0.705
1.397
0.852
1.267
0.215
0.48
0.156
0.126
0.141
0.187
0.349
0.421
0.587
0.709
0.334
0.079
0.084
0.08
0.081
0.082
0.079
0.094
0.134
0.295
0.682
0.635
0.779
0.745
0.215
0.185
0.205
0.171
0.141
0.274
0.32
0.419
0.63
0.723
0.311
0.088
0.088
0.08
0.09
0.102
0.088
0.094
0.286
0.576
0.682
0.723
0.803
0.828
0.289
0.291
0.231
0.145
0.215
0.219
0.352
0.414
0.63
0.723
0.375
0.11
0.095
0.089
0.107
0.125
0.106
0.12
0.327
0.557
0.666
0.544
0.803
0.828
0.312
0.308
0.276
0.145
0.214
0.241
0.328
0.439
0.656
0.866
0.424
0.135
0.105
0.079
0.131
0.22
0.186
0.255
0.473
0.547
0.688
0.503
0.669
0.374
0.284
0.337
0.297
0.156
0.19
0.225
0.336
0.439
0.558
0.69
0.372
0.071
0.073
0.076
0.075
0.078
0.075
0.074
0.25
0.532
0.286
0.097
0.093
0.086
0.216
0.149
0.138
0.142
0.128
0.079
0.133
0.639
0.561
0.617
0.227
0.071
0.074
0.073
0.074
0.08
0.075
0.096
0.126
0.456
0.279
0.129
0.121
0.083
0.215
0.156
0.17
0.171
0.128
0.077
0.135
0.664
0.561
0.617
0.204
0.159
0.099
0.066
0.154
0.244
0.197
0.243
0.461
0.573
0.584
0.382
0.402
0.309
0.284
0.337
0.297
0.156
0.19
0.255
0.276
0.284
0.369
0.455
0.295
0.162
0.093
0.087
0.166
0.226
0.205
0.257
0.478
0.573
0.515
0.503
0.255
0.244
0.284
0.303
0.284
0.214
0.251
0.319
0.306
0.374
0.397
0.433
0.235
0.175
0.084
0.086
0.176
0.223
0.205
0.29
0.366
0.274
0.457
0.47
0.199
0.174
0.243
0.275
0.263
0.182
0.175
0.255
0.306
0.275
0.252
0.307
0.284
0.173
0.079
0.123
0.176
0.19
0.212
0.252
0.214
0.17
0.492
0.434
0.354
0.174
0.243
0.244
0.231
0.143
0.137
0.266
0.285
0.403
0.34
0.357
0.253
0.156
0.061
0.11
0.163
0.082
0.132
0.251
0.164
0.097
0.717
0.555
0.587
0.674
0.205
0.201
0.231
0.18
0.17
0.309
0.315
0.403
0.34
0.357
0.266
0.077
0.095
0.073
0.069
0.08
0.08
0.096
0.146
0.449
0.279
0.1
0.121
0.083
0.168
0.119
0.146
0.2
0.148
0.077
0.134
0.717
0.701
0.671
0.301
0.096
0.116
0.066
0.063
0.093
0.08
0.096
0.16
0.463
0.276
0.131
0.154
0.094
0.204
0.125
0.142
0.2
0.167
0.069
0.344
0.761
0.716
0.809
0.25
0.139
0.061
0.123
0.137
0.051
0.132
0.223
0.164
0.097
0.496
0.43
0.4
0.659
0.19
0.178
0.235
0.166
0.161
0.31
0.307
0.398
0.362
0.586
0.436
0.109
0.082
0.123
0.096
0.051
0.117
0.223
0.19
0.076
0.604
0.444
0.405
0.659
0.184
0.148
0.221
0.197
0.161
0.272
0.314
0.418
0.473
0.72
0.454
0.086
0.1
0.116
0.063
0.068
0.127
0.189
0.168
0.115
0.595
0.305
0.747
0.715
0.255
0.148
0.186
0.151
0.143
0.22
0.314
0.384
0.523
0.758
0.475
0.063
0.112
0.133
0.036
0.084
0.135
0.15
0.147
0.151
0.605
0.293
0.907
0.919
0.322
0.145
0.147
0.143
0.161
0.22
0.303
0.509
0.688
0.758
0.369
0.063
0.139
0.123
0.025
0.124
0.137
0.145
0.237
0.241
0.515
0.269
0.515
0.386
0.252
0.108
0.14
0.18
0.143
0.133
0.267
0.357
0.569
0.742
0.361
0.093
0.145
0.066
0.055
0.12
0.08
0.083
0.185
0.456
0.387
0.164
0.139
0.111
0.132
0.082
0.125
0.185
0.138
0.077
0.411
0.914
0.764
0.812
0.097
0.12
0.141
0.068
0.056
0.117
0.078
0.114
0.194
0.215
0.24
0.173
0.137
0.118
0.166
0.079
0.119
0.193
0.123
0.071
0.185
0.605
0.673
0.706
0.119
0.051
0.161
0.117
0.025
0.147
0.148
0.114
0.261
0.251
0.407
0.195
0.289
0.17
0.224
0.143
0.104
0.143
0.128
0.105
0.157
0.238
0.397
0.522
0.279
0.088
0.144
0.108
0.032
0.147
0.125
0.074
0.182
0.226
0.488
0.207
0.27
0.153
0.244
0.136
0.082
0.159
0.128
0.109
0.204
0.372
0.571
0.522
0.279
0.115
0.108
0.116
0.063
0.11
0.127
0.108
0.152
0.226
0.488
0.262
0.67
0.201
0.218
0.134
0.102
0.168
0.146
0.125
0.243
0.504
0.674
0.546
0.248
0.147
0.093
0.091
0.102
0.102
0.091
0.139
0.165
0.194
0.527
0.403
0.948
0.209
0.156
0.134
0.102
0.209
0.146
0.125
0.243
0.463
0.707
0.588
0.3
0.167
0.097
0.07
0.123
0.106
0.072
0.212
0.12
0.237
0.518
0.605
0.892
0.209
0.156
0.199
0.16
0.268
0.203
0.239
0.376
0.585
0.719
0.585
0.295
0.118
0.146
0.099
0.055
0.111
0.106
0.126
0.121
0.092
0.263
0.17
0.125
0.14
0.134
0.065
0.117
0.193
0.13
0.085
0.272
0.605
0.611
0.658
0.197
0.096
0.147
0.092
0.048
0.119
0.081
0.092
0.129
0.122
0.249
0.131
0.118
0.144
0.134
0.06
0.113
0.178
0.128
0.111
0.396
0.83
0.788
0.819
0.295
0.167
0.065
0.049
0.153
0.083
0.068
0.204
0.113
0.237
0.68
0.574
0.887
0.232
0.118
0.196
0.181
0.228
0.191
0.259
0.336
0.585
0.72
0.559
0.286
0.167
0.064
0.049
0.153
0.057
0.068
0.204
0.122
0.41
0.828
0.574
0.861
0.239
0.113
0.164
0.193
0.221
0.15
0.367
0.45
0.631
0.807
0.729
0.523
0.168
0.061
0.054
0.154
0.054
0.068
0.205
0.12
0.566
0.947
0.951
0.907
0.239
0.117
0.164
0.193
0.228
0.617
0.461
0.564
0.631
0.772
0.781
0.438
0.133
0.082
0.053
0.123
0.071
0.085
0.176
0.12
0.597
1.219
0.927
0.682
0.32
0.217
0.253
0.233
0.246
1.22
0.59
0.501
0.529
0.798
0.815
0.481
0.093
0.101
0.073
0.084
0.081
0.114
0.225
0.426
0.862
1.061
0.675
0.266
0.238
0.182
0.187
0.194
0.155
0.612
0.465
0.323
0.47
0.581
0.603
0.673
0.112
0.12
0.05
0.071
0.133
0.07
0.064
0.167
0.219
0.418
0.385
0.124
0.149
0.166
0.071
0.145
0.273
0.162
0.148
0.483
0.861
0.696
0.696
0.213
0.12
0.091
0.051
0.113
0.134
0.1
0.107
0.252
0.247
0.464
0.385
0.124
0.244
0.199
0.124
0.204
0.457
0.241
0.208
0.483
0.834
0.727
0.696
0.304
0.142
0.114
0.103
0.103
0.081
0.153
0.213
0.43
0.823
1.292
0.453
0.237
0.175
0.091
0.088
0.15
0.117
1.322
0.383
0.362
0.309
0.527
0.623
0.71
0.229
0.116
0.133
0.065
0.081
0.168
0.142
0.411
0.616
1.157
0.56
0.284
0.243
0.139
0.074
0.13
0.155
1.336
0.476
0.548
0.534
0.692
0.82
0.851
0.238
0.134
0.111
0.08
0.111
0.127
0.148
0.13
0.494
1.406
0.962
0.701
0.351
0.169
0.059
0.12
0.246
1.336
0.377
0.444
0.554
0.736
0.761
0.927
0.194
0.134
0.113
0.078
0.111
0.127
0.146
0.41
0.494
1.491
0.965
0.902
0.496
0.22
0.11
0.173
0.365
1.042
0.379
0.495
0.554
0.766
0.756
0.986
0.208
0.105
0.134
0.086
0.095
0.133
0.154
0.533
0.744
1.18
0.799
0.485
0.376
0.151
0.093
0.119
0.285
0.271
0.255
0.481
0.506
0.595
0.524
0.986
0.185
0.063
0.085
0.169
0.102
0.154
0.117
0.201
0.213
0.379
0.426
0.221
0.38
0.352
0.16
0.189
0.427
0.273
0.191
0.507
0.786
0.635
0.636
0.444
0.164
0.06
0.082
0.162
0.099
0.147
0.103
0.205
0.213
0.35
0.431
0.225
0.38
0.321
0.186
0.189
0.383
0.283
0.204
0.507
0.786
0.635
0.636
0.437
0.208
0.077
0.144
0.104
0.079
0.115
0.117
0.254
0.479
1.18
0.799
0.476
0.372
0.174
0.06
0.089
0.301
0.27
0.212
0.482
0.507
0.55
0.508
0.496
0.088
0.054
0.137
0.066
0.081
0.115
0.117
0.269
0.679
1.061
0.667
0.433
0.365
0.199
0.095
0.121
0.338
0.208
0.326
0.501
0.547
0.595
0.579
0.406
0.087
0.06
0.098
0.097
0.089
0.078
0.127
0.291
0.818
1.197
0.633
1.233
0.484
0.231
0.096
0.106
0.338
0.363
0.34
0.5
0.476
0.567
0.604
0.341
0.094
0.06
0.137
0.108
0.113
0.139
0.158
0.312
0.844
0.922
0.341
0.528
0.299
0.239
0.147
0.105
0.227
0.867
0.504
0.658
0.562
0.551
0.724
0.341
0.093
0.087
0.174
0.108
0.144
0.184
0.188
0.218
0.555
0.834
0.312
0.419
0.355
0.244
0.154
0.105
0.227
0.83
0.446
0.497
0.521
0.531
0.653
0.314
0.164
0.083
0.036
0.15
0.115
0.134
0.078
0.205
0.216
0.333
0.425
0.225
0.364
0.323
0.186
0.146
0.211
0.182
0.145
0.582
0.737
0.659
0.744
0.364
0.176
0.084
0.082
0.174
0.132
0.177
0.11
0.408
0.284
0.365
0.432
0.224
0.377
0.323
0.185
0.153
0.222
0.182
0.141
0.471
0.522
0.484
0.604
0.268
0.114
0.136
0.169
0.101
0.197
0.241
0.195
0.205
0.365
0.67
0.39
0.489
0.425
0.358
0.187
0.113
0.254
0.846
0.472
0.689
0.669
0.69
0.846
0.341
0.109
0.136
0.178
0.087
0.197
0.255
0.178
0.232
0.523
0.799
0.39
0.489
0.425
0.358
0.187
0.134
0.255
0.846
0.489
0.85
0.687
0.721
0.85
0.341
0.118
0.154
0.148
0.093
0.176
0.159
0.167
0.223
0.369
0.823
0.668
1.259
0.471
0.385
0.179
0.115
0.242
0.861
0.379
0.713
0.679
0.687
0.823
0.375
0.129
0.175
0.164
0.109
0.216
0.176
0.188
0.228
0.259
0.763
1.012
0.828
0.287
0.421
0.24
0.118
0.245
0.844
0.379
0.652
0.827
0.687
0.686
0.297
0.153
0.156
0.17
0.105
0.204
0.157
0.18
0.232
0.191
0.569
1.258
0.76
0.341
0.441
0.268
0.169
0.243
0.598
0.461
0.704
0.972
0.856
0.686
0.297
0.156
0.09
0.127
0.15
0.118
0.209
0.128
0.197
0.186
0.184
0.185
0.178
0.215
0.187
0.13
0.095
0.1
0.148
0.089
0.417
0.44
0.47
0.691
0.502
0.124
0.086
0.157
0.114
0.066
0.177
0.108
0.141
0.21
0.152
0.185
0.158
0.195
0.151
0.13
0.095
0.1
0.148
0.089
0.389
0.458
0.47
0.599
0.419
0.158
0.142
0.162
0.107
0.169
0.159
0.18
0.232
0.227
0.548
1.303
0.696
0.263
0.352
0.273
0.248
0.243
0.497
0.432
0.748
1.011
0.901
0.722
0.348
0.15
0.141
0.156
0.114
0.135
0.159
0.206
0.22
0.334
0.628
1.031
0.618
0.204
0.352
0.277
0.283
0.222
0.482
0.625
0.748
0.891
0.923
0.72
0.435
0.205
0.165
0.159
0.161
0.208
0.178
0.22
0.192
0.246
0.571
1.275
0.714
0.283
0.423
0.369
0.342
0.222
0.613
0.707
0.748
0.902
0.946
0.713
0.535
0.205
0.143
0.181
0.2
0.208
0.179
0.195
0.191
0.266
0.571
1.027
0.604
0.238
0.497
0.369
0.317
0.173
0.538
0.72
0.886
0.929
1.051
0.872
0.56
0.148
0.127
0.207
0.194
0.173
0.179
0.18
0.208
0.4
0.504
0.81
0.383
0.299
0.457
0.382
0.348
0.185
0.364
0.529
0.832
0.773
0.915
0.872
0.56
0.101
0.119
0.157
0.109
0.072
0.177
0.132
0.163
0.187
0.152
0.24
0.158
0.195
0.151
0.158
0.083
0.153
0.176
0.154
0.46
0.615
0.52
0.654
0.181
0.122
0.169
0.21
0.109
0.124
0.197
0.128
0.205
0.27
0.2
0.246
0.19
0.227
0.194
0.216
0.135
0.192
0.186
0.199
0.5
0.707
0.503
0.661
0.205
0.149
0.132
0.2
0.232
0.196
0.205
0.183
0.177
0.4
0.504
0.588
0.355
0.283
0.456
0.32
0.289
0.215
0.259
0.367
0.659
0.637
0.71
0.667
0.499
0.172
0.159
0.186
0.191
0.196
0.18
0.17
0.177
0.393
0.452
0.575
0.4
0.292
0.463
0.297
0.231
0.188
0.296
0.427
0.688
0.654
0.669
0.635
0.524
0.173
0.131
0.186
0.22
0.21
0.151
0.146
0.163
0.303
0.383
0.646
0.4
0.327
0.366
0.241
0.197
0.184
0.3
0.414
0.597
0.565
0.663
0.671
0.524
0.165
0.128
0.171
0.162
0.151
0.123
0.142
0.139
0.405
0.403
0.533
0.317
0.261
0.257
0.201
0.129
0.227
0.271
0.338
0.554
0.466
0.589
0.683
0.491
0.139
0.155
0.152
0.11
0.115
0.144
0.158
0.161
0.345
0.294
0.528
0.317
0.292
0.257
0.22
0.171
0.227
0.271
0.386
0.554
0.507
0.589
0.682
0.533
0.167
0.191
0.22
0.138
0.15
0.241
0.186
0.256
0.301
0.2
0.305
0.26
0.273
0.22
0.249
0.178
0.227
0.288
0.392
0.526
0.671
0.545
0.655
0.333
0.196
0.172
0.205
0.121
0.115
0.23
0.197
0.196
0.218
0.2
0.329
0.269
0.259
0.22
0.249
0.168
0.25
0.288
0.368
0.526
0.671
0.566
0.655
0.333
0.196
0.146
0.124
0.104
0.098
0.129
0.167
0.127
0.185
0.3
0.499
0.334
0.202
0.183
0.19
0.171
0.191
0.208
0.321
0.547
0.507
0.589
0.682
0.512
0.18
0.106
0.101
0.095
0.098
0.101
0.132
0.095
0.178
0.284
0.569
0.411
0.222
0.259
0.17
0.153
0.154
0.205
0.554
1.168
0.669
0.861
0.802
0.665
0.18
0.106
0.101
0.108
0.119
0.119
0.154
0.114
0.231
0.426
0.618
0.388
0.235
0.355
0.283
0.168
0.239
0.205
0.608
1.228
0.614
0.827
0.752
0.611
0.255
0.155
0.095
0.071
0.102
0.154
0.185
0.102
0.142
0.424
0.606
0.51
0.315
1.134
0.42
0.413
0.294
0.257
0.83
1.324
0.757
1.362
0.739
0.497
0.255
0.158
0.097
0.07
0.093
0.114
0.197
0.168
0.124
0.314
0.685
0.866
1.042
1.634
0.46
0.413
0.205
0.437
1.288
1.318
1.043
1.43
0.777
0.619
0.267
0.159
0.207
0.156
0.129
0.23
0.178
0.217
0.255
0.199
0.329
0.269
0.259
0.21
0.278
0.192
0.25
0.275
0.68
0.883
0.905
0.626
0.655
0.333
0.191
0.183
0.212
0.15
0.129
0.202
0.242
0.225
0.186
0.174
0.329
0.28
0.269
0.24
0.278
0.192
0.198
0.237
0.781
0.935
0.792
0.678
0.693
0.438
0.252
0.16
0.099
0.07
0.088
0.09
0.197
0.168
0.177
0.37
0.765
1.314
1.044
0.914
0.498
0.535
0.249
0.439
1.169
0.747
0.971
1.256
0.771
0.628
0.388
0.152
0.101
0.07
0.079
0.092
0.167
0.174
0.193
0.225
1.012
2.089
1.324
0.914
0.51
0.553
0.249
0.439
1.186
1.08
1.06
1.284
0.776
0.691
0.364
0.152
0.12
0.079
0.067
0.081
0.172
0.216
0.166
0.163
0.924
2.136
2.356
1.436
0.565
0.536
0.24
0.408
1.039
0.839
1.017
0.934
0.766
0.65
0.42
0.139
0.092
0.07
0.067
0.068
0.142
0.226
0.15
0.117
0.887
2.142
3.34
1.868
0.479
0.318
0.24
0.822
1.466
1.061
1.483
0.97
0.852
0.741
0.347
0.109
0.092
0.089
0.09
0.068
0.115
0.226
0.193
0.134
0.861
1.932
2.754
1.289
0.31
0.183
0.158
0.822
1.668
1.12
1.085
0.872
0.802
0.82
0.421
0.165
0.154
0.123
0.146
0.164
0.177
0.181
0.145
0.123
0.291
0.771
1.134
0.261
0.254
0.199
0.198
0.286
0.708
0.704
0.732
0.613
0.792
0.667
0.239
0.179
0.143
0.094
0.099
0.131
0.192
0.155
0.097
0.123
0.404
0.829
1.134
0.228
0.206
0.213
0.23
0.357
0.778
0.711
0.796
0.668
0.884
0.895
0.252
0.099
0.071
0.091
0.123
0.095
0.089
0.243
0.176
0.152
0.874
1.132
1.628
0.794
0.264
0.183
0.442
1.104
1.857
1.809
1.182
0.932
0.802
0.787
0.59
0.093
0.071
0.13
0.135
0.1
0.089
0.208
0.176
0.157
0.654
0.584
1.645
1.0
0.264
0.183
0.462
1.385
2.745
2.125
1.182
0.926
0.72
0.823
0.555
0.127
0.091
0.109
0.151
0.137
0.1
0.198
0.187
0.216
0.654
0.436
1.334
1.007
0.344
0.149
0.472
1.399
2.745
2.494
1.576
1.113
0.8
0.823
0.595
0.144
0.114
0.092
0.151
0.158
0.11
0.199
0.231
0.216
0.73
0.322
0.242
0.596
0.452
0.283
0.634
1.399
2.796
2.494
1.503
0.862
0.797
0.762
0.57
0.154
0.154
0.092
0.151
0.177
0.094
0.183
0.233
0.266
0.769
0.3
0.196
0.317
0.467
0.284
0.331
1.009
2.385
1.873
0.987
0.758
0.711
0.7
0.564
0.163
0.143
0.074
0.095
0.128
0.186
0.138
0.096
0.123
0.413
0.979
1.118
0.215
0.26
0.347
0.265
0.357
1.358
0.672
0.716
0.649
0.79
0.855
0.263
0.138
0.182
0.109
0.088
0.128
0.181
0.149
0.133
0.152
0.449
0.988
1.137
0.215
0.267
0.349
0.236
0.381
1.358
0.672
0.716
0.649
0.79
0.855
0.277
0.169
0.186
0.084
0.153
0.19
0.094
0.188
0.211
0.325
0.769
0.326
0.243
0.445
0.513
0.308
0.331
0.543
1.612
1.746
0.835
0.6
0.656
0.591
0.542
0.23
0.195
0.09
0.161
0.184
0.083
0.188
0.246
0.317
0.699
0.338
0.396
0.466
0.513
0.308
0.202
0.446
1.144
1.746
0.959
0.574
0.583
0.535
0.472
0.275
0.186
0.08
0.18
0.191
0.072
0.183
0.22
0.2
0.636
0.582
1.114
0.442
0.375
0.199
0.137
0.446
1.144
1.669
0.94
0.558
0.663
0.535
0.424
0.214
0.186
0.083
0.176
0.19
0.075
0.183
0.217
0.179
0.636
0.588
1.114
0.426
0.457
0.325
0.271
0.759
2.039
1.018
0.546
0.494
0.655
0.596
0.391
0.213
0.174
0.101
0.175
0.18
0.098
0.17
0.176
0.304
0.579
0.57
1.128
0.31
0.255
0.217
0.146
0.759
1.902
0.918
0.484
0.437
0.525
0.54
0.316
0.138
0.182
0.107
0.082
0.171
0.211
0.137
0.139
0.144
0.458
0.989
1.137
0.201
0.27
0.349
0.246
0.405
0.694
0.582
0.716
0.563
0.642
0.712
0.355
0.122
0.184
0.131
0.094
0.207
0.161
0.129
0.167
0.144
0.406
0.454
0.194
0.17
0.217
0.326
0.252
0.405
0.627
0.404
0.563
0.411
0.459
0.568
0.307
0.191
0.16
0.133
0.146
0.179
0.117
0.155
0.183
0.253
0.506
0.56
1.034
0.333
0.239
0.203
0.173
0.647
1.816
0.685
0.358
0.38
0.444
0.414
0.293
0.188
0.146
0.169
0.125
0.168
0.145
0.131
0.19
0.132
0.459
0.537
0.997
0.231
0.166
0.177
0.186
0.835
2.185
1.803
0.898
0.563
0.618
0.637
0.369
0.188
0.146
0.205
0.127
0.177
0.212
0.131
0.19
0.19
0.556
0.537
0.997
0.33
0.195
0.175
0.192
0.864
1.787
1.803
0.804
0.535
0.706
0.623
0.293
0.154
0.156
0.205
0.122
0.18
0.212
0.127
0.19
0.19
0.668
0.563
1.112
0.952
0.434
0.151
0.192
0.566
1.389
2.537
1.31
0.687
0.706
0.623
0.346
0.154
0.157
0.193
0.127
0.181
0.188
0.142
0.23
0.314
0.578
0.52
1.109
0.954
0.129
0.146
0.178
0.35
0.893
2.431
1.157
0.567
0.524
0.503
0.371
0.131
0.191
0.131
0.094
0.197
0.162
0.152
0.171
0.167
0.394
0.254
0.182
0.141
0.204
0.324
0.21
0.295
0.48
0.269
0.38
0.287
0.363
0.355
0.307
0.099
0.195
0.134
0.113
0.208
0.145
0.159
0.202
0.167
0.381
0.273
0.202
0.139
0.171
0.188
0.232
0.316
0.456
0.218
0.421
0.385
0.363
0.355
0.332
0.227
0.171
0.16
0.147
0.181
0.188
0.147
0.284
0.197
0.618
1.228
1.893
0.953
0.148
0.146
0.184
0.571
1.392
2.626
1.312
0.637
0.64
0.658
0.437
0.251
0.164
0.153
0.157
0.16
0.197
0.155
0.267
0.223
0.701
1.254
1.931
0.936
0.133
0.164
0.165
1.839
1.813
2.763
2.234
0.837
0.761
0.811
0.531
0.239
0.178
0.114
0.179
0.148
0.19
0.156
0.237
0.301
0.701
1.91
2.072
1.081
0.195
0.21
0.215
1.723
1.545
1.763
1.523
0.731
0.725
0.61
0.525
0.257
0.156
0.108
0.168
0.121
0.159
0.143
0.202
0.286
0.576
1.746
1.116
0.324
0.192
0.21
0.393
1.702
1.525
0.827
1.222
0.64
0.653
0.553
0.525
0.234
0.151
0.123
0.154
0.118
0.159
0.143
0.188
0.286
0.576
1.053
0.327
0.164
0.155
0.211
0.412
1.665
1.029
0.616
0.659
0.433
0.504
0.395
0.442
0.099
0.192
0.146
0.129
0.193
0.133
0.163
0.176
0.17
0.406
0.234
0.167
0.151
0.171
0.185
0.307
0.316
0.456
0.218
0.473
0.345
0.373
0.393
0.411
0.107
0.183
0.137
0.141
0.183
0.114
0.192
0.139
0.189
0.406
0.223
0.156
0.166
0.156
0.172
0.335
0.288
0.465
0.218
0.463
0.326
0.389
0.382
0.388
0.262
0.139
0.129
0.165
0.104
0.186
0.131
0.153
0.22
0.554
1.053
0.327
0.155
0.155
0.222
0.408
1.69
1.025
0.621
0.663
0.433
0.536
0.381
0.343
0.178
0.129
0.142
0.156
0.098
0.184
0.111
0.144
0.274
0.574
0.39
0.196
0.146
0.187
0.222
0.268
0.492
0.846
0.621
0.66
0.519
0.545
0.333
0.312
0.203
0.143
0.115
0.168
0.097
0.185
0.13
0.143
0.396
0.527
0.439
0.172
0.142
0.247
0.196
0.288
0.317
0.661
0.796
0.66
0.519
0.513
0.307
0.24
0.188
0.149
0.132
0.15
0.122
0.16
0.143
0.144
0.623
0.569
0.299
0.16
0.133
0.188
0.233
0.249
0.341
0.703
0.797
0.494
0.497
0.513
0.378
0.24
0.158
0.149
0.121
0.157
0.119
0.16
0.205
0.145
0.65
0.616
0.299
0.16
0.135
0.338
0.34
0.236
0.341
0.7
0.685
0.433
0.561
0.537
0.536
0.275
0.134
0.158
0.137
0.141
0.177
0.109
0.199
0.12
0.197
0.415
0.198
0.167
0.16
0.154
0.169
0.355
0.261
0.452
0.397
0.403
0.442
0.425
0.399
0.217
0.159
0.162
0.113
0.163
0.157
0.104
0.201
0.094
0.235
0.386
0.291
0.282
0.135
0.175
0.169
0.435
0.721
0.944
0.742
0.567
0.659
0.52
0.528
0.328
0.17
0.135
0.131
0.155
0.12
0.176
0.225
0.179
0.635
0.67
0.401
0.166
0.14
0.353
0.362
0.201
0.354
0.91
0.793
0.527
0.732
0.672
0.739
0.317
0.172
0.152
0.139
0.163
0.132
0.181
0.319
0.164
0.686
0.67
1.362
1.009
0.212
0.353
0.353
0.209
0.39
1.095
1.265
0.585
0.887
0.838
0.932
0.385
0.212
0.152
0.168
0.166
0.149
0.171
0.319
0.186
0.418
0.67
2.578
2.092
0.392
0.329
0.353
0.195
0.371
0.944
1.182
0.736
0.901
0.959
1.089
0.395
0.218
0.152
0.217
0.18
0.174
0.171
0.382
0.243
0.432
0.708
2.621
2.162
0.412
0.174
0.353
0.194
0.371
0.944
0.71
0.5
0.746
0.959
1.089
0.395
0.232
0.133
0.236
0.187
0.153
0.199
0.356
0.243
0.299
0.692
2.621
2.162
0.403
0.206
0.248
0.185
0.266
0.775
0.598
0.452
0.655
0.821
0.881
0.344
0.166
0.162
0.12
0.163
0.173
0.093
0.191
0.115
0.271
0.56
0.82
0.33
0.165
0.191
0.167
0.435
0.689
0.944
0.739
0.566
0.681
0.501
0.608
0.491
0.187
0.133
0.141
0.162
0.155
0.106
0.176
0.109
0.258
0.54
0.742
0.216
0.141
0.206
0.136
0.261
0.596
0.929
0.756
0.386
0.51
0.374
0.497
0.406
0.234
0.124
0.236
0.182
0.153
0.208
0.27
0.233
0.274
0.615
2.474
2.147
0.401
0.202
0.145
0.148
0.228
0.672
0.526
0.358
0.495
0.589
0.647
0.293
0.237
0.115
0.23
0.191
0.127
0.219
0.233
0.192
0.289
0.441
1.521
1.311
0.212
0.193
0.128
0.148
0.244
0.437
0.423
0.259
0.299
0.453
0.372
0.203
0.238
0.088
0.215
0.168
0.104
0.219
0.111
0.18
0.277
0.411
0.309
0.221
0.118
0.204
0.101
0.154
0.214
0.353
0.423
0.379
0.299
0.376
0.251
0.173
0.198
0.108
0.204
0.196
0.137
0.219
0.137
0.186
0.293
0.411
0.309
0.221
0.118
0.212
0.097
0.154
0.214
0.353
0.596
0.379
0.302
0.299
0.251
0.173
0.184
0.108
0.199
0.212
0.129
0.201
0.137
0.138
0.275
0.351
0.374
0.281
0.216
0.212
0.109
0.123
0.731
0.57
1.067
0.807
0.492
0.456
0.489
0.217
0.175
0.13
0.163
0.141
0.159
0.125
0.15
0.128
0.266
0.342
0.709
0.216
0.118
0.199
0.106
0.187
0.154
0.4
0.504
0.256
0.378
0.272
0.336
0.241
0.183
0.136
0.177
0.145
0.164
0.153
0.15
0.152
0.277
0.353
1.249
0.979
0.164
0.215
0.126
0.253
0.734
1.063
0.92
1.159
0.889
0.416
0.51
0.341
0.191
0.121
0.207
0.273
0.142
0.205
0.169
0.149
0.285
0.781
0.733
0.396
0.252
0.322
0.129
0.142
1.595
0.99
1.144
0.942
0.783
0.63
0.728
0.296
0.206
0.169
0.208
0.286
0.191
0.24
0.189
0.188
0.283
0.798
1.233
0.844
0.456
0.928
0.195
0.371
2.379
1.747
1.785
1.295
1.022
0.779
0.917
0.443
0.243
0.218
0.234
0.32
0.299
0.301
0.214
0.243
0.269
1.007
1.441
0.909
0.957
1.157
0.857
0.528
2.536
1.747
1.806
1.295
1.022
1.048
0.917
0.482
0.248
0.253
0.234
0.324
0.387
0.332
0.22
0.291
0.243
1.007
1.441
1.253
1.537
1.537
2.014
0.779
2.81
2.684
1.609
1.411
1.319
1.138
1.063
0.557
0.277
0.242
0.234
0.29
0.431
0.401
0.241
0.288
0.227
0.593
1.912
1.253
1.681
1.774
2.078
1.694
3.378
3.074
1.298
1.14
1.154
1.173
0.968
0.557
0.192
0.179
0.164
0.176
0.237
0.183
0.153
0.185
0.277
0.681
1.585
1.743
0.756
0.767
0.291
1.001
1.566
1.676
1.12
1.238
0.883
0.497
0.592
0.489
0.21
0.18
0.186
0.196
0.307
0.258
0.14
0.213
0.239
0.695
1.329
1.084
0.849
1.179
0.39
0.957
0.748
0.993
0.704
0.343
0.363
0.658
0.592
0.555
0.277
0.25
0.248
0.238
0.496
0.411
0.22
0.288
0.188
0.881
1.727
1.26
1.897
1.975
2.151
1.762
2.761
2.402
0.811
0.957
1.142
1.165
0.998
0.639
0.33
0.312
0.289
0.238
0.529
0.421
0.307
0.331
0.188
0.571
1.33
1.229
1.897
1.59
1.057
0.973
1.844
2.293
1.116
1.026
0.795
0.982
0.988
0.607
0.278
0.303
0.282
0.261
0.521
0.418
0.326
0.311
0.18
0.682
1.009
0.851
1.404
1.164
1.018
0.763
1.191
1.699
0.984
1.026
0.751
0.982
0.991
0.622
0.256
0.253
0.27
0.237
0.488
0.431
0.33
0.268
0.181
0.493
1.023
0.875
1.495
1.365
0.476
0.759
1.109
1.797
1.237
1.124
0.751
0.928
1.139
0.752
0.248
0.23
0.301
0.231
0.469
0.459
0.423
0.215
0.196
0.481
1.54
1.536
0.996
0.974
0.361
0.531
0.835
1.797
1.445
1.139
0.751
0.928
1.047
0.779
0.248
0.199
0.199
0.196
0.384
0.333
0.155
0.24
0.238
0.684
1.245
1.1
0.862
1.289
0.639
1.239
1.029
1.214
0.942
0.518
0.685
0.963
0.734
0.555
0.264
0.209
0.223
0.226
0.448
0.394
0.196
0.24
0.23
0.788
1.346
1.182
0.879
1.285
0.663
1.242
1.164
1.505
1.217
0.964
0.903
1.201
1.041
0.576
0.342
0.312
0.302
0.233
0.479
0.457
0.331
0.161
0.193
0.56
0.919
0.573
0.697
0.605
0.302
0.316
0.835
1.756
1.475
1.266
0.819
0.904
1.047
0.779
0.361
0.29
0.27
0.233
0.474
0.48
0.331
0.177
0.264
0.468
0.804
0.493
0.397
0.222
0.253
0.17
0.613
1.891
1.475
1.266
0.877
0.895
1.065
0.713
0.265
0.215
0.248
0.233
0.465
0.458
0.253
0.172
0.278
0.579
0.621
0.402
0.379
0.229
0.354
0.241
0.906
2.202
1.352
1.498
1.153
1.031
1.154
0.706
0.275
0.221
0.248
0.23
0.468
0.474
0.224
0.17
0.403
0.549
0.641
0.49
0.283
0.215
0.354
0.261
0.762
2.202
1.239
1.292
1.081
1.015
1.066
0.552
0.262
0.213
0.237
0.222
0.467
0.46
0.192
0.185
0.4
0.526
0.49
0.397
0.198
0.177
0.233
0.181
0.779
1.951
0.833
1.043
0.977
0.825
0.701
0.414
0.286
0.236
0.21
0.267
0.457
0.451
0.231
0.228
0.245
0.823
1.428
1.211
0.92
1.333
0.711
1.242
1.16
1.508
1.361
1.549
1.275
1.201
1.154
0.752
0.286
0.207
0.208
0.267
0.451
0.451
0.219
0.212
0.218
0.833
1.081
0.517
0.351
0.748
0.478
0.471
0.602
0.884
0.819
0.966
0.899
1.182
1.154
0.69
0.267
0.196
0.217
0.221
0.461
0.45
0.157
0.18
0.406
0.523
0.412
0.289
0.163
0.188
0.212
0.166
0.617
1.327
0.561
0.601
0.557
0.522
0.495
0.309
0.23
0.157
0.199
0.207
0.454
0.431
0.144
0.181
0.403
0.467
0.348
0.228
0.158
0.194
0.198
0.166
0.244
0.822
0.643
0.688
0.639
0.676
0.66
0.362
0.199
0.166
0.179
0.233
0.44
0.42
0.172
0.181
0.302
0.557
0.368
0.192
0.142
0.187
0.119
0.203
0.616
1.338
0.91
0.85
0.801
0.758
0.61
0.299
0.18
0.179
0.165
0.233
0.429
0.424
0.166
0.163
0.255
0.557
0.298
0.192
0.145
0.202
0.114
0.203
0.616
0.491
0.864
0.598
0.547
0.709
0.603
0.298
0.18
0.15
0.188
0.226
0.415
0.424
0.212
0.159
0.236
0.55
0.381
0.192
0.125
0.378
0.115
0.182
0.616
0.474
1.084
0.914
0.748
0.937
0.879
0.377
0.254
0.17
0.218
0.244
0.426
0.449
0.202
0.198
0.203
0.523
0.732
0.408
0.279
0.304
0.351
0.167
0.328
0.61
0.52
0.791
0.663
0.942
0.955
0.546
0.29
0.156
0.229
0.248
0.42
0.442
0.218
0.174
0.215
0.586
0.605
0.416
0.279
0.304
0.327
0.343
0.609
0.884
0.823
0.892
0.776
0.718
0.825
0.624
0.218
0.184
0.166
0.27
0.425
0.411
0.247
0.197
0.261
0.636
0.43
0.185
0.191
0.37
0.113
0.193
0.647
0.729
1.341
1.076
0.903
1.085
1.023
0.466
0.246
0.207
0.166
0.283
0.426
0.397
0.258
0.205
0.245
0.722
0.495
0.218
0.264
0.372
0.12
0.181
1.106
0.966
1.4
1.076
0.903
1.2
1.099
0.576
0.308
0.218
0.157
0.285
0.424
0.397
0.338
0.21
0.245
0.744
0.611
1.08
0.524
0.415
0.181
0.173
1.585
1.379
1.4
1.031
1.04
1.2
1.099
0.631
0.321
0.197
0.165
0.28
0.426
0.381
0.315
0.163
0.253
0.764
0.576
1.063
0.52
0.413
0.197
0.135
1.192
1.083
1.32
1.031
0.756
1.108
1.134
0.79
0.321
0.184
0.188
0.263
0.427
0.384
0.306
0.168
0.258
0.728
0.583
1.143
0.27
0.235
0.201
0.127
0.724
0.973
1.312
1.024
0.715
0.99
1.016
0.781
0.29
0.156
0.215
0.226
0.406
0.43
0.194
0.16
0.21
0.51
0.581
0.47
0.313
0.207
0.294
0.134
0.323
0.849
0.837
0.961
0.677
0.707
0.863
0.615
0.257
0.166
0.194
0.193
0.413
0.403
0.155
0.164
0.207
0.441
0.458
0.394
0.311
0.213
0.294
0.129
0.175
0.571
0.549
0.532
0.464
0.472
0.562
0.581
0.284
0.184
0.165
0.254
0.429
0.365
0.218
0.168
0.239
0.722
0.505
1.099
0.269
0.187
0.138
0.123
0.722
0.978
1.082
0.719
0.506
0.749
0.762
0.687
0.24
0.177
0.16
0.239
0.42
0.348
0.19
0.165
0.193
0.646
0.443
1.101
0.202
0.178
0.145
0.102
0.681
0.741
0.798
0.553
0.356
0.576
0.628
0.532
0.178
0.16
0.15
0.226
0.416
0.339
0.176
0.16
0.187
0.545
0.364
0.214
0.137
0.158
0.144
0.123
0.237
0.644
1.103
0.802
0.774
0.686
0.789
0.738
0.178
0.156
0.151
0.226
0.416
0.337
0.176
0.154
0.186
0.518
0.364
0.214
0.137
0.158
0.138
0.129
0.237
0.644
1.798
1.493
0.774
0.529
1.773
1.247
0.185
0.157
0.15
0.226
0.412
0.322
0.159
0.153
0.159
0.518
0.279
0.209
0.137
0.147
0.137
0.163
0.289
0.596
2.683
1.64
1.103
0.611
1.489
1.09
0.231
0.142
0.193
0.179
0.411
0.382
0.142
0.168
0.187
0.393
0.285
0.29
0.257
0.149
0.243
0.132
0.176
0.564
0.393
0.283
0.226
0.27
0.22
0.375
0.271
0.152
0.197
0.199
0.401
0.392
0.14
0.155
0.223
0.452
0.355
0.349
0.275
0.209
0.228
0.128
0.188
0.557
0.396
0.273
0.225
0.271
0.553
0.696
0.213
0.152
0.15
0.234
0.421
0.322
0.159
0.151
0.159
0.415
0.248
0.321
0.785
0.218
0.142
0.156
0.289
0.596
2.78
2.822
2.07
1.347
2.736
1.299
0.325
0.141
0.165
0.246
0.417
0.333
0.167
0.151
0.161
0.557
0.282
0.329
0.904
0.248
0.142
0.149
0.309
0.701
3.101
3.254
3.311
2.119
2.984
1.377
0.337
0.154
0.191
0.245
0.411
0.354
0.16
0.147
0.178
0.658
0.372
0.334
0.915
0.282
0.13
0.156
0.323
0.845
3.86
3.678
3.311
2.993
3.821
1.377
0.337
0.167
0.205
0.242
0.43
0.377
0.152
0.153
0.202
0.643
0.372
0.354
0.908
0.286
0.158
0.115
0.295
0.732
2.667
2.934
3.032
2.576
3.821
1.377
0.719
0.193
0.205
0.241
0.431
0.358
0.152
0.164
0.201
0.685
0.372
0.178
0.266
0.219
0.146
0.135
0.295
0.632
2.221
3.156
2.421
2.573
2.783
0.663
0.391
0.153
0.204
0.228
0.398
0.413
0.157
0.155
0.242
0.511
0.392
0.349
0.284
0.292
0.21
0.15
0.18
0.543
0.412
0.496
0.484
0.501
1.293
1.889
0.371
0.18
0.205
0.21
0.408
0.398
0.137
0.161
0.23
0.423
0.42
0.335
0.264
0.222
0.21
0.15
0.18
0.543
0.412
0.665
0.724
0.654
1.312
1.729
0.717
0.181
0.222
0.241
0.417
0.404
0.176
0.164
0.226
0.543
0.422
0.315
1.303
0.329
0.191
0.107
0.245
0.548
1.675
2.867
2.253
2.554
2.861
0.702
0.65
0.18
0.244
0.244
0.402
0.432
0.189
0.153
0.245
0.696
0.452
0.275
0.284
0.219
0.191
0.121
0.277
0.599
1.626
1.701
1.295
1.908
1.815
0.541
0.302
0.215
0.234
0.232
0.43
0.431
0.177
0.208
0.262
0.61
0.568
0.351
0.188
0.289
0.41
0.162
0.251
0.573
1.578
1.477
0.897
1.108
1.981
0.692
0.311
0.206
0.235
0.258
0.429
0.412
0.193
0.217
0.234
0.627
0.645
0.408
0.18
0.268
0.46
0.194
0.308
0.546
1.039
0.659
0.717
1.095
1.363
0.754
0.328
0.176
0.241
0.258
0.424
0.373
0.297
0.146
0.234
0.77
0.645
0.402
0.193
0.257
0.447
0.204
0.3
0.546
1.039
0.659
0.717
0.784
0.963
0.524
0.283
0.18
0.193
0.218
0.427
0.39
0.124
0.17
0.21
0.404
0.416
0.279
0.264
0.199
0.149
0.131
0.21
0.334
0.486
0.755
0.77
0.642
1.247
1.647
0.283
0.187
0.181
0.236
0.406
0.393
0.123
0.182
0.2
0.418
0.416
0.283
0.256
0.206
0.139
0.133
0.215
0.332
0.481
0.765
0.771
0.642
1.256
1.647
0.284
0.149
0.241
0.25
0.402
0.393
0.193
0.141
0.246
0.665
0.594
0.401
0.175
0.274
0.447
0.206
0.215
0.512
0.723
0.438
0.443
0.68
0.753
0.492
0.32
0.151
0.244
0.229
0.431
0.361
0.197
0.143
0.236
0.768
0.495
0.401
0.175
0.185
0.401
0.206
0.217
0.503
0.723
0.438
0.443
0.716
0.683
0.271
0.291
0.157
0.227
0.225
0.417
0.329
0.165
0.151
0.258
0.768
0.591
0.395
0.298
0.462
0.219
0.206
0.18
0.513
0.976
0.756
0.689
1.027
0.755
0.384
0.291
0.157
0.206
0.254
0.383
0.329
0.16
0.151
0.211
0.721
0.724
0.397
0.274
0.258
0.219
0.209
0.235
0.477
0.776
0.539
0.548
0.865
0.72
0.382
0.318
0.169
0.197
0.235
0.411
0.34
0.25
0.138
0.237
0.761
0.588
0.321
0.287
0.238
0.185
0.179
0.192
0.456
0.945
0.804
0.729
0.801
0.574
0.29
0.282
0.187
0.195
0.231
0.405
0.393
0.129
0.174
0.211
0.419
0.416
0.276
0.27
0.206
0.14
0.179
0.331
0.349
0.833
1.028
1.035
0.865
1.717
1.917
0.306
0.185
0.202
0.229
0.448
0.373
0.137
0.174
0.21
0.326
0.52
0.293
0.315
0.158
0.15
0.189
0.33
0.352
0.84
1.017
1.037
0.857
0.989
0.73
0.303
0.172
0.192
0.246
0.397
0.351
0.142
0.146
0.193
0.784
0.635
0.356
0.265
0.301
0.298
0.226
0.172
0.545
1.094
1.023
0.983
0.99
0.852
0.397
0.365
0.18
0.21
0.257
0.41
0.356
0.151
0.143
0.189
0.922
0.648
0.393
0.262
0.296
0.298
0.213
0.225
0.545
1.151
1.286
1.175
1.113
1.048
0.474
0.325
0.18
0.21
0.257
0.41
0.356
0.139
0.143
0.188
0.948
0.628
0.325
0.118
0.286
0.282
0.227
0.328
0.647
0.843
1.017
0.983
1.11
1.205
0.574
0.325
0.176
0.223
0.244
0.426
0.356
0.248
0.132
0.188
0.948
0.419
0.276
0.116
0.222
0.395
0.196
1.064
0.906
0.961
1.017
1.015
1.11
1.205
0.488
0.267
0.176
0.223
0.243
0.438
0.351
0.26
0.132
0.214
0.948
0.419
0.216
0.129
0.158
0.282
0.152
1.029
0.867
0.961
1.017
0.923
1.11
0.98
0.393
0.236
0.199
0.163
0.233
0.429
0.366
0.123
0.166
0.197
0.314
0.489
0.293
0.304
0.138
0.168
0.165
0.351
0.352
0.887
1.027
0.934
0.833
0.935
0.73
0.19
0.168
0.139
0.241
0.398
0.355
0.128
0.167
0.188
0.338
0.308
0.233
0.221
0.145
0.15
0.129
0.245
0.323
0.541
0.697
0.658
0.595
0.833
0.57
0.219
0.179
0.216
0.249
0.429
0.355
0.154
0.141
0.205
0.841
0.419
0.227
0.125
0.159
0.287
0.152
1.049
0.836
0.55
0.712
0.696
0.872
0.864
0.388
0.205
0.177
0.21
0.233
0.432
0.334
0.171
0.135
0.222
0.672
0.324
0.2
0.14
0.156
0.135
0.15
1.049
0.737
0.396
0.507
0.437
0.683
0.567
0.287
0.167
0.176
0.186
0.226
0.422
0.324
0.173
0.129
0.232
0.52
0.284
0.16
0.16
0.142
0.166
0.14
0.968
0.717
0.288
0.214
0.165
0.403
0.205
0.189
0.15
0.169
0.164
0.23
0.404
0.324
0.161
0.141
0.232
0.382
0.232
0.141
0.16
0.141
0.169
0.137
0.241
0.323
0.17
0.152
0.163
0.161
0.153
0.165
0.136
0.17
0.147
0.247
0.388
0.342
0.151
0.152
0.224
0.33
0.157
0.136
0.162
0.134
0.163
0.132
0.236
0.306
0.169
0.126
0.163
0.13
0.153
0.139
0.181
0.168
0.135
0.22
0.364
0.335
0.125
0.155
0.184
0.353
0.194
0.179
0.134
0.145
0.149
0.15
0.234
0.325
0.213
0.401
0.391
0.364
0.575
0.404
0.194
0.156
0.153
0.213
0.378
0.327
0.134
0.15
0.199
0.345
0.2
0.18
0.137
0.149
0.148
0.157
0.234
0.335
0.213
0.42
0.391
0.386
0.569
0.425
0.145
0.141
0.149
0.22
0.388
0.322
0.156
0.141
0.224
0.317
0.157
0.136
0.164
0.13
0.172
0.125
0.249
0.293
0.182
0.117
0.176
0.12
0.169
0.125
0.175
0.141
0.166
0.22
0.393
0.322
0.156
0.141
0.224
0.314
0.176
0.141
0.177
0.139
0.179
0.143
0.253
0.293
0.182
0.144
0.179
0.151
0.175
0.151
0.182
0.166
0.171
0.241
0.398
0.327
0.16
0.136
0.228
0.322
0.294
0.14
0.179
0.14
0.179
0.14
0.253
0.293
0.204
0.506
0.466
0.397
0.417
0.255
0.219
0.176
0.18
0.265
0.396
0.355
0.168
0.147
0.223
0.436
0.786
0.14
0.18
0.14
0.178
0.14
0.253
0.315
0.247
0.557
0.465
0.643
0.662
0.452
0.213
0.174
0.187
0.25
0.406
0.336
0.188
0.138
0.227
0.571
0.878
0.151
0.18
0.138
0.18
0.128
0.264
0.321
0.317
0.761
0.621
0.909
0.85
0.68
0.183
0.176
0.138
0.235
0.359
0.342
0.119
0.166
0.187
0.36
0.182
0.202
0.119
0.168
0.135
0.157
0.234
0.33
0.143
0.455
0.391
0.386
0.419
0.216
0.181
0.172
0.138
0.249
0.359
0.361
0.119
0.182
0.187
0.37
0.132
0.184
0.119
0.166
0.135
0.149
0.25
0.32
0.151
0.457
0.395
0.421
0.831
0.765
0.248
0.186
0.207
0.248
0.439
0.331
0.213
0.147
0.247
0.696
0.951
0.231
0.222
0.15
0.182
0.12
0.294
0.331
0.336
0.972
1.039
1.185
1.095
0.765
0.255
0.198
0.218
0.264
0.447
0.358
0.19
0.171
0.219
0.86
0.951
0.231
0.216
0.15
0.17
0.124
0.277
0.412
0.43
1.293
1.297
1.185
1.131
0.71
0.256
0.201
0.215
0.268
0.441
0.338
0.187
0.166
0.222
0.86
1.053
0.285
0.216
0.15
0.16
0.11
0.303
0.528
0.532
1.24
1.23
1.185
1.083
0.585
0.226
0.214
0.19
0.287
0.411
0.364
0.17
0.176
0.242
0.822
0.621
0.828
0.248
0.192
0.175
0.11
0.415
0.629
0.578
1.092
1.169
1.2
1.044
0.402
0.22
0.186
0.212
0.254
0.445
0.336
0.176
0.158
1.026
0.877
0.453
0.819
0.249
0.254
0.173
0.146
0.485
0.661
0.619
1.092
1.256
1.198
0.982
0.409
0.226
0.19
0.149
0.25
0.367
0.374
0.126
0.179
0.188
0.471
0.145
0.184
0.123
0.193
0.144
0.163
0.253
0.331
0.14
0.172
0.25
0.445
0.6
0.203
0.229
0.19
0.161
0.242
0.389
0.363
0.136
0.167
0.226
0.463
0.175
0.161
0.146
0.181
0.155
0.161
0.255
0.333
0.131
0.182
0.232
0.461
0.577
0.356
0.239
0.196
0.23
0.258
0.463
0.336
0.176
0.283
1.063
0.835
0.385
0.817
0.249
0.272
0.173
0.175
0.474
0.662
0.517
1.031
1.256
1.141
0.937
0.31
0.215
0.197
0.205
0.275
0.416
0.352
0.14
0.18
1.025
0.723
0.315
0.695
0.194
0.271
0.162
0.187
0.372
0.662
0.494
0.828
0.9
0.867
0.726
0.261
0.209
0.187
0.198
0.275
0.406
0.334
0.162
0.163
1.051
0.571
0.252
0.716
0.184
0.271
0.156
0.203
0.371
0.605
0.378
0.525
0.636
0.673
0.508
0.229
0.178
0.18
0.182
0.27
0.409
0.338
0.162
0.176
1.048
0.481
0.192
0.184
0.145
0.232
0.145
0.211
0.328
0.464
0.378
0.431
0.636
0.659
0.543
0.213
0.198
0.169
0.205
0.256
0.435
0.317
0.178
0.164
0.391
0.448
0.215
0.177
0.122
0.326
0.145
0.211
0.328
0.464
0.411
0.431
0.665
0.62
0.537
0.224
0.183
0.17
0.15
0.265
0.385
0.376
0.137
0.178
0.231
0.365
0.15
0.158
0.151
0.181
0.153
0.168
0.253
0.342
0.116
0.199
0.216
0.469
0.555
0.242
0.216
0.19
0.178
0.279
0.401
0.388
0.158
0.179
0.317
0.396
0.147
0.158
0.145
0.185
0.176
0.21
0.346
0.342
0.126
0.268
0.45
0.665
0.707
0.213
0.178
0.191
0.184
0.278
0.411
0.33
0.162
0.166
0.391
0.377
0.169
0.18
0.122
0.209
0.166
0.192
0.242
0.421
0.335
0.278
0.435
0.429
0.691
0.202
0.179
0.189
0.184
0.279
0.411
0.328
0.162
0.166
0.432
0.355
0.152
0.17
0.127
0.196
0.168
0.177
0.325
0.454
0.432
0.397
0.649
0.658
0.715
0.191
0.222
0.175
0.228
0.261
0.445
0.299
0.189
0.135
0.599
0.334
0.16
0.165
0.124
0.202
0.169
0.179
0.424
0.526
0.435
0.537
0.917
0.895
0.86
0.234
0.203
0.181
0.209
0.261
0.433
0.292
0.187
0.223
0.697
0.432
0.228
0.175
0.18
0.214
0.166
0.18
0.424
0.519
0.435
0.614
1.173
1.114
0.909
0.22
0.217
0.168
0.22
0.24
0.436
0.292
0.199
0.361
0.697
0.407
0.25
0.161
0.204
0.205
0.188
0.162
0.443
0.429
0.286
0.501
0.939
0.895
0.641
0.234
0.253
0.182
0.216
0.274
0.437
0.366
0.185
0.15
0.499
0.413
0.159
0.15
0.193
0.227
0.19
0.172
0.346
0.377
0.155
0.256
0.384
0.552
0.51
0.193
0.208
0.2
0.175
0.283
0.41
0.354
0.173
0.15
0.411
0.407
0.152
0.158
0.183
0.235
0.177
0.172
0.341
0.377
0.162
0.256
0.395
0.525
0.347
0.202
0.197
0.16
0.202
0.232
0.416
0.284
0.195
0.37
0.583
0.308
0.184
0.157
0.216
0.185
0.156
0.158
0.34
0.37
0.182
0.387
0.662
0.692
0.426
0.165
0.196
0.145
0.2
0.223
0.415
0.257
0.199
0.517
0.466
0.263
0.189
0.144
0.167
0.185
0.156
0.175
0.421
0.448
0.256
0.518
0.876
0.916
0.426
0.202
0.178
0.149
0.171
0.219
0.403
0.269
0.195
0.487
0.543
0.382
0.261
0.135
0.185
0.221
0.172
0.173
0.498
0.488
0.268
0.515
0.821
0.771
0.564
0.24
0.175
0.157
0.147
0.219
0.402
0.344
0.195
0.487
0.471
0.4
0.263
0.111
0.189
0.309
0.187
0.173
0.427
0.466
0.273
0.386
0.758
0.697
0.561
0.208
0.175
0.146
0.157
0.21
0.4
0.422
0.191
0.401
0.489
0.29
0.263
0.108
0.179
0.305
0.26
0.17
0.567
0.448
0.338
0.419
0.758
0.625
0.6
0.169
0.18
0.178
0.182
0.263
0.415
0.333
0.176
0.151
0.419
0.374
0.13
0.176
0.135
0.195
0.151
0.193
0.317
0.387
0.21
0.291
0.443
0.525
0.299
0.188
0.179
0.191
0.162
0.263
0.409
0.333
0.166
0.176
0.587
0.407
0.13
0.18
0.126
0.21
0.157
0.246
0.364
0.373
0.398
0.368
0.67
0.74
0.427
0.232
0.173
0.161
0.129
0.21
0.4
0.344
0.19
0.243
0.682
0.37
0.286
0.117
0.17
0.305
0.261
0.178
0.695
0.431
0.372
0.455
0.996
0.839
0.715
0.26
0.178
0.172
0.133
0.198
0.371
0.326
0.192
0.385
0.72
0.354
0.286
0.11
0.178
0.313
0.262
0.184
0.799
0.399
0.372
0.554
1.075
1.024
0.832
0.26
0.185
0.172
0.118
0.199
0.376
0.392
0.19
0.232
0.72
0.356
0.368
0.129
0.172
0.203
0.261
0.185
0.687
0.292
0.372
0.554
1.004
0.849
0.781
0.232
0.184
0.171
0.138
0.186
0.378
0.36
0.191
0.122
0.711
0.335
0.324
0.145
0.147
0.177
0.261
0.192
0.579
0.292
0.376
0.519
1.055
1.106
0.654
0.206
0.184
0.171
0.16
0.183
0.379
0.278
0.189
0.233
0.833
0.383
0.417
0.163
0.149
0.162
0.261
0.201
0.629
0.727
0.54
0.532
1.005
1.042
0.575
0.196
0.201
0.178
0.161
0.244
0.429
0.296
0.186
0.154
0.747
0.439
0.169
0.185
0.179
0.331
0.183
0.337
0.56
0.482
0.504
0.571
0.905
0.894
0.54
0.182
0.195
0.178
0.147
0.197
0.417
0.26
0.186
0.154
0.578
0.406
0.192
0.193
0.201
0.321
0.185
0.305
0.526
0.41
0.504
0.502
0.702
0.69
0.434
0.202
0.184
0.165
0.16
0.189
0.414
0.202
0.188
0.265
0.917
0.432
0.343
0.181
0.179
0.159
0.197
0.208
0.539
0.73
0.5
0.446
0.825
0.939
0.473
0.187
0.16
0.168
0.183
0.165
0.414
0.208
0.188
0.284
0.765
0.345
0.288
0.19
0.189
0.159
0.196
0.216
0.438
0.73
0.476
0.422
0.6
0.721
0.371
0.187
0.141
0.16
0.187
0.158
0.414
0.216
0.183
0.173
0.744
0.353
0.289
0.194
0.194
0.152
0.171
0.221
0.406
0.711
0.476
0.322
0.4
0.355
0.275
0.193
0.121
0.17
0.202
0.145
0.402
0.216
0.183
0.173
0.744
0.351
0.187
0.174
0.213
0.174
0.154
0.221
0.415
0.707
0.311
0.255
0.35
0.263
0.277
0.2
0.115
0.154
0.21
0.173
0.41
0.214
0.165
0.184
0.599
0.289
0.151
0.172
0.218
0.178
0.153
0.206
0.43
0.204
0.216
0.216
0.203
0.135
0.199
0.191
0.171
0.167
0.147
0.191
0.389
0.237
0.187
0.184
0.419
0.353
0.209
0.203
0.144
0.2
0.2
0.307
0.355
0.263
0.472
0.445
0.539
0.557
0.392
0.207
0.187
0.161
0.169
0.183
0.41
0.209
0.187
0.163
0.604
0.402
0.262
0.2
0.154
0.228
0.28
0.358
0.404
0.245
0.506
0.784
0.782
0.796
0.498
0.208
0.115
0.144
0.21
0.182
0.419
0.22
0.144
0.175
0.44
0.222
0.132
0.154
0.221
0.196
0.132
0.206
0.421
0.204
0.216
0.216
0.203
0.135
0.199
0.218
0.141
0.162
0.206
0.173
0.404
0.223
0.145
0.175
0.434
0.207
0.132
0.148
0.219
0.184
0.132
0.205
0.413
0.395
0.271
0.355
0.283
0.264
0.309
0.249
0.169
0.162
0.215
0.198
0.391
0.214
0.14
0.334
0.436
0.222
0.152
0.147
0.215
0.202
0.125
0.2
0.422
0.886
0.452
0.508
0.444
0.379
0.304
0.248
0.19
0.145
0.199
0.214
0.402
0.192
0.139
0.6
0.466
0.268
0.181
0.157
0.206
0.207
0.149
0.186
0.589
1.549
0.518
0.55
0.641
0.602
0.345
0.24
0.2
0.156
0.174
0.214
0.418
0.192
0.126
0.6
0.596
0.303
0.213
0.173
0.164
0.203
0.164
0.203
0.653
2.026
1.25
0.612
0.904
0.826
0.392
0.274
0.19
0.173
0.175
0.178
0.42
0.201
0.196
0.174
0.75
0.423
0.262
0.19
0.15
0.225
0.281
0.354
0.431
0.332
0.396
0.851
0.842
0.762
0.581
0.258
0.2
0.18
0.169
0.2
0.421
0.205
0.188
0.179
0.613
0.356
0.242
0.191
0.169
0.224
0.281
0.265
0.436
0.339
0.311
0.648
0.59
0.54
0.484
0.233
0.2
0.181
0.143
0.188
0.41
0.204
0.144
0.773
0.595
0.336
0.231
0.177
0.134
0.206
0.165
0.215
0.651
2.026
1.25
0.612
0.904
0.826
0.392
0.223
0.195
0.192
0.165
0.153
0.399
0.2
0.172
0.955
0.587
0.336
0.232
0.189
0.12
0.187
0.187
0.211
0.663
1.893
1.354
0.523
0.761
0.758
0.318
0.187
0.195
0.193
0.166
0.165
0.399
0.194
0.174
0.808
0.686
0.336
0.232
0.177
0.12
0.2
0.201
0.214
0.861
1.457
0.99
1.076
0.855
0.66
0.318
0.187
0.194
0.193
0.166
0.165
0.405
0.196
0.187
0.588
0.662
0.336
0.406
0.284
0.121
0.2
0.209
0.214
0.663
0.822
0.807
0.382
0.802
0.801
0.43
0.189
0.195
0.193
0.174
0.167
0.403
0.26
0.193
0.518
0.71
0.351
0.309
0.238
0.155
0.203
0.209
0.219
0.551
0.344
0.778
0.397
0.813
0.791
0.465
0.242
0.196
0.18
0.2
0.206
0.407
0.202
0.196
0.2
0.489
0.273
0.212
0.191
0.156
0.18
0.215
0.22
0.42
0.218
0.311
0.389
0.421
0.609
0.415
0.281
0.187
0.174
0.199
0.213
0.4
0.196
0.189
0.211
0.609
0.325
0.22
0.185
0.167
0.204
0.209
0.216
0.434
0.279
0.37
0.486
0.511
0.769
0.57
0.199
0.192
0.191
0.192
0.194
0.401
0.197
0.195
0.518
0.71
0.439
0.349
0.24
0.18
0.199
0.208
0.22
0.479
0.321
0.466
0.392
0.655
0.791
0.562
0.2
0.193
0.191
0.195
0.215
0.398
0.195
0.193
0.436
0.8
0.411
0.342
0.25
0.193
0.189
0.2
0.215
0.479
0.321
0.473
0.477
0.689
0.844
0.687
0.229
0.192
0.192
0.194
0.216
0.405
0.193
0.193
0.325
0.825
0.458
0.401
0.257
0.196
0.191
0.202
0.216
0.468
0.321
0.349
0.487
0.689
0.85
0.7
0.229
0.192
0.191
0.195
0.216
0.407
0.193
0.191
0.415
0.809
0.514
0.431
0.365
0.196
0.225
0.201
0.216
0.468
0.281
0.294
0.402
0.645
0.893
0.712
0.201
0.192
0.191
0.193
0.216
0.405
0.255
0.193
0.511
0.786
0.429
0.339
0.258
0.196
0.189
0.193
0.263
0.496
0.344
0.349
0.447
0.474
0.773
0.638
0.288
0.192
0.191
0.191
0.21
0.41
0.196
0.186
0.21
0.763
0.39
0.252
0.182
0.204
0.224
0.207
0.216
0.441
0.337
0.405
0.545
0.662
0.979
0.579
0.243
0.199
0.196
0.169
0.214
0.418
0.203
0.202
0.21
0.609
0.327
0.22
0.192
0.185
0.194
0.204
0.216
0.422
0.337
0.369
0.449
0.483
0.754
0.427
0.222
0.191
0.191
0.195
0.216
0.407
0.192
0.193
0.51
0.83
0.43
0.286
0.196
0.194
0.198
0.2
0.266
0.438
0.343
0.313
0.389
0.373
0.575
0.584
0.214
0.186
0.193
0.193
0.217
0.407
0.192
0.191
0.637
0.756
0.374
0.225
0.195
0.189
0.198
0.2
0.267
0.493
0.51
0.317
0.43
0.364
0.575
0.584
0.247
0.186
0.193
0.192
0.217
0.406
0.192
0.192
0.624
0.693
0.43
0.286
0.315
0.191
0.199
0.2
0.268
0.489
0.51
0.402
0.391
0.362
0.499
0.439
0.213
0.186
0.191
0.191
0.212
0.372
0.192
0.193
0.624
0.695
0.457
0.304
0.316
0.236
0.198
0.195
0.27
0.539
0.39
0.505
0.418
0.427
0.543
0.386
0.208
0.187
0.193
0.191
0.215
0.373
0.261
0.198
0.537
0.742
1.051
0.596
0.246
0.188
0.189
0.188
0.225
0.539
0.676
0.557
0.477
0.381
0.548
0.29
0.206
0.206
0.204
0.15
0.211
0.424
0.206
0.185
0.204
0.499
0.275
0.226
0.192
0.206
0.195
0.209
0.224
0.422
0.275
0.312
0.355
0.483
0.702
0.28
0.235
0.197
0.198
0.173
0.219
0.413
0.199
0.202
0.212
0.629
0.339
0.293
0.203
0.179
0.194
0.22
0.231
0.421
0.336
0.378
0.403
0.514
0.705
0.257
0.208
0.187
0.194
0.191
0.222
0.404
0.192
0.193
0.415
0.816
1.108
0.657
0.246
0.189
0.189
0.188
0.22
0.625
0.607
0.551
0.476
0.439
0.549
0.377
0.204
0.187
0.194
0.191
0.214
0.388
0.2
0.18
0.311
0.806
1.208
0.883
0.294
0.189
0.188
0.188
0.22
0.861
0.764
0.714
0.545
0.551
0.705
0.526
0.204
0.183
0.189
0.19
0.209
0.377
0.2
0.194
0.302
0.811
1.208
0.883
0.294
0.186
0.185
0.188
0.221
0.801
0.534
0.551
0.476
0.735
0.787
0.528
0.173
0.181
0.178
0.171
0.207
0.363
0.236
0.187
0.229
0.869
1.174
0.883
0.294
0.232
0.186
0.183
0.22
1.069
0.579
0.544
0.515
0.735
0.843
0.56
0.163
0.169
0.172
0.165
0.204
0.363
0.231
0.171
0.301
0.818
1.141
0.789
0.284
0.182
0.169
0.175
0.222
1.0
0.518
0.403
0.404
0.668
0.686
0.548
0.216
0.199
0.198
0.159
0.217
0.413
0.199
0.185
0.247
0.669
0.437
0.297
0.185
0.187
0.194
0.209
0.232
0.396
0.335
0.304
0.317
0.573
0.705
0.375
0.18
0.199
0.194
0.142
0.214
0.411
0.193
0.175
0.25
0.555
0.38
0.288
0.174
0.162
0.196
0.2
0.232
0.388
0.264
0.226
0.254
0.512
0.553
0.213
0.158
0.169
0.156
0.15
0.204
0.352
0.178
0.17
0.295
0.713
0.54
0.464
0.217
0.18
0.166
0.16
0.221
0.729
0.347
0.346
0.334
0.61
0.533
0.513
0.139
0.152
0.154
0.136
0.184
0.35
0.175
0.172
0.445
0.63
0.436
0.386
0.213
0.166
0.148
0.162
0.689
0.744
0.393
0.284
0.413
0.518
0.73
0.569
0.139
0.159
0.149
0.128
0.188
0.352
0.202
0.177
0.438
0.48
0.716
0.54
0.309
0.233
0.146
0.145
0.201
0.495
0.32
0.242
0.28
0.328
0.589
0.5
0.151
0.162
0.148
0.13
0.185
0.352
0.202
0.166
0.362
0.509
0.728
0.556
0.309
0.233
0.152
0.133
0.206
0.495
0.337
0.27
0.331
0.303
0.513
0.36
0.144
0.154
0.157
0.13
0.175
0.351
0.147
0.17
0.445
0.39
0.289
0.157
0.153
0.186
0.141
0.14
0.22
0.338
0.262
0.212
0.215
0.276
0.41
0.293
0.158
0.198
0.195
0.137
0.209
0.403
0.19
0.154
0.25
0.41
0.296
0.217
0.169
0.14
0.188
0.191
0.22
0.376
0.194
0.167
0.254
0.449
0.495
0.363
0.132
0.177
0.182
0.137
0.194
0.368
0.19
0.139
0.341
0.414
0.324
0.263
0.165
0.142
0.193
0.173
0.199
0.344
0.177
0.174
0.244
0.43
0.481
0.363
0.155
0.154
0.159
0.13
0.175
0.307
0.149
0.17
0.288
0.344
0.247
0.166
0.153
0.176
0.152
0.145
0.198
0.305
0.262
0.192
0.231
0.35
0.594
0.478
0.163
0.151
0.159
0.124
0.164
0.255
0.144
0.162
0.276
0.466
0.288
0.187
0.45
0.231
0.152
0.141
0.178
0.254
0.404
0.241
0.288
0.414
0.691
0.554
0.184
0.151
0.151
0.137
0.16
0.201
0.206
0.162
0.188
0.501
0.39
0.239
0.477
0.226
0.165
0.141
0.178
0.254
0.32
0.347
0.288
0.381
0.555
0.369
0.174
0.151
0.151
0.147
0.149
0.144
0.183
0.18
0.172
0.592
0.295
0.239
0.207
0.16
0.167
0.16
0.239
0.262
0.428
0.296
0.274
0.358
0.583
0.296
0.172
0.14
0.152
0.146
0.136
0.144
0.18
0.199
0.245
0.443
0.229
0.235
0.207
0.163
0.171
0.164
0.231
0.224
0.281
0.275
0.228
0.32
0.452
0.284
0.123
0.165
0.171
0.132
0.179
0.33
0.168
0.138
0.341
0.387
0.301
0.255
0.165
0.112
0.182
0.151
0.172
0.318
0.152
0.15
0.365
0.326
0.452
0.564
0.123
0.148
0.157
0.13
0.156
0.269
0.159
0.138
0.386
0.387
0.273
0.255
0.165
0.143
0.165
0.144
0.141
0.262
0.132
0.15
0.363
0.342
0.532
0.701
0.195
0.136
0.139
0.164
0.124
0.135
0.201
0.183
0.237
0.433
0.211
0.235
0.202
0.819
0.239
0.219
0.25
0.224
0.453
0.382
0.309
0.403
0.488
0.285
0.186
0.147
0.121
0.165
0.122
0.132
0.193
0.182
0.324
0.47
0.211
0.231
0.211
0.862
0.35
0.211
0.282
0.276
0.584
0.54
0.347
0.44
0.488
0.285
0.165
0.144
0.133
0.165
0.122
0.143
0.272
0.19
0.392
0.391
0.173
0.201
0.171
0.209
0.282
0.225
0.282
0.455
0.63
1.051
0.417
0.373
0.413
0.213
0.151
0.14
0.148
0.146
0.125
0.156
0.193
0.171
0.412
0.404
0.173
0.219
0.171
0.278
0.324
0.276
0.217
0.662
0.79
1.102
0.407
0.545
0.494
0.213
0.17
0.142
0.163
0.153
0.125
0.176
0.152
0.139
0.412
0.475
0.263
0.171
0.147
0.278
0.322
0.214
0.204
0.593
0.674
1.186
0.488
0.569
0.407
0.218
0.139
0.13
0.157
0.138
0.132
0.231
0.155
0.157
0.32
0.294
0.273
0.296
0.202
0.143
0.182
0.15
0.141
0.282
0.123
0.171
0.437
0.342
0.42
0.502
0.143
0.13
0.145
0.152
0.123
0.22
0.168
0.145
0.303
0.353
0.312
0.313
0.21
0.137
0.18
0.182
0.197
0.248
0.111
0.273
0.61
0.469
0.572
0.673
0.175
0.142
0.153
0.164
0.121
0.169
0.161
0.115
0.438
0.532
0.374
0.192
0.149
0.314
0.379
0.246
0.221
0.65
0.726
1.551
0.623
0.624
0.514
0.267
0.15
0.154
0.174
0.17
0.142
0.169
0.155
0.125
0.465
0.532
0.368
0.192
0.165
0.258
0.283
0.211
0.222
0.667
0.505
1.039
0.502
0.812
0.766
0.392
0.15
0.153
0.174
0.144
0.161
0.164
0.141
0.145
0.465
0.531
0.374
0.192
0.168
0.289
0.283
0.277
0.336
0.621
0.472
1.019
0.657
0.651
0.701
0.261
0.158
0.143
0.165
0.161
0.139
0.157
0.141
0.129
0.535
0.491
0.356
0.186
0.192
0.271
0.283
0.278
0.335
0.439
0.331
0.592
0.599
0.756
0.818
0.293
0.152
0.155
0.157
0.159
0.146
0.152
0.142
0.131
0.618
0.395
0.315
0.184
0.169
0.22
0.227
0.22
0.348
0.294
0.243
0.451
0.596
0.595
0.724
0.29
0.141
0.143
0.134
0.141
0.123
0.176
0.181
0.193
0.296
0.413
0.362
0.361
0.197
0.157
0.203
0.253
0.263
0.251
0.111
0.3
0.422
0.575
0.635
0.685
0.153
0.138
0.134
0.157
0.119
0.163
0.161
0.188
0.207
0.367
0.307
0.311
0.186
0.158
0.21
0.255
0.266
0.257
0.119
0.298
0.437
0.575
0.635
0.685
0.152
0.146
0.152
0.159
0.143
0.148
0.15
0.136
0.618
0.303
0.218
0.169
0.184
0.204
0.228
0.221
0.324
0.307
0.24
0.354
0.519
0.554
0.679
0.271
0.16
0.166
0.19
0.172
0.146
0.141
0.161
0.136
0.652
0.309
0.134
0.15
0.184
0.147
0.181
0.202
0.178
0.259
0.257
0.215
0.307
0.531
0.759
0.324
0.172
0.166
0.149
0.151
0.146
0.141
0.154
0.145
0.545
0.319
0.15
0.149
0.197
0.29
0.2
0.22
0.152
0.241
0.266
0.243
0.461
0.531
0.723
0.232
0.172
0.163
0.15
0.152
0.147
0.134
0.162
0.141
0.538
0.412
0.175
0.176
0.202
0.154
0.155
0.178
0.137
0.241
0.266
0.226
0.313
0.453
0.55
0.238
0.149
0.173
0.145
0.136
0.166
0.121
0.146
0.154
0.495
0.516
0.256
0.262
0.185
0.151
0.175
0.162
0.151
0.161
0.254
0.206
0.24
0.294
0.404
0.196
0.153
0.142
0.143
0.157
0.127
0.172
0.161
0.196
0.215
0.369
0.308
0.311
0.192
0.161
0.218
0.258
0.268
0.263
0.113
0.315
0.361
0.64
0.704
0.685
0.145
0.142
0.146
0.154
0.127
0.169
0.181
0.166
0.175
0.344
0.245
0.312
0.192
0.167
0.218
0.338
0.321
0.268
0.149
0.286
0.37
0.714
0.749
0.598
0.162
0.181
0.134
0.151
0.171
0.112
0.156
0.158
0.375
0.425
0.186
0.226
0.194
0.14
0.175
0.167
0.145
0.159
0.254
0.203
0.244
0.424
0.566
0.354
0.135
0.181
0.14
0.126
0.179
0.112
0.156
0.223
0.484
0.494
0.239
0.216
0.186
0.203
0.169
0.172
0.146
0.148
0.248
0.252
0.288
0.473
0.69
0.408
0.126
0.176
0.127
0.12
0.181
0.105
0.258
0.255
0.397
0.502
0.347
0.199
0.197
0.203
0.168
0.226
0.158
0.231
0.315
0.375
0.394
0.415
0.565
0.338
0.122
0.175
0.125
0.131
0.174
0.111
0.27
0.202
0.527
0.459
0.379
0.236
0.17
0.137
0.164
0.172
0.152
0.334
0.356
0.402
0.292
0.283
0.559
0.444
0.136
0.168
0.116
0.151
0.157
0.114
0.391
0.206
0.461
0.48
0.506
0.236
0.17
0.136
0.17
0.179
0.154
0.245
0.226
0.37
0.22
0.248
0.526
0.442
0.137
0.154
0.151
0.14
0.136
0.171
0.175
0.143
0.175
0.548
0.238
0.258
0.16
0.167
0.221
0.28
0.247
0.222
0.301
0.337
0.356
0.615
0.769
0.596
0.141
0.159
0.154
0.133
0.149
0.16
0.159
0.159
0.182
0.442
0.207
0.239
0.145
0.176
0.22
0.244
0.187
0.205
0.307
0.282
0.356
0.615
0.796
0.543
0.16
0.161
0.116
0.172
0.15
0.117
0.395
0.204
0.348
0.349
0.398
0.152
0.174
0.145
0.15
0.19
0.154
0.231
0.231
0.362
0.22
0.248
0.521
0.442
0.169
0.161
0.129
0.178
0.15
0.124
0.395
0.209
0.411
0.559
0.398
0.153
0.176
0.13
0.157
0.313
0.228
0.385
0.361
0.5
0.334
0.248
0.521
0.442
0.189
0.179
0.131
0.178
0.161
0.124
0.282
0.209
0.357
0.484
0.345
0.17
0.183
0.112
0.17
0.317
0.285
0.464
0.402
0.373
0.397
0.232
0.43
0.393
0.189
0.172
0.153
0.176
0.157
0.144
0.17
0.183
0.369
0.582
0.253
0.187
0.167
0.129
0.17
0.177
0.221
0.47
0.475
0.444
0.389
0.243
0.418
0.33
0.206
0.178
0.177
0.177
0.179
0.165
0.176
0.194
0.333
0.697
0.311
0.209
0.184
0.152
0.173
0.177
0.239
0.467
0.564
0.598
0.455
0.292
0.322
0.226
0.142
0.152
0.157
0.141
0.152
0.171
0.146
0.146
0.169
0.285
0.207
0.259
0.181
0.176
0.259
0.275
0.133
0.199
0.277
0.271
0.356
0.416
0.563
0.394
0.154
0.171
0.157
0.152
0.173
0.171
0.156
0.161
0.31
0.386
0.253
0.258
0.192
0.236
0.411
0.412
0.182
0.204
0.362
0.342
0.49
0.597
0.796
0.583
0.201
0.195
0.194
0.181
0.192
0.187
0.175
0.198
0.335
0.697
0.302
0.209
0.184
0.168
0.195
0.186
0.245
0.628
0.668
0.67
0.531
0.479
0.647
0.468
0.208
0.195
0.201
0.172
0.193
0.207
0.148
0.2
0.39
0.857
0.395
0.292
0.196
0.152
0.215
0.178
0.246
0.628
0.668
0.674
0.531
0.479
0.647
0.47
0.193
0.193
0.201
0.17
0.183
0.207
0.151
0.199
0.356
0.643
0.418
0.292
0.205
0.15
0.222
0.151
0.204
0.483
0.455
0.456
0.407
0.298
0.3
0.248
0.167
0.193
0.185
0.187
0.169
0.197
0.156
0.187
0.313
0.639
0.418
0.275
0.213
0.15
0.228
0.123
0.204
0.411
0.418
0.456
0.293
0.281
0.238
0.249
0.162
0.21
0.174
0.195
0.174
0.191
0.181
0.176
0.268
0.437
0.37
0.258
0.22
0.125
0.225
0.122
0.209
0.254
0.281
0.286
0.284
0.445
0.337
0.385
0.181
0.181
0.158
0.15
0.176
0.16
0.156
0.3
0.481
0.489
0.253
0.31
0.195
0.236
0.405
0.403
0.2
0.213
0.55
0.408
0.538
0.58
0.684
0.543
0.182
0.188
0.169
0.159
0.176
0.16
0.155
0.3
0.565
0.488
0.301
0.31
0.195
0.228
0.409
0.279
0.146
0.202
0.381
0.348
0.485
0.594
0.672
0.522
0.166
0.181
0.173
0.183
0.163
0.183
0.159
0.176
0.252
0.48
0.385
0.358
0.35
0.166
0.264
0.157
0.209
0.278
0.281
0.286
0.28
0.511
0.434
0.424
0.185
0.18
0.173
0.183
0.163
0.176
0.138
0.176
0.252
0.403
0.311
0.202
0.22
0.129
0.234
0.15
0.212
0.178
0.181
0.225
0.28
0.442
0.36
0.285
0.18
0.211
0.169
0.177
0.175
0.176
0.159
0.182
0.277
0.257
0.207
0.117
0.219
0.151
0.233
0.141
0.215
0.186
0.188
0.223
0.28
0.441
0.387
0.423
0.18
0.191
0.179
0.17
0.169
0.176
0.161
0.19
0.246
0.365
0.267
0.722
0.264
0.175
0.228
0.143
0.215
0.199
0.333
0.289
0.326
0.574
0.557
0.51
0.193
0.161
0.179
0.172
0.175
0.145
0.146
0.199
0.366
0.441
0.3
0.743
0.255
0.242
0.266
0.217
0.243
0.253
0.339
0.695
0.411
0.721
0.718
0.545
0.195
0.195
0.166
0.175
0.189
0.161
0.155
0.371
0.421
0.488
0.328
0.307
0.187
0.297
0.385
0.308
0.232
0.239
0.307
0.394
0.597
0.734
0.847
0.71
0.25
0.193
0.155
0.169
0.184
0.171
0.153
0.387
0.405
0.56
0.397
0.298
0.187
0.309
0.383
0.303
0.251
0.24
0.323
0.458
0.557
0.718
0.743
0.663
0.201
0.123
0.176
0.175
0.175
0.115
0.159
0.211
0.366
0.54
0.351
0.848
0.241
0.242
0.229
0.303
0.296
0.255
0.339
0.672
0.378
0.605
0.583
0.426
0.172
0.154
0.177
0.194
0.163
0.111
0.186
0.211
0.481
0.507
0.351
0.804
0.181
0.177
0.191
0.253
0.239
0.211
0.206
0.309
0.62
0.643
0.566
0.603
0.172
0.152
0.149
0.179
0.163
0.125
0.2
0.283
0.481
0.533
0.348
0.847
0.232
0.187
0.189
0.238
0.2
0.207
0.332
0.37
0.581
0.615
0.646
0.696
0.16
0.113
0.14
0.197
0.163
0.086
0.166
0.203
0.544
0.577
1.108
0.955
0.281
0.189
0.189
0.751
0.258
0.205
0.472
0.418
0.619
0.735
0.791
0.481
0.16
0.135
0.148
0.195
0.163
0.113
0.174
0.203
0.575
0.651
1.145
0.439
0.215
0.163
0.182
0.774
0.301
0.177
0.305
0.353
0.618
0.633
0.638
0.404
0.251
0.198
0.136
0.154
0.184
0.174
0.128
0.387
0.435
0.568
0.372
0.271
0.2
0.313
0.334
0.244
0.342
0.275
0.329
0.458
0.557
0.718
0.957
0.813
0.258
0.2
0.126
0.129
0.173
0.174
0.128
0.24
0.269
0.556
0.355
0.264
0.174
0.189
0.24
0.215
0.251
0.229
0.266
0.533
0.58
0.718
0.831
0.732
0.179
0.179
0.156
0.168
0.155
0.159
0.208
0.201
0.463
0.651
1.125
0.439
0.199
0.12
0.172
0.285
0.247
0.148
0.275
0.296
0.325
0.485
0.456
0.334
0.213
0.217
0.183
0.141
0.127
0.195
0.201
0.191
0.654
0.853
1.147
0.807
0.248
0.163
0.213
0.237
0.16
0.113
0.376
0.361
0.601
0.634
0.6
0.573
0.215
0.18
0.183
0.141
0.158
0.178
0.169
0.198
1.052
0.944
0.397
0.537
0.339
0.157
0.176
0.356
0.292
0.148
0.342
0.385
0.348
0.547
0.608
0.399
0.188
0.145
0.183
0.156
0.14
0.137
0.156
0.195
0.879
0.955
0.397
0.965
0.721
0.191
0.216
0.399
0.497
0.166
0.354
0.409
0.416
0.591
0.598
0.304
0.201
0.154
0.182
0.154
0.141
0.137
0.156
0.205
0.81
0.641
0.302
0.862
0.304
0.197
0.221
0.29
0.331
0.174
0.211
0.367
0.361
0.445
0.529
0.553
0.22
0.193
0.098
0.148
0.183
0.171
0.112
0.168
0.207
0.627
0.355
0.196
0.185
0.203
0.272
0.277
0.323
0.254
0.266
0.552
0.527
0.81
1.104
0.722
0.251
0.202
0.098
0.126
0.183
0.195
0.118
0.15
0.207
0.738
0.355
0.196
0.18
0.207
0.27
0.263
0.393
0.283
0.263
0.691
0.661
0.822
1.104
0.722
0.201
0.133
0.183
0.179
0.144
0.113
0.151
0.212
0.881
0.598
0.244
0.829
0.37
0.381
0.23
0.32
0.345
0.226
0.241
0.338
0.33
0.445
0.559
0.555
0.169
0.123
0.194
0.181
0.129
0.097
0.151
0.212
0.881
0.872
0.253
0.869
0.37
0.414
0.213
0.283
0.321
0.254
0.257
0.3
0.352
0.59
0.696
0.627
0.161
0.123
0.173
0.181
0.147
0.097
0.135
0.199
0.403
0.783
0.253
0.888
0.522
0.331
0.161
0.24
0.321
0.266
0.259
0.336
0.352
0.578
0.691
0.378
0.151
0.152
0.149
0.144
0.134
0.128
0.167
0.209
0.307
0.747
0.316
0.712
0.457
0.331
0.187
0.19
0.214
0.308
0.311
0.329
0.428
0.63
0.69
0.358
0.157
0.152
0.151
0.144
0.142
0.127
0.171
0.254
0.39
0.687
0.324
0.255
0.274
0.285
0.158
0.139
0.204
0.258
0.224
0.199
0.336
0.506
0.553
0.308
0.254
0.201
0.093
0.098
0.183
0.208
0.124
0.11
0.266
0.698
0.3
0.188
0.192
0.207
0.337
0.266
0.394
0.308
0.826
0.561
0.731
1.074
1.036
0.657
0.233
0.198
0.099
0.118
0.193
0.217
0.12
0.098
0.302
0.605
0.232
0.177
0.21
0.211
0.341
0.266
0.427
0.322
0.831
0.573
0.752
1.085
1.1
0.645
0.139
0.181
0.176
0.117
0.115
0.162
0.201
0.193
0.28
0.687
0.324
0.271
0.261
0.275
0.187
0.176
0.188
0.253
0.215
0.237
0.366
0.501
0.466
0.243
0.147
0.165
0.171
0.116
0.146
0.177
0.293
0.239
0.174
0.551
0.362
0.352
0.297
0.203
0.158
0.172
0.184
0.292
0.243
0.326
0.518
0.658
0.603
0.339
0.166
0.174
0.164
0.105
0.146
0.184
0.289
0.261
0.317
0.464
0.414
0.331
0.272
0.182
0.173
0.194
0.212
0.4
0.329
0.456
0.606
0.682
0.62
0.407
0.176
0.158
0.164
0.13
0.163
0.181
0.284
0.261
0.334
0.351
0.414
0.331
0.192
0.152
0.173
0.205
0.212
0.402
0.326
0.528
0.642
0.685
0.642
0.447
0.175
0.151
0.185
0.155
0.138
0.157
0.195
0.241
0.496
0.351
0.415
0.34
0.152
0.127
0.174
0.203
0.183
0.263
0.283
0.446
0.49
0.488
0.483
0.379
0.233
0.202
0.135
0.103
0.164
0.217
0.157
0.107
0.438
0.595
0.206
0.113
0.161
0.203
0.239
0.217
0.335
0.258
0.949
0.912
0.974
1.212
0.944
0.603
0.22
0.162
0.112
0.129
0.175
0.193
0.116
0.107
0.438
0.594
0.183
0.087
0.174
0.205
0.222
0.191
0.32
0.291
0.944
0.573
0.791
1.193
0.901
0.475
0.174
0.156
0.162
0.134
0.14
0.177
0.192
0.158
0.323
0.296
0.411
0.333
0.106
0.132
0.202
0.203
0.143
0.227
0.297
0.446
0.477
0.444
0.472
0.379
0.186
0.143
0.162
0.146
0.133
0.155
0.187
0.165
0.323
0.405
0.522
0.357
0.154
0.136
0.201
0.199
0.264
0.966
0.441
0.621
0.662
0.641
0.649
0.492
0.199
0.143
0.128
0.146
0.13
0.161
0.148
0.13
0.331
0.405
0.595
0.25
0.135
0.138
0.203
0.186
0.274
0.968
0.519
0.581
0.605
0.626
0.609
0.43
0.197
0.143
0.096
0.146
0.168
0.166
0.113
0.097
0.197
0.461
0.636
0.254
0.175
0.188
0.22
0.189
0.228
0.306
0.447
0.462
0.677
0.592
0.611
0.408
0.168
0.131
0.133
0.153
0.132
0.144
0.136
0.123
0.205
0.642
0.523
0.253
0.187
0.279
0.257
0.177
0.251
0.282
0.373
0.289
0.694
0.602
0.615
0.459
0.193
0.159
0.141
0.129
0.144
0.19
0.129
0.126
0.433
0.433
0.159
0.107
0.172
0.2
0.185
0.131
0.254
0.291
0.351
0.51
0.945
0.915
0.877
0.475
0.165
0.153
0.103
0.126
0.172
0.155
0.088
0.137
0.343
0.424
0.159
0.107
0.172
0.208
0.325
0.178
0.272
0.333
0.351
0.466
0.957
0.895
0.934
0.568
0.19
0.123
0.094
0.149
0.161
0.139
0.099
0.123
0.164
0.677
0.579
0.268
0.229
0.33
0.272
0.225
0.395
0.317
0.44
0.374
0.822
0.778
0.781
0.459
0.17
0.141
0.123
0.138
0.142
0.14
0.099
0.161
0.187
0.675
0.672
0.322
0.229
0.367
0.314
0.429
0.4
0.334
0.425
0.362
0.919
0.845
0.809
0.484
0.177
0.127
0.102
0.15
0.165
0.162
0.099
0.167
0.255
0.626
0.581
0.308
0.251
0.367
0.314
0.42
0.656
0.334
0.425
0.362
0.919
0.839
0.811
0.379
0.173
0.143
0.099
0.142
0.169
0.143
0.107
0.199
0.232
0.615
0.59
0.357
0.227
0.291
0.3
0.42
0.634
0.409
0.383
0.371
1.013
0.901
0.886
0.435
0.177
0.123
0.097
0.178
0.152
0.107
0.127
0.21
0.301
0.538
0.496
0.344
0.254
0.405
0.3
0.415
0.589
0.384
0.43
0.509
1.123
1.006
0.972
0.435
0.144
0.121
0.134
0.149
0.139
0.123
0.112
0.137
0.189
0.424
0.253
0.181
0.182
0.205
0.163
0.112
0.205
0.282
0.349
0.805
0.988
0.834
1.013
0.609
0.144
0.101
0.126
0.162
0.124
0.088
0.118
0.169
0.178
0.565
0.365
0.255
0.162
0.179
0.173
0.104
0.136
0.268
0.346
0.694
0.818
0.687
0.823
0.609
0.193
0.14
0.097
0.184
0.17
0.108
0.093
0.21
0.343
0.516
0.481
0.297
0.215
0.234
0.226
0.426
0.583
0.462
0.448
0.677
1.185
1.121
0.938
0.355
0.195
0.154
0.107
0.169
0.176
0.141
0.097
0.185
0.361
0.352
0.336
0.202
0.204
0.206
0.177
0.213
0.214
0.462
0.373
0.562
1.185
1.121
0.93
0.35
0.211
0.143
0.086
0.176
0.193
0.117
0.102
0.166
0.328
0.336
0.197
0.16
0.232
0.135
0.104
0.166
0.211
0.448
0.524
0.729
1.29
1.162
1.071
0.46
0.195
0.166
0.067
0.153
0.207
0.084
0.08
0.164
0.226
0.42
0.306
0.208
0.232
0.179
0.14
0.146
0.152
0.377
0.392
0.496
1.283
1.269
1.237
0.608
0.205
0.151
0.069
0.158
0.192
0.081
0.083
0.164
0.307
0.609
0.548
0.11
0.232
0.205
0.102
0.139
0.211
0.334
0.538
0.647
1.296
1.27
1.199
0.444
0.144
0.101
0.105
0.162
0.139
0.088
0.092
0.136
0.158
0.5
0.333
0.252
0.174
0.194
0.147
0.088
0.159
0.274
0.196
0.311
0.509
0.471
0.573
0.471
0.146
0.109
0.103
0.157
0.135
0.072
0.093
0.169
0.158
0.588
0.376
0.288
0.172
0.22
0.128
0.153
0.182
0.27
0.19
0.629
0.779
0.679
0.816
0.702
0.182
0.172
0.101
0.126
0.192
0.115
0.083
0.164
0.282
0.508
0.525
0.106
0.202
0.205
0.098
0.118
0.189
0.349
0.329
0.619
1.244
1.205
1.124
0.547
0.179
0.144
0.08
0.126
0.168
0.104
0.106
0.191
0.305
0.424
0.496
0.088
0.197
0.229
0.133
0.097
0.205
0.256
0.439
0.593
1.128
1.072
0.975
0.495
0.146
0.144
0.092
0.121
0.148
0.108
0.104
0.191
0.42
0.481
0.494
0.079
0.194
0.218
0.128
0.09
0.202
0.236
0.534
0.741
1.224
1.146
1.112
0.746
0.136
0.127
0.092
0.142
0.117
0.096
0.115
0.205
0.516
0.563
0.611
0.079
0.177
0.275
0.162
0.09
0.237
0.304
0.409
0.594
1.034
1.175
1.06
0.614
0.116
0.093
0.122
0.14
0.1
0.113
0.145
0.205
0.516
0.452
0.197
0.048
0.168
0.234
0.187
0.124
0.237
0.244
0.409
0.607
1.024
1.156
1.06
0.524
0.147
0.14
0.094
0.128
0.134
0.109
0.089
0.165
0.188
0.703
0.51
0.321
0.172
0.238
0.167
0.136
0.177
0.198
0.124
0.529
0.584
0.718
0.854
0.707
0.142
0.127
0.128
0.126
0.105
0.139
0.117
0.147
0.17
0.574
0.398
0.251
0.158
0.216
0.128
0.073
0.177
0.18
0.126
0.415
0.437
0.589
0.651
0.545
0.081
0.111
0.144
0.107
0.091
0.149
0.14
0.165
0.546
0.452
0.153
0.077
0.178
0.222
0.192
0.16
0.203
0.177
0.281
0.458
0.904
1.041
0.942
0.529
0.084
0.084
0.15
0.127
0.086
0.114
0.14
0.145
0.487
0.432
0.192
0.095
0.15
0.149
0.203
0.157
0.188
0.118
0.331
0.458
0.878
1.075
1.011
0.554
0.09
0.085
0.146
0.127
0.081
0.111
0.137
0.13
0.369
0.491
0.28
0.095
0.12
0.21
0.179
0.146
0.162
0.136
0.331
0.668
0.99
1.061
1.081
0.709
0.098
0.056
0.152
0.15
0.071
0.077
0.168
0.14
0.319
0.605
0.401
0.164
0.131
0.203
0.18
0.188
0.176
0.204
0.474
0.663
0.998
1.188
1.135
0.714
0.104
0.065
0.148
0.152
0.068
0.077
0.184
0.12
0.319
0.618
0.317
0.134
0.149
0.135
0.123
0.146
0.163
0.161
0.533
0.824
1.11
1.112
1.157
0.86
0.156
0.127
0.096
0.132
0.125
0.134
0.095
0.18
0.173
0.431
0.265
0.211
0.13
0.199
0.141
0.116
0.148
0.161
0.119
0.119
0.168
0.351
0.405
0.313
0.12
0.121
0.131
0.11
0.105
0.134
0.109
0.146
0.166
0.431
0.278
0.211
0.158
0.24
0.098
0.264
0.183
0.167
0.119
0.122
0.205
0.471
0.694
0.565
0.102
0.091
0.132
0.135
0.077
0.095
0.159
0.094
0.33
0.781
0.317
0.14
0.162
0.113
0.076
0.134
0.152
0.144
0.6
1.073
1.11
1.074
1.181
0.908
0.105
0.076
0.138
0.153
0.068
0.077
0.185
0.099
0.295
0.773
0.277
0.075
0.121
0.199
0.116
0.105
0.131
0.151
0.671
1.188
1.126
1.187
1.306
1.004
0.14
0.098
0.103
0.128
0.072
0.095
0.147
0.078
0.415
0.773
0.267
0.066
0.122
0.226
0.09
0.09
0.177
0.237
0.836
1.565
1.154
1.097
1.236
0.908
0.119
0.094
0.101
0.113
0.095
0.095
0.123
0.061
0.572
0.706
0.181
0.134
0.163
0.164
0.097
0.09
0.315
0.261
0.718
0.961
1.258
1.227
1.354
0.905
0.108
0.105
0.11
0.096
0.094
0.089
0.095
0.066
0.533
0.706
0.181
0.134
0.144
0.159
0.136
0.081
0.268
0.161
0.555
0.844
1.258
1.097
1.31
0.726
0.145
0.091
0.116
0.131
0.119
0.097
0.099
0.161
0.305
0.416
0.408
0.346
0.177
0.346
0.132
0.333
0.203
0.243
0.2
0.447
0.453
0.678
1.008
0.706
0.153
0.095
0.113
0.1
0.108
0.129
0.102
0.122
0.27
0.491
0.495
0.404
0.583
0.599
0.208
0.295
0.246
0.376
0.581
0.442
0.506
0.733
1.056
0.474
0.102
0.102
0.111
0.078
0.121
0.129
0.065
0.055
0.414
0.677
0.183
0.154
0.122
0.139
0.141
0.101
0.264
0.126
0.621
0.986
1.277
1.219
1.169
0.736
0.144
0.103
0.093
0.084
0.142
0.133
0.069
0.083
0.413
0.628
0.31
0.265
0.123
0.159
0.313
0.121
0.392
0.369
0.786
1.026
1.355
1.309
1.15
0.624
0.171
0.088
0.056
0.09
0.173
0.111
0.058
0.097
0.354
0.702
0.312
0.297
0.198
0.159
0.148
0.133
0.422
0.365
0.861
1.059
1.444
1.395
1.095
0.464
0.145
0.058
0.069
0.12
0.158
0.087
0.057
0.136
0.31
0.691
0.323
0.336
0.254
0.168
0.154
0.169
0.279
0.122
0.867
1.036
1.339
1.393
1.128
0.365
0.181
0.076
0.074
0.133
0.154
0.085
0.057
0.158
0.2
0.703
0.41
0.298
0.247
0.197
0.179
0.239
0.21
0.073
0.834
1.307
1.238
1.295
1.038
0.321
0.159
0.095
0.097
0.105
0.105
0.131
0.12
0.09
0.228
0.555
0.803
0.36
0.578
0.637
0.181
0.335
0.234
0.444
0.831
0.562
0.599
0.635
0.899
0.437
0.159
0.113
0.097
0.102
0.104
0.096
0.123
0.128
0.227
0.515
0.802
0.36
0.592
0.627
0.181
0.335
0.196
0.453
0.843
0.556
0.561
0.63
0.899
0.451
0.15
0.084
0.061
0.129
0.169
0.121
0.055
0.125
0.251
0.633
0.364
0.252
0.263
0.186
0.14
0.25
0.241
0.075
0.834
1.307
1.238
1.295
1.038
0.321
0.206
0.077
0.054
0.158
0.163
0.076
0.046
0.129
0.37
0.717
0.351
0.252
0.377
0.249
0.165
0.232
0.229
0.107
1.047
1.307
1.193
1.205
1.172
0.321
0.198
0.056
0.047
0.192
0.16
0.039
0.039
0.112
0.373
0.754
0.351
0.252
0.463
0.274
0.118
0.183
0.175
0.107
1.01
1.29
1.079
1.137
1.149
0.384
0.162
0.056
0.045
0.192
0.159
0.04
0.04
0.099
0.416
0.754
0.375
0.327
0.471
0.273
0.122
0.153
0.149
0.139
0.921
1.129
1.079
1.137
1.209
0.389
0.148
0.057
0.045
0.191
0.159
0.04
0.042
0.099
0.423
0.754
0.391
0.284
0.445
0.27
0.126
0.123
0.144
0.174
0.571
0.814
0.851
0.892
0.97
0.335
0.137
0.112
0.097
0.102
0.112
0.1
0.119
0.09
0.221
0.556
0.814
0.328
0.592
0.627
0.195
0.381
0.355
0.824
1.242
0.952
0.893
0.995
1.244
0.688
0.15
0.113
0.099
0.122
0.113
0.103
0.092
0.12
0.234
0.333
0.364
0.191
0.192
0.356
0.206
0.265
0.315
0.739
1.199
0.963
0.855
0.833
0.877
0.445
0.146
0.047
0.062
0.191
0.141
0.047
0.049
0.117
0.423
0.731
0.311
0.277
0.453
0.218
0.102
0.09
0.14
0.207
0.467
0.512
0.587
0.669
0.746
0.294
0.102
0.047
0.102
0.199
0.125
0.047
0.05
0.117
0.345
0.571
0.241
0.248
0.422
0.218
0.102
0.059
0.109
0.345
0.815
0.831
0.842
0.941
1.053
0.572
0.102
0.048
0.103
0.199
0.126
0.054
0.065
0.154
0.198
0.452
0.499
0.335
0.499
0.218
0.103
0.061
0.088
0.345
0.682
0.831
0.974
1.035
1.078
0.685
0.122
0.051
0.105
0.184
0.136
0.062
0.066
0.151
0.205
0.412
0.4
0.335
0.375
0.229
0.137
0.061
0.093
0.493
0.59
0.838
1.116
1.094
1.038
0.727
0.162
0.058
0.107
0.172
0.143
0.085
0.069
0.146
0.131
0.359
0.564
0.269
0.178
0.208
0.14
0.088
0.112
0.318
0.623
0.907
0.856
1.065
1.211
1.067
0.31
0.125
0.106
0.099
0.086
0.106
0.12
0.127
0.117
0.305
0.224
0.097
0.175
0.248
0.143
0.193
0.246
0.592
0.8
0.568
0.567
0.538
0.558
0.289
0.107
0.149
0.112
0.099
0.069
0.106
0.164
0.165
0.117
0.176
0.23
0.097
0.175
0.18
0.114
0.112
0.102
0.236
0.828
0.456
0.398
0.46
0.581
0.467
0.128
0.066
0.087
0.137
0.149
0.11
0.084
0.102
0.089
0.289
0.732
0.327
0.206
0.172
0.115
0.085
0.149
0.314
0.928
1.144
1.262
1.361
1.444
1.412
0.364
0.064
0.081
0.138
0.153
0.109
0.074
0.103
0.108
0.427
0.732
0.327
0.21
0.227
0.131
0.085
0.114
0.374
1.146
1.278
1.388
1.747
1.803
1.412
0.389
0.098
0.081
0.17
0.179
0.119
0.069
0.121
0.224
0.569
0.77
0.294
0.21
0.259
0.133
0.081
0.125
0.317
1.194
1.31
1.481
1.747
1.721
1.364
0.455
0.139
0.106
0.149
0.164
0.156
0.074
0.092
0.222
0.553
0.77
0.231
0.182
0.194
0.096
0.118
0.161
0.369
1.312
1.176
1.208
1.348
1.363
1.353
0.5
0.182
0.133
0.149
0.142
0.168
0.112
0.122
0.179
0.597
0.67
0.192
0.148
0.136
0.096
0.131
0.134
0.369
1.477
1.277
1.236
1.411
1.309
1.306
0.477
0.127
0.141
0.112
0.068
0.076
0.14
0.195
0.15
0.167
0.23
0.132
0.18
0.18
0.129
0.157
0.097
0.184
0.978
0.758
0.689
0.642
0.84
0.559
0.154
0.102
0.144
0.139
0.073
0.08
0.115
0.203
0.173
0.225
0.235
0.136
0.183
0.174
0.129
0.159
0.098
0.196
1.029
0.758
0.69
0.644
0.87
0.551
0.135
0.163
0.134
0.149
0.141
0.166
0.165
0.125
0.219
0.711
0.593
0.208
0.164
0.118
0.085
0.1
0.152
0.378
1.477
1.249
1.236
1.208
1.013
1.064
0.407
0.156
0.134
0.159
0.165
0.173
0.171
0.125
0.274
0.871
0.522
0.179
0.137
0.146
0.107
0.106
0.123
0.378
1.275
1.437
1.108
1.079
1.051
0.966
0.432
0.156
0.12
0.122
0.163
0.207
0.169
0.125
0.203
0.731
0.522
0.238
0.137
0.146
0.088
0.124
0.152
0.407
1.366
1.51
1.23
1.006
1.043
0.966
0.423
0.135
0.095
0.085
0.126
0.23
0.194
0.133
0.177
0.563
0.713
0.349
0.298
0.16
0.129
0.158
0.152
0.304
1.172
1.262
0.88
0.829
1.07
0.858
0.426
0.135
0.099
0.107
0.107
0.201
0.156
0.118
0.199
0.557
0.625
0.479
0.352
0.288
0.809
0.465
0.123
0.352
1.166
1.534
1.022
0.961
1.117
0.822
0.403
0.104
0.147
0.136
0.073
0.082
0.12
0.203
0.172
0.25
0.254
0.137
0.183
0.174
0.107
0.116
0.098
0.157
0.683
0.685
0.851
0.644
0.777
0.427
0.162
0.104
0.128
0.136
0.094
0.079
0.166
0.178
0.138
0.3
0.466
0.277
0.205
0.144
0.324
0.123
0.118
0.192
1.039
1.084
0.954
0.753
0.956
0.554
0.176
0.124
0.072
0.107
0.107
0.163
0.103
0.089
0.232
0.456
0.722
0.796
0.39
0.429
1.033
0.475
0.125
0.478
1.099
1.422
0.907
0.935
1.115
0.877
0.283
0.14
0.109
0.123
0.107
0.192
0.103
0.123
0.23
0.303
0.623
1.004
0.48
0.817
1.326
0.986
0.172
0.75
1.173
1.422
1.084
0.943
1.212
0.877
0.363
0.183
0.148
0.151
0.101
0.183
0.145
0.163
0.243
0.284
0.737
1.004
0.543
0.945
1.441
1.069
0.521
0.935
1.25
1.217
0.908
1.004
1.181
0.867
0.382
0.205
0.169
0.152
0.127
0.19
0.215
0.192
0.225
0.284
0.801
1.233
0.542
0.867
1.493
1.519
0.836
0.905
1.25
1.03
0.893
0.939
1.207
0.939
0.447
0.215
0.206
0.191
0.166
0.228
0.269
0.177
0.241
0.264
0.801
1.064
0.461
0.864
0.972
1.132
1.288
0.983
1.302
1.187
1.034
1.118
1.11
0.863
0.394
0.127
0.16
0.169
0.111
0.074
0.12
0.217
0.172
0.335
0.47
0.42
0.321
0.145
0.343
0.198
0.183
0.223
1.323
1.086
1.193
1.04
1.189
0.76
0.286
0.154
0.199
0.19
0.155
0.074
0.108
0.165
0.136
0.322
0.556
0.471
0.432
0.241
0.611
0.314
0.289
0.354
1.249
1.128
1.24
0.99
1.131
0.814
0.373
0.215
0.207
0.207
0.205
0.266
0.307
0.215
0.307
0.302
0.934
1.078
0.486
0.557
0.796
0.911
1.29
0.983
1.187
1.187
1.034
1.138
1.152
0.839
0.407
0.222
0.209
0.21
0.209
0.266
0.334
0.278
0.319
0.26
0.802
1.003
0.575
0.585
0.698
1.049
1.369
0.835
1.051
1.018
0.888
1.055
1.181
0.873
0.413
0.256
0.21
0.21
0.206
0.253
0.336
0.326
0.376
0.29
0.902
1.019
0.53
0.585
0.698
0.838
1.136
0.732
1.151
1.087
0.814
1.14
1.181
0.964
0.452
0.266
0.23
0.231
0.209
0.252
0.306
0.284
0.327
0.258
0.77
1.042
0.612
0.439
1.277
1.217
1.054
0.761
1.191
1.089
0.956
1.163
1.172
0.882
0.425
0.272
0.277
0.268
0.233
0.251
0.265
0.251
0.327
0.339
0.942
0.929
0.53
0.46
1.16
0.887
0.617
0.595
1.215
1.085
0.938
1.19
1.122
0.882
0.374
0.185
0.198
0.198
0.205
0.111
0.156
0.199
0.139
0.361
0.646
0.49
0.552
0.285
0.394
0.314
0.501
0.513
1.249
1.047
0.903
0.947
1.125
0.84
0.492
0.262
0.194
0.205
0.275
0.144
0.201
0.224
0.161
0.356
0.885
0.683
0.616
0.329
0.394
0.314
0.514
0.676
1.549
1.278
1.127
1.05
1.149
1.013
0.634
0.272
0.277
0.275
0.327
0.251
0.235
0.251
0.287
0.354
0.942
0.888
0.53
0.475
1.125
0.878
0.317
0.501
1.141
1.189
0.797
1.105
1.287
1.002
0.429
0.263
0.279
0.275
0.35
0.248
0.234
0.217
0.222
0.34
0.668
0.829
0.496
0.395
1.103
0.752
0.298
0.501
1.141
0.875
0.643
0.934
1.271
0.941
0.389
0.233
0.279
0.243
0.35
0.219
0.173
0.15
0.237
0.333
0.65
0.543
0.311
0.208
0.959
0.518
0.248
0.373
1.073
0.784
0.553
0.751
1.068
0.726
0.353
0.222
0.316
0.213
0.318
0.156
0.137
0.118
0.242
0.294
0.517
0.338
0.258
0.144
0.225
0.232
0.183
0.354
0.854
0.856
0.562
0.623
0.799
0.756
0.34
0.222
0.343
0.204
0.293
0.157
0.141
0.118
0.297
0.327
0.461
0.338
0.243
0.148
0.2
0.232
0.183
0.338
0.707
0.916
0.562
0.623
0.857
0.867
0.414
0.325
0.21
0.206
0.323
0.18
0.271
0.286
0.17
0.312
0.863
0.862
0.625
0.47
0.461
0.302
0.514
0.676
1.549
0.962
0.903
0.871
1.018
1.013
0.634
0.325
0.267
0.208
0.335
0.209
0.301
0.295
0.223
0.288
0.97
0.935
0.681
0.504
0.369
0.294
0.438
0.761
1.294
0.75
0.89
0.859
0.973
0.976
0.757
0.218
0.35
0.178
0.213
0.179
0.16
0.121
0.385
0.271
0.435
0.427
0.245
0.148
0.2
0.143
0.18
0.381
0.707
0.974
0.853
0.7
0.87
0.867
0.468
0.213
0.371
0.141
0.156
0.132
0.165
0.132
0.417
0.248
0.179
0.284
0.152
0.106
0.132
0.191
0.225
0.313
0.467
0.666
0.755
0.601
0.545
0.605
0.371
0.19
0.39
0.161
0.133
0.132
0.168
0.135
0.417
0.182
0.155
0.287
0.154
0.108
0.134
0.228
0.246
0.302
0.47
0.639
0.756
0.569
0.504
0.607
0.345
0.157
0.368
0.2
0.174
0.141
0.17
0.124
0.378
0.148
0.155
0.288
0.156
0.11
0.137
0.238
0.248
0.305
0.459
0.639
0.756
0.57
0.504
0.608
0.308
0.123
0.356
0.217
0.216
0.163
0.17
0.124
0.339
0.113
0.14
0.288
0.156
0.111
0.137
0.238
0.219
0.234
0.463
0.391
0.608
0.413
0.364
0.33
0.199
0.304
0.287
0.207
0.348
0.232
0.301
0.26
0.232
0.341
1.598
1.01
0.598
0.504
0.334
0.232
0.411
0.732
1.013
0.75
0.636
0.622
0.745
0.759
0.615
0.253
0.258
0.176
0.327
0.224
0.294
0.26
0.28
0.341
1.298
0.89
0.447
0.355
0.228
0.156
0.323
0.563
0.746
0.502
0.43
0.388
0.451
0.492
0.477
0.087
0.328
0.177
0.185
0.133
0.121
0.124
0.339
0.103
0.079
0.078
0.078
0.079
0.081
0.162
0.181
0.157
0.341
0.113
0.077
0.077
0.092
0.12
0.112
0.087
0.309
0.146
0.162
0.133
0.102
0.096
0.306
0.089
0.079
0.078
0.078
0.079
0.081
0.124
0.16
0.122
0.298
0.088
0.077
0.077
0.078
0.08
0.078
0.089
0.309
0.182
0.196
0.111
0.082
0.09
0.304
0.103
0.079
0.079
0.078
0.079
0.08
0.108
0.163
0.124
0.298
0.087
0.084
0.106
0.089
0.08
0.078
0.09
0.309
0.182
0.173
0.111
0.082
0.095
0.344
0.118
0.079
0.079
0.079
0.12
0.095
0.088
0.122
0.116
0.323
0.112
0.085
0.107
0.09
0.102
0.11
0.09
0.309
0.144
0.168
0.125
0.082
0.096
0.342
0.143
0.097
0.079
0.079
0.124
0.121
0.089
0.082
0.093
0.324
0.143
0.097
0.107
0.09
0.11
0.145
