0.0
0.0
0.0
0.0
0.0
0.0
0.0
0.0
0.0
0.0
0.0
0.0
0.0
0.0
0.0
0.0
0.0
0.0
0.0
0.0
0.0
0.0
0.0
0.0
0.0
0.0
0.0
0.0
0.0
0.0
0.0
0.0
0.0
0.0
0.0
0.0
0.0
0.0
0.0
0.0
0.0
0.0
0.0
0.0
0.0
0.0
0.0
0.0
0.0
0.0
0.0
0.0
0.0
0.0
0.0
0.0
0.0
0.0
0.0
0.0
0.0
0.0
0.0
0.0
0.0
0.0
0.0
0.0
0.0
0.0
0.0
0.0
0.0
0.0
0.0
0.0
0.0
0.0
0.0
0.0
0.0
0.0
0.0
0.0
0.0
0.0
0.0
0.0
0.0
0.0
0.0
0.0
0.0
0.0
0.0
0.0
0.0
0.0
0.0
0.0
0.0
0.0
0.0
0.0
0.0
0.0
0.0
0.0
0.0
0.0
0.0
0.0
0.0
0.0
0.0
0.0
0.0
0.0
0.0
0.0
0.0
0.0
0.0
0.0
0.0
0.0
0.0
0.0
0.0
0.0
0.0
0.0
0.0
0.0
0.0
0.0
0.0
0.0
0.0
0.0
0.0
0.0
0.0
0.0
0.0
0.0
0.0
0.0
0.0
0.0
0.0
0.0
0.0
0.0
0.0
0.0
0.0
0.0
0.0
0.0
0.0
0.0
0.0
0.0
0.0
0.0
0.0
0.0
0.0
0.0
0.0
0.0
0.0
0.0
0.0
0.0
0.0
0.0
0.0
0.0
0.0
0.0
0.0
0.0
0.0
0.0
0.0
0.0
0.0
0.0
0.0
0.0
0.0
0.0
0.0
0.0
0.0
0.0
0.0
0.0
0.0
0.0
0.0
0.0
0.0
0.0
0.0
0.0
0.0
0.0
0.0
0.0
0.0
0.0
0.0
0.0
0.0
0.0
0.0
0.0
0.0
0.0
0.0
0.0
0.0
0.0
0.0
0.0
0.0
0.0
0.0
0.0
0.0
0.0
0.0
0.0
0.0
0.0
0.0
0.0
0.0
0.0
0.0
0.0
0.0
0.0
0.0
0.0
0.0
0.0
0.0
0.0
0.0
0.0
0.0
0.0
0.0
0.0
0.0
0.0
0.0
0.0
0.0
0.0
0.0
0.0
0.0
0.0
0.0
0.0
0.0
0.0
0.0
0.0
0.0
0.0
0.0
0.0
0.0
0.0
0.0
0.0
0.0
0.0
0.0
0.0
0.0
0.0
0.0
0.0
0.0
0.0
0.0
0.0
0.0
0.0
0.0
0.0
0.0
0.0
0.0
0.0
0.0
0.0
0.0
0.0
0.0
0.0
0.0
0.0
0.0
0.0
0.0
0.0
0.0
0.0
0.0
0.0
0.0
0.0
0.0
0.0
0.0
0.0
0.0
0.0
0.0
0.0
0.0
0.0
0.0
0.0
0.0
0.0
0.0
0.0
0.0
0.0
0.0
0.0
0.0
0.0
0.0
0.0
0.0
0.0
0.0
0.0
0.0
0.0
0.0
0.0
0.0
0.0
0.0
0.0
0.0
0.0
0.0
0.0
0.0
0.0
0.0
0.0
0.0
0.0
0.0
0.0
0.0
0.0
0.0
0.0
0.0
0.0
0.0
0.0
0.0
0.0
0.0
0.0
0.0
0.0
0.0
0.0
0.0
0.0
0.0
0.0
0.0
0.0
0.0
0.0
0.0
0.0
0.0
0.0
0.0
0.0
0.0
0.0
0.0
0.0
0.0
0.0
0.0
0.0
0.0
0.0
0.0
0.0
0.0
0.0
0.0
0.0
0.0
0.0
0.0
0.0
0.0
0.0
0.0
0.0
0.0
0.0
0.0
0.0
0.0
0.0
0.0
0.0
0.0
0.0
0.0
0.0
0.0
0.0
0.0
0.0
0.0
0.0
0.0
0.0
0.0
0.0
0.0
0.0
0.0
0.0
0.0
0.0
0.0
0.0
0.0
0.0
0.0
0.0
0.0
0.0
0.0
0.0
0.0
0.0
0.0
0.0
0.0
0.0
0.0
0.0
0.0
0.0
0.0
0.0
0.0
0.0
0.0
0.0
0.0
0.0
0.0
0.0
0.0
0.0
0.0
0.0
0.0
0.0
0.0
0.0
0.0
0.0
0.0
0.0
0.0
0.0
0.0
0.0
0.0
0.0
0.0
0.0
0.0
0.0
0.0
0.0
0.0
0.618
0.667
0.618
0.692
0.583
0.693
0.582
1.126
0.854
0.527
1.477
1.213
0.52
0.867
1.097
0.98
1.38
1.87
1.725
1.31
1.506
1.828
1.068
0.7
0.587
0.667
0.609
0.662
0.582
0.654
0.572
1.081
0.948
0.551
1.222
1.398
0.66
0.702
0.709
0.98
1.619
2.527
2.373
1.828
1.442
1.883
1.087
0.752
0.57
0.663
0.58
0.644
0.588
0.636
0.591
0.953
1.185
0.551
1.515
2.109
0.796
0.693
0.757
1.001
1.153
2.789
2.38
2.377
1.7
1.787
1.243
0.695
0.587
0.606
0.59
0.592
0.588
0.599
0.591
0.923
1.229
0.544
1.042
2.286
0.808
0.497
0.846
1.315
1.354
2.792
2.167
1.741
1.448
1.255
0.951
0.807
0.727
0.609
0.616
0.561
0.607
0.559
0.599
0.893
1.219
3.027
2.491
2.218
1.404
2.04
1.839
1.821
0.936
1.697
1.606
1.761
2.376
1.761
1.223
0.81
0.657
0.616
0.552
0.567
0.542
0.554
0.546
0.956
2.619
2.962
2.896
2.048
1.388
1.933
2.102
1.598
0.936
1.794
1.964
1.761
2.376
1.549
1.09
0.635
0.57
0.566
0.576
0.57
0.58
0.587
0.578
0.861
1.224
0.526
0.749
2.05
0.808
0.466
0.846
1.298
1.327
2.792
1.83
1.741
1.701
1.361
0.981
0.771
0.531
0.548
0.557
0.51
0.605
0.506
0.599
0.916
1.846
1.077
1.013
2.246
1.027
0.662
1.312
1.37
2.27
2.947
1.823
1.836
1.716
1.448
0.981
0.739
0.528
0.512
0.557
0.51
0.626
0.482
0.583
0.771
1.893
1.648
1.535
1.885
0.85
0.659
0.935
1.238
3.147
2.752
1.408
1.687
2.024
1.448
0.981
0.738
0.538
0.524
0.553
0.553
0.6
0.522
0.559
0.796
1.892
2.51
1.795
1.303
0.603
0.577
0.967
0.754
2.697
2.073
0.878
1.304
2.027
1.371
0.935
0.564
0.579
0.5
0.553
0.568
0.57
0.553
0.542
0.948
1.27
2.488
1.512
0.745
0.442
0.553
0.892
0.717
2.687
1.251
0.707
1.304
2.29
1.596
1.053
0.798
0.63
0.585
0.514
0.522
0.558
0.53
0.535
0.871
2.6
2.081
2.734
2.048
1.529
2.258
1.739
1.564
1.303
1.247
1.97
1.828
2.376
1.493
1.109
0.783
0.63
0.56
0.512
0.471
0.555
0.501
0.536
0.624
1.006
1.479
2.711
1.737
1.442
2.194
1.43
0.841
1.187
1.147
1.417
1.35
1.818
1.217
0.886
0.751
0.596
0.517
0.545
0.592
0.57
0.544
0.58
1.484
2.452
3.573
2.203
0.745
0.639
0.563
0.559
0.574
1.314
0.904
0.631
1.285
2.29
1.596
1.033
0.746
0.586
0.525
0.549
0.592
0.581
0.548
0.591
1.978
2.356
3.6
2.203
0.745
0.785
0.533
0.618
0.717
2.35
1.251
0.715
1.457
2.319
2.08
0.951
0.568
0.644
0.517
0.567
0.579
0.56
0.561
0.565
2.317
2.356
2.97
1.601
0.51
0.529
0.533
0.618
0.654
1.355
1.007
0.821
1.405
2.288
2.118
1.016
0.569
0.698
0.538
0.567
0.588
0.543
0.621
0.567
2.41
2.103
3.567
1.975
0.696
0.713
0.745
0.65
1.148
1.175
1.309
0.821
1.382
2.007
1.715
0.903
0.571
0.658
0.546
0.537
0.58
0.532
0.575
0.567
2.789
2.576
2.715
1.052
0.524
0.655
0.638
0.476
1.085
1.165
1.008
1.396
1.656
2.673
1.986
0.982
0.599
0.495
0.496
0.441
0.42
0.477
0.41
0.476
0.487
0.945
0.987
2.556
1.221
1.021
2.053
1.349
0.772
1.227
1.092
1.823
1.0
2.221
1.285
0.861
0.77
0.517
0.542
0.461
0.466
0.497
0.428
0.536
0.574
1.101
0.662
2.291
1.221
1.019
2.053
1.448
1.015
1.83
1.817
1.866
1.175
1.776
1.06
0.688
0.684
0.618
0.585
0.539
0.594
0.562
0.524
0.632
3.232
3.895
3.624
1.553
1.022
0.911
0.907
0.729
1.184
2.074
1.726
1.524
2.124
2.967
2.276
0.982
0.571
0.574
0.571
0.539
0.536
0.562
0.489
0.551
2.686
2.633
2.542
0.859
0.532
0.679
0.872
0.782
1.179
2.093
1.74
1.524
2.124
2.967
2.276
0.982
0.538
0.54
0.565
0.48
0.541
0.495
0.484
0.487
1.533
2.633
2.491
0.911
0.501
0.561
0.855
0.791
0.501
1.236
1.068
1.433
1.82
2.241
1.553
0.922
0.502
0.421
0.538
0.395
0.547
0.417
0.49
0.43
1.101
1.28
1.671
0.911
0.523
0.596
0.572
0.577
0.45
1.269
1.011
1.314
1.599
1.919
1.21
0.832
0.448
0.378
0.463
0.348
0.473
0.352
0.451
0.37
0.954
1.199
0.745
0.37
0.366
0.377
0.364
0.407
0.326
0.415
0.284
0.568
1.366
1.557
0.866
0.623
0.711
0.46
0.542
0.522
0.419
0.473
0.361
0.503
0.522
0.737
0.855
1.39
0.937
0.668
1.662
1.255
0.849
1.727
1.116
1.313
1.081
1.491
0.854
0.551
0.673
0.405
0.482
0.485
0.372
0.454
0.307
0.485
0.394
0.497
0.687
0.522
0.612
0.639
1.594
0.865
0.609
1.101
0.589
0.849
0.716
0.787
0.63
0.416
0.4
0.367
0.403
0.351
0.403
0.344
0.406
0.339
0.394
0.34
0.38
0.37
0.371
0.388
0.354
0.407
0.347
0.415
0.338
0.417
0.397
0.392
0.369
0.357
0.388
0.367
0.403
0.351
0.403
0.329
0.406
0.339
0.394
0.34
0.362
0.331
0.343
0.348
0.331
0.363
0.347
0.415
0.338
0.417
0.397
0.392
0.369
0.357
0.406
0.402
0.44
0.377
0.461
0.341
0.467
0.349
1.02
0.347
0.379
0.293
0.362
0.3
0.345
0.337
0.346
0.669
0.865
0.526
0.717
0.747
0.507
0.449
0.401
0.456
0.451
0.44
0.495
0.384
0.507
0.382
1.526
0.599
0.41
0.293
0.39
0.287
0.374
0.337
0.456
1.199
1.518
1.226
1.239
1.048
0.79
0.56
0.43
0.492
0.464
0.507
0.502
0.416
0.515
0.443
2.049
0.903
0.435
0.978
0.466
0.287
0.581
0.696
0.776
1.702
2.108
2.635
1.556
1.386
0.997
0.677
1.077
0.405
0.53
0.471
0.39
0.446
0.307
0.454
0.36
0.658
0.517
0.522
0.612
0.639
1.594
0.745
0.794
0.859
0.932
1.471
0.876
0.986
0.589
0.416
1.295
0.586
0.587
0.626
0.484
0.486
0.422
0.538
0.608
0.753
0.503
0.604
0.802
1.355
1.769
0.906
0.952
1.618
1.91
2.539
1.115
1.316
0.774
0.512
0.499
0.556
0.511
0.567
0.541
0.498
0.548
0.513
2.245
1.432
0.789
1.788
0.603
0.455
0.882
0.758
1.124
3.066
2.561
2.725
1.953
1.682
1.269
0.797
0.576
0.617
0.55
0.618
0.557
0.491
0.565
0.513
2.245
1.432
0.819
2.298
1.003
0.536
0.856
0.772
1.076
3.066
2.561
2.725
1.953
1.783
1.373
0.857
0.578
0.607
0.552
0.618
0.557
0.491
0.559
0.505
1.935
1.784
1.42
3.18
1.454
0.658
0.851
0.796
1.04
3.277
2.383
1.43
1.712
1.862
1.296
0.822
0.603
0.598
0.564
0.588
0.558
0.491
0.547
0.492
1.792
1.872
1.42
3.18
1.454
0.718
0.849
0.841
1.248
2.591
2.105
2.761
1.89
1.959
1.466
0.857
0.627
0.612
0.568
0.563
0.564
0.502
0.552
0.479
1.513
1.608
0.851
2.365
1.414
0.718
0.556
0.485
0.912
2.126
2.105
3.15
2.011
2.071
1.467
0.954
1.414
0.737
0.751
0.766
0.577
0.498
0.535
0.567
0.741
0.818
0.73
0.978
1.496
2.451
2.274
0.851
0.902
1.787
2.082
1.596
1.042
1.238
0.803
0.706
0.95
0.681
0.755
0.699
0.594
0.452
0.562
0.467
0.732
0.578
0.75
0.978
1.533
3.336
3.298
0.896
0.65
1.787
1.653
2.204
1.229
1.524
0.97
0.796
0.635
0.593
0.599
0.563
0.59
0.478
0.558
0.46
1.286
1.61
1.127
1.969
0.992
0.592
0.485
0.485
1.213
2.725
1.799
2.08
2.148
1.944
1.547
0.879
0.564
0.553
0.599
0.514
0.59
0.438
0.577
0.406
1.293
0.998
1.235
1.521
1.336
0.592
0.485
0.547
0.633
2.065
1.839
2.625
1.963
1.944
1.398
0.848
0.564
0.553
0.599
0.513
0.626
0.47
0.599
0.452
1.396
1.033
1.405
1.962
1.126
0.978
0.797
0.863
0.633
2.456
2.236
2.816
1.97
1.981
1.467
0.95
0.666
0.685
0.675
0.597
0.635
0.486
0.635
0.504
1.501
0.507
0.95
1.025
0.636
0.897
0.8
0.889
0.999
2.671
2.431
3.114
2.58
2.02
1.628
1.125
0.719
0.705
0.731
0.625
0.67
0.526
0.666
0.566
1.292
0.458
0.95
1.093
0.864
1.356
0.85
0.853
0.863
2.097
2.504
2.338
1.98
2.021
1.459
1.085
0.915
0.78
0.74
0.649
0.619
0.541
0.607
0.525
0.793
0.718
0.75
0.949
1.375
3.408
2.6
1.002
1.311
2.937
2.533
2.336
1.415
1.866
1.019
0.87
1.237
0.913
0.87
0.75
0.685
0.632
0.671
0.625
0.973
0.817
0.842
0.911
1.375
3.408
2.6
1.002
1.311
2.937
2.533
3.04
1.775
1.866
1.214
1.083
0.696
0.701
0.68
0.641
0.619
0.546
0.63
0.605
1.443
0.458
0.905
1.093
0.843
1.356
0.846
0.827
1.188
2.608
2.504
2.338
1.849
2.07
1.756
1.167
0.699
0.676
0.697
0.585
0.64
0.519
0.662
0.601
1.525
0.429
0.612
1.402
1.0
1.382
1.09
0.85
1.093
2.049
2.649
2.526
2.046
2.247
1.846
1.219
0.71
0.703
0.737
0.599
0.672
0.53
0.687
0.601
1.507
0.406
0.511
1.376
1.0
1.032
1.09
0.816
1.297
1.661
2.756
2.599
2.312
2.251
1.846
1.082
0.609
0.588
0.692
0.552
0.658
0.519
0.658
0.575
1.646
0.382
0.511
1.242
1.272
0.607
0.973
0.951
1.566
1.689
2.523
2.518
2.312
2.313
1.783
1.043
0.609
0.588
0.648
0.537
0.666
0.515
0.658
0.553
1.431
0.362
0.547
1.825
1.716
0.718
1.065
0.947
1.347
1.689
2.678
2.615
1.967
2.285
1.467
0.939
1.237
1.073
1.088
0.74
0.68
0.626
0.677
0.616
1.029
0.817
1.721
1.003
1.572
4.393
2.365
1.188
1.2
3.07
2.298
2.486
1.824
2.081
1.235
1.082
1.058
0.943
0.975
0.615
0.652
0.536
0.65
0.526
0.988
0.696
1.721
0.942
1.772
3.446
2.157
1.041
1.033
2.317
1.805
1.918
1.954
2.713
1.114
0.931
0.62
0.613
0.648
0.537
0.647
0.503
0.657
0.517
1.435
0.336
0.55
2.092
1.602
0.597
1.044
0.96
1.347
1.896
2.678
2.648
1.987
2.202
1.583
0.937
0.672
0.61
0.692
0.541
0.673
0.503
0.657
0.517
1.296
0.37
0.55
2.092
1.602
0.599
1.027
0.98
1.153
2.202
2.397
2.19
2.108
2.065
1.583
0.904
0.69
0.608
0.665
0.578
0.647
0.518
0.627
0.582
1.234
0.373
0.531
1.569
1.424
0.577
0.682
0.497
0.882
2.145
2.07
2.391
2.108
1.987
1.556
0.876
0.697
0.61
0.66
0.613
0.635
0.542
0.587
0.635
1.26
0.418
0.703
1.984
1.107
0.454
0.682
0.912
0.94
2.564
1.82
1.886
1.954
2.049
1.556
0.89
0.697
0.631
0.631
0.613
0.613
0.558
0.582
0.672
1.26
0.408
0.514
2.013
1.054
0.569
0.51
0.674
0.94
2.264
2.065
2.391
2.427
2.082
1.541
0.826
1.003
0.869
0.878
0.536
0.645
0.535
0.621
0.677
1.577
0.734
1.573
1.252
1.772
2.498
1.844
1.196
0.915
1.992
1.739
1.997
1.937
2.642
1.168
0.72
1.061
0.991
0.922
0.609
0.625
0.587
0.593
0.714
1.671
0.841
1.55
1.249
1.846
2.468
1.195
1.428
1.27
1.993
1.537
2.137
2.141
2.642
1.25
0.824
0.647
0.667
0.644
0.669
0.624
0.606
0.582
0.726
1.26
0.598
0.726
1.366
0.833
0.484
0.833
0.954
1.164
1.669
2.003
2.194
2.557
2.335
1.622
0.826
0.647
0.667
0.634
0.645
0.586
0.611
0.54
0.726
1.229
0.649
0.754
1.257
1.109
0.662
0.891
0.954
1.164
1.578
1.993
2.694
2.916
2.327
1.661
0.899
0.629
0.703
0.585
0.684
0.535
0.671
0.53
0.789
1.262
0.68
0.754
1.225
1.109
0.628
0.891
1.186
1.362
1.433
2.136
2.679
2.79
2.305
1.528
0.797
0.592
0.703
0.615
0.654
0.555
0.646
0.52
0.766
1.333
0.638
0.74
1.203
1.094
0.638
0.868
1.2
1.489
1.705
2.136
2.344
2.79
2.556
1.531
0.881
0.618
0.672
0.655
0.616
0.609
0.598
0.571
0.855
1.47
0.638
0.715
0.728
0.965
0.675
0.464
0.9
1.281
1.705
2.031
3.248
3.289
2.357
1.566
1.053
1.145
1.142
1.053
0.624
0.643
0.574
0.619
0.718
1.696
0.677
0.709
2.023
2.836
2.755
1.271
1.146
1.27
1.079
1.34
2.326
2.367
2.678
1.368
0.987
0.804
0.874
0.807
0.537
0.619
0.509
0.599
0.557
1.696
0.694
0.633
2.051
2.836
2.755
1.718
1.416
1.916
2.144
1.562
2.423
2.367
3.414
1.243
0.918
0.679
0.754
0.703
0.695
0.65
0.664
0.619
0.914
1.419
0.71
0.689
0.477
0.653
0.466
0.52
0.809
1.184
1.695
1.574
2.946
3.019
2.259
1.722
1.124
0.7
0.678
0.738
0.662
0.647
0.643
0.568
0.948
1.614
0.589
0.447
0.675
1.19
0.606
0.52
0.774
0.994
1.982
1.415
2.701
3.019
2.058
1.642
1.131
0.832
0.672
0.716
0.697
0.647
0.65
0.568
0.948
1.628
0.655
0.479
0.537
0.883
0.606
0.718
0.892
0.994
1.982
1.666
2.145
2.769
2.391
1.687
1.093
0.819
0.671
0.716
0.678
0.678
0.601
0.619
0.825
1.586
0.693
0.566
0.545
0.983
0.669
0.732
0.698
0.857
2.418
1.666
3.002
2.795
2.412
1.687
1.093
0.819
0.671
0.693
0.678
0.666
0.601
0.651
0.694
1.605
0.693
0.566
0.547
0.983
0.65
0.732
0.698
0.729
2.08
1.97
3.12
2.502
2.145
1.811
0.985
0.675
0.724
0.653
0.547
0.594
0.502
0.588
0.551
2.263
0.668
0.633
1.51
2.472
2.323
1.718
1.416
1.667
2.065
2.289
2.876
2.338
3.174
1.352
0.903
0.7
0.724
0.704
0.556
0.611
0.526
0.57
0.643
2.676
0.798
0.667
1.572
2.06
2.3
1.718
1.416
2.185
3.366
3.006
2.858
2.314
3.231
1.512
1.015
0.781
0.667
0.661
0.662
0.635
0.575
0.63
0.671
1.459
0.57
0.497
0.547
0.968
0.624
0.68
0.767
0.842
1.785
2.288
3.375
2.308
2.536
1.87
0.835
0.699
0.603
0.661
0.622
0.635
0.575
0.63
0.672
1.608
0.598
0.505
0.694
0.871
0.859
0.977
0.825
0.831
2.371
2.407
3.177
2.112
2.412
1.841
0.849
0.655
0.623
0.582
0.619
0.564
0.564
0.625
0.603
1.676
0.677
0.64
0.56
0.463
0.689
0.962
0.865
0.8
1.878
2.678
4.195
2.306
2.668
1.986
0.687
0.572
0.582
0.599
0.598
0.6
0.564
0.617
0.644
1.826
0.618
0.989
0.434
0.463
0.507
1.03
1.066
0.929
2.385
2.678
3.927
2.131
2.315
1.745
0.798
0.677
0.582
0.64
0.578
0.596
0.525
0.58
0.625
1.853
0.59
0.914
0.432
0.358
0.439
1.082
1.054
1.007
2.391
3.101
3.927
2.794
2.315
1.876
1.013
0.726
0.821
0.664
0.632
0.583
0.564
0.573
0.643
2.415
0.726
0.835
0.811
1.057
1.919
2.451
2.163
2.507
3.423
3.114
3.539
2.885
3.955
1.543
1.255
0.708
0.687
0.636
0.585
0.583
0.563
0.573
0.655
2.28
0.922
0.924
1.178
1.718
1.707
2.353
1.811
2.387
2.325
3.927
2.994
2.462
3.298
1.975
1.143
0.708
0.639
0.739
0.626
0.555
0.57
0.532
0.628
1.869
0.707
0.98
0.589
0.835
0.703
1.272
1.413
1.254
2.8
2.822
4.013
2.799
2.3
1.876
1.044
0.81
0.683
0.792
0.67
0.582
0.633
0.53
0.581
1.869
1.075
1.036
0.589
0.914
0.703
1.332
1.337
1.17
3.507
3.073
3.469
3.044
2.005
1.953
1.229
0.824
0.699
0.7
0.676
0.581
0.633
0.53
0.563
1.605
1.261
1.036
0.82
0.948
0.453
0.968
1.681
1.37
3.075
3.583
3.485
2.997
1.912
2.098
1.308
0.722
0.678
0.7
0.653
0.617
0.584
0.566
0.539
1.605
1.325
0.916
0.79
0.966
0.45
0.744
1.377
1.283
3.289
3.052
2.5
2.042
1.912
2.079
1.519
0.911
0.923
0.79
0.683
0.636
0.574
0.62
0.491
1.324
1.325
0.889
1.228
0.966
1.161
0.744
1.122
1.162
3.662
3.425
2.951
2.161
1.929
2.12
1.362
1.012
0.63
0.598
0.552
0.602
0.564
0.588
0.704
2.309
1.001
0.809
0.855
1.023
1.458
2.335
2.681
2.387
2.682
4.857
3.739
2.439
3.337
2.048
1.013
0.708
0.653
0.583
0.555
0.599
0.564
0.593
0.692
1.631
1.131
1.295
0.895
1.026
1.806
2.733
3.097
2.648
1.741
4.339
3.067
1.878
2.714
2.485
1.109
0.763
0.964
0.8
0.678
0.593
0.61
0.598
0.523
1.034
1.405
0.977
1.205
0.966
1.148
0.76
1.122
0.794
2.823
2.718
2.36
2.11
1.98
2.119
1.414
1.008
0.843
0.798
0.678
0.656
0.641
0.659
0.557
0.823
1.647
1.001
1.32
0.774
1.099
0.913
1.17
1.012
3.559
3.372
2.186
2.11
1.991
2.312
1.683
0.845
0.808
0.741
0.632
0.593
0.617
0.616
0.533
0.692
1.401
0.976
1.32
0.729
1.361
1.087
1.756
1.221
2.343
2.992
1.748
1.802
2.036
2.14
1.601
0.864
0.771
0.738
0.583
0.566
0.557
0.572
0.522
0.662
1.363
0.62
0.894
0.707
1.351
1.068
1.142
1.054
2.218
2.096
2.183
1.999
2.036
2.047
1.645
0.864
0.775
0.735
0.619
0.53
0.579
0.539
0.559
0.662
1.363
0.974
0.928
0.691
1.301
1.069
1.1
1.362
2.806
2.981
2.756
2.605
2.182
2.079
1.745
0.806
0.622
0.645
0.61
0.605
0.599
0.552
0.739
1.083
1.425
0.904
0.895
0.696
1.438
2.593
3.189
3.076
1.908
3.983
2.553
1.799
2.71
2.516
1.379
0.886
0.689
0.583
0.612
0.621
0.615
0.583
0.647
0.776
1.567
0.904
0.857
1.064
1.62
2.579
3.183
2.76
1.908
4.435
2.854
2.205
2.278
3.294
1.494
0.971
0.632
0.664
0.553
0.549
0.558
0.501
0.559
0.662
1.712
0.638
0.457
0.366
0.577
0.739
0.861
1.861
2.029
3.687
3.192
2.483
1.993
2.255
1.852
0.806
0.524
0.615
0.52
0.571
0.523
0.501
0.538
0.753
1.773
0.878
0.61
0.649
1.329
0.788
1.566
2.203
2.458
4.118
3.345
2.436
2.125
2.342
1.862
0.814
0.524
0.527
0.504
0.508
0.503
0.501
0.538
0.842
1.748
0.888
0.434
0.429
0.685
0.5
1.874
2.098
1.358
2.698
3.606
1.979
2.097
2.039
1.78
0.97
0.56
0.599
0.519
0.581
0.493
0.5
0.551
0.934
1.88
1.548
0.61
0.916
1.113
0.45
1.21
2.098
2.01
3.854
4.777
2.981
2.289
2.539
1.955
1.151
0.583
0.597
0.528
0.592
0.49
0.624
0.548
1.066
1.934
1.614
0.617
0.915
1.122
0.45
1.23
2.011
1.882
4.486
4.036
3.016
2.287
2.675
1.83
1.151
0.689
0.618
0.557
0.603
0.572
0.569
0.541
0.776
2.086
0.715
1.063
1.058
1.339
1.45
2.048
2.197
1.765
4.435
2.31
1.704
2.096
2.516
1.264
0.955
0.689
0.587
0.557
0.597
0.534
0.569
0.484
0.873
1.822
0.634
0.723
0.691
0.894
1.427
2.048
2.179
1.765
3.071
2.135
1.674
1.959
2.068
1.235
0.869
0.62
0.624
0.567
0.609
0.49
0.659
0.564
1.075
1.736
1.106
0.986
0.996
1.122
0.448
1.23
1.75
1.229
3.322
3.687
2.014
2.025
2.526
1.463
1.106
0.657
0.645
0.604
0.632
0.529
0.738
0.65
1.17
1.736
1.106
1.138
1.288
1.261
0.535
1.201
1.658
1.43
2.457
3.033
2.471
2.808
2.231
1.284
1.112
0.727
0.746
0.691
0.711
0.591
0.942
0.737
1.34
1.934
1.099
1.28
0.955
0.64
0.535
1.126
1.498
1.343
1.871
2.618
2.311
2.689
2.166
1.058
1.057
0.661
0.746
0.714
0.711
0.631
0.804
0.672
1.269
1.987
1.232
1.615
1.474
1.039
0.612
0.549
1.498
1.907
3.326
2.71
2.914
2.803
2.219
1.194
1.116
0.71
0.697
0.707
0.765
0.613
0.853
0.656
1.272
1.957
0.967
1.274
0.9
0.75
0.564
0.781
1.533
1.907
3.326
2.71
2.484
2.297
2.036
1.114
1.058
0.623
0.552
0.508
0.531
0.482
0.501
0.43
0.847
1.822
0.585
0.663
0.65
0.692
1.222
1.086
1.288
1.441
2.33
2.135
1.939
2.066
2.019
1.236
0.924
0.627
0.605
0.516
0.579
0.53
0.501
0.481
0.942
1.902
0.51
0.722
1.017
0.692
0.513
0.372
0.601
1.28
1.732
2.33
2.104
2.28
2.132
1.397
1.17
0.733
0.689
0.735
0.758
0.692
0.677
0.721
1.289
1.886
0.937
1.274
0.925
0.727
0.714
0.845
1.588
1.893
3.404
2.699
2.911
2.487
1.927
1.187
1.195
0.693
0.763
0.688
0.861
0.68
0.728
0.718
1.435
2.008
0.804
0.942
0.85
0.757
0.714
0.845
1.588
2.0
4.646
3.477
3.445
2.644
2.029
1.427
1.252
0.679
0.676
0.689
0.806
0.716
0.646
0.661
1.237
1.851
0.908
1.113
1.022
0.804
1.06
1.101
1.424
1.699
3.992
3.761
3.749
2.644
2.029
1.55
1.33
0.598
0.631
0.629
0.753
0.67
0.612
0.605
1.125
1.8
0.68
0.85
0.828
0.763
0.954
0.777
1.124
1.453
5.393
3.89
4.06
2.67
1.956
1.567
1.372
0.639
0.684
0.654
0.804
0.692
0.656
0.639
1.16
1.829
0.673
0.573
0.749
0.763
0.743
1.07
1.124
1.149
5.085
3.96
3.63
2.811
2.074
1.607
1.239
0.658
0.588
0.516
0.549
0.527
0.55
0.493
1.01
1.718
0.51
0.617
1.199
0.999
0.513
0.372
0.601
1.49
1.363
2.189
2.056
2.31
2.152
1.255
1.085
0.748
0.652
0.564
0.549
0.56
0.569
0.558
1.1
1.604
0.66
0.615
0.885
0.766
0.551
0.511
0.776
1.689
1.363
2.442
1.725
2.334
1.684
0.988
0.79
0.639
0.684
0.654
0.804
0.747
0.699
0.678
1.25
1.89
0.716
0.788
0.785
0.65
0.718
1.079
1.256
1.149
5.085
4.163
3.752
2.956
2.127
1.676
1.306
0.661
0.699
0.674
0.832
0.761
0.733
0.656
1.262
1.892
0.799
0.86
0.922
0.889
0.927
1.073
1.145
1.149
4.68
4.096
3.319
2.917
2.177
1.761
1.273
0.649
0.648
0.657
0.799
0.736
0.706
0.638
1.209
1.92
0.911
1.139
1.037
0.956
1.283
1.278
1.412
1.177
4.391
4.0
2.721
2.722
2.264
1.794
1.335
0.634
0.66
0.636
0.799
0.687
0.706
0.635
1.265
2.026
0.911
1.06
0.669
0.797
0.911
0.953
1.113
1.227
5.844
3.897
2.164
2.49
2.145
1.727
1.279
0.692
0.652
0.705
0.76
0.766
0.689
0.689
1.299
2.092
0.911
1.06
0.708
0.797
0.963
0.953
1.135
1.436
5.468
3.641
2.164
2.662
2.264
1.771
1.207
0.719
0.722
0.597
0.711
0.647
0.607
0.649
1.131
1.604
0.682
0.559
0.881
1.03
0.696
0.724
1.504
2.326
1.721
2.706
1.874
2.677
1.719
0.962
0.8
0.728
0.765
0.597
0.805
0.702
0.687
0.68
1.205
1.833
0.772
0.637
0.881
1.047
1.271
1.396
2.0
2.676
2.884
3.221
2.0
2.97
2.256
1.308
0.916
0.717
0.645
0.713
0.709
0.725
0.674
0.664
1.365
2.056
1.302
1.048
0.595
0.546
0.89
0.953
1.173
2.064
5.254
3.719
2.474
2.722
2.283
1.679
1.142
0.751
0.645
0.718
0.709
0.678
0.669
0.613
1.329
2.092
1.999
1.081
0.72
0.58
1.167
1.206
1.173
1.777
3.877
3.405
2.249
2.484
2.169
1.607
1.045
0.791
0.724
0.718
0.742
0.63
0.669
0.583
1.36
2.092
2.468
1.107
0.619
0.513
1.041
1.278
1.409
2.323
4.656
3.651
2.708
3.29
2.234
1.629
1.106
0.842
0.724
0.756
0.691
0.69
0.625
0.616
1.36
2.12
3.041
1.091
0.529
0.422
0.761
1.055
1.152
2.254
4.785
3.689
2.949
3.489
2.51
1.61
0.994
0.842
0.725
0.756
0.694
0.706
0.639
0.639
1.397
2.12
2.245
0.884
0.741
0.506
0.786
1.064
1.152
2.102
4.005
3.941
2.949
3.59
2.548
1.623
0.895
0.84
0.773
0.657
0.825
0.702
0.703
0.68
1.282
1.929
0.865
0.74
1.6
1.833
2.094
1.673
2.216
2.646
2.885
2.887
1.986
2.759
2.321
1.464
1.114
0.844
0.756
0.66
0.772
0.666
0.703
0.643
1.295
2.398
0.982
0.652
1.234
1.047
2.017
1.673
2.216
2.646
3.374
2.887
1.986
2.737
2.402
1.336
0.94
0.806
0.738
0.731
0.73
0.66
0.68
0.579
1.424
2.178
2.246
0.884
0.726
0.516
0.754
1.16
1.139
1.745
3.863
3.715
3.001
3.587
2.152
1.634
0.819
0.726
0.682
0.702
0.73
0.637
0.649
0.58
1.349
2.39
2.138
0.929
0.662
0.51
0.608
0.928
1.291
1.745
3.972
3.289
2.792
3.068
2.089
1.701
0.906
0.661
0.569
0.659
0.666
0.67
0.613
0.601
1.351
2.593
2.138
0.729
0.662
0.615
0.608
0.928
1.048
1.244
3.922
3.979
3.025
3.068
2.066
1.706
0.797
0.649
0.524
0.65
0.599
0.668
0.554
0.598
1.309
2.688
2.04
0.663
0.613
0.568
0.415
0.815
1.568
1.706
3.922
4.222
3.025
3.068
1.96
1.76
0.797
0.649
0.576
0.652
0.647
0.627
0.603
0.552
1.342
2.688
1.429
0.531
0.707
0.701
0.66
0.848
1.782
2.096
4.176
4.425
3.574
3.138
1.949
1.76
0.984
0.79
0.801
0.632
0.791
0.691
0.685
0.577
1.283
2.558
1.538
1.629
1.293
1.372
2.556
1.449
1.522
1.75
3.39
2.887
2.146
2.877
2.429
1.456
0.93
0.709
0.688
0.588
0.693
0.615
0.683
0.507
1.307
2.675
2.302
2.742
2.364
1.541
2.529
1.324
1.164
0.994
2.686
2.306
2.315
2.858
2.428
1.507
0.898
0.758
0.635
0.671
0.733
0.644
0.649
0.552
1.342
2.674
1.486
0.554
0.545
0.548
0.872
0.848
1.782
2.112
4.062
3.706
3.574
3.126
1.949
1.76
1.137
0.771
0.63
0.68
0.85
0.708
0.647
0.615
1.31
2.743
1.527
0.686
0.632
0.542
0.981
1.096
1.756
2.983
4.935
3.55
3.26
3.097
2.013
1.755
1.245
0.771
0.648
0.67
0.956
0.702
0.647
0.623
1.31
2.631
1.18
0.562
1.094
1.523
1.644
1.41
1.858
2.034
4.125
3.722
3.448
2.99
2.116
1.866
1.33
0.961
0.819
0.84
1.214
0.786
0.791
0.739
1.449
2.49
1.18
0.641
1.297
0.837
1.242
1.168
2.338
3.147
5.785
3.39
3.923
3.385
2.354
1.925
1.473
1.175
1.047
1.049
1.397
0.958
0.977
0.907
1.649
2.641
0.974
0.74
1.444
1.519
2.084
2.092
2.674
2.642
4.438
2.932
3.923
3.245
2.44
2.027
1.487
0.742
0.688
0.571
0.693
0.592
0.683
0.507
1.307
2.203
2.302
2.684
2.335
1.258
1.676
0.806
0.773
0.994
2.834
2.202
2.583
3.087
2.498
1.507
0.886
0.828
0.745
0.615
0.786
0.612
0.76
0.588
1.411
2.197
2.67
3.332
2.834
1.557
1.92
0.806
0.773
1.412
2.834
2.546
2.756
2.733
2.129
1.507
0.976
1.324
1.164
1.228
1.598
1.178
1.135
1.089
1.876
2.888
1.391
1.283
2.13
2.362
3.058
2.669
2.818
2.622
3.783
2.678
3.557
3.157
2.927
2.2
1.734
1.349
1.154
1.239
1.622
1.319
1.217
1.172
1.925
2.888
1.526
1.936
2.912
2.881
3.269
2.725
3.207
2.899
4.095
2.77
3.54
3.202
3.098
2.254
1.964
1.54
1.307
1.381
1.757
1.424
1.369
1.318
2.064
2.512
2.007
2.204
3.435
3.284
3.274
2.725
3.207
2.223
2.972
3.065
3.686
3.208
3.21
2.288
2.196
1.611
1.38
1.466
1.789
1.506
1.369
1.414
2.068
2.369
2.007
2.911
3.273
2.599
2.612
1.985
2.588
2.863
3.646
3.323
3.509
3.435
3.358
2.208
2.196
1.647
1.431
1.474
1.811
1.557
1.43
1.44
2.104
2.146
2.222
2.866
3.033
3.02
3.363
3.023
3.047
2.863
3.646
3.051
3.041
3.346
3.409
2.395
2.331
0.974
0.918
0.796
1.1
0.85
0.939
0.828
1.559
2.356
2.709
2.474
2.393
1.067
1.545
1.179
0.985
1.596
2.971
2.874
2.828
2.779
2.319
1.644
1.145
1.158
1.081
1.004
1.357
1.061
1.095
1.034
1.732
2.026
2.463
2.649
2.578
1.3
2.24
1.916
1.452
2.006
3.335
2.57
2.79
2.977
2.319
1.801
1.423
1.759
1.41
1.402
1.828
1.498
1.434
1.404
2.072
1.759
2.18
2.866
3.033
2.805
4.147
3.161
2.826
3.344
3.92
3.484
2.82
3.534
3.409
2.344
2.067
1.775
1.436
1.459
1.887
1.498
1.434
1.386
2.072
1.759
2.18
2.75
2.651
2.805
2.715
3.184
3.009
3.927
4.545
4.001
2.82
3.343
2.918
2.206
2.067
1.861
1.416
1.371
1.887
1.393
1.385
1.361
2.072
1.762
2.35
2.907
2.41
2.719
3.573
3.296
3.848
3.938
4.961
4.678
3.376
3.356
3.169
2.311
1.912
1.861
1.433
1.462
1.903
1.417
1.34
1.366
2.064
1.93
2.301
2.842
2.41
3.179
3.713
3.573
3.848
3.948
4.961
4.417
3.339
3.465
3.127
2.818
1.935
1.891
1.433
1.348
1.914
1.341
1.383
1.307
2.143
2.089
3.139
2.493
2.355
3.676
4.142
4.542
4.313
3.706
4.368
4.962
3.932
3.465
2.922
2.943
2.55
1.321
1.258
1.203
1.678
1.237
1.267
1.27
1.939
1.905
2.102
2.075
2.603
1.3
1.691
2.21
2.245
3.061
4.371
2.77
2.965
2.934
2.449
1.862
1.655
1.606
1.393
1.378
1.868
1.423
1.39
1.394
2.081
1.766
2.102
2.075
2.177
1.368
1.914
2.284
2.413
3.62
4.993
4.175
3.53
3.555
3.034
2.164
2.027
2.389
1.469
1.428
1.959
1.363
1.432
1.343
2.281
2.536
3.125
2.481
2.18
3.435
3.577
3.464
3.549
2.963
3.701
5.741
3.917
3.441
2.883
2.88
2.643
2.256
1.523
1.568
2.013
1.518
1.553
1.438
2.395
2.676
3.148
3.282
2.326
4.214
3.577
3.464
3.613
2.615
3.406
6.5
3.917
3.515
2.977
3.079
2.862
2.231
1.561
1.514
1.996
1.44
1.5
1.453
2.382
2.957
3.479
4.043
2.526
4.148
3.427
3.244
3.593
2.35
2.805
6.514
3.517
3.53
3.328
3.139
2.68
2.153
1.562
1.621
1.996
1.514
1.578
1.537
2.452
3.223
4.047
3.946
2.526
4.761
2.652
3.624
3.156
2.345
2.805
6.311
3.517
3.87
2.978
2.857
2.781
2.162
1.834
1.542
1.956
1.54
1.604
1.608
2.452
3.434
3.976
3.946
2.303
3.854
2.79
3.518
3.325
2.445
2.945
6.311
3.514
3.779
2.998
2.733
2.311
1.808
1.496
1.412
1.935
1.459
1.424
1.42
2.111
1.846
2.493
2.696
2.882
1.692
2.606
2.946
2.726
3.959
5.279
4.192
2.904
3.233
3.133
2.28
2.053
1.653
1.5
1.378
1.892
1.423
1.445
1.424
2.063
1.987
2.594
2.623
2.743
2.294
2.15
2.533
2.573
3.281
4.514
3.261
2.807
3.241
3.692
2.808
2.545
1.677
1.796
1.624
1.852
1.54
1.604
1.608
2.298
3.317
3.0
3.878
2.177
3.803
2.353
2.361
2.515
2.099
3.036
5.525
2.941
3.379
2.852
2.626
2.062
1.653
1.564
1.576
1.708
1.522
1.58
1.595
2.298
3.313
2.613
3.641
2.068
3.803
2.27
2.211
2.548
2.512
3.334
4.723
2.837
3.56
3.381
2.75
2.062
1.616
1.519
1.486
1.558
1.47
1.505
1.526
2.21
3.313
2.463
2.704
1.695
2.958
1.967
1.569
1.975
2.285
3.877
4.605
3.675
3.247
3.241
2.536
1.857
1.533
1.454
1.425
1.455
1.41
1.424
1.458
2.373
3.313
2.23
1.528
1.433
2.08
1.797
1.457
1.85
2.479
4.034
4.07
3.549
3.484
2.617
2.397
1.889
1.425
1.382
1.302
1.389
1.322
1.357
1.385
2.324
3.223
2.23
1.528
1.546
1.442
1.713
1.457
1.832
2.54
4.897
3.689
2.774
3.087
2.558
2.169
1.755
1.741
1.513
1.434
1.755
1.444
1.495
1.47
2.14
1.944
2.594
2.814
2.797
2.448
2.073
2.403
3.032
3.959
4.514
3.126
2.853
3.341
3.624
2.74
2.391
1.749
1.513
1.426
1.689
1.418
1.495
1.479
2.14
2.038
2.435
2.814
2.797
2.448
1.563
1.741
3.489
4.057
5.005
3.298
2.865
3.272
3.565
2.604
2.306
1.314
1.297
1.296
1.297
1.291
1.258
1.382
2.648
3.155
2.043
1.287
1.273
1.265
1.476
1.258
1.445
2.323
5.395
4.325
2.863
3.412
2.67
2.155
1.755
1.245
1.256
1.251
1.269
1.275
1.202
1.384
2.6
3.057
1.956
1.215
1.232
1.265
1.512
1.212
1.458
2.323
5.395
4.325
2.817
3.513
2.657
2.408
1.874
1.207
1.192
1.178
1.22
1.23
1.144
1.337
2.202
2.847
1.866
1.159
1.496
1.384
1.517
1.372
1.712
2.098
4.763
4.58
2.817
3.165
2.553
2.212
1.785
1.252
1.192
1.234
1.225
1.271
1.144
1.405
2.211
2.84
1.866
1.168
1.528
1.387
1.527
1.38
1.717
2.099
5.456
4.58
2.817
3.655
2.749
2.491
1.707
1.256
1.192
1.238
1.197
1.253
1.113
1.405
2.032
2.764
1.284
1.1
1.521
1.387
1.527
1.347
1.519
1.923
6.22
4.745
2.774
3.361
2.749
2.463
1.621
1.755
1.481
1.439
1.528
1.378
1.352
1.467
2.011
2.147
2.191
3.523
2.797
3.046
2.246
1.683
2.486
3.209
4.088
3.309
3.422
3.605
3.526
2.593
2.295
1.543
1.457
1.427
1.339
1.372
1.263
1.485
2.08
2.319
1.87
2.447
2.293
2.976
2.254
1.65
3.415
3.18
4.447
3.233
2.749
3.297
3.664
2.439
1.648
1.301
1.244
1.294
1.237
1.281
1.125
1.441
2.08
2.726
1.284
1.1
1.791
1.431
1.427
1.347
1.519
1.798
5.108
4.285
2.747
3.447
2.789
2.476
1.804
1.355
1.255
1.332
1.238
1.297
1.145
1.452
2.025
2.641
1.206
1.269
2.488
1.67
1.634
1.607
1.843
1.798
4.637
4.254
2.606
3.061
2.546
2.608
1.804
1.36
1.248
1.27
1.24
1.26
1.217
1.442
2.084
2.599
1.697
1.481
2.522
1.715
1.558
1.968
2.359
2.051
6.423
4.439
2.659
2.969
2.571
2.396
1.791
1.432
1.324
1.338
1.333
1.318
1.304
1.48
2.139
2.527
1.824
1.503
1.841
1.843
1.714
1.826
2.019
2.051
5.823
4.366
2.691
2.969
2.585
2.323
1.787
1.4
1.321
1.34
1.326
1.318
1.297
1.481
2.253
2.527
1.886
1.453
1.826
1.787
1.721
1.791
1.98
1.914
3.974
4.133
2.691
2.969
2.463
2.122
1.787
1.444
1.457
1.333
1.338
1.287
1.257
1.44
2.057
2.319
2.282
2.349
1.791
2.095
1.576
1.26
3.007
2.292
3.801
3.221
3.037
3.109
3.513
2.299
1.598
1.444
1.412
1.338
1.292
1.265
1.205
1.423
2.078
2.373
2.02
2.009
1.826
1.662
1.416
1.186
2.952
2.226
3.344
3.111
3.814
3.109
2.797
1.87
1.53
1.4
1.323
1.324
1.326
1.295
1.297
1.499
2.427
2.566
1.886
1.482
1.826
1.811
1.721
1.791
2.011
1.75
2.793
3.53
2.691
3.084
2.41
2.068
1.785
1.367
1.307
1.33
1.261
1.312
1.255
1.501
2.391
2.569
1.462
1.396
1.753
1.679
1.905
2.063
2.283
2.016
4.493
4.149
2.612
3.243
2.471
2.021
1.737
1.272
1.314
1.281
1.254
1.292
1.235
1.491
2.383
2.573
1.493
1.26
1.256
1.82
1.951
2.587
2.212
1.823
4.538
4.149
2.704
3.242
2.597
1.951
1.737
1.301
1.35
1.299
1.276
1.318
1.236
1.512
2.404
2.583
1.336
1.26
1.587
1.872
2.44
2.047
2.289
2.057
4.538
4.434
2.716
3.21
2.569
1.951
1.757
1.301
1.343
1.299
1.277
1.301
1.238
1.477
2.204
2.696
1.336
1.502
1.602
1.575
1.873
2.037
2.636
2.857
5.438
4.189
2.665
3.199
2.401
1.973
1.841
1.444
1.347
1.307
1.292
1.229
1.205
1.381
1.973
2.273
2.385
2.158
1.915
2.306
1.918
1.186
2.952
1.924
4.261
3.018
3.843
3.368
3.098
1.892
1.496
1.472
1.33
1.312
1.296
1.25
1.3
1.38
2.082
2.339
2.418
2.158
1.915
2.999
1.993
1.226
2.18
1.625
3.069
2.821
4.307
3.631
3.043
2.333
1.522
1.307
1.346
1.293
1.265
1.26
1.195
1.445
2.003
2.588
1.414
1.583
2.065
2.024
1.936
2.056
2.667
2.857
5.409
4.036
2.595
2.956
2.413
2.113
2.109
1.31
1.356
1.293
1.286
1.267
1.208
1.462
2.003
2.667
1.696
1.603
2.065
2.035
1.936
2.061
2.814
3.723
6.208
4.21
2.649
2.895
2.543
2.113
2.109
1.338
1.38
1.319
1.339
1.267
1.249
1.487
2.132
2.906
2.228
1.517
1.604
2.035
1.627
1.411
2.246
3.324
4.789
4.408
2.725
2.874
2.521
2.233
2.285
1.492
1.404
1.332
1.366
1.258
1.257
1.471
2.139
2.959
2.353
1.903
1.681
2.035
1.989
1.411
1.953
3.309
4.48
4.029
2.629
2.79
2.539
2.2
2.153
1.478
1.38
1.36
1.35
1.263
1.257
1.465
2.118
2.959
2.432
2.286
1.768
2.098
1.989
1.489
1.953
2.84
3.95
4.287
2.862
2.896
2.607
2.06
1.952
1.478
1.388
1.31
1.322
1.27
1.361
1.397
2.147
2.258
2.467
1.845
1.717
2.274
1.847
1.907
3.371
1.972
3.258
2.752
3.509
3.444
3.032
2.323
1.454
1.525
1.48
1.329
1.386
1.295
1.361
1.442
2.107
2.13
2.531
1.854
1.717
2.274
1.863
1.938
2.918
1.972
3.06
2.752
4.037
3.612
3.032
1.852
1.475
1.37
1.361
1.339
1.31
1.258
1.225
1.465
2.106
2.731
1.987
2.025
1.92
2.181
2.632
1.722
2.146
2.881
4.137
4.481
2.977
2.97
2.665
2.064
1.835
1.38
1.363
1.319
1.346
1.258
1.244
1.455
2.111
2.625
1.987
1.956
1.435
1.764
3.001
2.171
2.883
3.195
5.173
4.655
3.526
3.044
2.665
1.969
1.563
1.425
1.351
1.363
1.38
1.294
1.311
1.451
2.056
2.289
1.775
2.046
1.485
1.858
3.345
2.628
3.081
2.599
4.78
5.353
4.663
3.224
2.591
1.994
1.508
1.403
1.327
1.319
1.377
1.258
1.297
1.427
2.019
2.234
1.775
2.475
1.465
1.868
3.345
2.628
3.081
2.763
5.576
4.871
3.698
3.261
2.621
1.994
1.34
1.338
1.288
1.285
1.373
1.224
1.309
1.411
2.093
2.234
1.637
1.842
1.316
1.514
2.744
2.299
2.863
2.763
5.905
5.167
3.758
3.285
2.595
1.981
1.313
1.524
1.48
1.404
1.395
1.342
1.342
1.469
2.107
2.185
2.107
1.712
1.805
3.047
2.348
2.072
3.554
2.086
3.216
2.982
3.722
3.542
3.14
2.035
1.583
1.524
1.48
1.431
1.395
1.357
1.334
1.481
2.143
2.185
1.655
1.547
1.604
2.742
2.844
2.072
3.554
2.086
3.216
2.718
3.093
3.542
3.14
1.994
1.554
1.317
1.249
1.272
1.373
1.229
1.309
1.37
2.155
2.5
1.415
1.409
1.104
1.514
2.29
2.089
2.723
3.459
6.395
4.922
4.133
3.306
2.595
1.997
1.263
1.293
1.307
1.223
1.382
1.219
1.324
1.38
2.123
2.539
1.64
1.598
1.104
1.83
2.29
2.089
2.723
3.134
6.531
4.922
4.133
3.306
2.548
2.051
1.263
1.334
1.307
1.268
1.382
1.268
1.365
1.431
2.168
2.543
1.61
1.689
1.131
2.513
1.949
1.912
2.52
2.864
5.764
5.428
4.233
3.163
2.637
2.048
1.421
1.31
1.418
1.292
1.443
1.287
1.324
1.446
2.114
2.782
1.611
1.56
1.106
2.627
2.271
1.626
2.14
2.65
5.596
4.794
3.555
3.163
2.724
2.119
1.615
1.31
1.418
1.292
1.451
1.275
1.331
1.427
2.078
2.68
1.24
1.294
1.681
3.369
2.303
1.627
2.106
2.238
4.859
4.926
3.434
3.108
2.709
2.11
1.642
1.483
1.43
1.431
1.319
1.37
1.286
1.506
2.108
2.185
1.521
1.293
1.321
1.932
2.394
1.39
2.418
1.731
2.19
3.22
3.291
3.273
2.8
1.829
1.56
1.43
1.404
1.41
1.29
1.365
1.262
1.495
2.088
2.137
1.431
1.279
1.312
1.846
2.557
1.453
2.429
1.953
3.182
3.516
2.843
3.273
2.348
1.702
1.461
1.308
1.408
1.328
1.451
1.326
1.312
1.449
2.041
2.467
1.631
1.604
1.706
3.369
2.303
1.627
2.119
2.152
4.026
4.347
3.226
3.178
2.697
2.114
1.655
1.296
1.45
1.351
1.467
1.383
1.287
1.518
2.023
2.406
1.888
1.938
1.786
3.182
2.761
2.026
2.447
1.932
3.791
4.299
2.535
3.298
2.664
2.152
1.738
1.335
1.46
1.371
1.499
1.381
1.327
1.509
2.059
2.48
1.514
1.874
1.664
3.098
2.626
2.026
2.225
1.71
3.096
4.334
3.214
3.272
2.751
2.106
1.652
1.335
1.348
1.371
1.398
1.37
1.295
1.53
2.072
2.495
1.657
2.406
2.234
2.722
2.831
2.623
2.147
1.873
2.926
4.334
3.141
3.519
2.781
2.11
1.706
1.335
1.348
1.384
1.398
1.368
1.312
1.538
2.057
2.495
1.586
2.406
2.238
2.506
2.289
2.589
2.59
2.433
3.482
4.952
3.204
3.625
2.784
2.11
1.689
1.476
1.412
1.408
1.332
1.33
1.262
1.441
2.084
2.389
1.357
1.253
1.6
2.183
2.576
1.453
1.943
2.162
3.65
3.769
2.809
3.11
2.418
1.645
1.523
1.476
1.467
1.408
1.361
1.33
1.323
1.441
2.151
2.65
1.357
1.491
1.901
2.61
2.789
1.72
1.66
1.949
2.838
4.208
2.809
3.541
2.418
1.829
1.584
1.447
1.454
1.47
1.454
1.387
1.323
1.538
2.077
2.495
1.562
2.385
1.798
2.506
2.942
2.977
2.915
2.755
4.069
5.053
3.713
3.959
2.853
2.294
1.936
1.486
1.46
1.495
1.486
1.387
1.356
1.534
2.119
2.491
1.331
2.104
1.798
2.533
2.942
2.977
2.915
2.957
4.974
5.214
3.835
3.622
2.948
2.294
1.936
1.508
1.44
1.493
1.484
1.338
1.392
1.478
2.165
2.386
1.174
1.503
1.743
2.205
2.215
2.544
2.418
2.976
4.579
5.214
3.835
3.574
3.176
2.376
1.963
1.538
1.402
1.493
1.487
1.364
1.399
1.466
2.191
2.807
1.333
1.313
1.305
1.761
1.665
1.91
2.43
2.957
4.579
5.148
3.746
3.588
3.159
2.455
1.973
1.538
1.413
1.444
1.511
1.32
1.43
1.428
2.191
3.528
1.408
1.313
1.167
1.39
1.352
1.85
2.017
3.183
5.699
5.148
3.302
3.588
3.37
2.594
1.766
1.733
1.634
1.614
1.576
1.592
1.622
1.752
2.47
2.925
1.696
1.527
1.901
2.61
2.976
2.552
1.66
1.895
3.012
3.985
3.559
3.852
2.519
1.777
1.397
1.79
1.745
1.687
1.657
1.66
1.642
1.792
2.402
2.673
1.671
1.554
2.507
2.681
2.525
2.712
2.311
2.268
4.048
4.224
4.241
4.196
3.353
1.868
1.5
1.483
1.344
1.377
1.483
1.294
1.43
1.428
2.191
3.036
1.395
1.353
1.277
1.432
1.545
1.749
2.141
3.183
5.594
4.912
3.383
3.369
3.345
2.385
1.693
1.483
1.344
1.377
1.478
1.3
1.427
1.428
2.213
3.036
1.469
1.322
1.147
1.432
1.545
1.749
1.978
3.005
5.728
4.375
3.364
3.157
3.086
2.261
1.56
1.467
1.35
1.365
1.478
1.271
1.453
1.403
2.154
3.013
1.442
1.336
1.123
1.452
1.54
1.723
1.981
2.644
5.324
4.352
3.294
3.317
2.938
2.292
1.566
1.475
1.349
1.362
1.464
1.287
1.434
1.352
2.13
2.904
1.434
1.318
1.124
1.43
1.535
1.704
1.981
2.324
4.69
4.849
3.776
3.791
2.931
2.206
1.528
1.494
1.349
1.335
1.456
1.253
1.419
1.296
2.075
2.212
1.182
1.271
1.096
1.259
1.495
1.493
1.4
2.389
6.289
4.863
3.548
3.793
2.904
2.253
1.465
1.859
1.871
1.811
1.758
1.741
1.643
1.794
2.508
2.673
1.72
1.722
3.086
3.085
3.635
3.071
2.319
2.244
4.048
3.696
4.174
4.487
3.452
2.276
1.935
1.859
1.871
1.811
1.758
1.741
1.643
1.794
2.568
3.346
2.501
2.001
3.086
2.58
3.388
3.071
2.319
2.032
2.8
2.503
4.084
3.856
3.996
2.219
1.457
1.464
1.363
1.302
1.432
1.27
1.389
1.28
2.025
2.095
1.128
1.186
1.119
1.252
1.743
1.249
1.308
1.91
4.69
4.245
4.055
4.099
2.904
2.262
1.356
1.419
1.307
1.29
1.368
1.262
1.334
1.243
1.96
1.981
1.202
1.186
1.119
1.189
1.905
1.639
1.308
1.91
4.465
4.069
3.957
4.099
3.271
2.615
1.457
1.397
1.307
1.215
1.167
1.114
1.184
1.191
1.72
2.031
1.413
1.159
1.074
1.095
1.648
1.322
1.225
2.751
3.874
3.579
3.34
3.846
3.267
2.496
1.378
1.246
1.236
1.08
0.952
1.002
0.992
1.145
1.594
1.886
1.577
1.053
1.297
1.025
1.626
1.289
1.178
2.842
3.523
3.34
3.553
3.445
3.026
2.297
1.134
1.013
1.066
0.872
0.786
0.796
0.777
1.08
1.34
1.686
1.558
1.321
2.144
1.039
1.697
1.17
1.251
3.64
3.473
2.596
2.944
2.29
2.429
2.158
1.89
1.757
1.797
1.77
1.723
1.74
1.55
1.78
2.534
2.94
2.453
1.831
2.731
2.31
2.402
2.271
3.41
2.032
1.92
2.555
3.93
3.856
3.996
2.219
2.231
1.66
1.337
1.342
1.248
1.284
1.093
1.335
2.535
2.022
1.491
1.926
2.746
1.875
2.053
1.873
2.914
2.264
1.855
1.856
3.41
3.856
3.01
1.652
0.959
0.811
0.882
0.752
0.637
0.613
0.683
1.045
1.34
1.38
1.497
1.147
2.023
0.96
1.585
1.041
1.31
4.351
2.253
1.92
3.219
2.177
2.195
1.671
0.642
0.651
0.654
0.587
0.601
0.51
0.64
0.959
1.139
1.581
1.418
1.034
2.184
1.237
1.224
0.981
1.564
4.351
2.438
2.075
2.744
2.078
1.55
1.391
0.676
0.651
0.619
0.587
0.606
0.478
0.606
0.908
1.121
1.581
1.169
0.831
1.781
1.113
0.755
0.923
1.299
3.459
2.438
2.128
3.426
2.222
1.469
1.218
0.52
0.57
0.502
0.476
0.568
0.391
0.55
0.912
1.205
1.41
0.797
0.831
1.774
0.997
0.537
0.744
1.178
3.315
2.1
2.042
3.472
2.122
1.534
1.258
0.52
0.57
0.495
0.476
0.567
0.382
0.536
0.864
1.156
1.292
0.66
1.019
0.953
1.392
0.762
0.7
1.689
4.175
1.955
2.097
3.277
2.164
1.582
1.37
1.634
1.336
1.045
1.016
1.021
0.982
0.93
1.169
2.481
1.555
1.156
1.411
2.696
1.875
1.434
1.873
2.223
2.181
1.33
1.909
3.222
3.524
2.53
1.28
1.469
1.146
0.764
0.696
0.8
0.691
0.752
1.024
2.426
1.4
1.127
1.338
1.927
2.099
1.31
1.518
1.423
2.59
1.33
2.001
2.51
3.627
1.711
1.193
0.606
0.627
0.514
0.538
0.567
0.393
0.544
0.834
1.156
1.301
0.587
1.019
0.862
0.908
0.535
0.813
2.016
3.853
2.289
2.078
3.155
2.204
1.539
1.498
0.573
0.548
0.537
0.448
0.539
0.382
0.507
0.828
1.036
1.198
0.587
0.989
0.809
0.88
0.471
0.805
2.321
3.281
2.785
2.551
3.003
2.38
1.424
1.331
0.616
0.563
0.578
0.461
0.58
0.41
0.508
0.845
1.128
0.872
0.465
0.956
0.549
0.367
0.408
0.582
1.856
3.281
2.722
2.266
3.881
2.637
1.364
1.128
0.596
0.588
0.599
0.48
0.623
0.448
0.525
0.879
1.228
0.753
0.465
1.206
0.796
0.584
0.685
0.582
2.234
4.173
2.637
1.964
3.156
2.351
1.341
1.374
0.596
0.601
0.597
0.48
0.639
0.448
0.538
0.864
1.228
0.753
0.475
1.242
0.887
0.685
0.879
0.586
2.234
4.216
2.637
1.756
2.97
2.391
1.243
1.236
1.248
0.88
0.563
0.492
0.599
0.5
0.578
0.926
2.077
1.429
1.149
1.158
1.349
1.799
1.099
1.519
1.225
2.406
1.366
2.126
2.018
3.147
1.31
1.08
0.695
0.738
0.563
0.492
0.536
0.471
0.516
0.868
1.715
1.245
0.926
0.71
1.212
1.85
0.94
1.56
1.297
2.995
2.285
3.124
2.309
3.35
1.31
1.08
0.507
0.543
0.597
0.43
0.639
0.429
0.55
0.864
1.252
0.679
0.828
0.958
0.656
0.556
0.658
0.911
2.234
4.023
2.325
1.124
2.893
2.385
1.231
0.947
0.507
0.543
0.597
0.43
0.568
0.465
0.513
0.875
1.298
0.741
0.836
0.462
0.46
0.552
0.654
1.198
2.372
3.769
2.0
1.195
2.811
2.352
1.264
0.826
0.509
0.551
0.546
0.495
0.527
0.494
0.503
0.857
1.361
1.045
1.0
0.939
0.707
0.644
0.781
1.385
1.865
3.918
2.0
1.238
2.499
2.084
1.33
0.816
0.477
0.527
0.472
0.526
0.429
0.494
0.452
0.812
1.348
0.955
1.019
0.868
0.682
0.636
0.735
1.385
1.674
4.223
2.062
1.606
2.334
1.975
1.273
0.777
0.448
0.512
0.395
0.557
0.408
0.492
0.45
0.812
1.346
0.898
0.603
0.384
0.438
0.557
0.494
0.93
1.23
4.14
1.477
1.009
2.211
1.887
1.32
0.648
0.73
0.761
0.566
0.553
0.578
0.489
0.509
0.879
1.604
1.095
1.146
2.291
1.935
3.106
0.94
1.794
1.297
2.294
2.408
2.56
2.249
3.269
1.328
1.189
0.73
0.643
0.564
0.463
0.593
0.454
0.478
0.88
1.372
0.916
1.126
0.778
1.42
3.106
0.948
1.775
1.878
2.561
2.953
2.76
2.05
3.268
1.28
1.127
0.463
0.512
0.347
0.584
0.358
0.533
0.422
0.839
1.346
1.086
1.019
0.369
0.372
0.464
0.361
1.439
1.552
3.77
1.599
0.964
2.353
1.887
1.265
0.648
0.463
0.498
0.365
0.584
0.375
0.533
0.422
0.889
1.306
1.619
0.89
0.673
0.427
0.465
0.433
1.373
1.033
3.77
1.448
1.064
2.353
1.921
1.235
0.694
0.463
0.498
0.365
0.536
0.412
0.497
0.429
0.95
1.3
1.216
0.858
0.707
0.629
0.619
0.666
0.891
1.033
4.172
2.087
1.227
2.376
1.836
1.23
0.726
0.501
0.54
0.428
0.537
0.433
0.468
0.449
0.994
1.243
0.883
1.149
0.439
0.603
1.25
0.866
0.79
1.041
3.723
1.453
0.919
2.302
1.738
1.23
0.867
0.499
0.561
0.443
0.502
0.483
0.429
0.495
1.007
1.231
0.939
1.099
0.464
0.596
1.234
0.917
0.789
1.041
3.728
1.14
0.732
2.302
1.761
1.265
0.955
0.782
0.577
0.577
0.483
0.521
0.484
0.424
0.944
1.134
1.1
1.303
1.504
1.42
3.168
1.112
1.222
1.269
2.455
2.953
2.475
1.852
3.042
1.28
1.182
0.782
0.602
0.577
0.539
0.508
0.515
0.458
1.004
0.957
0.863
1.086
1.446
1.38
2.716
1.15
1.314
1.753
1.503
2.854
1.512
1.893
2.994
1.281
1.143
0.553
0.543
0.491
0.451
0.478
0.415
0.466
1.051
1.542
1.479
1.08
0.461
0.629
1.198
0.934
1.004
0.963
3.722
1.32
0.666
2.108
2.075
1.28
1.019
0.573
0.561
0.501
0.403
0.506
0.377
0.518
1.018
1.201
1.479
0.726
0.507
0.781
1.374
1.22
1.004
1.01
4.626
1.18
0.932
2.215
2.074
1.323
0.975
0.573
0.562
0.502
0.418
0.495
0.356
0.504
1.019
1.226
0.979
0.46
0.507
0.957
0.691
1.105
0.815
1.147
4.429
1.973
1.412
2.215
2.03
1.324
0.999
0.508
0.513
0.469
0.42
0.495
0.372
0.55
1.011
1.255
1.07
0.93
0.808
0.767
0.717
1.224
0.878
0.787
4.138
1.423
1.77
2.106
2.03
1.269
1.009
0.508
0.513
0.469
0.42
0.509
0.362
0.535
1.053
1.227
1.097
0.46
0.777
0.775
0.587
1.029
0.835
1.523
4.138
1.373
2.252
1.962
2.004
1.242
0.941
0.727
0.672
0.534
0.568
0.525
0.483
0.512
0.997
1.271
0.927
1.197
1.348
1.835
3.89
2.167
0.828
1.766
1.5
2.876
1.301
1.891
2.916
1.166
1.042
0.781
0.725
0.461
0.506
0.487
0.433
0.516
0.997
1.203
1.987
1.978
2.803
2.477
3.776
2.167
0.786
1.766
1.291
2.129
0.929
1.699
2.982
1.254
0.907
0.63
0.547
0.556
0.456
0.505
0.401
0.487
1.042
1.2
1.073
0.509
0.725
1.031
0.687
1.021
0.835
1.523
3.536
1.713
2.758
1.962
1.949
1.348
1.002
0.557
0.565
0.518
0.472
0.494
0.362
0.537
0.955
1.2
0.55
0.499
0.756
1.245
0.827
1.362
0.855
2.03
3.436
2.072
2.758
2.048
1.531
1.208
0.906
0.495
0.551
0.496
0.464
0.472
0.36
0.502
0.924
1.2
0.416
0.374
0.696
1.1
0.692
1.053
0.625
1.55
3.436
2.883
3.093
1.935
1.515
1.138
0.891
0.521
0.535
0.54
0.435
0.456
0.393
0.463
0.958
1.307
0.532
0.328
0.38
0.893
0.66
0.865
0.845
1.347
3.327
2.08
2.358
2.037
1.414
1.104
0.796
0.596
0.513
0.542
0.444
0.42
0.42
0.412
1.317
1.481
0.741
0.328
0.329
0.893
0.463
0.601
0.834
1.267
2.525
1.909
2.726
2.79
1.522
1.244
0.697
0.705
0.678
0.431
0.462
0.469
0.444
0.494
0.943
1.204
1.971
1.17
1.45
1.826
2.12
2.15
0.786
1.166
0.917
1.977
1.011
1.891
2.912
1.179
0.785
0.602
0.678
0.383
0.482
0.417
0.433
0.482
0.856
1.204
2.03
1.183
1.419
1.825
2.185
2.107
0.786
0.839
0.917
1.086
1.011
1.885
2.774
1.131
0.823
0.477
0.459
0.438
0.435
0.42
0.468
0.422
1.207
1.511
0.683
0.367
0.312
0.598
0.427
0.424
0.814
0.699
2.805
2.153
2.265
2.781
1.624
1.279
0.628
0.477
0.459
0.381
0.427
0.427
0.448
0.443
1.661
1.663
0.651
0.34
0.339
0.354
0.369
0.414
0.805
0.71
2.805
1.947
1.959
2.14
1.573
1.182
0.564
0.508
0.464
0.39
0.457
0.418
0.482
0.443
1.665
1.637
0.642
0.372
0.324
0.354
0.362
0.414
0.639
0.411
1.928
2.976
2.339
2.875
1.706
1.262
0.564
0.549
0.474
0.398
0.517
0.44
0.509
0.453
1.731
1.684
0.622
0.406
0.314
0.37
0.368
0.397
0.656
0.326
1.491
2.537
1.469
3.058
1.665
1.262
0.596
0.538
0.489
0.398
0.517
0.462
0.508
0.479
1.309
1.694
0.391
0.438
0.321
0.421
0.414
0.475
0.576
0.326
1.491
2.456
1.358
3.02
1.714
1.372
0.688
0.547
0.724
0.383
0.495
0.434
0.411
0.504
0.763
1.357
1.585
1.031
0.973
1.701
1.214
1.758
0.998
0.818
0.908
1.1
0.977
1.754
2.641
1.177
0.794
0.641
0.772
0.417
0.495
0.434
0.411
0.507
0.737
2.005
1.874
1.07
0.91
1.727
1.184
1.761
0.929
0.675
0.996
0.92
1.092
1.656
1.954
1.264
0.794
0.54
0.565
0.403
0.568
0.502
0.523
0.496
0.874
1.674
0.391
0.451
0.43
0.466
0.473
0.729
0.576
0.487
2.241
2.568
0.942
2.019
1.572
1.372
0.736
0.539
0.547
0.445
0.515
0.536
0.496
0.496
0.874
1.674
0.763
0.513
0.568
0.563
0.582
0.81
0.576
0.561
2.296
2.226
0.983
1.787
1.464
1.302
0.802
0.547
0.517
0.527
0.469
0.563
0.492
0.486
0.874
1.669
0.883
0.582
0.982
0.704
0.726
1.251
0.672
1.043
3.171
3.682
0.772
1.404
1.463
1.247
0.842
0.612
0.558
0.59
0.504
0.563
0.521
0.463
0.841
1.534
1.474
0.788
0.98
0.659
0.718
0.948
0.554
1.047
3.171
2.166
0.772
1.037
1.463
1.31
0.947
0.656
0.657
0.639
0.531
0.569
0.523
0.481
1.219
1.578
1.474
0.803
1.0
0.709
0.712
0.957
0.551
1.053
3.244
1.563
0.827
1.037
1.482
1.469
1.096
0.854
0.992
0.453
0.527
0.398
0.466
0.491
0.668
2.068
1.656
0.963
0.991
1.088
0.627
0.858
0.975
0.813
0.944
0.787
1.281
1.463
1.889
1.264
0.727
0.699
0.707
0.528
0.548
0.523
0.521
0.577
0.646
2.759
1.11
0.732
0.682
1.088
0.975
0.877
1.64
0.971
0.838
0.757
1.685
1.998
1.386
1.023
0.759
0.696
0.708
0.639
0.588
0.575
0.537
0.522
1.133
1.578
1.395
0.803
0.908
0.693
0.655
0.9
0.583
1.024
3.385
1.801
0.853
1.077
1.516
1.55
1.252
0.673
0.614
0.603
0.552
0.549
0.527
0.486
1.101
1.355
0.89
0.637
1.004
0.958
1.013
0.903
0.704
1.024
3.575
1.685
1.514
1.361
1.653
1.525
1.093
0.673
0.656
0.601
0.637
0.516
0.561
0.506
1.094
1.406
0.554
0.591
0.87
0.88
0.89
0.94
0.755
0.994
3.813
2.225
1.665
1.409
1.663
1.486
1.093
0.617
0.651
0.549
0.637
0.521
0.575
0.533
0.572
1.357
0.638
0.734
0.72
0.684
0.468
0.741
0.681
0.631
3.269
1.635
1.665
1.409
1.663
1.529
1.184
0.59
0.685
0.487
0.597
0.521
0.558
0.533
0.547
1.426
0.459
0.542
0.709
0.684
0.473
0.741
0.681
0.627
3.269
1.999
1.871
1.333
1.438
1.417
1.018
0.827
0.728
0.564
0.569
0.555
0.542
0.596
0.643
2.974
1.57
0.809
0.598
1.08
1.209
1.116
2.015
1.622
1.45
0.757
2.004
1.41
1.354
1.199
0.759
0.827
0.728
0.597
0.569
0.589
0.542
0.596
0.599
2.479
2.092
1.04
0.835
1.124
1.148
1.18
2.015
1.479
0.838
1.097
1.625
1.051
1.354
1.228
1.134
0.59
0.611
0.487
0.551
0.515
0.53
0.497
0.499
1.291
0.608
0.482
1.93
1.524
0.574
1.288
0.911
0.748
3.39
1.933
1.232
1.054
1.368
1.255
0.815
0.593
0.612
0.492
0.578
0.515
0.573
0.497
0.541
1.291
0.64
0.492
1.922
1.541
0.648
1.337
0.884
1.209
2.91
2.089
1.797
1.276
1.259
1.104
0.654
0.613
0.614
0.501
0.589
0.518
0.606
0.498
0.539
1.459
0.777
1.224
0.708
0.713
0.56
0.8
0.65
1.2
2.814
2.387
1.424
1.116
1.259
1.104
0.609
0.66
0.579
0.547
0.556
0.553
0.593
0.498
0.569
1.455
0.893
1.506
0.757
0.727
0.664
1.275
1.15
1.744
2.814
2.387
1.663
1.391
1.259
1.138
0.638
0.66
0.585
0.603
0.57
0.572
0.577
0.517
0.639
1.678
1.092
0.826
0.444
0.918
0.801
1.212
1.175
2.644
3.345
2.387
1.663
1.491
1.32
1.15
0.638
0.86
0.769
0.602
0.585
0.637
0.581
0.644
0.538
2.441
1.566
0.926
0.75
0.615
0.747
1.18
1.602
1.623
0.995
1.094
2.212
0.982
1.394
1.236
1.121
0.877
0.766
0.585
0.584
0.607
0.581
0.592
0.538
2.441
1.354
0.926
0.848
1.114
0.8
1.125
1.611
1.622
1.549
1.51
2.076
1.039
1.468
1.061
0.778
0.667
0.585
0.603
0.596
0.579
0.613
0.545
0.659
1.633
1.092
0.878
1.19
1.842
1.206
1.414
1.227
2.917
3.621
2.296
1.368
1.733
1.466
1.117
0.659
0.701
0.585
0.603
0.596
0.579
0.613
0.545
0.659
1.633
1.539
1.162
0.711
1.087
1.142
1.122
0.914
2.917
3.548
2.028
1.925
2.039
1.455
1.117
0.681
0.662
0.573
0.59
0.555
0.529
0.562
0.516
0.632
1.528
1.612
1.257
1.316
1.427
1.073
1.087
0.897
2.595
3.411
1.775
1.351
1.786
1.377
1.161
0.701
0.608
0.558
0.586
0.502
0.52
0.511
0.491
0.617
1.705
1.296
1.118
1.316
1.379
1.069
1.029
0.897
2.346
3.46
1.68
1.133
2.06
1.352
1.095
0.734
0.602
0.597
0.527
0.484
0.518
0.479
0.527
0.614
1.604
1.228
0.937
1.312
1.335
0.675
0.751
0.693
1.379
3.166
1.267
1.437
1.685
1.387
1.131
0.705
0.772
0.712
0.585
0.557
0.607
0.543
0.587
0.538
2.161
1.451
0.918
0.931
1.114
0.794
1.125
1.539
0.964
1.643
1.498
1.961
1.039
1.422
1.083
0.811
0.784
0.708
0.585
0.563
0.585
0.551
0.548
0.604
1.582
1.451
0.904
0.931
0.665
0.667
1.229
0.875
0.847
1.329
1.497
1.316
1.039
1.606
1.184
0.855
0.604
0.567
0.477
0.494
0.471
0.502
0.471
0.559
1.225
0.875
0.937
1.797
1.031
0.47
0.87
0.684
1.379
2.971
1.081
1.429
1.587
1.451
1.469
0.764
0.642
0.611
0.467
0.494
0.489
0.502
0.486
0.578
1.515
0.947
0.915
1.797
1.031
0.47
0.637
0.841
1.033
2.257
0.77
1.379
1.232
1.216
1.471
0.746
0.614
0.631
0.451
0.571
0.503
0.557
0.517
0.624
1.673
0.947
0.832
1.558
0.903
0.454
0.406
0.767
1.531
2.806
1.17
0.801
0.843
1.35
1.559
0.792
0.649
0.639
0.485
0.614
0.523
0.617
0.528
0.647
1.514
0.867
0.772
0.948
0.689
0.76
0.496
0.807
1.734
3.767
1.334
0.993
1.074
1.424
1.663
0.846
0.67
0.682
0.467
0.682
0.502
0.662
0.562
0.647
1.3
0.91
0.772
0.956
0.886
1.131
0.935
1.239
1.774
3.335
0.977
1.122
0.988
1.472
1.663
0.698
0.767
0.666
0.609
0.547
0.595
0.55
0.537
0.655
1.707
1.611
1.095
1.035
1.086
0.546
0.661
0.675
0.847
0.913
1.497
1.077
1.026
1.577
1.053
0.878
0.777
0.666
0.632
0.547
0.645
0.574
0.561
0.664
2.38
1.397
0.847
0.867
1.085
0.57
0.825
1.001
1.101
1.327
1.741
1.01
1.021
1.181
1.171
0.878
0.68
0.603
0.493
0.689
0.512
0.699
0.53
0.657
1.353
0.912
0.702
0.946
1.136
1.367
1.24
1.605
2.048
2.931
1.54
1.122
1.057
1.472
1.354
0.737
0.681
0.606
0.536
0.689
0.562
0.699
0.538
0.672
1.353
1.177
0.799
0.527
1.287
1.405
1.016
1.516
1.556
3.288
1.602
1.192
1.073
1.492
1.329
0.662
0.651
0.571
0.536
0.631
0.539
0.68
0.528
0.662
1.353
1.599
0.943
0.527
1.287
1.436
1.016
1.128
1.556
3.288
1.861
1.356
1.195
1.629
1.293
0.753
0.631
0.57
0.525
0.577
0.557
0.648
0.533
0.591
1.124
1.399
0.845
0.615
1.619
1.589
1.38
1.507
1.556
3.288
1.652
1.304
1.211
1.709
1.213
0.675
0.618
0.559
0.495
0.577
0.549
0.605
0.558
0.533
1.006
1.57
0.776
0.669
1.604
1.374
1.722
1.729
2.048
2.727
1.197
1.551
1.42
1.709
1.201
0.599
0.78
0.666
0.67
0.511
0.674
0.545
0.561
0.687
2.38
1.376
0.787
1.054
1.623
0.642
0.825
1.356
1.269
1.64
2.323
0.784
0.928
1.166
1.155
0.861
0.709
0.682
0.627
0.506
0.61
0.497
0.557
0.581
1.543
1.322
0.849
0.984
1.104
0.624
0.765
1.329
1.256
1.145
1.882
0.822
1.635
1.633
1.155
0.812
0.636
0.529
0.486
0.563
0.561
0.613
0.551
0.506
1.078
1.799
0.776
0.657
1.447
1.099
1.322
1.262
1.853
2.266
1.197
1.501
1.353
1.704
1.155
0.645
0.58
0.552
0.465
0.555
0.544
0.553
0.587
0.475
0.936
1.799
0.915
0.954
1.406
1.022
1.133
0.918
1.755
3.274
1.197
1.354
1.291
1.537
1.076
0.686
0.567
0.562
0.437
0.586
0.524
0.528
0.608
0.443
1.051
1.614
0.794
1.058
1.518
1.124
1.101
1.077
1.978
3.338
1.55
2.154
1.867
1.523
0.943
0.66
0.528
0.562
0.437
0.575
0.53
0.461
0.608
0.43
0.743
1.053
0.572
0.761
1.008
0.954
1.085
1.064
1.836
3.338
1.281
1.996
1.486
1.323
0.998
0.66
0.544
0.525
0.446
0.555
0.51
0.461
0.565
0.435
0.698
1.319
0.908
0.796
0.741
0.941
1.346
0.937
1.585
2.413
1.093
2.33
1.581
1.308
1.013
0.69
0.709
0.714
0.624
0.508
0.61
0.497
0.56
0.588
1.442
1.039
0.61
0.705
1.11
0.654
0.78
1.272
1.305
1.096
1.914
0.729
1.543
1.964
1.235
0.84
0.646
0.714
0.543
0.49
0.564
0.462
0.555
0.486
1.298
1.133
0.843
0.694
1.125
0.762
0.736
1.706
1.719
1.59
2.552
1.01
1.386
1.964
1.149
0.777
0.561
0.478
0.444
0.49
0.505
0.474
0.492
0.443
0.611
1.77
1.756
1.179
1.055
0.751
0.762
0.85
1.483
2.73
1.215
1.49
1.044
1.247
1.013
0.687
0.49
0.48
0.435
0.453
0.48
0.424
0.462
0.419
0.611
1.171
1.44
1.175
1.025
0.713
0.762
0.797
1.481
3.315
1.73
2.065
1.141
1.274
1.142
0.645
0.467
0.445
0.39
0.437
0.413
0.412
0.395
0.419
0.736
1.296
1.321
0.732
0.752
0.571
0.599
0.734
1.219
2.809
1.844
3.091
1.727
1.318
1.241
0.582
0.395
0.445
0.363
0.414
0.424
0.381
0.395
0.422
0.939
1.189
1.287
0.542
0.441
0.403
0.432
0.561
0.797
2.282
2.055
2.128
1.206
1.318
1.241
0.582
0.396
0.409
0.363
0.405
0.376
0.401
0.364
0.446
1.257
1.676
1.935
0.976
0.763
0.588
1.103
0.734
1.267
2.284
1.961
1.916
1.206
1.318
1.204
0.545
0.599
0.72
0.448
0.47
0.489
0.436
0.533
0.407
1.204
0.666
0.657
0.919
0.719
0.824
0.643
1.611
1.406
1.432
2.004
0.741
1.387
2.07
1.089
0.825
0.587
0.71
0.356
0.455
0.397
0.401
0.495
0.33
0.65
0.518
0.647
0.916
0.674
0.812
0.422
1.485
0.932
0.984
1.391
0.697
1.387
2.07
0.933
0.722
0.367
0.438
0.311
0.449
0.346
0.406
0.378
0.423
1.265
1.209
1.059
0.839
0.668
0.458
0.389
0.589
0.777
2.148
2.071
1.522
1.056
1.075
1.083
0.545
0.325
0.449
0.295
0.443
0.354
0.375
0.398
0.391
1.265
0.54
0.411
0.891
0.34
0.46
0.315
0.42
0.422
1.507
1.827
1.409
0.894
0.875
0.872
0.483
0.352
0.392
0.353
0.398
0.368
0.384
0.361
0.437
1.078
0.581
0.406
0.888
0.391
0.449
0.358
0.409
0.412
0.929
1.258
0.746
0.66
0.674
0.646
0.422
0.362
0.417
0.405
0.389
0.365
0.382
0.36
0.382
0.769
0.38
0.378
0.946
0.415
0.443
0.362
0.38
0.438
0.929
0.892
0.746
0.66
0.631
0.586
0.473
0.354
0.39
0.431
0.349
0.365
0.353
0.36
0.374
0.461
0.566
0.621
1.443
0.625
0.619
0.917
0.499
0.52
1.485
0.812
0.661
0.713
0.631
0.586
0.568
0.537
0.609
0.335
0.435
0.388
0.362
0.478
0.302
0.537
0.444
0.552
0.537
0.399
0.588
0.363
0.934
0.519
0.414
0.716
0.508
1.289
1.854
0.764
0.677
0.507
0.55
0.347
0.435
0.388
0.362
0.478
0.316
0.533
0.572
0.73
0.849
0.413
0.578
0.422
0.976
0.678
1.332
0.878
0.528
1.289
1.789
0.781
0.675
0.464
0.481
0.48
0.392
0.414
0.353
0.404
0.374
0.461
0.566
0.621
1.446
0.625
0.619
0.891
0.499
0.52
1.524
1.285
1.167
1.016
0.893
0.712
0.72
0.444
0.483
0.494
0.34
0.47
0.33
0.404
0.4
0.55
0.804
0.641
1.46
0.642
0.555
0.951
0.455
0.539
1.527
1.833
1.278
1.087
1.051
0.845
0.718
0.523
0.449
0.509
0.367
0.457
0.434
0.367
0.485
0.705
0.981
0.748
0.932
0.648
0.558
1.507
0.523
0.539
1.621
2.137
1.882
1.606
1.287
0.965
0.816
0.546
0.522
0.517
0.414
0.532
0.442
0.445
0.907
0.924
1.161
0.748
1.01
0.669
0.631
1.559
0.537
0.578
1.68
3.218
2.398
1.606
1.355
1.059
0.82
0.524
0.494
0.517
0.45
0.587
0.53
0.499
0.996
1.186
1.515
1.897
1.096
1.032
0.68
1.559
0.688
0.671
1.928
3.24
2.665
1.863
1.42
1.113
0.823
0.51
0.54
0.35
0.437
0.359
0.368
0.444
0.324
0.721
1.189
1.222
1.273
0.659
0.778
0.49
1.185
0.873
1.819
2.447
0.865
1.744
1.483
0.632
0.616
0.47
0.54
0.407
0.413
0.393
0.367
0.444
0.382
0.764
1.695
1.3
1.312
0.768
0.555
1.013
0.968
0.873
1.819
1.32
0.963
1.955
1.483
0.632
0.711
0.597
0.551
0.51
0.485
0.562
0.552
0.521
1.423
1.247
1.505
1.918
1.002
0.855
0.536
1.186
0.789
0.743
1.015
3.636
2.665
1.678
1.439
1.078
0.784
0.59
0.522
0.463
0.432
0.502
0.488
0.452
1.378
1.247
1.155
0.879
0.983
0.855
0.536
1.326
0.789
0.743
1.654
3.526
2.661
1.678
1.473
1.137
0.75
0.65
0.525
0.451
0.464
0.479
0.508
0.457
1.378
1.234
1.18
0.94
0.985
0.855
0.549
1.317
0.799
0.743
1.654
3.187
2.586
1.63
1.473
1.15
0.728
0.621
0.539
0.441
0.464
0.5
0.433
0.519
0.927
1.136
1.429
1.155
1.335
0.993
0.672
0.786
0.909
0.883
2.674
3.083
2.055
1.265
1.427
1.211
0.698
0.634
0.508
0.437
0.439
0.476
0.465
0.475
0.537
0.945
1.302
1.201
1.382
1.579
0.923
0.734
0.96
1.26
3.03
1.892
2.055
1.836
1.44
1.331
0.701
0.452
0.54
0.4
0.417
0.435
0.37
0.496
0.402
0.764
2.056
1.339
1.642
1.103
1.517
1.695
1.029
1.01
1.916
1.3
1.597
2.012
1.597
0.67
0.657
0.458
0.575
0.431
0.45
0.489
0.41
0.546
0.436
0.806
2.089
1.442
2.281
1.434
1.568
1.729
0.804
1.039
1.952
1.386
1.629
2.523
2.404
0.946
0.772
0.608
0.507
0.437
0.439
0.442
0.465
0.447
0.879
0.945
0.936
0.977
1.252
1.6
1.289
0.96
0.885
1.172
1.959
1.485
1.35
2.241
1.557
1.554
0.705
0.574
0.507
0.48
0.44
0.47
0.475
0.458
0.477
0.86
1.185
0.92
1.252
1.948
1.673
1.018
0.699
0.973
1.844
1.325
1.474
2.232
1.997
1.847
0.691
0.549
0.465
0.456
0.459
0.478
0.511
0.458
0.474
0.848
1.213
1.104
1.011
1.405
1.255
0.857
0.625
0.552
1.515
1.228
0.853
1.919
2.201
1.816
0.77
0.466
0.493
0.456
0.438
0.491
0.477
0.497
0.467
0.912
1.2
1.078
1.042
1.405
1.263
0.857
0.625
0.579
1.515
1.268
0.75
1.975
2.378
1.879
0.909
0.466
0.478
0.473
0.437
0.503
0.478
0.476
0.965
1.036
1.2
1.285
1.692
1.553
1.171
0.846
0.625
1.082
1.322
1.206
0.894
2.112
2.378
1.826
0.909
0.516
0.671
0.492
0.495
0.546
0.433
0.577
0.495
0.812
2.158
1.701
3.015
2.238
2.727
1.916
0.922
1.111
2.043
1.644
1.836
2.523
2.51
1.081
0.829
0.542
0.602
0.498
0.472
0.499
0.466
0.498
0.516
0.887
1.992
1.701
3.239
2.486
2.691
3.557
1.092
1.338
1.183
1.531
1.747
1.779
2.027
1.042
0.802
0.488
0.478
0.471
0.447
0.468
0.482
0.473
1.063
0.994
1.52
1.874
2.229
1.271
0.885
0.855
0.635
0.491
1.486
1.516
0.86
1.422
1.915
1.518
0.769
0.486
0.467
0.428
0.447
0.463
0.42
0.486
0.559
0.846
1.523
1.977
2.448
1.271
0.885
0.855
0.658
1.144
2.427
2.002
1.062
1.422
1.751
1.183
0.711
0.455
0.417
0.414
0.407
0.463
0.415
0.444
0.558
0.846
1.419
1.86
1.486
0.914
0.461
0.667
0.631
1.152
2.415
1.516
0.919
1.422
1.488
0.962
0.655
0.456
0.417
0.441
0.402
0.474
0.415
0.46
0.587
0.753
1.259
1.389
1.331
0.872
0.478
0.597
0.588
1.152
1.849
1.006
0.919
1.073
1.161
0.85
0.509
0.515
0.417
0.458
0.42
0.47
0.475
0.46
0.615
0.597
1.039
1.364
1.328
0.872
0.521
0.597
0.638
1.159
1.849
0.95
0.878
0.944
1.124
0.643
0.494
0.484
0.546
0.437
0.473
0.521
0.466
0.496
0.474
0.723
1.37
1.282
2.521
2.093
1.515
3.01
0.886
1.092
0.707
1.092
1.341
1.484
2.53
1.16
0.794
0.512
0.568
0.456
0.473
0.535
0.496
0.513
0.474
0.66
0.941
0.97
2.425
1.948
1.488
1.329
0.661
0.693
0.647
0.715
1.009
1.006
1.749
0.951
0.635
0.537
0.442
0.451
0.472
0.473
0.479
0.471
0.494
0.541
0.704
0.648
0.742
0.598
0.502
0.508
0.568
0.551
1.45
0.847
0.683
0.694
0.948
0.566
0.475
0.478
0.489
0.41
0.499
0.482
0.434
0.496
0.43
0.52
0.504
0.492
0.506
0.487
0.555
0.479
0.489
0.502
0.472
0.51
0.474
0.498
0.851
0.56
0.508
0.425
0.477
0.445
0.453
0.509
0.428
0.473
0.472
0.453
0.504
0.436
0.48
0.454
0.47
0.479
0.436
0.478
0.436
0.445
0.464
0.454
0.693
0.591
0.475
0.46
0.477
0.458
0.478
0.473
0.462
0.469
0.483
0.461
0.474
0.456
0.477
0.48
0.469
0.452
0.454
0.465
0.444
0.445
0.443
0.457
0.801
0.602
0.461
0.45
0.483
0.435
0.479
0.444
0.46
0.45
0.452
0.454
0.436
0.456
0.458
0.455
0.431
0.426
0.435
0.465
0.444
0.51
0.48
0.475
0.926
0.627
0.505
0.546
0.473
0.508
0.498
0.476
0.534
0.45
0.512
0.544
0.594
0.913
1.613
1.19
0.449
0.682
0.645
0.572
0.605
0.632
0.732
0.825
1.425
0.844
0.546
0.572
0.433
0.557
0.468
0.498
0.565
0.425
0.568
0.614
1.011
1.208
2.149
1.694
1.437
1.895
0.932
0.715
0.666
0.89
0.912
0.825
1.425
0.844
0.546
0.425
0.489
0.42
0.478
0.444
0.422
0.453
0.433
0.454
0.474
0.462
0.461
0.488
0.431
0.407
0.418
0.486
1.615
0.804
0.629
0.816
0.972
0.886
0.584
0.417
0.455
0.418
0.44
0.444
0.417
0.439
0.434
0.477
0.474
0.439
0.437
0.46
0.404
0.381
0.394
0.538
2.881
1.503
0.839
1.625
1.625
0.99
0.588
0.452
0.416
0.456
0.406
0.478
0.458
0.436
0.48
0.514
0.525
0.429
0.473
0.774
0.411
0.434
0.395
0.595
3.823
1.84
0.915
1.842
1.744
1.093
0.648
0.499
0.405
0.482
0.434
0.489
0.513
0.442
0.506
0.687
0.485
0.462
1.04
1.314
0.654
0.434
0.46
0.632
4.379
2.213
0.984
2.142
1.831
1.27
0.677
0.519
0.418
0.485
0.452
0.498
0.525
0.461
0.503
0.837
0.587
0.558
1.581
1.441
0.838
0.476
0.78
0.849
4.611
2.243
1.034
2.154
1.881
1.375
0.725
0.572
0.433
0.553
0.462
0.474
0.565
0.425
0.546
0.584
1.038
0.94
1.253
1.322
0.728
2.097
1.185
0.988
1.512
0.744
0.99
1.017
1.445
0.741
0.473
0.581
0.449
0.607
0.484
0.548
0.585
0.452
0.569
0.723
0.59
0.59
0.664
0.92
0.745
0.85
0.82
0.579
1.451
0.755
0.99
1.362
1.667
0.984
0.555
0.496
0.462
0.491
0.465
0.526
0.505
0.489
0.506
1.006
0.915
0.913
1.841
1.955
1.183
0.621
0.788
0.852
3.914
2.243
0.88
2.143
2.606
1.525
0.725
0.547
0.485
0.498
0.478
0.543
0.513
0.504
0.506
1.301
1.171
0.913
1.799
1.563
1.04
0.641
0.781
0.702
3.232
1.832
0.998
1.606
1.91
1.361
0.755
0.609
0.51
0.496
0.525
0.511
0.54
0.524
0.498
1.391
1.713
1.754
2.322
1.893
1.078
0.641
0.8
0.609
2.633
1.832
0.998
1.606
2.006
1.672
0.836
0.657
0.524
0.496
0.525
0.511
0.502
0.523
0.496
1.393
1.736
1.754
2.322
1.752
1.078
0.635
0.742
0.576
2.221
2.005
1.516
2.205
2.039
1.672
0.772
0.644
0.524
0.463
0.534
0.467
0.496
0.523
0.496
1.692
1.736
1.809
1.753
1.266
0.799
0.58
0.447
0.525
2.454
2.16
1.657
2.191
2.039
1.548
0.742
0.587
0.486
0.607
0.49
0.549
0.577
0.493
0.569
0.804
0.789
0.942
0.847
0.94
1.511
1.07
1.179
1.137
2.026
1.127
0.897
1.439
1.188
0.941
0.624
0.622
0.515
0.616
0.538
0.559
0.617
0.514
0.783
1.865
1.26
1.025
0.864
0.963
1.534
1.067
1.2
1.154
2.039
1.168
0.938
1.803
2.023
1.275
0.766
0.613
0.519
0.438
0.536
0.466
0.496
0.517
0.462
1.716
1.422
1.723
1.412
1.627
0.973
0.637
0.447
0.525
2.46
2.422
2.148
2.191
2.104
1.834
0.75
0.683
0.492
0.479
0.564
0.489
0.521
0.502
0.564
1.813
1.219
1.626
1.523
1.302
0.812
0.886
0.545
0.834
2.926
2.422
2.174
2.106
1.688
1.435
0.63
0.673
0.492
0.468
0.588
0.463
0.54
0.493
0.749
1.639
0.852
0.797
1.005
1.143
0.774
0.958
0.832
0.955
3.472
2.277
2.157
2.101
1.756
1.419
0.585
0.599
0.507
0.473
0.551
0.514
0.529
0.493
0.777
1.861
0.852
0.737
0.659
0.63
0.698
0.958
0.802
0.98
3.472
2.587
2.381
1.949
1.756
1.313
0.585
0.599
0.504
0.479
0.551
0.511
0.529
0.488
0.778
1.918
0.835
0.737
0.648
0.643
0.698
0.948
0.819
0.953
3.441
2.414
2.015
1.526
1.746
1.299
0.674
0.64
0.604
0.633
0.568
0.611
0.592
0.538
1.035
2.266
1.313
1.426
1.524
1.261
2.556
1.677
1.18
1.229
2.11
1.777
1.333
2.315
2.469
1.59
0.781
0.655
0.611
0.577
0.601
0.54
0.584
0.546
0.77
1.436
0.878
1.115
0.909
0.882
1.636
1.677
1.416
1.275
1.671
2.178
1.777
2.874
1.886
1.536
0.781
0.645
0.51
0.495
0.569
0.511
0.566
0.488
0.636
1.779
0.82
0.698
0.648
0.622
0.616
0.899
0.803
0.956
3.441
2.476
1.993
1.682
1.808
1.338
0.723
0.637
0.548
0.526
0.545
0.569
0.536
0.539
0.636
2.05
1.05
0.972
0.85
0.622
0.616
0.643
0.581
0.971
3.597
2.45
1.534
2.088
1.863
1.277
0.788
0.598
0.519
0.526
0.489
0.575
0.524
0.511
0.601
1.872
0.942
0.905
0.524
0.718
0.754
0.643
0.528
0.587
3.219
2.468
1.83
2.498
1.782
1.288
0.788
0.575
0.519
0.526
0.489
0.585
0.524
0.525
0.539
1.901
1.35
1.362
0.546
0.741
0.849
0.71
0.472
0.685
3.661
2.61
1.845
2.498
1.829
1.259
0.881
0.675
0.522
0.575
0.493
0.585
0.562
0.511
0.588
1.862
1.369
1.684
0.94
1.442
1.076
0.996
0.52
1.19
4.963
2.61
1.845
2.377
1.691
1.197
0.858
0.683
0.665
0.602
0.622
0.508
0.601
0.523
0.77
1.436
0.901
1.154
1.242
0.882
2.274
2.209
1.588
0.895
1.329
2.973
1.772
2.76
1.961
1.536
0.807
0.668
0.677
0.576
0.622
0.507
0.561
0.522
0.769
1.922
1.087
1.154
1.333
1.481
2.489
2.248
1.585
0.896
1.329
3.305
1.993
2.681
2.6
1.518
1.042
0.664
0.63
0.601
0.544
0.548
0.569
0.54
0.548
1.872
1.338
1.684
0.961
2.024
1.249
0.973
0.52
1.197
4.963
2.122
1.794
2.381
1.829
1.236
0.848
0.646
0.623
0.618
0.522
0.56
0.549
0.54
0.593
1.823
1.338
1.678
0.961
2.038
1.249
0.992
0.509
1.444
5.069
1.794
1.819
2.663
1.966
1.373
0.816
0.678
0.585
0.617
0.548
0.515
0.586
0.502
0.705
1.55
1.082
1.251
0.494
1.359
0.911
0.885
0.461
0.99
4.971
2.055
2.142
2.68
1.891
1.373
0.845
0.779
0.608
0.574
0.585
0.46
0.586
0.502
0.685
1.541
0.788
1.771
0.798
1.126
0.679
0.898
0.461
0.99
5.183
2.25
1.802
2.346
1.89
1.454
0.835
0.779
0.58
0.575
0.581
0.452
0.593
0.482
0.695
1.511
0.497
1.066
0.958
1.329
0.779
0.898
0.607
1.436
4.587
2.346
2.165
2.8
1.838
1.436
0.741
0.736
0.694
0.623
0.578
0.56
0.61
0.551
0.891
1.9
0.98
0.837
1.258
1.631
1.945
2.239
1.216
0.896
1.329
3.047
2.109
2.665
2.6
1.535
0.98
0.765
0.727
0.674
0.582
0.581
0.583
0.564
0.658
1.258
0.794
0.725
1.29
1.65
1.945
2.239
1.167
0.896
1.31
3.047
2.411
2.294
2.608
1.359
0.929
0.673
0.536
0.517
0.586
0.452
0.552
0.491
0.64
1.437
0.404
0.851
0.958
1.296
1.132
0.895
0.588
0.885
3.934
2.084
2.336
2.501
1.941
1.372
0.703
0.669
0.536
0.517
0.586
0.463
0.567
0.485
0.64
1.38
0.453
0.858
0.943
1.242
1.134
0.895
0.606
0.876
3.934
2.248
2.427
2.674
1.828
1.421
0.799
0.608
0.583
0.498
0.586
0.493
0.538
0.531
0.541
1.438
0.497
0.858
0.996
1.228
1.148
0.913
0.946
0.654
3.322
2.248
2.426
2.172
1.777
1.428
1.084
0.7
0.705
0.54
0.574
0.515
0.526
0.524
0.541
1.503
0.539
0.855
0.996
1.258
1.148
0.933
0.946
0.648
3.322
2.248
2.426
2.087
1.842
1.251
0.799
0.594
0.707
0.55
0.573
0.566
0.526
0.574
0.672
1.553
0.539
0.559
0.626
1.209
1.175
0.739
0.639
0.648
3.119
2.503
2.525
2.201
1.842
1.124
0.795
0.811
0.671
0.658
0.571
0.55
0.607
0.519
0.566
0.89
0.98
0.725
1.29
2.057
1.472
2.72
1.928
0.957
1.341
2.248
2.307
1.948
2.282
1.227
1.027
0.784
0.695
0.692
0.528
0.611
0.621
0.506
0.619
1.399
1.24
0.679
1.425
2.511
1.846
1.772
1.433
0.973
1.574
2.197
2.107
1.948
3.04
1.227
1.023
0.57
0.743
0.55
0.554
0.596
0.491
0.621
0.668
1.507
0.539
0.856
0.525
0.989
0.897
0.739
0.819
0.648
2.36
3.094
3.297
2.201
1.876
1.151
0.779
0.584
0.714
0.569
0.536
0.598
0.491
0.615
0.647
1.711
0.608
0.506
0.505
0.646
0.897
0.601
0.804
0.847
2.087
3.014
2.87
2.216
1.76
1.151
0.806
0.575
0.665
0.597
0.535
0.629
0.506
0.617
0.681
1.711
0.638
0.459
0.535
0.646
0.942
0.977
0.786
0.888
2.213
3.339
3.396
2.205
1.91
1.235
0.797
0.693
0.694
0.635
0.526
0.638
0.508
0.608
0.686
1.691
0.635
0.461
0.528
0.646
0.934
0.981
0.452
0.888
2.377
3.988
4.851
2.356
1.951
1.387
0.782
0.594
0.626
0.596
0.515
0.652
0.482
0.613
0.576
1.933
0.656
0.414
0.551
0.597
0.943
1.055
0.468
0.839
2.091
3.507
3.824
2.188
1.94
1.484
0.909
0.743
0.695
0.593
0.523
0.632
0.588
0.551
0.619
2.135
1.175
0.767
1.075
2.342
1.846
1.883
1.419
1.062
1.523
1.523
2.048
2.019
3.026
1.241
1.021
0.764
0.695
0.635
0.523
0.634
0.595
0.553
0.658
2.773
1.239
0.84
1.064
1.675
1.6
1.859
1.419
1.062
1.523
1.136
2.165
2.127
3.127
1.132
0.795
0.579
0.628
0.626
0.46
0.677
0.439
0.611
0.565
1.918
1.239
0.554
0.567
0.578
0.916
1.055
0.412
0.938
2.098
3.869
3.852
2.052
2.241
1.629
0.985
0.63
0.585
0.628
0.466
0.681
0.483
0.588
0.622
2.141
1.779
0.504
0.499
0.627
0.605
0.716
0.412
0.651
2.876
3.947
2.494
2.052
2.102
1.526
0.985
0.63
0.602
0.628
0.485
0.68
0.5
0.588
0.622
1.977
1.31
0.698
0.499
0.776
0.605
0.853
0.431
0.63
3.063
4.428
2.758
2.124
2.546
1.659
0.94
0.563
0.559
0.595
0.471
0.663
0.46
0.598
0.651
1.977
1.253
0.698
0.489
0.459
0.486
0.727
0.42
0.688
3.165
4.385
2.929
2.154
2.182
1.422
1.007
0.563
0.559
0.595
0.51
0.646
0.46
0.621
0.794
1.956
1.249
0.695
0.511
0.769
0.992
0.983
0.666
0.781
3.643
3.884
2.225
2.133
2.034
1.287
0.996
0.791
0.704
0.651
0.54
0.602
0.595
0.505
0.644
3.178
1.327
0.821
1.427
2.189
1.722
2.422
2.154
1.539
1.049
0.96
2.165
2.163
3.127
1.113
0.795
0.709
0.675
0.619
0.501
0.602
0.556
0.545
0.667
4.404
1.327
0.821
1.443
2.855
1.82
2.422
2.152
1.564
1.046
1.471
2.165
2.171
3.002
1.156
0.965
0.619
0.654
0.643
0.58
0.639
0.452
0.646
0.898
1.756
1.748
0.691
0.539
0.757
1.015
0.905
0.636
0.774
3.643
4.511
2.473
2.198
1.85
1.161
0.885
0.613
0.673
0.617
0.583
0.617
0.457
0.666
1.072
1.557
1.199
0.563
0.659
0.735
1.037
0.897
0.654
0.7
2.663
4.026
2.832
2.365
1.58
1.03
0.793
0.554
0.696
0.589
0.588
0.595
0.45
0.691
1.242
1.544
0.686
0.434
0.667
0.663
1.058
0.867
0.647
0.941
2.663
3.774
2.702
2.359
1.686
1.11
0.812
0.545
0.695
0.589
0.588
0.598
0.444
0.699
1.242
1.544
1.076
0.434
0.56
0.334
0.576
0.622
0.744
1.449
3.728
3.37
3.004
2.518
1.643
1.014
0.817
0.535
0.706
0.579
0.593
0.598
0.451
0.695
1.142
1.849
1.628
0.519
0.665
0.317
0.512
0.454
0.744
1.377
3.017
3.028
2.29
2.328
1.667
1.014
0.803
0.672
0.677
0.628
0.479
0.636
0.56
0.609
0.825
4.404
1.187
0.753
1.213
2.199
1.414
1.535
1.312
1.544
1.008
1.722
2.5
2.212
2.952
1.087
0.952
0.701
0.629
0.638
0.474
0.626
0.534
0.617
0.914
3.428
1.187
1.267
1.051
1.695
0.91
1.402
1.048
0.897
1.008
1.722
2.518
2.051
2.952
1.087
0.785
0.73
0.638
0.522
0.546
0.629
0.448
0.695
1.163
1.931
2.274
0.82
0.778
0.317
0.512
0.454
0.682
1.595
2.868
3.078
2.432
2.402
1.693
1.127
0.748
0.48
0.638
0.522
0.546
0.644
0.481
0.69
1.121
1.886
2.005
0.934
0.795
0.389
0.584
0.55
1.009
2.182
2.948
2.485
2.463
2.44
1.729
1.299
0.75
0.472
0.658
0.501
0.573
0.656
0.517
0.692
1.047
2.25
2.22
1.023
0.691
0.415
0.587
0.545
1.059
2.182
2.885
2.699
2.848
2.392
1.811
1.466
0.81
0.477
0.674
0.504
0.58
0.656
0.517
0.672
0.99
2.133
2.496
1.361
0.702
0.422
0.589
0.539
1.055
1.591
1.686
2.783
4.259
2.381
1.935
1.592
0.961
0.6
0.703
0.556
0.568
0.652
0.556
0.632
0.93
1.818
2.352
1.361
0.702
0.486
0.591
0.508
0.782
0.986
1.473
2.859
3.2
2.261
2.039
1.738
1.139
0.632
0.605
0.645
0.455
0.638
0.551
0.66
0.936
2.759
1.561
1.185
1.228
2.25
0.91
1.402
0.746
0.866
0.978
1.759
3.179
2.264
2.912
1.149
0.898
0.714
0.696
0.627
0.487
0.609
0.561
0.68
0.923
1.653
2.34
1.67
1.761
2.25
0.971
1.371
0.777
0.866
0.954
1.759
3.034
2.46
2.317
1.369
1.086
0.696
0.692
0.547
0.598
0.604
0.56
0.596
0.821
1.466
2.475
1.658
0.637
0.555
0.648
0.576
0.952
1.09
1.659
3.414
3.2
2.261
2.103
1.746
1.307
0.738
0.7
0.514
0.599
0.604
0.561
0.604
0.665
1.262
2.189
1.304
0.595
0.489
0.578
0.475
0.706
0.855
1.19
3.718
3.86
2.403
2.386
1.865
1.481
0.796
0.656
0.509
0.563
0.574
0.551
0.587
0.608
1.309
2.258
1.214
0.535
0.465
0.51
0.435
0.689
0.64
1.206
3.881
4.28
2.723
2.419
2.01
1.481
0.855
0.619
0.524
0.557
0.537
0.551
0.541
0.608
1.309
2.326
1.141
0.481
0.481
0.486
0.437
0.664
0.649
1.712
3.845
4.108
3.102
2.468
2.061
1.6
0.766
0.603
0.524
0.55
0.546
0.551
0.546
0.598
1.364
2.584
0.598
0.456
0.481
0.46
0.462
0.638
0.678
1.433
3.429
3.616
3.509
2.416
2.192
1.544
0.709
0.751
0.623
0.484
0.619
0.518
0.718
0.877
1.521
2.751
1.601
1.518
2.102
0.805
1.61
0.777
0.866
0.863
1.856
2.994
2.46
2.462
1.565
1.128
0.709
0.803
0.632
0.543
0.619
0.538
0.708
0.763
1.521
3.622
2.083
1.955
1.743
1.081
1.929
0.954
1.116
1.117
2.016
2.689
2.348
1.996
1.769
1.143
0.7
0.59
0.524
0.557
0.586
0.551
0.573
0.602
1.31
2.511
0.561
0.496
0.471
0.442
0.496
0.608
0.724
1.512
2.682
3.268
4.109
2.893
2.346
1.546
0.785
0.567
0.564
0.553
0.576
0.56
0.55
0.613
1.226
2.225
0.561
0.496
0.471
0.442
0.496
0.608
0.827
1.447
2.682
3.507
4.109
2.893
2.346
1.417
0.785
0.574
0.552
0.574
0.503
0.585
0.524
0.626
1.689
2.688
1.083
0.592
0.483
0.468
0.475
0.653
0.827
1.497
2.99
3.507
3.956
2.39
2.108
1.356
0.807
0.606
0.502
0.584
0.491
0.565
0.569
0.549
1.638
2.688
1.091
1.138
0.63
0.498
0.621
0.718
1.042
2.203
3.194
3.12
3.272
2.326
1.949
1.405
0.83
0.647
0.553
0.611
0.558
0.571
0.576
0.507
1.438
2.84
1.118
1.698
0.632
0.497
0.809
0.919
1.292
1.799
3.447
2.637
2.69
2.315
1.926
1.356
0.938
0.761
0.632
0.564
0.64
0.538
0.714
0.631
1.608
3.622
2.009
2.133
2.686
1.607
3.011
1.02
1.371
1.405
2.234
2.438
2.248
2.12
1.794
1.101
0.776
0.765
0.617
0.619
0.665
0.575
0.752
0.591
1.358
3.539
1.59
2.133
3.855
1.868
2.988
1.066
1.311
1.046
2.352
3.031
2.314
2.12
2.347
1.3
0.761
0.668
0.66
0.656
0.624
0.624
0.521
0.568
0.926
2.38
1.688
1.84
1.1
0.542
0.874
1.347
1.408
2.125
3.802
2.534
2.72
2.197
1.765
1.31
0.991
0.685
0.648
0.656
0.637
0.613
0.539
0.568
0.897
2.471
1.927
1.84
1.765
0.7
0.99
1.558
1.513
1.775
4.343
3.088
2.171
2.1
1.653
1.241
0.986
0.685
0.592
0.655
0.637
0.56
0.528
0.533
0.865
2.387
1.352
1.402
1.59
0.625
0.825
1.143
1.474
1.771
3.931
4.403
2.707
2.194
1.601
1.2
0.896
0.631
0.6
0.586
0.633
0.526
0.484
0.528
0.804
2.254
1.425
1.907
2.442
0.763
0.99
1.53
1.599
2.272
3.813
3.164
2.39
2.252
1.597
1.199
0.889
0.617
0.622
0.576
0.673
0.569
0.465
0.555
0.804
2.347
1.466
1.453
2.461
0.748
0.825
1.319
1.733
2.272
3.813
3.339
2.357
2.275
1.699
1.199
0.889
0.812
0.637
0.632
0.695
0.577
0.715
0.553
1.386
2.913
1.19
1.687
2.907
1.776
2.495
0.867
1.177
1.227
2.674
2.339
2.069
2.23
2.416
1.382
0.822
0.788
0.666
0.593
0.695
0.579
0.715
0.552
1.322
2.696
1.136
1.251
2.907
1.776
3.091
1.272
1.502
1.649
3.435
2.749
2.069
2.599
1.946
1.266
0.816
0.617
0.564
0.516
0.599
0.555
0.459
0.542
0.824
2.266
1.888
0.993
2.771
1.534
0.984
1.533
2.03
2.478
3.478
3.851
2.585
2.339
1.699
1.288
0.946
0.648
0.564
0.516
0.599
0.555
0.537
0.548
0.865
2.383
1.521
1.009
2.282
2.132
1.123
1.265
2.011
2.173
3.509
3.888
2.192
2.369
2.014
1.511
1.02
0.79
0.712
0.695
0.76
0.737
0.678
0.681
1.029
2.418
1.607
1.952
2.35
2.313
1.153
1.463
2.446
2.686
3.501
3.683
2.961
2.516
2.271
1.751
1.196
0.999
0.928
0.893
0.979
0.946
0.898
0.881
1.349
2.519
1.782
1.981
2.35
2.467
1.314
1.619
2.446
2.686
3.352
3.683
2.466
2.617
2.628
1.901
1.349
1.219
1.162
1.126
1.214
1.136
1.1
1.072
1.69
2.732
1.782
1.23
1.683
1.906
1.213
1.429
2.225
2.864
3.587
4.181
2.769
2.889
2.894
2.019
1.402
0.779
0.714
0.649
0.757
0.646
0.747
0.607
1.116
2.405
1.537
1.322
3.029
2.229
2.786
1.272
1.408
1.92
3.435
2.989
2.217
2.746
2.16
1.527
0.859
0.818
0.784
0.723
0.788
0.729
0.8
0.61
1.116
1.983
1.537
1.322
3.606
2.611
3.001
1.441
1.467
1.965
2.791
2.622
2.133
2.898
2.267
1.527
1.036
1.357
1.381
1.378
1.43
1.336
1.311
1.306
1.973
2.857
2.155
2.027
1.528
1.977
1.267
1.698
1.984
2.207
2.941
4.445
3.576
4.216
3.291
2.05
1.449
1.435
1.452
1.479
1.519
1.388
1.361
1.434
2.13
2.857
2.113
2.403
1.457
1.46
1.267
1.759
2.448
2.669
3.22
4.565
3.951
4.269
2.991
2.127
1.569
1.45
1.452
1.517
1.575
1.442
1.436
1.578
2.168
2.941
2.198
2.553
2.159
1.431
1.317
2.423
3.144
2.827
3.714
5.073
4.349
4.374
3.107
2.238
1.808
1.572
1.582
1.631
1.689
1.527
1.499
1.726
2.223
2.955
2.198
1.852
1.766
1.395
1.374
2.241
2.19
2.167
3.191
5.073
3.661
3.156
3.142
2.413
1.921
1.602
1.593
1.659
1.709
1.553
1.526
1.867
2.223
3.19
2.198
1.867
1.789
1.497
1.672
2.303
2.215
2.169
3.08
4.611
3.604
3.332
3.136
2.435
1.943
1.019
0.992
0.936
0.954
0.929
0.933
0.9
1.327
2.138
2.555
1.451
2.704
2.228
2.313
1.551
1.375
1.896
2.877
2.603
2.464
3.045
2.553
1.804
1.216
1.019
0.992
0.907
0.92
0.878
0.89
0.998
1.586
2.669
2.844
1.451
1.512
2.017
2.313
1.527
1.406
2.173
3.165
2.603
2.506
3.045
2.387
1.949
1.418
1.608
1.607
1.659
1.716
1.572
1.628
1.997
2.265
2.953
1.887
1.824
1.789
1.497
1.668
3.143
3.018
2.25
2.803
4.371
3.853
3.238
3.136
2.435
1.943
1.608
1.607
1.612
1.635
1.572
1.628
1.997
2.265
2.825
1.844
1.298
1.471
1.273
1.76
2.682
2.982
2.385
2.803
3.821
3.38
2.956
2.773
2.145
1.486
1.334
1.35
1.34
1.358
1.289
1.361
1.753
2.014
2.673
1.739
1.148
1.224
1.023
1.642
3.254
2.876
2.931
2.792
3.201
3.462
2.811
2.63
1.988
1.195
1.033
1.03
1.079
1.077
1.041
1.099
1.527
1.787
2.986
1.838
1.148
0.82
0.782
1.438
2.414
2.794
3.943
2.792
3.029
2.934
2.497
2.294
1.691
0.916
0.838
0.825
0.879
0.855
0.779
0.768
1.182
1.518
2.632
1.513
0.893
0.547
0.504
1.219
2.374
3.276
4.729
2.629
3.086
2.874
2.237
2.007
1.588
0.806
1.25
1.184
1.159
1.065
0.899
0.873
1.103
1.589
2.477
2.844
1.558
2.672
3.217
2.748
3.055
1.635
2.199
3.947
3.002
2.518
3.045
2.387
2.031
1.515
1.387
1.316
1.307
1.236
1.062
1.054
1.322
1.842
2.063
3.054
2.217
2.823
3.322
2.351
2.871
1.815
2.419
4.544
3.074
2.518
2.941
2.563
2.119
1.615
0.656
0.643
0.687
0.693
0.539
0.531
0.9
1.211
1.98
1.276
0.718
0.547
0.498
0.851
2.173
3.276
4.729
2.544
3.151
3.239
2.237
2.007
1.574
0.806
0.656
0.643
0.687
0.693
0.539
0.531
0.9
1.211
1.848
1.504
1.029
0.822
0.551
1.047
1.325
2.553
4.236
3.207
3.189
2.981
2.414
2.14
1.634
0.883
0.713
0.696
0.727
0.83
0.619
0.574
0.895
1.234
1.907
1.232
1.17
0.925
0.682
1.136
1.278
2.76
4.481
4.258
3.96
2.981
2.583
2.422
1.668
0.958
0.738
0.741
0.793
0.894
0.659
0.616
0.926
1.274
2.145
1.017
1.111
0.962
0.713
1.004
1.049
2.345
4.052
4.636
4.075
2.747
2.724
2.397
1.684
1.189
0.887
0.883
1.006
1.094
0.839
0.798
1.087
1.512
2.145
1.017
1.111
1.453
0.87
1.435
1.295
2.345
4.052
4.636
4.76
3.186
3.483
3.066
2.025
1.649
1.59
1.565
1.496
1.379
1.156
1.224
1.514
2.066
2.141
2.89
2.152
2.31
2.752
1.58
1.933
2.325
3.004
5.445
3.243
2.741
2.971
2.601
2.075
1.593
1.59
1.636
1.563
1.379
1.156
1.231
1.554
2.212
2.806
2.89
2.609
2.31
2.752
2.922
3.142
3.112
3.875
5.55
3.268
3.124
3.102
2.722
2.075
1.657
1.407
1.2
1.291
1.333
1.089
1.051
1.358
1.779
2.457
1.266
1.904
1.793
1.091
1.654
1.62
2.369
3.605
5.141
4.507
3.914
3.95
3.562
2.735
2.69
1.713
1.4
1.515
1.511
1.317
1.321
1.486
1.81
2.457
1.619
2.7
1.665
1.437
1.654
1.624
2.369
3.605
5.141
4.991
4.111
3.956
3.865
3.395
2.978
1.798
1.43
1.477
1.492
1.354
1.363
1.535
1.775
2.357
1.744
2.797
1.49
1.312
1.566
1.504
2.304
3.108
4.903
5.032
4.128
3.38
3.378
3.58
3.165
1.909
1.536
1.487
1.457
1.393
1.423
1.624
1.842
2.237
1.827
2.874
1.517
1.536
1.683
2.212
2.431
2.798
4.415
4.644
4.128
3.569
3.41
3.972
3.586
1.956
1.536
1.498
1.474
1.403
1.442
1.642
1.904
2.513
2.613
2.874
1.517
1.536
1.513
2.212
2.192
2.081
3.47
4.644
4.058
3.489
4.545
4.729
4.005
