0.0
0.0
0.0
0.0
0.0
0.0
0.0
0.0
0.0
0.0
0.0
0.0
0.0
0.0
0.0
0.0
0.0
0.0
0.0
0.0
0.0
0.0
0.0
0.0
0.0
0.0
0.0
0.0
0.0
0.0
0.0
0.0
0.0
0.0
0.0
0.0
0.0
0.0
0.0
0.0
0.0
0.0
0.0
0.0
0.0
0.0
0.0
0.0
0.0
0.0
0.0
0.0
0.0
0.0
0.0
0.0
0.0
0.0
0.0
0.0
0.0
0.0
0.0
0.0
0.0
0.0
0.0
0.0
0.0
0.0
0.0
0.0
0.0
0.0
0.0
0.0
0.0
0.0
0.0
0.0
0.0
0.0
0.0
0.0
0.0
0.0
0.0
0.0
0.0
0.0
0.0
0.0
0.0
0.0
0.0
0.0
0.0
0.0
0.0
0.0
0.0
0.0
0.0
0.0
0.0
0.0
0.0
0.0
0.0
0.0
0.0
0.0
0.0
0.0
0.0
0.0
0.0
0.0
0.0
0.0
0.0
0.0
0.0
0.0
0.0
0.0
0.0
0.0
0.0
0.0
0.0
0.0
0.0
0.0
0.0
0.0
0.0
0.0
0.0
0.0
0.0
0.0
0.0
0.0
0.0
0.0
0.0
0.0
0.0
0.0
0.0
0.0
0.0
0.0
0.0
0.0
0.0
0.0
0.0
0.0
0.0
0.0
0.0
0.0
0.0
0.0
0.0
0.0
0.0
0.0
0.0
0.0
0.0
0.0
0.0
0.0
0.0
0.0
0.0
0.0
0.0
0.0
0.0
0.0
0.0
0.0
0.0
0.0
0.0
0.0
0.0
0.0
0.0
0.0
0.0
0.0
0.0
0.0
0.0
0.0
0.0
0.0
0.0
0.0
0.0
0.0
0.0
0.0
0.0
0.0
0.0
0.0
0.0
0.0
0.0
0.0
0.0
0.0
0.0
0.0
0.0
0.0
0.0
0.0
0.0
0.0
0.0
0.0
0.0
0.0
0.0
0.0
0.0
0.0
0.0
0.0
0.0
0.0
0.0
0.0
0.0
0.0
0.0
0.0
0.0
0.0
0.0
0.0
0.0
0.0
0.0
0.0
0.0
0.0
0.0
0.0
0.0
0.0
0.0
0.0
0.0
0.0
0.0
0.0
0.0
0.0
0.0
0.0
0.0
0.0
0.0
0.0
0.0
0.0
0.0
0.0
0.0
0.0
0.0
0.0
0.0
0.0
0.0
0.0
0.0
0.0
0.0
0.0
0.0
0.0
0.0
0.0
0.0
0.0
0.0
0.0
0.0
0.0
0.0
0.0
0.0
0.0
0.0
0.0
0.0
0.0
0.0
0.0
0.0
0.0
0.0
0.0
0.0
0.0
0.0
0.0
0.0
0.0
0.0
0.0
0.0
0.0
0.0
0.0
0.0
0.0
0.0
0.0
0.0
0.0
0.0
0.0
0.0
0.0
0.0
0.0
0.0
0.0
0.0
0.0
0.0
0.0
0.0
0.0
0.0
0.0
0.0
0.0
0.0
0.0
0.0
0.0
0.0
0.0
0.0
0.0
0.0
0.0
0.0
0.0
0.0
0.0
0.0
0.0
0.0
0.0
0.0
0.0
0.0
0.0
0.0
0.0
0.0
0.0
0.0
0.0
0.0
0.0
0.0
0.0
0.0
0.0
0.0
0.0
0.0
0.0
0.0
0.0
0.0
0.0
0.0
0.0
0.0
0.0
0.0
0.0
0.0
0.0
0.0
0.0
0.0
0.0
0.0
0.0
0.0
0.0
0.0
0.0
0.0
0.0
0.0
0.0
0.0
0.0
0.0
0.0
0.0
0.0
0.0
0.0
0.0
0.0
0.0
0.0
0.0
0.0
0.0
0.0
0.0
0.0
0.0
0.0
0.0
0.0
0.0
0.0
0.0
0.0
0.0
0.0
0.0
0.0
0.0
0.0
0.0
0.0
0.0
0.0
0.0
0.0
0.0
0.0
0.0
0.0
0.0
0.0
0.0
0.0
0.0
0.0
0.0
0.0
0.0
0.0
0.0
0.0
0.0
0.0
0.0
0.0
0.0
0.0
0.0
0.0
0.0
0.0
0.0
0.0
0.0
0.0
0.0
0.0
0.0
0.0
0.0
0.0
0.0
0.0
0.0
0.0
0.0
0.0
0.0
0.0
0.0
0.0
0.0
0.0
0.0
0.0
0.0
0.0
0.0
0.0
0.0
0.661
0.588
0.619
0.601
0.546
0.734
0.627
1.142
1.153
1.429
1.104
0.703
0.789
0.871
0.783
1.366
2.568
1.582
1.24
1.528
1.731
1.624
1.203
0.942
0.661
0.588
0.685
0.602
0.571
0.793
0.749
1.026
1.038
1.618
1.666
0.97
1.099
0.708
0.651
1.365
1.767
1.788
1.24
1.536
2.042
2.156
1.388
1.187
0.683
0.602
0.75
0.616
0.581
0.874
0.872
1.083
1.112
1.842
1.13
0.686
0.716
0.529
0.543
1.092
1.293
1.678
1.085
1.41
1.913
1.992
1.273
0.973
0.617
0.592
0.686
0.601
0.555
0.767
0.755
0.846
0.807
1.335
0.722
0.526
0.854
0.725
0.543
0.643
0.676
1.502
0.987
1.118
1.159
1.362
1.249
0.656
0.602
0.561
0.542
0.663
0.508
0.545
0.599
0.737
0.923
0.731
0.636
0.568
0.717
0.691
0.615
0.582
0.719
0.546
0.617
0.557
0.824
0.995
0.817
1.037
0.774
0.632
0.617
0.662
0.507
0.569
0.632
0.872
1.221
0.986
0.672
0.639
0.882
1.15
0.862
0.861
0.865
0.673
0.644
0.639
1.166
1.57
1.178
1.278
0.736
0.562
0.673
0.593
0.562
0.698
0.698
0.809
1.104
1.652
1.077
0.81
1.73
0.792
0.658
1.073
1.456
2.062
1.1
1.345
1.847
2.017
1.951
1.389
0.772
0.606
0.673
0.644
0.562
0.808
0.858
1.046
1.635
1.522
1.164
0.824
1.814
0.902
0.934
1.79
2.405
2.263
1.199
1.392
1.911
2.118
2.501
1.789
0.927
0.671
0.747
0.685
0.636
0.807
0.996
1.367
1.923
1.764
1.323
1.329
3.019
0.996
1.001
1.424
1.56
1.607
0.863
1.023
1.999
2.348
2.222
1.648
0.912
0.706
0.739
0.703
0.614
0.758
1.068
1.38
1.817
1.662
1.099
1.15
2.199
0.85
1.06
1.613
2.392
1.607
0.863
1.023
2.041
1.783
2.132
1.448
0.91
0.683
0.67
0.703
0.593
0.758
1.062
1.38
2.078
1.352
1.061
1.229
2.199
0.85
1.06
1.621
2.412
1.593
0.863
1.023
2.07
1.783
2.132
1.301
0.962
0.636
0.622
0.66
0.525
0.558
0.632
0.933
1.34
1.265
1.248
1.216
1.012
1.275
1.135
1.123
0.956
0.779
0.749
1.068
1.737
2.034
1.434
1.27
0.938
0.653
0.628
0.629
0.53
0.541
0.667
1.006
1.34
1.24
0.824
0.725
1.075
1.249
1.636
1.112
0.906
0.758
0.87
1.52
1.906
1.991
1.474
1.448
0.91
0.674
0.67
0.7
0.633
0.758
1.038
1.38
2.078
1.352
1.075
1.229
1.867
0.734
1.186
2.292
2.645
2.077
1.409
1.471
2.508
2.066
2.122
1.13
0.763
0.719
0.67
0.707
0.638
0.75
1.113
1.373
1.884
1.159
1.075
0.836
1.788
0.783
1.309
1.885
2.221
1.521
2.492
1.602
2.243
1.783
1.915
1.14
0.764
0.75
0.603
0.646
0.649
0.687
0.951
1.084
1.273
1.159
1.038
1.037
2.272
1.122
1.149
1.337
1.385
1.859
2.775
2.132
2.822
2.273
1.915
1.14
0.746
0.668
0.549
0.608
0.608
0.664
0.816
0.98
1.231
1.168
1.313
1.037
1.704
1.758
1.296
1.4
1.55
1.736
3.006
2.131
2.371
2.273
1.767
1.058
0.746
0.668
0.549
0.608
0.608
0.709
0.769
0.965
1.518
1.246
1.238
0.948
1.376
1.74
1.339
1.049
1.342
1.205
1.817
1.509
1.762
1.753
1.37
1.321
0.938
0.571
0.581
0.608
0.53
0.515
0.701
1.026
1.276
1.24
0.863
0.738
0.91
0.829
1.616
1.08
0.947
0.845
0.898
1.696
2.341
1.929
1.396
1.311
0.938
0.571
0.521
0.608
0.53
0.528
0.69
1.033
1.276
1.265
0.863
0.738
0.91
0.858
1.611
1.069
0.885
0.81
0.886
1.761
2.332
1.926
1.396
0.915
0.671
0.653
0.538
0.593
0.596
0.646
0.628
0.791
1.165
1.034
1.238
0.861
1.442
1.8
1.339
1.048
1.342
1.205
1.769
1.545
1.701
1.737
1.338
1.173
0.711
0.676
0.555
0.593
0.587
0.696
0.769
0.922
1.36
1.536
1.404
1.173
1.531
2.115
1.645
0.974
1.44
1.26
1.378
1.422
1.575
1.845
1.754
1.368
0.715
0.709
0.56
0.566
0.629
0.738
0.783
0.836
1.305
1.694
1.404
1.444
1.365
1.403
1.264
0.974
1.494
1.398
1.135
1.861
1.813
2.021
1.77
1.537
0.711
0.69
0.607
0.588
0.656
0.772
0.874
0.845
1.42
2.042
1.933
1.815
1.081
0.989
1.073
0.943
1.72
1.098
1.024
1.375
2.03
2.068
1.529
1.612
0.736
0.809
0.696
0.686
0.738
0.809
0.97
0.89
1.251
1.757
2.232
1.9
1.218
0.989
1.377
1.486
1.773
1.098
0.889
1.402
2.408
2.063
1.87
1.311
0.909
0.562
0.548
0.586
0.504
0.528
0.685
1.033
1.253
1.265
0.843
0.679
0.86
0.858
1.57
1.087
1.041
0.948
1.443
2.152
3.251
2.559
1.821
1.029
0.74
0.549
0.536
0.58
0.475
0.528
0.729
1.063
1.472
1.421
1.055
1.19
0.766
0.747
0.882
1.087
1.519
1.689
1.899
2.152
3.555
2.913
1.882
1.778
0.724
0.688
0.69
0.611
0.65
0.772
0.864
0.869
1.069
1.603
2.342
2.017
1.343
1.019
1.274
1.489
2.255
1.499
1.15
2.138
3.049
2.637
2.393
1.778
0.805
0.797
0.76
0.696
0.733
0.809
0.976
0.984
1.21
1.866
2.539
2.017
1.343
1.45
1.843
2.377
2.651
2.236
1.715
2.588
3.234
2.865
2.393
1.586
0.887
0.821
0.803
0.719
0.728
0.771
1.006
0.99
1.289
1.413
2.538
1.586
1.362
1.247
1.424
2.158
2.255
1.545
1.717
3.013
3.724
3.008
2.625
1.659
0.887
0.76
0.803
0.719
0.713
0.843
1.126
1.133
1.618
1.309
2.2
1.782
1.316
1.247
1.73
1.738
3.187
2.159
2.272
2.801
3.234
3.008
2.62
1.509
0.883
0.76
0.791
0.717
0.688
0.857
1.348
1.216
1.732
1.046
1.632
1.273
1.309
1.228
2.13
1.801
2.933
2.303
2.73
3.348
3.301
2.802
2.331
1.114
0.667
0.591
0.539
0.58
0.495
0.57
0.732
1.017
1.529
1.369
0.948
0.752
0.818
0.774
0.788
1.002
1.598
2.427
2.264
2.49
3.714
2.983
1.974
1.063
0.726
0.606
0.608
0.582
0.543
0.669
0.747
0.961
1.634
1.321
0.792
0.663
0.653
0.867
0.719
0.835
1.573
2.601
2.063
2.698
4.085
3.079
2.016
1.196
0.801
0.68
0.728
0.666
0.634
0.897
1.473
1.305
1.977
0.883
1.267
0.93
1.173
1.228
1.837
1.246
2.682
2.301
2.73
3.348
3.108
2.618
1.579
0.865
0.752
0.661
0.68
0.647
0.634
0.984
1.605
1.374
1.977
0.934
1.143
0.846
0.995
1.193
1.93
2.471
3.33
2.509
2.528
3.339
3.288
2.758
1.494
0.938
0.724
0.639
0.621
0.647
0.623
0.958
1.744
1.404
1.811
0.821
0.853
0.925
1.16
0.746
1.61
2.127
3.551
2.509
2.378
3.607
3.353
2.521
1.255
0.812
0.703
0.627
0.569
0.636
0.595
0.963
1.752
1.456
1.904
0.821
0.945
0.779
1.275
0.846
1.61
2.283
3.713
2.562
2.492
3.581
3.048
2.296
1.249
0.812
0.72
0.655
0.555
0.614
0.563
0.928
1.647
1.543
1.904
0.923
0.847
0.779
1.275
1.437
1.549
2.897
2.316
2.0
2.107
3.662
3.293
2.365
1.222
1.063
0.657
0.636
0.571
0.526
0.555
0.729
0.774
0.828
1.957
1.23
0.947
1.172
0.709
0.82
0.723
0.87
1.456
2.608
2.07
2.96
3.917
3.006
2.051
1.121
0.701
0.642
0.606
0.571
0.557
0.828
0.899
1.056
2.069
1.582
1.267
1.773
1.179
1.088
0.864
0.89
1.49
2.608
2.07
2.96
3.917
3.181
2.051
0.789
0.705
0.637
0.555
0.613
0.558
0.928
1.681
1.582
1.879
0.939
0.847
0.77
1.275
1.437
1.435
2.869
2.218
1.695
1.736
3.053
3.175
2.404
1.425
1.054
0.72
0.637
0.555
0.632
0.558
0.877
1.765
1.582
1.912
0.933
0.84
0.769
1.128
0.865
1.397
3.391
2.315
1.907
2.107
3.647
3.175
2.454
1.73
1.396
0.824
0.66
0.587
0.67
0.608
0.877
1.827
1.737
1.912
0.944
0.803
1.234
1.387
1.037
1.311
2.561
1.617
2.13
2.14
3.953
3.175
2.404
1.569
1.323
0.752
0.646
0.637
0.628
0.569
0.869
1.667
1.787
1.886
0.991
0.973
1.301
1.45
1.338
1.291
1.994
1.617
1.838
1.837
3.212
3.411
2.454
1.922
1.598
0.872
0.68
0.718
0.643
0.705
0.913
1.847
1.787
1.62
0.815
0.752
1.307
1.178
1.078
1.309
1.862
1.518
2.141
1.792
2.685
3.375
2.423
1.752
1.165
0.701
0.662
0.636
0.598
0.614
0.86
0.985
1.207
2.756
1.582
1.267
1.937
1.295
1.252
0.963
1.096
1.004
1.938
1.744
2.976
3.907
2.875
1.988
1.018
0.692
0.649
0.623
0.588
0.652
0.812
1.011
1.22
2.712
1.512
1.158
1.439
1.613
1.578
1.096
1.096
1.004
1.564
1.744
2.99
3.662
2.875
2.107
1.395
0.757
0.649
0.718
0.671
0.717
0.88
1.87
1.963
1.62
0.803
0.626
0.855
0.917
0.712
1.309
1.7
1.482
2.739
2.149
3.021
3.548
2.484
1.752
1.5
0.72
0.623
0.709
0.641
0.71
0.887
1.929
2.128
1.263
0.761
0.61
0.847
0.905
0.748
1.364
1.948
1.757
2.921
2.737
3.597
3.543
2.709
1.771
1.36
0.686
0.561
0.683
0.611
0.658
0.922
1.936
1.875
1.223
0.76
0.894
1.038
0.856
0.735
1.19
1.948
2.319
3.541
2.697
3.745
3.662
2.771
1.678
1.097
0.59
0.499
0.616
0.583
0.604
0.857
2.007
1.952
1.693
0.652
0.89
0.808
0.535
0.563
1.647
2.196
3.034
3.19
2.897
3.597
3.346
2.856
1.891
1.259
0.646
0.488
0.577
0.57
0.642
0.826
2.19
2.085
2.216
0.673
0.909
0.808
0.535
0.563
1.684
2.652
3.034
3.331
3.111
3.886
3.284
2.5
1.776
0.895
0.692
0.626
0.518
0.56
0.637
0.82
1.032
1.357
2.702
1.329
1.347
1.983
1.613
2.479
1.758
1.845
1.742
1.564
2.068
2.99
3.349
2.872
2.266
0.989
0.632
0.583
0.501
0.507
0.588
0.8
1.051
1.271
2.446
1.235
1.405
1.983
1.693
2.335
1.751
1.87
1.999
2.153
2.82
3.239
3.45
3.443
2.266
0.994
0.604
0.466
0.544
0.552
0.575
0.808
2.157
2.166
1.98
0.715
0.87
0.787
0.529
0.57
1.661
3.039
3.505
3.256
3.111
3.886
3.601
2.695
2.03
1.022
0.593
0.489
0.536
0.505
0.581
0.81
2.259
2.13
1.506
0.603
0.841
0.739
0.567
0.604
1.696
3.175
3.704
3.409
3.275
3.849
3.533
2.847
2.237
1.023
0.602
0.503
0.539
0.519
0.575
0.824
2.225
2.046
1.78
0.777
1.345
0.92
0.655
0.655
1.348
3.175
4.475
4.184
3.612
3.921
3.67
2.84
2.25
1.343
0.622
0.546
0.539
0.529
0.575
0.824
2.225
2.048
1.569
1.099
1.262
0.712
0.681
0.631
1.814
3.048
4.384
4.209
4.019
3.921
3.808
2.886
2.318
1.343
0.682
0.565
0.512
0.53
0.541
0.85
2.1
2.048
1.389
1.111
1.262
0.717
0.688
0.679
1.862
2.59
4.318
4.247
3.909
4.175
3.973
3.093
2.318
0.989
0.59
0.539
0.543
0.518
0.588
0.82
1.072
1.491
2.258
1.246
1.493
1.66
1.693
2.335
1.751
1.831
2.289
2.519
3.508
3.702
3.547
3.526
2.431
1.368
0.653
0.583
0.526
0.518
0.656
0.82
1.104
1.763
2.258
1.305
1.344
1.027
1.579
2.201
1.778
1.992
2.619
2.977
4.093
4.277
3.851
3.526
2.431
1.354
0.715
0.583
0.497
0.581
0.513
0.863
1.933
1.971
1.389
1.17
1.234
0.717
0.739
0.773
1.946
2.59
3.546
4.099
4.073
4.505
4.041
3.332
2.642
1.45
0.715
0.634
0.53
0.56
0.531
0.88
1.96
2.305
1.364
1.065
1.252
0.715
0.782
0.773
1.946
2.194
3.483
4.533
4.212
4.505
3.915
3.462
2.662
1.444
0.806
0.666
0.562
0.579
0.556
0.892
1.994
2.431
1.791
1.204
1.272
0.746
0.711
0.792
2.058
2.567
3.778
3.968
4.194
4.348
3.758
3.355
2.611
1.414
0.873
0.702
0.57
0.614
0.607
0.93
1.917
2.398
2.048
1.111
0.778
0.557
0.762
1.06
2.536
3.071
3.509
3.222
3.587
4.135
3.627
3.252
2.611
1.11
0.797
0.69
0.568
0.595
0.612
0.892
1.881
2.55
2.315
0.742
0.562
0.557
0.809
1.296
2.129
3.924
3.229
2.652
3.2
3.963
3.718
3.036
2.493
1.34
0.665
0.565
0.5
0.525
0.611
0.813
1.104
1.703
2.044
1.912
1.344
1.485
1.866
3.03
2.545
2.704
2.819
3.333
4.228
4.326
3.547
3.341
2.934
1.861
0.856
0.567
0.493
0.494
0.612
0.813
1.093
1.756
1.716
1.69
1.396
1.446
1.759
1.884
1.708
1.781
2.239
3.678
4.452
4.334
3.49
2.794
2.507
1.115
0.817
0.66
0.628
0.61
0.682
0.908
2.121
2.393
2.673
0.97
0.577
0.535
0.813
1.138
2.186
4.742
3.229
2.675
3.62
3.873
3.713
3.076
2.429
0.971
0.716
0.707
0.678
0.564
0.682
0.922
2.311
2.855
2.743
0.849
0.577
0.535
0.725
0.936
2.083
3.924
2.958
2.488
4.021
3.925
3.687
3.064
2.049
0.888
0.747
0.666
0.68
0.561
0.61
0.914
2.41
2.505
2.743
1.066
0.562
0.587
0.705
0.921
2.129
3.94
3.343
2.488
4.441
4.092
3.687
2.684
1.824
0.91
0.743
0.631
0.725
0.568
0.622
0.959
2.422
2.642
2.434
0.955
0.662
0.662
0.705
0.877
2.315
3.963
3.678
2.796
4.21
4.109
4.004
2.818
1.659
0.758
0.687
0.615
0.658
0.544
0.6
0.959
2.499
2.784
2.262
0.983
0.689
0.983
0.705
0.877
2.05
3.607
4.177
3.228
4.46
4.426
4.138
3.147
1.772
1.751
0.79
0.546
0.493
0.483
0.583
0.857
1.032
1.828
1.597
1.69
1.041
0.823
1.326
0.903
0.815
0.873
1.795
3.291
4.074
4.16
3.405
2.644
2.126
1.926
0.872
0.635
0.505
0.557
0.654
0.898
1.041
1.921
1.763
2.005
1.021
0.821
1.233
0.882
0.788
0.8
1.536
2.795
3.736
3.978
3.169
2.29
1.335
0.861
0.708
0.662
0.73
0.579
0.665
1.043
2.585
2.824
2.513
1.08
0.679
1.025
0.633
0.666
2.073
3.247
4.344
3.372
4.46
4.274
3.812
3.39
1.859
0.92
0.686
0.697
0.702
0.541
0.613
1.059
2.556
3.319
2.513
0.878
0.711
1.025
0.654
0.714
2.073
3.247
3.581
3.532
4.378
4.314
3.856
3.39
1.859
1.071
0.766
0.712
0.758
0.647
0.735
1.184
2.612
3.303
2.422
0.993
1.063
0.992
0.637
1.068
2.504
3.87
3.838
3.78
4.546
4.314
3.916
3.411
2.216
1.311
0.972
0.871
0.927
0.834
0.917
1.302
2.621
3.781
2.674
0.993
1.27
1.455
0.943
1.766
2.752
4.87
4.331
3.78
4.344
4.617
4.353
3.705
2.494
1.391
0.907
0.871
0.865
0.855
0.869
1.315
2.572
3.6
2.741
1.02
0.81
0.958
1.022
1.766
2.408
4.373
4.245
4.029
4.663
4.547
3.96
3.592
2.494
1.563
0.839
0.688
0.497
0.605
0.616
0.905
1.093
1.816
1.697
1.636
0.872
0.625
1.267
0.98
1.261
1.722
1.735
3.144
3.993
4.029
3.191
2.36
1.224
1.563
0.839
0.686
0.594
0.641
0.619
0.933
1.166
1.816
1.958
1.153
0.881
0.907
1.157
1.622
1.208
1.672
1.358
2.662
3.488
3.896
2.942
2.575
1.394
1.799
0.906
0.863
0.865
0.841
0.861
1.286
2.515
3.548
2.741
0.955
0.827
0.674
0.744
1.118
2.223
4.384
3.639
4.087
4.479
4.374
3.95
3.629
2.768
1.391
1.031
0.832
0.767
0.734
0.746
1.194
2.307
3.404
2.472
1.263
1.117
0.635
0.744
1.095
2.043
4.063
3.578
4.087
4.479
4.374
3.95
3.611
2.739
1.247
0.952
0.789
0.76
0.791
0.721
1.088
2.048
2.564
1.922
1.263
1.102
0.628
0.756
1.06
1.47
3.072
3.215
3.527
3.67
3.581
3.119
2.78
2.137
1.165
0.782
0.629
0.561
0.635
0.522
0.872
1.582
1.74
1.505
1.053
1.102
1.072
1.274
0.562
0.927
1.56
2.588
2.853
2.571
2.514
2.34
2.007
1.46
0.874
0.582
0.602
0.547
0.566
0.503
0.71
1.221
1.347
1.075
0.613
0.904
0.537
0.703
0.526
0.712
1.059
1.483
1.705
1.649
2.173
2.34
2.007
1.604
0.874
1.086
0.77
0.699
0.748
0.716
1.06
1.317
1.782
1.535
1.153
1.098
0.907
1.157
0.988
0.768
0.881
1.475
2.649
3.619
3.962
2.863
2.45
1.394
1.585
1.033
0.86
0.85
0.901
0.837
1.201
1.551
2.003
1.944
1.546
1.21
1.16
1.213
1.326
1.251
1.862
1.801
2.285
3.116
3.833
2.819
2.45
1.588
1.782
0.738
0.602
0.535
0.557
0.511
0.561
0.895
1.142
0.905
0.99
1.28
1.24
0.94
0.566
0.802
1.078
1.475
1.705
1.649
2.38
2.484
2.129
2.212
0.953
0.78
0.558
0.548
0.546
0.505
0.518
0.895
1.142
1.205
1.12
1.252
1.189
0.907
0.524
0.553
1.017
1.475
1.844
1.74
2.344
2.584
2.195
2.317
1.311
0.798
0.562
0.548
0.529
0.527
0.558
0.923
1.252
1.155
1.131
1.193
1.233
0.911
0.498
0.529
0.999
2.472
2.914
2.631
3.153
3.192
2.786
2.961
1.659
0.968
0.551
0.519
0.517
0.534
0.515
0.907
1.284
1.495
1.696
1.482
1.659
1.512
0.508
0.51
1.577
3.3
3.732
3.702
3.975
4.036
3.532
3.698
2.086
0.962
0.569
0.498
0.468
0.558
0.471
0.963
1.527
1.745
1.908
1.435
0.924
0.871
0.537
0.476
1.633
3.836
4.793
4.348
4.231
4.105
3.539
3.789
2.268
1.116
0.867
0.85
0.901
0.837
1.175
1.551
1.968
2.159
1.785
1.21
1.148
1.213
1.326
1.251
1.862
1.801
2.285
3.568
3.948
3.11
2.977
1.848
1.832
1.284
0.912
0.876
0.923
0.946
1.111
1.494
1.935
1.934
1.751
1.523
1.33
1.137
1.261
1.157
1.899
2.465
2.836
3.964
4.11
3.424
3.571
2.221
2.182
1.172
0.696
0.498
0.523
0.579
0.506
1.022
1.77
1.93
2.275
1.435
0.939
0.851
0.53
0.478
1.748
4.393
4.812
4.486
4.231
4.058
3.506
3.715
2.218
0.992
0.569
0.474
0.488
0.573
0.515
1.016
2.074
2.111
2.376
1.082
0.558
0.554
0.5
0.445
1.418
4.301
4.968
4.626
4.288
4.154
3.663
3.661
2.399
1.172
0.696
0.487
0.52
0.567
0.511
0.974
1.895
2.022
2.49
1.412
0.807
0.619
0.502
0.478
1.203
4.304
4.94
4.631
4.258
4.132
3.681
3.529
2.399
1.025
0.705
0.501
0.52
0.565
0.496
0.902
1.927
2.212
2.116
1.239
0.783
0.6
0.502
0.478
1.713
4.635
4.94
4.634
4.231
4.352
3.907
3.644
2.847
1.191
0.879
0.558
0.549
0.544
0.516
0.966
1.957
2.156
2.008
1.305
0.783
0.6
0.525
0.433
1.624
4.717
4.94
4.225
4.083
4.132
3.81
3.504
3.192
1.363
0.912
0.874
0.914
0.934
1.035
1.357
1.703
1.854
1.751
1.953
1.474
1.187
1.602
1.446
0.93
1.774
2.073
3.221
3.794
4.035
3.946
2.647
1.861
1.385
0.991
0.933
0.89
0.778
0.882
1.207
1.42
1.745
2.019
2.205
1.196
0.933
1.166
1.692
1.287
1.837
2.099
3.128
3.342
3.945
3.711
2.992
1.861
1.42
0.872
0.606
0.553
0.492
0.525
0.9
1.93
2.15
1.969
0.941
0.814
0.6
0.51
0.543
1.642
4.717
5.296
4.283
4.19
4.319
3.847
3.348
3.181
1.336
0.795
0.581
0.486
0.48
0.499
0.872
1.888
2.248
1.801
1.201
1.012
1.006
0.554
0.541
1.689
4.225
5.111
4.278
4.19
4.247
3.768
3.167
3.153
1.577
0.795
0.602
0.537
0.498
0.499
0.928
1.888
2.181
1.801
1.35
1.422
1.44
0.694
0.599
1.617
5.107
4.684
4.278
4.19
4.186
3.633
2.982
2.628
1.309
0.626
0.611
0.535
0.474
0.495
0.941
1.951
2.466
2.137
1.009
1.252
1.429
0.698
0.599
1.958
4.344
5.107
4.386
4.458
4.271
3.633
3.163
2.855
1.456
0.715
0.645
0.609
0.474
0.504
0.946
1.951
2.415
2.643
1.317
1.95
1.924
0.698
0.605
1.63
3.509
4.307
4.126
4.401
3.941
3.505
2.879
2.329
1.382
1.061
0.805
0.753
0.71
0.637
0.896
1.334
1.745
1.805
1.909
0.886
0.7
1.343
1.852
1.459
1.936
2.321
2.883
3.369
4.673
4.515
3.135
1.912
1.738
1.456
0.772
0.623
0.566
0.529
0.778
1.175
1.531
1.685
1.86
0.886
0.7
1.33
1.584
1.337
1.643
2.025
2.503
3.023
4.126
4.22
3.135
1.908
1.221
0.599
0.611
0.576
0.488
0.474
0.929
2.003
2.381
2.515
0.959
1.252
1.42
0.662
0.704
1.525
3.257
4.545
4.0
4.665
4.119
3.631
3.026
2.329
1.23
0.713
0.653
0.581
0.551
0.456
0.929
2.024
2.637
2.515
0.999
1.235
1.477
0.793
0.646
1.995
3.618
4.829
4.065
4.97
3.978
3.732
3.141
2.44
1.28
0.736
0.642
0.613
0.561
0.513
0.95
1.934
2.27
2.395
1.041
1.335
1.092
0.723
0.646
1.968
3.495
5.091
4.331
5.652
4.349
4.11
3.164
2.313
1.171
0.732
0.61
0.577
0.563
0.475
0.92
2.044
2.293
1.74
1.173
1.314
1.142
0.723
0.624
2.076
3.263
5.628
4.488
5.435
4.556
4.139
3.213
2.391
1.323
0.732
0.58
0.58
0.589
0.468
0.885
2.066
2.143
1.37
1.341
1.288
1.096
0.618
0.537
2.03
3.386
5.472
4.443
4.693
4.239
3.809
2.909
2.134
1.738
1.421
0.743
0.593
0.566
0.525
0.797
1.198
1.382
1.688
2.108
1.025
1.391
1.864
2.368
1.785
2.908
3.613
2.859
3.213
3.95
4.011
3.081
2.093
1.762
1.257
0.624
0.546
0.522
0.477
0.758
1.188
1.382
1.42
1.797
0.826
1.44
2.043
2.368
1.841
2.217
2.096
1.914
2.471
2.832
3.183
2.769
1.83
1.393
0.872
0.507
0.549
0.548
0.517
0.914
2.21
2.138
1.37
1.08
0.87
0.589
0.618
0.548
2.029
3.369
5.472
4.443
4.738
4.476
4.15
3.041
2.416
1.393
0.879
0.507
0.51
0.529
0.563
0.92
2.225
2.439
1.074
1.084
0.881
0.559
0.599
0.527
2.372
3.327
5.914
4.735
5.202
4.757
4.217
3.041
2.194
1.39
0.879
0.507
0.542
0.5
0.597
0.958
2.347
2.439
1.127
1.04
0.935
0.59
0.521
0.527
2.0
3.96
4.99
4.262
5.075
5.211
4.142
3.052
2.036
1.222
0.815
0.48
0.51
0.447
0.511
0.94
2.347
2.502
1.362
1.04
1.051
1.045
0.644
0.62
2.012
4.298
5.311
4.48
4.509
4.902
3.887
3.072
2.205
1.285
0.877
0.543
0.507
0.467
0.597
0.959
2.195
2.364
1.785
0.736
0.634
0.607
0.512
0.834
2.454
5.188
4.752
3.956
4.36
4.554
3.87
3.124
2.38
1.693
1.314
0.683
0.578
0.535
0.515
0.803
1.215
1.353
1.476
1.384
0.907
1.746
2.195
2.682
2.596
3.003
2.521
2.719
2.915
2.533
2.657
2.355
1.522
1.448
1.058
0.683
0.578
0.613
0.569
0.815
1.251
1.393
1.387
1.088
0.962
1.757
2.195
2.536
2.286
2.931
2.49
2.806
3.002
2.711
2.611
2.011
1.455
1.35
0.954
0.582
0.515
0.469
0.644
1.001
2.127
2.397
2.017
0.932
0.845
0.564
0.462
0.834
2.288
4.536
4.119
3.454
4.267
4.407
3.706
3.124
2.38
1.352
0.974
0.711
0.529
0.527
0.579
1.063
2.028
2.316
1.697
1.132
1.056
0.893
0.595
1.243
2.821
5.48
4.841
4.197
4.807
5.032
3.706
3.306
2.405
1.959
1.274
1.037
0.69
0.594
0.622
1.141
1.791
2.015
1.865
1.601
1.682
1.364
0.994
1.686
2.827
6.227
4.563
4.261
4.807
5.26
3.962
2.986
2.238
1.673
0.961
0.702
0.529
0.589
0.621
1.23
1.791
2.015
2.28
1.635
1.6
1.276
0.924
1.248
2.745
5.527
6.145
4.818
5.115
5.041
4.165
2.932
2.478
1.847
0.995
0.719
0.528
0.623
0.635
1.23
1.888
2.026
2.28
1.339
1.856
1.34
1.038
1.725
2.667
6.048
6.426
5.369
5.264
5.55
4.389
3.173
2.828
1.408
1.089
0.88
0.807
0.821
0.786
1.078
1.448
1.498
1.336
1.192
1.002
1.702
1.707
2.447
2.057
1.665
1.634
2.155
2.351
2.026
2.113
1.584
1.147
1.248
0.942
0.89
0.946
0.877
0.924
1.253
1.51
1.619
1.336
1.042
0.822
1.109
1.632
2.683
2.141
1.833
1.826
2.398
2.427
2.711
2.117
1.9
1.353
2.077
1.009
0.714
0.517
0.619
0.646
1.189
1.94
2.09
2.236
1.686
1.938
1.351
1.058
1.491
2.304
5.274
6.909
5.699
5.371
5.716
4.598
3.225
2.605
2.151
0.948
0.694
0.501
0.564
0.612
1.196
2.083
2.508
1.876
1.289
1.724
1.351
1.058
1.523
2.242
5.166
6.909
5.699
5.603
5.866
4.639
3.635
2.901
1.761
0.668
0.54
0.516
0.535
0.679
1.161
2.237
2.899
1.79
1.196
1.564
1.516
0.806
1.157
1.658
5.166
5.556
4.812
6.262
5.866
4.639
3.529
2.782
1.761
0.668
0.54
0.516
0.535
0.679
1.161
2.309
3.175
1.629
0.853
0.764
1.074
0.665
1.086
1.658
4.375
5.955
5.018
5.162
5.34
4.678
3.764
3.261
1.761
0.667
0.617
0.579
0.559
0.673
1.104
2.4
2.885
1.812
1.196
1.664
1.365
0.713
1.149
1.81
4.375
5.215
4.484
5.081
5.001
4.641
3.915
3.101
1.464
1.058
0.916
0.946
0.899
0.916
1.253
1.511
1.763
1.473
0.912
0.72
0.757
1.844
2.831
2.115
1.478
1.575
1.762
1.956
2.928
2.369
2.012
1.676
1.514
1.234
1.009
0.966
0.918
0.916
1.291
1.511
1.803
1.627
0.912
0.826
0.749
2.61
3.168
2.077
1.694
1.975
2.353
2.325
3.362
2.804
2.415
2.136
1.985
0.669
0.669
0.659
0.591
0.71
1.123
2.436
3.2
1.381
1.146
0.771
0.926
0.594
0.629
2.098
4.031
5.129
4.484
5.887
5.082
4.745
4.122
3.213
1.96
0.635
0.698
0.685
0.579
0.681
1.128
2.568
3.288
1.007
0.764
0.746
0.934
0.605
0.65
2.075
4.081
5.4
4.755
6.291
5.216
4.809
4.122
3.322
1.87
0.696
0.703
0.735
0.638
0.679
1.116
2.515
3.232
1.128
0.792
0.851
1.077
0.729
1.133
2.401
3.859
5.043
4.586
6.191
5.216
4.906
4.022
3.243
1.89
0.917
0.843
0.765
0.639
0.597
1.107
2.515
3.186
1.273
1.133
1.583
1.077
1.017
1.473
2.401
3.256
4.591
4.334
4.618
4.246
4.805
4.457
3.018
1.567
0.783
0.734
0.719
0.636
0.597
1.07
2.7
3.253
1.951
1.445
1.939
1.032
0.973
1.001
1.957
3.208
4.913
4.429
4.796
4.182
4.805
4.377
2.575
1.694
1.255
1.012
0.97
0.923
0.964
1.353
1.52
1.824
2.066
0.967
0.826
0.749
2.543
2.626
1.452
1.405
1.628
1.936
2.325
3.469
3.275
2.903
2.751
1.579
1.108
0.838
0.708
0.696
0.759
1.09
1.326
1.756
2.036
0.967
0.774
0.685
2.521
2.603
1.446
1.364
1.628
1.855
2.166
3.336
3.149
2.732
2.637
1.567
0.783
0.682
0.744
0.634
0.585
1.051
2.329
3.209
2.042
1.445
1.587
0.765
0.948
0.997
1.666
2.902
4.687
4.018
3.678
3.282
4.805
4.212
2.509
1.286
0.702
0.629
0.742
0.617
0.533
0.987
2.003
2.545
1.715
1.431
1.525
0.721
0.924
0.997
1.17
2.046
3.296
2.671
2.447
2.299
3.694
3.105
1.881
1.08
0.685
0.556
0.717
0.617
0.472
0.931
1.598
1.947
1.672
1.429
1.52
0.662
0.928
0.978
0.709
1.332
1.499
1.524
1.451
1.453
2.855
2.378
1.377
0.799
0.553
0.509
0.645
0.537
0.418
0.886
1.282
1.281
1.483
1.254
1.331
0.505
0.482
0.505
0.41
0.944
1.205
1.296
1.168
1.113
1.892
1.741
0.952
0.637
0.403
0.449
0.571
0.521
0.398
0.833
1.154
1.229
1.219
1.283
1.226
0.505
0.482
0.492
0.41
0.747
1.029
1.141
1.04
1.036
0.915
0.616
0.446
1.333
0.816
0.704
0.55
0.592
0.565
0.983
1.253
1.595
1.984
0.811
0.671
0.591
2.418
2.449
1.373
1.311
1.496
1.739
2.111
3.298
3.03
2.682
2.554
1.407
0.936
0.671
0.465
0.483
0.512
0.958
1.17
1.398
1.736
0.807
0.949
1.317
3.149
2.558
1.83
1.513
1.973
2.132
2.693
3.437
3.03
2.834
2.323
0.56
0.372
0.441
0.599
0.518
0.398
0.87
1.128
0.766
0.369
0.958
0.794
0.539
0.476
0.493
0.448
0.721
0.921
1.095
1.04
1.036
0.915
0.616
0.446
0.56
0.397
0.442
0.543
0.482
0.451
0.871
1.149
0.766
0.369
0.958
0.794
1.135
0.682
0.502
0.551
0.761
1.029
1.246
2.032
1.678
1.593
1.277
1.234
1.083
0.48
0.49
0.543
0.482
0.444
0.893
1.17
0.812
0.453
0.971
1.342
1.513
1.226
1.023
0.842
0.818
1.911
2.142
3.811
3.054
2.92
2.379
1.815
1.431
0.766
0.695
0.612
0.553
0.534
1.062
1.23
0.938
0.848
1.432
2.234
2.427
1.895
1.877
1.143
1.488
3.468
4.163
5.568
4.634
4.552
3.933
2.773
1.984
1.193
1.037
0.936
0.869
0.889
1.464
1.431
0.965
0.979
1.567
2.378
3.098
3.135
2.129
1.556
2.079
4.154
6.192
6.846
6.077
6.113
5.53
3.938
1.17
0.841
0.657
0.462
0.437
0.498
1.019
1.173
1.226
1.23
0.974
1.182
2.25
2.512
1.84
1.074
1.138
1.864
2.166
3.625
3.608
3.08
2.811
2.258
1.17
0.841
0.657
0.462
0.479
0.595
1.028
1.171
1.099
1.156
1.518
1.4
2.856
1.952
1.906
1.533
1.776
2.712
2.867
4.169
4.32
3.648
2.793
2.157
2.634
1.404
1.037
0.936
0.903
0.889
1.464
1.431
0.947
0.995
1.318
2.37
2.874
3.484
2.482
1.838
2.698
5.925
7.482
7.274
7.005
6.448
6.073
4.699
2.69
1.458
1.039
0.883
0.843
0.849
1.442
1.413
1.11
1.341
1.724
3.031
3.708
4.311
2.556
1.928
2.914
5.925
7.482
6.876
6.796
6.418
5.255
3.938
2.567
1.527
1.091
0.872
0.891
0.787
1.279
1.666
1.35
1.485
1.965
3.201
2.981
4.311
2.398
2.267
2.964
5.684
8.091
7.22
6.884
6.662
5.714
4.251
2.622
1.442
1.109
1.08
1.114
1.058
1.57
2.067
2.177
1.874
2.201
2.768
3.078
4.042
2.498
2.71
3.793
6.305
8.091
7.22
7.094
7.236
5.574
4.484
2.756
1.356
1.026
1.023
1.066
1.058
1.513
1.982
2.486
1.918
1.94
2.107
2.5
3.064
1.831
2.267
3.403
4.942
6.412
6.756
6.92
6.327
4.737
4.001
1.057
0.737
0.594
0.41
0.379
0.573
0.986
1.128
1.052
1.153
1.057
1.4
2.064
1.344
1.295
1.33
1.735
3.548
4.336
4.779
4.809
3.893
2.856
2.157
1.712
1.158
0.659
0.472
0.421
0.634
0.986
1.089
1.098
1.236
1.372
1.714
2.41
1.588
1.332
1.33
1.74
3.568
4.319
4.775
4.809
3.927
2.797
2.144
2.327
1.168
0.821
0.774
0.772
0.724
1.189
1.92
2.952
2.072
2.59
2.682
2.32
2.181
1.658
2.094
3.567
6.239
6.155
6.927
6.649
5.949
4.737
3.862
1.824
1.012
0.821
0.831
0.776
0.724
1.202
2.179
3.53
2.293
2.438
2.404
2.057
1.68
1.263
2.099
3.716
5.232
5.996
6.566
5.914
5.745
4.34
3.278
1.592
0.989
0.812
0.834
0.825
0.691
1.209
2.279
3.723
2.325
1.721
1.677
1.51
1.243
0.911
2.008
4.589
5.77
6.199
5.976
5.582
4.937
4.166
3.278
1.816
0.863
0.775
0.834
0.776
0.731
1.209
2.146
3.408
2.039
0.986
1.096
1.167
0.928
0.766
2.243
4.121
4.922
6.956
5.786
5.286
4.855
4.171
3.147
1.476
0.614
0.536
0.609
0.501
0.518
0.976
2.096
3.223
2.138
1.305
1.401
1.219
0.524
0.766
2.243
4.121
4.766
5.897
5.534
5.286
4.853
4.453
3.358
1.712
1.158
0.673
0.48
0.397
0.64
0.966
1.123
1.111
1.236
1.372
1.714
2.41
1.588
1.332
1.283
1.74
3.568
4.319
4.775
5.321
5.219
3.523
2.452
1.954
1.159
0.566
0.489
0.45
0.592
0.926
1.124
1.172
1.462
1.801
1.689
1.855
1.513
1.332
1.163
1.4
2.406
2.971
3.637
4.455
4.42
2.978
2.465
1.476
0.614
0.527
0.546
0.476
0.503
0.956
2.031
3.13
2.284
2.056
1.383
1.197
0.561
0.691
2.303
4.324
5.179
6.477
5.977
5.764
5.293
4.579
3.469
1.429
0.589
0.515
0.556
0.532
0.541
0.994
2.021
3.13
2.115
1.485
0.732
0.754
0.561
0.958
3.275
5.396
5.179
5.927
5.444
5.42
4.853
3.927
2.886
1.429
0.607
0.517
0.499
0.468
0.57
0.99
1.896
2.975
2.019
1.511
0.732
0.742
0.612
0.949
3.144
5.342
5.505
5.753
5.243
5.417
4.822
3.957
2.7
1.519
0.724
0.545
0.51
0.467
0.57
1.027
1.759
2.975
1.554
1.539
0.806
0.806
0.687
0.987
3.105
4.83
5.634
7.02
5.848
5.48
5.067
4.481
3.001
1.544
0.727
0.524
0.567
0.537
0.535
1.027
1.757
2.986
2.239
2.049
1.177
1.203
0.977
0.79
2.587
5.646
6.315
5.753
5.262
5.099
4.616
3.906
2.366
2.216
1.25
0.577
0.491
0.535
0.61
0.922
1.07
1.157
1.744
1.838
1.546
1.307
1.26
1.308
1.155
1.628
2.873
4.122
3.415
4.455
4.591
3.303
2.49
2.107
1.384
0.577
0.491
0.535
0.61
0.922
1.1
1.217
2.077
1.561
1.473
1.307
1.063
1.508
1.155
1.408
2.653
3.777
3.688
4.189
4.125
3.24
2.351
1.536
0.789
0.536
0.51
0.552
0.535
1.008
1.709
2.95
1.517
1.344
0.715
0.723
0.977
0.501
1.626
4.377
5.857
5.455
4.89
4.711
4.379
3.555
2.182
1.536
0.789
0.536
0.564
0.597
0.579
1.036
1.709
2.886
1.108
0.908
0.754
0.738
1.014
0.596
1.68
4.23
6.751
5.392
4.58
4.326
4.013
3.609
1.851
1.361
0.687
0.543
0.521
0.525
0.565
1.03
1.888
2.965
1.783
0.923
0.949
1.064
0.867
0.593
1.439
3.782
5.42
4.726
4.813
4.586
4.262
3.609
1.917
1.361
0.662
0.63
0.584
0.581
0.544
1.029
2.099
3.115
1.999
1.038
1.006
1.122
1.009
0.735
1.68
4.0
5.314
4.663
4.606
4.573
4.196
3.376
2.019
1.037
0.524
0.667
0.613
0.538
0.541
1.029
2.304
3.225
2.907
1.586
1.427
1.421
0.954
0.735
1.95
4.872
6.552
4.663
4.428
4.357
4.196
3.376
2.019
1.885
1.384
0.631
0.513
0.558
0.532
0.881
1.104
1.528
2.389
1.886
1.473
1.961
1.248
1.729
1.369
1.819
2.653
3.777
3.558
3.753
3.746
3.28
2.561
1.585
0.92
0.625
0.455
0.578
0.488
0.886
1.162
1.478
2.147
1.835
1.416
2.516
1.428
2.102
1.471
1.863
2.88
4.337
4.874
4.938
4.683
3.948
3.275
0.996
0.6
0.718
0.58
0.553
0.608
1.06
2.441
3.155
3.04
1.288
0.985
1.059
0.806
0.803
1.989
4.094
6.696
4.581
4.497
4.734
4.481
3.581
2.098
1.064
0.57
0.72
0.667
0.576
0.531
1.087
2.441
3.371
3.04
1.288
0.985
1.176
0.897
0.828
2.349
4.187
6.696
4.766
4.707
4.492
4.17
3.533
2.143
1.035
0.57
0.665
0.647
0.578
0.531
1.086
2.533
3.451
3.407
1.146
0.947
1.135
0.847
0.734
2.109
4.169
5.653
4.671
4.938
5.0
4.473
3.344
2.327
1.119
0.612
0.665
0.66
0.652
0.537
1.09
2.473
3.628
3.001
1.061
0.757
0.829
0.701
0.675
2.306
3.595
5.498
4.671
4.585
4.582
4.274
3.409
2.342
1.384
0.797
0.665
0.66
0.722
0.613
1.145
2.442
3.454
2.454
0.995
0.674
0.774
0.674
0.675
2.603
3.616
5.251
4.589
5.004
5.075
4.713
3.785
2.709
2.015
1.027
0.65
0.527
0.609
0.542
0.962
1.141
1.524
2.179
1.878
2.286
3.321
1.854
2.29
1.637
2.194
3.623
4.999
5.735
5.591
4.194
3.977
3.521
1.96
0.901
0.65
0.56
0.609
0.538
0.962
1.181
1.405
1.855
1.827
2.121
3.449
2.173
2.29
1.831
1.695
3.398
4.999
5.735
5.591
4.194
3.977
3.136
1.647
0.797
0.619
0.652
0.722
0.626
1.145
2.454
3.209
2.293
0.995
0.674
0.774
0.674
0.693
1.987
2.905
3.833
3.881
5.026
5.532
4.638
3.996
2.642
1.723
0.978
0.702
0.772
0.827
0.641
1.273
2.515
3.195
1.822
1.112
0.752
0.83
0.662
0.672
2.123
2.818
3.33
3.435
5.025
5.261
4.63
3.999
2.857
1.911
1.264
0.875
0.831
0.939
0.701
1.297
2.563
2.764
2.214
1.135
0.715
0.725
0.608
0.637
1.632
2.483
3.459
3.059
4.976
5.391
4.63
4.028
2.617
1.807
1.131
0.872
0.827
0.82
0.678
1.279
2.456
2.633
2.018
1.532
1.338
1.117
0.612
0.803
1.791
2.251
2.532
2.458
4.359
4.843
4.199
4.028
2.405
1.807
1.11
0.866
0.829
0.766
0.675
1.279
2.445
2.571
1.516
1.398
1.266
1.096
0.596
0.753
1.635
2.003
2.33
2.187
4.266
4.813
4.036
4.026
2.414
1.628
0.827
0.621
0.685
0.652
0.611
0.972
1.229
1.392
1.611
1.822
2.051
3.449
2.173
2.29
1.752
1.409
3.072
3.908
5.194
5.217
3.922
3.365
2.797
1.628
0.827
0.621
0.645
0.604
0.603
0.972
1.229
1.289
1.394
2.311
3.048
2.863
2.246
1.894
1.778
1.331
3.107
4.676
5.132
5.842
4.218
3.822
3.121
1.427
0.831
0.723
0.694
0.677
0.596
1.243
2.326
2.282
1.777
1.577
2.112
1.187
0.576
0.636
1.246
1.494
2.33
2.187
4.193
4.801
3.977
3.739
2.414
1.207
0.857
0.736
0.647
0.681
0.67
1.157
2.326
2.282
1.777
1.273
1.279
0.733
0.576
0.613
1.395
1.884
3.389
2.666
4.193
4.671
3.974
3.631
1.984
1.104
0.696
0.524
0.502
0.6
0.601
1.103
2.24
2.321
2.3
1.308
1.646
1.242
0.741
0.614
1.315
2.407
4.155
3.402
4.542
4.805
3.974
3.408
1.962
1.104
0.696
0.524
0.502
0.574
0.574
1.103
2.271
2.227
1.879
1.308
1.636
1.258
0.859
0.63
1.466
3.363
4.927
4.179
5.322
5.054
4.025
3.123
2.025
1.025
0.639
0.564
0.585
0.574
0.529
1.08
2.205
2.066
2.028
1.346
1.631
0.648
0.661
0.582
1.595
4.234
6.067
5.424
5.642
5.252
4.341
3.551
2.13
1.906
0.89
0.603
0.673
0.604
0.583
1.0
1.243
1.161
1.394
2.057
2.369
2.011
2.929
1.993
1.814
1.285
2.357
3.65
4.813
5.722
4.074
3.227
2.567
1.837
0.911
0.56
0.673
0.6
0.597
0.963
1.271
1.207
1.605
2.027
2.6
1.162
2.367
2.347
2.34
1.614
2.611
4.056
4.347
5.042
4.074
2.846
2.347
0.984
0.639
0.601
0.551
0.574
0.592
1.074
2.359
2.166
2.073
1.345
1.644
0.706
0.654
0.582
1.818
4.535
6.067
5.424
5.642
5.252
4.374
3.688
2.484
1.138
0.707
0.7
0.661
0.631
0.69
1.158
2.491
2.343
1.858
1.239
1.188
0.797
0.802
0.582
1.838
4.535
5.331
5.712
6.131
5.382
4.455
3.697
2.03
1.025
0.655
0.726
0.658
0.643
0.592
1.099
2.334
2.108
1.164
1.159
1.152
0.815
0.82
0.55
2.147
4.192
4.865
5.978
6.608
5.716
4.579
4.019
2.484
1.331
0.768
0.822
0.784
0.711
0.711
1.201
2.444
1.914
0.918
0.851
0.874
0.813
0.89
0.716
2.845
3.99
4.865
5.843
7.3
6.457
5.19
4.288
2.651
1.527
0.97
0.986
0.974
0.962
0.926
1.37
2.324
1.785
1.242
1.036
1.17
0.97
0.863
0.832
2.983
3.132
3.704
4.998
6.873
6.318
5.946
5.347
2.957
1.711
0.834
0.586
0.625
0.656
0.568
0.989
1.334
1.31
1.555
2.497
1.69
0.949
1.835
2.035
2.141
1.285
1.876
3.063
3.172
3.88
3.905
2.979
2.38
1.83
0.966
0.71
0.616
0.658
0.654
0.997
1.351
1.376
1.5
2.071
1.899
0.807
1.374
1.705
1.487
1.378
1.989
4.648
4.389
5.227
4.481
3.269
2.516
1.914
1.26
1.202
1.172
1.167
1.233
1.681
2.325
1.705
1.242
0.919
0.97
0.985
0.895
0.814
2.286
2.507
3.019
4.438
6.794
6.252
5.828
5.297
3.622
2.042
1.367
1.202
1.172
1.168
1.178
1.668
2.283
1.874
1.242
0.916
0.942
0.96
0.976
0.856
2.103
2.355
2.838
5.212
6.794
6.252
5.952
5.393
3.605
1.935
1.265
1.156
1.162
1.181
1.107
1.622
2.246
1.912
1.515
0.896
1.055
1.339
0.765
0.761
1.982
2.664
3.155
4.398
6.243
5.894
5.719
5.138
3.605
2.022
1.265
1.134
1.2
1.181
1.182
1.656
2.282
2.278
1.933
0.896
1.132
1.358
0.765
0.795
1.893
3.082
3.822
4.568
6.252
6.18
5.667
4.866
3.605
2.022
1.265
1.235
1.259
1.222
1.219
1.664
2.282
2.524
2.221
0.921
1.439
1.741
0.765
0.795
1.874
2.607
2.783
4.342
6.036
6.015
5.442
4.796
3.521
1.83
0.987
0.763
0.616
0.657
0.624
1.072
1.383
1.522
1.706
2.119
1.899
0.961
2.428
1.75
1.487
1.321
2.23
5.928
5.139
5.341
4.791
3.215
2.491
2.117
1.281
0.987
0.669
0.695
0.624
1.116
1.392
1.522
1.881
1.896
1.899
1.405
2.783
1.667
1.252
1.59
2.004
4.587
4.203
4.295
4.507
2.773
2.271
1.933
1.35
1.293
1.327
1.317
1.286
1.778
2.573
2.907
2.315
1.089
1.515
1.511
1.016
0.968
1.806
2.837
4.129
5.054
5.704
5.467
5.118
4.29
4.036
1.701
1.233
1.084
1.05
1.304
1.022
1.515
2.697
2.907
2.0
1.136
1.538
1.567
1.083
1.221
1.81
3.766
5.247
5.554
5.603
5.454
5.322
4.363
3.843
2.083
1.26
1.119
1.074
1.3
1.022
1.515
2.66
2.624
2.323
1.292
1.582
1.718
1.018
1.421
2.079
3.766
5.247
4.852
6.297
5.59
5.335
4.366
4.009
1.974
1.418
1.303
1.21
1.36
1.05
1.525
2.43
2.191
2.339
1.192
1.12
1.232
1.147
1.548
2.374
3.461
5.038
5.735
6.516
5.934
5.409
4.366
4.009
1.838
1.418
1.303
1.21
1.361
1.052
1.513
2.414
1.931
2.242
1.399
1.134
1.752
1.429
1.548
2.413
3.134
3.969
5.214
5.553
5.181
4.952
4.161
3.248
2.086
1.467
1.246
0.952
0.964
0.938
1.462
1.625
1.725
1.842
1.689
1.978
1.762
2.023
1.567
1.27
1.539
2.086
4.072
3.656
4.396
4.641
3.123
2.178
2.841
1.666
1.42
1.127
1.108
1.124
1.644
1.801
2.098
1.63
1.748
2.656
2.39
1.76
1.277
1.086
1.178
1.676
3.361
3.442
4.676
4.641
3.548
2.117
1.374
1.097
0.934
0.893
1.034
0.708
1.152
1.93
1.754
1.918
1.071
0.838
1.232
1.102
1.412
1.991
2.871
4.127
5.097
5.39
4.823
4.782
4.326
3.657
1.438
1.001
0.701
0.66
0.855
0.691
1.143
1.93
1.754
1.687
0.94
0.827
1.026
0.943
1.299
2.095
3.795
3.422
4.164
5.194
4.563
4.54
3.991
3.39
1.641
0.883
0.742
0.674
0.775
0.731
1.162
1.765
1.779
1.607
0.906
0.831
1.528
1.159
1.096
2.315
3.111
3.187
3.696
5.18
5.107
4.576
3.836
3.05
1.409
0.818
0.724
0.618
0.804
0.75
1.146
1.88
1.954
1.371
0.874
0.818
1.446
1.176
1.063
2.046
3.016
3.043
3.696
4.492
5.107
4.692
3.508
2.404
1.293
0.818
0.724
0.618
0.804
0.75
1.171
2.011
2.321
1.416
1.033
1.127
1.626
1.121
1.063
2.122
3.361
3.166
2.959
4.055
4.903
4.576
3.289
2.4
2.682
1.672
1.42
1.154
1.085
1.124
1.601
1.754
2.027
1.841
1.588
2.835
3.161
2.679
1.622
1.389
1.375
1.887
3.41
3.442
5.555
5.144
3.548
2.117
2.124
1.22
1.093
1.154
1.085
1.12
1.601
1.764
2.109
1.851
1.588
2.632
3.161
2.946
1.746
1.701
1.376
1.856
2.036
2.562
4.635
4.462
3.548
2.73
1.454
0.875
0.742
0.642
0.826
0.74
1.167
1.922
2.332
1.226
1.315
1.109
1.119
1.242
1.212
1.866
2.627
2.809
3.029
4.641
5.166
4.629
3.323
2.463
1.454
0.886
0.792
0.845
0.826
0.823
1.167
1.922
2.16
1.225
1.315
1.13
1.119
1.264
1.212
1.866
2.368
2.211
2.372
3.693
5.031
4.28
2.877
2.109
1.232
0.741
0.792
0.92
0.793
0.918
1.116
1.604
1.589
1.014
1.261
1.067
1.032
1.158
1.065
1.369
1.767
1.512
1.98
2.81
4.181
3.543
2.314
1.614
0.974
0.714
0.695
0.827
0.731
0.949
1.047
1.312
1.386
0.902
1.55
1.074
1.032
0.85
1.112
1.054
1.331
1.223
1.269
2.182
2.959
2.475
1.566
1.428
0.799
0.729
0.666
0.875
0.836
1.07
1.107
1.019
0.991
0.738
1.409
1.029
0.974
0.815
0.951
0.942
1.105
1.099
1.195
1.525
1.939
1.558
1.175
2.185
2.506
1.672
1.104
1.071
1.057
1.229
1.543
1.746
2.057
1.78
1.628
2.748
2.547
2.435
2.092
1.809
1.503
1.788
2.036
2.562
4.319
4.173
3.91
1.785
1.648
1.215
0.849
0.845
0.872
1.069
1.267
1.393
1.631
1.529
1.606
1.684
1.994
2.126
1.88
1.625
1.376
1.557
1.864
2.42
4.121
4.173
3.91
1.079
0.597
0.645
0.605
0.675
0.712
1.023
1.107
0.749
0.62
0.539
0.938
0.77
0.765
0.741
0.7
0.627
0.862
1.063
1.166
1.11
0.766
0.624
0.732
0.6
0.51
0.645
0.58
0.638
0.787
1.092
1.183
0.749
0.581
0.539
0.553
0.77
0.725
0.631
0.656
0.585
0.716
1.031
1.152
1.11
0.766
0.624
0.732
0.56
0.51
0.581
0.58
0.593
0.768
1.112
1.238
0.759
0.587
0.522
0.607
0.775
0.777
0.62
0.7
0.597
0.916
1.063
1.147
1.117
0.773
0.664
0.732
0.61
0.528
0.618
0.594
0.593
0.756
1.11
1.306
0.759
0.613
0.6
0.941
0.8
0.777
0.633
0.692
0.634
0.932
1.081
1.131
1.106
0.701
0.633
0.676
0.62
0.528
0.622
0.594
0.626
0.75
1.11
1.306
0.729
0.61
0.6
0.797
0.777
0.777
0.633
0.692
0.634
0.935
1.088
1.163
1.14
0.836
0.656
0.729
1.566
1.355
0.982
0.665
0.686
0.728
1.01
1.141
1.084
1.253
1.321
1.385
1.347
1.66
1.921
1.648
1.314
1.118
1.35
1.64
2.138
3.128
3.337
3.113
1.81
1.104
0.815
0.665
0.686
0.704
0.961
1.141
1.084
1.112
1.427
1.465
1.225
1.135
1.845
1.664
1.394
1.188
1.515
1.801
2.147
2.76
2.908
2.66
0.662
0.564
0.667
0.627
0.608
0.633
1.065
1.298
0.727
0.579
0.643
0.825
0.8
0.865
0.753
0.804
0.796
1.186
1.284
1.231
1.651
1.271
1.315
1.317
0.968
0.639
0.766
0.647
0.688
0.667
1.116
1.342
0.763
0.596
1.043
0.853
0.777
1.001
0.947
0.888
1.025
1.485
1.724
1.557
2.488
2.359
2.288
2.042
1.455
0.658
0.742
0.643
0.713
0.594
1.151
1.348
0.986
0.764
1.284
0.853
0.777
0.978
0.966
0.945
1.335
1.843
1.891
1.738
4.21
3.137
2.648
2.599
1.649
0.736
0.836
0.666
0.7
0.626
1.162
1.412
1.083
0.784
1.278
0.872
0.786
1.021
1.16
1.044
1.697
2.097
2.171
2.011
5.013
3.784
3.482
2.923
1.773
0.749
0.829
0.664
0.616
0.611
1.131
1.441
1.322
1.055
1.278
0.872
0.856
1.041
1.469
1.364
2.285
2.232
2.235
2.146
5.226
4.383
3.786
3.151
1.959
1.099
0.79
0.67
0.675
0.67
1.04
1.134
1.034
1.025
1.199
1.465
1.225
0.938
1.35
1.207
1.157
1.127
1.515
2.096
2.311
2.453
2.868
2.659
1.67
1.152
0.989
0.756
0.67
0.645
1.058
1.197
1.087
1.018
1.351
1.766
1.283
0.932
0.879
0.784
0.902
0.972
1.379
1.988
2.158
2.273
2.308
1.883
1.906
0.893
0.929
0.743
0.67
0.658
1.232
1.528
1.611
1.253
1.318
0.677
0.808
1.242
1.384
1.338
2.215
2.145
2.206
2.146
3.997
3.887
3.396
2.976
1.573
0.749
0.829
0.664
0.648
0.655
1.232
1.528
1.815
1.253
1.274
0.669
0.775
1.029
1.18
1.987
2.874
2.483
2.199
1.965
3.742
3.887
3.514
3.053
1.453
0.735
0.777
0.646
0.631
0.645
1.149
1.514
1.751
1.304
1.251
1.093
1.045
0.844
0.877
1.369
3.294
2.241
1.878
1.83
4.177
3.518
3.119
2.725
1.157
0.714
0.761
0.66
0.594
0.632
0.954
1.438
1.605
1.002
0.941
1.082
1.031
1.017
1.648
1.573
4.076
2.241
1.993
1.873
3.137
3.486
3.495
2.601
1.232
0.711
0.677
0.632
0.602
0.618
0.915
1.444
1.636
1.098
1.12
1.64
1.461
1.176
1.464
1.548
3.491
1.844
1.662
1.731
3.184
3.621
3.495
2.614
1.128
0.888
0.75
0.702
0.643
0.645
1.017
1.147
1.066
0.784
1.25
1.647
1.162
0.807
0.727
0.685
0.679
0.794
1.124
1.322
1.997
2.273
2.012
1.354
1.457
1.168
0.707
0.74
0.577
0.587
0.927
0.986
1.053
1.0
1.127
1.341
1.109
0.793
0.772
0.761
0.906
1.035
1.791
2.092
2.543
2.727
2.561
1.627
1.112
0.728
0.677
0.629
0.629
0.599
0.945
1.376
1.505
1.098
0.999
1.13
1.039
1.529
0.896
1.176
2.799
1.474
1.366
1.536
2.651
3.339
3.249
2.46
0.914
0.7
0.666
0.629
0.629
0.599
0.919
1.376
1.446
0.913
1.041
1.17
1.037
1.256
0.921
1.822
3.832
1.601
1.512
1.6
2.997
3.174
3.619
2.518
1.187
0.797
0.703
0.629
0.666
0.603
0.933
1.307
1.443
0.901
1.077
1.144
1.049
1.256
0.929
1.09
3.718
1.572
1.512
2.364
3.415
3.209
3.221
2.167
1.207
0.775
0.701
0.623
0.641
0.601
1.026
1.472
1.392
0.702
0.865
0.691
0.768
1.164
0.929
1.059
4.395
2.135
1.531
2.535
3.059
3.223
3.663
2.378
1.275
0.8
0.71
0.656
0.683
0.628
1.077
1.527
1.499
1.141
1.105
1.26
0.92
1.047
0.725
1.221
3.511
1.382
1.485
2.511
3.04
2.89
3.311
2.481
1.56
1.168
0.682
0.714
0.618
0.575
0.911
0.955
1.096
1.217
2.022
1.661
1.068
0.775
0.834
0.793
1.386
1.374
2.69
2.944
3.158
3.456
2.789
1.762
1.261
0.928
0.643
0.616
0.607
0.575
0.87
0.895
0.876
1.136
1.604
1.323
0.666
0.675
0.729
0.685
1.188
1.132
2.481
2.573
2.56
2.569
2.046
1.307
1.299
0.792
0.693
0.674
0.685
0.646
1.123
1.434
1.498
1.112
1.2
0.92
0.909
0.722
0.699
1.221
3.397
1.346
1.542
2.37
2.461
2.174
2.397
2.228
1.299
0.792
0.724
0.684
0.708
0.659
1.077
1.425
1.384
0.68
0.964
0.811
0.928
0.722
0.699
1.362
3.504
1.399
1.542
2.599
2.817
2.754
3.227
2.684
1.462
0.764
0.756
0.661
0.685
0.653
1.026
1.531
1.433
0.907
1.221
1.337
1.075
0.852
0.777
0.948
3.0
2.268
1.886
2.577
2.847
2.994
2.655
2.14
1.189
0.712
0.687
0.68
0.652
0.656
1.195
1.788
1.752
1.152
1.268
1.414
1.082
1.198
0.958
1.401
2.535
2.204
1.852
2.066
2.683
3.093
3.022
2.439
1.243
0.76
0.694
0.68
0.657
0.639
1.21
1.596
1.988
1.388
1.993
2.079
1.21
1.207
1.346
1.424
2.4
1.796
2.072
2.334
2.778
3.093
2.694
2.275
1.013
0.93
0.63
0.633
0.596
0.597
0.83
0.87
0.821
1.075
1.475
0.958
0.578
0.655
0.655
0.657
1.105
1.009
1.825
1.74
2.076
1.878
1.4
1.025
0.779
0.708
0.596
0.614
0.611
0.634
0.825
0.87
0.821
1.119
1.093
0.958
0.578
0.655
0.681
0.728
1.192
1.153
1.94
1.916
2.134
1.925
2.052
1.307
1.325
0.777
0.681
0.685
0.644
0.65
1.216
1.718
1.901
1.388
1.831
1.601
1.105
1.233
1.385
1.16
2.569
2.017
2.003
2.366
2.911
3.134
2.991
1.924
1.045
0.742
0.708
0.666
0.667
0.635
1.07
1.845
2.02
1.348
1.523
1.421
0.992
1.233
1.385
1.16
3.421
2.556
2.231
2.494
3.053
3.39
3.512
2.758
1.255
0.757
0.731
0.665
0.649
0.615
1.159
1.846
2.065
1.694
1.57
1.421
0.891
1.088
1.3
1.181
3.692
2.694
2.805
2.539
3.294
3.676
3.07
2.147
1.035
0.774
0.667
0.687
0.686
0.59
1.194
1.823
1.94
1.869
0.812
0.812
0.751
0.801
1.111
1.21
3.383
2.694
2.254
2.212
3.288
3.557
3.224
2.28
1.013
0.774
0.667
0.705
0.686
0.565
1.151
1.729
1.689
2.091
0.904
1.172
1.05
0.801
0.874
1.109
3.516
2.836
2.602
2.534
3.658
3.511
2.872
1.977
0.944
0.698
0.635
0.64
0.641
0.675
0.879
1.064
0.892
1.307
1.469
1.194
0.683
0.702
0.747
0.78
1.243
2.167
2.24
2.576
2.385
1.925
2.343
1.248
0.944
0.671
0.683
0.64
0.652
0.718
0.928
1.113
0.926
1.371
2.013
1.55
0.93
0.722
0.751
0.706
0.785
1.115
1.305
1.749
1.764
1.491
1.691
0.976
0.932
0.731
0.613
0.705
0.65
0.571
1.132
1.797
1.75
2.195
0.756
0.742
0.722
0.769
0.71
1.216
3.457
2.89
2.741
2.14
3.386
3.558
3.14
2.102
0.743
0.711
0.632
0.67
0.652
0.567
1.123
1.698
1.678
1.85
0.689
0.712
0.658
0.745
0.821
1.375
3.495
2.89
2.741
2.035
3.55
3.558
2.919
2.151
0.952
0.73
0.664
0.679
0.652
0.585
1.117
1.62
1.72
2.161
0.681
0.68
0.611
0.899
1.185
1.621
3.366
2.824
3.09
2.199
3.671
3.772
2.919
1.92
0.771
0.672
0.597
0.635
0.612
0.573
1.032
1.612
1.787
1.732
0.628
0.676
0.829
0.901
1.164
1.534
3.191
3.001
2.824
2.021
3.225
3.944
3.269
1.949
0.876
0.603
0.591
0.585
0.581
0.556
0.963
1.476
1.555
1.466
0.775
1.044
1.141
1.04
1.295
1.496
2.839
2.746
2.796
2.0
2.725
3.793
3.221
1.9
0.792
0.703
0.675
0.679
0.64
0.721
0.956
1.131
0.907
1.081
1.496
1.205
0.962
0.732
0.693
0.677
0.701
0.797
1.008
1.135
1.076
0.751
1.453
0.882
0.978
0.737
0.682
0.704
0.629
0.721
0.989
1.153
0.99
1.332
1.717
1.414
1.42
0.885
0.668
0.677
0.697
0.797
1.008
1.175
1.09
1.378
2.16
1.266
0.994
0.601
0.586
0.555
0.564
0.605
0.929
1.346
1.612
1.211
0.809
0.603
0.781
0.883
1.118
1.755
2.315
2.291
2.384
1.834
2.465
3.504
3.221
2.011
1.012
0.612
0.575
0.558
0.581
0.642
1.002
1.346
1.612
1.216
0.809
0.61
0.869
0.901
1.125
1.947
2.315
2.206
2.021
1.888
2.59
2.869
3.151
2.011
1.293
0.775
0.582
0.557
0.552
0.602
0.929
1.449
1.612
1.315
1.083
0.839
1.115
0.843
0.711
1.424
2.502
2.128
1.979
1.953
2.53
2.81
3.155
2.168
1.167
0.596
0.523
0.538
0.546
0.546
0.832
1.472
1.715
1.375
1.078
0.819
1.116
0.596
0.589
1.628
3.138
1.74
1.57
1.755
2.169
2.305
3.155
2.213
1.167
0.593
0.514
0.543
0.537
0.541
0.774
1.499
1.752
1.487
1.074
0.819
0.849
0.556
0.573
1.628
2.775
1.326
1.471
1.651
2.019
2.305
3.208
2.213
1.339
0.953
0.92
0.726
0.645
0.728
1.047
1.229
1.178
1.619
1.976
1.777
1.431
0.869
0.677
0.658
0.72
0.798
0.966
1.175
1.085
1.702
2.569
1.405
1.415
0.925
0.91
0.716
0.645
0.679
1.047
1.158
1.38
1.698
1.765
1.418
1.006
0.71
0.695
0.658
0.72
1.73
1.184
1.75
1.715
2.579
2.861
1.405
1.152
0.582
0.523
0.543
0.506
0.562
0.683
1.499
1.722
1.685
0.916
0.508
0.566
0.519
0.538
1.929
2.775
1.74
1.58
1.805
2.381
2.908
3.678
2.39
1.163
0.582
0.542
0.529
0.529
0.517
0.693
1.626
1.773
1.685
0.582
0.521
0.562
0.53
0.516
2.238
3.822
2.286
1.715
1.525
2.128
2.899
3.967
2.572
1.32
0.778
0.581
0.545
0.515
0.517
0.693
1.617
1.635
1.494
0.892
0.745
0.678
0.53
0.532
2.136
3.551
2.485
2.535
1.815
2.289
2.989
3.811
2.554
1.226
0.756
0.605
0.585
0.523
0.558
1.195
1.604
1.7
1.475
0.839
0.63
0.678
0.701
0.714
2.408
3.062
2.403
2.506
1.856
2.234
2.965
3.731
2.471
1.345
0.949
0.685
0.618
0.559
0.586
1.238
1.605
1.618
1.232
1.045
0.867
0.797
0.853
0.901
2.356
2.375
2.442
2.506
1.856
2.234
2.726
3.288
2.692
1.501
0.93
0.872
0.71
0.622
0.661
1.031
1.074
1.146
2.269
1.91
1.863
1.19
1.212
0.932
1.351
1.125
0.73
0.93
1.459
1.507
2.215
2.393
1.482
1.511
1.037
0.807
0.697
0.574
0.621
0.986
1.017
1.18
2.137
1.721
2.132
1.356
1.45
0.894
1.379
1.099
0.703
0.857
1.323
1.384
2.215
2.615
2.107
1.599
1.135
0.771
0.627
0.583
0.591
1.233
1.493
1.618
1.354
1.12
1.051
0.916
0.992
1.069
2.366
2.576
3.25
2.676
1.851
2.017
2.481
3.192
2.692
1.857
1.343
0.973
0.663
0.585
0.59
1.261
1.441
1.618
1.09
1.556
1.436
1.124
1.179
1.463
2.325
2.576
2.796
2.676
1.851
2.017
2.481
2.952
2.687
1.981
1.343
0.973
0.663
0.596
0.636
1.312
1.283
1.549
1.09
1.596
1.436
1.158
1.26
1.463
2.325
2.576
2.963
2.553
1.868
2.816
2.558
2.758
2.497
1.892
1.365
0.984
0.63
0.643
0.606
0.842
1.078
1.62
0.882
1.21
1.299
1.21
1.239
1.874
2.966
3.136
2.672
2.061
1.687
2.752
2.831
2.998
2.64
2.16
1.442
0.947
0.595
0.628
0.57
0.719
0.879
1.605
1.157
1.461
1.805
1.124
1.197
1.393
3.022
2.99
2.669
2.381
1.743
2.647
2.831
3.257
2.81
1.745
1.271
1.082
0.652
0.566
0.577
0.84
0.908
1.165
2.137
1.814
2.489
1.682
1.443
0.895
1.325
1.104
0.942
1.895
1.887
2.254
3.24
3.191
2.531
1.745
1.023
0.79
0.599
0.536
0.569
0.821
0.843
1.223
1.824
1.814
2.374
1.366
1.173
1.184
1.583
1.615
1.773
2.663
2.524
3.176
3.281
3.336
2.573
2.278
1.442
0.947
0.598
0.58
0.562
0.751
0.879
1.549
1.055
1.338
1.481
1.182
1.35
1.349
2.765
2.783
2.747
2.389
1.819
2.744
2.77
3.246
2.537
2.148
1.46
0.89
0.655
0.579
0.596
0.845
1.038
1.521
1.058
1.928
1.415
1.255
1.327
1.619
3.444
3.047
2.135
2.361
2.102
2.957
2.58
3.158
2.846
2.25
1.434
0.833
0.774
0.626
0.638
0.968
1.286
1.612
1.504
1.473
1.012
1.232
1.222
1.483
3.674
4.059
2.763
2.361
1.819
2.437
2.404
3.295
2.601
2.399
1.434
0.907
0.88
0.732
0.706
0.956
1.516
1.612
1.879
1.75
1.168
1.341
1.194
1.514
2.682
3.668
2.62
2.845
2.064
2.22
2.69
3.5
2.894
2.437
1.44
0.939
0.971
0.695
0.788
0.984
1.592
1.539
2.311
2.369
1.724
1.572
1.575
1.196
1.973
3.037
2.727
2.69
1.963
2.22
2.39
3.196
2.692
1.76
1.068
0.827
0.599
0.536
0.552
0.821
0.835
1.002
1.668
1.808
2.324
1.366
1.189
1.182
2.048
1.852
1.976
3.149
2.93
3.711
3.728
3.608
2.906
2.012
1.361
1.021
0.599
0.547
0.552
0.745
0.721
0.871
1.022
1.631
2.496
1.736
1.727
1.182
1.581
1.581
1.491
2.333
2.389
3.038
3.313
3.608
2.906
2.307
1.459
1.231
0.971
0.661
0.788
0.984
1.592
1.421
2.116
1.965
1.18
1.572
1.544
1.183
1.962
3.037
3.542
2.871
1.967
2.2
2.58
3.019
2.664
2.145
1.409
0.963
0.833
0.661
0.784
0.864
1.375
1.333
2.116
2.01
1.602
1.521
1.138
1.265
2.252
3.019
4.343
2.871
1.869
2.2
2.58
3.124
2.75
2.087
1.344
0.99
0.802
0.722
0.772
0.793
1.129
1.207
1.877
2.099
1.606
1.338
1.04
1.11
2.252
3.178
4.343
2.688
1.554
1.842
2.211
2.974
2.75
1.986
1.414
0.896
0.691
0.598
0.733
0.793
0.801
1.102
1.515
1.981
1.591
1.244
1.629
1.122
2.088
2.502
3.84
1.928
1.448
1.471
2.236
2.871
2.788
1.826
1.541
0.988
0.589
0.538
0.663
0.669
0.799
1.071
1.447
1.75
1.917
0.989
1.426
0.995
2.305
2.502
3.825
1.473
1.193
1.319
1.854
2.793
2.79
2.137
1.503
1.039
0.569
0.553
0.524
0.67
0.617
1.027
1.022
1.631
2.246
1.842
1.38
0.973
1.127
1.128
1.413
2.601
2.113
2.668
3.042
3.228
2.906
2.216
1.747
1.329
0.578
0.592
0.524
0.646
0.625
0.946
0.944
1.654
1.699
1.588
1.283
1.148
1.322
1.327
1.62
2.796
2.113
2.668
3.042
3.228
2.582
1.758
1.591
1.178
0.589
0.591
0.596
0.541
0.68
1.012
1.272
1.404
1.733
0.955
1.023
1.057
2.305
2.178
3.391
1.331
0.955
1.277
1.882
2.939
2.711
1.709
1.62
1.167
0.81
0.666
0.646
0.785
0.787
1.019
1.343
1.677
2.073
1.164
1.774
1.4
2.293
2.241
2.731
1.331
0.908
1.034
1.963
2.712
2.551
1.681
1.581
1.288
0.82
0.703
0.668
0.785
0.767
0.899
1.371
1.778
2.149
1.502
2.024
1.208
1.879
2.005
2.29
1.552
0.872
1.261
2.011
2.446
2.402
1.569
1.581
1.277
0.772
0.642
0.72
0.74
0.726
0.749
1.096
1.355
2.149
1.502
2.024
1.197
1.42
1.272
1.987
1.495
0.86
1.213
2.011
2.375
1.784
1.269
1.276
1.215
0.764
0.625
0.637
0.497
0.728
0.868
1.392
1.778
2.254
1.757
1.222
0.762
1.087
0.986
1.681
1.466
0.86
1.1
1.387
1.736
1.306
2.247
1.658
1.307
0.586
0.569
0.506
0.669
0.581
0.946
0.985
1.753
2.018
2.029
1.386
1.148
1.322
1.287
1.334
2.275
1.423
1.677
2.237
2.869
2.422
2.133
1.658
1.307
0.56
0.569
0.479
0.549
0.484
0.73
0.985
1.753
2.018
1.95
1.143
0.844
1.074
0.988
0.972
1.754
1.001
1.116
1.541
1.985
2.186
1.086
1.015
1.014
0.772
0.592
0.638
0.483
0.602
0.743
1.053
1.603
1.674
1.557
1.221
0.762
0.735
0.673
1.211
1.169
0.725
0.945
1.142
1.176
0.835
0.814
0.696
0.71
0.525
0.494
0.626
0.482
0.591
0.651
0.898
1.156
1.264
1.365
0.82
0.619
0.595
0.822
1.29
0.989
0.595
0.709
0.767
1.176
0.835
0.814
0.635
0.507
0.524
0.432
0.557
0.476
0.555
0.522
0.998
1.258
1.173
1.328
0.484
0.55
0.595
1.417
1.169
0.989
0.595
1.228
0.767
1.303
1.155
1.051
0.522
0.507
0.524
0.423
0.525
0.489
0.555
0.578
1.019
1.373
1.038
1.097
0.484
0.55
0.786
1.594
1.042
0.707
0.528
0.636
1.261
1.731
1.761
1.356
0.673
0.511
0.524
0.441
0.506
0.54
0.613
0.622
1.392
2.108
1.401
1.51
0.647
1.088
1.279
3.348
1.567
2.053
1.489
1.776
1.903
2.253
1.853
1.733
1.34
1.023
0.503
0.529
0.479
0.493
0.467
0.65
0.828
1.447
1.682
1.907
1.091
0.824
0.768
0.701
0.74
1.235
0.736
0.724
0.851
1.265
1.599
1.733
1.365
0.898
0.538
0.521
0.499
0.493
0.457
0.763
0.832
1.524
2.186
1.907
1.091
0.824
0.768
0.506
0.527
0.966
0.736
0.724
0.851
1.265
1.599
1.426
0.676
0.524
0.551
0.467
0.525
0.535
0.614
0.611
1.339
1.896
1.354
1.505
1.325
1.387
1.286
4.236
2.91
2.865
2.239
2.29
2.531
2.864
2.403
1.84
0.896
0.533
0.565
0.504
0.52
0.563
0.614
0.649
1.461
2.21
1.559
1.994
1.556
1.65
1.274
4.236
3.983
3.849
2.622
2.604
2.79
2.944
2.571
1.873
0.928
0.589
0.56
0.541
0.506
0.59
0.607
0.709
1.636
2.39
2.051
2.197
2.525
2.388
1.422
3.218
4.38
4.371
3.465
2.963
2.819
3.157
2.276
1.603
0.902
0.621
0.561
0.572
0.506
0.626
0.604
0.709
1.517
1.943
2.737
1.985
3.236
3.112
1.564
2.536
4.661
3.56
2.907
2.234
2.968
2.944
2.045
1.617
1.103
0.656
0.528
0.582
0.493
0.608
0.531
0.755
1.713
1.94
2.812
2.061
3.801
2.933
1.427
2.67
5.698
4.412
3.514
2.291
2.661
2.862
2.045
1.782
1.212
0.862
0.573
0.519
0.533
0.47
0.489
0.763
0.832
1.239
1.472
1.514
0.871
0.711
0.758
0.518
0.522
0.572
0.533
0.515
0.464
1.515
1.768
1.845
1.293
0.862
0.573
0.519
0.521
0.524
0.509
0.757
0.863
1.302
2.428
2.527
0.817
0.594
0.513
0.518
0.522
0.523
0.622
0.542
0.495
1.518
1.553
1.607
1.213
0.704
0.61
0.597
0.518
0.608
0.531
0.84
1.749
1.76
2.32
1.798
3.038
2.209
1.028
1.917
5.196
3.56
2.907
2.105
2.411
2.89
2.366
1.607
1.213
0.726
0.574
0.599
0.532
0.61
0.526
0.838
1.534
1.69
2.256
1.521
2.497
1.976
1.059
1.233
4.159
3.066
2.369
1.947
2.147
2.773
2.024
1.157
1.023
0.729
0.574
0.623
0.585
0.599
0.591
0.813
1.474
1.467
2.094
1.206
2.321
1.756
1.07
1.233
2.943
2.059
2.111
1.644
1.82
2.228
1.847
1.065
1.007
0.715
0.599
0.624
0.61
0.604
0.589
0.724
1.223
1.112
1.093
0.922
1.53
1.018
0.961
0.918
2.108
1.482
1.283
1.272
1.423
1.65
1.536
0.92
0.923
0.714
0.597
0.625
0.637
0.588
0.62
0.733
1.05
1.187
1.093
0.998
0.78
0.663
0.659
0.727
1.525
0.993
0.901
0.91
0.939
1.156
1.151
1.439
1.12
0.579
0.589
0.521
0.563
0.498
0.558
0.752
0.754
0.894
1.296
1.736
0.658
0.602
0.529
0.551
0.515
0.554
0.632
0.56
0.552
1.052
1.144
1.939
1.495
0.734
0.63
0.522
0.592
0.521
0.602
0.896
0.978
1.825
2.192
2.891
0.892
0.658
0.551
0.599
0.541
0.607
0.74
0.66
0.805
1.585
1.628
0.609
0.63
0.639
0.597
0.625
0.637
0.591
0.636
0.61
0.689
0.821
0.827
0.712
0.698
0.609
0.629
0.607
0.76
0.71
0.757
0.814
0.939
1.156
1.151
0.609
0.63
0.631
0.575
0.604
0.617
0.563
0.59
0.586
0.624
1.057
1.227
0.739
0.698
0.616
0.645
0.607
0.76
0.7
0.708
0.63
0.97
1.189
0.983
0.959
0.742
0.634
0.575
0.594
0.615
0.554
0.58
0.575
0.65
1.572
2.197
0.891
0.659
0.589
0.624
0.587
0.857
0.7
0.708
0.825
1.427
2.03
1.584
1.299
0.936
0.695
0.575
0.578
0.59
0.54
0.58
0.562
0.815
1.867
2.627
1.212
0.716
0.621
0.643
0.851
1.362
1.205
0.767
1.059
2.716
2.572
1.689
1.501
1.081
0.735
0.622
0.578
0.564
0.542
0.588
0.523
1.063
2.561
3.35
2.084
0.837
1.999
0.877
1.063
1.917
1.864
1.123
1.432
3.141
3.332
2.271
2.216
1.65
0.766
0.658
0.536
0.594
0.564
0.67
0.997
1.178
2.405
2.352
3.219
1.15
0.729
0.572
0.638
0.579
0.613
1.103
0.994
1.232
2.266
2.359
2.216
1.559
1.018
0.716
0.553
0.625
0.58
0.712
1.004
1.161
2.249
2.127
2.207
1.15
0.729
0.572
0.645
0.685
0.654
1.125
0.994
1.157
1.932
2.306
1.986
1.336
0.84
0.674
0.582
0.564
0.573
0.593
0.527
1.15
2.963
3.41
2.639
1.662
2.842
0.976
1.172
1.997
2.296
1.526
1.98
3.141
3.546
2.756
2.247
1.455
1.108
0.778
0.624
0.648
0.631
0.636
0.635
1.256
2.963
3.41
2.639
1.747
3.001
0.976
1.255
1.997
2.306
1.57
1.954
3.156
3.297
2.756
2.266
1.508
1.199
0.841
0.673
0.619
0.693
0.699
0.702
1.369
2.846
2.661
2.663
1.804
3.085
1.178
1.255
1.698
2.347
1.57
2.564
3.391
3.367
3.116
2.381
1.629
1.389
1.055
0.688
0.587
0.718
0.7
0.996
1.301
2.332
2.246
2.507
1.804
3.085
1.279
1.911
2.637
2.207
1.404
2.442
2.532
3.188
3.105
2.265
1.686
1.331
1.055
0.688
0.597
0.718
0.676
1.015
1.314
2.876
2.225
2.718
1.198
1.792
1.031
1.707
1.645
1.765
1.391
2.377
2.278
3.188
3.105
2.018
1.614
1.056
0.716
0.594
0.635
0.626
0.706
0.863
1.202
2.416
2.929
2.333
1.301
0.85
0.664
0.741
0.771
0.732
1.206
1.659
1.527
2.182
2.306
1.945
1.534
1.017
0.716
0.58
0.635
0.598
0.706
0.821
1.051
1.618
2.559
2.258
1.422
1.077
0.867
0.959
1.12
1.109
1.508
1.973
2.194
3.197
3.064
2.387
1.879
1.331
1.001
0.673
0.616
0.714
0.713
1.028
1.203
2.362
1.782
1.955
1.091
1.029
0.81
1.547
1.127
1.324
1.459
2.374
2.237
3.188
3.096
2.265
1.686
1.032
0.72
0.612
0.523
0.633
0.647
0.721
1.081
1.709
1.502
0.899
0.841
0.849
0.658
1.471
1.057
0.929
1.072
1.843
1.956
2.438
2.642
1.768
1.434
0.727
0.618
0.543
0.485
0.57
0.572
0.609
0.96
1.496
1.226
0.786
0.736
0.781
0.66
1.382
0.966
0.81
0.966
1.637
1.424
1.818
1.887
1.376
1.092
0.571
0.527
0.498
0.482
0.529
0.533
0.482
0.721
0.999
1.075
0.597
0.596
0.654
0.537
0.628
0.704
0.685
0.881
0.819
0.975
1.128
1.236
0.892
0.773
0.485
0.488
0.474
0.482
0.483
0.526
0.435
0.771
1.262
1.049
0.845
0.567
0.566
0.51
0.544
0.564
0.524
0.69
0.925
0.975
1.342
1.064
2.261
1.835
1.084
0.71
0.668
0.582
0.598
0.85
0.883
1.051
1.731
2.666
2.258
1.609
1.209
0.998
0.959
1.12
1.091
1.508
1.973
2.194
3.197
3.064
2.377
1.988
1.25
0.827
0.668
0.567
0.58
0.846
0.909
1.051
1.731
2.305
1.805
1.541
1.296
1.007
0.964
1.397
1.474
1.54
2.007
2.566
3.047
3.465
0.844
0.852
0.485
0.487
0.447
0.475
0.487
0.544
0.448
0.657
0.813
1.049
0.845
0.567
0.566
0.51
0.544
0.611
0.606
0.849
1.236
1.612
2.21
1.488
0.787
0.608
0.642
0.487
0.455
0.475
0.507
0.544
0.491
1.009
1.085
1.171
1.573
1.138
0.887
1.163
0.621
1.867
0.725
0.849
1.236
1.981
2.116
1.667
1.176
0.815
0.661
0.519
0.453
0.481
0.582
0.593
0.642
1.446
1.694
1.284
1.657
1.138
0.895
1.767
1.197
3.279
0.997
0.853
1.272
1.993
2.547
2.154
1.527
1.169
0.678
0.532
0.437
0.51
0.624
0.621
0.728
1.969
2.342
1.591
1.932
1.281
0.869
1.906
1.928
3.884
1.495
1.026
1.896
2.776
3.264
2.787
1.812
1.354
0.687
0.572
0.45
0.523
0.681
0.694
0.795
2.201
2.589
1.976
2.457
1.77
0.946
2.378
2.449
5.206
2.248
1.731
2.6
3.414
3.527
2.787
2.551
2.18
1.579
1.124
0.683
0.54
0.54
0.817
0.95
1.011
1.606
2.305
1.517
1.317
1.296
1.117
1.152
1.606
1.525
1.182
1.691
2.39
2.979
3.206
2.165
1.879
1.273
1.107
0.587
0.497
0.506
0.688
0.933
1.189
1.747
2.112
1.559
1.197
1.274
1.33
1.016
1.491
1.323
1.182
1.489
2.677
3.739
3.347
1.812
1.354
0.687
0.594
0.455
0.555
0.761
0.71
0.912
1.824
2.246
2.139
2.355
1.749
0.942
2.524
2.619
5.206
2.248
1.672
2.254
3.012
3.527
3.194
1.75
1.21
0.585
0.594
0.538
0.541
0.798
0.716
0.994
1.903
2.63
2.139
2.051
1.749
1.124
2.01
2.619
4.352
2.384
1.793
2.272
2.712
3.608
3.194
2.069
1.44
0.585
0.582
0.489
0.541
0.775
0.716
0.877
1.893
3.173
2.134
1.84
1.59
1.192
1.83
2.77
3.341
2.616
1.801
2.272
2.934
3.897
2.95
1.661
1.252
0.61
0.584
0.498
0.587
0.824
0.804
0.832
1.663
2.965
2.347
2.222
1.638
1.256
1.496
2.212
2.319
3.08
2.413
2.551
3.625
4.156
3.041
1.744
1.249
0.765
0.569
0.513
0.589
0.866
0.893
0.994
1.663
3.423
2.941
2.547
2.107
1.409
1.489
1.599
1.935
2.805
2.583
2.369
3.575
4.156
2.819
2.135
1.859
1.261
1.105
0.526
0.497
0.47
0.72
1.015
1.084
1.554
1.64
1.458
1.07
1.28
1.473
1.287
1.752
1.423
1.203
1.109
2.707
3.694
2.952
2.417
2.097
1.365
1.133
0.575
0.483
0.47
0.811
1.019
1.201
1.859
1.423
1.16
1.041
1.137
1.177
1.112
1.953
1.514
1.319
1.255
2.707
3.581
2.315
1.684
1.112
0.795
0.554
0.543
0.643
0.942
0.948
1.17
1.453
3.282
2.791
2.163
1.735
1.378
1.153
1.82
1.929
2.084
2.583
2.481
3.933
4.348
3.149
1.647
1.119
0.795
0.532
0.569
0.621
0.929
1.096
1.455
1.52
3.193
2.335
2.101
1.735
1.378
0.88
1.6
1.71
2.079
2.583
2.674
4.057
4.0
2.944
1.605
0.928
0.757
0.543
0.543
0.621
0.945
1.167
1.875
1.457
2.129
1.818
1.66
1.157
0.835
0.957
1.599
1.71
2.193
2.702
3.144
4.175
3.578
2.614
1.188
0.607
0.58
0.53
0.543
0.588
0.945
1.24
1.953
1.4
1.247
1.715
1.471
1.006
0.835
0.957
1.166
1.831
1.594
2.103
2.985
4.49
3.303
2.423
1.167
0.593
0.561
0.53
0.557
0.526
0.895
1.446
2.104
1.263
0.982
0.813
0.959
1.036
0.752
1.007
1.352
2.0
1.327
1.922
2.985
3.809
3.303
2.493
2.127
1.782
1.402
1.136
0.495
0.509
0.57
0.811
1.193
1.422
1.809
1.184
1.316
0.831
1.003
1.074
1.119
1.953
1.7
1.518
1.709
3.401
3.581
2.41
1.47
1.225
1.049
1.001
0.52
0.497
0.583
0.773
1.108
1.319
1.708
1.184
1.316
1.035
1.122
1.276
1.54
1.953
2.174
2.324
2.364
4.426
3.672
2.41
1.117
0.565
0.561
0.513
0.571
0.518
0.878
1.759
1.845
1.209
0.872
0.624
0.817
0.868
0.588
1.23
1.614
2.116
1.282
1.696
2.966
3.486
3.456
2.458
0.927
0.586
0.519
0.523
0.572
0.511
0.878
2.093
2.636
1.438
1.004
0.661
0.796
0.821
0.626
1.623
1.614
3.11
1.524
1.696
3.075
3.618
3.49
2.311
1.041
0.592
0.564
0.576
0.574
0.514
0.944
2.45
2.375
1.317
0.859
0.689
0.803
0.942
0.729
1.671
2.238
3.474
1.915
2.113
3.456
4.059
3.66
2.217
1.041
0.632
0.586
0.647
0.623
0.552
0.969
2.558
2.463
1.683
0.921
0.738
0.911
0.942
1.195
2.259
2.548
2.419
1.812
2.059
3.319
4.377
3.776
2.51
1.337
0.703
0.644
0.711
0.667
0.581
1.057
2.463
2.55
1.923
1.003
0.738
0.835
0.84
0.806
2.79
3.168
2.698
2.387
2.212
3.448
4.321
3.829
2.779
1.678
1.306
0.686
0.647
0.522
0.526
0.664
0.874
1.123
1.543
1.708
1.644
1.661
1.387
1.521
1.551
1.9
2.679
3.088
3.084
3.138
4.662
3.622
2.228
1.812
1.346
0.771
0.658
0.596
0.558
0.72
0.987
1.237
1.529
1.625
1.483
1.709
2.085
1.551
1.651
2.023
2.663
3.008
2.74
2.786
4.662
3.544
2.107
1.714
1.182
0.778
0.744
0.712
0.677
1.12
2.725
2.747
1.946
0.952
0.738
0.852
0.791
0.885
3.015
3.13
2.934
2.859
2.363
3.521
4.321
3.67
2.671
1.814
1.182
0.77
0.762
0.764
0.678
1.141
2.617
2.943
1.799
0.948
0.737
0.865
0.738
0.885
2.765
3.109
3.212
3.679
2.655
3.926
4.813
3.56
2.671
1.814
1.188
0.774
0.762
0.764
0.714
1.117
2.654
2.225
1.806
0.871
0.788
0.887
0.796
0.961
2.342
2.637
3.212
3.21
2.642
3.926
4.839
3.56
2.547
1.914
1.175
0.77
0.786
0.749
0.703
1.12
2.717
2.421
1.882
1.031
0.846
0.914
0.796
1.01
2.321
2.12
3.526
3.29
2.682
4.379
4.863
3.546
2.556
2.082
1.335
0.748
0.702
0.736
0.615
1.12
2.722
2.287
1.577
1.182
0.892
0.9
1.555
1.01
2.06
1.998
3.526
3.29
2.518
4.945
5.01
3.665
2.622
1.942
1.378
0.845
0.671
0.67
0.598
0.796
1.005
1.205
1.734
1.736
1.463
2.32
2.294
1.621
1.663
1.802
2.749
3.665
3.56
3.514
4.598
3.452
2.276
1.714
1.023
0.8
0.671
0.68
0.652
0.796
0.917
1.364
2.117
1.819
1.345
2.202
2.876
2.377
2.307
2.515
3.028
3.889
3.701
3.788
4.486
4.068
2.622
2.082
1.162
0.691
0.69
0.706
0.606
1.086
2.722
2.466
1.68
1.051
0.917
0.9
1.535
0.983
1.973
1.933
3.019
2.777
2.515
4.622
5.299
3.603
2.38
1.862
1.01
0.691
0.639
0.706
0.606
1.059
2.722
2.639
2.236
1.177
0.972
0.953
1.557
1.019
2.022
2.108
2.778
2.964
2.515
5.539
5.299
4.036
2.324
1.595
1.038
0.714
0.625
0.657
0.626
1.052
2.61
2.513
2.236
1.177
0.972
0.908
1.557
1.005
1.911
2.257
2.266
2.964
2.758
6.114
5.528
4.163
2.309
1.689
1.124
0.699
0.609
0.657
0.59
1.053
2.469
2.461
2.078
1.409
1.073
1.16
1.772
0.903
1.947
2.004
1.756
3.113
3.036
6.384
5.195
3.832
2.218
1.547
1.124
0.709
0.589
0.678
0.613
1.037
2.403
2.391
2.033
1.671
1.073
1.218
1.772
0.915
2.006
1.991
1.59
3.106
3.235
6.323
5.155
3.83
2.343
1.908
1.237
0.8
0.747
0.772
0.642
0.798
0.9
1.331
2.442
2.173
1.494
3.361
3.024
2.847
2.519
3.045
3.762
4.454
4.777
4.723
4.791
4.386
2.879
2.263
1.237
0.859
0.781
0.786
0.703
0.892
1.027
1.331
2.442
2.134
1.803
2.786
3.024
2.438
3.192
3.308
3.105
3.607
4.382
4.942
4.322
3.859
3.145
1.555
0.959
0.755
0.626
0.685
0.631
1.047
3.017
2.524
2.169
1.492
0.982
1.115
1.0
0.915
2.427
2.089
1.715
3.565
3.471
5.379
4.856
3.597
2.342
1.32
0.849
0.686
0.636
0.683
0.668
1.062
3.176
2.359
1.829
1.699
1.24
1.378
1.293
1.243
2.757
1.915
1.928
3.566
3.897
5.95
4.328
3.303
2.018
1.014
0.751
0.629
0.621
0.654
0.593
1.049
2.76
2.359
1.454
1.365
1.167
1.287
1.235
1.127
2.192
1.687
2.689
3.235
3.872
5.29
4.315
2.795
1.789
1.217
0.819
0.639
0.71
0.683
0.623
1.08
2.894
2.595
1.829
1.335
1.199
1.312
1.245
1.131
2.192
1.465
2.823
2.893
3.5
4.496
4.254
2.376
1.723
1.12
0.73
0.693
0.72
0.667
0.713
1.022
3.017
2.598
1.839
1.209
1.562
1.312
1.295
1.124
1.936
1.894
3.567
2.702
3.5
3.971
4.177
2.612
1.975
2.263
1.211
0.944
0.833
0.872
0.76
0.994
1.066
1.404
2.437
1.78
1.061
2.785
3.447
2.864
3.204
2.618
2.374
2.674
3.685
4.248
4.131
3.859
3.145
2.769
1.533
0.994
0.818
0.837
0.739
1.042
1.117
1.393
2.579
2.122
0.903
2.622
2.763
2.772
2.694
2.524
2.374
3.676
5.008
5.417
4.474
3.687
3.009
1.129
0.73
0.746
0.81
0.676
0.669
1.079
3.268
2.657
1.965
0.892
1.059
0.91
0.968
0.951
2.03
1.894
3.677
2.806
3.654
3.768
4.06
2.612
1.975
0.912
0.673
0.706
0.745
0.647
0.662
1.076
3.268
2.889
1.847
1.001
1.16
0.986
1.064
0.699
1.566
1.619
4.334
3.164
4.104
4.114
4.27
2.803
2.061
0.916
0.673
0.754
0.684
0.65
0.593
1.025
3.263
2.862
2.233
0.96
0.908
0.825
0.756
0.699
1.566
1.827
4.12
3.44
3.726
3.928
4.241
3.259
2.609
1.043
0.667
0.772
0.709
0.681
0.629
1.038
3.236
2.549
2.658
1.046
0.934
0.876
0.862
0.874
1.305
1.613
3.434
3.246
3.505
3.758
4.241
3.418
2.839
1.037
0.667
0.721
0.629
0.627
0.585
1.038
3.681
2.363
2.808
1.211
1.51
0.951
1.245
0.919
1.386
2.007
4.12
3.556
3.713
4.165
4.216
3.632
3.042
2.769
1.627
1.004
0.829
0.8
0.746
1.058
1.222
1.414
2.417
2.233
0.928
2.073
2.747
2.634
2.479
2.332
2.047
4.047
4.768
5.486
5.156
3.66
2.825
2.714
1.572
1.004
0.784
0.729
0.702
1.058
1.222
1.335
2.051
2.179
1.224
3.024
2.621
2.247
1.598
1.514
1.52
3.666
5.178
5.289
4.958
3.302
2.222
1.28
0.621
0.684
0.614
0.637
0.545
1.06
3.568
2.338
2.433
1.018
0.934
0.855
0.889
0.881
1.311
1.593
3.472
3.852
3.822
4.403
4.425
3.659
3.042
1.551
0.624
0.684
0.614
0.637
0.577
1.093
3.466
2.223
2.402
1.083
1.51
0.886
1.113
0.92
1.225
1.997
4.412
3.852
4.152
4.817
4.673
3.95
2.881
1.551
0.63
0.716
0.61
0.617
0.588
1.153
3.149
2.151
2.308
0.985
1.414
0.864
1.018
0.884
1.321
2.361
4.04
3.714
3.659
4.826
4.753
3.695
2.605
1.389
0.647
0.697
0.61
0.625
0.612
1.22
3.22
2.151
1.735
0.889
1.369
0.865
1.076
0.884
1.468
2.441
4.131
3.921
4.291
5.543
4.848
3.479
2.59
1.556
0.684
0.681
0.606
0.576
0.575
1.22
3.175
2.406
1.628
0.989
2.017
0.907
1.156
0.953
1.599
3.193
4.63
4.032
4.553
5.551
4.782
3.812
2.7
2.506
1.218
0.894
0.748
0.627
0.702
1.003
1.212
1.475
1.779
1.991
1.986
2.51
2.6
1.586
1.237
0.815
1.392
3.032
4.241
5.289
4.7
3.131
1.922
2.913
1.824
1.005
0.781
0.774
0.672
0.963
1.182
1.449
1.757
2.104
1.768
2.377
2.365
1.383
0.993
0.815
1.42
3.813
4.773
5.267
4.659
3.131
1.922
1.705
0.671
0.62
0.597
0.576
0.552
1.185
3.175
2.474
1.222
0.874
1.405
0.798
0.874
1.051
1.729
3.769
3.699
4.032
5.122
5.177
4.936
4.306
2.807
1.641
0.725
0.607
0.595
0.566
0.55
1.16
3.211
2.458
1.433
1.003
1.405
0.82
0.81
1.051
1.729
3.769
4.63
4.427
5.122
5.78
5.057
4.81
3.27
1.775
0.674
0.531
0.595
0.55
0.528
1.085
3.061
2.837
1.369
0.921
0.711
0.772
0.633
1.014
1.638
3.48
4.745
4.343
4.902
5.613
4.955
4.621
3.596
2.019
0.663
0.518
0.518
0.559
0.489
1.04
2.947
2.875
1.845
0.897
0.694
0.679
0.607
0.939
1.152
2.997
5.432
4.157
4.965
6.057
5.06
4.993
3.828
2.272
0.714
0.518
0.575
0.559
0.489
1.04
2.87
2.823
2.412
1.235
1.155
0.827
0.548
0.657
0.887
2.631
5.799
4.39
4.77
5.54
5.356
4.993
3.828
2.478
1.491
0.837
0.693
0.603
0.637
0.924
1.094
1.418
1.695
2.124
2.056
2.108
2.13
1.333
0.842
0.874
2.325
4.506
5.067
5.859
4.659
3.22
2.075
1.794
1.083
0.948
0.842
0.81
0.654
0.949
1.094
1.556
1.695
2.024
2.469
2.424
2.21
1.783
1.089
1.098
3.085
4.482
5.067
6.119
4.978
3.505
2.286
2.244
0.665
0.512
0.579
0.577
0.475
1.01
2.826
2.457
2.111
0.767
0.773
0.709
0.548
0.657
0.967
2.593
5.667
4.476
4.77
5.53
5.277
4.835
3.925
2.091
0.672
0.595
0.585
0.631
0.485
1.067
2.718
2.306
2.264
1.132
1.085
0.865
0.566
0.474
1.715
2.593
6.389
5.116
4.783
5.741
4.927
4.458
3.546
1.947
0.621
0.58
0.657
0.638
0.5
1.076
2.306
2.007
2.255
1.449
1.61
1.108
1.098
0.756
1.805
2.697
6.323
5.116
5.03
5.482
4.906
4.412
3.485
2.078
0.992
0.669
0.637
0.685
0.515
1.091
1.952
1.589
2.336
1.961
2.343
1.975
1.842
0.918
1.802
1.972
5.602
4.836
4.748
5.188
4.625
3.905
2.777
1.71
1.052
0.678
0.638
0.685
0.558
1.023
1.551
1.161
2.035
2.219
2.668
2.385
1.87
0.954
1.862
1.767
4.311
4.251
4.019
3.924
3.289
2.826
2.004
1.618
1.015
0.864
0.805
0.789
0.578
0.945
1.049
1.398
1.538
2.116
3.065
2.292
2.21
1.717
1.151
1.639
3.441
4.131
5.232
6.129
4.884
4.073
2.382
2.35
1.433
0.87
0.814
0.76
0.601
0.948
1.09
1.369
1.583
1.998
3.869
2.292
2.21
1.717
1.352
1.762
3.385
3.663
4.317
6.129
4.49
4.073
2.658
2.312
0.684
0.619
0.638
0.618
0.558
0.954
1.146
0.884
1.415
1.731
2.286
2.251
1.895
0.99
1.869
1.698
2.971
2.969
3.187
2.878
2.152
3.061
2.713
1.108
1.003
0.689
0.665
0.632
0.597
0.948
1.112
0.884
1.815
2.303
2.407
2.593
1.903
0.929
0.987
1.071
2.528
3.69
4.379
3.514
2.577
3.385
3.372
1.752
1.209
0.775
0.71
0.638
0.612
0.948
1.112
1.525
2.005
1.916
2.148
2.524
1.903
0.947
0.847
1.071
2.478
3.808
4.322
3.818
3.441
3.72
3.552
2.019
1.552
0.882
0.698
0.692
0.629
0.91
1.099
2.039
1.907
1.434
1.407
1.74
1.158
0.809
0.711
0.88
1.939
3.808
3.99
3.886
3.367
3.908
3.484
2.354
1.267
0.842
0.728
0.667
0.676
0.818
1.115
2.587
2.499
1.476
1.407
1.632
1.118
0.817
0.735
1.117
2.328
4.407
5.837
5.53
4.649
5.399
4.235
2.137
1.389
0.848
0.867
0.776
0.614
0.957
1.155
1.435
1.792
2.017
3.272
2.013
2.131
2.021
1.656
2.626
4.809
4.534
5.194
6.31
4.433
4.313
2.74
1.518
1.382
0.742
0.682
0.585
0.58
0.899
1.138
1.498
1.997
2.017
2.961
1.609
1.596
1.779
1.478
2.617
3.955
3.75
4.302
5.315
3.652
3.477
2.596
1.2
1.54
0.985
0.728
0.662
0.684
0.76
1.147
3.296
3.051
1.558
0.944
1.208
1.087
0.817
0.815
1.368
3.126
5.667
6.356
5.993
5.749
5.518
4.408
2.715
1.902
1.139
0.833
0.806
0.786
0.839
1.23
3.407
3.327
2.257
1.377
1.583
1.134
0.809
0.802
1.509
3.37
5.667
6.501
6.206
5.818
5.874
4.149
2.973
1.93
1.323
1.136
1.087
1.048
1.12
1.524
3.587
2.891
1.773
1.084
1.137
0.678
0.662
0.637
1.686
4.212
5.79
6.069
5.508
5.221
5.388
3.746
3.345
2.133
1.543
1.343
1.31
1.265
1.301
1.747
3.373
2.837
1.761
1.131
1.1
0.71
0.623
0.623
2.263
3.712
6.215
5.796
4.998
5.006
5.644
4.153
3.905
2.37
1.775
1.612
1.607
1.583
1.503
1.94
3.298
3.34
2.041
1.49
1.174
1.177
0.718
0.784
2.433
3.495
5.906
6.678
4.73
5.221
5.517
4.303
4.22
1.37
0.817
0.691
0.611
0.583
0.899
1.127
1.424
1.925
1.854
2.786
1.518
1.191
1.383
1.404
2.384
2.725
4.453
4.911
5.075
4.262
4.047
2.724
1.805
1.592
0.817
0.66
0.598
0.578
0.853
1.053
1.184
1.806
2.135
2.596
1.301
1.173
1.155
1.228
2.127
2.143
3.928
4.911
5.085
4.262
4.27
3.438
2.287
2.651
1.947
1.911
1.907
1.819
1.837
2.137
3.242
3.427
1.62
1.072
0.746
0.707
0.568
0.774
2.798
3.495
6.564
6.071
4.712
4.991
5.064
4.789
4.32
2.557
1.947
1.911
1.907
1.819
1.837
2.137
3.3
3.801
1.776
1.441
0.926
0.707
0.578
0.599
2.161
3.255
6.791
7.224
5.1
5.372
5.49
5.217
4.419
2.651
1.949
1.917
1.948
1.884
1.882
2.137
3.401
4.015
1.767
1.177
0.833
0.719
0.72
0.635
2.343
3.397
6.89
7.224
5.1
5.6
6.059
5.239
3.896
2.79
1.932
1.901
2.064
1.844
1.864
2.154
3.221
4.449
2.184
1.399
0.997
0.929
0.99
0.832
2.803
3.397
6.829
7.115
5.22
5.803
7.114
5.656
3.951
2.802
1.959
1.876
2.065
1.798
1.828
2.161
3.407
4.465
2.412
1.399
0.983
0.978
1.022
0.874
2.065
2.965
6.717
6.534
5.031
5.967
7.126
5.403
3.56
2.018
0.991
0.665
0.623
0.591
0.756
1.031
1.172
1.795
2.178
1.666
1.336
1.191
1.163
1.531
1.596
2.416
4.72
5.106
5.238
4.345
3.973
3.234
1.569
1.727
0.951
0.638
0.623
0.587
0.681
0.972
1.469
2.068
2.542
1.269
1.097
1.191
1.163
1.816
1.708
2.409
4.746
5.226
5.334
4.502
4.208
2.943
1.717
2.757
1.919
1.922
2.055
1.814
1.863
2.216
3.571
4.333
2.74
1.308
1.045
0.978
0.859
1.018
1.941
2.708
6.668
5.53
4.645
5.526
7.023
5.403
3.311
2.319
1.65
1.65
1.78
1.571
1.568
2.027
3.571
4.189
3.025
1.615
1.187
1.048
0.932
1.097
1.613
2.584
6.779
5.975
4.682
5.967
7.628
5.368
3.594
2.576
1.962
2.036
2.141
1.931
1.905
2.316
3.424
3.907
3.016
1.261
1.025
1.048
0.932
1.113
1.925
3.348
6.279
5.175
4.781
5.809
8.283
5.386
3.516
2.406
1.931
1.929
2.11
1.877
1.843
2.351
3.424
3.941
3.257
1.218
1.017
1.053
0.882
1.097
1.627
4.047
6.646
5.565
5.273
6.026
7.712
5.741
3.744
2.374
2.008
2.014
2.084
2.037
2.012
2.402
3.408
3.772
2.99
1.275
1.146
1.084
0.882
0.811
1.627
3.824
7.295
5.304
5.748
6.525
7.178
5.567
3.744
2.122
1.203
0.638
0.623
0.591
0.629
0.963
1.273
2.073
2.922
1.322
0.866
0.922
0.892
1.446
1.325
2.409
4.746
6.368
5.358
4.817
4.102
2.782
1.928
2.306
1.326
0.663
0.649
0.614
0.629
0.974
1.612
2.181
2.922
1.322
0.866
1.122
0.927
1.452
1.808
3.343
6.384
7.424
6.512
6.022
5.273
3.914
2.646
2.374
2.053
2.101
2.052
2.131
2.012
2.586
3.617
3.517
2.801
1.968
1.537
1.079
0.861
0.838
2.097
5.025
6.868
5.304
5.937
6.332
6.736
5.834
4.137
2.416
2.168
2.11
2.055
2.183
2.151
2.721
3.861
3.188
3.425
1.932
1.566
1.079
0.949
0.838
2.647
5.679
7.561
5.634
6.172
6.588
6.736
5.834
4.137
2.416
2.168
2.11
2.055
2.183
2.151
2.721
4.073
3.072
2.149
1.238
1.456
1.057
0.964
0.749
3.163
5.852
8.225
5.634
6.152
6.434
6.582
5.616
4.268
2.258
1.875
1.865
1.685
1.749
1.709
2.464
4.073
2.908
2.253
1.997
2.229
1.849
1.445
1.053
3.259
6.282
9.558
6.016
6.386
6.578
6.312
5.033
3.97
2.157
1.65
1.543
1.307
1.412
1.395
2.148
3.604
2.68
1.73
2.347
2.552
1.915
1.868
1.189
3.259
5.75
9.406
6.341
6.545
6.427
5.864
4.292
3.607
3.235
1.82
0.987
1.034
0.936
1.046
1.324
2.068
2.619
3.05
1.45
0.937
1.195
0.996
1.489
1.808
3.141
5.167
6.318
5.964
6.274
5.96
4.227
2.978
2.767
1.688
0.986
1.041
0.914
1.015
1.332
2.112
2.521
2.883
1.746
1.176
1.268
1.146
1.425
1.662
3.228
6.614
5.163
5.964
6.663
5.99
3.884
2.858
1.938
1.332
1.156
0.905
1.023
0.948
1.694
3.19
2.179
1.853
2.479
2.875
3.074
2.055
1.469
2.844
5.489
8.218
7.214
6.17
6.276
5.864
4.324
3.136
1.799
1.332
1.156
0.905
0.971
0.721
1.512
2.765
1.87
1.74
2.057
3.853
3.769
2.552
1.814
3.351
4.807
8.874
7.822
6.799
6.636
6.137
4.324
3.136
1.799
1.412
1.245
1.036
0.971
0.721
1.512
2.696
1.87
1.74
2.782
4.422
3.905
3.052
2.148
3.635
5.091
9.691
8.571
7.402
7.062
6.617
4.961
3.967
2.396
1.911
1.618
1.548
1.476
1.293
2.043
2.696
1.973
2.109
2.854
5.425
4.127
3.473
2.458
2.984
4.764
9.847
8.323
8.23
7.612
6.995
5.522
4.176
3.034
2.55
2.317
2.248
2.153
1.984
2.615
3.048
2.22
2.561
2.453
4.526
3.537
3.367
2.266
2.774
4.188
9.677
8.755
8.428
7.572
7.499
5.546
4.408
2.567
1.587
1.093
1.18
1.035
1.13
1.469
2.165
3.244
3.258
2.498
1.633
2.021
1.543
1.425
2.002
3.663
7.314
5.314
6.364
6.968
6.514
4.871
3.398
3.114
1.952
1.238
1.342
1.19
1.293
1.632
2.031
3.085
3.072
3.488
2.097
2.1
1.479
1.367
2.521
4.928
8.307
6.982
7.16
7.276
7.338
6.027
4.269
3.262
2.629
2.467
2.442
2.277
2.085
2.697
3.509
2.991
3.069
2.391
4.526
3.537
3.056
2.266
2.575
3.624
8.18
7.831
7.824
7.528
7.499
5.811
5.079
3.262
2.629
2.467
2.442
2.277
2.126
2.722
3.956
3.844
2.809
2.146
4.107
2.742
3.033
2.117
3.243
3.572
8.757
8.031
8.258
7.317
6.967
5.711
5.186
3.305
2.294
2.196
2.112
2.054
2.151
2.636
4.098
3.972
2.876
2.109
3.298
2.533
2.151
1.57
2.613
3.943
8.609
7.936
8.17
7.242
7.236
5.886
4.669
3.073
1.884
1.722
1.58
1.486
1.6
2.064
4.019
3.788
2.286
1.729
2.075
1.911
1.503
1.229
1.817
3.562
8.184
7.936
8.22
7.021
6.832
4.704
4.031
2.452
1.428
1.294
1.182
1.068
1.146
1.543
3.787
4.095
2.297
1.863
1.82
2.195
1.503
1.229
1.948
3.579
7.235
8.557
7.099
6.457
6.075
4.602
3.764
3.48
1.91
1.327
1.435
1.347
1.394
1.785
2.072
3.139
2.706
4.246
2.717
2.801
1.871
1.688
3.029
4.999
7.844
6.605
7.179
7.597
7.504
6.027
4.287
3.184
1.742
1.116
1.187
1.132
1.089
1.505
1.96
2.649
2.37
4.249
2.7
3.702
2.326
2.226
2.555
4.074
6.238
5.616
7.404
7.519
6.76
5.567
4.103
2.312
1.428
1.187
1.077
0.986
1.026
1.41
3.536
3.575
1.783
1.547
1.483
2.089
1.477
1.456
2.732
3.933
6.181
8.182
6.677
6.491
5.773
5.001
4.076
2.297
1.367
1.064
0.919
0.899
0.883
1.339
3.656
3.248
1.783
2.061
1.83
2.551
1.506
1.488
2.749
3.933
7.235
8.494
6.687
6.715
6.1
5.358
3.655
2.427
1.53
1.129
0.907
0.901
0.863
1.256
3.458
3.062
1.965
2.019
1.769
2.005
1.279
1.463
2.652
4.41
7.636
7.953
6.806
7.279
6.617
5.559
3.925
2.284
1.496
1.129
0.9
0.907
0.847
1.214
3.093
2.874
2.419
2.719
1.769
2.124
1.764
1.944
3.166
4.378
8.095
7.988
6.626
6.952
5.977
4.995
3.641
2.036
1.327
1.088
0.881
0.898
0.845
1.18
2.708
2.754
2.887
3.061
1.8
2.198
1.831
2.019
3.175
3.733
6.902
7.599
6.626
6.547
5.585
5.167
4.143
2.501
1.377
0.964
1.025
0.951
0.933
1.351
1.669
2.584
2.216
4.263
2.7
3.702
2.326
2.227
2.569
4.074
6.238
5.616
7.589
7.287
6.678
5.567
4.103
3.156
1.742
1.106
1.113
1.045
0.983
1.505
1.856
2.753
2.559
4.152
2.951
2.894
2.318
2.227
2.569
3.861
4.111
4.359
7.404
6.889
6.274
5.412
4.103
2.284
1.446
1.196
1.026
0.98
0.981
1.179
2.12
2.221
2.58
3.175
2.261
2.029
1.655
2.013
3.046
3.226
6.041
6.109
6.569
6.547
5.649
5.167
4.324
2.278
1.464
1.271
1.004
0.992
1.007
1.179
1.621
1.952
2.58
3.188
2.873
2.604
2.197
2.662
3.356
3.754
6.156
5.678
6.676
6.517
5.711
5.421
4.524
2.415
1.793
1.512
1.054
0.992
1.007
1.169
1.327
1.429
1.978
3.188
2.731
2.096
2.144
2.574
3.356
3.754
4.136
4.057
7.021
6.541
5.878
5.09
4.472
2.632
1.793
1.454
1.062
0.972
1.002
1.174
1.223
1.079
2.365
3.326
2.779
2.026
2.023
2.486
2.532
2.587
2.435
2.547
5.912
5.922
5.364
4.655
3.775
2.443
1.793
1.454
0.974
0.855
0.99
1.16
1.195
0.951
1.684
2.567
2.137
1.319
1.334
1.183
1.214
1.432
1.644
1.545
4.534
4.576
4.248
3.81
3.207
