0.0
0.0
0.0
0.0
0.0
0.0
0.0
0.0
0.0
0.0
0.0
0.0
0.0
0.0
0.0
0.0
0.0
0.0
0.0
0.0
0.0
0.0
0.0
0.0
0.0
0.0
0.0
0.0
0.0
0.0
0.0
0.0
0.0
0.0
0.0
0.0
0.0
0.0
0.0
0.0
0.0
0.0
0.0
0.0
0.0
0.0
0.0
0.0
0.0
0.0
0.0
0.0
0.0
0.0
0.0
0.0
0.0
0.0
0.0
0.0
0.0
0.0
0.0
0.0
0.0
0.0
0.0
0.0
0.0
0.0
0.0
0.0
0.0
0.0
0.0
0.0
0.0
0.0
0.0
0.0
0.0
0.0
0.0
0.0
0.0
0.0
0.0
0.0
0.0
0.0
0.0
0.0
0.0
0.0
0.0
0.0
0.0
0.0
0.0
0.0
0.0
0.0
0.0
0.0
0.0
0.0
0.0
0.0
0.0
0.0
0.0
0.0
0.0
0.0
0.0
0.0
0.0
0.0
0.0
0.0
0.0
0.0
0.0
0.0
0.0
0.0
0.0
0.0
0.0
0.0
0.0
0.0
0.0
0.0
0.0
0.0
0.0
0.0
0.0
0.0
0.0
0.0
0.0
0.0
0.0
0.0
0.0
0.0
0.0
0.0
0.0
0.0
0.0
0.0
0.0
0.0
0.0
0.0
0.0
0.0
0.0
0.0
0.0
0.0
0.0
0.0
0.0
0.0
0.0
0.0
0.0
0.0
0.0
0.0
0.0
0.0
0.0
0.0
0.0
0.0
0.0
0.0
0.0
0.0
0.0
0.0
0.0
0.0
0.0
0.0
0.0
0.0
0.0
0.0
0.0
0.0
0.0
0.0
0.0
0.0
0.0
0.0
0.0
0.0
0.0
0.0
0.0
0.0
0.0
0.0
0.0
0.0
0.0
0.0
0.0
0.0
0.0
0.0
0.0
0.0
0.0
0.0
0.0
0.0
0.0
0.0
0.0
0.0
0.0
0.0
0.0
0.0
0.0
0.0
0.0
0.0
0.0
0.0
0.0
0.0
0.0
0.0
0.0
0.0
0.0
0.0
0.0
0.0
0.0
0.0
0.0
0.0
0.0
0.0
0.0
0.0
0.0
0.0
0.0
0.0
0.0
0.0
0.0
0.0
0.0
0.0
0.0
0.0
0.0
0.0
0.0
0.0
0.0
0.0
0.0
0.0
0.0
0.0
0.0
0.0
0.0
0.0
0.0
0.0
0.0
0.0
0.0
0.0
0.0
0.0
0.0
0.0
0.0
0.0
0.0
0.0
0.0
0.0
0.0
0.0
0.0
0.0
0.0
0.0
0.0
0.0
0.0
0.0
0.0
0.0
0.0
0.0
0.0
0.0
0.0
0.0
0.0
0.0
0.0
0.0
0.0
0.0
0.0
0.0
0.0
0.0
0.0
0.0
0.0
0.0
0.0
0.0
0.0
0.0
0.0
0.0
0.0
0.0
0.0
0.0
0.0
0.0
0.0
0.0
0.0
0.0
0.0
0.0
0.0
0.0
0.0
0.0
0.0
0.0
0.0
0.0
0.0
0.0
0.0
0.0
0.0
0.0
0.0
0.0
0.0
0.0
0.0
0.0
0.0
0.0
0.0
0.0
0.0
0.0
0.0
0.0
0.0
0.0
0.0
0.0
0.0
0.0
0.0
0.0
0.0
0.0
0.0
0.0
0.0
0.0
0.0
0.0
0.0
0.0
0.0
0.0
0.0
0.0
0.0
0.0
0.0
0.0
0.0
0.0
0.0
0.0
0.0
0.0
0.0
0.0
0.0
0.0
0.0
0.0
0.0
0.0
0.0
0.0
0.0
0.0
0.0
0.0
0.0
0.0
0.0
0.0
0.0
0.0
0.0
0.0
0.0
0.0
0.0
0.0
0.0
0.0
0.0
0.0
0.0
0.0
0.0
0.0
0.0
0.0
0.0
0.0
0.0
0.0
0.0
0.0
0.0
0.0
0.0
0.0
0.0
0.0
0.0
0.0
0.0
0.0
0.0
0.0
0.0
0.0
0.0
0.0
0.0
0.0
0.0
0.0
0.0
0.0
0.0
0.0
0.0
0.0
0.0
0.0
0.0
0.0
0.0
0.0
0.0
0.0
0.0
0.0
0.0
0.0
0.0
0.0
0.0
0.0
0.0
0.0
0.0
0.0
0.0
0.0
0.0
0.0
0.0
0.0
0.0
0.0
0.0
0.268
0.25
0.25
0.278
0.358
0.275
0.25
0.243
1.195
2.333
0.6
0.445
0.703
0.535
0.566
0.756
1.285
3.784
2.442
2.847
2.402
1.909
1.035
0.451
0.268
0.262
0.268
0.338
0.42
0.3
0.25
0.291
1.558
2.49
0.737
0.445
0.703
0.535
0.52
0.786
1.019
3.235
2.01
2.34
2.166
1.881
1.041
0.506
0.237
0.272
0.262
0.391
0.373
0.32
0.233
0.325
1.799
2.881
0.814
0.532
0.703
0.554
0.455
0.767
0.995
3.223
2.352
3.133
2.304
1.881
1.041
0.495
0.206
0.282
0.268
0.413
0.291
0.27
0.224
0.352
1.94
2.881
0.783
0.501
0.668
0.547
0.455
0.707
0.76
3.223
2.391
2.346
1.787
1.449
0.833
0.267
0.3
0.227
0.264
0.287
0.288
0.23
0.25
0.487
1.367
1.713
0.44
0.349
0.758
0.562
0.747
1.062
1.473
3.193
4.092
3.072
4.815
2.842
1.379
0.262
0.298
0.244
0.264
0.263
0.294
0.235
0.27
0.499
1.349
1.68
0.382
0.43
0.675
0.546
0.655
0.837
1.348
3.238
3.993
2.943
4.267
2.89
1.509
0.469
0.214
0.282
0.296
0.413
0.297
0.27
0.255
0.352
2.167
2.707
0.795
0.495
0.663
0.492
0.494
0.708
0.908
3.037
1.696
1.963
1.392
1.257
0.756
0.451
0.248
0.258
0.344
0.367
0.259
0.277
0.276
0.361
1.806
3.009
1.1
0.576
0.666
0.449
0.547
0.705
0.81
2.974
1.17
1.543
0.972
1.042
0.653
0.355
0.278
0.242
0.396
0.32
0.273
0.25
0.305
0.35
2.011
3.428
1.06
0.59
0.714
0.46
0.547
0.694
0.991
2.836
1.17
1.073
0.845
0.993
0.653
0.252
0.248
0.242
0.371
0.288
0.254
0.232
0.277
0.349
1.413
3.104
0.988
0.599
0.794
0.412
0.574
0.672
1.172
2.623
1.184
1.077
0.878
1.021
0.551
0.23
0.249
0.218
0.384
0.26
0.266
0.219
0.277
0.355
1.194
2.696
0.73
0.483
0.739
0.334
0.53
0.672
1.041
2.166
1.193
1.036
0.841
1.074
0.575
0.246
0.31
0.236
0.293
0.254
0.291
0.227
0.288
0.846
1.224
1.597
0.404
0.474
0.681
0.541
0.675
0.763
1.394
3.352
3.965
2.738
4.119
2.031
1.26
0.269
0.298
0.218
0.328
0.271
0.284
0.225
0.283
0.877
1.148
1.597
0.404
0.608
0.607
0.602
0.628
0.79
1.358
3.755
3.915
2.265
4.22
2.031
1.365
0.23
0.252
0.22
0.384
0.26
0.258
0.239
0.271
0.355
1.005
2.858
0.792
0.517
0.759
0.414
0.611
0.762
1.257
2.621
1.1
1.356
0.88
1.108
0.686
0.248
0.259
0.229
0.376
0.275
0.254
0.239
0.263
0.355
0.643
2.905
0.81
0.441
0.918
0.498
0.67
0.736
1.172
2.407
1.368
2.032
1.042
1.086
0.674
0.241
0.249
0.249
0.375
0.278
0.257
0.21
0.275
0.346
0.611
3.026
0.76
0.357
0.842
0.469
0.612
0.751
1.179
2.407
1.369
2.752
1.547
1.086
0.609
0.253
0.239
0.259
0.353
0.278
0.243
0.238
0.284
0.325
0.519
2.862
0.629
0.337
0.684
0.414
0.564
0.837
1.02
2.504
0.972
3.189
2.023
1.094
0.508
0.266
0.268
0.278
0.337
0.269
0.241
0.249
0.271
0.297
0.654
2.862
0.573
0.37
0.623
0.412
0.525
0.855
0.808
2.677
1.036
3.492
2.49
1.195
0.548
0.311
0.282
0.199
0.328
0.282
0.297
0.213
0.282
0.853
1.244
1.596
0.363
0.516
0.673
0.626
0.684
0.864
1.566
4.247
4.576
2.408
4.175
2.41
1.179
0.306
0.288
0.233
0.327
0.285
0.266
0.231
0.267
0.853
1.095
1.68
0.382
0.665
0.673
0.598
0.753
0.766
1.333
4.25
4.576
2.408
3.32
2.531
1.444
0.287
0.278
0.322
0.302
0.267
0.234
0.275
0.307
0.269
0.654
2.786
0.621
0.361
0.641
0.39
0.525
0.813
0.859
2.934
0.77
3.677
2.925
1.302
0.508
0.281
0.3
0.336
0.271
0.26
0.235
0.299
0.307
0.269
0.483
2.786
0.594
0.374
0.643
0.424
0.529
0.783
0.859
3.004
1.036
3.747
2.969
1.284
0.447
0.267
0.295
0.351
0.22
0.261
0.21
0.366
0.339
0.823
0.49
2.33
0.546
0.38
0.611
0.325
0.451
0.724
0.838
3.004
0.77
3.55
2.904
1.284
0.415
0.277
0.289
0.37
0.193
0.262
0.191
0.371
0.311
0.836
0.489
1.56
0.435
0.404
0.496
0.345
0.398
0.574
0.815
2.428
1.218
3.6
2.79
1.284
0.371
0.286
0.275
0.356
0.193
0.271
0.18
0.371
0.298
0.847
0.333
1.551
0.485
0.391
0.504
0.346
0.432
0.555
0.868
2.428
1.857
3.457
2.782
1.343
0.328
0.34
0.291
0.25
0.326
0.277
0.262
0.259
0.287
0.806
1.095
1.663
0.435
0.669
0.763
0.557
0.727
0.705
0.982
3.435
4.125
2.824
3.77
2.226
1.179
0.356
0.291
0.236
0.307
0.297
0.256
0.253
0.266
0.788
1.132
1.795
0.481
0.547
0.796
0.535
0.727
0.737
1.288
4.2
4.752
3.335
4.402
2.645
1.628
0.276
0.267
0.344
0.224
0.271
0.199
0.332
0.296
0.879
0.333
1.309
0.458
0.422
0.544
0.328
0.373
0.555
0.854
1.938
1.806
3.808
2.815
1.313
0.328
0.276
0.249
0.315
0.217
0.298
0.191
0.322
0.253
0.887
0.337
1.242
0.641
0.564
0.56
0.428
0.406
0.682
0.824
2.008
1.823
3.787
2.815
1.366
0.341
0.264
0.249
0.282
0.254
0.309
0.205
0.286
0.262
0.339
0.301
1.681
1.257
0.451
0.609
0.382
0.406
0.676
0.935
1.961
1.5
3.665
3.01
1.514
0.423
0.271
0.22
0.274
0.295
0.323
0.224
0.254
0.258
0.305
0.586
2.032
1.288
0.506
0.697
0.381
0.418
0.829
1.691
3.117
2.56
3.876
3.325
1.71
0.536
0.272
0.24
0.232
0.323
0.325
0.252
0.231
0.258
0.303
0.648
2.296
1.418
0.489
0.717
0.509
0.438
0.829
2.159
4.925
3.606
3.907
3.64
1.655
0.536
0.417
0.29
0.236
0.289
0.309
0.26
0.253
0.255
0.721
1.265
1.795
0.487
0.443
0.86
0.55
0.768
0.748
1.465
4.457
5.767
3.696
4.695
2.645
1.501
0.394
0.285
0.232
0.266
0.322
0.268
0.242
0.234
0.682
1.269
1.098
0.487
0.358
0.86
0.562
0.803
0.846
1.816
5.409
5.724
4.1
4.38
2.767
1.321
0.286
0.24
0.223
0.297
0.361
0.256
0.212
0.232
0.287
1.046
2.032
1.146
0.482
0.673
0.5
0.42
0.871
1.91
4.025
2.946
3.997
3.947
2.144
0.624
0.315
0.24
0.217
0.275
0.344
0.269
0.222
0.251
0.254
0.757
2.347
1.176
0.389
0.733
0.543
0.5
0.993
2.093
4.294
3.766
3.997
4.045
2.144
0.61
0.318
0.24
0.217
0.275
0.313
0.287
0.222
0.298
0.26
0.758
2.061
0.551
0.315
0.626
0.413
0.483
0.883
2.093
4.153
3.766
4.02
4.103
2.314
0.66
0.327
0.24
0.218
0.247
0.288
0.293
0.239
0.288
0.24
0.73
1.688
0.551
0.346
0.53
0.385
0.384
0.793
1.874
3.65
3.864
4.135
4.103
2.421
0.594
0.346
0.256
0.212
0.218
0.267
0.3
0.259
0.26
0.225
0.54
1.615
0.55
0.349
0.512
0.506
0.427
0.598
1.375
3.099
3.881
4.135
4.034
2.196
0.487
0.401
0.279
0.227
0.263
0.306
0.268
0.227
0.246
0.682
1.174
1.091
0.487
0.423
0.816
0.562
0.803
1.572
2.417
5.977
5.713
4.183
4.513
2.359
1.135
0.401
0.285
0.227
0.25
0.309
0.268
0.227
0.265
0.682
1.665
0.507
0.423
0.423
0.69
0.55
0.722
1.599
2.065
5.275
4.914
4.183
5.583
2.665
1.135
0.346
0.267
0.212
0.218
0.246
0.316
0.269
0.214
0.226
0.934
1.035
0.408
0.34
0.588
0.386
0.467
0.677
0.888
2.74
3.284
4.222
4.015
2.003
0.473
0.334
0.281
0.215
0.24
0.233
0.316
0.269
0.217
0.277
0.475
1.37
0.405
0.371
0.648
0.482
0.513
0.81
0.744
2.611
2.78
4.167
3.632
1.293
0.365
0.325
0.251
0.246
0.253
0.256
0.284
0.262
0.208
0.311
0.603
1.37
0.44
0.386
0.617
0.795
0.681
0.658
0.744
2.532
2.249
3.751
3.327
1.531
0.445
0.294
0.277
0.234
0.301
0.237
0.298
0.248
0.208
0.27
0.645
1.936
0.524
0.487
0.617
0.822
0.666
0.713
0.819
3.174
3.009
3.439
3.077
1.191
0.431
0.308
0.242
0.26
0.323
0.264
0.265
0.25
0.208
0.31
0.838
2.422
0.44
0.487
0.604
0.801
0.666
0.969
0.988
3.623
3.439
3.368
3.417
1.21
0.485
0.401
0.251
0.24
0.26
0.309
0.259
0.201
0.258
0.952
1.538
0.481
0.388
0.443
0.612
0.568
0.656
1.563
2.109
5.275
4.914
4.093
5.441
2.998
1.319
0.406
0.272
0.245
0.247
0.293
0.248
0.235
0.242
0.95
1.531
0.481
0.618
0.555
0.55
0.583
0.735
1.565
1.815
4.579
4.914
4.337
5.752
3.846
1.671
0.279
0.243
0.238
0.323
0.261
0.282
0.225
0.244
0.31
0.716
2.618
0.462
0.404
0.628
0.681
0.626
0.962
0.988
3.594
3.196
3.472
3.486
1.21
0.507
0.255
0.24
0.244
0.336
0.27
0.24
0.223
0.233
0.353
0.716
2.618
0.459
0.42
0.587
0.691
0.579
0.811
1.229
3.867
3.866
3.472
3.655
1.265
0.51
0.286
0.221
0.246
0.309
0.301
0.236
0.23
0.222
0.757
1.017
2.103
0.42
0.367
0.504
0.323
0.321
0.471
1.214
4.075
4.459
3.873
3.923
1.182
0.51
0.26
0.251
0.23
0.287
0.265
0.254
0.225
0.248
0.708
1.405
2.103
0.422
0.472
0.483
0.297
0.321
0.338
1.093
3.672
4.459
3.87
3.923
1.289
0.51
0.356
0.254
0.24
0.287
0.264
0.225
0.226
0.216
0.732
1.951
1.536
0.346
0.487
0.5
0.287
0.335
0.724
1.933
3.497
4.198
4.199
4.167
1.325
0.446
0.389
0.257
0.274
0.242
0.275
0.254
0.238
0.246
1.008
1.529
0.487
0.608
0.555
0.55
0.519
0.717
1.545
2.274
4.707
4.393
4.468
5.878
4.299
1.693
0.394
0.236
0.281
0.232
0.27
0.265
0.242
0.244
1.008
1.529
0.922
0.521
0.541
0.635
0.531
0.72
0.684
1.808
4.191
4.765
5.24
6.477
3.755
2.542
0.279
0.254
0.231
0.255
0.285
0.225
0.226
0.217
0.689
2.38
1.447
0.362
0.376
0.555
0.291
0.317
0.259
1.429
3.448
4.196
4.253
3.787
0.888
0.357
0.287
0.256
0.231
0.249
0.292
0.225
0.229
0.195
0.698
2.627
1.332
0.33
0.386
0.867
0.317
0.301
0.279
1.938
4.066
4.287
4.347
3.737
1.028
0.546
0.38
0.272
0.249
0.323
0.326
0.221
0.236
0.247
0.367
2.471
1.806
0.471
0.431
0.823
0.321
0.315
0.338
1.803
4.015
4.201
4.21
3.643
1.507
0.601
0.324
0.303
0.225
0.373
0.275
0.222
0.228
0.284
0.244
2.26
2.45
0.58
0.573
1.09
0.309
0.351
0.474
2.094
3.492
4.119
4.233
3.754
2.348
1.196
0.359
0.312
0.238
0.388
0.275
0.221
0.248
0.267
0.245
1.757
2.247
0.519
0.573
1.154
0.3
0.409
0.585
2.683
4.015
4.21
4.329
4.17
1.681
0.618
0.409
0.258
0.281
0.252
0.262
0.265
0.242
0.238
0.851
1.486
0.919
0.509
0.51
0.917
0.523
0.714
0.684
1.808
4.191
4.734
5.198
6.466
3.755
2.542
0.409
0.241
0.28
0.244
0.233
0.281
0.215
0.249
0.845
0.998
1.381
0.597
0.43
0.947
0.631
0.777
0.997
2.94
4.364
5.655
5.52
6.466
3.826
2.347
0.256
0.336
0.212
0.299
0.258
0.225
0.28
0.264
0.222
1.626
2.247
0.523
0.461
1.168
0.301
0.333
0.474
2.094
3.659
4.155
4.452
4.246
1.655
0.589
0.257
0.336
0.21
0.299
0.24
0.231
0.26
0.276
0.209
1.11
2.301
0.558
0.721
0.927
0.301
0.333
0.536
1.867
3.22
4.141
4.449
4.246
1.655
0.588
0.296
0.311
0.229
0.289
0.214
0.231
0.26
0.363
0.299
0.671
2.252
0.558
0.719
0.66
0.259
0.323
0.545
1.279
2.893
4.038
4.449
4.243
2.089
0.474
0.226
0.279
0.229
0.258
0.181
0.241
0.227
0.29
0.237
0.646
2.435
0.561
0.662
0.681
0.281
0.4
0.603
1.868
3.37
4.016
4.456
4.31
1.734
0.452
0.239
0.259
0.227
0.245
0.196
0.239
0.238
0.255
0.243
0.992
3.206
0.583
0.739
0.681
0.325
0.46
1.302
2.574
4.094
4.077
4.415
4.314
1.734
0.452
0.399
0.241
0.28
0.229
0.246
0.265
0.205
0.253
0.845
0.972
1.381
0.597
0.419
0.87
1.016
0.787
1.37
3.671
5.132
6.192
5.636
6.518
3.7
2.241
0.373
0.249
0.265
0.258
0.253
0.282
0.184
0.281
0.823
1.442
1.614
0.427
0.419
1.403
1.576
0.844
2.001
3.896
5.132
6.329
5.636
6.091
3.7
1.686
0.278
0.235
0.228
0.225
0.216
0.226
0.24
0.239
0.268
1.499
4.113
0.609
0.51
0.766
0.567
0.744
2.11
2.815
4.094
3.998
4.432
4.247
1.535
0.451
0.343
0.235
0.254
0.223
0.223
0.203
0.222
0.253
0.286
1.475
5.299
0.71
0.777
1.122
0.817
1.225
2.917
3.825
4.834
3.953
4.322
3.884
1.782
0.529
0.337
0.25
0.242
0.232
0.209
0.252
0.226
0.252
0.286
1.535
5.087
0.963
0.518
1.033
0.928
1.301
2.923
3.668
4.834
3.953
4.024
3.465
1.763
0.545
0.272
0.265
0.231
0.244
0.209
0.212
0.255
0.245
0.256
1.535
5.604
1.189
0.581
1.449
1.214
1.301
3.003
3.761
4.784
3.735
3.355
2.731
1.177
0.515
0.272
0.291
0.23
0.244
0.202
0.213
0.273
0.245
0.24
1.499
4.446
1.134
0.593
2.06
1.309
1.25
2.301
3.113
3.597
3.82
2.979
2.035
1.165
0.498
0.33
0.269
0.234
0.245
0.251
0.294
0.2
0.257
1.055
2.241
1.756
0.421
0.549
1.737
1.831
1.563
2.838
4.408
5.362
6.55
5.593
6.182
4.142
2.508
0.298
0.262
0.259
0.257
0.241
0.283
0.179
0.276
1.063
2.285
1.197
0.411
0.533
1.519
1.823
1.553
2.838
4.408
5.26
5.985
4.781
5.084
3.719
2.16
0.289
0.291
0.256
0.251
0.189
0.228
0.258
0.27
0.229
1.035
3.217
0.912
0.582
2.229
1.455
0.792
1.467
2.792
3.305
3.855
3.068
2.035
1.165
0.478
0.251
0.276
0.267
0.251
0.189
0.231
0.221
0.287
0.221
0.607
1.902
0.868
0.59
1.845
1.377
0.561
1.467
2.792
2.64
3.419
2.314
1.758
1.22
0.537
0.227
0.279
0.243
0.253
0.209
0.256
0.197
0.301
0.221
0.519
1.133
0.773
0.399
1.473
1.119
0.458
0.61
2.398
2.64
3.509
2.901
1.399
1.224
0.493
0.243
0.275
0.278
0.25
0.216
0.24
0.218
0.316
0.218
0.439
0.869
0.478
0.409
1.452
0.972
0.41
1.2
3.053
3.081
4.073
3.109
1.399
1.352
0.56
0.252
0.259
0.273
0.273
0.229
0.246
0.189
0.316
0.263
0.454
0.734
0.417
0.362
1.016
0.92
0.381
1.171
3.053
4.18
4.18
3.024
1.276
1.352
0.5
0.298
0.278
0.272
0.233
0.242
0.254
0.2
0.276
0.805
2.099
1.451
0.504
0.48
1.169
2.181
1.599
2.648
3.477
5.532
5.985
4.816
5.145
3.719
2.144
0.321
0.264
0.237
0.257
0.242
0.248
0.195
0.26
0.899
2.155
0.904
0.44
0.499
1.414
1.839
2.038
2.817
2.76
4.91
5.985
3.801
3.901
2.919
1.58
0.302
0.259
0.239
0.286
0.231
0.253
0.192
0.289
0.242
0.469
0.661
0.417
0.426
0.735
0.618
0.452
1.982
3.381
4.317
3.267
2.634
1.204
1.34
0.58
0.276
0.285
0.215
0.256
0.237
0.24
0.246
0.239
0.315
0.388
0.553
0.544
0.353
0.486
0.618
0.569
2.348
3.666
4.489
3.267
2.013
1.204
1.273
0.671
0.285
0.314
0.207
0.256
0.251
0.281
0.268
0.244
0.283
0.356
0.593
0.834
0.382
0.414
0.637
0.434
1.449
2.88
4.674
4.217
2.221
1.313
1.408
0.747
0.285
0.295
0.256
0.258
0.251
0.266
0.292
0.238
0.235
0.306
0.613
0.897
0.396
0.435
0.672
0.637
1.524
2.705
4.692
4.471
1.906
1.333
1.333
0.85
0.321
0.342
0.256
0.287
0.292
0.307
0.319
0.253
0.323
0.387
0.733
0.934
0.399
0.454
0.692
0.708
0.94
2.155
4.573
4.172
1.609
1.412
1.312
0.888
0.316
0.276
0.217
0.244
0.245
0.248
0.189
0.269
0.439
1.954
0.904
0.445
0.46
1.617
1.423
1.314
2.79
2.367
4.232
5.57
3.026
3.18
2.947
1.563
0.302
0.218
0.253
0.24
0.222
0.244
0.196
0.287
0.462
0.712
0.689
0.423
0.333
1.219
1.069
1.176
2.161
1.851
4.257
5.649
3.026
3.136
2.947
1.459
0.567
0.342
0.303
0.258
0.331
0.294
0.343
0.299
0.27
0.35
0.649
0.971
0.504
0.454
0.418
0.693
0.848
1.953
4.324
3.782
1.567
1.644
1.312
0.888
0.351
0.32
0.31
0.249
0.354
0.24
0.313
0.306
0.298
0.279
0.926
0.785
0.538
0.409
0.482
0.487
0.574
1.147
4.324
3.782
1.486
1.624
1.257
0.788
0.379
0.315
0.367
0.306
0.392
0.301
0.317
0.375
0.29
0.34
0.948
0.68
0.572
0.425
0.463
0.42
0.513
0.798
3.285
2.776
1.017
1.357
1.014
0.682
0.408
0.332
0.422
0.368
0.409
0.338
0.367
0.376
0.396
0.408
0.779
0.595
0.503
0.47
0.444
0.493
0.524
0.809
2.34
1.605
0.714
0.951
0.824
0.607
0.437
0.397
0.473
0.402
0.409
0.405
0.397
0.445
0.458
0.442
0.779
0.55
0.545
0.475
0.486
0.469
0.467
0.456
1.374
0.887
0.629
0.703
0.657
0.521
0.426
0.238
0.284
0.257
0.233
0.233
0.183
0.307
0.397
0.565
0.684
0.551
0.333
0.932
0.787
0.69
1.415
1.477
3.655
5.283
2.318
2.342
2.155
1.404
0.651
0.299
0.284
0.31
0.265
0.233
0.239
0.315
0.446
0.564
0.61
0.515
0.385
0.887
0.787
0.723
1.24
1.233
3.148
4.463
1.956
1.98
1.863
0.949
0.416
0.403
0.496
0.404
0.415
0.389
0.397
0.408
0.457
0.439
0.474
0.537
0.545
0.478
0.541
0.444
0.467
0.415
0.467
0.501
0.536
0.522
0.462
0.465
0.464
0.457
0.506
0.469
0.422
0.449
0.444
0.464
0.511
0.45
0.445
0.499
0.466
0.459
0.56
0.459
0.494
0.416
0.436
0.481
0.495
0.522
0.426
0.454
0.482
0.457
0.531
0.518
0.422
0.478
0.444
0.499
0.511
0.45
0.445
0.472
0.442
0.441
0.542
0.484
0.483
0.432
0.422
0.466
0.513
0.476
0.441
0.459
0.444
0.48
0.502
0.519
0.427
0.446
0.45
0.498
0.502
0.459
0.439
0.453
0.451
0.441
0.519
0.479
0.472
0.432
0.447
0.448
0.536
0.439
0.443
0.447
0.431
0.515
0.483
0.486
0.452
0.417
0.466
0.498
0.469
0.459
0.432
0.463
0.451
0.423
0.52
0.459
0.496
0.451
0.422
0.465
0.52
0.424
0.464
0.438
0.468
0.308
0.363
0.36
0.303
0.304
0.244
0.374
0.449
0.491
0.48
0.425
0.446
0.705
0.647
0.606
1.173
1.167
2.271
3.462
1.05
1.034
1.482
0.949
0.459
0.358
0.412
0.363
0.36
0.379
0.304
0.393
0.452
0.411
0.5
0.435
0.462
0.48
0.575
0.535
0.624
0.685
1.46
1.635
0.856
0.843
1.245
0.758
0.488
0.489
0.441
0.5
0.44
0.415
0.51
0.461
0.473
0.444
0.418
0.486
0.425
0.435
0.524
0.428
0.525
0.421
0.427
0.471
0.486
0.458
0.46
0.433
0.509
0.494
0.441
0.491
0.462
0.415
0.467
0.497
0.455
0.443
0.42
0.466
0.454
0.42
0.5
0.463
0.495
0.448
0.417
0.466
0.473
0.459
0.477
0.454
0.471
0.482
0.437
0.468
0.49
0.419
0.453
0.482
0.434
0.464
0.42
0.451
0.481
0.409
0.478
0.47
0.468
0.476
0.41
0.466
0.486
0.424
0.491
0.45
0.446
0.508
0.44
0.468
0.49
0.4
0.481
0.459
0.431
0.518
0.398
0.466
0.478
0.396
0.494
0.45
0.474
0.476
0.392
0.491
0.467
0.437
0.509
0.431
0.471
0.49
0.448
0.484
0.475
0.418
0.494
0.429
0.469
0.529
0.398
0.466
0.444
0.412
0.507
0.456
0.483
0.446
0.392
0.518
0.467
0.444
0.497
0.455
0.493
0.399
0.464
0.407
0.385
0.454
0.357
0.426
0.43
0.387
0.511
0.451
0.488
0.458
0.483
0.515
0.529
0.547
0.718
1.321
0.698
0.665
0.736
0.758
0.492
0.399
0.507
0.45
0.428
0.523
0.423
0.44
0.478
0.427
0.491
0.429
0.465
0.494
0.452
0.519
0.485
0.418
0.543
0.479
0.488
0.458
0.463
0.516
0.443
0.484
0.455
0.481
0.478
0.44
0.496
0.433
0.455
0.521
0.41
0.471
0.441
0.417
0.507
0.466
0.483
0.439
0.392
0.53
0.457
0.471
0.478
0.448
0.483
0.484
0.484
0.492
0.487
0.436
0.466
0.474
0.416
0.521
0.432
0.455
0.439
0.417
0.494
0.493
0.467
0.447
0.415
0.518
0.462
0.451
0.452
0.485
0.448
0.459
0.48
0.493
0.479
0.473
0.469
0.474
0.395
0.505
0.452
0.481
0.443
0.416
0.482
0.484
0.467
0.447
0.44
0.518
0.464
0.419
0.454
0.507
0.453
0.46
0.481
0.479
0.479
0.481
0.48
0.475
0.395
0.507
0.456
0.476
0.438
0.457
0.46
0.495
0.467
0.451
0.45
0.476
0.468
0.431
0.426
0.521
0.453
0.457
0.466
0.477
0.495
0.483
0.452
0.492
0.391
0.463
0.485
0.442
0.467
0.464
0.442
0.501
0.433
0.433
0.481
0.435
0.477
0.463
0.415
0.534
0.427
0.399
0.532
0.45
0.454
0.523
0.424
0.468
0.481
0.447
0.486
0.413
0.456
0.51
0.43
0.501
0.459
0.388
0.524
0.444
0.488
0.445
0.427
0.504
0.425
0.406
0.505
0.465
0.452
0.513
0.443
0.446
0.468
0.447
0.474
0.408
0.475
0.5
0.452
0.484
0.434
0.414
0.513
0.449
0.496
0.434
0.397
0.492
0.426
0.45
0.481
0.447
0.495
0.488
0.428
0.502
0.391
0.424
0.481
0.443
0.472
0.464
0.416
0.493
0.438
0.446
0.45
0.423
0.446
0.46
0.435
0.503
0.414
0.435
0.476
0.468
0.469
0.461
0.422
0.502
0.393
0.424
0.47
0.414
0.484
0.453
0.405
0.516
0.41
0.448
0.462
0.394
0.469
0.422
0.423
0.514
0.395
0.435
0.473
0.438
0.461
0.471
0.419
0.468
0.408
0.423
0.442
0.425
0.484
0.458
0.411
0.48
0.41
0.44
0.443
0.406
0.449
0.413
0.438
0.464
0.413
0.444
0.458
0.445
0.439
0.443
0.442
0.45
0.405
0.44
0.42
0.399
0.477
0.468
0.407
0.485
0.408
0.427
0.424
0.418
0.444
0.413
0.417
0.461
0.412
0.423
0.471
0.444
0.418
0.447
0.425
0.452
0.404
0.407
0.435
0.397
0.456
0.457
0.407
0.457
0.435
0.407
0.434
0.438
0.418
0.418
0.426
0.433
0.436
0.411
0.495
0.465
0.436
0.493
0.432
0.448
0.473
0.428
0.479
0.406
0.445
0.524
0.435
0.464
0.458
0.386
0.474
0.466
0.493
0.442
0.397
0.492
0.418
0.435
0.502
0.449
0.444
0.472
0.423
0.476
0.432
0.427
0.485
0.421
0.443
0.509
0.416
0.466
0.445
0.396
0.47
0.494
0.46
0.442
0.405
0.48
0.418
0.41
0.455
0.444
0.407
0.431
0.451
0.436
0.405
0.431
0.407
0.397
0.444
0.457
0.407
0.441
0.433
0.427
0.414
0.449
0.431
0.418
0.424
0.433
0.436
0.426
0.429
0.447
0.418
0.431
0.478
0.424
0.389
0.461
0.405
0.384
0.457
0.424
0.403
0.478
0.405
0.424
0.434
0.433
0.461
0.413
0.403
0.463
0.418
0.414
0.442
0.424
0.413
0.46
0.453
0.438
0.402
0.434
0.423
0.394
0.455
0.457
0.404
0.44
0.437
0.409
0.435
0.449
0.453
0.43
0.418
0.468
0.456
0.444
0.458
0.452
0.423
0.475
0.481
0.456
0.409
0.465
0.438
0.394
0.477
0.483
0.407
0.488
0.458
0.433
0.469
0.455
0.492
0.509
0.46
0.522
0.478
0.481
0.506
0.478
0.502
0.535
0.523
0.489
0.455
0.504
0.515
0.44
0.521
0.518
0.472
0.488
0.509
0.471
0.53
0.505
0.553
0.591
0.539
0.555
0.518
0.435
0.486
0.473
0.444
0.467
0.426
0.456
0.444
0.436
0.456
0.421
0.415
0.491
0.448
0.46
0.451
0.406
0.439
0.5
0.443
0.43
0.422
0.448
0.429
0.469
0.489
0.473
0.47
0.467
0.438
0.517
0.444
0.436
0.47
0.446
0.446
0.491
0.464
0.467
0.455
0.432
0.439
0.501
0.471
0.444
0.439
0.448
0.457
0.523
0.536
0.525
0.558
0.579
0.589
0.531
0.5
0.562
0.585
0.487
0.564
0.555
0.525
0.569
0.509
0.546
0.601
0.555
0.647
0.668
0.606
0.614
0.55
0.559
0.577
0.507
0.606
0.579
0.571
0.572
0.51
0.576
0.681
0.549
0.62
0.646
0.573
0.644
0.592
0.604
0.696
0.636
0.739
0.745
0.678
0.704
0.629
0.555
0.577
0.547
0.595
0.551
0.596
0.572
0.528
0.599
0.76
0.815
1.016
0.646
0.648
0.687
0.652
0.965
0.948
1.608
1.326
1.562
0.904
0.9
0.629
0.555
0.581
0.552
0.627
0.561
0.619
0.602
0.526
0.599
0.824
1.181
1.075
0.696
0.69
0.687
0.67
0.986
1.188
2.397
1.836
1.88
1.131
1.056
0.591
0.529
0.594
0.552
0.606
0.517
0.565
0.633
0.497
0.6
0.891
1.209
1.055
0.671
0.666
0.681
0.67
0.983
1.618
3.705
2.421
2.527
1.736
1.293
0.571
0.49
0.451
0.473
0.444
0.45
0.435
0.451
0.442
0.477
0.555
0.529
0.491
0.525
0.537
0.506
0.535
0.665
0.614
0.652
0.643
0.746
0.711
0.692
0.723
0.506
0.46
0.469
0.487
0.475
0.486
0.469
0.437
0.523
0.688
0.614
0.558
0.545
0.617
0.559
0.582
0.974
0.935
1.312
1.205
1.108
1.01
0.971
1.263
0.509
0.578
0.515
0.606
0.479
0.52
0.589
0.497
0.598
0.924
1.243
1.408
0.722
0.628
0.661
0.787
1.382
2.698
5.184
3.127
3.213
2.381
1.525
0.62
0.509
0.578
0.553
0.613
0.479
0.52
0.594
0.497
0.611
1.03
1.643
1.832
1.255
0.685
0.666
1.037
2.236
3.737
6.08
3.73
3.894
2.953
1.834
0.69
0.848
0.909
0.973
0.973
0.914
0.901
0.923
0.894
0.99
1.274
1.643
1.832
1.055
1.217
1.126
2.211
3.189
3.915
6.42
5.389
4.128
3.754
2.443
0.913
1.071
1.155
1.135
1.206
1.121
1.131
1.138
1.104
1.303
1.59
1.692
1.674
1.285
1.363
1.309
2.115
3.096
3.915
6.269
5.29
3.414
3.197
2.329
1.144
1.301
1.393
1.378
1.402
1.371
1.314
1.399
1.325
1.522
1.702
1.598
1.777
1.482
1.471
1.53
2.327
3.261
3.9
5.694
4.965
3.287
3.151
2.361
1.353
0.557
0.465
0.477
0.528
0.491
0.496
0.469
0.46
0.601
0.818
0.717
0.57
0.552
0.748
0.654
0.743
1.199
1.304
2.337
2.28
1.808
1.632
1.563
1.668
0.63
0.581
0.554
0.6
0.592
0.572
0.572
0.562
0.714
0.951
0.823
0.684
0.662
0.981
0.774
0.992
1.467
1.491
2.567
2.517
2.057
1.838
1.816
1.869
1.558
1.578
1.572
1.596
1.594
1.598
1.565
1.56
1.729
1.808
1.771
1.807
1.652
1.663
1.777
2.395
3.303
3.645
4.223
2.942
2.894
2.7
2.313
1.514
1.558
1.578
1.631
1.596
1.644
1.666
1.595
1.59
1.756
1.808
1.786
1.65
1.652
1.738
1.994
3.37
3.591
3.49
4.015
3.436
3.399
3.258
2.671
1.559
1.435
1.483
1.429
1.474
1.446
1.515
1.529
1.414
1.655
1.719
2.178
2.029
1.652
1.489
1.957
3.37
3.522
3.523
4.015
3.43
3.298
3.08
2.515
1.527
1.435
1.483
1.429
1.474
1.422
1.515
1.529
1.401
1.637
1.579
1.71
1.578
1.506
1.489
1.957
2.425
3.511
3.547
4.082
3.43
3.003
2.825
2.515
1.487
1.493
1.483
1.485
1.56
1.452
1.547
1.604
1.443
1.637
1.579
1.665
1.677
1.533
1.617
2.335
3.395
4.417
4.594
5.628
4.321
3.981
3.715
3.2
1.565
0.84
0.823
0.72
0.853
0.768
0.827
0.809
0.795
0.894
1.11
0.975
0.895
0.847
1.142
0.94
1.19
1.478
1.523
2.617
2.573
2.069
1.838
1.816
1.901
0.991
0.975
0.883
1.076
0.897
1.06
0.946
1.003
1.068
1.26
1.141
1.084
0.962
1.435
1.093
1.588
2.019
2.54
3.601
3.466
2.697
2.528
2.381
1.734
1.492
1.491
1.523
1.632
1.452
1.618
1.574
1.552
1.696
1.68
1.715
2.098
1.654
1.765
2.677
4.34
5.346
5.447
6.375
5.098
4.928
4.59
3.436
1.698
1.541
1.518
1.498
1.62
1.477
1.601
1.574
1.52
1.722
1.738
1.747
2.588
1.774
1.883
2.814
4.959
5.509
5.745
7.132
5.239
5.192
4.659
3.436
1.698
1.541
1.518
1.471
1.661
1.485
1.57
1.582
1.508
1.722
1.753
1.806
2.588
1.965
1.883
3.086
4.336
5.585
5.992
7.644
5.271
5.592
4.659
3.547
1.728
1.551
1.496
1.485
1.63
1.485
1.599
1.531
1.529
1.78
1.842
1.724
2.178
1.83
1.844
3.335
4.336
5.564
5.942
7.768
5.256
5.937
4.979
3.394
1.637
1.549
1.458
1.438
1.566
1.477
1.604
1.505
1.561
1.69
1.862
1.69
2.014
2.008
1.917
3.31
4.453
5.564
5.942
7.768
5.256
6.251
5.554
3.394
1.779
1.182
1.177
1.177
1.279
1.082
1.356
1.167
1.229
1.368
1.501
1.482
1.394
1.123
1.552
1.304
1.367
2.861
3.494
4.234
4.091
3.369
3.191
3.04
2.074
1.578
1.628
1.497
1.596
1.425
1.635
1.523
1.566
1.782
1.769
1.956
1.696
1.53
1.901
1.609
1.672
3.386
3.503
4.234
4.264
3.369
3.191
3.04
2.208
1.549
1.501
1.465
1.566
1.496
1.655
1.505
1.561
1.878
1.882
1.746
2.327
2.401
2.07
3.2
4.461
5.847
6.186
8.071
5.844
6.289
5.733
3.467
1.916
1.85
1.748
1.71
1.789
1.778
1.828
1.78
1.782
2.071
2.093
1.999
2.266
2.798
2.174
3.505
4.72
6.023
6.437
8.162
6.088
5.858
5.866
3.654
2.109
2.117
2.016
1.989
2.028
2.063
2.063
2.082
2.116
2.35
2.266
2.204
2.07
2.951
2.304
3.468
4.377
5.973
6.639
8.185
6.161
5.959
5.866
4.022
2.39
2.39
2.256
2.253
2.225
2.306
2.264
2.363
2.352
2.616
2.503
2.32
2.303
3.078
2.438
3.302
4.555
6.159
6.668
8.182
5.987
5.602
5.441
4.073
2.742
2.579
2.498
2.492
2.438
2.581
2.415
2.558
2.622
2.595
2.61
2.592
2.738
3.078
2.491
2.845
4.012
6.361
6.905
8.855
7.346
5.462
5.257
4.403
2.753
1.921
1.964
1.838
1.911
1.81
1.93
1.85
1.865
2.098
2.072
2.607
2.104
1.868
1.901
2.364
2.512
4.285
4.38
4.92
4.5
3.913
3.763
3.699
2.616
2.111
2.154
2.041
2.097
1.982
2.075
2.048
2.038
2.347
2.225
2.846
2.25
1.868
1.862
2.338
2.504
5.059
5.571
5.797
5.795
4.728
5.339
4.653
3.064
2.585
2.498
2.492
2.444
2.581
2.442
2.558
2.622
2.618
2.65
2.693
2.762
2.774
2.386
2.84
3.95
6.057
6.878
8.117
5.97
5.251
5.168
4.522
2.718
2.522
2.383
2.427
2.385
2.492
2.364
2.467
2.525
2.528
2.565
2.528
2.567
2.479
2.294
2.577
3.345
5.564
6.782
7.626
5.292
5.068
5.054
4.195
2.671
1.924
1.792
1.877
1.839
1.916
1.8
1.897
1.914
1.954
1.987
2.015
2.384
1.901
1.778
2.086
2.949
5.138
6.216
6.913
4.694
4.484
4.625
3.721
2.148
1.364
1.236
1.334
1.297
1.378
1.266
1.305
1.451
1.565
1.425
1.514
2.327
1.341
1.248
1.658
2.797
5.1
5.418
5.746
4.095
3.997
4.183
3.323
1.821
0.925
0.744
0.857
0.826
0.858
0.817
0.864
0.974
1.069
0.913
1.132
1.942
0.799
0.889
1.061
2.04
4.592
4.921
5.679
5.03
3.494
3.588
2.616
1.245
2.11
2.109
2.041
2.028
1.982
2.075
2.017
2.005
2.356
2.225
2.846
2.25
1.639
1.599
2.864
3.056
5.059
5.571
5.984
5.795
4.728
5.339
4.653
3.064
1.786
1.635
1.732
1.68
1.613
1.766
1.669
1.671
2.356
1.929
2.411
1.85
1.188
1.251
2.514
3.562
5.223
5.767
6.364
5.397
5.214
5.707
5.173
3.338
0.444
0.275
0.313
0.275
0.363
0.298
0.395
0.447
0.495
0.519
0.55
1.756
0.457
0.396
0.533
1.299
3.481
3.65
4.719
3.265
2.647
2.672
1.789
0.86
0.444
0.275
0.313
0.275
0.363
0.298
0.395
0.447
0.495
0.519
0.55
1.756
0.457
0.396
0.37
0.831
3.481
3.65
4.331
3.099
2.644
2.593
1.789
0.86
0.786
0.652
0.697
0.663
0.747
0.677
0.755
0.853
0.888
1.008
0.978
1.792
0.997
0.813
0.37
0.831
3.803
4.035
5.272
3.816
3.082
3.189
2.105
1.235
1.162
1.083
1.042
1.064
1.113
1.03
1.203
1.213
1.3
1.405
1.231
1.78
1.41
1.183
0.867
1.164
4.091
4.669
5.889
4.892
3.489
3.448
2.639
1.609
1.451
1.457
1.388
1.447
1.504
1.402
1.535
1.422
1.489
1.782
1.711
2.026
1.77
1.57
1.256
1.558
4.351
4.669
5.889
4.566
3.135
3.091
2.421
1.727
2.096
1.804
1.874
1.787
1.796
1.84
1.855
1.778
2.253
1.983
1.899
1.866
1.342
1.993
3.365
4.564
5.316
5.65
6.408
5.013
4.824
5.342
4.791
2.97
1.876
1.634
1.672
1.55
1.568
1.667
1.687
1.575
2.115
1.786
1.624
1.606
1.155
1.754
2.59
3.583
4.429
4.838
5.802
4.088
3.846
3.865
3.843
2.504
1.686
1.796
1.706
1.741
1.838
1.693
1.844
1.776
1.79
2.004
1.983
2.026
2.023
1.842
1.605
1.883
3.736
4.028
4.469
2.986
2.854
2.817
2.288
1.903
1.739
1.86
1.769
1.755
1.912
1.721
1.898
1.88
1.823
2.096
1.983
2.082
2.04
1.902
1.986
2.898
5.088
5.238
5.631
4.016
3.653
3.531
2.929
1.91
1.753
1.847
1.772
1.746
1.838
1.727
1.819
1.916
1.85
1.992
1.948
2.004
1.799
1.863
1.986
3.185
4.686
5.26
6.337
4.125
3.965
3.823
3.002
1.883
1.748
1.859
1.74
1.746
1.813
1.727
1.844
1.837
1.836
1.945
1.934
1.872
1.661
1.507
1.454
2.856
4.177
4.815
6.265
3.398
3.166
3.064
2.567
1.785
1.684
1.811
1.731
1.714
1.771
1.727
1.787
1.811
1.781
1.872
2.043
1.65
1.488
1.116
1.096
2.067
3.832
4.623
5.696
2.728
2.744
2.412
1.821
1.564
1.695
1.512
1.59
1.444
1.541
1.582
1.665
1.436
2.044
1.636
1.521
1.526
1.155
1.125
1.927
2.835
3.66
3.996
4.592
3.105
2.959
2.985
2.965
2.167
1.252
1.098
1.113
1.056
1.087
1.187
1.21
1.05
1.63
1.221
1.211
1.135
1.093
1.176
2.543
3.536
3.576
3.649
4.954
3.105
3.244
1.93
2.115
1.715
1.377
1.401
1.381
1.353
1.373
1.389
1.458
1.453
1.509
1.54
1.902
1.333
1.212
0.758
0.707
2.354
4.365
5.432
6.565
3.015
2.696
2.364
1.689
1.27
1.037
1.039
1.004
0.999
1.005
1.027
1.055
1.075
1.153
1.264
1.627
1.409
1.212
0.806
0.753
2.829
4.89
6.054
7.233
3.769
3.337
2.623
1.961
1.342
1.056
1.031
0.98
1.04
1.005
1.04
1.055
1.055
1.163
1.262
1.746
1.444
1.219
0.75
0.788
2.391
4.365
6.135
7.078
3.769
2.898
2.184
1.904
1.424
1.041
1.031
0.983
1.023
1.05
1.059
1.102
1.052
1.16
1.262
1.755
1.475
1.476
1.239
1.212
2.579
4.335
6.14
6.998
3.8
2.898
2.184
1.778
1.343
1.053
1.043
0.983
1.005
1.078
1.059
1.081
1.082
1.16
1.227
1.727
1.649
1.665
1.658
1.713
3.062
4.86
6.522
7.296
4.304
3.445
2.495
2.164
1.585
1.126
1.076
1.046
0.989
1.064
1.071
1.111
0.995
1.311
1.173
1.213
1.135
1.083
1.224
2.112
3.671
3.922
4.04
4.503
2.805
3.079
1.937
2.326
1.715
1.518
1.49
1.483
1.377
1.518
1.511
1.567
1.381
1.693
1.646
1.578
1.51
1.539
1.656
2.954
3.942
3.922
4.04
4.223
2.73
3.079
1.937
2.326
1.715
1.464
1.482
1.361
1.42
1.529
1.492
1.512
1.503
1.649
1.604
1.727
2.094
1.987
2.125
2.114
3.54
5.241
6.783
7.456
4.684
3.566
2.844
2.482
1.984
1.886
1.895
1.791
1.84
1.982
1.955
1.9
1.914
1.984
1.99
2.032
2.129
2.038
2.163
2.128
3.318
5.096
6.783
7.456
5.065
4.005
2.861
2.608
2.064
1.945
1.924
1.883
1.897
2.01
2.033
1.982
1.964
2.012
2.199
2.129
2.575
2.038
2.142
2.396
3.537
5.125
6.547
6.94
5.026
4.049
2.987
2.58
2.082
1.989
1.998
1.925
1.918
2.036
2.1
2.065
1.979
2.091
2.158
2.071
2.523
2.16
2.142
2.396
4.023
5.374
5.93
6.5
5.054
4.049
2.987
2.587
2.087
2.054
2.022
2.004
1.97
2.038
2.106
2.076
2.03
2.174
2.057
1.874
2.523
2.76
2.142
2.422
3.917
5.331
6.19
6.67
5.343
3.306
2.987
2.867
2.087
1.518
1.501
1.481
1.422
1.578
1.559
1.547
1.487
1.672
1.652
1.702
1.533
1.56
1.561
2.203
3.069
3.077
3.334
3.262
2.281
2.862
1.748
2.128
1.759
1.581
1.531
1.539
1.501
1.686
1.624
1.585
1.627
1.705
1.823
1.916
1.628
1.644
1.689
2.503
4.267
4.136
4.379
4.343
2.901
3.566
2.454
2.969
2.59
2.054
2.022
2.004
1.97
2.038
2.106
2.076
2.03
2.091
1.96
1.584
2.273
2.69
1.954
2.293
3.466
4.922
6.354
6.418
5.127
3.524
3.031
2.827
2.118
2.011
1.932
1.935
1.936
1.987
2.064
1.993
1.981
1.984
1.842
1.539
2.673
2.709
2.183
2.316
3.649
4.919
6.188
6.834
5.473
3.902
3.147
2.851
2.133
2.011
1.885
1.882
1.944
1.927
1.981
2.011
1.944
1.989
1.866
1.585
2.926
2.698
2.345
2.6
4.288
5.283
6.655
7.452
5.473
3.93
3.179
2.581
2.164
1.921
1.846
1.866
1.935
1.899
1.884
1.929
1.886
1.951
1.832
1.569
2.471
2.54
2.399
2.414
3.767
5.283
6.563
7.76
5.473
3.879
3.465
2.495
2.141
1.816
1.802
1.86
1.866
1.853
1.864
1.896
1.838
1.886
2.02
1.873
2.911
1.881
2.595
2.802
3.94
5.592
6.594
8.348
6.534
4.579
3.816
2.493
2.033
1.591
1.509
1.525
1.496
1.706
1.651
1.581
1.705
1.67
1.88
1.961
1.644
1.628
1.765
2.932
4.936
5.039
5.041
5.439
3.36
3.796
2.775
3.133
2.534
1.965
1.861
1.918
1.874
2.074
1.986
1.999
2.141
1.997
2.239
2.438
2.202
2.002
2.217
3.385
4.734
4.496
4.424
4.611
3.274
2.733
2.812
3.133
2.641
1.746
1.779
1.808
1.792
1.829
1.76
1.914
1.838
1.859
2.098
2.017
2.453
1.881
2.249
2.365
4.133
5.668
6.285
8.03
5.892
4.579
3.595
2.443
2.033
1.781
1.799
1.832
1.792
1.829
1.817
1.914
1.885
1.916
2.098
2.058
2.609
1.96
2.308
2.674
4.133
5.668
5.779
7.199
5.205
4.504
3.824
2.524
2.006
1.787
1.806
1.832
1.81
1.825
1.805
1.91
1.888
1.949
2.121
2.008
2.378
2.162
2.158
3.031
3.564
4.737
4.653
5.566
4.252
4.133
3.516
2.562
1.942
1.731
1.801
1.803
1.745
1.813
1.809
1.867
1.844
1.895
2.121
2.008
2.261
2.109
2.013
2.69
2.875
4.325
4.337
4.705
2.827
3.704
3.514
2.657
1.935
1.765
1.791
1.79
1.692
1.814
1.872
1.867
1.824
1.908
2.122
1.971
2.261
2.072
1.721
2.368
2.547
3.684
4.368
5.06
4.361
3.465
3.105
2.715
1.95
1.965
1.894
1.922
1.895
2.074
2.019
1.999
2.16
1.997
2.239
2.438
2.463
2.074
2.233
3.697
4.668
4.14
3.9
4.349
3.596
3.313
3.123
3.115
3.183
1.933
1.82
1.887
1.864
1.965
2.019
1.992
2.126
1.916
2.144
2.27
2.393
2.053
2.138
2.946
4.0
3.737
3.535
4.045
3.779
2.931
2.936
3.115
3.183
1.818
1.791
1.79
1.737
1.862
1.843
1.884
1.882
1.915
2.16
1.971
2.119
2.037
1.721
2.24
1.824
2.866
4.191
4.013
2.974
3.517
3.105
2.664
1.983
1.845
1.809
1.813
1.761
1.857
1.869
1.884
1.882
1.995
2.124
1.806
1.839
1.687
1.689
1.999
1.371
2.823
4.234
4.794
3.988
3.965
3.596
2.569
1.983
1.887
1.837
1.797
1.826
1.88
1.898
1.926
1.87
1.956
2.203
1.656
1.438
1.105
1.709
1.651
1.022
2.823
4.892
5.784
4.271
4.07
3.77
2.742
2.021
1.895
1.843
1.828
1.823
1.883
1.901
1.956
1.87
1.941
2.188
1.788
1.205
0.771
1.411
1.135
0.792
3.246
4.958
6.046
4.486
4.385
4.157
2.827
2.016
1.895
1.854
1.855
1.84
1.926
1.93
1.93
1.876
1.97
2.111
1.836
0.888
0.478
1.356
1.135
1.145
3.246
4.953
6.673
5.735
4.553
4.592
2.606
1.961
1.937
1.741
1.872
1.822
1.851
1.958
1.955
2.018
1.905
2.03
2.146
2.023
1.684
1.868
2.641
4.178
4.321
4.137
5.043
4.01
3.296
3.263
3.393
3.131
1.864
1.689
1.861
1.779
1.787
1.903
1.864
1.939
1.835
1.894
1.906
1.476
1.288
1.435
2.075
3.9
4.014
4.137
4.892
4.347
3.296
3.18
2.931
2.438
1.887
1.861
1.825
1.866
1.885
1.901
1.965
1.876
1.97
1.863
1.793
0.726
0.495
1.356
1.037
1.075
3.423
4.9
6.273
4.781
4.553
4.592
2.494
1.923
1.844
1.832
1.763
1.832
1.836
1.873
1.9
1.815
1.943
1.755
1.861
0.726
0.495
1.404
0.901
0.88
3.291
4.781
6.521
4.988
4.284
4.23
2.494
1.89
1.498
1.508
1.419
1.522
1.513
1.506
1.535
1.508
1.597
1.753
1.861
1.075
0.489
1.173
1.003
1.187
3.354
4.882
6.191
4.457
4.189
4.23
2.869
1.66
1.137
1.168
1.126
1.157
1.168
1.149
1.147
1.169
1.307
1.445
1.709
1.057
0.485
0.908
0.891
1.2
3.354
4.596
6.113
4.457
3.957
3.94
2.427
1.347
0.835
0.831
0.786
0.829
0.841
0.8
0.797
0.827
1.004
1.156
1.253
0.942
0.619
0.935
0.814
1.418
3.436
4.672
6.609
5.095
3.721
3.61
2.084
1.039
1.794
1.656
1.861
1.749
1.758
1.829
1.759
1.842
1.676
1.597
1.644
1.149
0.99
1.07
2.067
3.9
3.997
4.017
4.542
4.762
3.182
2.847
2.734
2.433
1.431
1.348
1.531
1.416
1.441
1.514
1.396
1.469
1.386
1.274
1.304
0.583
0.638
0.745
1.388
3.428
4.298
4.394
5.656
5.24
3.348
3.348
3.202
2.377
0.529
0.5
0.492
0.52
0.54
0.481
0.497
0.506
0.679
0.966
0.896
0.927
0.718
0.866
0.831
1.414
3.344
4.626
6.113
4.405
3.42
3.236
1.825
0.711
0.497
0.438
0.464
0.474
0.492
0.454
0.452
0.448
0.603
0.861
0.796
0.945
0.96
0.879
0.959
1.406
2.686
3.884
5.686
4.414
3.263
2.825
1.598
0.622
0.463
0.379
0.392
0.448
0.421
0.436
0.421
0.388
0.5
0.766
0.726
0.608
0.701
0.71
0.849
1.562
3.276
4.415
5.649
4.968
2.951
3.109
2.567
0.537
0.384
0.334
0.316
0.374
0.382
0.418
0.355
0.388
0.466
0.673
0.671
0.541
0.607
0.637
0.611
1.179
2.327
3.261
5.093
4.645
2.354
2.317
1.361
0.459
0.358
0.265
0.249
0.341
0.328
0.347
0.324
0.323
0.38
0.589
0.54
0.492
0.579
0.473
0.465
1.043
2.115
2.434
4.332
4.66
1.914
1.868
1.148
0.406
1.087
1.003
1.176
1.038
1.054
1.124
1.058
1.087
1.034
0.944
1.018
0.467
0.585
0.694
0.706
2.673
4.298
4.394
5.656
5.24
2.921
2.911
2.818
1.76
0.693
0.644
0.777
0.649
0.669
0.697
0.625
0.69
0.669
0.691
0.72
0.391
0.506
0.62
0.66
1.822
3.408
3.534
5.783
5.798
3.647
2.418
2.229
0.346
0.281
0.194
0.2
0.286
0.239
0.292
0.234
0.248
0.359
0.55
0.409
0.454
0.381
0.473
0.488
0.847
1.229
2.012
4.172
3.706
1.59
1.422
1.022
0.332
0.279
0.165
0.181
0.272
0.218
0.274
0.234
0.183
0.3
0.544
0.409
0.454
0.281
0.362
0.412
0.583
1.2
2.012
3.692
4.222
1.59
1.373
1.008
0.332
0.279
0.198
0.193
0.289
0.244
0.286
0.243
0.264
0.376
0.547
0.607
0.555
0.263
0.317
0.412
1.006
2.181
3.274
3.904
3.811
1.844
1.502
0.986
0.332
0.328
0.28
0.238
0.335
0.316
0.307
0.328
0.327
0.511
0.596
0.556
0.485
0.325
0.505
0.992
1.566
2.142
3.428
3.735
3.256
2.235
1.336
0.761
0.332
0.305
0.266
0.238
0.335
0.319
0.298
0.302
0.28
0.487
0.583
0.891
0.495
0.384
0.533
1.021
1.629
2.681
4.848
4.511
3.256
2.616
1.391
0.803
1.437
0.354
0.329
0.361
0.292
0.291
0.287
0.28
0.432
0.47
0.62
0.542
0.322
0.512
0.562
0.592
0.957
2.502
3.547
5.066
4.943
3.066
2.348
1.719
1.162
0.305
0.27
0.259
0.253
0.218
0.209
0.219
0.395
0.339
0.556
0.487
0.306
0.474
0.574
1.295
1.543
2.412
3.547
5.451
4.306
3.066
2.295
1.566
0.314
0.257
0.266
0.248
0.282
0.368
0.292
0.264
0.331
0.548
0.583
1.123
0.692
0.463
0.587
1.183
2.456
3.553
5.4
4.511
3.011
2.616
1.234
0.698
0.335
0.255
0.284
0.223
0.239
0.384
0.292
0.267
0.345
0.504
0.553
1.123
0.694
0.499
0.38
1.512
2.83
3.981
5.747
4.073
2.992
2.525
1.078
0.557
0.343
0.202
0.309
0.214
0.234
0.389
0.269
0.256
0.351
0.518
0.537
0.913
0.613
0.48
0.38
1.489
2.813
3.689
5.597
4.438
2.699
2.048
1.013
0.443
0.277
0.159
0.201
0.175
0.164
0.321
0.225
0.193
0.274
0.455
0.477
0.911
0.415
0.497
0.436
0.918
1.992
3.41
5.435
4.302
2.271
1.649
0.968
0.443
0.277
0.137
0.189
0.175
0.16
0.266
0.186
0.161
0.257
0.455
0.466
0.908
0.415
0.463
0.284
0.496
1.166
2.623
5.542
4.479
1.836
1.262
1.023
0.444
0.882
0.259
0.218
0.259
0.253
0.218
0.209
0.219
0.419
0.339
0.514
0.403
0.27
0.474
0.498
1.248
1.543
2.412
3.6
5.163
3.639
3.32
2.674
1.433
0.605
0.285
0.195
0.285
0.219
0.229
0.192
0.198
0.409
0.407
0.51
0.349
0.265
0.486
0.375
1.2
1.402
1.629
3.914
3.94
3.049
4.114
2.307
0.903
0.273
0.133
0.199
0.198
0.18
0.263
0.186
0.193
0.283
0.464
0.45
0.598
0.446
0.435
0.27
0.492
1.148
2.221
5.233
3.729
1.419
1.23
1.007
0.398
0.306
0.129
0.212
0.201
0.208
0.263
0.186
0.214
0.283
0.393
0.482
0.611
0.446
0.381
0.211
0.547
0.68
1.616
4.754
3.401
1.211
1.205
0.996
0.375
0.289
0.148
0.239
0.205
0.209
0.257
0.151
0.242
0.267
0.448
0.471
0.603
0.4
0.382
0.228
0.31
0.68
1.343
3.915
2.674
1.135
1.17
1.085
0.347
0.27
0.166
0.234
0.209
0.209
0.242
0.144
0.243
0.255
0.497
0.473
0.64
0.472
0.382
0.258
0.311
0.661
1.358
3.719
2.529
1.135
1.17
1.049
0.384
0.284
0.153
0.257
0.217
0.209
0.236
0.131
0.232
0.304
0.477
0.473
0.4
0.465
0.403
0.256
0.358
0.616
1.108
3.717
2.342
1.651
1.144
1.009
0.384
0.443
0.249
0.211
0.237
0.195
0.247
0.196
0.223
0.468
0.424
0.484
0.272
0.298
0.548
0.418
1.217
1.414
1.604
4.165
3.94
2.781
4.092
2.307
0.753
0.351
0.249
0.228
0.202
0.174
0.289
0.166
0.253
0.468
0.439
0.477
0.269
0.289
0.548
0.392
1.28
1.533
1.614
4.223
3.879
2.427
4.035
2.298
0.726
0.284
0.177
0.257
0.201
0.213
0.216
0.145
0.25
0.295
0.492
0.45
0.393
0.513
0.39
0.263
0.36
0.599
1.181
3.031
1.522
1.59
1.093
0.935
0.484
0.312
0.221
0.221
0.195
0.195
0.234
0.18
0.238
0.261
0.449
0.476
0.613
0.535
0.418
0.266
0.485
0.666
1.184
2.948
2.233
2.206
1.507
0.861
0.553
0.277
0.245
0.217
0.199
0.167
0.234
0.18
0.269
0.261
0.519
0.434
0.37
0.429
0.506
0.3
0.485
0.782
1.267
3.459
3.053
2.923
2.254
1.131
0.553
0.259
0.247
0.18
0.213
0.17
0.23
0.215
0.235
0.261
0.863
0.455
0.384
0.412
0.465
0.353
0.512
0.757
1.87
4.353
4.106
3.721
2.988
1.104
0.538
0.26
0.24
0.155
0.233
0.17
0.209
0.235
0.216
0.285
0.808
0.482
0.684
0.363
0.737
0.393
0.701
0.817
1.87
4.339
4.402
4.03
3.211
1.085
0.519
0.299
0.236
0.192
0.236
0.164
0.289
0.202
0.228
0.429
0.445
0.477
0.267
0.316
0.496
0.414
1.315
1.57
1.61
3.623
4.136
3.089
4.813
1.824
0.725
0.314
0.224
0.154
0.277
0.159
0.285
0.26
0.228
0.38
0.445
0.511
0.245
0.339
0.555
0.414
0.656
0.759
1.562
3.623
4.057
3.458
4.813
1.824
0.725
0.257
0.275
0.155
0.235
0.171
0.185
0.269
0.23
0.246
0.859
0.483
0.687
0.424
0.675
0.444
0.661
0.764
1.886
3.914
4.218
3.872
3.648
1.195
0.408
0.246
0.24
0.177
0.25
0.138
0.22
0.254
0.209
0.272
0.965
0.705
0.663
0.415
0.979
0.534
0.65
1.022
1.814
4.013
4.527
4.205
4.021
1.213
0.37
0.246
0.209
0.201
0.247
0.17
0.225
0.245
0.22
0.244
1.149
0.948
0.602
0.406
0.941
0.448
0.762
0.959
2.605
4.656
4.56
4.182
3.98
1.579
0.37
0.246
0.214
0.204
0.227
0.208
0.207
0.268
0.202
0.186
1.155
1.315
0.663
0.412
0.958
0.534
0.761
0.699
1.822
4.416
4.401
4.165
4.034
1.245
0.412
0.23
0.229
0.204
0.258
0.233
0.196
0.248
0.202
0.25
1.155
1.386
0.633
0.389
0.978
0.621
0.867
0.57
1.478
4.459
4.666
4.218
4.132
0.991
0.378
0.311
0.21
0.178
0.219
0.159
0.248
0.226
0.201
0.38
0.459
0.514
0.271
0.361
0.463
0.51
0.634
0.749
1.289
3.428
3.966
3.646
4.921
1.731
0.864
0.307
0.21
0.187
0.188
0.192
0.216
0.263
0.201
0.368
0.441
0.522
0.336
0.437
0.522
0.595
0.677
0.81
1.477
3.76
4.839
3.865
4.499
2.177
1.175
0.239
0.222
0.244
0.249
0.198
0.229
0.234
0.195
0.277
1.571
1.447
0.613
0.388
0.717
0.615
0.692
0.544
2.178
4.674
4.329
4.22
4.253
1.177
0.422
0.231
0.208
0.216
0.24
0.24
0.229
0.206
0.189
0.272
1.571
1.814
0.734
0.461
0.717
0.568
0.92
0.803
2.945
5.091
4.687
4.374
4.328
1.269
0.426
0.221
0.223
0.208
0.219
0.24
0.22
0.209
0.211
0.255
1.666
1.725
1.033
0.461
0.499
0.45
1.131
1.402
3.699
5.297
4.687
4.268
4.287
1.297
0.446
0.221
0.224
0.193
0.219
0.236
0.214
0.2
0.211
0.255
1.717
2.183
1.033
0.475
0.499
0.41
1.187
2.269
3.693
5.15
4.892
4.127
3.606
1.139
0.378
0.236
0.207
0.193
0.271
0.215
0.206
0.2
0.215
0.277
1.706
1.481
1.322
0.308
0.463
0.41
1.344
2.456
3.693
5.15
4.822
3.855
3.609
1.294
0.356
0.294
0.197
0.197
0.177
0.193
0.24
0.242
0.189
0.651
0.474
0.52
0.345
0.372
0.583
0.553
0.658
0.855
2.244
4.356
5.2
4.367
4.689
2.61
1.392
0.263
0.248
0.181
0.184
0.221
0.186
0.266
0.193
0.635
0.467
0.458
0.294
0.381
0.561
0.52
0.545
0.845
2.244
4.241
5.099
4.367
4.205
2.339
1.17
0.236
0.191
0.264
0.212
0.21
0.236
0.188
0.246
0.252
1.611
1.3
1.322
0.368
0.44
0.262
1.287
2.456
3.068
4.3
4.486
3.439
2.855
1.294
0.348
0.241
0.191
0.206
0.206
0.236
0.237
0.176
0.246
0.252
1.579
1.388
1.269
0.325
0.438
0.463
1.257
3.284
3.235
4.091
4.475
3.224
2.255
1.101
0.292
0.237
0.17
0.227
0.202
0.224
0.26
0.169
0.27
0.336
1.579
0.998
1.146
0.223
0.422
0.446
0.964
2.375
2.198
3.901
4.475
3.224
2.073
0.973
0.332
0.225
0.157
0.225
0.179
0.236
0.242
0.147
0.276
0.295
1.47
1.765
1.52
0.325
0.422
0.655
0.743
2.34
2.116
3.901
4.384
3.499
2.274
0.915
0.307
0.192
0.162
0.205
0.179
0.261
0.224
0.146
0.245
0.294
1.217
1.317
1.226
0.255
0.41
0.725
0.721
1.956
2.167
3.989
4.512
3.544
2.839
1.964
0.364
0.293
0.244
0.186
0.184
0.199
0.212
0.29
0.198
0.567
0.381
0.418
0.317
0.381
0.533
0.45
0.42
0.678
2.131
3.799
3.748
4.084
4.092
2.557
1.226
0.271
0.229
0.204
0.184
0.238
0.204
0.249
0.231
0.553
0.374
0.326
0.261
0.338
0.385
0.352
0.364
0.529
1.239
2.244
2.472
3.104
3.005
1.739
0.808
0.199
0.159
0.205
0.179
0.26
0.237
0.142
0.223
0.3
1.243
1.252
0.649
0.256
0.367
0.504
0.4
1.713
2.174
3.579
3.659
2.912
2.012
0.734
0.336
0.215
0.187
0.181
0.207
0.248
0.218
0.158
0.222
0.291
0.824
1.132
0.633
0.211
0.366
0.492
0.396
1.725
2.166
3.595
3.634
2.895
2.012
0.722
0.361
0.215
0.194
0.2
0.198
0.233
0.218
0.172
0.262
0.202
0.418
0.903
0.406
0.236
0.258
0.257
0.365
1.23
1.802
3.834
3.52
2.528
1.849
0.954
0.383
0.206
0.222
0.182
0.217
0.237
0.194
0.203
0.256
0.202
0.821
0.923
0.46
0.24
0.546
0.478
0.449
1.507
2.019
3.581
3.443
2.057
1.239
1.025
0.411
0.24
0.222
0.174
0.231
0.192
0.247
0.203
0.23
0.223
1.025
0.491
0.46
0.228
0.546
0.478
0.597
1.111
1.217
2.93
3.247
1.35
0.945
1.002
0.403
0.243
0.259
0.223
0.198
0.232
0.185
0.256
0.247
0.22
0.313
0.249
0.244
0.305
0.404
0.298
0.243
0.351
0.607
1.336
1.595
2.275
2.109
1.227
0.535
0.267
0.213
0.256
0.238
0.206
0.218
0.215
0.255
0.279
0.337
0.249
0.233
0.305
0.348
0.284
0.243
0.243
0.418
1.002
0.734
1.497
1.993
1.002
0.38
0.24
0.243
0.215
0.231
0.192
0.239
0.224
0.253
0.223
1.469
0.446
0.486
0.23
0.557
0.445
0.419
0.748
0.704
2.276
2.087
0.956
0.906
0.885
0.332
0.253
0.246
0.253
0.231
0.196
0.257
0.224
0.281
0.227
1.004
0.481
0.561
0.288
0.657
0.681
0.541
0.802
0.856
2.794
2.226
1.122
0.98
1.076
0.403
0.234
0.23
0.253
0.251
0.226
0.238
0.236
0.263
0.254
1.42
0.724
0.595
0.279
0.728
0.82
0.738
0.972
0.856
2.794
2.47
1.516
1.112
1.192
0.485
0.242
0.229
0.251
0.265
0.258
0.193
0.228
0.268
0.277
1.491
1.151
0.706
0.254
0.728
1.017
0.861
0.846
0.832
2.594
1.512
1.577
1.487
1.192
0.515
0.293
0.22
0.253
0.237
0.267
0.242
0.231
0.281
0.298
1.062
1.151
0.687
0.259
0.505
0.865
0.823
0.792
0.77
2.594
1.512
2.124
2.16
1.432
0.475
0.236
0.233
0.256
0.263
0.246
0.185
0.238
0.258
0.279
0.517
0.233
0.241
0.265
0.348
0.314
0.294
0.243
0.338
0.732
0.454
0.627
1.165
0.84
0.356
0.234
0.22
0.261
0.267
0.263
0.215
0.222
0.23
0.279
0.854
0.573
0.285
0.268
0.419
0.322
0.342
0.332
0.451
1.493
0.862
1.605
2.123
1.269
0.464
0.259
0.254
0.286
0.24
0.269
0.222
0.267
0.34
0.303
1.25
1.29
0.524
0.285
0.435
0.794
0.666
0.768
0.788
2.439
1.011
2.867
2.867
1.672
0.518
0.264
0.236
0.25
0.268
0.276
0.228
0.238
0.313
0.352
0.705
1.605
0.622
0.283
0.557
0.859
0.684
0.919
0.823
2.838
2.134
3.727
3.581
1.758
0.518
0.244
0.258
0.233
0.229
0.276
0.207
0.274
0.305
0.321
1.19
1.426
0.74
0.283
0.517
0.87
0.727
0.919
0.816
2.855
2.244
4.162
3.95
1.934
0.471
0.244
0.234
0.233
0.229
0.271
0.208
0.243
0.32
0.303
1.441
1.5
0.88
0.33
0.506
0.962
0.589
0.814
0.816
2.969
2.016
4.162
4.04
1.934
0.471
0.249
0.247
0.218
0.224
0.26
0.241
0.251
0.288
0.312
1.758
1.444
0.721
0.332
0.668
0.808
0.5
0.765
0.744
2.833
2.859
3.966
4.013
1.606
0.426
0.218
0.235
0.292
0.24
0.269
0.205
0.217
0.26
0.743
0.949
0.621
0.245
0.299
0.554
0.373
0.44
0.422
0.587
2.04
1.592
1.649
2.253
1.249
0.502
0.247
0.273
0.292
0.213
0.249
0.213
0.248
0.271
0.734
0.949
0.94
0.525
0.345
0.596
0.434
0.432
0.535
0.749
2.76
2.343
1.734
2.986
2.128
0.549
0.249
0.269
0.219
0.232
0.254
0.237
0.263
0.235
0.312
2.44
1.576
0.798
0.342
0.641
0.808
0.468
0.717
0.893
2.278
1.75
3.484
3.278
1.34
0.455
0.28
0.25
0.206
0.232
0.284
0.244
0.243
0.227
0.309
2.005
1.877
1.015
0.369
0.642
0.707
0.5
0.996
1.387
2.452
1.726
3.48
3.232
1.088
0.442
0.313
0.269
0.207
0.208
0.278
0.276
0.263
0.228
0.255
2.005
2.356
1.138
0.338
0.429
0.833
0.477
0.693
1.32
2.452
0.953
3.47
3.232
0.97
0.442
0.312
0.238
0.207
0.244
0.278
0.271
0.234
0.228
0.282
2.035
2.432
0.759
0.3
0.509
0.833
0.477
0.667
1.416
2.13
1.652
3.47
3.315
0.97
0.493
0.356
0.243
0.216
0.223
0.291
0.29
0.236
0.207
0.273
1.777
2.415
0.849
0.316
0.781
0.636
0.477
0.606
1.464
2.359
2.451
3.428
3.447
1.531
0.566
0.247
0.247
0.292
0.252
0.24
0.225
0.235
0.285
1.148
1.237
0.98
0.529
0.407
0.596
0.483
0.495
0.641
0.912
2.848
2.343
2.593
3.938
2.478
0.637
0.229
0.247
0.256
0.219
0.27
0.199
0.235
0.249
1.114
0.89
0.682
0.501
0.347
0.542
0.482
0.449
0.641
0.831
2.578
2.027
2.444
3.109
2.316
0.581
0.33
0.232
0.207
0.249
0.298
0.259
0.226
0.24
0.263
2.364
3.117
1.174
0.431
0.443
0.556
0.399
0.51
1.464
2.359
1.629
2.994
3.447
1.497
0.56
0.294
0.202
0.199
0.267
0.291
0.222
0.197
0.23
0.256
1.455
2.348
1.139
0.431
0.466
0.556
0.362
0.377
1.214
1.943
1.513
2.867
3.252
1.349
0.459
0.25
0.191
0.191
0.298
0.259
0.191
0.178
0.226
0.274
1.163
1.738
0.896
0.376
0.435
0.478
0.258
0.283
0.647
1.318
1.335
1.916
2.398
1.226
0.411
0.206
0.178
0.201
0.312
0.237
0.17
0.167
0.241
0.292
1.1
0.859
0.524
0.396
0.435
0.225
0.189
0.24
0.439
0.523
1.148
0.924
1.352
1.027
0.408
0.202
0.181
0.201
0.29
0.237
0.171
0.171
0.237
0.272
0.581
0.44
0.503
0.404
0.283
0.185
0.189
0.24
0.313
0.282
0.21
0.182
0.266
0.303
0.248
0.221
0.236
0.244
0.23
0.245
0.199
0.21
0.242
0.684
0.63
0.638
0.467
0.364
0.437
0.422
0.361
0.557
0.787
2.095
1.884
2.327
2.989
2.038
0.523
0.211
0.248
0.258
0.225
0.215
0.196
0.233
0.24
0.684
0.32
0.325
0.211
0.317
0.379
0.391
0.344
0.436
0.619
1.402
1.089
1.339
1.924
1.158
0.392
0.185
0.181
0.226
0.287
0.206
0.163
0.183
0.27
0.253
0.174
0.175
0.254
0.288
0.257
0.174
0.192
0.249
0.281
0.257
0.191
0.182
0.258
0.273
0.22
0.185
0.197
0.232
0.264
0.205
0.174
0.201
0.237
0.235
0.174
0.175
0.212
0.244
0.233
0.174
0.215
0.255
0.281
0.232
0.191
0.214
0.26
0.268
0.207
0.218
0.219
0.231
0.233
0.207
0.209
0.2
0.237
0.207
0.206
0.196
0.206
0.249
0.218
0.211
0.233
0.255
0.261
0.223
0.216
0.231
0.262
0.242
0.207
0.257
0.228
0.231
0.2
0.225
0.233
0.2
0.221
0.192
0.25
0.206
0.206
0.218
0.218
0.251
0.23
0.247
0.24
0.223
0.23
0.228
0.262
0.219
0.215
0.258
0.228
0.221
0.2
0.244
0.233
0.208
0.196
0.192
0.275
0.209
0.201
0.196
0.236
0.272
0.233
0.216
0.222
0.253
0.257
0.224
0.229
0.217
0.248
0.225
0.253
0.223
0.225
0.217
0.204
0.219
0.206
0.253
0.224
0.312
0.211
0.248
0.311
0.317
0.28
0.345
0.39
0.86
0.359
0.397
0.942
0.867
0.285
0.2
0.219
0.217
0.252
0.217
0.196
0.185
0.205
0.262
0.219
0.228
0.195
0.22
0.268
0.225
0.25
0.254
0.239
0.282
0.241
0.25
0.236
0.257
0.24
0.261
0.222
0.179
0.211
0.261
0.225
0.187
0.184
0.227
0.277
0.209
0.172
0.196
0.257
0.272
0.222
0.194
0.222
0.258
0.257
0.23
0.212
0.217
0.258
0.261
0.216
0.179
0.211
0.261
0.226
0.187
0.184
0.228
0.277
0.202
0.172
0.198
0.257
0.262
0.221
0.194
0.216
0.258
0.258
0.231
0.212
0.212
0.258
0.233
0.216
0.19
0.212
0.253
0.206
0.202
0.192
0.229
0.246
0.202
0.205
0.205
0.252
0.223
0.221
0.221
0.23
0.254
0.224
0.231
0.235
0.22
0.248
0.202
0.23
0.219
0.212
0.22
0.201
0.235
0.201
0.224
0.199
0.203
0.246
0.201
0.235
0.193
0.234
0.253
0.23
0.233
0.207
0.251
0.248
0.214
0.22
0.202
0.261
0.222
0.208
0.19
0.201
0.265
0.202
0.206
0.172
0.228
0.268
0.201
0.199
0.192
0.273
0.294
0.255
0.236
0.208
0.294
0.28
0.235
0.227
0.19
0.212
0.217
0.244
0.207
0.184
0.194
0.205
0.232
0.197
0.194
0.207
0.22
0.238
0.2
0.213
0.254
0.239
0.262
0.211
0.21
0.236
0.256
0.209
0.198
0.226
0.244
0.265
0.192
0.188
0.22
0.241
0.251
0.182
0.224
0.233
0.262
0.238
0.202
0.246
0.297
0.271
0.262
0.223
0.252
0.268
0.275
0.209
0.205
0.291
0.26
0.209
0.18
0.22
0.301
0.242
0.194
0.172
0.258
0.307
0.235
0.192
0.187
0.369
0.586
0.401
0.364
0.495
0.468
0.459
0.489
0.249
0.221
0.308
0.271
0.199
0.18
0.256
0.312
0.231
0.178
0.215
0.297
0.672
0.269
0.192
0.207
0.448
0.609
0.521
0.592
0.83
0.647
0.797
0.574
0.256
0.227
0.308
0.273
0.205
0.191
0.256
0.312
0.233
0.2
0.279
0.979
0.897
0.295
0.245
0.236
0.544
0.721
0.77
0.94
1.348
1.163
1.369
1.055
0.397
0.26
0.277
0.265
0.217
0.206
0.281
0.295
0.229
0.211
0.397
1.372
0.919
0.32
0.354
0.256
0.577
0.916
0.88
1.328
1.745
1.277
1.506
1.097
0.418
0.26
0.259
0.283
0.238
0.213
0.267
0.267
0.263
0.257
0.801
1.374
0.902
0.355
0.522
0.488
0.577
0.916
0.898
1.678
1.837
1.706
1.937
1.321
0.469
0.22
0.237
0.25
0.268
0.192
0.2
0.232
0.255
0.251
0.192
0.336
0.243
0.3
0.247
0.273
0.388
0.401
0.381
0.659
0.738
0.858
0.839
0.883
0.342
0.226
0.208
0.262
0.301
0.206
0.191
0.224
0.256
0.315
0.357
0.922
0.279
0.323
0.299
0.407
0.496
0.512
0.584
1.082
1.36
1.687
1.417
1.212
0.423
0.291
0.242
0.285
0.24
0.236
0.267
0.257
0.269
0.267
0.821
2.039
1.002
0.387
0.56
0.538
0.561
0.745
0.898
1.775
2.28
2.143
2.369
1.079
0.361
0.289
0.22
0.266
0.254
0.232
0.255
0.223
0.264
0.301
1.048
3.222
1.002
0.387
0.56
0.538
0.473
0.537
0.882
1.974
2.091
2.089
2.23
0.999
0.421
0.252
0.206
0.261
0.267
0.248
0.236
0.209
0.271
0.321
1.048
3.15
0.755
0.364
0.55
0.388
0.504
0.711
1.001
2.061
1.958
2.111
2.225
1.149
0.446
0.287
0.218
0.227
0.242
0.249
0.276
0.223
0.254
0.287
0.968
2.687
0.765
0.348
0.402
0.463
0.487
0.756
1.009
2.015
1.805
2.477
2.266
1.149
0.382
0.27
0.24
0.261
0.245
0.228
0.247
0.229
0.289
0.309
0.576
2.914
0.872
0.367
0.328
0.491
0.447
0.747
1.168
2.155
2.175
2.932
2.705
1.359
0.392
0.226
0.208
0.276
0.301
0.207
0.191
0.244
0.27
0.629
0.75
0.95
0.309
0.33
0.378
0.49
0.566
0.648
0.762
1.365
1.982
3.269
2.454
1.801
0.49
0.261
0.217
0.263
0.274
0.221
0.206
0.266
0.264
0.623
0.754
1.615
0.377
0.325
0.379
0.558
0.679
0.788
0.843
1.832
2.748
4.177
3.901
2.587
0.613
0.273
0.233
0.247
0.269
0.228
0.247
0.22
0.275
0.309
0.36
2.914
0.872
0.345
0.328
0.415
0.416
0.845
1.273
2.157
2.772
3.365
2.752
1.386
0.415
0.24
0.23
0.272
0.306
0.205
0.209
0.213
0.293
0.352
0.438
2.826
0.86
0.589
0.367
0.447
0.386
0.799
1.147
2.277
2.308
3.088
2.744
1.35
0.428
0.245
0.232
0.254
0.284
0.25
0.229
0.228
0.268
0.311
0.438
2.826
0.801
0.336
0.398
0.461
0.6
0.828
1.245
2.277
2.289
3.173
2.772
1.376
0.428
0.274
0.245
0.26
0.266
0.231
0.269
0.24
0.259
0.295
0.733
2.773
0.733
0.343
0.398
0.401
0.572
0.815
1.205
2.244
2.679
3.201
2.798
1.401
0.441
0.24
0.25
0.279
0.266
0.225
0.218
0.236
0.274
0.295
0.73
2.671
0.733
0.446
0.478
0.338
0.526
0.707
1.108
2.373
3.366
3.201
2.871
1.296
0.504
0.265
0.251
0.268
0.263
0.226
0.21
0.286
0.266
0.966
1.139
1.615
0.389
0.322
0.443
0.558
0.679
0.844
0.914
2.353
3.472
4.406
3.98
2.587
0.613
0.262
0.272
0.268
0.233
0.226
0.214
0.288
0.266
1.061
1.569
1.668
0.361
0.316
0.435
0.534
0.625
0.787
0.9
2.156
3.472
3.399
3.077
2.013
0.505
0.238
0.233
0.248
0.266
0.262
0.249
0.236
0.255
0.266
0.938
2.477
0.637
0.455
0.478
0.319
0.718
0.67
1.039
2.264
2.237
3.201
2.863
1.296
0.542
0.239
0.254
0.256
0.238
0.269
0.25
0.259
0.262
0.218
0.888
2.38
0.813
0.524
0.484
0.51
0.759
0.645
0.914
2.09
1.681
2.792
2.721
1.234
0.506
0.233
0.25
0.257
0.238
0.291
0.256
0.259
0.254
0.218
0.789
2.587
1.066
0.524
0.484
0.51
0.774
0.716
0.901
1.903
1.914
2.681
2.701
1.234
0.49
0.257
0.255
0.263
0.233
0.29
0.267
0.253
0.276
0.207
0.592
2.612
0.894
0.524
0.489
0.705
0.617
0.74
0.78
1.828
2.15
2.656
2.676
1.17
0.475
0.257
0.276
0.288
0.232
0.261
0.238
0.285
0.288
0.198
0.592
2.612
0.891
0.559
0.826
0.7
0.576
0.69
0.776
1.862
2.6
2.777
2.79
1.324
0.513
0.255
0.266
0.296
0.203
0.226
0.242
0.288
0.256
0.75
1.157
1.662
0.46
0.301
0.406
0.435
0.524
0.787
0.834
2.118
3.192
3.402
3.16
1.631
0.413
0.277
0.303
0.284
0.203
0.216
0.246
0.306
0.279
0.706
1.01
1.731
0.499
0.316
0.364
0.378
0.493
0.769
0.783
2.171
3.762
4.027
3.216
1.603
0.403
0.26
0.252
0.289
0.263
0.267
0.242
0.279
0.283
0.236
0.659
2.421
0.736
0.467
0.822
0.743
0.611
0.69
0.798
1.843
1.711
2.777
2.633
1.51
0.513
0.266
0.278
0.293
0.257
0.248
0.23
0.287
0.283
0.238
0.523
2.938
1.086
0.557
0.822
0.722
0.611
0.623
0.728
1.755
1.935
2.758
2.588
1.472
0.484
0.257
0.247
0.28
0.283
0.255
0.23
0.241
0.272
0.28
0.896
2.682
0.736
0.469
0.827
0.568
0.606
0.61
0.802
1.878
1.621
2.831
2.588
1.67
0.594
0.295
0.257
0.253
0.248
0.242
0.258
0.254
0.253
0.232
1.146
2.396
0.418
0.334
0.54
0.374
0.602
0.586
0.802
1.978
1.804
3.059
2.622
1.881
0.594
0.265
0.271
0.282
0.241
0.222
0.232
0.278
0.257
0.239
1.19
2.144
0.429
0.402
0.516
0.366
0.602
0.538
0.842
1.985
1.763
3.409
2.867
1.881
0.558
0.258
0.275
0.275
0.211
0.248
0.246
0.278
0.271
0.657
1.007
1.745
0.493
0.335
0.324
0.378
0.506
0.77
0.71
2.268
4.02
3.347
3.026
1.447
0.381
0.258
0.295
0.272
0.212
0.233
0.243
0.27
0.266
0.649
1.007
1.696
0.696
0.369
0.389
0.349
0.411
0.716
0.78
1.94
3.659
3.927
2.873
1.407
0.381
0.227
0.235
0.248
0.276
0.242
0.23
0.258
0.241
0.267
0.861
2.398
0.448
0.36
0.46
0.412
0.492
0.523
0.803
1.979
1.344
3.239
2.636
1.66
0.501
0.258
0.239
0.223
0.263
0.265
0.237
0.256
0.219
0.245
0.987
2.512
0.726
0.393
0.47
0.412
0.488
0.498
0.721
1.909
1.815
3.105
2.63
1.602
0.409
0.274
0.239
0.217
0.268
0.256
0.252
0.256
0.205
0.251
1.305
2.474
0.585
0.376
0.47
0.413
0.472
0.526
0.814
1.982
1.591
3.149
2.678
1.478
0.388
0.274
0.244
0.219
0.268
0.25
0.256
0.256
0.214
0.251
0.987
2.616
0.803
0.359
0.47
0.42
0.43
0.528
0.855
1.951
2.185
3.315
2.678
1.478
0.388
0.274
0.239
0.215
0.268
0.264
0.253
0.269
0.225
0.251
0.923
2.599
0.897
0.362
0.539
0.516
0.451
0.532
0.926
1.951
2.241
2.972
2.719
1.371
0.41
0.259
0.258
0.261
0.225
0.228
0.247
0.245
0.243
0.649
0.999
1.696
0.664
0.356
0.389
0.402
0.441
0.668
0.818
1.761
2.946
3.603
2.797
1.524
0.418
0.259
0.23
0.266
0.252
0.232
0.246
0.23
0.243
0.557
0.617
1.194
1.34
0.404
0.426
0.433
0.553
0.716
0.818
1.761
3.785
4.553
2.866
1.747
0.478
0.299
0.252
0.215
0.28
0.264
0.263
0.267
0.218
0.245
0.77
2.705
1.076
0.352
0.558
0.484
0.446
0.576
0.924
2.123
2.401
2.832
2.719
1.766
0.448
0.321
0.258
0.22
0.276
0.276
0.265
0.251
0.211
0.24
0.897
2.766
1.185
0.38
0.626
0.47
0.446
0.543
0.874
2.218
3.362
3.026
2.802
1.766
0.448
0.325
0.261
0.228
0.273
0.255
0.289
0.263
0.21
0.225
0.754
2.831
1.069
0.35
0.538
0.402
0.454
0.604
1.034
2.218
2.971
3.129
2.871
1.659
0.426
0.291
0.272
0.25
0.275
0.264
0.26
0.263
0.22
0.223
0.726
2.913
0.98
0.316
0.602
0.386
0.388
0.49
0.975
2.277
3.835
3.307
2.894
1.655
0.425
0.298
0.276
0.23
0.275
0.289
0.254
0.263
0.212
0.223
0.818
2.889
0.792
0.309
0.63
0.378
0.365
0.488
0.896
2.238
4.335
3.407
3.162
1.66
0.425
0.295
0.271
0.242
0.253
0.198
0.218
0.251
0.269
0.83
0.994
1.159
0.643
0.445
0.459
0.462
0.617
0.729
0.878
1.792
3.785
4.507
2.829
1.855
0.501
0.274
0.239
0.265
0.271
0.198
0.222
0.241
0.285
0.829
0.991
1.062
0.867
0.41
0.53
0.457
0.667
0.769
0.998
1.8
3.084
3.625
2.85
2.212
0.985
0.298
0.296
0.23
0.275
0.269
0.256
0.267
0.202
0.226
0.818
2.987
0.909
0.386
0.563
0.324
0.293
0.449
0.93
2.072
3.266
3.44
3.155
2.051
0.514
0.289
0.296
0.218
0.26
0.274
0.252
0.269
0.23
0.225
0.97
2.864
0.731
0.377
0.627
0.351
0.56
0.466
1.029
1.907
2.911
3.628
3.427
1.658
0.423
0.27
0.302
0.242
0.25
0.242
0.246
0.27
0.262
0.226
1.588
2.969
0.887
0.377
0.547
0.322
0.55
0.462
1.029
1.74
2.442
3.8
3.362
1.658
0.439
0.249
0.302
0.238
0.234
0.251
0.238
0.254
0.262
0.227
1.588
2.948
1.072
0.558
0.495
0.284
0.335
0.47
0.986
1.847
3.06
3.73
3.358
1.65
0.473
0.25
0.274
0.238
0.228
0.233
0.24
0.231
0.262
0.256
1.65
2.709
1.475
0.749
0.41
0.334
0.651
0.563
1.045
1.897
3.354
4.449
3.581
2.06
0.593
0.322
0.24
0.269
0.281
0.198
0.215
0.244
0.285
0.848
0.922
1.054
0.873
0.37
0.582
0.479
0.661
0.757
0.992
1.657
2.487
3.324
2.719
2.109
0.985
0.303
0.247
0.269
0.281
0.207
0.215
0.246
0.269
1.212
1.299
0.521
0.578
0.319
0.561
0.471
0.661
0.742
0.864
1.309
1.931
2.266
2.212
1.829
0.94
0.248
0.265
0.237
0.219
0.233
0.242
0.228
0.262
0.222
1.827
2.467
1.475
0.798
0.284
0.309
0.663
0.529
1.008
1.921
3.132
4.164
3.581
2.06
0.5
0.248
0.235
0.238
0.214
0.258
0.229
0.197
0.26
0.218
1.064
1.807
0.991
0.762
0.276
0.307
0.666
0.473
0.915
1.861
3.321
4.342
3.674
1.871
0.36
0.256
0.235
0.229
0.214
0.267
0.219
0.197
0.233
0.278
1.679
2.234
0.98
0.802
0.238
0.262
0.35
0.381
0.777
2.089
3.803
4.123
3.45
1.871
0.36
0.253
0.217
0.207
0.214
0.278
0.22
0.198
0.203
0.299
0.881
2.117
0.843
0.682
0.239
0.294
0.353
0.382
0.835
2.265
3.375
3.663
3.242
1.871
0.364
0.264
0.223
0.207
0.214
0.272
0.22
0.212
0.219
0.295
0.83
1.916
1.116
0.664
0.239
0.333
0.334
0.382
0.782
1.838
3.135
3.61
3.26
1.769
0.335
0.293
0.247
0.272
0.286
0.203
0.208
0.246
0.272
0.868
0.925
0.472
0.578
0.323
0.479
0.364
0.548
0.669
0.616
1.045
1.467
1.765
1.656
1.491
0.87
0.293
0.244
0.256
0.286
0.221
0.218
0.24
0.252
0.868
0.928
0.361
0.246
0.284
0.453
0.392
0.607
0.669
0.65
1.445
1.467
1.765
1.675
1.07
0.41
0.283
0.238
0.207
0.213
0.272
0.241
0.237
0.217
0.236
1.358
2.75
0.799
0.573
0.206
0.281
0.273
0.328
0.66
1.418
2.462
3.198
3.028
1.333
0.298
0.305
0.27
0.227
0.209
0.258
0.25
0.285
0.239
0.247
1.082
2.947
1.124
0.633
0.238
0.306
0.313
0.453
0.739
1.563
2.462
2.987
2.921
1.043
0.298
0.294
0.273
0.248
0.243
0.242
0.236
0.285
0.239
0.284
2.243
3.643
1.324
0.689
0.284
0.333
0.279
0.606
0.85
2.005
2.869
2.806
2.832
1.043
0.342
0.305
0.263
0.245
0.244
0.232
0.252
0.28
0.238
0.244
1.081
3.244
1.324
0.731
0.295
0.333
0.279
0.658
0.917
2.788
2.99
2.874
2.787
0.925
0.401
0.305
0.264
0.244
0.211
0.24
0.272
0.276
0.246
0.217
1.057
3.04
1.245
0.698
0.293
0.352
0.321
0.676
0.948
3.546
3.79
2.921
2.831
0.925
0.365
0.269
0.219
0.247
0.292
0.262
0.244
0.216
0.224
0.847
0.928
0.427
0.246
0.284
0.517
0.46
0.644
0.649
0.627
1.795
1.662
1.836
1.723
1.396
0.45
0.272
0.216
0.241
0.306
0.289
0.238
0.199
0.221
0.852
0.968
0.427
0.246
0.269
0.526
0.585
0.627
0.612
0.627
2.457
2.344
1.866
1.763
1.395
0.45
0.282
0.299
0.251
0.213
0.222
0.256
0.303
0.244
0.22
2.152
3.525
0.984
0.698
0.341
0.299
0.258
0.554
0.968
4.019
3.675
3.102
2.831
1.188
0.445
0.269
0.264
0.23
0.235
0.247
0.234
0.26
0.227
0.22
1.37
2.943
0.85
0.638
0.392
0.326
0.291
0.547
0.968
4.807
4.557
3.212
3.135
1.329
0.498
0.251
0.262
0.236
0.229
0.236
0.227
0.239
0.227
0.227
2.221
3.654
0.85
0.671
0.366
0.277
0.247
0.388
0.913
4.777
4.896
3.548
3.345
1.287
0.481
0.256
0.271
0.219
0.209
0.249
0.249
0.242
0.228
0.211
1.781
3.384
0.843
0.566
0.361
0.246
0.263
0.366
0.956
5.55
5.089
3.893
3.734
1.292
0.514
0.239
0.252
0.234
0.229
0.249
0.251
0.217
0.219
0.225
1.796
3.779
1.146
0.481
0.408
0.294
0.307
0.366
1.238
5.604
5.483
4.234
4.058
1.698
0.448
0.272
0.241
0.238
0.277
0.252
0.258
0.219
0.221
0.858
1.135
0.394
0.278
0.328
0.507
0.525
0.646
0.63
0.972
3.348
2.689
2.095
2.423
1.422
0.459
0.252
0.209
0.238
0.277
0.269
0.266
0.193
0.225
0.562
0.767
0.867
0.719
0.356
0.543
0.525
0.9
0.763
1.524
5.279
3.904
2.748
3.147
1.46
0.459
0.232
0.287
0.247
0.229
0.221
0.229
0.232
0.239
0.217
2.875
4.642
1.405
0.587
0.4
0.243
0.263
0.384
1.507
5.729
4.889
4.295
4.237
2.237
0.469
0.233
0.249
0.239
0.226
0.243
0.247
0.217
0.225
0.215
1.796
4.907
2.084
0.587
0.342
0.243
0.338
0.427
1.641
5.729
4.889
4.403
4.315
2.32
0.477
0.229
0.275
0.273
0.205
0.214
0.247
0.232
0.268
0.215
2.352
5.505
2.787
0.734
0.342
0.294
0.324
0.495
1.631
5.362
4.298
4.295
4.126
2.213
0.583
0.245
0.279
0.273
0.241
0.24
0.26
0.237
0.268
0.215
2.177
4.907
2.643
0.607
0.4
0.397
0.41
0.519
2.303
5.205
4.242
4.214
3.877
2.213
0.578
0.254
0.299
0.265
0.287
0.227
0.26
0.266
0.265
0.216
1.681
5.121
2.822
0.607
0.362
0.404
0.422
0.711
2.907
5.667
4.939
4.211
3.872
1.815
0.454
0.253
0.225
0.238
0.245
0.273
0.266
0.211
0.231
0.576
1.256
0.963
0.72
0.396
0.559
0.802
1.103
1.664
2.43
5.798
4.695
3.154
3.303
2.282
0.577
0.263
0.254
0.23
0.207
0.253
0.254
0.235
0.215
0.563
1.248
0.929
1.762
0.447
0.559
0.77
0.9
1.886
3.052
6.403
4.943
3.446
3.657
2.977
1.228
0.271
0.297
0.252
0.253
0.263
0.252
0.259
0.265
0.201
2.96
6.078
2.149
0.818
0.381
0.328
0.359
0.711
3.171
5.093
4.538
4.283
3.916
1.84
0.454
0.286
0.256
0.246
0.264
0.257
0.277
0.248
0.231
0.203
1.898
5.783
1.945
0.75
0.391
0.424
0.422
0.714
3.239
5.001
4.574
4.344
3.926
1.84
0.419
0.259
0.262
0.246
0.291
0.245
0.264
0.25
0.231
0.216
1.898
5.388
2.509
0.565
0.401
0.522
0.375
1.243
3.905
5.614
5.697
4.344
3.947
2.027
0.509
0.397
0.34
0.276
0.351
0.31
0.293
0.332
0.279
0.243
2.615
4.841
1.296
0.419
0.319
0.445
0.371
1.172
3.905
5.614
5.697
4.614
4.414
2.043
0.375
0.276
0.233
0.208
0.306
0.26
0.293
0.233
0.191
0.216
2.458
4.967
1.234
0.508
0.327
0.494
0.372
0.702
3.842
6.406
6.308
4.68
4.484
2.467
0.394
0.586
0.257
0.239
0.234
0.228
0.23
0.238
0.212
0.357
1.89
0.915
1.762
0.396
0.522
0.728
0.879
2.625
3.605
6.347
5.208
3.803
3.839
3.064
1.241
0.601
0.255
0.226
0.191
0.208
0.256
0.239
0.21
0.341
1.852
0.912
2.386
0.51
0.522
0.637
0.974
3.475
4.25
6.454
4.884
4.219
4.135
3.356
1.306
0.24
0.206
0.253
0.249
0.258
0.276
0.2
0.217
0.229
3.517
5.683
1.111
0.582
0.362
0.492
0.345
0.491
3.386
5.868
5.527
4.68
4.484
3.05
0.534
0.22
0.243
0.267
0.245
0.225
0.258
0.208
0.259
0.224
2.329
5.721
2.134
0.582
0.477
0.937
0.459
1.041
3.262
5.659
5.296
4.63
4.454
3.317
0.846
0.216
0.244
0.254
0.227
0.232
0.243
0.224
0.259
0.227
2.748
5.517
1.939
0.554
0.547
0.506
0.666
1.076
3.233
5.653
5.193
4.656
4.448
3.581
1.048
0.216
0.244
0.245
0.22
0.235
0.236
0.224
0.263
0.209
3.015
5.695
1.164
0.548
0.62
0.635
0.783
0.709
3.259
5.442
4.379
4.54
4.448
3.546
0.962
0.192
0.219
0.244
0.206
0.219
0.217
0.192
0.25
0.208
1.904
5.422
1.494
0.533
0.62
0.732
0.784
0.709
3.259
6.441
5.054
4.54
4.519
3.642
0.992
0.302
0.234
0.226
0.227
0.218
0.227
0.222
0.204
0.341
2.342
0.981
2.347
0.448
0.584
1.104
1.808
4.06
4.581
6.706
5.241
4.375
4.414
4.089
1.397
0.295
0.239
0.231
0.265
0.218
0.202
0.227
0.193
0.375
2.427
0.981
2.04
0.438
0.628
1.178
2.534
4.094
4.209
5.791
4.978
4.262
4.414
4.089
1.425
0.201
0.235
0.245
0.215
0.209
0.222
0.202
0.261
0.204
2.608
5.982
1.708
0.503
0.445
0.586
0.699
0.663
3.036
5.714
4.507
4.676
4.51
3.642
0.992
0.216
0.232
0.218
0.23
0.215
0.222
0.212
0.227
0.204
1.39
4.958
1.689
0.783
0.493
0.615
0.73
0.686
3.011
5.541
4.209
4.676
4.508
3.437
0.775
0.258
0.223
0.192
0.246
0.222
0.26
0.215
0.193
0.22
1.281
4.377
1.689
0.483
0.481
0.406
0.541
0.665
2.825
5.541
4.219
4.444
4.278
3.252
0.585
0.233
0.213
0.22
0.252
0.206
0.227
0.194
0.205
0.236
0.623
4.44
2.162
0.608
0.485
0.599
0.47
0.645
2.868
5.344
4.053
4.181
3.979
2.522
0.471
0.28
0.213
0.225
0.238
0.198
0.241
0.215
0.198
0.258
0.228
4.165
2.061
0.604
0.543
0.406
0.459
0.645
2.868
5.241
4.068
4.215
3.933
1.889
0.402
0.333
0.251
0.224
0.27
0.214
0.237
0.241
0.192
0.388
2.297
0.895
2.082
0.382
0.687
0.911
2.273
3.801
4.197
5.97
4.785
4.052
4.138
3.264
1.396
0.319
0.24
0.224
0.278
0.21
0.223
0.215
0.204
0.674
3.153
0.897
0.981
0.24
0.687
0.911
2.273
3.801
4.197
4.808
3.565
3.224
3.125
2.302
0.602
0.289
0.214
0.218
0.243
0.216
0.234
0.221
0.185
0.275
1.725
4.574
1.956
0.62
0.508
0.312
0.474
1.111
3.456
5.241
4.068
4.215
3.574
1.245
0.333
0.265
0.196
0.22
0.232
0.206
0.233
0.211
0.177
0.275
0.208
3.89
2.454
0.874
0.535
0.4
0.495
1.723
3.696
5.552
4.035
4.092
3.483
0.819
0.357
0.259
0.2
0.202
0.211
0.214
0.248
0.199
0.184
0.238
0.208
3.959
2.457
0.559
0.584
0.374
0.618
2.509
4.233
5.605
4.493
4.207
3.411
0.819
0.357
0.227
0.192
0.206
0.199
0.234
0.21
0.186
0.191
0.231
0.56
3.457
2.142
0.506
0.593
0.371
0.558
2.911
4.319
5.88
4.778
4.152
3.352
0.942
0.455
0.266
0.21
0.206
0.199
0.268
0.248
0.207
0.191
0.273
0.736
2.829
1.551
0.368
0.552
0.288
0.536
3.028
4.524
6.543
5.519
4.214
3.334
0.976
0.463
0.297
0.237
0.218
0.245
0.207
0.225
0.24
0.212
0.647
2.144
0.848
0.991
0.272
0.64
0.821
2.161
2.941
3.332
4.271
3.202
2.889
2.76
1.457
0.518
0.275
0.237
0.215
0.282
0.224
0.209
0.235
0.198
0.646
2.195
0.686
0.389
0.272
0.64
0.962
2.186
2.119
3.332
4.271
3.56
2.555
2.449
1.273
0.518
0.254
0.201
0.203
0.194
0.263
0.225
0.193
0.223
0.358
0.785
2.37
1.244
0.704
0.499
0.268
0.416
2.68
4.38
6.485
5.519
3.862
2.963
0.924
0.444
0.319
0.254
0.251
0.245
0.313
0.303
0.261
0.29
0.336
0.512
1.768
1.372
0.658
0.563
0.26
0.435
2.469
4.305
5.978
4.722
3.495
3.027
0.924
0.457
0.342
0.271
0.262
0.255
0.318
0.292
0.293
0.29
0.444
0.758
1.587
0.997
0.293
0.617
0.26
0.417
2.098
4.391
6.067
5.259
3.229
2.987
1.115
0.461
0.377
0.296
0.269
0.261
0.292
0.289
0.336
0.302
0.453
0.832
1.587
0.727
0.327
0.656
0.283
0.417
1.673
4.391
5.872
5.036
3.136
2.994
0.819
0.397
0.377
0.334
0.278
0.261
0.27
0.291
0.336
0.337
0.46
0.627
1.44
0.727
0.717
0.796
0.397
0.427
1.482
4.534
5.7
4.864
3.097
3.004
0.739
0.337
0.275
0.231
0.203
0.243
0.215
0.249
0.227
0.204
0.418
1.755
0.66
0.411
0.282
0.673
0.962
1.897
1.796
2.901
3.692
3.282
2.4
2.36
0.742
0.492
0.283
0.22
0.199
0.23
0.21
0.272
0.222
0.204
0.39
1.688
0.66
0.411
0.327
0.653
0.891
1.305
1.34
2.44
4.839
4.527
3.174
3.059
1.395
0.984
0.315
0.265
0.238
0.209
0.202
0.214
0.274
0.273
0.439
0.712
1.6
1.196
0.807
0.773
0.393
0.398
1.314
4.195
5.065
4.262
3.097
2.926
0.698
0.346
0.329
0.271
0.238
0.209
0.202
0.214
0.295
0.249
0.346
0.712
1.6
1.609
0.704
0.725
0.373
0.513
1.458
3.766
5.065
4.208
3.18
3.002
1.025
0.406
0.336
0.249
0.212
0.193
0.191
0.196
0.277
0.232
0.266
0.658
1.359
1.68
0.981
0.67
0.494
0.505
1.64
3.738
4.574
4.92
3.392
3.016
1.461
0.432
0.299
0.251
0.203
0.182
0.192
0.189
0.242
0.256
0.224
0.418
1.428
2.888
1.363
0.72
0.631
1.125
1.868
3.194
4.124
4.054
3.392
2.959
1.607
0.477
0.303
0.268
0.228
0.195
0.196
0.189
0.242
0.281
0.255
0.614
1.495
3.147
1.756
1.089
1.06
1.593
2.263
3.164
3.629
3.615
3.247
2.879
2.084
1.024
0.859
0.2
0.199
0.221
0.234
0.261
0.198
0.191
0.637
1.396
0.963
0.47
0.332
1.18
1.158
1.305
1.34
2.465
4.484
4.313
2.899
2.827
1.38
1.025
0.315
0.2
0.199
0.258
0.254
0.292
0.236
0.191
0.719
1.396
1.445
1.036
0.716
1.718
1.783
1.903
1.893
2.912
4.484
4.313
2.916
2.854
1.842
1.577
0.349
0.836
0.813
0.794
0.776
0.778
0.846
0.826
0.825
1.133
1.745
3.114
1.929
1.457
1.499
2.072
2.455
2.766
3.131
3.401
3.093
2.747
2.546
1.586
1.42
1.444
1.383
1.363
1.359
1.369
1.456
1.414
1.368
1.393
1.704
2.441
2.228
2.013
2.067
2.619
2.527
2.567
2.778
2.934
2.851
2.705
2.561
2.124
2.026
2.019
1.98
1.964
1.961
1.979
2.044
1.979
1.959
1.93
2.188
2.564
2.509
2.551
2.505
2.531
2.543
2.603
2.607
2.562
2.533
2.593
2.53
2.595
2.579
2.597
2.573
2.566
2.558
2.598
2.628
2.543
2.544
2.489
2.512
2.597
2.566
2.557
2.522
2.54
2.538
2.588
2.581
2.54
2.515
2.54
2.581
2.595
2.579
2.597
2.573
2.589
2.594
2.606
2.628
2.546
2.548
2.5
2.535
2.554
2.576
2.545
2.512
2.54
2.553
2.588
2.55
2.531
2.519
2.577
2.587
2.586
2.546
0.795
0.786
0.855
0.848
0.871
0.815
0.788
1.302
1.954
1.952
1.586
1.264
2.242
2.316
2.353
2.26
3.119
4.266
4.249
2.848
2.79
2.253
2.119
0.947
1.402
1.406
1.409
1.42
1.437
1.417
1.416
1.884
2.478
2.211
2.018
1.434
2.638
2.567
2.644
2.577
2.639
3.222
3.5
2.698
2.636
2.119
2.057
1.467
2.587
2.578
2.612
2.607
2.576
2.62
2.549
2.556
2.516
2.505
2.519
2.562
2.542
2.512
2.522
2.528
2.584
2.53
2.522
2.519
2.548
2.564
2.575
2.534
2.574
2.572
2.586
2.605
2.596
2.638
2.543
2.55
2.516
2.5
2.534
2.535
2.526
2.517
2.523
2.541
2.578
2.504
2.51
2.519
2.551
2.555
2.577
2.543
2.574
2.572
2.587
2.633
2.618
2.619
2.542
2.557
2.52
2.529
2.528
2.511
2.508
2.522
2.545
2.543
2.546
2.494
2.492
2.504
2.576
2.557
2.561
2.543
2.577
2.568
2.607
2.637
2.596
2.598
2.549
2.56
2.536
2.542
2.493
2.508
2.516
2.558
2.581
2.552
2.521
2.501
2.488
2.516
2.564
2.557
2.534
2.536
2.579
2.581
2.621
2.617
2.581
2.585
2.555
2.587
2.535
2.528
2.482
2.497
2.534
2.566
2.581
2.539
2.495
2.511
2.488
2.502
2.564
2.53
2.526
2.559
2.036
2.016
2.011
2.0
1.998
2.025
2.046
2.41
2.514
2.45
2.489
2.023
2.604
2.515
2.538
2.513
2.523
2.993
3.044
2.565
2.513
2.491
2.532
2.084
2.623
2.606
2.583
2.605
2.576
2.616
2.629
2.598
2.535
2.516
2.49
2.527
2.613
2.534
2.557
2.543
2.534
2.59
2.617
2.549
2.513
2.486
2.532
2.612
2.585
2.581
2.61
2.595
2.597
2.619
2.575
2.587
2.517
2.506
2.504
2.499
2.54
2.58
2.567
2.542
2.524
2.509
2.487
2.482
2.531
2.547
2.553
2.564
2.591
2.594
2.61
2.606
2.613
2.632
2.592
2.567
2.503
2.509
2.496
2.506
2.533
2.556
2.564
2.543
2.521
2.542
2.473
2.472
2.525
2.538
2.545
2.603
2.591
2.611
2.617
2.598
2.609
2.638
2.597
2.561
2.505
2.509
2.505
2.495
2.529
2.556
2.551
2.527
2.522
2.538
2.494
2.471
2.519
2.513
2.551
2.602
2.583
2.604
2.617
2.598
2.609
2.625
2.597
2.551
2.495
2.509
2.536
2.508
2.531
2.542
2.528
2.534
2.545
2.541
2.49
2.469
2.506
2.536
2.579
2.596
2.586
2.599
2.593
2.604
2.631
2.64
2.592
2.542
2.489
2.509
2.562
2.511
2.53
2.528
2.511
2.52
2.581
2.526
2.486
2.456
2.499
2.546
2.605
2.599
2.639
2.635
2.611
2.606
2.587
2.626
2.654
2.631
2.546
2.516
2.503
2.551
2.612
2.576
2.554
2.53
2.516
2.545
2.61
2.54
2.517
2.502
2.543
2.622
2.631
2.635
2.586
2.578
2.596
2.637
2.642
2.6
2.532
2.519
2.509
2.546
2.628
2.534
2.534
2.53
2.497
2.556
2.611
2.525
2.511
2.491
2.538
2.619
2.591
2.586
2.58
2.618
2.65
2.64
2.573
2.54
2.489
2.491
2.584
2.53
2.52
2.521
2.525
2.529
2.607
2.503
2.466
2.457
2.507
2.546
2.625
2.566
2.599
2.599
2.586
2.627
2.645
2.636
2.58
2.548
2.507
2.51
2.584
2.53
2.52
2.503
2.525
2.524
2.573
2.522
2.466
2.47
2.519
2.546
2.625
2.585
2.578
2.584
2.586
2.609
2.645
2.652
2.58
2.545
2.505
2.513
2.584
2.526
2.524
2.503
2.512
2.52
2.571
2.522
2.502
2.47
2.537
2.605
2.625
2.581
2.574
2.584
2.588
2.645
2.648
2.633
2.598
2.553
2.514
2.539
2.594
2.557
2.541
2.541
2.547
2.527
2.557
2.548
2.516
2.51
2.592
2.668
2.624
2.593
2.59
2.587
2.598
2.641
2.626
2.643
2.631
2.575
2.524
2.556
2.603
2.605
2.563
2.566
2.551
2.507
2.543
2.576
2.562
2.544
2.616
2.692
2.643
2.605
2.601
2.639
2.576
2.576
2.588
2.615
2.611
2.593
2.532
2.531
2.522
2.523
2.605
2.543
2.552
2.53
2.497
2.52
2.596
2.513
2.504
2.514
2.551
2.592
2.581
2.638
2.605
2.568
2.588
2.615
2.591
2.582
2.553
2.559
2.522
2.523
2.588
2.529
2.566
2.542
2.52
2.518
2.565
2.513
2.527
2.525
2.593
2.593
2.603
2.591
2.615
2.627
2.611
2.66
2.664
2.581
2.541
2.586
2.608
2.654
2.592
2.567
2.587
2.522
2.526
2.59
2.579
2.564
2.63
2.71
2.639
2.608
2.597
2.596
2.641
2.629
2.611
2.67
2.664
2.589
2.555
2.596
2.593
2.644
2.592
2.573
2.593
2.52
2.51
2.607
2.579
2.565
2.63
2.731
2.637
2.611
2.579
2.587
2.641
2.636
2.645
2.649
2.638
2.587
2.546
2.581
2.609
2.657
2.569
2.573
2.571
2.52
2.52
2.632
2.538
2.565
2.622
2.692
2.614
2.617
2.599
2.593
2.653
2.636
2.683
2.629
2.605
2.61
2.553
2.611
2.612
2.671
2.567
2.558
2.598
2.534
2.536
2.62
2.519
2.551
2.583
2.68
2.61
2.607
2.595
2.595
2.658
2.62
2.73
2.623
2.58
2.592
2.554
2.586
2.613
2.645
2.536
2.547
2.575
2.532
2.533
2.639
2.537
2.537
2.563
2.647
2.592
2.617
2.578
2.629
2.595
2.573
2.605
2.629
2.591
2.57
2.551
2.573
2.52
2.523
2.575
2.541
2.56
2.533
2.519
2.518
2.582
2.525
2.54
2.535
2.617
2.593
2.59
2.621
2.593
2.571
2.615
2.671
2.606
2.584
2.551
2.547
2.509
2.555
2.547
2.535
2.548
2.532
2.532
2.545
2.592
2.527
2.526
2.532
2.636
2.61
2.609
2.591
2.631
2.619
2.748
2.635
2.595
2.585
2.554
2.554
2.589
2.63
2.554
2.534
2.563
2.537
2.534
2.661
2.537
2.532
2.549
2.609
2.589
2.617
2.596
2.6
2.625
2.61
2.78
2.635
2.554
2.582
2.543
2.521
2.58
2.628
2.49
2.528
2.53
2.527
2.522
2.694
2.536
2.515
2.538
2.598
2.591
2.666
2.609
2.6
2.617
2.598
2.766
2.639
2.567
2.572
2.531
2.505
2.58
2.65
2.56
2.528
2.552
2.537
2.545
2.729
2.582
2.528
2.552
2.603
2.609
2.726
2.644
2.602
2.633
2.598
2.737
2.673
2.605
2.582
2.523
2.535
2.58
2.628
2.545
2.526
2.535
2.506
2.867
3.691
3.487
3.446
3.117
3.162
2.816
2.771
2.648
2.611
2.616
2.595
2.713
2.69
2.651
2.573
2.526
2.582
2.583
2.615
2.179
2.005
2.104
2.048
2.844
4.856
4.938
5.081
4.428
4.367
3.184
2.823
2.579
2.599
2.565
2.568
2.646
2.682
2.586
2.575
2.552
2.548
2.53
2.57
2.532
2.526
2.52
2.533
2.563
2.599
2.597
2.548
2.528
2.53
2.664
2.614
2.601
2.635
2.574
2.569
2.655
2.686
2.619
2.584
2.575
2.563
2.571
2.554
2.491
2.526
2.52
2.577
2.616
2.656
2.597
2.596
2.555
2.552
2.703
2.64
2.671
2.622
2.633
2.602
2.665
2.69
2.653
2.581
2.549
2.572
2.549
2.134
1.973
1.536
1.604
2.076
3.253
5.883
6.153
5.948
5.101
4.778
3.481
2.879
2.672
2.651
2.66
2.623
2.651
2.684
2.65
2.593
2.628
2.656
2.653
2.216
1.987
1.582
1.648
2.116
3.794
6.804
6.97
6.818
6.05
5.562
4.03
3.071
2.705
2.699
2.701
2.645
2.651
2.745
2.697
2.614
2.695
2.81
2.803
2.322
2.109
1.661
1.727
2.219
4.428
6.804
6.97
6.818
6.248
6.303
4.301
3.311
2.927
2.995
3.022
2.951
2.981
3.098
3.008
2.807
2.727
2.878
3.011
2.346
2.112
1.77
1.723
2.222
4.261
6.458
6.321
5.937
5.725
5.678
4.186
3.309
2.915
3.06
3.031
2.951
2.977
3.057
2.994
2.798
2.801
2.975
2.955
2.352
2.476
2.288
2.352
2.734
4.412
6.737
6.558
5.673
5.725
5.522
4.186
3.309
2.621
2.63
2.602
2.585
2.676
2.718
2.641
2.597
2.675
2.609
2.539
2.423
2.063
2.119
2.52
2.666
3.078
3.316
3.32
3.277
3.297
3.237
3.119
2.79
2.643
2.634
2.602
2.612
2.681
2.748
2.657
2.61
2.714
2.639
2.575
2.448
2.104
2.138
2.527
2.628
3.084
3.346
3.375
3.336
3.309
3.264
3.088
2.79
2.966
3.154
3.042
2.951
2.969
3.083
2.96
2.821
3.002
3.007
3.036
2.83
2.682
2.757
2.867
2.735
4.412
5.83
5.674
5.306
5.251
4.774
3.848
3.117
2.961
3.131
3.048
2.944
2.967
3.126
2.993
2.817
2.973
3.007
3.036
2.838
2.729
2.784
2.87
2.721
3.946
4.806
4.58
4.498
4.622
4.399
3.58
3.032
2.955
3.182
3.081
2.933
2.973
3.156
2.98
2.832
2.983
2.986
2.904
2.704
2.641
2.742
2.712
2.697
3.473
4.122
4.089
4.098
3.847
3.643
3.107
2.74
2.714
2.901
2.787
2.629
2.609
2.801
2.678
2.639
2.782
2.851
2.714
2.567
2.576
2.595
2.641
2.633
3.001
3.519
3.482
3.706
3.0
3.456
2.571
2.152
2.092
2.27
2.209
2.097
2.074
2.205
2.116
2.079
2.354
2.423
2.292
2.08
2.157
2.08
2.14
2.633
2.908
4.389
4.08
3.706
2.991
3.328
2.523
2.152
