0.0
0.0
0.0
0.0
0.0
0.0
0.0
0.0
0.0
0.0
0.0
0.0
0.0
0.0
0.0
0.0
0.0
0.0
0.0
0.0
0.0
0.0
0.0
0.0
0.0
0.0
0.0
0.0
0.0
0.0
0.0
0.0
0.0
0.0
0.0
0.0
0.0
0.0
0.0
0.0
0.0
0.0
0.0
0.0
0.0
0.0
0.0
0.0
0.0
0.0
0.0
0.0
0.0
0.0
0.0
0.0
0.0
0.0
0.0
0.0
0.0
0.0
0.0
0.0
0.0
0.0
0.0
0.0
0.0
0.0
0.0
0.0
0.0
0.0
0.0
0.0
0.0
0.0
0.0
0.0
0.0
0.0
0.0
0.0
0.0
0.0
0.0
0.0
0.0
0.0
0.0
0.0
0.0
0.0
0.0
0.0
0.0
0.0
0.0
0.0
0.0
0.0
0.0
0.0
0.0
0.0
0.0
0.0
0.0
0.0
0.0
0.0
0.0
0.0
0.0
0.0
0.0
0.0
0.0
0.0
0.0
0.0
0.0
0.0
0.0
0.0
0.0
0.0
0.0
0.0
0.0
0.0
0.0
0.0
0.0
0.0
0.0
0.0
0.0
0.0
0.0
0.0
0.0
0.0
0.0
0.0
0.0
0.0
0.0
0.0
0.0
0.0
0.0
0.0
0.0
0.0
0.0
0.0
0.0
0.0
0.0
0.0
0.0
0.0
0.0
0.0
0.0
0.0
0.0
0.0
0.0
0.0
0.0
0.0
0.0
0.0
0.0
0.0
0.0
0.0
0.0
0.0
0.0
0.0
0.0
0.0
0.0
0.0
0.0
0.0
0.0
0.0
0.0
0.0
0.0
0.0
0.0
0.0
0.0
0.0
0.0
0.0
0.0
0.0
0.0
0.0
0.0
0.0
0.0
0.0
0.0
0.0
0.0
0.0
0.0
0.0
0.0
0.0
0.0
0.0
0.0
0.0
0.0
0.0
0.0
0.0
0.0
0.0
0.0
0.0
0.0
0.0
0.0
0.0
0.0
0.0
0.0
0.0
0.0
0.0
0.0
0.0
0.0
0.0
0.0
0.0
0.0
0.0
0.0
0.0
0.0
0.0
0.0
0.0
0.0
0.0
0.0
0.0
0.0
0.0
0.0
0.0
0.0
0.0
0.0
0.0
0.0
0.0
0.0
0.0
0.0
0.0
0.0
0.0
0.0
0.0
0.0
0.0
0.0
0.0
0.0
0.0
0.0
0.0
0.0
0.0
0.0
0.0
0.0
0.0
0.0
0.0
0.0
0.0
0.0
0.0
0.0
0.0
0.0
0.0
0.0
0.0
0.0
0.0
0.0
0.0
0.0
0.0
0.0
0.0
0.0
0.0
0.0
0.0
0.0
0.0
0.0
0.0
0.0
0.0
0.0
0.0
0.0
0.0
0.0
0.0
0.0
0.0
0.0
0.0
0.0
0.0
0.0
0.0
0.0
0.0
0.0
0.0
0.0
0.0
0.0
0.0
0.0
0.0
0.0
0.0
0.0
0.0
0.0
0.0
0.0
0.0
0.0
0.0
0.0
0.0
0.0
0.0
0.0
0.0
0.0
0.0
0.0
0.0
0.0
0.0
0.0
0.0
0.0
0.0
0.0
0.0
0.0
0.0
0.0
0.0
0.0
0.0
0.0
0.0
0.0
0.0
0.0
0.0
0.0
0.0
0.0
0.0
0.0
0.0
0.0
0.0
0.0
0.0
0.0
0.0
0.0
0.0
0.0
0.0
0.0
0.0
0.0
0.0
0.0
0.0
0.0
0.0
0.0
0.0
0.0
0.0
0.0
0.0
0.0
0.0
0.0
0.0
0.0
0.0
0.0
0.0
0.0
0.0
0.0
0.0
0.0
0.0
0.0
0.0
0.0
0.0
0.0
0.0
0.0
0.0
0.0
0.0
0.0
0.0
0.0
0.0
0.0
0.0
0.0
0.0
0.0
0.0
0.0
0.0
0.0
0.0
0.0
0.0
0.0
0.0
0.0
0.0
0.0
0.0
0.0
0.0
0.0
0.0
0.0
0.0
0.0
0.0
0.0
0.0
0.0
0.0
0.0
0.0
0.0
0.0
0.0
0.0
0.0
0.0
0.0
0.0
0.0
0.0
0.0
0.0
0.0
0.0
0.0
0.0
0.0
0.0
0.0
0.0
0.0
0.0
0.0
0.0
0.0
0.0
0.0
0.0
0.0
0.0
0.0
0.276
0.222
0.2
0.254
0.245
0.732
1.868
1.339
1.475
1.345
0.763
0.242
0.235
0.496
0.445
1.427
0.675
1.505
2.166
0.823
1.418
0.905
0.326
0.259
0.26
0.216
0.213
0.256
0.233
0.682
1.738
0.837
1.418
1.345
0.904
0.26
0.253
0.508
0.491
2.106
0.937
1.274
1.32
0.914
1.603
0.667
0.318
0.25
0.26
0.22
0.195
0.258
0.236
0.341
1.306
0.831
1.292
1.043
0.886
0.26
0.268
0.504
0.395
1.146
0.847
0.83
2.277
1.652
1.456
0.728
0.303
0.274
0.255
0.213
0.216
0.256
0.212
0.269
1.5
0.831
1.363
1.043
0.886
0.255
0.259
0.508
0.394
1.711
0.928
1.227
1.35
2.006
1.879
0.488
0.291
0.323
0.257
0.224
0.235
0.215
0.227
0.306
0.927
0.941
1.722
1.486
0.918
0.401
0.459
0.824
1.31
1.133
1.48
2.473
0.961
0.857
1.167
1.029
0.336
0.311
0.266
0.24
0.226
0.217
0.224
0.265
0.801
0.941
1.63
1.499
0.958
0.66
0.491
0.83
0.641
1.137
1.21
2.81
0.928
0.892
1.366
0.978
0.339
0.274
0.249
0.213
0.22
0.256
0.208
0.269
1.183
1.399
1.454
1.018
1.187
0.237
0.271
0.258
0.296
1.517
1.125
1.401
2.278
2.033
1.779
0.488
0.291
0.28
0.247
0.221
0.228
0.256
0.223
0.306
1.285
1.558
1.328
1.005
0.937
0.238
0.26
0.277
0.283
1.517
1.715
1.187
2.481
1.728
1.408
0.562
0.302
0.287
0.254
0.217
0.214
0.254
0.22
0.331
1.438
1.689
1.132
1.193
0.856
0.22
0.243
0.266
0.23
0.931
2.351
1.597
3.676
1.913
1.367
0.563
0.292
0.287
0.259
0.233
0.2
0.249
0.235
0.364
1.767
2.003
0.942
1.12
0.474
0.22
0.237
0.247
0.23
0.346
2.494
2.227
3.822
2.522
1.501
0.758
0.299
0.289
0.27
0.239
0.208
0.246
0.239
0.353
1.998
2.003
0.843
1.076
0.467
0.239
0.235
0.232
0.247
0.533
2.532
3.083
2.667
2.364
1.899
0.712
0.315
0.309
0.244
0.248
0.234
0.203
0.229
0.243
0.834
1.194
1.572
1.811
0.747
0.396
0.262
0.743
1.371
1.255
1.21
3.022
0.928
1.074
0.979
0.943
0.342
0.312
0.281
0.253
0.239
0.222
0.23
0.278
1.166
1.324
1.433
2.505
1.008
0.3
0.262
0.642
1.361
1.039
1.209
2.885
1.102
1.516
0.803
0.624
0.342
0.293
0.284
0.253
0.208
0.246
0.255
0.455
1.998
1.44
0.625
1.159
0.552
0.247
0.247
0.251
0.249
0.533
2.069
2.742
2.667
2.126
1.501
0.67
0.354
0.275
0.287
0.253
0.224
0.243
0.255
0.467
2.064
1.207
0.625
0.942
0.499
0.247
0.245
0.251
0.249
0.685
2.1
3.476
1.766
2.168
1.611
0.627
0.356
0.27
0.303
0.237
0.234
0.243
0.243
0.516
2.173
1.351
0.866
0.962
0.499
0.331
0.253
0.249
0.252
0.685
1.421
3.243
1.418
1.97
1.787
0.437
0.35
0.257
0.297
0.224
0.245
0.243
0.232
0.52
2.626
1.463
0.955
0.786
0.837
0.335
0.269
0.233
0.257
0.595
1.421
3.296
1.323
1.875
2.06
0.43
0.37
0.268
0.297
0.215
0.252
0.242
0.221
0.417
2.648
1.463
1.144
0.786
1.444
0.627
0.348
0.231
0.267
0.591
0.879
2.497
1.552
1.467
2.052
0.407
0.342
0.298
0.263
0.237
0.259
0.244
0.23
0.291
1.661
1.393
0.887
2.34
1.2
0.569
0.295
0.815
1.439
1.039
1.172
3.15
1.386
1.627
0.837
0.635
0.342
0.277
0.288
0.243
0.252
0.252
0.225
0.291
1.339
1.367
0.521
2.347
1.2
0.578
0.278
0.712
1.439
1.039
1.341
2.534
1.512
2.205
0.967
0.421
0.354
0.255
0.291
0.196
0.257
0.239
0.205
0.468
2.531
1.654
1.639
0.813
1.444
0.615
0.35
0.242
0.252
0.521
1.007
1.796
1.698
1.296
1.561
0.371
0.318
0.255
0.278
0.195
0.255
0.234
0.205
0.391
1.922
1.654
1.819
0.913
1.519
0.549
0.282
0.218
0.25
0.351
1.161
2.112
1.79
1.467
2.101
0.38
0.295
0.282
0.269
0.206
0.245
0.239
0.197
0.434
1.646
1.914
1.788
0.898
1.41
0.557
0.282
0.207
0.266
0.351
1.142
1.361
2.06
1.391
1.928
0.357
0.301
0.292
0.256
0.226
0.241
0.239
0.212
0.448
1.657
1.76
1.602
0.719
0.791
0.248
0.291
0.207
0.286
0.606
1.283
1.361
2.317
1.769
1.696
0.34
0.337
0.307
0.245
0.245
0.22
0.243
0.214
0.527
1.657
1.705
1.619
1.054
0.741
0.246
0.276
0.225
0.272
0.624
0.865
1.361
2.253
2.065
1.696
0.364
0.334
0.297
0.32
0.277
0.269
0.288
0.235
0.301
1.555
1.769
0.844
1.831
1.09
1.459
0.83
0.777
0.762
1.312
1.138
2.503
1.547
2.205
1.112
0.399
0.323
0.298
0.322
0.257
0.285
0.285
0.232
0.337
1.669
1.403
0.948
2.502
1.249
1.195
0.814
0.65
0.611
1.274
0.89
2.892
1.909
2.279
1.107
0.399
0.342
0.302
0.245
0.25
0.208
0.252
0.209
0.647
1.936
1.523
1.727
1.097
0.741
0.246
0.26
0.243
0.531
1.127
1.251
1.703
1.76
1.971
1.741
0.374
0.358
0.314
0.237
0.267
0.211
0.25
0.225
0.619
1.989
1.664
1.704
1.165
0.95
0.308
0.257
0.258
0.528
1.602
1.058
1.926
1.414
2.066
2.338
0.436
0.361
0.308
0.231
0.278
0.2
0.25
0.228
0.729
2.253
2.013
1.77
1.102
0.898
0.361
0.257
0.265
0.521
1.607
1.026
1.68
1.307
1.737
2.278
0.579
0.361
0.291
0.244
0.266
0.223
0.241
0.23
0.788
2.489
1.854
2.053
1.102
0.904
0.356
0.26
0.268
0.506
1.024
0.859
2.148
1.32
2.029
2.388
0.573
0.351
0.3
0.244
0.25
0.232
0.242
0.208
0.74
2.493
2.316
2.537
1.528
1.007
0.396
0.237
0.268
0.366
1.12
0.994
2.147
0.99
2.029
2.808
0.624
0.364
0.32
0.354
0.286
0.317
0.321
0.254
0.388
2.14
1.357
0.609
2.597
1.84
2.378
1.189
0.926
0.577
1.054
1.134
2.537
2.086
2.923
1.299
0.384
0.358
0.309
0.328
0.234
0.311
0.295
0.227
0.422
1.906
1.147
0.545
2.05
1.74
2.405
1.2
0.947
0.587
0.851
1.901
2.296
1.977
2.753
1.455
0.372
0.32
0.317
0.256
0.255
0.252
0.242
0.231
0.711
1.913
2.697
2.685
1.038
0.697
0.394
0.257
0.261
0.371
1.116
0.994
1.61
0.718
1.594
2.388
0.777
0.354
0.314
0.259
0.242
0.274
0.227
0.262
0.592
1.845
2.712
2.682
0.575
0.49
0.333
0.252
0.27
0.222
0.91
0.994
1.166
0.716
1.594
2.287
0.619
0.353
0.301
0.273
0.219
0.27
0.23
0.25
0.704
2.081
2.451
3.311
0.664
0.383
0.285
0.262
0.26
0.259
0.569
0.83
1.439
0.751
2.037
2.237
0.596
0.358
0.311
0.304
0.225
0.3
0.27
0.273
0.713
2.031
2.012
2.814
0.548
0.274
0.268
0.248
0.267
0.258
0.543
0.738
1.988
1.178
2.293
2.026
0.404
0.374
0.32
0.303
0.239
0.3
0.284
0.27
0.596
1.772
2.29
2.692
0.871
0.273
0.268
0.258
0.251
0.279
0.521
0.654
1.728
1.052
2.17
2.075
0.399
0.389
0.335
0.328
0.261
0.284
0.27
0.252
0.434
1.544
1.268
0.883
1.698
1.167
1.429
0.857
0.627
0.468
0.792
1.855
1.647
2.106
3.407
1.556
0.35
0.329
0.354
0.313
0.286
0.28
0.268
0.254
0.434
1.954
1.671
0.849
1.634
1.167
1.408
0.859
0.607
0.502
0.792
1.531
1.618
1.973
2.501
1.455
0.334
0.321
0.304
0.311
0.247
0.3
0.287
0.288
1.009
1.592
1.58
1.676
0.536
0.25
0.247
0.274
0.227
0.263
0.22
0.466
1.687
1.229
2.194
1.734
0.352
0.364
0.277
0.287
0.238
0.257
0.259
0.242
1.067
1.68
1.373
1.525
0.571
0.247
0.234
0.273
0.207
0.285
0.39
0.806
1.992
1.362
2.374
1.98
0.314
0.377
0.28
0.293
0.238
0.253
0.259
0.235
1.147
1.629
1.637
1.821
0.705
0.262
0.241
0.287
0.189
0.289
0.209
0.806
2.214
1.483
2.696
1.639
0.314
0.369
0.28
0.292
0.23
0.263
0.24
0.258
1.037
1.494
1.62
1.174
0.684
0.27
0.245
0.276
0.213
0.281
0.232
0.806
1.674
1.483
2.652
1.156
0.297
0.351
0.26
0.29
0.203
0.26
0.212
0.252
0.58
1.499
2.024
1.448
0.784
0.384
0.235
0.255
0.225
0.257
0.249
0.828
1.483
1.483
2.413
1.189
0.299
0.35
0.335
0.287
0.248
0.266
0.225
0.246
0.444
2.281
1.394
0.636
1.632
1.413
0.547
0.495
0.314
0.399
0.409
1.402
1.922
1.973
2.822
1.324
0.316
0.316
0.337
0.262
0.271
0.25
0.241
0.246
0.499
2.488
1.61
0.921
1.175
1.285
1.498
0.859
0.505
0.399
0.401
1.402
1.618
1.566
2.48
1.056
0.303
0.267
0.254
0.302
0.183
0.285
0.188
0.275
0.584
1.591
1.81
1.448
0.784
0.444
0.27
0.23
0.243
0.244
0.248
0.847
1.456
1.383
2.782
1.3
0.308
0.346
0.251
0.279
0.187
0.271
0.19
0.272
0.468
1.657
2.018
1.535
1.069
0.654
0.298
0.246
0.24
0.25
0.444
1.114
1.705
1.308
2.561
1.816
0.346
0.342
0.252
0.279
0.187
0.279
0.191
0.279
0.392
1.596
1.968
1.327
1.116
0.911
0.383
0.221
0.275
0.251
0.51
0.839
1.371
1.346
2.5
1.628
0.339
0.3
0.26
0.253
0.212
0.256
0.2
0.277
0.378
1.596
1.968
1.103
1.178
0.709
0.37
0.185
0.306
0.228
0.509
0.489
1.371
1.549
2.131
1.882
0.356
0.292
0.247
0.251
0.22
0.247
0.212
0.268
0.387
1.596
2.229
1.434
1.272
0.842
0.367
0.204
0.285
0.256
0.488
0.563
1.719
1.958
1.736
2.059
0.38
0.313
0.318
0.234
0.265
0.22
0.219
0.238
0.46
2.032
1.279
0.921
0.841
0.858
1.498
0.629
0.339
0.291
0.352
0.576
1.582
1.4
2.282
0.767
0.309
0.236
0.321
0.238
0.275
0.22
0.22
0.246
0.453
1.835
1.728
1.229
0.841
0.546
1.469
0.6
0.228
0.275
0.253
0.497
1.049
0.965
1.786
0.472
0.282
0.232
0.263
0.255
0.22
0.249
0.21
0.268
0.371
1.457
2.45
1.843
1.504
0.95
0.415
0.204
0.278
0.256
0.478
0.5
2.144
2.258
1.795
2.019
0.38
0.321
0.248
0.254
0.22
0.249
0.215
0.262
0.327
1.401
2.336
1.549
1.401
1.015
0.399
0.232
0.294
0.315
0.487
0.579
2.786
2.263
1.566
1.743
0.639
0.324
0.246
0.288
0.196
0.266
0.204
0.262
0.344
1.295
2.172
1.498
1.312
0.93
0.328
0.224
0.294
0.323
0.235
0.579
2.602
2.263
1.566
1.563
0.616
0.348
0.242
0.312
0.169
0.282
0.197
0.249
0.32
1.206
2.245
1.517
1.312
0.718
0.29
0.231
0.269
0.281
0.222
0.559
2.957
2.532
1.717
1.693
0.631
0.348
0.242
0.312
0.169
0.282
0.202
0.23
0.32
1.206
2.164
1.517
1.267
0.716
0.278
0.268
0.234
0.305
0.222
1.251
3.119
2.088
1.916
1.685
0.631
0.363
0.309
0.237
0.277
0.211
0.238
0.222
0.421
1.659
1.421
0.776
0.668
0.409
1.279
0.402
0.248
0.249
0.613
0.506
1.064
0.823
1.783
0.472
0.295
0.231
0.298
0.251
0.263
0.23
0.234
0.215
0.381
1.218
1.876
0.938
0.637
0.539
1.279
0.416
0.247
0.248
0.211
0.507
0.927
0.923
1.966
0.587
0.369
0.208
0.264
0.29
0.195
0.261
0.213
0.234
0.29
1.264
2.164
1.16
0.987
0.776
0.304
0.262
0.23
0.314
0.217
1.238
2.483
2.201
2.238
1.435
0.839
0.347
0.267
0.252
0.195
0.262
0.213
0.22
0.266
1.192
1.818
0.968
0.743
0.582
0.255
0.262
0.23
0.314
0.215
1.238
1.491
1.646
2.146
1.195
0.574
0.318
0.267
0.242
0.19
0.239
0.225
0.199
0.265
0.95
1.537
0.769
0.491
0.44
0.279
0.23
0.203
0.302
0.198
1.117
0.933
1.328
1.851
0.867
0.331
0.285
0.256
0.212
0.207
0.224
0.205
0.201
0.247
0.735
1.115
0.616
0.319
0.227
0.26
0.226
0.203
0.263
0.205
0.402
0.755
1.101
1.383
0.532
0.272
0.265
0.254
0.179
0.203
0.209
0.22
0.182
0.219
0.531
0.758
0.395
0.18
0.235
0.248
0.21
0.187
0.253
0.223
0.309
0.22
0.549
0.862
0.272
0.211
0.268
0.296
0.239
0.263
0.233
0.234
0.227
0.381
0.967
2.105
1.658
0.663
0.369
1.243
0.388
0.271
0.224
0.218
0.422
0.533
0.827
1.362
0.534
0.371
0.198
0.276
0.215
0.247
0.244
0.201
0.227
0.326
0.721
1.737
0.793
0.642
0.269
0.286
0.225
0.269
0.216
0.2
0.405
0.562
0.822
1.352
0.544
0.365
0.193
0.23
0.169
0.164
0.241
0.204
0.175
0.193
0.219
0.211
0.226
0.147
0.242
0.258
0.183
0.182
0.26
0.212
0.21
0.179
0.25
0.232
0.17
0.193
0.258
0.205
0.164
0.164
0.263
0.204
0.175
0.215
0.219
0.211
0.226
0.147
0.242
0.229
0.195
0.173
0.261
0.236
0.21
0.179
0.25
0.232
0.17
0.192
0.251
0.212
0.185
0.169
0.262
0.226
0.167
0.243
0.389
0.335
0.458
1.044
0.382
0.243
0.222
0.17
0.356
0.415
0.471
1.101
0.682
0.909
0.285
0.192
0.261
0.269
0.164
0.206
0.262
0.233
0.186
0.324
0.55
0.538
0.87
1.131
0.6
0.235
0.248
0.17
0.353
0.49
0.455
1.111
0.858
1.684
0.552
0.525
0.275
0.282
0.208
0.188
0.287
0.233
0.2
0.353
0.746
0.859
1.312
1.673
0.621
0.24
0.22
0.186
0.353
0.531
0.461
1.337
1.574
2.105
0.898
0.99
0.303
0.238
0.255
0.221
0.239
0.2
0.233
0.326
0.706
1.765
0.792
0.638
0.265
0.279
0.184
0.234
0.23
0.195
0.311
0.287
0.523
0.634
0.501
0.343
0.187
0.238
0.242
0.225
0.227
0.195
0.217
0.277
0.553
0.779
0.478
0.675
0.201
0.279
0.207
0.256
0.23
0.463
0.49
0.676
0.821
1.347
0.778
0.567
0.199
0.32
0.252
0.246
0.322
0.24
0.235
0.439
1.173
1.422
2.2
1.871
0.621
0.252
0.232
0.212
0.369
0.569
0.5
1.348
1.574
2.11
0.908
1.015
0.352
0.352
0.258
0.283
0.292
0.262
0.24
0.439
1.37
1.627
2.396
2.302
0.855
0.277
0.239
0.247
0.421
0.569
1.203
2.566
1.885
2.357
1.481
1.353
0.382
0.352
0.267
0.267
0.237
0.259
0.241
0.43
1.669
1.48
2.193
1.641
0.904
0.277
0.241
0.263
0.353
0.411
1.907
2.566
1.748
1.954
1.568
1.384
0.409
0.305
0.267
0.267
0.237
0.254
0.245
0.382
1.895
1.934
2.782
1.641
0.674
0.257
0.244
0.263
0.296
0.411
1.108
2.774
1.318
1.644
1.711
1.197
0.409
0.31
0.268
0.253
0.261
0.228
0.262
0.382
2.026
1.934
2.572
1.992
1.201
0.285
0.263
0.307
0.343
0.412
1.152
2.786
1.893
1.563
1.564
0.766
0.418
0.259
0.262
0.209
0.248
0.184
0.241
0.281
0.708
0.939
0.496
1.0
0.371
0.307
0.539
0.297
0.478
0.388
0.49
0.552
0.926
0.887
0.778
0.483
0.213
0.286
0.239
0.224
0.248
0.177
0.261
0.281
0.68
0.939
0.806
0.951
0.317
0.315
0.609
0.629
1.338
0.646
1.412
0.838
0.903
0.774
0.815
0.344
0.25
0.284
0.239
0.292
0.234
0.228
0.275
0.376
1.895
2.303
1.9
1.649
1.19
0.251
0.297
0.284
0.32
0.448
1.152
2.97
1.466
1.47
1.799
0.447
0.364
0.325
0.234
0.256
0.234
0.203
0.261
0.336
1.731
2.206
1.9
1.85
1.255
0.421
0.292
0.296
0.368
0.497
1.339
3.18
1.468
1.598
2.035
0.442
0.355
0.297
0.263
0.254
0.234
0.203
0.261
0.336
1.432
2.262
1.995
1.86
1.255
0.419
0.299
0.281
0.375
0.747
1.306
2.567
1.637
1.641
1.955
0.442
0.34
0.312
0.286
0.223
0.267
0.196
0.253
0.325
0.982
2.282
2.067
1.796
1.124
0.443
0.293
0.272
0.472
0.99
0.971
2.567
2.001
1.548
1.955
0.849
0.342
0.316
0.309
0.232
0.253
0.212
0.247
0.308
0.581
1.935
1.663
1.695
1.831
0.819
0.257
0.302
0.443
1.03
1.137
1.806
2.433
1.577
1.91
1.115
0.342
0.347
0.251
0.24
0.252
0.189
0.261
0.307
0.743
0.706
0.711
1.152
0.338
0.29
0.641
0.607
1.442
0.857
2.136
1.225
1.357
1.188
1.231
0.367
0.258
0.334
0.275
0.23
0.251
0.208
0.261
0.324
0.755
0.947
1.079
1.172
0.609
0.595
0.696
0.613
2.189
1.186
2.294
1.288
1.378
1.85
1.513
0.587
0.314
0.354
0.333
0.216
0.266
0.216
0.232
0.298
0.324
1.971
1.77
1.658
1.811
0.749
0.226
0.302
0.402
1.03
1.165
1.806
2.001
1.499
1.797
1.542
0.33
0.321
0.333
0.216
0.256
0.241
0.232
0.284
0.312
1.766
2.585
2.022
2.289
1.101
0.226
0.305
0.411
0.998
1.215
2.073
2.026
1.512
1.637
2.123
0.358
0.318
0.315
0.239
0.236
0.258
0.221
0.273
0.312
1.65
1.96
2.168
2.961
0.926
0.242
0.286
0.411
1.181
1.354
2.002
1.975
1.512
1.702
2.123
0.348
0.317
0.327
0.213
0.275
0.235
0.244
0.259
0.379
1.472
1.902
1.915
2.343
0.921
0.238
0.262
0.364
0.905
1.323
1.683
2.365
1.607
2.225
1.81
0.378
0.304
0.276
0.251
0.276
0.222
0.262
0.267
0.4
1.418
2.369
2.352
2.928
1.435
0.243
0.272
0.322
0.845
1.354
1.47
2.521
1.651
2.481
1.611
0.38
0.304
0.288
0.244
0.261
0.201
0.271
0.324
0.783
1.236
1.539
1.269
0.783
0.74
1.93
0.751
2.209
1.186
2.294
1.515
1.643
1.987
1.553
0.916
0.397
0.352
0.315
0.229
0.272
0.199
0.31
0.35
0.771
1.34
2.028
0.93
1.35
1.005
1.637
0.72
2.381
1.213
2.824
2.107
1.492
1.647
1.759
0.941
0.813
0.344
0.276
0.262
0.568
0.207
0.373
0.325
0.41
1.437
2.545
2.64
2.769
1.083
0.278
0.253
0.392
0.766
1.274
1.777
2.012
1.691
2.67
1.608
0.402
0.292
0.305
0.289
0.761
0.229
0.372
0.321
0.428
1.437
2.545
2.691
2.852
1.471
0.311
0.243
0.393
0.73
1.274
2.61
2.675
1.717
2.997
1.544
0.469
0.303
0.568
0.271
0.966
0.401
0.37
0.309
0.429
1.515
2.209
2.809
2.979
0.976
0.341
0.253
0.465
0.829
1.372
2.277
3.407
1.726
2.999
1.49
0.529
0.313
0.788
0.257
1.106
0.531
0.381
0.38
0.393
1.661
2.578
2.867
2.324
0.963
0.346
0.239
0.399
0.573
1.023
2.277
3.407
1.628
2.572
1.53
0.732
0.303
1.037
0.258
1.122
0.738
0.346
0.394
0.372
1.661
2.917
2.867
3.155
1.016
0.346
0.262
0.412
0.436
1.088
2.522
2.973
1.508
2.477
1.662
0.906
0.31
0.595
0.234
0.518
0.217
0.316
0.335
0.55
1.352
2.134
0.728
1.359
1.005
0.422
0.425
1.604
1.212
2.005
1.997
1.261
1.647
1.881
1.341
1.057
0.314
0.862
0.249
0.623
0.407
0.289
0.389
0.434
1.352
2.298
1.153
1.641
1.583
0.342
0.317
0.856
0.945
1.402
1.705
1.533
1.952
2.218
1.703
1.401
0.341
1.158
0.258
0.993
0.8
0.28
0.327
0.367
1.684
2.66
2.525
2.487
0.324
0.303
0.264
0.407
0.436
0.992
3.146
2.697
1.451
2.567
1.669
1.175
0.34
1.268
0.279
0.928
0.936
0.219
0.327
0.385
1.71
2.998
2.567
2.238
0.354
0.275
0.289
0.406
0.473
1.118
2.884
3.164
1.451
2.539
1.615
1.397
0.378
1.3
0.363
0.928
0.937
0.241
0.496
0.495
1.587
3.226
2.219
1.295
0.307
0.234
0.343
0.441
0.53
1.704
2.528
2.784
1.549
2.393
1.701
1.446
0.405
1.311
0.453
0.938
0.964
0.245
0.686
0.715
1.882
3.493
2.421
0.881
0.285
0.216
0.338
0.435
0.538
1.729
3.27
2.784
1.535
2.233
2.018
1.542
0.391
1.409
0.563
0.926
0.998
0.257
0.774
0.847
1.679
3.149
1.83
1.744
0.315
0.196
0.356
0.435
0.611
1.95
3.27
3.029
1.86
2.335
2.181
1.446
0.391
1.104
0.31
0.807
0.63
0.306
0.531
0.434
1.352
2.333
0.944
1.844
2.101
0.353
0.317
0.772
1.056
1.129
0.779
1.111
2.037
2.315
1.938
1.624
0.346
1.094
0.345
1.035
0.632
0.456
0.51
0.481
1.804
2.751
1.151
1.828
2.107
0.342
0.297
0.374
0.74
0.998
0.72
1.111
1.658
2.315
1.852
1.256
0.316
1.262
0.563
0.967
0.86
0.317
0.773
0.891
1.715
2.961
1.552
1.069
0.281
0.204
0.326
0.41
0.611
1.814
3.1
2.937
2.584
2.539
2.204
1.252
0.404
1.161
0.646
0.983
0.944
0.292
0.763
0.891
1.813
2.961
1.692
1.23
0.315
0.204
0.356
0.438
0.594
1.863
2.552
3.19
2.627
2.807
2.173
0.983
0.433
0.948
0.718
0.981
0.912
0.292
0.613
0.798
1.779
2.597
1.692
1.223
0.294
0.231
0.33
0.412
0.557
1.522
2.877
3.214
2.727
2.667
2.193
0.709
0.565
0.712
0.751
0.927
0.795
0.307
0.405
0.615
1.738
2.664
2.322
1.452
0.263
0.258
0.278
0.362
0.518
1.058
2.647
3.031
2.665
3.459
2.454
0.448
0.502
0.435
0.804
0.849
0.795
0.299
0.236
0.615
1.738
2.664
1.577
1.39
0.269
0.279
0.277
0.38
0.518
1.279
1.915
2.574
2.665
3.496
2.253
0.448
0.713
1.071
0.343
1.174
0.632
0.587
0.533
0.475
1.668
2.743
1.147
1.828
2.107
0.302
0.289
0.287
0.633
1.598
1.376
1.319
1.719
2.972
1.852
1.466
0.333
1.071
0.409
1.174
0.727
0.612
0.567
0.695
1.91
2.997
1.394
1.264
1.778
0.293
0.278
0.287
0.607
1.471
1.33
1.215
2.156
3.498
1.909
1.137
0.374
0.435
0.918
0.826
0.835
0.421
0.236
0.651
1.785
2.786
2.292
1.002
0.253
0.279
0.255
0.358
0.417
0.798
1.944
2.159
2.044
3.723
2.061
0.557
0.77
0.423
0.918
0.75
0.908
0.421
0.395
0.874
1.845
2.842
2.592
1.231
0.296
0.268
0.302
0.375
0.416
1.276
1.944
2.672
1.882
3.85
1.607
0.698
0.944
0.515
0.915
0.711
1.031
0.549
0.597
1.209
2.262
2.764
2.348
1.067
0.256
0.273
0.252
0.311
0.318
0.944
1.732
2.388
2.055
2.942
1.812
0.897
0.989
0.609
1.032
0.704
1.213
0.692
0.89
1.387
2.502
3.073
2.292
0.774
0.286
0.267
0.283
0.275
0.355
0.839
1.732
2.072
1.848
2.901
2.26
1.124
1.014
0.717
1.082
0.684
1.302
0.881
1.16
1.482
2.502
2.959
2.295
0.353
0.295
0.24
0.29
0.25
0.362
0.836
1.334
2.072
1.848
2.901
1.944
1.253
1.252
1.118
0.52
1.182
0.639
0.625
0.597
0.737
2.265
3.452
1.611
1.264
1.938
0.293
0.272
0.279
0.56
1.856
2.289
1.414
2.322
3.641
1.723
0.876
0.394
1.019
0.477
1.307
0.409
0.842
0.462
0.881
2.238
2.91
1.516
1.311
2.399
0.487
0.272
0.391
0.576
1.839
3.173
1.414
2.05
2.933
1.642
0.738
0.433
0.892
1.004
0.691
1.291
0.937
1.251
1.292
2.129
2.781
2.602
0.309
0.294
0.205
0.283
0.222
0.291
0.409
1.323
2.523
2.022
2.819
1.729
1.705
1.011
0.764
0.789
0.655
1.247
0.937
1.2
1.375
2.483
2.787
2.286
0.314
0.29
0.231
0.289
0.253
0.36
0.843
1.341
2.546
2.011
2.245
1.806
2.072
0.965
0.764
0.789
0.783
1.069
0.843
1.036
1.287
2.588
3.072
2.807
0.314
0.26
0.255
0.273
0.259
0.352
0.416
1.098
1.929
2.201
2.154
2.162
2.072
0.999
0.633
0.816
0.722
0.737
0.697
0.87
1.287
2.588
3.072
2.807
0.299
0.286
0.231
0.289
0.241
0.367
0.429
1.356
2.008
2.068
2.438
1.969
2.036
0.74
0.705
0.655
0.598
0.713
0.563
0.87
1.386
2.747
2.807
2.232
0.299
0.274
0.231
0.279
0.245
0.288
0.723
1.356
2.035
2.068
3.255
1.969
1.523
0.556
0.767
0.41
1.307
0.407
0.907
0.462
0.884
2.536
3.291
1.771
1.04
1.557
0.461
0.267
0.377
0.323
1.372
3.53
1.658
1.962
2.964
1.495
0.485
0.404
0.993
0.4
1.067
0.403
0.777
0.462
0.68
2.306
2.781
1.681
0.804
1.253
0.428
0.269
0.351
0.377
1.384
3.53
2.034
2.1
3.713
1.54
0.5
0.694
0.572
0.654
0.659
0.465
0.563
0.634
1.265
2.747
2.716
1.352
0.299
0.266
0.269
0.264
0.278
0.27
0.755
1.334
1.984
1.971
2.967
1.963
1.397
0.453
0.515
0.607
0.659
0.298
0.571
0.467
1.689
3.04
2.514
1.402
0.527
0.276
0.307
0.257
0.278
0.339
1.027
2.241
1.984
2.08
3.016
2.129
0.806
0.452
0.703
0.779
0.611
0.391
0.492
0.468
1.46
2.68
1.927
1.351
0.536
0.262
0.318
0.24
0.278
0.265
0.641
1.895
1.861
2.185
3.016
2.122
0.616
0.452
0.706
0.779
0.437
0.391
0.502
0.468
1.655
2.989
1.927
1.351
0.312
0.259
0.294
0.238
0.27
0.251
0.661
1.934
2.587
2.185
2.902
2.037
0.513
0.452
0.987
0.57
0.478
0.415
0.535
0.347
1.104
2.922
2.27
1.71
0.372
0.285
0.325
0.238
0.301
0.284
0.737
1.808
2.781
2.189
3.052
2.162
0.525
0.713
1.111
0.427
0.812
0.436
0.88
0.548
0.921
2.373
3.555
2.79
1.416
2.102
0.756
0.281
0.319
0.335
1.122
3.53
2.383
2.404
3.179
1.366
0.354
0.613
0.8
0.376
0.535
0.353
0.67
0.486
0.715
2.276
3.71
2.512
1.481
2.102
0.755
0.272
0.221
0.281
1.122
3.725
2.949
2.486
2.43
1.38
0.457
0.855
0.734
0.484
0.475
0.331
0.53
0.257
0.825
2.579
2.558
2.262
0.912
0.515
0.375
0.281
0.322
0.273
0.462
1.435
2.869
2.262
3.052
2.008
0.403
0.713
0.72
0.305
0.295
0.327
0.327
0.309
0.808
2.509
2.659
2.262
0.905
0.502
0.363
0.271
0.313
0.334
0.734
2.607
3.255
2.166
2.763
1.985
0.352
0.781
0.853
0.552
0.294
0.342
0.315
0.354
0.808
2.196
2.806
2.118
0.382
0.263
0.339
0.296
0.313
0.279
0.848
1.59
3.448
1.989
2.606
2.077
0.4
0.993
0.769
0.594
0.335
0.502
0.271
0.694
0.824
2.602
2.907
2.823
0.381
0.293
0.316
0.327
0.282
0.319
1.243
2.257
4.011
2.211
3.085
2.23
0.61
1.133
0.836
0.905
0.384
0.68
0.273
0.911
0.828
2.142
2.634
2.294
0.621
0.787
0.35
0.36
0.297
0.365
1.748
2.476
3.561
2.268
3.632
1.946
0.866
1.071
0.8
0.315
0.227
0.259
0.707
0.459
0.704
2.09
3.127
2.375
1.259
1.058
0.748
0.394
0.23
0.298
1.098
3.772
3.289
2.504
2.238
1.554
0.598
0.857
0.731
0.315
0.227
0.347
0.707
0.364
0.588
1.994
3.18
2.421
1.324
0.432
0.584
0.394
0.23
0.342
1.79
3.146
2.783
2.433
2.221
1.568
0.807
0.924
0.63
1.172
0.428
0.703
0.273
0.889
0.864
2.142
2.634
2.132
0.584
0.737
0.287
0.316
0.261
0.328
2.03
2.476
3.424
2.438
3.343
1.56
1.227
1.045
0.788
1.377
0.512
0.854
0.352
0.889
1.021
2.188
2.686
1.625
0.427
0.243
0.251
0.278
0.231
0.373
2.346
2.285
3.173
2.616
2.861
1.633
1.257
1.045
0.891
1.418
0.536
0.957
0.428
0.767
0.951
2.149
2.768
1.941
0.433
0.477
0.284
0.316
0.249
0.328
2.297
1.581
2.782
3.172
2.781
1.704
1.614
0.912
0.773
1.397
0.536
0.886
0.405
0.551
0.726
2.061
3.199
2.183
0.656
0.747
0.675
0.369
0.291
0.433
2.245
1.735
1.929
3.311
2.761
1.51
1.381
0.723
0.657
1.306
0.51
0.877
0.405
0.363
0.665
1.723
3.635
1.775
0.782
1.205
0.996
0.506
0.302
0.41
2.076
1.441
1.75
3.135
2.258
1.45
1.487
0.766
0.881
0.628
0.312
0.347
0.786
0.251
0.625
1.861
2.948
1.896
2.174
1.267
0.761
0.534
0.367
0.467
2.334
3.091
2.83
2.437
2.075
1.399
1.054
0.97
0.777
0.891
0.426
0.407
0.929
0.274
0.604
1.85
3.069
2.012
2.57
1.286
0.761
0.553
0.539
0.911
2.59
3.676
2.627
2.474
1.788
1.328
1.143
1.024
0.689
1.273
0.51
0.805
0.569
0.26
0.568
1.764
3.635
1.775
0.812
1.3
1.134
0.683
0.489
0.502
1.596
1.681
1.75
2.963
2.075
1.557
1.237
0.714
0.752
1.19
0.449
0.877
0.539
0.235
0.535
1.764
3.282
1.556
1.326
1.934
1.288
0.962
0.753
0.783
1.565
2.282
2.233
2.923
2.045
1.872
0.973
0.714
0.694
1.155
0.546
0.912
0.496
0.35
0.535
1.801
3.135
1.367
1.551
2.463
1.545
1.045
0.892
0.883
1.504
2.368
2.382
3.066
1.965
1.91
1.059
0.935
0.663
0.96
0.747
1.047
0.482
0.602
0.592
1.868
3.016
1.113
1.551
2.463
1.288
1.045
1.013
1.11
1.47
2.368
2.859
2.873
1.786
2.024
0.856
1.213
0.794
0.689
1.071
1.204
0.501
0.761
0.638
1.903
2.682
1.132
1.755
2.952
1.264
1.179
0.863
0.98
1.312
2.347
2.859
2.76
1.786
2.291
0.875
1.37
0.741
1.12
0.611
0.517
1.002
0.274
0.604
1.766
2.851
1.659
2.153
1.301
0.761
0.648
0.666
1.077
2.771
3.164
2.31
2.474
1.753
1.286
1.274
0.997
0.804
1.108
0.793
0.841
1.002
0.514
0.568
1.85
2.851
2.281
3.049
1.625
0.807
0.648
0.689
1.077
2.623
2.505
1.937
2.158
1.67
1.486
1.131
0.967
0.833
0.47
1.395
1.373
0.501
1.025
0.64
1.878
2.422
1.299
2.249
3.066
1.366
1.352
1.013
1.144
1.391
2.312
2.835
2.646
1.898
2.289
0.875
1.437
0.867
0.291
1.514
1.475
0.382
1.241
0.571
1.878
2.462
1.639
1.889
2.52
1.26
1.134
0.945
1.144
1.414
2.436
2.434
2.246
2.21
2.289
0.896
1.461
0.835
0.242
1.569
1.475
0.382
1.243
0.565
1.84
2.325
1.903
2.318
2.008
1.127
0.812
0.795
0.97
1.414
2.069
2.097
2.618
2.089
2.001
0.896
1.461
0.829
0.234
1.535
1.429
0.386
1.211
0.565
1.797
2.436
1.846
2.143
1.172
0.729
0.684
0.74
1.209
1.745
2.069
2.372
2.328
2.165
2.228
0.892
1.463
0.799
0.233
1.535
1.437
0.346
1.24
0.605
1.797
2.131
1.846
2.143
1.184
0.694
0.667
0.709
1.094
2.093
2.649
1.901
2.055
2.574
1.938
0.914
1.479
0.792
1.106
1.008
1.113
0.948
0.811
0.589
1.797
2.86
2.281
3.049
1.69
1.08
0.757
0.884
1.673
2.391
2.449
1.788
2.254
1.645
1.372
1.164
1.152
0.792
0.792
1.183
1.359
0.625
1.049
0.55
1.731
2.866
1.962
2.825
1.518
1.096
0.547
0.756
1.733
2.398
2.757
1.98
2.719
1.636
1.518
1.103
1.307
0.802
0.24
1.44
1.445
0.352
1.249
0.648
1.82
2.131
1.69
1.691
0.447
0.326
0.388
0.658
0.994
2.093
2.649
2.548
1.89
2.593
1.722
0.949
1.483
0.75
0.25
1.37
1.373
0.353
1.196
0.71
1.857
2.248
1.69
1.392
0.351
0.284
0.345
0.521
0.587
2.186
3.359
3.194
1.961
2.614
1.601
0.915
1.483
0.687
0.25
1.326
1.336
0.353
1.183
0.749
1.915
2.56
1.291
1.111
0.351
0.289
0.327
0.403
0.521
1.99
2.852
3.116
1.899
2.456
1.867
0.833
1.448
0.636
0.238
1.239
1.325
0.348
1.154
0.839
2.04
2.472
0.83
0.432
0.343
0.259
0.327
0.326
0.515
1.857
2.813
3.369
1.899
2.703
2.027
0.924
1.462
0.681
0.246
1.239
1.377
0.348
1.213
0.85
2.04
2.414
1.231
0.465
0.335
0.294
0.303
0.287
0.431
1.289
1.858
2.759
1.87
2.703
2.026
0.861
1.378
0.771
0.499
1.309
1.546
0.447
1.276
0.585
2.202
2.72
1.698
1.893
1.138
1.188
0.443
0.654
1.144
2.069
2.757
1.899
2.751
1.636
1.889
0.972
1.42
0.803
0.413
1.303
1.546
0.273
1.276
0.662
2.633
3.036
2.297
2.011
1.21
1.209
0.492
0.49
0.658
1.631
2.08
1.68
2.685
1.609
1.856
0.952
1.338
0.679
0.344
1.201
1.314
0.345
1.118
0.826
2.201
2.636
1.483
0.481
0.321
0.259
0.301
0.269
0.431
0.776
0.998
2.744
2.197
2.938
2.093
0.775
1.251
0.679
0.468
1.171
1.267
0.441
0.976
0.864
2.188
2.464
1.509
0.717
0.32
0.258
0.311
0.281
0.468
1.289
1.756
2.31
2.152
2.988
2.262
0.691
1.153
0.801
0.618
1.051
1.324
0.489
0.924
0.819
2.114
2.427
0.992
0.526
0.303
0.257
0.316
0.275
0.454
0.956
0.783
2.31
2.528
2.831
2.42
0.699
1.159
1.005
0.764
1.037
1.381
0.616
0.887
0.789
2.044
2.123
1.636
0.718
0.281
0.26
0.323
0.335
0.409
1.044
1.044
2.311
3.591
2.845
2.217
0.759
1.09
1.105
0.764
0.984
1.355
0.603
0.861
0.66
2.018
2.427
2.127
0.718
0.267
0.264
0.346
0.388
0.434
0.659
1.038
2.366
3.673
2.232
2.334
0.759
1.011
0.801
0.41
1.225
1.47
0.273
1.227
0.566
2.556
2.387
1.92
1.548
0.778
0.681
0.447
0.954
0.9
1.631
1.791
1.546
2.119
1.609
2.111
0.85
1.338
0.807
0.418
1.084
1.372
0.295
1.087
0.657
2.016
1.859
1.131
1.035
0.843
0.708
0.447
0.977
0.944
1.76
2.133
2.005
2.281
1.539
1.88
0.815
1.254
1.205
0.711
0.906
1.288
0.461
0.756
0.633
2.223
2.625
2.127
1.286
0.295
0.235
0.346
0.374
0.416
0.626
1.189
2.318
3.727
2.468
2.238
0.801
0.871
1.209
0.573
0.906
1.308
0.461
0.623
0.629
2.116
2.641
2.014
1.26
0.282
0.253
0.333
0.408
0.33
0.93
1.486
2.507
3.396
2.186
2.53
0.849
0.698
1.125
0.453
0.835
1.273
0.343
0.481
0.607
2.011
2.337
2.365
1.811
0.411
0.252
0.335
0.405
0.371
0.93
1.374
2.241
3.479
2.186
2.738
0.875
0.494
1.125
0.314
0.857
1.219
0.272
0.346
0.597
2.111
2.285
2.533
2.218
0.957
0.284
0.319
0.484
0.359
1.425
1.452
1.896
3.219
2.429
2.376
0.865
0.377
1.086
0.274
0.81
1.183
0.272
0.304
0.589
2.287
2.379
2.346
2.385
1.042
0.272
0.299
0.484
0.361
1.902
1.39
1.737
2.48
2.455
2.965
0.894
0.319
0.853
0.44
0.922
1.278
0.286
0.859
0.681
2.042
1.983
1.386
1.032
0.836
0.479
0.372
0.413
0.525
1.502
2.21
2.651
2.601
1.468
1.706
0.788
1.048
1.014
0.471
0.889
1.258
0.317
0.627
0.805
2.155
1.715
1.4
1.363
1.121
0.467
0.414
1.066
0.413
1.066
2.596
2.393
2.137
1.407
1.632
0.788
0.795
1.12
0.284
0.81
1.219
0.265
0.314
0.583
2.173
2.072
1.963
2.388
1.038
0.299
0.276
0.426
0.276
1.8
1.295
1.318
2.928
2.676
2.752
0.945
0.303
1.182
0.284
0.819
1.284
0.268
0.302
0.54
2.133
2.034
1.739
1.904
0.477
0.33
0.269
0.508
0.309
2.298
1.414
1.408
3.618
2.801
2.48
0.983
0.301
1.324
0.41
0.886
1.348
0.316
0.302
0.554
2.063
2.034
2.029
2.081
0.496
0.347
0.302
0.57
0.417
2.389
1.395
1.888
4.356
2.801
2.392
1.116
0.299
1.481
0.556
0.958
1.423
0.347
0.346
0.532
2.239
2.121
1.951
1.155
0.343
0.363
0.276
0.593
0.366
1.832
1.237
2.496
4.999
2.539
2.487
1.136
0.294
1.582
0.689
0.94
1.451
0.363
0.369
0.58
2.302
2.061
1.808
0.727
0.278
0.347
0.268
0.606
0.407
1.357
1.602
2.704
4.252
2.21
2.754
1.187
0.294
1.108
0.531
0.868
1.258
0.329
0.454
0.764
1.668
2.032
1.358
1.651
0.86
0.467
0.599
1.179
0.577
1.497
3.376
2.583
2.281
1.336
1.632
0.879
0.612
1.206
0.488
0.931
1.258
0.333
0.323
0.632
1.331
1.291
0.858
1.189
0.784
0.428
0.527
1.144
0.562
1.482
3.376
2.583
2.281
1.336
1.632
0.879
0.41
1.636
0.865
0.96
1.457
0.382
0.37
0.632
2.341
2.16
2.154
0.481
0.245
0.359
0.323
0.511
0.407
0.793
1.389
2.7
4.252
2.008
2.109
1.094
0.29
1.636
0.869
0.932
1.431
0.36
0.358
0.696
2.649
2.72
2.065
0.467
0.278
0.327
0.334
0.581
0.471
1.158
1.678
3.14
3.732
1.923
2.511
1.013
0.279
1.591
0.816
0.865
1.379
0.456
0.345
0.698
2.817
2.665
2.08
0.467
0.315
0.293
0.352
0.495
0.435
1.051
1.31
2.438
3.732
1.766
2.846
1.106
0.284
1.537
0.8
0.817
1.306
0.38
0.309
0.688
3.301
2.672
1.524
0.541
0.447
0.293
0.303
0.416
0.354
0.619
1.047
1.839
3.004
1.817
2.816
0.941
0.305
1.461
0.767
0.793
1.213
0.352
0.254
0.688
3.365
2.905
1.76
0.853
0.58
0.284
0.289
0.348
0.305
0.614
1.037
1.839
2.293
2.113
2.411
0.855
0.31
1.311
0.488
0.937
1.298
0.333
0.278
0.629
1.331
1.233
0.867
1.165
0.731
0.386
0.455
0.523
0.562
0.942
3.507
3.156
2.522
1.336
1.397
0.933
0.361
1.336
0.6
0.903
1.298
0.333
0.25
0.5
1.247
1.446
0.803
1.193
0.731
0.321
0.491
0.517
0.592
1.316
3.507
2.488
2.622
1.479
1.515
0.899
0.325
1.375
0.746
0.788
1.117
0.352
0.254
0.634
3.375
3.535
2.303
1.119
0.584
0.284
0.284
0.306
0.292
0.612
1.026
1.774
3.037
2.074
2.439
0.758
0.293
1.375
0.712
0.788
1.037
0.38
0.254
0.667
3.049
2.905
1.791
1.87
0.762
0.252
0.284
0.346
0.348
1.048
1.209
1.95
3.037
2.169
2.439
0.996
0.275
1.342
0.616
0.9
1.03
0.572
0.254
0.606
2.78
2.306
2.303
1.87
0.76
0.247
0.284
0.346
0.324
0.682
1.031
1.951
3.193
2.3
2.082
1.258
0.315
1.363
0.538
0.981
1.059
0.704
0.253
0.605
2.61
2.582
2.7
1.834
0.635
0.248
0.276
0.346
0.324
0.427
0.791
2.01
3.056
2.444
1.921
1.227
0.33
1.347
0.517
1.08
1.059
0.916
0.259
0.64
2.388
2.415
2.561
1.284
0.452
0.225
0.309
0.346
0.37
0.765
1.031
2.01
3.038
2.255
1.756
1.661
0.322
1.401
0.688
0.898
1.297
0.351
0.255
0.535
1.251
1.061
0.534
1.002
0.69
0.293
0.521
1.184
1.006
1.579
3.153
2.488
2.24
1.495
1.642
0.944
0.317
1.403
0.688
0.898
1.226
0.354
0.249
0.499
1.333
1.348
0.944
0.897
0.403
0.273
0.316
0.505
0.968
1.985
2.731
2.616
2.607
1.609
1.68
1.013
0.339
1.347
0.502
1.148
1.072
1.108
0.252
0.916
2.218
2.261
2.499
1.924
0.34
0.225
0.315
0.336
0.431
0.765
1.272
1.807
2.965
2.051
1.599
1.99
0.315
1.367
0.469
1.192
1.092
1.108
0.228
0.93
2.071
1.955
1.965
1.855
0.318
0.247
0.315
0.347
0.453
0.854
1.041
1.696
2.746
2.217
1.432
1.99
0.332
1.311
0.469
1.137
1.092
1.098
0.215
0.909
2.103
2.183
2.218
1.074
0.287
0.269
0.298
0.365
0.39
0.567
1.082
2.438
2.731
2.41
1.273
1.92
0.362
1.282
0.487
1.12
1.082
1.074
0.218
0.912
2.151
2.37
2.263
0.939
0.262
0.269
0.311
0.349
0.374
0.839
1.481
2.094
2.542
2.204
1.335
1.653
0.352
1.237
0.5
1.097
1.054
1.043
0.274
0.939
2.259
2.37
2.263
0.941
0.259
0.266
0.322
0.335
0.395
0.82
1.481
2.052
2.396
2.369
1.335
1.574
0.355
1.403
0.694
0.899
1.158
0.527
0.258
0.508
1.51
1.348
1.016
0.897
0.648
0.273
0.316
0.523
0.831
1.462
1.952
3.399
2.358
1.674
1.371
1.162
0.316
1.422
0.622
0.959
1.117
0.527
0.277
0.548
1.518
1.655
1.638
1.478
0.674
0.251
0.335
0.523
1.42
1.82
2.137
3.592
2.584
1.801
1.315
1.351
0.327
1.223
0.438
1.088
1.033
1.043
0.257
0.669
2.244
2.966
3.027
1.115
0.28
0.289
0.29
0.354
0.395
1.249
1.22
2.82
2.335
2.339
1.032
1.406
0.36
1.237
0.411
1.11
1.009
1.005
0.273
0.629
2.178
2.937
2.989
0.874
0.279
0.267
0.292
0.415
0.382
1.24
1.024
3.236
2.762
2.33
1.187
1.406
0.369
1.237
0.411
1.11
0.809
1.033
0.378
0.624
2.448
3.002
3.138
0.821
0.267
0.276
0.292
0.4
0.414
1.335
1.152
3.722
2.484
2.366
1.43
1.447
0.377
1.285
0.51
1.191
0.602
1.138
0.49
0.587
2.242
3.118
3.19
0.732
0.29
0.243
0.299
0.37
0.453
1.341
1.053
2.986
2.747
2.008
1.861
1.519
0.372
1.35
0.554
1.274
0.405
1.245
0.616
0.615
2.245
3.079
3.011
0.801
0.288
0.27
0.263
0.328
0.515
0.633
0.796
2.535
2.847
2.141
1.845
1.591
0.358
1.401
0.497
1.044
0.908
0.515
0.309
0.571
1.752
2.108
1.881
1.674
0.998
0.265
0.335
0.529
1.062
1.94
1.919
3.478
2.627
1.616
1.204
1.498
0.327
1.426
0.497
1.165
0.797
0.712
0.343
0.651
2.266
2.415
2.336
1.694
0.887
0.25
0.337
0.551
1.056
1.387
1.501
3.694
2.536
2.051
1.088
1.86
0.367
1.421
0.61
1.37
0.237
1.373
0.628
0.57
1.939
2.714
2.661
1.082
0.661
0.28
0.242
0.382
0.84
1.277
0.965
2.748
3.071
1.868
1.653
1.691
0.358
1.411
0.691
1.357
0.237
1.315
0.708
0.641
1.988
2.592
2.554
0.793
0.273
0.258
0.258
0.404
0.525
0.613
0.965
2.251
3.498
2.189
1.834
1.691
0.335
1.318
0.691
1.335
0.281
1.315
0.708
0.682
1.886
2.437
2.217
0.69
0.251
0.29
0.238
0.427
0.525
0.632
0.965
2.301
3.22
2.176
1.648
1.603
0.318
1.214
0.643
1.265
0.281
1.185
0.688
0.764
1.886
2.207
2.269
0.765
0.305
0.258
0.263
0.468
0.529
0.572
1.139
2.129
3.186
1.883
1.521
1.481
0.364
1.048
0.6
1.144
0.308
1.083
0.628
0.877
1.835
2.004
1.737
0.696
0.296
0.28
0.242
0.538
0.546
0.573
1.454
2.096
3.553
1.883
1.237
1.715
0.638
1.387
0.523
1.241
0.674
0.956
0.46
0.692
2.527
2.415
2.336
1.942
0.917
0.254
0.305
0.467
0.467
1.199
1.178
3.123
2.841
2.485
0.899
1.5
0.362
1.33
0.611
1.23
0.522
0.96
0.479
0.69
2.835
2.599
2.216
1.929
0.899
0.25
0.326
0.61
1.135
1.199
1.122
2.713
2.536
1.913
0.671
1.5
0.555
0.885
0.591
1.041
0.308
1.017
0.529
0.781
1.654
1.778
1.318
0.535
0.309
0.281
0.251
0.574
0.516
0.923
1.953
2.398
2.895
1.666
1.047
1.58
0.827
0.885
0.552
1.041
0.338
0.967
0.449
0.877
2.003
1.734
1.059
0.325
0.278
0.292
0.249
0.573
0.461
0.536
1.778
2.837
2.465
1.588
1.131
1.115
0.794
0.908
0.526
1.089
0.33
1.013
0.361
0.882
2.137
1.734
1.062
0.289
0.278
0.304
0.229
0.587
0.43
0.536
2.039
3.635
2.169
1.588
1.131
1.087
1.058
0.928
0.533
1.16
0.319
1.09
0.29
0.984
2.481
1.67
1.102
0.28
0.309
0.304
0.231
0.587
0.458
0.541
1.663
2.863
2.57
1.675
1.297
1.009
1.156
0.882
0.561
1.14
0.356
1.107
0.25
1.03
2.949
2.065
0.873
0.277
0.283
0.304
0.231
0.587
0.458
0.453
1.393
2.564
2.525
1.774
1.498
0.949
1.248
1.231
0.624
1.212
0.444
0.965
0.483
0.692
2.534
2.228
2.301
1.718
0.575
0.25
0.289
0.673
1.168
1.605
1.28
2.201
2.649
1.858
0.747
1.362
0.777
1.105
0.75
1.15
0.54
0.987
0.474
0.91
2.534
2.246
1.735
1.466
0.624
0.25
0.299
0.673
0.48
1.41
2.018
2.1
2.461
1.724
0.939
1.186
1.219
0.861
0.58
1.109
0.39
1.083
0.252
1.031
3.094
2.523
1.037
0.277
0.301
0.289
0.254
0.583
0.406
0.463
0.899
2.814
2.173
1.828
2.091
0.837
1.205
0.892
0.631
1.057
0.581
0.901
0.267
1.277
3.094
2.426
0.876
0.3
0.295
0.285
0.257
0.529
0.402
0.422
0.899
2.529
2.574
2.088
2.091
0.668
0.953
0.95
0.694
0.955
0.753
0.732
0.35
1.675
3.568
2.478
0.664
0.273
0.312
0.267
0.278
0.48
0.456
0.5
1.258
1.861
2.344
2.453
2.149
0.54
0.907
1.018
0.858
0.819
0.893
0.519
0.481
2.079
4.153
2.601
0.532
0.288
0.307
0.271
0.285
0.448
0.587
1.007
1.485
1.5
1.943
2.238
2.235
0.54
0.948
1.13
1.03
0.763
1.02
0.331
0.655
1.854
3.653
3.559
0.593
0.274
0.295
0.247
0.312
0.418
0.607
1.096
1.629
1.328
1.875
2.079
1.997
0.532
0.799
1.021
0.844
1.082
0.716
0.987
0.508
1.122
2.657
1.914
1.597
1.184
0.398
0.276
0.341
0.817
1.102
1.46
2.409
1.576
2.617
1.847
0.908
0.905
0.814
0.973
0.772
0.927
0.635
0.718
0.568
1.311
2.291
1.522
1.141
1.35
0.367
0.268
0.327
0.78
1.483
2.118
2.439
1.576
2.761
1.847
0.908
0.905
0.729
1.243
1.03
0.763
1.02
0.304
0.761
2.064
3.006
3.159
1.084
0.281
0.321
0.274
0.312
0.471
0.752
1.302
2.426
1.54
2.208
2.363
1.747
0.458
0.613
1.296
1.01
0.731
1.02
0.32
0.836
2.064
2.895
2.489
0.945
0.32
0.348
0.352
0.491
0.441
1.172
1.521
2.665
1.54
2.434
2.331
1.244
0.608
0.668
1.283
1.041
0.648
1.042
0.272
0.901
2.547
3.479
2.637
1.489
0.969
0.757
0.537
0.544
0.503
1.172
2.058
2.408
1.493
2.093
2.071
1.594
0.839
0.696
1.243
1.089
0.578
1.078
0.257
0.905
1.984
2.888
3.332
1.511
0.969
0.72
0.547
0.529
0.519
1.355
2.543
2.233
1.381
2.093
1.503
1.556
1.09
0.506
1.162
0.98
0.546
1.136
0.269
1.0
1.855
2.2
2.558
1.796
1.055
1.045
0.601
1.373
0.925
1.192
2.18
1.694
1.458
2.175
1.712
1.076
1.021
0.63
0.973
0.746
0.829
0.772
0.502
0.575
1.455
1.716
1.872
1.339
1.261
0.367
0.274
0.342
0.712
1.489
2.118
2.459
1.637
2.427
1.299
1.055
0.97
0.63
1.046
0.804
0.775
0.971
0.291
0.666
1.455
1.716
1.974
1.142
1.345
0.345
0.304
0.304
0.789
0.898
2.0
2.436
1.87
2.475
1.345
1.083
1.208
0.43
1.087
0.916
0.507
1.22
0.222
1.047
1.768
1.819
1.622
1.598
1.123
1.038
0.605
1.358
0.925
1.188
2.18
1.583
1.717
2.175
2.067
1.089
1.249
0.43
1.045
0.916
0.507
1.22
0.196
1.047
1.929
1.522
1.598
1.077
1.14
0.994
0.412
0.536
0.474
0.925
2.341
1.18
1.377
2.291
2.067
0.729
1.249
0.387
0.846
0.737
0.449
0.947
0.196
1.047
2.024
1.461
1.708
1.209
0.467
0.611
0.553
0.426
0.41
0.688
2.127
0.924
1.377
2.025
2.184
1.071
0.992
0.39
0.647
0.585
0.383
0.718
0.211
1.102
1.761
1.19
1.688
1.05
0.409
0.283
0.367
0.365
0.339
0.649
1.21
0.961
1.377
2.09
2.03
1.094
0.766
0.316
0.457
0.401
0.339
0.45
0.241
1.04
2.029
1.069
1.588
1.275
0.51
0.395
0.414
0.529
0.368
0.492
0.818
1.007
1.351
2.218
2.039
0.738
0.545
0.41
0.995
0.739
0.775
1.112
0.254
0.741
1.437
1.44
1.693
1.142
1.373
0.378
0.264
0.315
0.578
1.463
2.216
1.675
1.697
2.464
1.942
1.125
1.053
0.41
0.944
0.607
0.7
0.948
0.254
0.833
1.356
1.791
1.868
1.371
1.425
0.347
0.305
0.282
0.599
1.463
3.56
1.675
1.677
2.432
2.101
0.992
1.092
0.303
0.293
0.232
0.301
0.218
0.261
0.914
1.863
0.912
1.49
1.172
0.409
0.319
0.338
0.378
0.287
0.422
0.641
0.971
1.415
2.218
1.725
0.773
0.557
0.264
0.293
0.195
0.291
0.197
0.272
0.817
1.897
1.073
1.588
1.201
0.333
0.339
0.33
0.385
0.302
0.442
0.964
1.171
1.426
2.199
1.556
1.097
0.333
0.313
0.289
0.217
0.291
0.215
0.272
0.889
1.629
1.3
1.49
1.201
0.293
0.34
0.327
0.393
0.309
0.511
0.854
1.187
1.721
1.964
1.556
1.412
0.345
0.325
0.283
0.247
0.257
0.241
0.247
0.75
1.549
1.244
1.422
1.021
0.317
0.324
0.28
0.331
0.309
0.495
0.854
1.187
1.361
1.787
1.729
1.069
0.369
0.28
0.302
0.252
0.269
0.247
0.263
0.648
1.848
1.368
1.454
0.995
0.437
0.324
0.283
0.331
0.306
0.488
0.807
1.172
1.881
1.766
2.31
0.988
0.377
0.415
0.745
0.45
0.563
0.7
0.274
0.876
1.319
1.671
2.16
1.282
1.425
0.356
0.305
0.282
0.599
0.948
3.594
1.447
1.992
1.784
2.026
0.992
1.092
0.477
0.577
0.607
0.566
0.961
0.255
0.776
1.132
1.427
2.16
1.993
1.425
0.318
0.462
0.355
0.677
0.594
3.059
1.756
1.932
1.573
1.43
0.733
0.729
0.325
0.313
0.47
0.237
0.521
0.274
0.702
1.907
1.323
1.352
0.782
0.468
0.324
0.249
0.297
0.291
0.401
0.805
0.96
1.85
1.453
2.229
0.961
0.364
0.335
0.299
0.704
0.237
0.768
0.289
0.805
2.41
1.462
1.621
0.929
0.468
0.327
0.245
0.318
0.306
0.402
1.041
0.824
1.746
1.633
2.535
1.245
0.342
0.354
0.3
0.881
0.246
1.021
0.334
0.815
2.461
1.436
1.249
0.996
0.715
0.353
0.277
0.368
0.326
0.466
1.132
0.824
1.65
1.564
2.321
0.927
0.335
0.355
0.298
0.874
0.273
1.021
0.368
0.698
2.446
1.939
1.361
1.034
0.7
0.34
0.308
0.338
0.356
0.431
0.909
1.317
1.489
1.539
1.853
0.586
0.355
0.356
0.329
0.884
0.287
1.043
0.368
0.685
2.433
2.453
1.732
1.034
0.696
0.345
0.301
0.35
0.365
0.44
0.871
1.308
1.635
1.741
2.239
0.674
0.318
0.453
0.342
0.66
0.466
0.97
0.276
0.675
1.009
1.937
1.841
1.915
1.271
0.298
0.442
0.361
0.691
0.621
3.059
1.797
2.122
1.343
1.595
0.733
0.465
0.444
0.289
0.508
0.365
0.705
0.299
0.572
0.738
1.402
1.395
1.691
1.191
0.306
0.408
0.392
0.428
0.694
2.628
1.845
1.93
1.406
2.141
0.946
0.432
0.381
0.309
0.702
0.268
0.776
0.341
0.672
1.887
2.249
1.923
1.446
0.728
0.422
0.45
0.433
0.362
0.4
0.822
1.108
1.126
1.329
1.408
0.424
0.273
0.37
0.293
0.475
0.294
0.506
0.357
0.594
1.416
2.532
1.878
1.514
0.861
0.503
0.456
0.439
0.39
0.641
1.343
1.295
1.635
1.768
2.239
0.529
0.296
0.361
0.314
0.426
0.294
0.297
0.316
0.526
1.416
2.89
1.705
1.061
0.884
0.499
0.456
0.397
0.362
0.692
1.341
1.253
1.583
1.719
2.112
0.453
0.293
0.38
0.288
0.426
0.328
0.274
0.303
0.526
1.412
2.89
1.847
1.22
0.738
0.465
0.268
0.352
0.339
0.692
1.718
1.014
1.582
1.586
2.123
0.444
0.338
0.375
0.326
0.572
0.393
0.28
0.313
0.588
1.35
2.54
2.144
1.818
0.738
0.48
0.232
0.383
0.349
0.665
1.765
1.014
1.616
1.683
1.98
0.479
0.292
0.463
0.321
0.489
0.273
0.54
0.326
0.533
0.904
1.563
1.697
1.76
0.896
0.317
0.483
0.38
0.728
0.618
1.148
1.845
1.93
1.033
1.577
0.817
0.413
0.413
0.281
0.63
0.273
0.509
0.291
0.533
1.033
1.426
1.448
0.974
0.777
0.4
0.488
0.394
0.728
0.69
1.148
1.719
2.008
0.973
1.32
0.745
0.356
0.359
0.32
0.686
0.49
0.248
0.319
0.618
1.323
2.219
1.688
1.818
0.753
0.48
0.26
0.354
0.365
0.678
1.765
0.952
2.097
1.434
1.526
0.427
0.318
0.326
0.321
0.821
0.52
0.269
0.309
0.753
1.382
1.892
1.331
1.351
0.547
0.48
0.26
0.354
0.384
0.678
1.918
1.319
2.503
1.434
1.526
0.436
0.351
0.311
0.31
0.821
0.565
0.269
0.283
0.789
1.464
1.968
1.82
1.83
0.374
0.356
0.252
0.373
0.354
0.493
1.286
1.305
1.972
1.115
1.429
0.436
0.333
0.328
0.283
0.846
0.597
0.244
0.311
0.839
1.464
1.659
1.701
1.968
0.379
0.33
0.281
0.484
0.382
0.797
1.091
1.705
2.7
1.204
1.21
0.428
0.338
0.311
0.284
0.828
0.602
0.236
0.306
0.839
1.555
1.602
1.521
1.64
0.379
0.391
0.273
0.458
0.363
0.45
0.744
1.348
2.44
1.06
0.971
0.425
0.299
0.397
0.279
0.794
0.313
0.54
0.302
0.443
1.304
1.49
1.447
1.188
0.78
0.388
0.357
0.322
0.424
0.686
1.394
1.647
1.831
1.137
1.188
0.708
0.367
0.362
0.25
0.714
0.373
0.309
0.302
0.443
1.31
1.49
1.389
0.791
0.591
0.388
0.303
0.275
0.324
0.626
1.268
1.426
1.546
0.887
1.11
0.696
0.367
0.312
0.245
0.833
0.58
0.222
0.284
0.839
1.431
1.343
0.977
1.051
0.379
0.36
0.281
0.428
0.304
0.391
0.647
0.928
1.893
0.714
0.718
0.379
0.271
0.33
0.245
0.841
0.577
0.228
0.32
0.775
1.88
1.189
1.119
0.959
0.372
0.358
0.281
0.419
0.276
0.385
0.97
1.35
1.045
0.598
0.718
0.536
0.285
0.33
0.258
0.825
0.597
0.224
0.347
0.681
1.861
1.0
0.843
0.915
0.309
0.285
0.275
0.277
0.267
0.444
1.139
1.717
0.947
0.769
1.019
0.575
0.266
0.353
0.289
0.84
0.59
0.232
0.385
0.765
1.839
1.0
0.843
0.915
0.336
0.286
0.317
0.286
0.32
0.474
0.941
1.942
1.826
0.823
1.047
0.575
0.318
0.328
0.324
0.836
0.576
0.256
0.347
0.691
1.568
0.946
0.622
0.638
0.324
0.313
0.289
0.283
0.295
0.369
0.622
1.177
1.826
0.823
1.413
0.588
0.31
0.327
0.246
0.662
0.45
0.275
0.249
0.393
1.138
0.953
0.987
0.58
0.358
0.361
0.318
0.246
0.78
0.735
1.576
1.248
1.135
1.657
1.549
0.516
0.354
0.331
0.23
0.821
0.483
0.288
0.251
0.533
1.778
1.339
1.1
0.6
0.378
0.405
0.318
0.246
0.808
0.589
1.395
0.893
1.34
0.979
1.023
0.501
0.335
0.318
0.357
0.821
0.594
0.27
0.338
0.691
1.64
1.014
0.561
0.335
0.292
0.281
0.325
0.27
0.319
0.397
0.611
1.271
1.883
0.962
1.915
0.996
0.437
0.344
0.357
0.803
0.598
0.27
0.333
0.691
2.043
1.739
1.099
0.384
0.29
0.309
0.345
0.267
0.344
0.494
0.977
1.692
2.38
1.108
1.915
0.996
0.462
0.356
0.344
0.804
0.609
0.296
0.332
0.672
1.696
1.974
0.982
0.382
0.276
0.326
0.32
0.291
0.344
0.457
1.077
1.549
3.236
1.176
2.053
1.079
0.372
0.379
0.286
0.835
0.589
0.295
0.308
0.659
1.896
1.974
1.322
0.407
0.288
0.336
0.298
0.333
0.319
0.441
0.838
1.229
3.516
1.152
1.799
1.298
0.398
0.351
0.299
0.836
0.566
0.331
0.268
0.513
1.706
1.332
0.825
0.358
0.287
0.319
0.262
0.335
0.34
0.459
1.033
0.979
2.655
1.044
2.043
0.916
0.37
0.301
0.23
0.821
0.522
0.273
0.213
0.814
1.905
1.223
0.758
0.371
0.509
0.512
0.318
0.278
0.337
0.548
1.249
0.825
1.554
1.137
1.287
0.482
0.321
0.301
0.24
0.82
0.545
0.253
0.235
0.75
1.609
1.124
0.884
0.634
0.289
0.321
0.262
0.302
0.37
0.439
0.751
0.825
1.966
1.518
1.525
0.484
0.307
0.361
0.256
0.851
0.549
0.305
0.264
0.501
1.978
1.379
1.07
0.407
0.29
0.311
0.264
0.337
0.386
0.576
1.128
1.367
1.987
0.966
1.687
0.93
0.368
0.357
0.256
0.846
0.491
0.277
0.261
0.501
1.741
1.714
1.342
0.529
0.287
0.312
0.264
0.364
0.433
0.593
2.0
1.583
1.987
1.031
1.584
0.67
0.337
0.319
0.258
0.701
0.434
0.277
0.267
0.532
1.475
1.714
1.342
0.605
0.304
0.303
0.264
0.365
0.429
0.623
1.128
1.625
1.628
0.923
1.727
0.682
0.341
0.319
0.303
0.565
0.399
0.25
0.259
0.573
1.601
1.555
1.214
0.605
0.301
0.292
0.296
0.363
0.429
0.739
1.342
1.951
1.249
0.955
1.484
0.483
0.333
0.321
0.303
0.414
0.35
0.234
0.26
0.535
1.364
1.555
1.192
0.65
0.291
0.292
0.299
0.334
0.44
0.713
1.978
2.506
1.118
0.918
1.684
0.423
0.313
0.305
0.254
0.803
0.57
0.253
0.252
0.78
1.068
0.897
0.796
0.445
0.346
0.508
0.275
0.31
0.411
0.644
0.565
0.785
1.987
1.451
1.987
0.499
0.299
0.348
0.248
0.798
0.566
0.243
0.304
0.844
1.182
1.32
1.168
0.73
0.74
0.591
0.268
0.326
0.425
0.685
0.655
0.864
2.126
1.451
1.987
0.601
0.309
0.309
0.301
0.246
0.303
0.234
0.256
0.584
1.346
1.722
1.678
0.815
0.34
0.281
0.317
0.326
0.369
0.927
1.88
2.506
1.15
0.918
1.467
0.483
0.303
0.286
0.345
0.211
0.271
0.234
0.243
0.581
1.135
1.503
1.441
1.038
0.363
0.297
0.329
0.326
0.378
0.977
2.334
2.081
1.008
0.869
1.684
0.452
0.326
0.284
0.31
0.242
0.257
0.249
0.241
0.483
1.089
1.224
1.293
0.923
0.362
0.288
0.312
0.305
0.334
0.977
2.334
2.102
0.995
0.888
1.379
0.457
0.357
0.323
0.326
0.242
0.215
0.275
0.25
0.41
1.133
1.224
1.366
0.867
0.36
0.273
0.286
0.324
0.549
1.354
2.532
1.832
1.1
0.913
1.039
0.448
0.341
0.284
0.315
0.217
0.196
0.291
0.231
0.308
1.404
1.193
1.463
0.905
0.549
0.295
0.286
0.344
0.67
1.608
2.098
1.968
1.1
0.932
1.007
0.403
0.357
0.367
0.285
0.686
0.508
0.243
0.334
0.889
1.216
1.969
1.168
0.771
1.151
0.776
0.27
0.352
0.425
0.496
0.579
0.728
2.126
1.104
1.552
0.644
0.309
0.39
0.285
0.544
0.476
0.231
0.327
0.647
0.968
1.695
1.095
0.771
1.365
0.984
0.314
0.352
0.449
0.838
0.771
0.82
1.668
1.026
1.424
0.558
0.306
0.246
0.315
0.217
0.196
0.291
0.201
0.329
1.517
1.328
1.893
1.089
0.577
0.294
0.29
0.329
0.674
1.578
1.408
1.202
1.017
0.862
0.715
0.644
0.371
0.271
0.314
0.222
0.202
0.281
0.211
0.329
1.633
1.109
1.169
0.781
0.518
0.288
0.301
0.312
0.674
1.392
1.827
1.202
0.905
0.985
1.06
0.405
0.376
0.306
0.284
0.248
0.214
0.258
0.247
0.407
1.633
1.213
1.845
0.781
0.417
0.288
0.315
0.292
0.528
1.116
1.693
1.449
0.905
0.953
0.824
0.708
0.38
0.309
0.285
0.248
0.214
0.261
0.242
0.491
1.82
1.485
2.02
0.771
0.417
0.318
0.319
0.299
0.543
1.112
1.693
1.884
1.386
0.924
1.003
0.945
0.379
0.322
0.273
0.282
0.252
0.238
0.255
0.574
1.415
1.119
1.939
0.802
0.417
0.348
0.319
0.299
0.44
0.701
1.423
2.453
1.311
0.831
1.079
1.279
0.379
0.393
0.259
0.442
0.422
0.22
0.336
0.617
0.968
1.565
1.022
0.893
1.365
1.079
0.314
0.392
0.559
0.96
1.039
0.94
1.637
0.803
1.026
0.573
0.32
0.388
0.261
0.298
0.347
0.203
0.296
0.628
0.825
1.386
0.856
0.931
1.365
1.079
0.327
0.364
0.555
1.448
1.325
0.94
1.221
0.683
0.781
0.779
0.332
0.362
0.27
0.288
0.291
0.211
0.268
0.594
1.112
1.222
2.102
0.809
0.415
0.468
0.306
0.315
0.362
0.433
1.299
2.453
0.898
0.674
1.062
1.619
0.35
0.362
0.288
0.265
0.27
0.238
0.268
0.603
1.286
1.156
1.636
0.58
0.388
0.468
0.295
0.336
0.387
0.558
1.786
3.217
1.313
0.841
1.062
1.283
0.35
0.378
0.273
0.27
0.264
0.222
0.29
0.607
1.268
1.075
1.96
0.655
0.405
0.477
0.264
0.347
0.412
0.525
1.654
3.217
1.401
0.705
0.968
1.526
0.328
0.356
0.29
0.244
0.273
0.224
0.249
0.61
1.37
1.172
1.636
0.655
0.376
0.365
0.264
0.352
0.365
0.398
1.249
3.385
1.716
0.705
0.91
1.528
0.311
0.349
0.304
0.239
0.273
0.229
0.259
0.613
1.404
1.172
1.527
0.816
0.376
0.352
0.275
0.352
0.354
0.411
1.04
3.242
1.838
0.609
0.818
1.524
0.279
0.388
0.285
0.277
0.309
0.203
0.267
0.608
0.825
1.37
1.076
1.373
1.682
0.817
0.315
0.332
0.518
1.149
1.195
0.886
1.01
0.683
0.781
0.785
0.345
0.385
0.281
0.256
0.301
0.187
0.262
0.608
1.06
1.207
0.653
0.858
1.348
0.797
0.34
0.341
0.638
1.217
1.753
1.361
0.952
0.701
0.843
0.785
0.358
0.349
0.305
0.233
0.277
0.21
0.24
0.613
1.437
1.831
1.431
0.982
0.454
0.359
0.302
0.315
0.357
0.552
1.325
2.666
1.788
0.725
0.833
1.19
0.281
0.314
0.309
0.232
0.257
0.231
0.223
0.61
1.87
2.286
1.705
1.263
0.364
0.35
0.313
0.288
0.357
0.552
1.78
2.542
1.796
1.137
0.68
0.888
0.309
0.317
0.327
0.222
0.274
0.226
0.223
0.619
2.095
2.757
1.796
1.541
0.466
0.354
0.313
0.279
0.357
0.947
2.151
2.206
1.271
0.76
0.783
0.869
0.309
0.315
0.327
0.227
0.251
0.246
0.223
0.603
2.566
2.757
1.442
1.541
0.448
0.344
0.352
0.283
0.375
1.509
2.774
2.231
1.2
1.159
0.772
0.586
0.339
0.313
0.301
0.259
0.215
0.26
0.237
0.603
2.625
2.653
1.465
1.73
0.748
0.358
0.327
0.282
0.801
2.157
3.53
2.343
0.876
1.533
0.879
0.332
0.357
0.363
0.284
0.245
0.257
0.213
0.242
0.548
1.325
1.063
0.653
0.93
1.245
0.784
0.363
0.345
0.52
1.074
2.409
1.483
1.126
0.702
0.843
0.79
0.37
0.363
0.295
0.25
0.257
0.219
0.253
0.532
1.204
1.227
0.697
0.949
1.005
0.548
0.351
0.292
0.522
0.641
2.305
1.483
0.847
0.702
0.79
0.79
0.37
0.322
0.307
0.274
0.222
0.26
0.233
0.588
2.779
2.412
1.771
1.658
0.758
0.358
0.31
0.284
1.249
2.885
3.717
2.094
0.876
1.533
1.18
0.332
0.364
0.289
0.307
0.264
0.22
0.26
0.216
0.596
2.779
1.924
1.579
1.365
0.805
0.35
0.291
0.532
1.399
2.535
3.837
2.165
0.925
1.59
1.137
0.348
0.376
0.312
0.294
0.261
0.22
0.255
0.238
0.579
2.401
1.493
1.174
0.998
0.805
0.359
0.264
0.543
1.399
2.535
3.591
1.713
0.866
1.695
1.137
0.351
0.356
0.345
0.278
0.261
0.236
0.253
0.238
0.577
1.962
1.093
1.107
0.664
0.473
0.334
0.29
0.545
0.954
2.643
3.205
1.917
1.094
1.862
1.151
0.372
0.35
0.346
0.288
0.264
0.245
0.261
0.248
0.576
1.955
0.922
1.414
0.812
0.454
0.328
0.263
0.333
0.913
1.985
3.27
2.004
1.094
1.613
1.202
0.385
0.344
0.333
0.297
0.239
0.302
0.216
0.255
0.495
0.896
1.303
0.761
1.285
0.625
0.548
0.351
0.292
0.526
0.595
2.141
1.418
0.784
0.783
0.708
0.759
0.383
0.338
0.281
0.254
0.284
0.254
0.259
0.441
1.169
1.614
0.835
1.004
0.664
0.552
0.327
0.304
0.72
0.595
2.001
1.165
0.958
0.874
0.8
0.645
0.395
0.358
0.296
0.268
0.249
0.286
0.241
0.576
2.02
0.932
1.885
0.812
0.454
0.312
0.29
0.31
0.801
2.102
2.548
1.87
1.194
1.518
1.174
0.393
0.334
0.354
0.296
0.225
0.274
0.245
0.27
0.621
2.02
0.777
1.425
1.002
0.502
0.314
0.276
0.339
0.511
1.776
2.471
1.864
0.899
1.518
1.082
0.373
0.354
0.368
0.286
0.249
0.269
0.258
0.276
0.573
2.421
0.777
1.687
0.96
0.446
0.336
0.283
0.338
0.322
1.598
2.148
2.115
0.899
1.499
1.082
0.373
0.335
0.371
0.265
0.28
0.269
0.261
0.293
0.598
2.657
0.955
1.715
0.96
0.446
0.34
0.293
0.335
0.623
2.277
1.961
2.174
1.053
1.337
1.082
0.583
0.367
0.358
0.27
0.28
0.275
0.241
0.293
0.611
2.794
1.16
1.508
0.916
0.428
0.34
0.369
0.356
0.623
1.591
1.703
2.014
1.053
1.242
1.172
0.815
0.36
0.385
0.29
0.294
0.3
0.225
0.291
0.462
1.535
1.65
0.835
1.104
0.489
0.544
0.322
0.319
0.727
1.082
2.59
1.455
1.51
0.874
0.699
0.629
0.389
0.367
0.289
0.302
0.283
0.225
0.302
0.471
1.727
1.65
0.948
1.115
0.497
0.603
0.356
0.374
0.504
0.981
2.153
0.94
1.333
0.727
0.511
0.473
0.357
0.358
0.291
0.253
0.294
0.245
0.258
0.685
2.56
1.255
1.072
0.85
0.679
0.374
0.407
0.325
0.661
1.648
1.137
2.014
1.029
0.993
1.341
0.8
0.328
0.358
0.278
0.228
0.319
0.216
0.266
0.622
2.56
2.015
0.752
0.769
0.702
0.914
0.501
0.36
0.397
0.863
0.871
1.905
1.057
0.9
1.677
0.786
0.336
0.377
0.27
0.247
0.331
0.245
0.225
0.622
2.265
2.229
1.07
0.517
0.656
0.908
0.501
0.354
0.396
0.45
0.456
1.612
1.063
0.904
1.623
0.969
0.331
0.404
0.284
0.254
0.357
0.241
0.251
0.688
1.943
2.645
1.152
0.76
0.669
0.36
0.388
0.355
0.396
0.436
0.493
1.284
1.486
0.734
1.699
0.743
0.321
0.396
0.277
0.239
0.354
0.226
0.251
0.638
1.736
1.901
1.125
1.118
0.68
0.322
0.415
0.451
0.396
0.436
0.493
1.265
1.889
0.8
1.807
0.524
0.311
0.467
0.29
0.305
0.311
0.221
0.302
0.499
1.341
1.383
1.259
1.548
0.385
0.505
0.473
0.465
0.859
1.529
1.443
0.908
1.803
0.81
0.608
0.311
0.332
0.434
0.295
0.292
0.311
0.216
0.3
0.496
1.701
1.287
1.259
1.622
0.497
0.516
0.48
0.483
0.959
2.168
1.725
1.108
1.885
0.882
0.779
0.472
0.332
0.397
0.251
0.279
0.336
0.225
0.274
0.579
1.736
1.788
1.237
1.155
0.68
0.352
0.318
0.415
0.476
0.468
0.801
0.931
2.462
0.924
1.773
0.373
0.29
0.379
0.251
0.282
0.335
0.192
0.284
0.528
1.815
2.487
1.025
1.069
0.386
0.326
0.301
0.409
0.472
0.402
1.219
0.983
2.705
0.95
1.853
0.481
0.329
0.359
0.273
0.282
0.32
0.226
0.271
0.536
2.008
1.773
1.096
0.822
0.296
0.309
0.268
0.337
0.529
1.067
1.555
1.43
2.231
0.873
1.742
0.492
0.293
0.348
0.253
0.282
0.291
0.191
0.277
0.509
2.059
2.112
0.931
0.872
0.308
0.291
0.268
0.347
0.528
1.178
1.601
1.962
2.334
0.668
1.742
0.492
0.303
0.324
0.24
0.276
0.273
0.159
0.267
0.509
2.077
1.743
0.757
0.722
0.297
0.307
0.264
0.322
0.535
1.355
2.271
2.802
2.334
0.731
1.666
0.514
0.339
0.46
0.283
0.289
0.285
0.206
0.312
0.559
1.923
1.584
1.867
1.458
0.663
0.516
0.48
0.563
0.874
2.145
2.532
1.415
2.149
1.144
0.742
0.499
0.316
0.448
0.295
0.253
0.295
0.199
0.292
0.587
1.811
1.579
1.943
1.97
0.793
0.639
0.48
0.563
0.538
2.135
2.899
1.337
2.29
1.271
0.612
0.349
0.306
0.302
0.263
0.304
0.275
0.172
0.267
0.554
2.189
1.899
0.984
0.722
0.302
0.334
0.244
0.314
0.449
1.227
1.881
2.793
2.035
0.654
1.742
0.514
0.313
0.286
0.268
0.262
0.282
0.185
0.239
0.62
2.068
1.846
0.848
0.795
0.842
0.331
0.233
0.332
0.445
0.717
1.588
2.793
1.61
0.654
1.742
0.545
0.308
0.276
0.26
0.241
0.282
0.197
0.236
0.644
1.995
1.359
1.062
0.938
1.701
0.335
0.233
0.354
0.775
1.401
1.013
2.866
1.509
0.634
1.834
0.443
0.267
0.295
0.236
0.25
0.282
0.174
0.269
0.644
1.995
1.574
1.073
1.139
1.714
0.359
0.249
0.331
0.438
0.746
0.634
2.381
2.043
1.228
1.678
0.464
0.277
0.268
0.26
0.253
0.267
0.198
0.267
0.607
2.421
1.574
1.073
1.284
1.709
0.359
0.242
0.331
0.418
0.642
0.736
2.774
2.435
1.363
1.921
0.464
0.246
0.373
0.236
0.231
0.305
0.203
0.247
0.587
1.624
1.618
1.341
1.495
0.682
0.639
0.477
0.563
0.73
2.068
2.028
1.169
2.028
0.932
0.639
0.457
0.282
0.403
0.251
0.234
0.316
0.213
0.249
0.587
1.295
2.007
1.593
1.495
0.632
0.56
0.427
0.488
0.73
2.068
2.028
1.169
2.028
0.932
0.651
0.441
0.267
0.247
0.279
0.217
0.276
0.211
0.256
0.56
2.299
1.608
0.986
1.215
1.711
0.345
0.274
0.34
0.377
0.494
0.535
1.793
1.941
1.468
2.251
0.451
0.246
0.273
0.279
0.191
0.288
0.207
0.231
0.546
2.614
1.428
1.084
1.215
0.907
0.319
0.297
0.347
0.853
1.102
0.667
1.721
1.806
1.557
2.415
0.479
0.27
0.292
0.312
0.202
0.301
0.206
0.258
0.494
3.041
1.618
1.385
1.248
0.859
0.329
0.32
0.324
0.886
1.199
0.731
1.822
2.102
0.984
2.097
0.423
0.301
0.309
0.285
0.228
0.279
0.198
0.283
0.466
3.335
1.646
1.213
1.138
0.417
0.321
0.32
0.283
0.493
0.637
0.847
1.602
2.179
1.157
2.022
0.409
0.306
0.286
0.305
0.217
0.306
0.224
0.252
0.527
2.964
1.522
1.106
0.846
0.42
0.279
0.324
0.603
0.67
0.888
1.075
1.715
1.545
1.076
2.175
0.489
0.328
0.363
0.213
0.22
0.295
0.189
0.267
0.56
1.295
2.007
1.292
0.934
0.629
0.461
0.263
0.294
0.73
1.579
2.046
1.459
1.299
1.177
0.509
0.464
0.244
0.393
0.208
0.241
0.278
0.185
0.269
0.559
1.151
1.952
1.666
0.842
0.612
0.44
0.269
0.301
0.545
0.871
2.062
2.376
1.369
1.207
0.447
0.449
0.266
0.325
0.267
0.237
0.302
0.222
0.263
0.523
2.563
1.461
1.367
0.728
0.453
0.281
0.333
0.644
0.67
0.888
1.077
1.245
1.032
0.984
2.09
0.385
0.328
0.363
0.233
0.247
0.285
0.215
0.276
0.656
2.563
1.306
1.631
1.201
0.453
0.281
0.342
0.761
1.129
0.965
1.077
1.3
1.37
0.967
1.921
0.386
0.311
0.341
0.243
0.247
0.258
0.239
0.269
0.601
2.329
1.269
1.015
0.737
0.385
0.288
0.342
0.448
0.759
0.835
0.84
1.107
1.315
0.873
1.622
0.463
0.311
0.308
0.239
0.258
0.22
0.255
0.228
0.613
2.16
1.269
1.16
0.597
0.341
0.284
0.339
0.487
0.621
0.611
0.835
1.101
1.267
0.888
1.423
0.787
0.293
0.296
0.281
0.24
0.257
0.261
0.196
0.621
2.119
1.242
1.384
0.76
0.36
0.284
0.322
0.536
0.557
0.578
0.737
0.806
1.388
0.888
1.287
0.787
0.33
0.379
0.225
0.256
0.271
0.179
0.268
0.566
1.274
1.238
1.402
0.718
0.451
0.301
0.269
0.257
0.507
0.994
1.399
2.175
1.226
0.95
0.57
0.41
0.269
0.381
0.205
0.289
0.268
0.179
0.314
0.969
1.314
1.036
1.138
0.477
0.451
0.301
0.297
0.275
0.7
0.69
1.063
2.558
1.226
0.721
0.79
0.402
0.289
0.339
0.275
0.27
0.232
0.255
0.217
0.48
1.99
1.271
1.695
0.954
0.372
0.323
0.299
0.404
0.395
0.428
0.598
0.804
1.477
0.998
1.287
0.718
0.338
0.296
0.308
0.274
0.212
0.256
0.201
0.626
2.173
1.278
1.655
1.25
0.372
0.346
0.278
0.333
0.432
0.572
0.598
0.859
1.477
1.035
1.282
0.988
0.376
0.264
0.433
0.386
0.181
0.275
0.181
0.517
2.469
1.265
1.667
0.821
0.359
0.364
0.26
0.301
0.426
0.453
0.66
0.929
1.562
0.969
1.483
1.007
0.407
0.268
0.495
0.497
0.164
0.268
0.189
0.648
2.246
1.265
1.727
0.821
0.363
0.376
0.244
0.301
0.426
0.455
0.82
0.989
1.56
0.979
1.68
0.867
0.394
0.268
0.6
0.566
0.172
0.268
0.184
0.658
2.069
1.044
1.727
1.287
0.34
0.376
0.244
0.287
0.493
0.497
1.33
1.237
1.26
1.156
1.907
0.614
0.394
0.369
0.234
0.406
0.252
0.185
0.314
0.949
1.028
0.873
1.269
0.514
0.508
0.319
0.3
0.283
0.618
0.69
1.464
2.587
0.862
0.827
0.944
0.301
0.32
0.336
0.343
0.582
0.236
0.193
0.279
0.986
1.714
0.873
0.884
0.564
0.508
0.342
0.287
0.292
0.641
1.021
1.627
2.587
0.938
0.917
0.957
0.307
0.347
0.281
0.656
0.619
0.172
0.268
0.217
0.744
2.101
1.145
1.968
1.159
0.283
0.371
0.237
0.28
0.565
0.497
1.792
1.237
1.26
0.979
1.825
0.614
0.38
0.244
0.718
0.681
0.175
0.246
0.191
0.86
2.226
1.121
1.937
1.031
0.226
0.364
0.226
0.292
0.632
0.668
1.859
1.26
1.113
0.871
1.653
0.603
0.345
0.281
0.744
0.771
0.175
0.249
0.19
0.872
1.975
1.121
1.795
0.557
0.221
0.356
0.226
0.279
0.632
0.534
2.11
1.146
1.044
0.909
1.978
0.45
0.318
0.318
0.754
0.722
0.207
0.253
0.212
1.168
1.807
1.183
1.661
0.563
0.226
0.347
0.214
0.282
0.703
0.801
2.75
0.93
0.607
1.053
1.729
0.404
0.298
0.315
0.802
0.709
0.439
0.31
0.248
0.946
1.809
1.324
1.452
0.562
0.228
0.347
0.231
0.306
0.648
0.667
2.444
0.986
0.681
1.361
1.563
0.368
0.298
0.34
0.44
0.795
0.221
0.231
0.248
1.204
1.869
0.894
0.933
0.796
0.971
0.651
0.617
0.765
0.846
1.307
1.627
2.38
0.935
0.818
1.234
0.311
0.347
0.317
0.581
0.825
0.237
0.218
0.249
1.341
1.967
1.017
0.933
1.093
0.812
0.658
0.617
0.761
0.846
1.347
1.246
1.831
1.075
0.906
1.415
0.311
0.358
0.313
0.85
0.709
0.605
0.293
0.307
1.163
1.977
1.515
1.072
0.552
0.231
0.324
0.255
0.281
0.54
0.645
1.856
0.986
0.783
1.41
1.196
0.357
0.307
0.311
0.85
0.686
0.581
0.308
0.333
1.163
1.787
1.562
1.072
0.552
0.239
0.325
0.278
0.271
0.456
1.401
1.456
1.294
0.783
1.588
1.278
0.381
0.285
0.34
0.686
0.5
0.587
0.308
0.382
1.084
1.961
2.179
0.93
0.514
0.239
0.332
0.283
0.256
0.48
1.971
2.087
1.353
0.966
1.754
1.297
0.353
0.31
0.34
0.576
0.427
0.639
0.294
0.43
0.992
2.265
2.135
0.96
0.607
0.275
0.332
0.303
0.261
0.48
2.009
2.567
2.11
1.18
1.754
1.297
0.341
0.334
0.34
0.49
0.394
0.437
0.27
0.408
0.637
2.188
2.236
0.935
0.718
0.341
0.374
0.303
0.261
0.372
1.469
2.729
2.623
1.48
1.721
1.33
0.365
0.328
0.323
0.712
0.735
0.346
0.252
0.382
1.138
1.875
1.131
1.023
1.141
1.205
0.656
0.618
1.092
1.314
2.007
2.122
1.724
1.162
0.989
1.159
0.311
0.362
0.295
0.712
0.735
0.31
0.251
0.367
0.921
1.77
1.276
1.425
1.247
1.239
0.529
0.294
0.624
0.812
2.883
2.557
1.364
0.899
1.149
1.027
0.304
0.364
0.356
0.376
0.34
0.324
0.205
0.397
0.569
2.72
2.34
0.927
0.785
0.362
0.318
0.299
0.236
0.353
1.469
2.652
2.618
1.48
1.54
1.404
0.39
0.324
0.356
0.327
0.283
0.305
0.188
0.333
0.567
2.598
2.37
1.057
0.743
0.357
0.342
0.27
0.278
0.438
1.59
2.72
2.944
2.592
1.513
1.543
0.53
0.344
0.367
0.391
0.31
0.305
0.18
0.311
0.663
2.768
2.135
1.057
0.628
0.367
0.374
0.292
0.321
0.513
0.87
2.883
2.295
3.072
1.549
1.692
0.519
0.338
0.381
0.538
0.547
0.293
0.194
0.276
0.749
2.261
1.837
1.012
0.628
0.377
0.359
0.29
0.346
0.391
0.649
1.926
2.168
2.98
1.604
1.835
0.519
0.303
0.351
0.522
0.547
0.253
0.203
0.265
0.891
2.355
1.91
1.118
0.659
0.377
0.359
0.288
0.348
0.388
0.628
1.056
1.489
1.901
2.153
1.56
0.514
0.291
0.284
0.595
0.639
0.315
0.251
0.368
1.138
2.09
1.373
1.436
1.472
1.266
0.657
0.276
0.648
0.668
2.007
1.621
1.495
1.188
1.061
0.764
0.303
0.349
0.303
0.488
0.406
0.336
0.228
0.399
1.436
1.747
1.63
1.795
2.04
1.299
0.646
0.291
0.648
0.776
1.813
1.555
1.624
1.326
1.113
0.835
0.315
0.322
0.327
0.449
0.498
0.225
0.203
0.244
0.891
2.355
2.006
1.29
1.22
0.552
0.331
0.286
0.342
0.38
0.567
1.056
0.839
2.107
2.247
1.457
0.509
0.29
0.304
0.408
0.509
0.187
0.226
0.231
1.08
2.236
2.08
1.386
1.236
0.534
0.353
0.246
0.377
0.624
0.741
1.224
1.477
2.107
2.454
1.854
0.346
0.294
0.304
0.399
0.512
0.162
0.252
0.215
1.224
2.285
1.957
1.537
1.227
0.56
0.315
0.268
0.369
0.624
1.102
1.041
1.517
1.856
2.454
1.985
0.339
0.297
0.301
0.236
0.488
0.162
0.277
0.215
1.201
2.305
1.728
1.195
1.169
0.545
0.3
0.228
0.351
0.508
0.979
0.697
1.232
1.376
2.334
1.76
0.327
0.291
0.266
0.236
0.283
0.171
0.287
0.188
1.079
2.254
1.652
1.098
1.164
0.542
0.309
0.224
0.319
0.539
0.969
0.697
1.267
1.139
1.579
1.137
0.303
0.297
0.288
0.394
0.308
0.343
0.226
0.399
1.344
1.802
1.764
1.795
1.997
1.022
0.462
0.267
0.337
0.415
1.586
1.555
1.71
1.706
1.244
0.835
0.295
0.322
0.26
0.251
0.276
0.221
0.246
0.26
1.176
1.783
1.636
1.668
1.801
1.022
0.425
0.267
0.328
0.417
1.443
1.556
2.459
1.978
1.296
0.785
0.278
0.288
0.263
0.237
0.268
0.193
0.281
0.209
0.842
1.657
1.255
0.823
0.424
0.324
0.309
0.195
0.347
0.514
0.909
0.601
1.164
0.931
1.082
0.85
0.285
0.295
0.236
0.262
0.325
0.211
0.413
0.287
1.041
1.565
1.297
0.87
0.424
0.324
0.286
0.218
0.314
0.607
0.857
0.601
1.261
0.699
0.773
0.865
0.257
0.333
0.244
0.425
0.5
0.29
0.623
0.381
0.989
1.096
0.855
0.76
0.423
0.467
0.286
0.25
0.313
0.605
0.849
0.944
0.732
1.009
0.669
0.521
0.257
0.333
0.254
0.402
0.505
0.29
0.811
0.439
0.997
0.972
0.991
0.434
0.508
0.446
0.312
0.231
0.275
0.383
0.324
0.801
0.5
0.708
0.669
0.521
0.239
0.309
0.248
0.378
0.316
0.225
0.828
0.422
1.032
0.972
1.063
0.457
0.547
0.445
0.294
0.283
0.254
0.386
0.365
0.778
0.79
1.26
0.867
0.867
0.239
0.331
0.254
0.206
0.275
0.191
0.235
0.26
1.418
2.209
1.612
1.422
1.296
0.666
0.634
0.267
0.301
0.319
1.626
1.556
2.211
2.082
1.5
0.996
0.296
0.317
0.292
0.251
0.276
0.221
0.259
0.267
1.441
1.578
1.231
1.143
1.117
0.458
0.441
0.255
0.3
0.46
1.42
1.158
2.3
2.082
1.45
0.916
0.292
0.303
0.269
0.508
0.468
0.232
1.05
0.495
1.112
1.506
1.587
0.807
0.583
0.483
0.732
0.901
0.29
0.62
0.926
1.148
1.093
1.631
1.23
1.174
0.321
0.363
0.273
0.701
0.653
0.234
1.136
0.575
1.216
1.944
1.732
0.808
0.761
0.479
0.732
0.914
0.298
0.673
1.229
1.952
1.652
1.844
1.495
1.338
0.347
0.382
0.284
0.677
0.787
0.295
1.146
0.65
1.132
2.319
1.329
0.482
0.643
0.299
0.713
0.915
0.318
0.641
1.186
1.209
1.927
2.061
1.539
1.142
0.363
0.369
0.329
0.654
0.768
0.271
1.067
0.68
1.077
2.352
1.565
0.678
0.574
0.26
0.245
0.336
0.277
0.48
1.009
0.806
1.911
1.939
2.148
1.571
0.399
0.342
0.362
0.857
0.955
0.338
1.043
0.756
1.194
2.451
1.318
0.628
0.391
0.251
0.227
0.361
0.297
0.489
1.009
0.978
2.132
1.972
1.519
1.142
0.399
0.373
0.363
0.366
0.438
0.236
0.412
0.34
1.326
1.275
1.263
0.947
1.054
0.61
0.299
0.297
0.286
0.973
2.349
1.059
1.443
2.018
1.645
0.916
0.324
0.319
0.381
0.498
0.494
0.249
0.554
0.393
1.145
1.201
1.263
0.829
0.794
0.578
0.296
0.31
0.299
0.963
2.282
0.965
1.971
2.325
1.613
0.944
0.352
0.354
0.399
0.858
0.955
0.36
1.043
0.756
1.007
2.626
1.213
1.009
0.568
0.289
0.223
0.352
0.337
0.489
1.012
0.978
2.132
1.972
1.962
1.038
0.365
0.365
0.423
0.784
0.875
0.42
1.06
0.709
1.008
2.373
1.109
0.875
0.732
0.315
0.211
0.337
0.289
0.489
1.012
1.454
2.392
1.972
1.868
0.904
0.361
0.35
0.423
0.749
0.768
0.42
0.979
0.604
1.031
2.549
1.261
1.025
0.801
0.342
0.221
0.345
0.293
0.731
1.722
2.367
2.237
2.33
1.606
0.754
0.36
0.33
0.404
0.739
0.769
0.35
0.942
0.602
0.997
2.758
1.382
1.251
0.822
0.447
0.278
0.34
0.306
0.711
1.723
2.817
2.395
2.55
1.871
0.872
0.354
0.351
0.404
0.737
0.833
0.305
0.945
0.635
1.027
2.758
1.412
1.158
0.824
0.447
0.296
0.338
0.368
0.647
1.441
3.853
2.611
3.005
1.871
0.746
0.351
0.542
0.447
0.651
0.59
0.289
0.691
0.454
1.463
1.23
1.188
0.895
0.884
0.368
0.308
0.32
0.284
0.928
2.172
2.004
2.976
2.442
1.602
0.756
0.367
0.354
0.544
0.785
0.666
0.315
0.849
0.59
1.655
1.373
1.611
1.36
1.174
0.357
0.318
0.333
0.265
0.933
2.864
2.545
2.076
2.371
1.477
0.664
0.407
0.504
0.478
0.737
0.757
0.264
0.94
0.614
0.982
2.805
1.598
1.158
0.839
0.447
0.299
0.335
0.35
0.622
1.441
3.739
2.579
3.12
2.17
0.929
0.378
0.657
0.572
0.753
0.851
0.24
0.96
0.723
1.007
2.485
1.659
1.024
0.707
0.384
0.33
0.306
0.358
0.861
1.577
3.783
2.186
2.538
1.731
1.004
0.36
0.782
0.64
0.741
0.878
0.24
0.94
0.796
1.032
2.513
1.648
1.024
0.56
0.514
0.499
0.313
0.432
0.762
0.96
2.11
2.366
2.538
2.113
0.924
0.36
0.923
0.714
0.726
0.9
0.253
0.928
0.796
1.04
2.033
1.447
1.137
0.557
0.591
0.375
0.284
0.372
0.519
0.564
1.088
2.473
2.435
2.457
1.197
0.373
0.943
0.714
0.755
0.816
0.267
0.891
0.788
1.04
1.934
1.411
1.058
0.656
0.591
1.129
0.308
0.405
0.538
0.946
0.978
2.205
2.051
2.282
1.479
0.393
0.887
0.645
0.785
0.748
0.324
0.869
0.667
1.537
1.373
1.551
1.231
0.993
0.703
0.318
0.333
0.284
0.928
1.943
1.499
3.24
2.158
1.281
0.664
0.381
0.504
0.629
0.768
0.759
0.313
0.865
0.594
1.537
1.392
1.991
1.22
1.344
0.863
0.817
0.352
0.256
0.501
2.028
1.74
3.541
2.501
1.38
0.824
0.381
0.668
0.685
0.774
0.76
0.285
0.845
0.717
0.994
1.835
1.231
0.939
0.828
0.842
1.128
0.299
0.368
0.555
1.104
0.717
1.678
1.588
1.972
1.52
0.487
0.887
0.682
0.745
0.768
0.273
0.78
0.694
1.005
1.702
1.231
1.18
1.778
1.067
1.336
0.324
0.46
0.764
1.172
1.074
2.027
1.574
1.87
1.37
0.488
0.914
0.682
0.64
0.784
0.288
0.725
0.631
1.031
1.814
1.295
1.419
1.668
1.067
1.457
0.399
0.42
0.584
1.317
1.298
2.52
1.93
2.202
1.628
0.493
0.979
0.699
0.558
0.865
0.273
0.725
0.584
0.976
1.831
1.558
1.564
2.583
1.197
1.175
0.363
0.344
0.505
1.162
1.431
2.722
2.212
1.997
1.628
0.49
1.031
0.713
0.436
0.924
0.266
0.677
0.584
0.8
2.284
1.989
1.715
3.701
1.257
1.18
0.385
0.413
0.505
1.327
1.558
2.883
2.464
1.925
1.466
0.492
1.09
0.685
0.684
0.801
0.281
0.842
0.614
1.45
1.529
1.957
1.456
1.379
0.836
1.529
0.429
0.278
0.434
2.028
2.149
3.541
2.309
1.317
1.027
0.355
0.858
0.763
0.564
0.92
0.282
0.842
0.635
1.328
1.468
1.853
2.303
1.646
0.922
1.57
0.403
0.277
0.434
2.613
3.026
3.681
2.39
1.416
1.19
0.347
0.943
0.763
0.304
1.034
0.251
0.675
0.617
0.817
2.429
2.139
2.287
3.01
0.982
0.679
0.378
0.424
0.61
1.327
1.624
3.171
2.554
1.925
1.423
0.389
1.092
0.713
0.304
1.034
0.251
0.66
0.617
0.949
2.429
2.155
2.287
3.443
1.647
1.18
0.402
0.427
0.58
1.171
1.708
3.592
2.595
1.899
1.584
0.389
1.092
0.704
0.514
0.876
0.474
0.556
0.646
0.84
2.273
2.305
2.252
3.216
1.717
0.96
0.348
0.372
0.434
1.132
1.555
3.592
2.793
1.918
1.456
0.554
1.154
0.61
0.803
0.726
0.742
0.433
0.847
0.637
2.053
2.671
2.007
3.216
2.148
0.901
0.348
0.386
0.392
0.872
1.503
3.13
2.804
1.918
1.284
1.019
1.21
0.501
1.068
0.551
0.994
0.314
1.051
0.493
1.551
2.671
1.974
2.686
1.558
0.456
0.355
0.384
0.423
0.667
1.487
2.705
2.96
1.821
1.284
1.388
1.215
0.378
0.462
0.901
0.283
0.834
0.708
1.328
1.45
2.022
2.665
1.576
1.197
1.679
0.416
0.266
0.434
2.985
2.716
2.683
2.167
1.553
1.235
0.32
0.943
0.802
0.462
0.825
0.297
0.804
0.708
1.165
1.664
2.022
1.911
1.508
1.197
1.757
0.488
0.283
0.398
2.308
2.121
2.639
1.987
1.579
1.304
0.32
0.813
0.724
1.361
0.331
1.274
0.225
1.234
0.403
1.285
2.416
1.517
2.31
1.418
0.432
0.325
0.331
0.466
0.563
1.688
2.516
2.441
1.767
1.289
1.741
1.249
0.285
1.371
0.28
1.274
0.225
1.295
0.208
1.037
2.623
1.517
2.081
2.08
0.957
0.506
0.331
0.344
0.463
1.701
2.858
2.451
1.977
1.289
1.741
1.249
0.285
1.371
0.28
1.247
0.245
1.295
0.196
1.084
2.635
1.75
2.094
1.988
0.469
0.478
0.306
0.346
0.565
1.695
2.354
2.95
2.012
1.311
1.741
1.186
0.265
1.286
0.279
1.161
0.276
1.226
0.177
1.119
2.533
1.491
1.43
1.653
0.469
0.503
0.28
0.346
0.586
1.938
2.754
2.936
2.117
1.535
1.834
1.203
0.265
1.297
0.231
1.161
0.276
1.214
0.175
1.1
2.394
1.963
1.446
1.555
0.481
0.353
0.245
0.364
0.582
1.722
2.668
2.302
2.149
1.389
1.457
1.224
0.275
0.383
0.699
0.335
0.674
0.649
0.754
1.45
2.22
1.98
1.508
1.197
1.829
0.488
0.283
0.398
2.301
2.121
2.639
2.297
1.715
1.27
0.506
0.825
0.637
0.621
0.5
0.561
0.532
0.744
0.658
1.311
2.162
2.102
1.508
1.664
2.334
0.504
0.313
0.315
1.436
1.697
2.564
2.297
1.798
1.18
0.584
0.835
0.537
1.303
0.194
1.11
0.276
1.115
0.181
1.113
2.394
2.213
1.694
1.672
0.938
0.96
0.269
0.325
0.532
1.715
2.177
1.966
2.44
1.887
1.474
1.322
0.281
1.195
0.187
1.06
0.272
1.046
0.203
0.998
2.648
2.947
2.215
1.948
1.009
1.013
0.324
0.297
0.413
1.262
1.711
2.089
2.797
2.456
1.476
1.298
0.297
1.158
0.227
1.081
0.267
1.101
0.226
1.063
2.721
2.574
2.244
1.592
0.706
0.386
0.269
0.301
0.362
1.262
1.525
2.442
2.717
2.327
1.479
1.35
0.274
1.182
0.273
1.078
0.267
1.109
0.235
1.087
2.797
2.944
2.004
1.473
0.803
0.386
0.307
0.284
0.342
1.34
1.427
1.927
2.882
2.293
1.479
1.459
0.298
1.221
0.273
1.102
0.27
1.162
0.25
0.979
2.797
2.991
2.304
1.526
0.824
0.529
0.368
0.285
0.34
1.355
1.283
2.021
2.882
2.089
1.651
1.421
0.332
0.871
0.299
0.77
0.396
0.859
0.484
1.052
2.162
2.176
1.354
2.003
1.944
1.433
0.525
0.284
0.779
1.127
2.564
2.843
1.798
1.137
0.684
0.849
0.397
1.036
0.299
0.93
0.276
1.035
0.282
1.185
2.548
2.176
1.449
1.98
2.212
1.528
0.528
0.249
0.371
0.769
2.14
3.238
2.008
1.091
0.873
0.998
0.341
1.111
0.297
1.102
0.239
1.176
0.272
1.055
3.04
2.519
2.251
1.5
0.824
0.536
0.362
0.276
0.332
1.669
1.372
2.147
2.425
2.165
1.651
1.436
0.371
1.07
0.324
1.12
0.209
1.304
0.301
0.999
2.796
2.152
2.429
1.5
0.824
0.536
0.54
0.303
0.377
1.837
1.84
2.226
2.265
1.796
1.44
1.448
0.411
1.086
0.354
1.122
0.237
1.361
0.328
1.098
2.637
1.537
2.221
1.601
0.796
0.504
0.311
0.316
0.42
1.837
2.029
2.578
2.265
1.796
1.062
1.496
0.389
1.064
0.372
1.09
0.247
1.366
0.343
1.122
2.523
2.143
2.854
2.024
0.834
0.5
0.341
0.298
0.484
1.389
1.579
2.153
2.101
1.491
1.593
1.527
0.389
1.022
0.371
1.116
0.221
1.366
0.359
1.098
2.747
1.695
3.325
2.506
1.015
0.526
0.37
0.293
0.461
1.172
1.722
2.153
1.981
1.44
1.132
1.489
0.346
1.147
0.312
1.073
0.229
1.123
0.282
1.257
2.461
1.523
1.484
2.723
2.521
2.603
1.063
0.249
0.333
0.769
2.305
3.388
2.399
1.117
0.873
1.229
0.341
1.033
0.341
1.029
0.216
1.137
0.308
1.257
2.339
1.691
1.632
3.75
2.908
2.701
1.324
0.419
0.398
1.024
2.599
3.773
2.301
1.145
0.854
1.287
0.361
0.982
0.377
1.097
0.201
1.345
0.356
1.107
2.747
1.65
2.828
2.686
0.925
0.364
0.306
0.341
0.562
1.172
1.722
1.711
2.351
1.82
0.652
1.504
0.307
1.0
0.377
1.097
0.235
1.345
0.329
1.107
2.747
1.986
2.689
2.695
0.935
0.338
0.311
0.399
0.639
1.188
1.997
2.047
2.822
1.922
0.913
1.48
0.307
1.06
0.352
1.132
0.255
1.288
0.333
1.145
2.747
2.286
1.703
2.337
0.639
0.285
0.252
0.396
0.536
1.741
2.583
2.487
3.112
2.4
0.785
1.412
0.277
1.019
0.324
1.115
0.239
1.288
0.296
1.085
2.613
2.576
2.042
2.474
0.704
0.266
0.252
0.394
0.49
2.009
3.416
2.666
3.277
1.952
0.892
1.31
0.309
1.004
0.281
1.163
0.219
1.293
0.315
0.974
2.606
2.576
1.594
1.906
0.465
0.246
0.236
0.404
0.458
2.343
4.061
2.78
3.277
2.455
0.892
1.31
0.309
1.078
0.346
1.061
0.216
1.278
0.332
1.476
2.246
1.691
1.787
3.106
2.299
1.923
1.267
0.674
0.69
1.432
2.499
4.181
2.897
1.158
0.704
1.361
0.361
1.019
0.342
1.038
0.221
1.305
0.329
1.476
2.407
2.025
1.871
2.919
1.807
1.923
1.259
0.742
0.663
1.632
2.639
4.167
3.163
1.364
0.847
1.312
0.378
1.115
0.265
1.237
0.242
1.382
0.262
0.895
2.583
2.965
1.594
1.821
0.465
0.246
0.236
0.469
0.649
2.426
4.752
3.081
3.641
2.962
1.126
1.211
0.303
1.115
0.242
1.318
0.263
1.392
0.257
0.924
3.19
3.118
1.53
1.367
0.511
0.287
0.279
0.501
0.578
2.286
4.751
3.677
3.941
2.906
1.287
1.015
0.355
0.906
0.26
1.312
0.249
1.364
0.228
0.901
2.583
3.025
1.683
1.494
0.555
0.51
0.428
0.606
0.702
2.286
4.751
3.532
4.356
2.888
1.242
0.777
0.641
0.656
0.278
1.338
0.227
1.444
0.168
0.845
2.596
3.063
1.84
1.494
0.555
0.528
0.414
0.545
0.727
2.035
4.167
3.218
3.717
2.38
1.698
0.596
0.988
0.526
0.278
1.427
0.242
1.502
0.197
0.845
2.655
2.913
1.77
0.971
0.473
0.507
0.413
0.533
0.778
1.999
4.167
3.638
3.616
2.711
1.698
0.472
1.262
0.974
0.332
1.006
0.197
1.305
0.335
1.628
2.422
1.883
2.014
2.47
1.436
1.001
1.079
0.713
0.631
1.632
2.639
3.632
3.81
2.064
1.007
1.113
0.447
0.829
0.309
1.038
0.197
1.33
0.36
1.624
2.052
1.587
1.798
2.474
1.19
1.033
1.151
0.743
0.707
1.428
2.426
3.195
3.537
2.147
0.815
0.891
0.755
0.362
0.32
1.427
0.24
1.536
0.168
0.93
2.76
2.587
1.916
1.309
0.581
0.857
0.406
0.539
0.778
1.526
3.711
3.708
3.745
2.424
1.872
0.385
1.563
0.304
0.327
1.371
0.234
1.536
0.18
1.049
2.438
2.35
1.918
1.526
0.565
0.643
0.278
0.342
0.757
1.719
3.329
3.377
3.306
2.003
1.828
0.385
1.563
0.265
0.356
1.362
0.216
1.589
0.167
0.912
2.272
2.35
1.895
1.86
0.507
0.583
0.244
0.248
0.639
1.151
2.209
2.468
3.43
1.756
1.414
0.627
1.489
0.29
0.489
1.372
0.229
1.598
0.196
0.908
2.287
2.309
2.597
2.198
1.307
0.468
0.235
0.211
0.458
0.784
1.749
1.862
2.391
1.748
1.346
0.838
1.408
0.329
0.66
1.314
0.252
1.614
0.225
0.978
2.413
2.244
2.54
2.247
1.31
0.448
0.265
0.204
0.398
0.813
1.774
1.944
2.7
1.847
1.346
0.999
1.361
0.71
0.285
1.084
0.217
1.37
0.364
1.4
2.015
1.965
1.993
1.721
0.755
0.809
0.775
0.476
0.72
1.098
2.344
3.27
3.499
2.395
1.023
0.985
0.904
0.564
0.285
1.172
0.215
1.37
0.393
1.12
2.042
1.899
2.046
1.539
0.46
0.641
0.523
0.301
0.509
0.969
2.659
3.091
3.499
2.569
1.191
0.893
1.097
0.317
0.751
1.255
0.241
1.653
0.263
0.978
2.243
2.277
2.581
2.429
1.306
0.447
0.287
0.211
0.324
0.528
1.454
1.944
3.305
1.752
1.432
1.28
1.299
0.309
0.886
1.253
0.259
1.683
0.338
0.861
2.243
2.473
2.245
1.799
0.369
0.198
0.3
0.211
0.519
1.139
1.599
1.992
3.58
1.752
1.144
1.28
1.293
0.292
0.929
1.232
0.235
1.693
0.337
0.789
2.133
2.395
1.515
1.021
0.3
0.337
0.283
0.211
0.362
0.675
1.543
2.71
3.763
2.289
0.956
1.162
1.299
0.306
0.883
1.297
0.236
1.689
0.34
1.004
2.166
2.114
1.606
0.802
0.517
0.586
0.32
0.225
0.73
0.891
2.465
3.223
3.007
2.289
0.905
1.009
1.355
0.281
0.869
1.318
0.21
1.727
0.284
1.021
2.487
2.211
1.464
0.591
0.316
0.449
0.498
0.653
1.033
1.021
2.699
3.261
4.027
2.719
1.181
1.093
1.373
0.376
0.418
1.233
0.215
1.421
0.396
1.045
2.038
2.029
2.285
1.19
0.594
0.641
0.549
0.251
0.509
0.969
3.108
3.054
3.129
2.346
1.442
0.657
1.379
0.331
0.62
1.343
0.215
1.57
0.436
1.324
2.155
2.029
2.21
0.926
0.459
0.659
0.657
0.251
1.351
1.047
2.484
2.826
2.949
2.433
1.435
0.834
1.431
0.256
0.869
1.431
0.203
1.764
0.361
1.211
2.338
2.087
1.464
0.772
0.5
0.937
0.682
0.671
1.064
1.021
2.699
4.094
3.813
2.652
1.181
1.078
1.401
0.256
0.889
1.471
0.192
1.76
0.405
1.443
2.288
2.082
1.376
0.903
0.728
1.418
0.855
0.666
1.064
0.984
2.893
3.574
3.137
2.695
0.971
0.931
1.435
0.27
0.879
1.46
0.179
1.752
0.395
1.46
1.856
2.082
1.474
1.26
1.382
1.805
0.913
0.644
0.682
0.745
1.991
3.422
2.836
2.279
0.793
0.931
1.435
0.27
0.866
1.321
0.179
1.692
0.426
1.587
1.866
2.048
1.482
1.299
1.632
2.184
0.922
0.667
0.66
0.555
1.453
3.656
3.173
1.885
1.149
1.083
1.449
0.254
0.895
1.105
0.164
1.547
0.467
1.62
2.187
2.229
1.501
1.275
1.596
1.925
0.922
0.414
0.488
0.395
0.881
3.078
3.126
2.208
1.301
1.083
1.397
