0.0
0.0
0.0
0.0
0.0
0.0
0.0
0.0
0.0
0.0
0.0
0.0
0.0
0.0
0.0
0.0
0.0
0.0
0.0
0.0
0.0
0.0
0.0
0.0
0.0
0.0
0.0
0.0
0.0
0.0
0.0
0.0
0.0
0.0
0.0
0.0
0.0
0.0
0.0
0.0
0.0
0.0
0.0
0.0
0.0
0.0
0.0
0.0
0.0
0.0
0.0
0.0
0.0
0.0
0.0
0.0
0.0
0.0
0.0
0.0
0.0
0.0
0.0
0.0
0.0
0.0
0.0
0.0
0.0
0.0
0.0
0.0
0.0
0.0
0.0
0.0
0.0
0.0
0.0
0.0
0.0
0.0
0.0
0.0
0.0
0.0
0.0
0.0
0.0
0.0
0.0
0.0
0.0
0.0
0.0
0.0
0.0
0.0
0.0
0.0
0.0
0.0
0.0
0.0
0.0
0.0
0.0
0.0
0.0
0.0
0.0
0.0
0.0
0.0
0.0
0.0
0.0
0.0
0.0
0.0
0.0
0.0
0.0
0.0
0.0
0.0
0.0
0.0
0.0
0.0
0.0
0.0
0.0
0.0
0.0
0.0
0.0
0.0
0.0
0.0
0.0
0.0
0.0
0.0
0.0
0.0
0.0
0.0
0.0
0.0
0.0
0.0
0.0
0.0
0.0
0.0
0.0
0.0
0.0
0.0
0.0
0.0
0.0
0.0
0.0
0.0
0.0
0.0
0.0
0.0
0.0
0.0
0.0
0.0
0.0
0.0
0.0
0.0
0.0
0.0
0.0
0.0
0.0
0.0
0.0
0.0
0.0
0.0
0.0
0.0
0.0
0.0
0.0
0.0
0.0
0.0
0.0
0.0
0.0
0.0
0.0
0.0
0.0
0.0
0.0
0.0
0.0
0.0
0.0
0.0
0.0
0.0
0.0
0.0
0.0
0.0
0.0
0.0
0.0
0.0
0.0
0.0
0.0
0.0
0.0
0.0
0.0
0.0
0.0
0.0
0.0
0.0
0.0
0.0
0.0
0.0
0.0
0.0
0.0
0.0
0.0
0.0
0.0
0.0
0.0
0.0
0.0
0.0
0.0
0.0
0.0
0.0
0.0
0.0
0.0
0.0
0.0
0.0
0.0
0.0
0.0
0.0
0.0
0.0
0.0
0.0
0.0
0.0
0.0
0.0
0.0
0.0
0.0
0.0
0.0
0.0
0.0
0.0
0.0
0.0
0.0
0.0
0.0
0.0
0.0
0.0
0.0
0.0
0.0
0.0
0.0
0.0
0.0
0.0
0.0
0.0
0.0
0.0
0.0
0.0
0.0
0.0
0.0
0.0
0.0
0.0
0.0
0.0
0.0
0.0
0.0
0.0
0.0
0.0
0.0
0.0
0.0
0.0
0.0
0.0
0.0
0.0
0.0
0.0
0.0
0.0
0.0
0.0
0.0
0.0
0.0
0.0
0.0
0.0
0.0
0.0
0.0
0.0
0.0
0.0
0.0
0.0
0.0
0.0
0.0
0.0
0.0
0.0
0.0
0.0
0.0
0.0
0.0
0.0
0.0
0.0
0.0
0.0
0.0
0.0
0.0
0.0
0.0
0.0
0.0
0.0
0.0
0.0
0.0
0.0
0.0
0.0
0.0
0.0
0.0
0.0
0.0
0.0
0.0
0.0
0.0
0.0
0.0
0.0
0.0
0.0
0.0
0.0
0.0
0.0
0.0
0.0
0.0
0.0
0.0
0.0
0.0
0.0
0.0
0.0
0.0
0.0
0.0
0.0
0.0
0.0
0.0
0.0
0.0
0.0
0.0
0.0
0.0
0.0
0.0
0.0
0.0
0.0
0.0
0.0
0.0
0.0
0.0
0.0
0.0
0.0
0.0
0.0
0.0
0.0
0.0
0.0
0.0
0.0
0.0
0.0
0.0
0.0
0.0
0.0
0.0
0.0
0.0
0.0
0.0
0.0
0.0
0.0
0.0
0.0
0.0
0.0
0.0
0.0
0.0
0.0
0.0
0.0
0.0
0.0
0.0
0.0
0.0
0.0
0.0
0.0
0.0
0.0
0.0
0.0
0.0
0.0
0.0
0.0
0.0
0.0
0.0
0.0
0.0
0.0
0.0
0.0
0.0
0.0
0.0
0.0
0.0
0.0
0.0
0.0
0.0
0.0
0.0
0.0
0.0
0.0
0.0
0.0
0.0
0.0
0.0
0.0
0.0
0.0
0.0
1.634
1.219
1.285
1.32
1.163
1.212
1.233
1.396
1.826
2.746
4.125
4.36
3.161
4.338
3.026
2.555
2.398
2.232
1.612
1.807
1.732
2.675
3.315
2.889
1.555
1.119
1.201
1.233
1.068
1.129
1.233
1.23
1.826
2.555
4.125
4.36
3.284
4.338
3.032
2.555
3.021
2.232
1.651
1.807
1.664
2.417
2.665
2.486
1.079
1.011
1.078
1.115
1.037
1.135
1.133
1.23
1.731
1.846
3.3
3.191
3.098
2.968
2.304
2.069
2.378
1.72
1.609
1.322
1.359
2.396
1.766
1.94
1.022
0.985
0.975
0.985
0.956
1.702
1.189
1.231
1.457
1.043
2.191
2.196
2.383
2.405
1.672
1.912
2.378
1.681
1.583
1.193
1.431
1.645
1.637
1.77
1.259
1.24
1.226
1.246
1.335
1.193
1.322
1.654
3.429
2.096
1.326
2.252
2.0
1.277
1.16
1.824
1.339
2.213
1.53
1.725
1.532
2.102
2.999
1.77
1.198
1.146
1.112
1.165
1.244
1.097
1.553
2.577
2.901
2.526
1.558
2.252
2.062
1.32
1.327
1.824
1.371
2.267
1.612
2.04
1.548
2.325
2.317
1.409
1.022
0.952
0.959
0.944
0.953
1.676
1.169
1.306
1.031
0.972
1.387
1.484
1.682
1.882
1.111
1.228
1.761
1.267
1.272
1.142
1.358
1.544
1.603
1.468
1.027
0.964
0.974
0.956
0.958
2.372
1.344
1.767
1.024
0.966
0.881
1.05
1.647
1.228
0.953
0.902
1.448
1.185
1.218
1.15
1.358
1.544
1.603
1.468
1.075
0.937
0.935
0.93
0.944
3.313
1.432
1.802
1.035
0.886
0.881
0.942
1.156
1.131
1.083
0.902
1.038
1.047
1.218
1.5
1.359
1.668
2.173
1.468
1.07
0.915
0.913
0.913
0.931
4.001
1.245
1.802
0.999
0.886
1.004
0.942
1.049
1.397
1.216
1.053
1.038
1.215
1.393
1.707
1.547
1.809
2.743
1.394
1.069
0.915
0.918
0.936
0.931
3.57
1.245
1.745
1.007
0.942
1.118
0.982
1.435
1.748
1.227
1.316
1.386
1.437
1.655
1.72
1.543
1.904
2.699
1.648
1.09
1.066
1.013
1.055
1.107
0.968
1.448
2.527
2.396
2.076
1.352
2.117
2.066
1.209
1.236
1.781
1.277
2.214
1.97
1.914
1.526
2.339
2.349
1.496
1.097
1.066
1.013
1.054
1.12
0.976
1.14
1.55
2.722
2.452
1.685
1.66
1.355
1.215
1.422
1.805
1.242
2.219
1.97
1.685
1.274
2.339
1.796
1.308
1.041
0.909
0.912
0.924
1.173
3.118
1.015
1.658
1.011
1.106
1.632
1.585
2.307
1.748
1.239
1.584
1.724
1.507
1.865
1.998
1.722
2.248
2.852
1.198
1.003
0.917
0.909
0.924
1.179
3.118
1.0
1.214
1.001
1.098
1.699
1.661
2.479
1.652
1.326
1.985
2.261
1.393
2.108
2.202
1.722
2.248
2.899
1.179
1.064
0.917
0.909
0.917
1.174
2.143
0.888
1.171
0.984
1.097
2.198
2.244
3.643
2.14
1.72
1.985
2.585
1.393
2.108
2.097
1.722
1.886
2.247
1.086
0.926
0.915
0.926
0.928
1.232
1.426
0.888
1.105
0.957
1.199
2.155
3.146
3.891
2.169
1.485
1.942
2.585
1.739
2.093
2.097
1.609
1.709
1.711
1.148
0.957
0.962
0.964
0.937
1.292
1.146
0.877
1.193
1.029
1.259
2.307
3.243
4.194
1.888
1.332
1.649
2.105
1.401
2.241
2.418
1.576
1.619
1.654
1.361
1.054
1.021
0.985
0.988
1.001
0.948
1.023
1.382
2.689
1.595
1.429
1.529
1.345
1.215
1.236
1.538
1.17
2.126
1.861
1.732
1.594
2.399
1.621
1.224
1.087
0.997
0.967
0.965
0.951
0.922
0.95
1.562
1.736
1.541
1.377
1.208
1.227
1.134
1.15
1.423
1.026
1.126
1.263
1.643
1.473
2.008
1.628
1.178
1.012
0.975
0.974
0.933
1.049
0.953
0.896
1.285
1.045
1.171
2.837
3.253
3.343
1.605
1.759
1.398
1.723
1.126
2.031
2.418
1.553
1.485
1.715
1.316
1.153
1.015
0.964
0.924
0.973
0.898
0.877
1.402
1.051
1.053
2.246
2.677
2.584
1.605
1.758
1.132
1.392
1.062
1.812
2.079
1.248
1.42
1.695
1.458
1.329
1.019
0.949
0.912
0.954
0.884
0.867
1.61
1.084
1.048
2.172
2.594
1.921
1.396
1.352
1.013
0.954
0.967
1.382
1.816
1.191
1.463
1.787
1.517
1.338
1.043
0.999
0.908
0.949
0.88
0.859
1.829
1.217
1.049
1.603
1.672
1.307
1.162
0.911
0.894
0.954
1.169
1.347
1.657
1.191
1.612
1.976
1.621
1.341
1.043
0.925
0.888
0.868
0.871
0.851
1.888
1.284
1.043
2.175
1.647
1.609
1.162
1.339
1.009
1.289
1.169
1.412
1.191
1.286
1.99
2.293
1.224
1.137
0.948
0.934
0.918
0.972
0.898
0.912
1.839
1.289
1.485
1.344
1.069
1.227
1.017
1.101
1.036
0.918
1.073
1.201
1.297
1.065
1.681
1.569
1.166
1.081
0.925
0.92
0.918
0.938
0.898
0.889
1.506
1.317
1.058
1.523
1.069
1.231
0.98
0.973
0.985
0.918
1.111
1.18
1.099
1.181
1.68
1.809
1.682
1.419
0.983
0.899
0.882
0.867
0.867
0.865
1.929
1.284
1.043
2.387
1.103
1.861
1.168
1.37
1.055
1.421
1.344
1.15
1.144
1.421
1.943
2.165
1.664
1.435
1.045
0.903
0.882
0.88
0.867
0.865
1.929
1.284
0.983
1.865
1.412
1.771
1.359
1.426
1.057
2.215
1.702
1.75
1.341
1.878
2.219
2.165
1.541
1.293
1.0
0.912
0.889
1.287
1.123
0.906
1.802
1.318
1.031
1.914
2.085
2.051
1.841
1.582
1.629
2.25
1.895
1.899
1.449
1.954
2.266
2.087
1.441
1.141
0.99
0.912
0.905
1.353
1.149
0.908
1.802
1.513
1.37
2.953
2.528
2.426
2.405
1.624
1.643
2.333
2.501
2.034
1.449
2.014
2.238
1.931
1.284
1.039
0.919
0.898
0.908
1.397
1.149
0.921
2.219
2.294
1.867
3.264
2.869
2.766
2.599
1.889
2.116
2.101
2.532
2.208
1.414
1.782
1.943
1.787
1.284
1.2
0.925
0.92
0.933
0.947
0.914
0.889
1.372
1.223
2.073
2.105
1.711
1.754
1.086
1.16
1.31
0.999
1.185
1.18
1.099
1.44
1.841
1.998
1.385
1.218
0.942
0.942
0.942
0.972
0.931
0.903
1.485
1.223
1.221
1.909
2.043
2.471
1.218
1.3
1.062
1.088
1.203
1.209
1.401
1.957
1.912
2.51
1.258
1.049
0.93
0.91
0.975
1.4
1.56
1.386
2.462
2.285
1.814
2.67
2.324
1.96
2.826
1.889
1.685
1.333
2.47
2.208
1.553
1.862
1.785
1.72
1.258
0.983
0.923
0.915
0.978
1.407
1.622
1.988
2.547
2.122
2.63
1.774
2.212
1.96
2.826
2.032
1.829
1.458
2.626
2.139
1.676
1.715
1.886
1.859
1.428
0.964
0.923
0.917
0.993
1.031
1.906
2.018
2.547
2.138
3.161
2.058
1.83
1.96
2.977
1.869
1.829
1.231
1.939
1.671
1.517
1.528
1.886
2.002
1.709
1.013
0.958
0.937
1.005
0.982
1.391
1.61
3.208
2.116
3.56
2.606
1.571
1.727
2.977
2.264
1.35
1.229
1.762
1.64
1.479
1.512
1.886
1.909
1.765
1.09
0.958
0.937
1.004
0.941
1.377
1.61
2.719
1.26
3.089
2.058
1.126
1.39
2.54
2.264
1.317
1.082
1.213
1.414
1.385
1.334
1.767
1.987
2.159
1.204
0.94
0.956
0.952
0.963
0.934
0.926
1.381
1.25
1.335
2.5
2.957
2.693
2.059
1.969
1.141
1.172
1.413
1.342
1.602
1.696
1.668
3.008
2.185
1.253
0.94
0.956
0.952
0.963
0.934
0.926
1.422
1.25
1.335
2.428
2.957
2.693
2.052
1.961
1.14
1.172
1.413
1.199
1.565
1.696
2.425
3.077
1.808
1.169
0.899
0.894
0.894
0.886
1.334
1.54
2.439
1.238
1.91
1.677
0.882
1.066
2.105
1.927
0.979
0.955
0.929
1.072
1.203
1.129
1.67
1.841
1.736
1.136
0.89
0.873
0.877
0.873
1.418
1.884
2.844
1.255
2.027
1.978
1.006
1.407
1.52
1.444
1.148
1.216
1.015
1.072
1.203
1.092
1.602
1.828
1.736
1.228
0.904
0.857
0.875
0.87
1.412
1.567
3.497
1.304
1.603
1.879
1.011
1.093
1.804
1.801
0.898
1.052
1.015
1.096
1.135
1.092
1.552
1.828
1.699
1.213
0.888
0.843
0.869
0.87
0.97
1.499
3.583
1.441
1.603
2.167
1.201
1.267
1.602
1.593
1.034
1.06
1.061
1.106
1.329
1.18
1.552
1.706
1.414
1.128
0.888
0.843
0.869
0.86
0.963
1.429
3.451
1.855
2.494
1.851
1.05
1.299
1.602
1.394
1.192
1.384
1.252
1.519
1.619
1.383
1.591
1.803
2.071
1.115
0.929
0.917
0.932
0.963
0.9
0.905
1.176
1.231
1.507
4.024
3.271
2.953
2.45
2.315
1.18
1.184
1.358
1.472
2.011
2.086
2.443
3.077
2.19
1.199
0.946
0.927
0.932
0.974
0.892
0.892
1.267
1.361
2.202
4.046
2.82
3.206
3.146
2.659
1.299
1.215
1.317
1.95
2.681
2.386
2.57
2.58
1.395
1.063
0.957
0.907
0.93
0.902
1.501
1.76
3.451
1.91
3.237
2.06
1.122
1.314
2.04
2.214
1.608
2.013
1.549
1.724
1.799
1.555
1.688
1.827
2.024
0.974
0.984
0.977
0.944
0.929
1.517
1.96
3.501
1.91
3.237
2.086
1.255
1.868
2.373
2.582
1.849
2.013
1.634
1.917
1.84
1.654
1.74
1.881
2.651
1.072
0.984
0.977
0.952
0.933
1.025
1.332
2.787
1.835
3.366
2.196
1.183
1.385
2.948
3.18
1.609
1.821
1.634
1.939
1.717
2.028
1.817
1.909
2.089
1.003
0.99
0.997
0.952
0.93
0.973
1.062
2.187
1.75
3.322
2.477
1.316
1.943
3.181
2.588
1.609
2.548
2.169
1.987
1.838
2.253
1.773
1.929
2.656
1.098
1.001
1.024
0.963
0.93
0.945
1.077
2.466
2.065
2.126
1.902
1.183
1.781
3.181
3.18
1.783
2.628
2.043
1.945
1.732
2.319
1.862
1.929
1.44
1.067
0.906
0.908
0.898
0.974
0.861
0.87
1.363
1.608
2.202
3.559
2.199
2.487
2.963
2.05
1.261
1.143
1.22
1.995
2.675
2.842
2.32
2.946
1.511
1.108
0.882
0.901
0.887
0.935
0.861
0.85
1.279
1.504
2.737
3.265
2.317
1.702
2.775
2.363
1.332
1.122
1.299
3.357
3.093
3.167
2.789
2.693
2.787
1.113
0.976
1.011
0.954
0.945
0.949
1.108
2.478
1.908
1.481
1.598
1.155
2.601
2.824
3.027
1.928
2.594
2.221
1.796
1.842
2.477
2.07
2.001
2.787
1.104
0.982
0.955
0.95
0.94
0.94
0.921
2.687
2.074
1.481
2.303
1.211
2.639
3.194
2.386
1.874
1.928
1.72
1.962
1.868
2.196
2.116
1.956
2.091
1.103
0.963
0.935
0.952
0.929
0.93
0.909
2.351
2.641
1.512
2.468
1.228
2.268
2.927
2.175
1.892
1.979
1.836
1.842
2.042
2.508
2.128
1.832
1.455
0.994
0.963
0.935
0.939
0.929
0.93
0.938
3.089
3.106
1.725
2.316
1.361
2.506
2.399
1.577
1.838
2.035
2.356
2.089
2.273
2.358
2.244
1.841
1.271
0.978
0.954
0.916
0.956
0.946
0.938
0.94
3.822
3.106
1.734
2.139
1.265
1.843
2.698
1.633
1.817
1.611
1.799
2.076
2.493
2.526
2.546
1.571
1.511
1.236
0.879
0.892
0.885
0.934
0.86
0.85
1.274
2.314
2.735
1.734
1.856
1.515
2.162
2.537
1.449
1.183
1.299
3.486
3.27
3.766
2.848
2.123
1.588
1.105
0.909
0.93
0.914
0.934
0.902
0.889
1.274
2.705
2.765
1.769
2.24
1.624
2.186
2.588
1.475
1.324
1.428
3.565
3.915
4.456
2.846
1.86
1.065
0.976
0.954
0.916
0.956
0.946
0.938
0.958
3.125
2.952
2.153
2.845
1.44
2.562
3.337
1.629
1.805
1.652
2.356
2.178
2.464
2.414
2.358
1.58
1.065
0.962
0.954
0.924
0.958
0.94
0.943
1.123
2.64
2.535
3.013
2.941
1.44
1.843
3.099
1.575
2.151
1.539
2.681
2.223
2.272
2.267
2.165
1.472
1.082
0.982
0.934
0.93
0.967
0.946
0.964
1.159
3.06
2.333
3.175
2.941
1.365
2.481
2.904
1.517
2.428
1.448
2.565
2.004
2.511
2.419
2.187
1.522
1.241
0.997
0.927
0.925
0.948
0.94
0.997
1.179
3.156
1.824
3.184
3.507
1.78
2.252
2.855
1.441
1.882
1.478
2.622
2.17
2.511
2.372
2.215
1.841
1.257
0.997
0.942
0.932
0.955
0.944
0.999
1.038
2.634
1.487
3.061
3.292
1.672
2.489
3.254
1.603
2.027
1.494
2.718
2.175
3.252
2.21
1.89
1.632
1.588
1.105
0.909
0.93
0.929
0.9
0.902
0.895
1.163
3.633
3.482
1.769
2.411
1.921
2.113
2.356
1.515
1.724
1.428
3.238
3.348
4.456
2.846
2.189
1.694
1.219
0.909
0.93
0.929
0.9
0.903
0.931
1.219
2.91
2.944
1.796
2.027
1.273
1.523
2.023
1.66
1.763
1.391
2.12
3.197
4.06
3.017
2.272
1.326
1.012
0.943
0.956
0.955
0.94
0.998
1.111
2.991
1.671
3.061
3.292
1.657
3.06
2.523
1.908
2.587
1.502
3.457
2.543
3.048
1.923
1.89
1.773
1.423
0.983
0.922
0.93
0.94
0.922
1.015
1.111
3.258
1.411
2.322
2.683
1.272
2.71
2.296
2.157
2.371
1.45
2.718
2.354
3.048
1.923
1.983
1.725
1.274
0.967
0.921
0.908
0.921
0.912
1.015
1.047
3.659
1.447
1.755
3.09
1.308
3.072
2.756
2.609
1.806
1.436
2.292
2.343
3.15
1.875
2.229
1.723
1.328
0.959
0.938
0.905
0.922
0.918
0.977
1.104
3.134
1.47
1.492
2.597
1.308
2.519
2.199
2.884
1.338
1.436
2.282
2.364
3.049
1.752
2.126
1.706
1.23
0.924
0.939
0.915
0.936
0.92
0.942
1.075
3.194
1.514
1.435
2.019
1.308
2.559
2.307
2.984
1.378
1.319
2.098
2.206
2.16
1.752
2.118
1.528
1.667
1.209
0.915
0.914
0.929
0.881
0.914
0.931
1.265
2.718
3.018
1.769
2.418
1.247
1.46
2.023
1.574
1.759
1.403
3.211
3.301
3.323
2.494
2.272
1.48
1.124
0.912
0.904
0.925
0.883
0.91
0.93
1.562
3.541
2.239
1.727
2.011
1.194
1.202
1.25
1.413
1.736
1.331
2.04
3.301
2.908
2.515
2.269
1.267
0.96
0.932
0.914
0.944
0.931
1.148
1.626
3.461
1.761
1.273
1.588
1.264
2.135
1.795
2.848
1.272
1.213
1.412
1.861
2.16
1.783
2.168
1.67
1.289
0.982
0.932
0.9
0.925
0.914
1.134
1.531
3.461
1.864
1.311
1.533
1.274
1.754
1.719
2.375
1.211
1.158
1.412
1.861
2.095
1.711
1.868
1.436
1.156
1.042
0.953
0.893
0.925
0.914
0.918
2.52
3.453
1.864
1.311
2.001
1.055
1.4
1.408
2.236
1.173
1.158
1.598
1.891
2.235
1.779
1.724
1.515
1.241
1.042
0.953
0.894
0.923
0.935
0.962
2.508
3.186
2.662
1.398
2.069
1.118
1.4
1.408
2.05
1.21
1.22
1.488
2.18
2.469
1.743
1.724
1.543
1.355
1.117
0.921
0.88
0.891
0.918
0.944
2.281
2.59
2.621
1.353
2.35
1.106
1.614
1.564
1.628
1.197
1.296
1.624
2.224
2.652
1.834
1.802
1.786
1.471
1.026
0.919
0.898
0.914
0.886
0.906
0.911
1.559
2.521
2.17
2.33
2.425
1.171
1.083
1.25
1.189
1.642
1.331
3.324
3.133
1.93
2.424
2.444
1.344
1.032
0.909
0.922
0.919
0.913
0.912
0.899
1.541
2.558
3.096
2.489
2.438
1.196
0.995
1.133
1.13
1.642
1.58
3.919
2.845
1.93
2.558
2.444
1.398
1.234
0.962
0.88
0.855
0.904
0.921
2.261
3.099
2.535
1.598
2.317
1.022
1.953
1.35
1.361
1.234
1.494
1.772
2.356
2.752
1.834
1.738
1.777
1.533
1.193
0.938
0.851
0.835
0.859
0.853
1.22
3.365
1.68
1.598
2.348
1.134
2.692
1.35
1.668
1.11
1.493
1.904
2.525
3.414
1.948
1.794
1.777
1.606
1.161
0.935
0.871
0.835
0.917
0.898
1.306
2.59
1.261
1.559
2.851
1.415
3.137
1.953
2.587
1.586
1.812
1.904
2.525
3.448
2.011
2.027
1.928
1.661
1.13
0.901
0.91
0.873
1.15
1.774
0.974
2.212
1.697
1.761
2.311
2.103
3.359
2.98
2.87
1.521
1.493
2.001
2.545
3.368
1.942
2.036
1.864
2.024
1.224
0.904
0.894
0.85
1.071
1.706
0.97
2.231
1.158
2.177
1.818
2.566
3.51
2.377
3.032
2.104
1.644
2.001
2.545
2.767
2.122
1.93
1.841
2.118
1.027
0.909
0.922
0.906
0.911
0.912
0.986
1.608
2.558
2.657
1.944
2.053
1.196
0.995
1.561
1.359
2.134
1.996
4.601
2.913
2.127
3.192
2.599
1.176
1.027
0.909
0.922
0.906
0.911
0.912
0.937
1.507
2.483
2.519
1.944
2.505
1.277
1.564
2.097
1.64
3.285
2.775
4.821
2.802
2.203
2.912
2.732
1.36
1.536
0.943
0.934
0.891
1.107
1.752
0.911
2.231
1.095
2.17
1.418
3.26
3.51
2.384
4.327
3.354
1.623
2.006
3.022
2.866
2.189
1.882
1.753
2.249
1.473
0.91
0.882
0.892
1.114
1.743
0.904
1.399
1.547
1.583
1.418
3.26
3.233
2.69
4.327
3.396
1.54
1.95
3.479
2.866
2.251
2.296
2.55
3.307
2.127
0.913
0.892
0.889
1.114
1.754
0.901
1.373
2.147
1.963
1.903
2.696
2.462
2.827
4.14
4.27
1.86
2.134
4.106
2.812
2.058
1.932
2.846
4.389
2.787
0.913
0.899
0.889
0.935
0.937
0.896
1.305
2.137
2.626
1.819
3.083
2.589
1.665
3.007
3.892
2.357
2.159
4.136
2.747
2.196
3.107
3.56
4.765
2.896
0.995
0.89
0.873
0.892
0.873
0.848
1.305
2.342
2.324
1.676
2.495
2.149
1.422
3.032
4.44
2.54
2.027
4.139
2.914
2.389
4.377
3.769
3.778
1.175
0.973
0.979
0.965
0.946
0.934
1.002
1.458
2.46
1.646
1.886
2.159
1.328
2.297
3.273
2.065
3.39
2.863
4.961
3.701
2.459
3.708
2.3
1.424
2.275
1.47
1.003
0.978
0.97
0.957
1.028
1.386
1.537
1.945
2.633
2.473
1.627
3.391
3.993
2.754
4.116
3.574
5.204
3.701
2.962
4.117
2.369
1.424
2.73
1.114
0.93
0.917
0.925
0.891
0.872
1.38
2.407
1.679
2.322
2.972
2.149
1.684
3.606
3.592
3.35
2.368
3.759
2.828
2.366
4.706
3.862
3.778
2.137
1.248
0.93
0.872
0.878
0.837
0.839
1.466
2.407
1.878
2.703
2.26
2.095
2.066
3.431
3.105
4.195
2.792
3.545
2.872
3.058
6.231
3.862
3.369
2.137
1.249
0.93
0.893
0.883
0.858
0.857
1.623
2.362
1.821
2.703
2.251
1.881
1.803
3.294
3.105
4.775
2.912
2.915
3.14
3.046
4.933
3.072
2.322
1.564
1.249
0.922
0.893
0.882
0.847
0.857
1.782
2.425
1.9
2.173
2.246
1.688
1.608
2.72
2.383
3.97
2.689
2.681
3.614
3.847
5.425
2.697
2.322
1.492
1.169
0.922
0.893
0.882
0.847
0.857
1.782
2.499
1.478
2.536
2.215
1.381
2.37
3.333
1.817
3.149
2.635
2.537
4.17
4.07
4.004
2.254
1.844
2.494
1.446
0.973
0.959
0.955
0.937
1.028
1.536
1.537
1.907
2.64
2.473
1.627
3.322
3.438
2.63
4.116
3.406
4.029
3.819
3.029
4.238
2.335
1.576
3.573
1.439
0.988
0.964
0.939
0.921
0.996
1.536
1.118
1.44
2.805
2.117
1.585
3.33
4.676
2.917
3.206
3.344
4.78
4.488
2.71
4.624
2.806
1.864
1.59
1.14
0.981
0.914
0.879
0.866
0.875
1.742
1.841
1.858
2.836
2.574
1.277
2.255
2.74
1.317
3.011
2.563
2.299
4.963
3.535
4.169
2.443
2.819
1.574
0.98
0.941
0.876
0.853
0.863
0.888
1.685
2.158
2.052
2.704
1.778
1.01
1.451
1.932
1.317
2.145
2.1
2.017
4.963
3.535
3.897
2.261
2.664
1.474
0.892
0.916
0.876
0.896
0.886
0.893
1.908
2.158
1.927
3.001
1.821
1.266
1.5
1.932
1.421
1.874
1.957
2.006
4.932
2.694
2.607
2.433
2.789
1.696
0.969
0.981
0.926
0.936
0.924
0.949
2.041
2.282
2.49
3.408
2.79
1.856
2.085
2.007
1.605
1.874
1.957
2.288
5.163
3.381
2.601
2.165
3.114
1.997
1.109
1.074
0.952
0.936
0.928
0.954
1.744
1.655
2.068
4.457
2.697
2.002
2.115
2.319
2.09
2.067
1.847
2.341
4.485
2.72
2.684
2.362
3.408
3.573
1.439
1.003
0.977
0.945
0.974
0.952
1.805
1.117
1.113
2.819
2.222
1.687
2.536
4.261
2.917
3.206
3.159
4.154
4.835
3.286
4.417
3.363
2.052
2.837
1.534
0.985
0.942
0.94
0.974
0.931
1.844
1.129
1.041
2.084
2.127
2.434
2.773
3.693
2.731
2.232
2.982
4.004
4.805
3.208
4.658
3.13
1.967
2.295
1.076
0.998
0.894
0.905
0.893
0.921
2.057
2.186
2.095
4.316
2.112
1.712
1.609
1.684
2.048
2.763
2.082
3.017
4.434
2.378
2.676
2.373
3.47
2.295
1.175
0.931
0.847
0.886
0.869
0.898
1.966
2.37
1.706
4.316
1.699
1.702
1.615
2.321
2.607
2.755
2.603
3.092
3.619
2.15
1.985
2.462
2.84
2.907
1.22
0.934
0.837
0.878
0.862
0.837
1.871
1.971
1.489
4.185
2.501
1.969
2.192
2.726
2.957
4.096
2.603
3.535
4.252
2.448
2.643
2.616
3.342
2.907
1.77
1.011
0.839
0.84
0.843
0.837
1.669
3.13
1.384
3.009
2.501
1.647
2.431
2.726
2.894
3.796
2.6
3.535
5.421
2.844
2.721
2.649
3.342
2.856
1.709
0.953
0.817
0.824
0.822
0.808
1.566
3.027
1.384
2.916
3.095
1.647
2.51
3.382
3.164
2.782
3.182
3.471
4.75
2.393
2.777
2.816
2.926
3.353
1.534
0.985
0.922
0.908
0.936
0.891
1.844
1.107
1.029
2.282
2.688
3.716
2.537
2.537
2.311
2.105
2.966
2.652
5.492
4.252
4.277
3.704
2.702
2.638
1.091
0.981
0.92
0.904
0.921
0.891
1.958
1.111
1.029
2.282
3.025
3.265
2.537
1.763
1.664
1.499
2.966
2.902
3.671
3.64
4.007
4.62
3.013
2.551
1.564
0.896
0.817
0.836
0.822
0.808
2.004
3.309
1.447
2.536
4.751
1.559
2.615
3.051
2.88
2.734
3.335
2.694
4.428
2.238
3.036
2.451
2.248
2.252
1.578
0.875
0.801
0.804
0.81
0.79
2.004
3.058
1.503
2.094
4.333
1.624
2.635
3.051
3.094
3.472
3.335
2.694
4.357
2.616
3.874
2.585
2.312
1.567
1.054
0.858
0.811
0.805
0.816
0.815
2.395
4.055
1.543
2.37
5.42
2.323
3.745
3.261
2.523
4.995
3.075
3.378
4.936
2.616
4.253
2.585
1.902
1.546
1.027
0.859
0.83
0.81
0.819
0.82
2.478
4.252
1.884
2.37
5.659
2.086
3.016
2.951
2.319
3.609
3.205
3.135
3.764
2.352
3.899
2.829
1.902
1.566
1.027
0.823
0.826
0.811
0.82
0.809
2.478
3.367
2.279
2.598
5.795
1.873
1.912
3.057
2.322
4.152
3.99
4.041
3.312
2.509
4.667
3.161
2.051
2.82
1.087
0.981
0.92
0.904
0.921
0.891
2.087
1.582
1.081
1.773
2.49
3.265
2.866
2.001
1.687
1.569
3.112
2.914
3.555
4.009
4.637
6.222
3.211
2.82
1.463
0.99
0.92
0.922
0.96
0.952
2.09
1.596
1.59
2.044
3.182
4.518
2.949
2.001
2.266
2.179
3.851
2.914
2.685
4.433
4.252
4.601
2.477
1.756
1.03
0.839
0.845
0.844
0.845
0.846
2.571
3.093
2.544
2.454
5.757
1.331
2.366
3.42
2.322
4.879
3.343
3.832
2.985
2.529
4.667
4.01
2.248
1.814
1.066
0.815
0.828
0.821
0.826
0.829
2.448
3.761
2.544
2.841
4.916
1.433
2.3
3.435
2.322
5.293
4.186
4.357
3.141
2.531
3.819
3.946
3.971
2.37
1.053
0.839
0.853
0.844
0.845
0.849
2.146
3.093
2.729
2.96
5.272
1.527
3.032
3.491
2.126
4.012
4.138
4.316
2.948
2.211
3.15
3.815
5.007
2.368
1.053
0.845
0.857
0.852
0.854
0.845
2.146
2.357
3.024
3.442
4.575
1.527
2.995
3.491
2.432
3.213
4.208
3.747
2.72
2.806
2.857
3.173
5.162
2.477
1.062
0.849
0.871
0.872
0.877
0.863
2.151
2.828
3.578
3.361
3.535
1.807
3.048
3.456
2.322
3.213
4.398
4.139
2.915
3.757
2.386
2.969
5.608
2.82
1.463
0.981
0.897
0.906
0.902
0.914
2.018
1.572
1.59
2.229
4.043
5.627
3.857
2.659
2.428
1.738
3.308
3.062
2.268
3.549
4.255
4.357
2.483
2.831
1.299
0.948
0.883
0.869
0.864
0.894
2.019
1.537
1.567
2.229
4.425
5.41
3.358
2.748
2.31
1.468
2.791
3.006
2.329
4.876
5.159
4.357
2.518
1.864
1.0
0.884
0.888
0.88
0.902
0.882
2.109
3.834
3.65
3.688
3.535
1.911
3.296
3.463
2.981
2.812
4.352
4.082
3.352
3.757
2.386
3.189
6.354
1.786
1.0
0.886
0.884
0.875
0.911
0.887
2.379
5.609
4.171
3.688
2.673
1.847
3.075
2.663
2.376
2.722
4.45
4.374
4.024
3.995
2.549
3.189
5.264
2.036
0.94
0.886
0.883
0.875
0.911
0.885
2.402
5.746
4.39
3.383
2.452
2.165
3.657
3.998
2.651
2.525
4.45
4.697
4.774
4.231
3.069
3.665
4.974
1.636
0.907
0.89
0.859
0.857
0.898
0.883
2.541
6.322
4.39
3.278
2.374
2.337
3.485
4.444
2.905
2.516
4.051
4.459
5.393
4.842
3.398
3.793
4.974
2.036
0.908
0.883
0.857
0.846
0.889
0.881
2.159
6.823
3.719
2.776
2.169
2.298
3.387
3.31
2.539
2.551
4.666
4.784
5.393
4.646
3.788
3.72
5.375
3.2
1.299
0.948
0.895
0.898
0.891
0.929
2.197
1.617
1.619
2.78
5.174
5.946
3.355
2.748
2.727
1.962
2.755
2.909
2.324
3.443
5.342
4.758
2.055
3.088
1.231
0.883
0.849
0.848
0.854
0.845
2.177
1.256
0.924
2.48
5.716
5.262
3.012
3.923
3.217
2.456
2.368
3.063
2.551
4.49
5.58
4.236
2.055
2.245
0.876
0.867
0.847
0.846
0.879
0.858
2.187
6.034
4.153
2.396
1.961
2.199
3.548
3.31
2.539
2.748
5.778
5.381
5.174
3.936
3.883
3.72
5.375
2.224
0.918
0.855
0.842
0.828
0.851
0.834
2.242
5.606
3.883
2.262
1.904
2.129
3.548
2.543
2.372
2.648
5.544
5.066
5.148
3.544
3.883
3.956
5.23
2.324
0.863
0.839
0.841
0.833
0.827
0.819
2.242
5.105
3.969
2.273
1.854
2.426
2.994
2.372
2.189
2.489
5.544
4.982
5.323
4.002
3.883
3.325
4.808
2.02
0.859
0.849
0.841
0.829
0.814
0.805
2.316
4.081
3.854
2.842
1.669
2.129
2.382
1.878
1.987
2.489
4.325
4.505
4.95
4.289
3.548
2.973
4.627
2.558
0.909
0.849
0.834
0.83
0.8
0.805
2.296
3.346
3.681
3.282
1.669
2.728
2.443
1.878
1.987
2.595
4.626
4.76
4.749
4.166
3.38
3.16
4.946
4.225
1.915
1.327
0.943
0.951
0.945
0.857
2.197
1.146
1.143
2.642
6.553
6.549
3.954
4.263
3.217
2.455
2.284
4.219
2.418
3.948
4.676
4.236
2.521
2.769
1.531
1.258
0.853
0.853
0.856
0.82
2.234
1.14
0.886
2.732
6.291
5.407
4.409
3.712
3.217
2.416
2.284
3.53
2.182
3.332
4.415
4.482
2.521
3.64
1.279
0.923
0.846
0.863
0.821
0.806
2.38
2.428
4.018
4.037
1.937
3.194
2.584
2.387
1.975
2.454
3.694
3.634
4.749
4.589
3.044
2.986
3.817
3.686
1.364
0.922
0.838
0.841
0.828
0.816
2.407
1.478
2.449
3.952
4.14
3.843
3.078
2.835
1.639
2.244
2.862
3.052
4.817
4.844
3.618
2.965
3.798
4.731
1.758
0.907
0.814
0.841
0.817
0.804
2.407
1.18
2.408
3.952
6.026
3.94
4.29
3.256
2.2
2.016
2.119
2.699
3.949
4.844
2.877
2.629
3.149
5.202
2.418
1.157
0.798
0.807
0.824
0.821
2.242
1.14
1.663
3.352
6.184
3.155
5.923
4.299
2.828
2.513
2.568
3.164
3.022
4.101
2.69
2.402
3.034
5.202
2.418
1.16
0.814
0.809
0.841
0.839
2.203
1.124
1.17
2.406
7.127
3.582
6.21
4.299
3.6
2.592
2.593
3.164
3.133
4.532
3.067
2.673
2.46
2.769
1.513
1.208
0.711
0.705
0.709
0.673
2.12
1.122
1.16
3.253
5.046
3.51
3.184
2.882
2.276
2.993
3.593
3.31
1.861
2.877
4.099
3.912
2.597
3.586
1.525
1.204
0.693
0.697
0.699
0.646
2.323
1.217
1.175
4.132
4.269
3.208
3.906
2.643
2.423
4.191
3.546
3.442
2.616
1.904
4.099
4.69
3.981
3.62
1.973
0.905
0.808
0.796
0.825
0.83
2.181
1.102
0.774
1.652
5.01
3.53
6.967
4.622
2.87
1.895
1.76
2.314
2.562
4.008
2.856
2.367
2.46
2.843
1.65
0.826
0.802
0.796
0.79
0.813
2.181
1.102
0.77
1.652
5.73
3.858
6.967
4.217
3.266
2.291
2.188
2.815
3.338
3.645
3.222
2.369
2.42
3.529
2.656
0.875
0.804
0.803
0.79
0.813
2.254
1.151
0.77
1.888
4.259
2.951
6.464
4.585
4.09
2.084
2.235
2.607
2.767
2.444
2.655
2.893
2.876
3.639
2.063
0.912
0.826
0.821
0.806
0.836
2.451
1.817
1.011
1.751
3.289
3.125
5.465
5.5
3.485
2.865
3.213
3.326
3.096
2.596
2.895
2.967
2.809
3.241
1.603
0.912
0.856
0.844
0.832
0.853
2.711
2.042
1.422
2.315
3.753
3.134
3.826
4.201
3.485
2.865
3.135
3.546
3.767
3.74
3.456
3.774
5.008
3.219
0.9
0.794
0.656
0.659
0.668
0.646
2.401
1.213
1.104
3.674
3.582
2.492
4.395
3.23
2.069
3.699
4.223
4.142
2.364
2.234
3.704
4.626
4.416
3.433
1.172
1.098
0.966
0.938
0.973
0.856
2.543
1.213
1.214
3.655
2.62
3.183
4.276
2.778
1.723
2.647
4.063
3.861
1.793
2.234
3.234
5.23
4.501
4.51
2.695
1.225
1.005
0.988
0.974
0.997
3.028
2.317
1.716
2.493
2.803
2.905
3.277
4.084
2.887
3.047
3.35
3.719
3.191
2.627
3.067
3.842
5.227
5.7
2.826
1.355
1.125
1.11
1.108
1.12
3.028
2.538
1.918
2.581
2.922
2.771
2.614
3.798
3.891
4.538
3.827
4.579
3.903
4.304
4.379
4.75
5.044
5.758
3.048
1.541
1.251
1.319
1.228
1.224
3.085
2.79
2.152
3.63
2.69
2.06
2.149
3.492
3.308
4.086
4.297
4.839
3.559
4.518
4.095
4.794
5.248
4.732
2.072
1.603
1.33
1.398
1.322
1.316
2.935
2.37
1.918
4.502
2.864
2.305
1.697
2.499
2.691
4.775
5.273
4.905
3.559
4.518
4.095
4.342
3.153
3.722
2.072
1.603
1.338
1.407
1.322
1.363
3.009
2.37
2.124
4.502
2.864
2.694
2.175
2.499
2.648
4.114
4.501
4.137
3.189
4.37
4.0
4.342
3.47
2.92
1.166
1.063
0.966
0.938
0.94
0.99
2.638
1.378
1.152
4.235
1.872
3.183
4.276
2.826
1.928
3.1
4.259
2.949
2.011
3.021
3.985
4.811
5.715
3.467
1.416
1.196
1.081
1.061
1.062
1.103
2.376
1.418
1.261
4.324
2.669
2.95
3.541
2.731
1.481
3.22
4.259
3.659
1.976
2.84
4.261
5.032
5.775
3.784
1.542
1.388
1.301
1.376
1.288
1.33
2.856
2.552
1.924
3.33
2.936
3.465
2.686
3.236
2.412
2.89
3.664
3.381
2.911
2.628
4.0
3.522
3.14
2.439
1.353
1.282
1.268
1.253
1.266
1.283
2.535
2.398
1.795
3.262
2.871
3.263
2.235
3.981
3.204
3.128
3.519
3.746
3.047
2.523
3.789
2.628
2.962
2.072
1.187
1.188
1.159
1.156
1.167
1.187
2.172
2.25
1.723
3.165
2.902
2.53
3.159
4.14
3.204
2.796
3.05
3.746
2.766
1.733
2.965
2.628
2.962
2.072
1.076
1.083
1.063
1.062
1.08
1.101
1.747
1.94
1.814
2.196
2.571
3.469
3.601
5.137
3.367
2.76
1.868
3.16
2.632
1.733
2.617
3.091
3.117
2.168
0.99
0.996
0.967
0.992
0.99
1.006
1.277
2.035
2.339
2.196
2.613
3.571
3.862
5.252
3.413
2.438
1.868
3.118
3.081
1.987
2.515
3.64
2.984
3.467
1.566
1.341
1.174
1.083
1.096
1.188
2.376
1.444
1.219
3.752
2.906
3.944
3.886
2.854
1.837
2.743
3.504
3.991
2.294
2.842
4.261
5.032
5.775
3.467
1.63
1.487
1.313
1.221
1.232
1.261
2.194
1.452
1.376
2.653
2.929
4.208
3.666
2.542
1.739
2.743
3.726
4.978
2.294
3.639
3.413
5.089
4.281
1.924
0.916
0.905
0.87
0.906
0.904
0.915
1.277
2.015
2.053
2.886
2.655
2.607
3.399
5.027
3.413
2.332
1.785
3.107
3.081
2.321
2.843
4.379
2.893
1.655
0.916
0.905
0.87
0.906
0.904
0.915
1.184
1.848
2.206
2.55
2.129
1.858
3.403
4.81
2.709
2.098
1.875
3.187
2.909
2.564
2.813
4.867
3.396
2.293
1.081
1.021
0.989
1.025
1.017
1.035
1.449
2.011
2.671
2.895
2.131
1.902
3.762
5.064
2.31
1.766
2.077
2.842
3.281
2.962
3.018
4.867
3.664
2.491
1.234
1.129
1.11
1.135
1.124
1.148
1.691
2.138
2.887
3.059
2.128
2.178
3.403
3.929
2.184
1.766
2.281
2.842
3.177
2.962
2.551
4.302
3.497
2.558
1.627
1.266
1.229
1.254
1.247
1.256
1.724
2.163
3.016
2.892
2.147
1.806
3.077
3.129
2.223
2.032
2.506
2.842
3.132
2.785
2.608
3.803
3.13
3.009
1.66
1.503
1.383
1.356
1.354
1.325
2.037
1.507
1.478
2.757
2.182
3.666
2.823
2.163
2.012
3.295
3.362
4.625
2.719
3.542
3.063
4.459
4.455
3.254
1.825
1.481
1.411
1.401
1.365
1.353
1.89
1.507
1.649
2.885
2.109
3.115
2.133
2.277
2.012
3.368
4.425
4.98
2.988
2.85
2.878
3.887
3.837
2.356
1.743
1.395
1.351
1.367
1.38
1.373
1.8
2.152
2.723
2.422
2.037
1.592
2.986
2.506
2.423
2.297
2.439
3.168
2.856
2.89
2.928
3.575
3.141
2.42
1.75
1.412
1.375
1.369
1.397
1.381
1.81
2.152
2.741
2.349
2.224
1.776
3.081
2.368
2.573
2.59
2.736
3.082
3.309
2.691
2.722
3.117
3.038
2.688
1.802
1.505
1.395
1.437
1.422
1.406
2.236
2.242
2.766
2.394
2.978
1.712
2.629
2.867
3.159
2.933
2.736
3.274
3.765
2.624
2.592
2.946
3.038
2.476
2.207
1.606
1.502
1.541
1.527
1.506
2.062
2.712
2.456
2.394
3.828
1.946
2.651
2.672
2.982
2.933
2.6
3.158
3.856
2.725
2.926
2.995
3.336
2.569
2.012
1.58
1.593
1.636
1.605
1.575
2.038
2.835
2.191
2.348
3.886
1.851
2.452
2.991
3.19
2.678
2.193
2.909
3.87
2.707
2.965
3.357
3.354
3.178
1.718
1.434
1.353
1.357
1.371
1.344
1.89
1.59
1.766
2.235
2.43
2.863
1.893
2.277
1.824
3.141
4.377
4.98
3.222
3.209
2.878
3.592
3.434
3.786
2.133
1.441
1.395
1.396
1.416
1.39
2.151
1.617
1.774
2.068
2.43
3.528
2.25
2.468
2.314
3.346
3.652
4.419
3.222
3.587
2.374
3.427
3.808
2.296
1.571
1.572
1.577
1.574
1.579
1.555
2.063
2.864
2.106
2.193
3.886
1.809
2.331
2.991
3.124
2.49
2.654
3.307
3.87
3.116
3.375
3.452
3.313
2.569
1.747
1.569
1.582
1.568
1.57
1.537
3.238
3.147
2.173
2.127
3.858
1.686
2.153
2.84
2.334
2.102
2.661
3.307
3.694
2.877
3.101
3.155
3.25
2.874
1.74
1.561
1.567
1.62
1.586
1.536
3.463
3.183
2.213
1.987
3.28
1.57
2.039
3.198
2.295
1.741
2.963
3.438
3.05
2.836
3.081
3.014
3.154
2.595
1.64
1.461
1.448
1.495
1.468
1.407
2.459
2.832
2.263
1.989
2.572
1.864
3.371
3.198
2.143
1.547
2.932
3.068
2.5
2.628
2.863
3.107
2.556
2.276
1.427
1.331
1.326
1.377
1.349
1.302
2.632
2.55
2.222
1.813
2.184
1.612
2.012
2.7
2.186
1.582
2.887
3.417
2.5
2.238
2.535
3.2
2.294
4.234
2.085
1.432
1.395
1.396
1.416
1.39
2.151
1.617
1.925
2.449
2.373
3.322
2.322
2.379
2.034
3.136
3.336
4.867
3.7
4.558
2.622
3.869
3.808
4.772
2.089
1.389
1.362
1.357
1.366
1.367
2.219
1.692
1.923
2.449
2.839
2.925
2.574
2.379
1.851
2.435
3.413
4.312
3.438
3.728
2.919
3.574
3.751
2.156
1.524
1.293
1.294
1.295
1.282
1.258
2.844
2.688
2.369
1.813
1.781
1.33
1.918
2.118
1.875
1.478
2.753
3.42
2.662
2.179
2.501
3.096
2.294
3.649
1.745
1.266
1.266
1.26
1.231
1.241
2.844
2.612
2.541
2.016
1.826
1.561
1.961
2.113
1.702
1.478
2.344
3.473
3.053
2.179
2.219
2.743
2.647
2.227
1.527
1.212
1.237
1.24
1.205
1.207
2.62
2.241
2.325
1.756
1.64
1.868
2.171
2.431
2.013
1.478
2.198
3.012
2.887
2.184
2.501
3.065
2.721
2.025
1.445
1.122
1.132
1.128
1.101
1.105
2.31
1.953
2.172
1.723
1.573
1.833
1.652
2.479
2.331
1.694
1.679
3.043
3.414
2.242
2.616
3.415
3.004
2.374
1.407
1.048
1.035
1.02
1.008
1.009
2.221
1.487
1.967
1.873
1.573
1.534
1.652
1.787
2.071
1.722
1.878
3.083
3.566
2.221
2.506
3.007
3.443
5.342
2.854
1.436
1.322
1.324
1.3
1.313
2.135
1.64
2.097
2.776
2.718
2.869
2.55
2.31
1.288
1.558
3.233
4.1
2.801
4.832
3.246
3.672
3.742
4.624
1.956
1.256
1.189
1.184
1.147
1.165
2.175
1.432
1.9
3.401
3.118
3.256
2.524
2.093
1.282
1.293
2.322
3.7
2.836
5.897
3.642
3.988
3.322
2.374
1.322
0.966
0.936
0.919
0.917
0.911
1.921
1.237
1.884
1.918
1.573
2.005
1.877
1.863
2.035
1.799
1.902
2.724
3.65
2.288
2.478
3.092
3.924
2.282
0.98
0.867
0.813
0.799
0.809
0.825
1.863
1.109
1.541
1.888
1.53
2.167
2.298
2.165
2.23
1.799
1.902
2.526
2.942
2.244
2.518
2.872
3.87
1.954
0.98
0.867
0.809
0.799
0.809
0.825
1.863
1.109
1.356
1.524
1.575
1.983
2.298
2.634
2.536
1.868
1.902
2.198
2.442
2.152
2.58
2.961
3.34
1.893
1.006
0.871
0.797
0.808
0.813
0.799
1.929
1.101
1.386
1.968
1.617
1.474
2.129
2.324
2.544
1.868
1.898
2.245
2.613
2.315
2.428
3.744
3.452
1.783
1.084
0.878
0.804
0.818
0.876
0.808
2.096
1.318
1.408
2.547
1.449
1.385
1.983
1.829
2.257
1.716
1.761
2.245
2.613
2.363
2.428
3.407
3.192
4.624
1.857
1.122
1.052
1.056
1.01
1.043
1.998
1.257
1.448
3.253
2.602
3.395
2.441
1.919
1.321
1.331
2.119
3.56
3.278
5.354
3.22
3.708
3.492
3.462
1.017
0.972
0.926
0.928
0.907
0.924
1.841
1.182
1.323
2.819
1.889
2.538
2.027
1.919
1.067
1.331
1.555
2.987
4.153
5.268
3.22
3.391
3.064
1.783
1.034
0.878
0.808
0.809
0.876
0.787
2.162
1.358
1.28
2.619
1.449
1.321
1.382
1.597
2.213
1.588
1.535
2.095
3.232
2.296
2.428
3.492
2.736
1.814
1.104
0.873
0.807
0.799
0.855
0.769
2.204
1.852
1.821
2.908
1.625
1.321
1.972
1.623
2.166
1.801
1.726
2.089
3.338
2.147
2.207
2.52
2.681
1.814
1.085
0.855
0.825
0.892
0.882
0.793
2.558
2.668
1.828
2.908
1.625
1.081
1.097
1.235
1.764
2.23
2.086
2.171
3.338
2.383
2.838
2.83
2.168
1.676
0.975
0.833
0.836
0.904
0.889
0.782
2.204
2.582
2.887
4.057
1.865
1.432
2.227
1.222
1.944
2.574
1.86
2.645
4.082
2.604
2.956
2.736
2.157
1.535
0.966
0.846
0.88
0.926
0.843
0.814
2.16
2.599
3.19
3.661
1.765
1.463
2.043
1.148
1.567
2.809
2.068
2.557
4.046
2.514
3.092
2.732
2.471
2.973
1.084
1.168
0.948
0.916
0.909
0.922
1.955
1.182
0.988
1.555
1.845
1.863
2.027
2.183
0.953
1.461
2.089
2.061
3.421
3.994
3.523
3.931
3.6
2.973
1.211
1.116
0.862
0.833
0.833
0.827
1.773
1.1
0.989
1.473
1.845
2.567
1.685
2.324
1.067
1.761
2.177
2.024
3.99
5.059
3.76
4.237
3.913
1.518
0.966
0.846
0.88
0.868
0.825
0.799
1.98
2.223
3.19
2.832
1.724
1.416
2.011
1.156
1.312
2.716
1.955
2.399
3.296
2.203
3.453
3.063
2.955
1.518
1.152
1.002
0.914
0.942
0.856
0.8
2.133
2.36
3.605
2.454
1.504
1.643
2.194
1.355
1.579
2.927
2.209
2.399
3.302
2.334
3.453
2.859
3.15
1.448
1.079
1.014
0.915
0.942
0.874
0.818
2.253
2.399
3.7
2.003
1.52
1.305
1.698
1.299
1.921
2.62
1.933
2.293
2.909
2.423
3.814
3.397
3.369
1.451
1.079
1.014
0.941
0.894
0.859
0.832
2.114
1.601
3.7
2.039
1.588
1.305
1.729
1.375
1.921
2.077
1.801
2.065
3.403
2.465
2.855
3.096
3.369
1.526
1.175
1.036
0.934
0.878
0.843
0.822
2.009
1.603
3.815
2.039
1.472
1.073
1.149
1.245
1.921
1.566
1.6
1.735
2.524
2.45
2.639
3.055
3.288
2.367
0.97
0.941
0.862
0.833
0.833
0.827
1.958
1.1
0.989
2.066
1.811
2.55
1.685
2.324
1.32
1.936
2.189
1.81
4.208
5.008
4.285
3.909
3.637
1.889
1.021
1.098
0.869
0.839
0.85
0.839
1.763
1.171
1.128
1.853
2.073
2.458
1.743
2.279
1.178
1.936
2.25
1.336
4.816
4.88
4.648
3.278
3.622
1.526
1.169
1.037
0.921
0.88
0.854
0.828
1.867
2.443
3.709
1.989
1.472
1.011
1.167
1.17
1.734
1.547
1.6
1.567
2.532
2.529
2.648
3.957
2.662
1.294
0.979
0.888
0.885
0.882
0.855
0.825
1.75
2.415
2.752
1.657
1.446
1.065
1.601
1.314
1.784
1.541
1.683
1.428
2.532
2.654
2.317
3.5
2.849
1.294
0.867
0.869
0.872
0.868
0.833
0.844
1.309
2.227
3.204
1.506
1.217
1.065
1.54
1.178
1.643
1.541
1.791
1.758
2.015
2.654
2.732
4.555
3.655
1.541
0.916
0.881
0.898
0.883
0.844
0.885
0.955
1.323
3.327
2.101
1.217
1.261
1.377
1.17
1.212
1.583
1.793
1.765
1.995
2.533
2.777
3.146
2.544
1.433
0.916
0.9
0.863
0.877
0.841
0.851
0.955
1.344
2.913
2.845
2.091
1.835
1.776
1.074
1.273
1.566
1.529
1.389
1.995
2.372
3.03
3.397
3.287
2.417
0.982
1.078
0.888
0.831
0.864
0.846
1.743
1.292
1.362
1.847
2.056
1.623
1.548
1.749
1.051
1.906
2.137
1.117
3.771
5.319
4.932
4.639
3.258
2.417
0.991
1.101
0.888
0.84
0.86
0.847
1.501
1.23
1.316
1.883
2.157
2.517
2.583
1.749
1.265
1.621
2.002
1.673
3.221
5.2
4.932
4.639
3.258
1.309
0.849
0.868
0.846
0.877
0.841
0.885
0.963
1.267
2.028
2.51
3.683
1.835
1.776
1.06
1.183
1.341
1.529
1.771
2.307
2.184
3.314
3.405
3.452
1.347
0.874
0.887
0.861
0.884
0.835
0.894
0.96
1.215
1.898
2.846
4.695
2.213
1.832
1.401
1.214
1.096
1.374
1.946
2.371
2.185
3.371
2.276
3.429
1.437
0.94
0.939
0.921
0.92
0.865
0.916
0.922
1.347
1.921
3.06
5.762
2.304
2.17
1.354
1.162
1.434
1.257
1.946
2.371
2.044
3.371
2.113
2.346
1.003
0.987
0.975
0.933
0.921
0.873
0.916
0.922
1.338
1.133
3.024
5.762
2.157
2.294
1.507
1.197
1.131
1.257
1.62
2.407
2.115
3.614
2.113
2.011
1.003
0.963
0.99
0.933
0.901
0.87
0.916
0.925
2.058
1.133
2.619
5.954
1.65
2.797
1.778
1.311
1.151
1.765
1.534
2.198
2.115
3.244
2.644
2.127
2.482
0.963
0.948
0.898
0.877
0.895
0.872
1.189
1.234
1.357
3.116
2.279
2.862
1.985
1.91
1.623
2.159
2.002
2.541
3.501
6.157
5.306
3.68
2.691
2.111
0.963
0.938
0.903
0.881
0.92
0.889
0.998
1.181
1.326
3.266
1.873
2.059
1.699
1.777
1.687
1.576
1.36
2.479
3.569
5.112
4.484
2.919
1.837
1.102
1.009
1.001
1.0
0.935
0.906
0.927
0.925
2.017
1.174
2.302
4.914
1.247
2.022
1.84
1.286
1.166
1.732
1.439
1.886
2.401
2.658
2.436
2.25
1.118
1.01
1.012
1.0
0.947
0.929
0.934
0.918
2.017
1.253
2.438
4.914
1.65
2.862
1.84
1.359
1.287
2.033
1.439
2.023
2.548
2.374
3.269
2.502
1.236
1.042
1.033
1.043
0.955
0.937
0.949
0.933
1.928
1.272
2.029
4.606
1.814
3.027
2.447
1.571
1.822
2.349
2.175
2.06
2.548
2.704
4.13
3.415
1.432
0.995
1.003
1.037
0.946
0.94
0.949
0.938
1.169
1.241
1.708
3.915
1.975
3.37
2.352
1.786
1.45
2.629
2.699
2.315
3.373
2.945
4.809
3.249
1.47
0.994
1.0
1.035
0.957
0.945
0.949
0.954
1.217
1.351
2.023
3.746
2.024
3.36
2.325
1.722
1.553
2.102
2.731
2.298
3.251
2.321
4.502
2.726
1.632
1.061
1.049
1.013
0.995
1.026
1.024
0.97
1.153
1.22
2.194
2.947
2.085
1.778
2.319
2.145
1.942
2.014
2.529
4.407
4.873
3.605
3.57
2.385
1.671
1.002
0.912
0.885
0.843
0.885
0.853
0.793
0.981
1.148
1.375
2.814
1.743
2.8
2.31
2.088
1.951
2.401
3.311
4.407
4.802
3.056
3.387
3.929
1.348
1.046
1.017
1.002
0.951
0.945
0.938
0.929
1.081
1.288
1.961
3.27
3.068
4.382
1.737
1.448
1.418
1.735
2.657
2.298
3.251
2.515
4.546
3.929
1.736
1.153
1.118
1.051
0.951
0.943
0.944
0.918
0.978
1.264
2.018
3.634
3.455
4.382
1.712
1.448
1.418
1.735
3.036
2.713
3.295
2.497
4.546
3.155
2.022
1.305
1.111
1.057
0.971
0.943
0.932
0.925
1.059
1.382
1.786
2.748
2.987
3.35
1.713
1.429
1.507
1.966
2.513
2.713
3.825
3.133
4.028
2.927
1.913
1.193
1.013
0.958
0.955
0.942
0.932
0.897
1.0
1.328
1.786
3.092
2.957
3.353
1.323
1.187
1.507
1.566
2.202
2.533
3.498
3.133
4.115
2.117
1.46
1.191
1.013
0.93
0.917
0.913
0.902
0.877
0.974
1.586
2.025
4.096
2.889
1.626
1.484
1.187
1.384
1.407
1.793
2.267
2.92
2.809
3.354
2.551
1.462
1.03
0.913
0.869
0.863
0.881
0.838
0.781
0.828
1.148
2.678
4.189
2.373
3.389
2.671
2.306
2.065
2.597
3.959
4.407
3.902
3.058
2.602
1.942
1.513
1.162
1.002
0.901
0.897
0.909
0.861
0.873
0.959
1.264
2.839
4.189
1.766
2.309
2.132
2.177
2.11
2.935
3.142
3.999
3.916
3.058
2.581
1.755
1.495
1.17
0.996
0.904
0.893
0.885
0.879
0.838
0.853
1.342
1.782
4.758
2.889
1.443
1.443
1.108
1.642
2.313
1.851
2.136
2.871
2.755
2.914
1.436
1.364
1.102
0.932
0.903
0.892
0.885
0.933
0.866
0.887
1.293
1.944
4.128
2.721
1.443
1.147
1.052
1.554
2.281
1.851
2.174
3.601
2.886
2.801
1.226
1.034
0.968
0.932
0.903
0.861
0.889
1.769
0.897
0.955
1.253
2.437
3.317
2.862
1.972
1.309
1.147
2.206
2.381
1.676
1.798
3.281
2.836
3.042
1.113
0.946
0.944
0.953
0.906
0.84
1.315
2.234
1.237
0.955
1.051
2.831
3.317
2.771
1.962
1.307
1.09
2.229
1.475
1.62
1.798
3.637
3.531
3.411
1.088
0.916
0.925
0.919
0.917
0.84
1.286
2.409
1.39
1.013
1.066
3.333
2.041
1.955
1.844
1.307
1.178
1.939
1.427
1.64
1.943
3.109
2.23
2.632
1.942
1.356
1.175
1.03
0.885
0.861
0.863
0.818
0.836
0.92
2.488
3.062
4.457
1.991
2.575
1.558
1.687
1.565
2.389
3.188
4.745
3.738
2.696
2.471
1.846
1.228
1.042
0.976
0.858
0.819
0.796
0.762
0.815
1.044
2.599
3.518
3.826
1.965
3.123
1.415
1.522
1.454
2.193
2.816
4.505
3.526
3.048
2.407
1.087
0.898
0.943
0.947
0.914
0.849
1.288
2.465
2.284
1.153
1.066
3.956
1.334
1.818
1.814
1.307
1.635
1.952
1.319
1.608
1.983
2.992
2.377
2.611
1.087
0.878
0.922
0.925
0.903
0.822
1.767
2.465
2.337
1.191
1.077
4.824
1.133
1.888
1.841
1.324
1.619
1.824
1.319
1.529
1.983
2.992
2.377
2.611
1.058
0.889
0.9
0.901
0.892
0.817
1.767
2.288
2.932
1.191
1.077
4.592
1.136
1.81
1.336
1.273
1.677
1.824
1.272
1.487
1.932
1.82
1.984
2.017
1.022
0.871
0.853
0.823
0.823
0.78
1.275
1.564
2.123
1.285
1.073
4.747
1.054
1.314
1.336
1.154
1.672
1.603
1.19
1.442
1.88
2.178
1.862
1.466
0.947
0.849
0.795
0.774
0.754
0.755
0.77
1.139
1.958
1.197
1.411
4.747
1.053
1.314
1.273
1.267
2.092
1.527
1.23
1.408
1.474
1.881
1.862
1.361
1.289
1.112
0.922
0.861
0.807
0.77
0.753
0.714
0.781
1.313
3.709
3.518
2.394
2.565
3.645
1.086
1.362
1.265
1.692
2.816
4.237
3.526
3.434
2.019
1.636
1.112
0.894
0.837
0.787
0.77
0.749
0.731
0.872
2.444
3.709
3.412
1.492
2.38
2.94
1.351
1.517
1.228
1.251
2.006
4.081
2.798
3.747
2.019
0.944
0.849
0.789
0.787
0.754
0.732
0.74
0.887
1.876
1.581
1.494
5.057
1.148
1.592
1.786
1.46
1.598
1.354
1.342
1.408
1.474
2.259
2.268
1.43
0.96
0.849
0.789
0.787
0.763
0.732
0.756
1.141
1.876
1.355
1.968
4.858
1.177
1.684
1.798
1.399
1.228
1.581
1.553
1.615
1.388
2.332
2.274
1.457
1.11
0.906
0.861
0.908
0.85
0.793
0.756
1.8
2.492
1.452
1.874
4.258
1.277
1.891
2.137
1.576
1.333
1.403
1.532
1.72
1.546
2.451
2.843
1.706
1.258
1.041
1.0
1.025
0.986
0.93
0.915
1.8
2.224
1.622
2.479
4.258
1.334
1.891
2.983
1.947
1.377
1.403
1.573
1.889
1.627
2.499
3.297
2.076
1.411
1.178
1.137
1.149
1.128
1.066
1.055
2.53
3.452
2.06
2.506
3.54
1.486
2.298
2.878
1.947
1.398
1.417
1.834
1.993
1.678
2.097
3.37
2.391
1.433
1.181
0.981
0.943
0.819
0.798
0.769
0.758
1.003
2.565
3.742
2.265
1.492
2.38
2.795
1.351
1.602
1.159
1.106
1.455
4.183
3.434
3.511
2.311
2.355
1.243
0.942
0.935
0.88
0.847
0.816
0.773
0.97
2.601
2.634
2.704
2.975
3.507
3.098
1.521
1.895
1.159
1.106
2.186
4.598
3.434
3.511
2.583
1.516
1.201
1.168
1.174
1.128
1.081
1.075
2.458
3.298
2.173
3.063
4.302
1.568
2.851
2.997
2.302
1.398
1.447
2.053
2.318
1.855
2.3
3.416
2.469
1.657
1.339
1.205
1.208
1.192
1.156
1.149
3.096
3.317
1.723
3.063
3.511
1.553
2.685
2.462
2.003
1.398
1.97
2.618
2.704
2.307
1.969
2.997
2.463
1.544
1.308
1.181
1.151
1.15
1.12
1.126
2.799
3.454
1.672
2.572
3.377
1.928
2.955
3.111
2.293
1.55
2.01
2.524
2.318
2.307
1.763
2.84
2.214
1.394
1.244
1.183
1.151
1.043
1.011
1.005
2.185
2.558
1.626
2.972
4.031
1.893
2.735
2.725
2.093
1.4
2.001
2.414
2.308
2.124
1.617
2.197
2.018
1.291
1.118
1.069
1.072
0.954
0.927
0.925
1.492
2.204
1.724
2.972
2.799
1.774
2.316
2.072
1.829
2.1
2.141
2.748
2.529
2.168
1.667
1.965
1.729
2.934
1.262
0.964
0.961
0.964
0.929
0.903
0.868
1.048
2.601
2.438
2.704
3.313
3.107
2.5
1.691
1.711
1.253
1.221
1.45
3.81
2.7
3.369
2.297
3.097
1.451
1.101
1.106
1.103
1.062
1.036
1.004
1.178
2.33
2.351
2.203
3.489
3.164
2.074
1.868
1.811
1.688
1.561
1.513
3.302
2.812
3.573
2.748
1.283
1.113
1.097
1.095
0.954
0.927
0.925
0.962
1.566
1.696
3.196
3.484
1.504
1.738
2.087
2.444
2.176
2.11
2.173
2.381
2.462
1.519
1.743
1.557
1.424
1.297
1.264
1.248
1.056
1.04
0.96
0.982
1.604
1.506
2.388
2.763
1.661
1.727
2.801
1.953
1.5
2.128
1.948
2.013
2.037
1.419
1.743
1.557
1.297
1.215
1.348
1.214
0.982
0.959
0.879
0.902
1.562
1.471
2.49
3.548
2.145
2.121
4.053
2.073
1.653
2.183
1.698
1.696
1.793
1.563
1.792
1.667
1.518
1.343
1.453
1.315
1.097
1.079
0.99
0.99
1.562
1.468
2.432
3.287
1.717
1.775
3.431
1.844
1.603
1.618
1.641
1.546
1.974
1.807
1.933
1.709
1.578
1.405
1.342
1.152
1.117
1.09
1.001
0.99
1.295
1.436
1.651
3.688
1.993
1.859
3.519
1.844
1.603
1.679
2.006
1.865
1.974
2.058
1.96
1.748
3.097
1.451
1.213
1.245
1.226
1.177
1.17
1.156
1.241
1.571
1.873
2.355
3.655
2.734
1.803
2.087
1.972
1.816
1.605
2.249
3.415
2.812
3.877
3.234
2.573
1.609
1.22
1.264
1.226
1.177
1.176
1.18
1.139
1.409
1.881
2.597
4.254
3.004
1.93
2.48
2.808
2.099
2.073
2.25
2.5
2.601
3.225
3.425
1.578
1.405
1.342
1.152
1.097
1.073
0.982
0.986
1.564
1.436
1.651
4.093
1.993
1.859
3.519
1.735
1.508
1.547
1.763
1.546
1.927
1.838
1.824
1.883
1.818
1.498
1.405
1.099
1.064
1.028
0.946
0.941
1.786
1.425
1.754
3.866
2.092
1.872
2.355
1.673
1.539
1.653
1.825
1.666
1.927
1.975
1.928
1.901
1.724
1.398
1.265
1.013
1.0
0.963
0.965
0.958
2.137
2.528
1.782
3.866
1.849
1.667
2.711
1.673
1.598
1.647
1.825
1.889
1.983
2.006
1.892
2.175
1.816
1.32
1.119
0.984
1.008
0.963
1.057
1.039
2.148
2.528
1.715
3.49
1.642
1.667
1.658
1.58
2.084
1.56
1.816
1.894
2.044
1.894
1.825
1.901
1.566
1.202
1.012
0.92
0.929
0.9
0.965
1.664
2.587
2.497
1.853
3.079
1.766
1.809
2.098
1.817
2.148
1.501
1.854
2.021
1.91
1.894
1.874
1.891
3.139
1.514
1.163
1.199
1.188
1.128
1.133
1.101
1.064
1.368
1.788
2.821
3.763
3.008
1.93
2.491
2.329
2.694
2.259
2.488
4.205
3.998
3.719
3.186
3.139
1.666
1.116
1.15
1.118
1.072
1.083
1.084
1.063
1.438
2.163
3.421
2.946
2.039
2.037
2.397
2.118
2.099
2.0
1.753
3.528
3.93
4.194
3.904
1.435
1.093
0.973
0.906
0.905
0.888
0.949
1.664
2.587
2.517
2.012
2.686
1.521
1.764
2.033
1.779
2.148
1.438
1.767
1.78
2.113
2.117
2.015
2.786
1.314
1.093
0.972
0.913
0.915
0.881
0.935
1.662
2.373
1.448
2.012
2.859
1.553
1.901
2.033
1.844
2.37
1.502
1.748
2.206
2.444
2.206
2.13
2.653
1.219
1.079
0.972
0.913
0.915
0.881
0.929
1.67
2.224
1.295
2.094
2.434
1.452
2.481
2.736
2.14
2.072
1.502
1.827
2.627
2.558
2.866
2.26
2.633
1.2
1.079
0.99
0.928
0.909
0.877
0.919
1.653
1.485
1.257
2.537
3.105
1.439
2.58
2.132
1.863
2.038
1.498
1.989
2.145
2.411
2.899
2.38
1.876
1.2
1.099
1.06
0.997
0.957
0.936
0.91
0.973
2.234
1.304
2.537
2.453
1.356
2.658
2.039
1.792
2.038
1.516
2.159
2.118
2.36
2.899
2.38
1.854
2.603
1.573
1.07
1.098
1.029
1.005
1.015
1.012
1.005
1.358
1.656
2.398
2.246
2.019
2.139
2.35
2.037
2.081
1.977
1.751
3.536
3.827
4.855
4.411
2.623
1.472
1.055
1.07
1.009
0.989
0.998
0.958
1.003
1.412
1.9
2.411
2.165
2.529
2.369
2.66
2.072
1.866
1.977
2.009
3.516
3.639
4.194
4.2
1.269
1.116
1.104
1.04
1.007
0.986
0.965
0.956
1.458
1.342
2.494
2.53
1.307
1.995
2.161
1.543
1.928
1.688
2.09
2.159
2.548
2.821
3.529
3.754
1.705
1.224
1.133
1.081
1.05
1.052
1.024
1.009
2.251
1.741
2.561
2.372
1.414
2.536
2.221
1.612
1.94
1.784
2.445
2.536
3.17
2.238
2.297
2.937
2.216
1.366
1.16
1.104
1.065
1.101
1.03
1.036
2.439
1.922
2.283
2.328
1.47
2.894
2.673
1.898
2.44
1.947
2.436
2.593
2.211
2.357
2.245
3.347
2.59
1.398
1.168
1.102
1.067
1.095
1.039
1.036
3.385
2.025
2.223
2.956
1.488
2.354
2.16
1.556
2.293
1.779
2.285
2.686
1.949
2.231
2.401
3.398
2.537
1.333
1.168
1.106
1.103
1.136
1.069
1.053
3.462
2.063
1.997
2.934
1.533
2.21
2.243
1.851
2.521
1.79
2.123
2.704
2.465
2.129
2.313
3.292
2.626
1.422
1.014
1.025
1.009
0.989
0.996
0.958
1.003
1.412
1.919
3.152
2.264
2.552
2.613
2.66
1.957
2.0
2.168
1.75
2.94
2.352
3.592
4.366
2.148
1.011
0.974
0.969
0.956
0.952
0.95
0.938
1.024
1.311
2.054
3.085
1.968
2.516
2.613
2.06
1.537
2.209
1.911
1.847
4.058
3.585
3.46
3.487
2.365
2.165
1.199
1.114
1.159
1.186
1.1
1.081
3.18
1.739
1.945
2.934
1.533
1.942
2.243
2.208
2.417
1.79
1.685
2.704
2.44
2.129
2.313
3.292
2.347
2.165
1.199
1.114
1.159
1.186
1.097
1.081
3.18
1.659
2.365
4.31
1.681
1.902
1.817
2.115
2.532
1.846
2.452
3.29
3.17
2.129
2.313
2.335
1.878
2.06
1.167
1.109
1.142
1.101
1.053
1.068
2.179
1.602
2.235
5.465
2.55
1.589
2.232
2.544
2.975
2.024
1.622
2.965
2.302
2.153
2.527
2.315
1.473
1.215
1.135
1.073
1.076
1.052
1.051
1.05
2.099
1.597
2.923
6.069
2.789
1.589
2.369
2.376
2.907
1.873
2.003
2.966
2.472
2.081
2.534
2.032
1.473
2.219
1.099
1.054
1.05
1.021
1.015
1.019
1.944
1.614
2.645
5.197
1.973
1.604
2.284
2.446
2.977
2.037
2.035
2.908
2.709
2.083
2.516
2.368
1.281
1.07
1.03
1.019
1.03
1.015
1.005
1.0
1.382
2.242
2.099
3.337
1.727
2.177
2.326
1.841
1.537
2.209
2.416
1.663
2.947
2.675
3.034
3.538
1.281
1.07
1.071
1.054
1.083
1.072
1.06
1.049
1.421
2.199
1.726
2.596
2.143
2.598
2.368
2.132
1.566
2.211
2.374
1.663
2.947
2.683
2.657
2.675
1.759
3.018
1.118
1.08
1.066
1.022
1.038
1.052
2.342
1.638
2.72
5.024
2.465
2.325
3.012
2.446
2.99
2.332
2.503
3.545
2.324
2.653
3.091
2.744
1.635
1.923
1.033
0.993
0.992
0.953
0.962
0.974
1.77
1.584
2.72
5.024
2.566
2.827
4.362
3.11
2.99
2.838
3.699
4.174
3.192
2.653
3.091
3.559
1.818
1.912
1.017
0.978
0.97
0.944
0.94
0.938
1.74
1.565
1.774
4.02
2.537
2.894
4.416
3.113
2.99
2.6
2.812
3.551
2.324
2.025
2.312
3.548
1.766
1.849
0.992
0.947
0.947
0.926
0.924
0.918
1.537
1.326
1.589
2.896
2.537
3.529
3.472
2.745
2.461
2.303
2.812
3.462
2.272
1.832
1.924
3.165
1.771
1.895
0.96
0.928
0.907
0.903
0.893
0.904
1.34
1.098
1.217
2.231
2.376
2.696
2.836
2.615
1.913
2.186
2.436
2.853
2.11
1.781
1.873
3.086
1.281
1.158
1.111
1.087
1.083
1.079
1.06
1.049
1.428
2.199
1.843
2.412
2.143
2.598
2.189
2.028
1.566
2.211
2.502
1.751
2.851
2.683
2.284
2.059
1.444
1.754
1.273
1.031
1.02
1.028
0.982
0.988
1.406
2.125
1.61
2.185
2.001
1.914
1.72
1.469
1.295
1.999
1.745
1.571
2.707
2.609
1.945
1.678
1.687
1.454
1.036
0.936
0.904
0.905
0.906
0.911
0.921
1.098
1.344
2.231
2.781
3.159
2.8
2.534
1.636
1.878
2.222
2.119
1.695
1.473
1.426
2.117
1.468
1.016
0.976
0.936
0.904
0.905
0.869
0.883
0.881
0.93
1.073
2.575
3.105
2.6
1.598
1.676
1.315
1.764
1.998
2.522
1.57
1.473
1.426
2.306
1.615
1.049
0.99
0.948
0.928
0.958
0.906
0.911
0.91
1.286
1.362
2.672
3.112
2.271
1.598
1.676
1.315
1.764
1.856
1.568
1.57
1.634
1.693
2.109
1.57
1.061
1.0
0.956
1.016
0.966
0.927
0.927
1.531
2.229
1.541
2.775
3.098
2.411
1.67
1.825
1.458
2.66
1.875
1.757
2.116
2.177
2.016
2.485
1.737
1.259
1.187
1.009
1.111
1.048
0.976
0.966
2.067
2.483
1.725
2.926
2.789
2.245
1.961
2.238
1.695
2.811
2.067
2.02
2.443
2.65
2.329
2.729
1.333
1.754
1.269
0.999
0.946
0.946
0.914
0.93
1.061
1.241
1.418
1.316
1.668
1.626
1.197
1.101
1.072
1.629
1.404
1.332
1.474
1.616
1.586
1.399
1.45
1.83
1.312
1.041
0.997
0.988
0.955
0.951
1.035
1.329
1.353
1.229
2.573
1.74
1.6
1.14
1.004
1.251
1.182
1.193
1.345
1.436
1.462
1.459
1.731
1.21
1.202
1.021
1.121
1.068
1.063
0.986
2.223
2.522
2.544
3.915
2.789
2.314
1.903
2.099
1.735
2.946
2.238
2.013
2.375
2.995
2.599
2.766
1.607
1.153
1.134
1.127
1.226
1.183
1.226
1.139
2.271
1.708
2.114
3.59
2.051
2.168
2.112
2.344
2.078
3.119
2.321
2.325
2.742
2.995
2.726
2.766
1.617
1.169
1.124
1.12
1.162
1.146
2.165
1.289
2.405
1.797
2.217
2.88
1.936
2.228
2.601
2.271
2.421
2.953
2.198
2.1
2.791
2.632
2.726
2.766
1.617
1.235
1.194
1.187
1.237
1.156
2.204
1.341
2.06
1.785
2.813
2.598
1.852
3.437
3.037
2.297
2.857
2.617
2.458
2.242
2.791
2.581
2.725
2.469
1.576
1.394
1.315
1.236
1.219
1.211
2.204
1.367
1.614
1.676
2.847
3.302
1.98
4.646
3.467
2.297
3.625
2.617
2.878
2.639
3.338
2.667
3.605
2.319
1.57
1.837
1.305
1.034
0.98
0.985
0.958
0.94
1.011
1.279
1.47
1.229
3.138
2.184
1.614
1.197
1.004
1.234
1.182
1.193
1.345
1.353
1.462
1.48
1.57
1.392
1.261
1.034
0.984
0.985
0.958
0.94
1.018
1.216
1.425
1.765
2.728
1.664
1.549
1.197
1.154
1.339
1.344
1.346
1.525
1.497
1.828
1.917
1.677
1.494
1.245
1.18
1.158
1.14
2.087
1.244
1.614
1.764
2.977
4.175
2.863
5.196
3.135
2.112
3.935
2.708
2.888
2.999
3.491
2.225
2.741
2.825
2.307
1.54
1.256
1.18
1.163
1.152
2.657
1.246
1.514
1.764
2.336
3.334
3.005
5.434
3.296
2.112
3.935
2.708
3.254
3.244
3.504
2.333
3.088
4.156
2.834
1.448
1.164
1.134
1.101
1.092
2.481
1.246
1.505
1.698
2.029
2.654
4.022
5.434
3.417
2.795
4.139
2.628
3.68
3.562
4.32
2.553
2.999
4.938
2.834
1.454
1.183
1.136
1.101
1.092
2.286
1.138
1.341
1.573
1.872
2.711
4.42
4.462
3.089
2.74
4.016
2.403
3.662
3.823
4.32
2.802
2.853
4.892
2.18
1.396
1.131
1.103
1.068
1.057
2.727
1.098
1.121
1.28
1.638
2.711
4.42
3.339
2.984
2.734
3.087
1.85
2.914
3.736
3.205
3.28
2.821
4.892
2.147
1.791
1.344
1.048
1.024
1.019
1.011
0.977
1.054
1.342
1.25
1.774
2.757
1.692
1.676
1.468
1.185
1.315
1.186
1.179
1.484
1.6
2.163
4.188
2.632
1.791
1.226
1.125
1.09
1.086
1.092
1.055
1.105
1.327
2.216
3.032
4.003
1.997
2.204
1.978
1.585
1.571
1.416
1.564
2.155
2.639
2.545
4.968
2.209
1.183
1.127
1.099
1.068
1.057
3.058
1.094
1.096
1.108
1.56
1.879
4.058
2.606
2.45
1.887
2.749
1.726
2.653
3.563
3.103
3.28
2.786
4.905
2.605
1.183
1.127
1.099
1.069
1.093
3.058
1.077
1.078
1.101
1.497
1.752
3.732
2.465
2.373
1.725
2.289
1.726
2.796
3.206
2.822
3.28
3.034
4.921
2.009
1.178
1.163
1.13
1.106
1.131
3.056
1.099
1.1
1.106
1.49
1.841
3.892
2.245
2.158
1.803
2.792
2.006
2.914
3.017
3.225
3.031
2.602
4.729
1.486
1.247
1.226
1.193
1.125
1.143
2.474
1.065
1.082
1.125
1.427
1.854
3.892
2.52
1.81
1.607
2.345
1.934
2.356
3.017
3.144
3.801
3.089
5.223
1.649
1.242
1.223
1.199
1.152
1.154
1.958
1.064
1.081
1.118
1.41
1.694
4.211
2.622
2.344
1.812
3.006
3.008
2.704
3.385
3.981
4.339
3.665
6.038
2.818
1.867
1.26
1.161
1.126
1.102
1.124
1.09
1.147
1.339
2.404
3.222
4.318
2.757
3.066
2.154
1.769
1.818
1.757
1.782
2.568
3.222
2.591
4.968
2.818
1.833
1.28
1.18
1.14
1.125
1.189
1.135
1.248
1.449
2.83
3.52
3.221
2.6
3.279
2.432
1.921
1.81
2.677
1.839
2.577
3.293
3.214
6.1
1.991
1.275
1.254
1.247
1.192
1.179
1.497
1.07
1.119
1.152
1.499
2.408
4.723
3.092
1.748
1.572
3.006
3.783
3.364
2.978
4.33
4.98
3.64
6.038
2.777
1.279
1.256
1.267
1.214
1.179
1.201
1.094
1.163
1.249
1.43
2.621
4.361
3.217
1.87
1.743
3.412
3.863
3.413
3.264
3.691
4.023
4.482
5.966
2.777
1.279
1.232
1.257
1.214
1.173
1.202
1.117
1.189
1.373
1.436
2.653
3.988
3.143
1.84
2.325
3.886
4.314
3.312
3.264
3.606
4.384
5.253
5.956
3.385
1.587
1.266
1.245
1.195
1.187
1.144
1.081
1.153
1.62
1.368
1.983
3.757
3.401
1.972
2.424
3.649
3.354
2.652
3.776
3.553
4.343
6.349
5.75
3.385
1.564
1.202
1.198
1.183
1.19
1.119
1.074
1.141
1.636
1.453
2.652
2.958
3.255
1.874
2.455
3.582
3.354
2.639
2.841
2.777
3.906
7.129
4.687
4.271
1.87
1.319
1.21
1.189
1.181
1.268
1.181
1.296
1.456
2.101
3.134
3.604
1.99
3.294
2.517
1.832
1.907
3.375
1.864
3.542
4.439
4.275
6.094
4.335
1.72
1.242
1.21
1.16
1.125
1.204
1.15
1.776
1.889
2.341
2.64
2.8
2.448
3.215
2.62
1.532
1.825
3.763
2.144
3.939
4.439
4.275
4.734
4.191
1.569
1.245
1.173
1.161
1.19
1.097
1.056
1.167
1.679
1.424
2.896
2.067
3.172
1.6
2.346
2.6
2.464
2.348
2.841
2.503
3.085
5.935
4.503
3.85
1.569
1.21
1.114
1.11
1.16
1.061
1.046
1.112
1.723
1.43
2.248
1.963
2.935
1.815
2.546
3.042
2.464
2.097
2.788
2.173
2.885
6.941
5.787
4.071
1.558
1.207
1.107
1.088
1.128
1.058
1.046
1.112
1.723
1.443
1.997
1.963
2.884
1.692
2.45
2.868
2.469
2.097
2.713
2.009
2.915
5.831
5.787
3.135
1.224
1.18
1.066
1.088
1.136
1.058
1.046
1.086
2.232
1.409
2.128
2.21
3.304
1.726
1.999
2.49
1.72
1.822
2.63
2.44
2.645
5.111
4.489
2.457
1.185
1.13
1.046
1.101
1.109
2.057
1.048
1.296
2.263
1.418
2.293
2.35
3.217
1.434
2.346
2.49
2.196
1.746
1.99
1.981
2.921
4.124
4.039
4.262
1.479
1.21
1.219
1.181
1.136
1.223
1.157
1.257
1.889
3.139
2.64
2.8
2.448
3.215
2.603
1.532
1.825
3.763
2.144
3.939
4.439
4.152
4.734
3.768
1.265
1.198
1.219
1.181
1.127
1.209
1.145
1.257
2.306
2.702
2.64
2.714
3.458
3.215
2.331
1.532
2.356
4.246
1.914
2.944
3.956
4.561
4.396
2.426
1.15
1.124
1.062
1.104
1.094
2.063
1.332
1.648
2.557
1.346
2.012
2.35
2.947
1.487
2.288
2.476
2.194
1.782
1.955
1.975
2.432
2.944
4.143
1.345
1.15
1.124
1.102
1.134
1.134
2.116
1.375
1.652
2.557
1.44
2.012
3.01
3.095
1.655
1.765
2.467
2.223
1.662
1.531
1.869
2.921
2.997
2.913
1.266
1.15
1.194
1.112
1.142
1.136
2.113
1.375
1.652
2.439
1.333
1.882
3.129
2.898
1.553
1.625
2.122
1.913
1.775
1.467
1.703
2.499
2.554
2.824
1.266
1.119
1.158
1.114
1.175
1.164
2.127
1.408
1.496
1.855
1.34
2.485
2.815
3.923
2.134
1.634
1.675
1.628
1.466
1.343
1.931
3.347
2.997
3.403
1.423
1.161
1.286
1.165
1.172
1.164
1.178
1.206
1.551
1.855
1.353
2.221
2.186
3.19
2.658
2.108
1.504
2.348
1.446
1.373
1.707
3.146
3.085
3.423
3.662
1.238
1.21
1.225
1.2
1.17
1.22
1.17
1.279
3.259
3.796
3.171
2.59
2.353
2.494
2.175
1.458
2.36
3.619
1.845
3.16
3.472
4.617
4.396
4.099
1.443
1.232
1.257
1.207
1.177
1.164
1.147
1.218
3.137
4.348
3.385
3.487
2.039
1.816
1.704
1.309
2.199
2.768
1.764
2.942
3.407
3.905
3.323
1.962
1.238
1.359
1.226
1.199
1.164
1.153
1.236
1.22
1.767
1.535
3.234
2.089
2.883
2.699
1.625
1.42
1.736
1.645
1.417
1.926
2.736
3.691
3.508
1.946
1.233
1.382
1.234
1.25
1.197
1.215
1.19
1.166
1.408
1.824
3.262
2.314
3.207
2.699
1.693
1.525
2.233
1.748
1.628
1.961
2.949
3.886
3.615
2.023
1.263
1.426
1.786
1.291
1.224
1.289
1.175
1.151
1.367
1.585
3.288
2.003
2.439
2.677
1.693
1.815
2.468
2.008
2.018
2.756
2.595
3.634
4.089
2.035
1.266
1.345
1.807
1.291
1.224
1.289
1.175
1.205
2.084
2.941
3.292
1.815
2.682
2.683
2.05
1.745
2.314
1.761
2.443
2.949
3.108
4.548
3.735
1.768
1.291
1.398
1.773
1.238
1.41
2.238
1.11
1.156
2.034
2.968
2.258
1.991
2.682
1.898
3.24
2.871
2.316
1.791
3.14
2.839
2.595
3.741
3.135
2.779
1.386
1.176
1.239
1.173
1.106
1.127
1.103
1.161
3.137
4.348
2.693
2.45
2.051
1.716
1.915
1.308
1.496
2.169
1.809
2.396
2.657
2.809
3.353
3.581
1.439
1.159
1.247
1.165
1.12
1.102
1.081
1.105
2.677
5.098
3.666
2.856
2.872
1.748
1.535
1.412
1.526
2.409
1.809
2.396
2.657
2.683
2.83
1.688
1.204
1.262
1.203
1.187
1.408
2.877
1.067
1.102
1.429
3.334
3.462
2.335
2.682
1.616
2.744
2.842
1.886
1.791
3.14
3.097
2.641
3.695
3.889
1.414
1.144
1.189
1.152
1.165
1.397
3.511
1.067
1.1
1.411
2.352
3.566
2.497
3.57
1.67
4.149
4.463
2.316
1.821
3.911
2.978
2.867
2.945
3.393
1.608
1.22
1.236
1.202
1.167
1.608
3.511
1.069
1.833
2.032
2.279
4.826
2.309
3.255
1.827
4.181
4.03
2.685
1.866
3.576
2.978
2.798
3.017
3.684
1.755
1.22
1.236
1.202
1.167
1.449
3.451
1.117
2.029
2.296
2.441
4.919
2.857
4.368
2.021
4.57
3.813
2.883
1.689
3.217
2.498
2.753
3.328
3.803
2.305
1.575
1.25
1.193
1.191
1.456
3.451
1.163
1.422
2.296
2.441
5.379
3.39
4.067
2.003
3.232
4.089
2.729
1.635
2.895
2.58
2.751
3.328
3.881
2.609
1.303
1.185
1.28
1.191
1.142
1.108
1.103
1.146
1.851
4.455
4.764
3.892
3.343
2.046
1.934
1.969
1.712
2.701
2.738
3.126
3.118
2.93
2.396
2.779
1.583
1.175
1.28
1.191
1.142
1.095
1.166
1.272
1.459
3.982
3.769
2.856
1.838
1.684
1.646
1.397
1.444
1.896
2.348
2.976
4.036
2.93
2.532
2.233
1.657
1.279
1.239
1.257
1.285
2.519
1.468
2.177
2.4
2.441
5.379
3.433
2.6
1.679
1.918
2.896
2.641
1.603
2.047
2.576
2.751
3.328
3.926
2.35
1.659
1.259
1.236
1.258
1.246
1.842
1.468
2.177
2.737
2.794
4.321
3.26
3.603
2.198
3.02
3.878
3.024
1.867
2.425
3.211
3.083
2.966
3.449
3.33
1.659
1.259
1.236
1.258
1.246
1.196
1.446
2.159
2.737
2.637
3.159
4.288
4.075
2.55
2.162
3.266
2.978
2.309
2.31
3.626
3.01
3.487
4.466
4.389
1.598
1.2
1.174
1.19
1.178
1.196
1.144
1.396
2.094
2.528
2.404
4.552
4.537
3.203
2.571
3.266
2.508
2.316
2.605
3.969
2.997
3.133
3.449
3.993
1.243
1.124
1.095
1.108
1.097
1.141
1.059
1.169
1.797
2.539
2.404
3.888
3.272
2.351
2.149
3.613
2.223
2.35
2.377
3.806
3.13
3.11
2.842
2.608
1.515
1.124
1.24
1.146
1.09
1.043
1.089
1.203
1.385
3.957
3.298
2.773
2.03
1.824
2.059
1.35
1.301
1.591
2.349
2.57
4.045
2.821
2.995
1.98
1.221
1.059
1.163
1.115
1.03
0.988
1.053
1.151
1.297
3.0
2.795
2.923
2.393
1.865
2.097
1.378
1.321
1.65
2.535
2.597
4.117
2.821
2.995
3.443
1.134
1.094
1.054
1.059
1.063
1.097
1.0
1.01
1.707
2.539
1.766
3.524
3.078
2.243
1.986
3.273
2.145
2.269
2.261
3.634
2.922
3.11
2.786
4.427
1.094
1.064
1.013
1.015
1.063
1.411
0.959
0.98
1.493
2.398
1.555
3.672
3.089
2.304
1.941
3.231
2.25
2.266
2.673
3.517
2.807
2.875
2.589
4.416
1.094
1.041
0.999
1.006
1.04
1.374
0.956
0.984
1.14
2.148
2.634
4.55
2.845
2.02
1.941
3.203
1.896
1.539
2.164
2.086
2.064
2.763
1.86
3.366
1.087
1.041
0.999
0.993
1.025
1.356
0.949
0.957
1.119
1.979
2.539
3.31
2.022
1.497
1.648
2.529
1.535
1.539
2.2
2.086
1.817
1.997
1.678
2.132
1.065
1.047
1.006
0.991
1.078
0.994
0.957
1.045
1.184
2.01
2.982
2.684
1.394
1.207
1.646
1.603
1.323
1.328
1.842
1.879
2.56
2.163
1.728
2.003
1.239
1.101
1.173
1.121
1.083
1.023
1.092
1.203
1.485
3.276
3.722
3.232
2.744
1.845
2.097
1.441
1.315
1.488
2.452
2.352
3.82
3.033
4.012
1.638
1.263
1.16
1.133
1.119
1.107
1.058
1.118
1.241
2.857
2.531
2.582
2.688
2.286
1.601
2.107
1.453
1.285
1.308
1.676
1.991
3.439
3.333
4.031
2.192
1.135
1.082
1.031
1.011
1.418
1.4
0.988
1.155
1.645
2.515
1.661
2.074
1.166
1.445
1.679
1.103
1.323
2.056
1.842
1.917
2.567
2.011
1.661
1.811
1.16
1.115
1.068
1.074
1.438
1.426
1.034
1.237
1.277
2.258
2.005
2.466
1.953
1.75
1.926
1.285
1.477
2.486
2.137
2.136
2.341
1.862
1.574
1.514
1.209
1.169
1.13
1.125
1.164
1.101
1.079
1.377
1.823
2.961
3.933
1.637
2.234
2.268
2.161
1.878
2.204
3.349
2.865
2.757
2.58
2.119
1.652
1.398
1.184
1.22
1.196
1.181
1.216
1.185
1.595
1.956
3.01
3.282
2.447
1.349
2.076
2.473
1.788
1.842
2.231
3.558
3.103
2.873
2.826
2.318
1.777
1.746
1.347
1.254
1.255
1.263
1.262
1.854
2.266
2.994
3.089
3.405
2.48
1.599
2.856
2.764
2.355
2.422
2.29
2.855
2.437
2.435
3.13
2.411
1.994
1.309
1.277
1.16
1.133
1.119
1.107
1.058
1.137
1.171
2.721
2.606
1.944
2.688
2.304
2.105
2.063
1.453
1.285
1.308
1.676
1.991
2.571
3.884
5.092
1.309
1.258
1.216
1.187
1.16
1.16
1.11
1.119
1.171
2.958
2.606
1.944
2.776
2.389
2.751
2.194
1.633
1.534
1.488
1.884
2.585
2.458
3.278
4.639
1.834
1.46
1.362
1.316
1.287
1.269
1.88
1.794
2.573
3.157
3.405
2.053
1.599
2.856
2.764
2.076
3.018
2.29
2.935
2.595
2.782
2.792
2.679
2.527
2.173
1.423
1.414
1.304
1.282
1.25
1.255
1.823
3.356
2.023
2.749
2.157
1.882
3.152
2.694
2.076
3.018
2.409
2.265
2.674
2.809
2.792
3.023
2.982
2.644
1.447
1.434
1.33
1.305
1.269
1.279
2.432
4.037
2.189
2.593
3.121
2.379
3.402
2.694
2.088
3.266
1.899
2.038
2.674
3.204
2.969
3.212
3.146
3.147
1.459
1.434
1.312
1.305
1.255
1.269
2.438
4.485
2.361
1.985
3.121
3.139
4.691
2.332
2.062
2.931
1.76
2.038
2.674
3.14
2.917
3.199
3.343
3.354
1.459
1.428
1.308
1.299
1.265
1.872
2.232
4.955
2.336
1.713
2.793
3.722
4.708
2.005
2.206
2.516
1.803
2.033
2.672
3.324
3.292
2.799
3.343
2.487
1.357
1.288
1.257
1.205
1.225
1.183
1.18
1.241
2.901
2.029
2.755
3.847
2.922
2.909
1.883
1.637
1.551
2.244
3.44
3.451
2.721
3.443
3.523
2.663
1.47
1.296
1.294
1.256
1.255
1.212
1.214
1.278
2.915
2.071
2.917
3.448
3.575
3.841
2.003
1.807
1.761
2.856
3.771
4.664
2.984
4.049
4.202
2.986
1.405
1.367
1.298
1.283
1.272
1.259
1.631
4.534
2.913
1.92
3.964
4.582
4.047
2.046
2.206
2.779
2.063
2.46
2.756
3.451
3.114
2.73
2.845
2.986
1.342
1.328
1.287
1.276
1.264
1.68
2.082
4.539
3.734
2.396
4.969
4.582
4.047
2.736
2.708
2.059
2.263
2.402
3.27
3.203
3.075
2.834
2.845
2.986
1.342
1.328
1.317
1.295
1.292
1.816
2.122
3.806
3.784
2.914
6.052
4.204
4.387
3.258
2.825
2.089
2.173
2.363
3.227
3.451
3.075
2.53
3.468
2.325
1.354
1.331
1.329
1.293
1.308
1.817
1.703
4.377
4.213
3.421
5.397
3.483
3.01
3.258
3.386
1.915
2.25
2.597
3.656
3.609
2.934
2.454
3.834
1.948
1.346
1.315
1.329
1.295
1.308
1.817
1.736
3.566
3.832
4.256
4.909
3.83
3.01
3.154
3.386
1.851
2.196
2.28
3.181
3.311
3.007
2.41
3.542
3.464
1.961
1.312
1.306
1.27
1.266
1.24
1.245
1.311
1.608
1.899
2.019
3.333
3.811
5.234
2.003
1.958
2.069
3.718
4.397
4.822
2.995
4.475
3.364
3.46
1.961
1.298
1.306
1.27
1.266
1.24
1.245
1.311
1.424
2.144
3.497
3.526
3.973
6.03
3.393
2.602
2.808
4.365
4.728
4.822
3.043
4.703
3.85
1.834
1.415
1.381
1.363
1.332
1.344
1.817
1.753
3.202
3.474
4.256
4.909
3.396
3.493
3.357
3.252
1.863
2.281
2.528
3.198
4.07
3.262
2.507
3.542
2.379
1.45
1.419
1.399
1.379
1.577
3.165
3.063
3.693
2.688
3.523
3.796
2.563
3.927
3.682
2.748
1.781
2.014
2.528
3.139
4.009
3.262
3.28
4.283
2.315
1.435
1.419
1.392
1.378
1.765
3.596
2.644
3.238
2.178
3.043
2.924
2.538
4.917
3.559
2.145
1.825
1.845
2.553
2.808
4.57
4.08
2.567
3.317
1.714
1.382
1.384
1.371
1.358
2.062
4.154
2.818
3.822
1.987
3.064
2.715
2.263
4.486
3.062
2.149
1.952
2.092
2.846
2.817
4.464
3.835
2.89
3.317
1.889
1.402
1.402
1.381
1.367
2.536
5.484
3.372
3.221
1.834
2.14
2.888
2.204
4.681
2.577
2.067
1.872
1.805
3.233
2.817
3.591
4.408
2.806
2.898
4.674
3.026
1.298
1.273
1.237
1.235
1.229
1.214
1.284
1.609
2.144
3.403
2.49
3.082
5.75
3.179
2.464
2.673
4.118
4.205
5.133
3.218
4.528
3.85
3.699
3.06
1.346
1.288
1.27
1.241
1.244
1.254
1.284
1.562
2.144
3.403
2.49
3.08
5.258
3.148
2.441
2.673
4.169
4.205
4.743
3.136
4.905
4.619
1.854
1.484
1.464
1.435
1.415
2.602
5.619
3.45
3.113
1.804
1.692
3.216
2.035
3.735
2.577
2.036
2.148
1.862
3.116
2.817
3.647
4.381
3.04
2.918
1.839
1.436
1.425
1.396
1.377
2.289
4.951
2.16
2.462
1.701
1.699
4.387
2.204
3.863
2.925
2.156
2.49
1.753
2.826
2.875
3.26
3.491
3.142
3.048
1.664
1.421
1.385
1.342
1.326
2.622
4.951
1.608
2.644
1.626
1.698
4.387
2.035
3.256
2.923
2.247
2.722
1.717
2.445
2.621
3.159
3.279
2.694
2.326
1.678
1.425
1.401
1.384
1.378
2.474
4.261
1.747
3.293
1.626
1.912
4.452
2.335
2.992
2.456
2.361
2.411
1.819
2.511
2.645
2.885
2.688
2.597
2.426
1.643
1.425
1.385
1.348
1.344
2.146
3.645
1.94
3.772
1.648
1.698
4.269
2.237
2.997
2.387
2.307
2.318
1.681
1.87
2.521
2.885
2.234
2.391
2.426
2.497
1.985
1.346
1.3
1.294
1.258
1.285
1.789
1.297
1.561
2.109
1.96
1.849
2.294
4.321
3.073
2.441
2.673
3.728
3.42
4.668
3.136
4.905
4.479
2.35
1.915
1.371
1.287
1.279
1.27
1.325
1.878
1.333
1.736
2.197
1.753
1.626
1.933
3.194
2.92
2.454
1.977
3.641
3.257
3.688
3.857
4.905
3.683
1.581
1.43
1.394
1.348
1.361
1.604
2.413
1.94
4.019
1.643
1.859
3.663
3.266
2.978
2.857
2.739
2.318
1.776
1.87
2.26
2.848
2.234
2.517
2.364
1.564
1.395
1.363
1.328
1.332
1.364
2.187
1.977
5.123
1.729
2.018
2.905
3.461
3.128
3.001
3.319
2.372
1.717
1.788
2.349
2.969
2.322
2.368
2.44
1.564
1.386
1.342
1.305
1.316
1.523
2.616
1.962
5.123
1.677
2.258
2.272
3.064
2.34
2.762
3.467
2.338
2.218
1.879
2.387
2.921
2.54
2.234
2.275
1.564
1.35
1.332
1.31
1.328
1.523
2.159
1.942
4.789
1.754
2.254
2.883
3.961
3.128
2.977
3.26
2.295
2.319
1.947
2.614
2.942
2.604
2.265
2.426
1.75
1.376
1.345
1.313
1.328
1.511
2.159
1.882
3.735
1.927
2.266
2.868
2.899
2.46
2.95
3.484
2.323
2.299
2.185
2.361
2.894
2.596
2.369
2.452
1.497
1.39
1.363
1.29
1.308
1.272
1.342
1.849
1.319
2.689
2.503
1.752
1.464
1.704
1.911
2.515
2.055
1.891
3.103
3.39
4.404
3.885
4.193
3.734
2.623
1.423
1.363
1.29
1.305
1.275
1.341
1.836
1.904
3.343
2.65
1.752
1.464
1.792
1.862
2.477
1.994
1.891
3.059
3.087
5.038
4.225
3.356
2.992
1.749
1.373
1.349
1.329
1.333
1.518
2.119
1.486
2.631
1.983
2.39
2.701
2.917
2.902
3.617
3.801
2.681
2.663
2.927
2.689
3.939
2.819
2.664
2.737
1.903
1.358
1.347
1.327
1.322
1.516
2.098
1.486
2.832
2.169
2.288
2.701
2.757
3.1
3.067
3.66
2.681
2.194
2.115
2.952
4.017
2.596
2.97
3.377
1.888
1.417
1.415
1.374
1.357
1.55
1.576
1.408
2.16
1.998
2.593
2.583
2.64
2.861
2.962
3.237
2.524
2.211
2.115
2.869
3.065
2.99
3.165
3.33
1.857
1.489
1.474
1.427
1.414
1.414
1.496
1.45
2.454
2.118
2.115
2.586
2.933
2.957
2.727
3.101
2.232
2.002
2.889
2.656
2.979
2.919
3.607
3.503
1.872
1.522
1.5
1.453
1.439
1.393
1.437
1.483
2.897
2.343
2.236
2.548
2.933
2.957
2.273
2.743
2.335
2.324
3.068
3.296
3.602
2.944
3.607
3.432
1.544
1.369
1.336
1.312
1.319
1.299
1.348
1.87
1.904
3.172
2.657
1.929
1.406
1.803
1.751
2.419
1.899
1.847
2.742
2.591
4.133
4.297
2.831
2.488
1.482
1.326
1.299
1.275
1.295
1.273
1.296
1.363
1.362
3.031
2.655
2.074
1.523
2.402
2.047
2.888
1.947
1.802
2.742
3.175
4.573
4.591
3.668
2.267
1.657
1.437
1.422
1.4
1.384
1.386
1.417
1.39
2.976
2.366
2.339
3.073
3.215
3.104
2.742
3.254
2.582
2.69
3.118
3.94
3.5
2.982
3.373
2.836
1.856
1.522
1.472
1.432
1.422
1.409
1.433
1.398
2.976
2.366
2.339
3.073
4.132
3.342
2.359
3.254
2.523
2.339
2.456
3.222
2.813
2.52
3.418
2.615
1.707
1.503
1.511
1.43
1.419
1.402
1.406
1.398
2.261
2.475
3.054
2.554
3.96
3.904
2.732
3.368
2.592
2.544
2.681
3.407
3.359
2.74
3.053
2.524
1.821
1.514
1.515
1.43
1.418
1.402
1.409
1.417
2.256
2.391
2.281
2.532
3.96
4.942
3.062
4.032
2.673
3.292
2.924
4.246
3.263
2.506
2.93
2.569
1.821
1.527
1.509
1.466
1.411
1.4
1.379
1.416
1.825
2.238
2.262
2.5
5.072
5.052
3.471
4.947
2.71
4.005
2.924
4.29
3.574
2.74
2.895
2.432
1.622
1.326
1.299
1.275
1.276
1.271
1.271
1.289
1.352
3.031
2.832
2.44
2.449
2.402
2.046
3.695
2.268
2.032
2.82
3.186
3.736
3.692
3.592
2.348
1.596
1.321
1.276
1.26
1.268
1.271
1.271
1.289
1.954
2.697
3.686
2.51
2.523
2.483
3.0
4.515
2.115
1.995
2.472
3.802
4.053
3.566
2.982
2.348
2.44
1.622
1.532
1.496
1.433
1.431
1.389
1.418
1.594
2.728
2.676
2.64
4.484
5.242
3.447
4.947
2.52
3.253
2.867
3.377
2.866
2.666
3.097
2.513
2.021
1.916
1.551
1.52
1.477
1.461
1.425
1.449
1.557
2.41
2.573
3.02
4.349
6.279
3.69
4.308
2.452
4.119
2.772
3.512
3.406
2.985
3.118
2.552
2.307
2.159
1.602
1.578
1.539
1.492
1.468
1.523
1.617
2.898
3.04
3.239
4.087
5.709
3.959
3.635
2.515
5.262
2.915
3.745
3.493
3.099
2.883
2.509
2.324
2.159
1.581
1.603
1.572
1.556
1.517
1.519
1.627
2.172
2.522
3.553
3.611
4.672
4.231
3.728
2.924
5.736
3.77
3.896
3.493
3.319
2.965
2.509
2.614
2.708
1.581
1.634
1.64
1.623
1.578
1.519
1.627
2.478
2.522
3.553
3.674
4.475
4.491
3.472
2.669
5.002
3.586
3.218
3.299
3.491
2.965
2.557
2.629
1.379
1.313
1.293
1.268
1.319
1.277
1.367
2.004
2.591
4.271
2.51
2.626
2.461
2.995
3.587
2.167
2.118
2.513
3.245
3.45
3.918
3.54
2.59
1.684
1.436
1.362
1.356
1.314
1.366
1.323
1.397
1.469
2.591
3.942
2.321
2.626
2.101
2.74
2.762
1.96
1.779
2.224
3.123
2.949
3.619
3.678
2.777
1.959
2.727
1.645
1.654
1.655
1.648
1.609
1.539
1.574
2.997
2.943
3.522
2.949
4.569
4.185
2.84
2.675
3.829
2.673
3.375
3.178
3.491
2.848
2.586
2.7
2.207
1.655
1.659
1.607
1.648
1.609
1.547
1.574
2.533
2.553
2.694
3.614
4.606
4.323
3.472
3.142
3.942
2.766
3.975
3.753
3.655
2.815
2.67
2.482
2.208
1.651
1.664
1.607
1.654
1.607
1.56
1.608
2.533
2.555
2.553
4.387
4.22
4.323
3.647
3.137
3.42
2.785
3.561
3.631
3.665
2.835
2.853
2.604
2.647
1.612
1.619
1.579
1.615
1.54
1.508
1.574
2.6
2.158
2.322
3.323
3.833
4.167
3.73
3.18
2.985
3.014
3.664
3.94
3.758
2.789
2.853
2.607
2.647
1.65
1.627
1.604
1.555
1.534
1.5
1.563
2.563
2.142
2.232
3.501
3.982
3.325
3.382
3.18
2.627
3.014
3.573
3.622
3.807
2.824
2.612
2.372
1.676
1.475
1.399
1.358
1.404
1.346
1.42
1.472
2.567
3.39
2.335
3.582
2.695
3.163
3.062
2.475
2.118
2.588
3.093
3.005
3.942
4.257
3.26
2.134
1.822
1.551
1.467
1.411
1.445
1.376
1.466
1.478
2.609
3.502
2.476
3.727
2.056
2.035
2.617
2.348
2.132
2.274
2.513
2.72
3.778
3.627
3.166
2.133
1.974
1.625
1.61
1.594
1.544
1.528
1.5
1.497
2.682
2.563
2.507
3.435
3.164
3.839
3.29
3.407
3.128
3.495
4.051
3.622
3.807
2.77
2.529
2.331
1.933
1.597
1.58
1.58
1.544
1.532
1.509
1.512
2.364
2.243
2.514
3.181
2.857
3.973
3.306
3.407
3.128
3.608
4.051
3.674
3.371
2.747
2.573
2.341
1.901
1.625
1.612
1.61
1.559
1.556
1.526
1.537
3.002
2.542
2.427
2.204
2.329
3.948
2.734
3.04
3.253
3.608
3.496
3.314
3.056
2.726
2.563
2.355
2.356
1.725
1.646
1.648
1.585
1.584
1.585
1.537
3.075
2.422
2.254
1.999
2.135
2.968
3.007
3.573
3.006
3.862
3.802
3.16
2.788
2.66
2.563
2.21
1.742
1.78
1.706
1.72
1.642
1.627
1.646
1.604
3.078
2.446
2.492
2.014
2.112
2.729
2.771
3.606
3.632
3.678
3.671
2.834
2.707
2.77
2.723
2.281
1.959
1.579
1.51
1.471
1.476
1.415
1.483
1.522
2.628
3.278
2.119
3.027
2.247
2.633
2.051
3.283
2.445
2.56
2.661
3.062
4.051
3.98
4.053
2.504
2.15
1.702
1.543
1.498
1.504
1.465
1.483
1.499
2.722
2.678
2.177
3.057
2.129
2.169
2.051
3.741
2.902
2.767
2.661
2.759
3.896
3.55
4.096
2.381
1.808
1.83
1.757
1.753
1.726
1.678
1.701
1.659
3.078
2.508
2.484
1.964
1.975
2.74
2.741
3.483
3.53
3.678
3.513
2.638
2.526
2.666
2.859
2.481
1.881
1.849
1.745
1.81
1.778
1.703
1.736
1.796
3.682
2.508
2.273
1.949
2.045
2.74
2.576
3.234
2.799
3.242
3.021
2.724
2.707
3.683
3.144
3.314
2.705
1.954
1.8
1.811
1.785
1.732
1.761
2.161
3.982
2.899
2.273
1.949
2.054
2.978
3.218
3.498
2.799
3.121
2.994
2.462
2.904
4.057
3.144
3.17
2.705
1.916
1.816
1.834
1.791
1.732
1.743
2.199
3.353
2.554
2.406
2.221
2.635
2.838
4.135
3.497
2.79
3.07
3.242
2.667
3.174
4.328
3.095
3.193
2.014
1.874
1.856
1.86
1.841
1.774
1.743
2.251
4.299
2.593
2.345
2.239
2.751
3.171
3.748
3.039
2.532
2.714
2.929
2.407
3.498
4.701
3.459
3.322
2.633
1.85
1.597
1.556
1.581
1.548
1.511
1.522
2.199
2.093
2.312
3.279
2.695
2.653
2.33
4.35
3.519
3.344
2.845
2.866
4.042
3.619
3.347
2.641
2.827
1.871
1.697
1.643
1.704
1.631
1.592
1.522
1.745
2.093
2.577
2.43
2.67
2.867
2.54
4.535
3.642
3.754
2.974
2.896
4.042
3.557
3.841
2.903
2.051
1.886
1.862
1.843
1.825
1.781
1.721
2.243
3.717
2.643
2.205
2.476
2.955
3.171
4.165
3.057
2.532
3.269
3.056
2.497
4.009
4.897
3.789
3.527
2.123
1.875
1.858
1.838
1.765
1.816
1.773
2.262
3.678
2.614
2.088
2.472
3.131
3.133
4.165
2.692
2.445
2.563
2.993
2.429
4.009
4.897
3.58
2.971
2.146
1.952
1.907
1.798
1.746
1.816
1.782
1.914
2.623
2.131
2.049
2.472
3.092
2.72
3.847
2.591
2.424
2.544
3.18
2.463
3.969
3.719
2.865
2.652
2.146
1.952
1.886
1.834
1.774
1.777
1.739
1.735
2.125
2.042
2.087
2.235
2.634
2.362
3.148
2.306
2.476
3.14
3.493
2.584
3.362
3.451
2.995
2.666
2.153
1.952
1.886
1.806
1.774
1.777
1.757
1.679
1.821
2.122
2.087
2.037
2.362
2.323
2.526
2.246
2.616
3.195
3.243
2.576
3.172
3.15
2.917
2.715
2.907
1.952
1.774
1.718
1.769
1.708
1.656
1.589
1.79
2.189
2.237
2.207
2.371
2.575
2.83
4.024
3.252
3.84
3.092
2.809
3.305
3.107
3.133
2.931
2.907
2.025
1.845
1.792
1.829
1.758
1.729
1.639
1.799
2.132
2.004
2.293
2.456
2.707
2.83
4.096
3.279
3.946
3.116
2.812
3.331
3.423
3.24
2.941
2.173
1.953
1.849
1.789
1.753
1.746
1.706
1.679
1.821
2.433
2.123
2.176
2.216
2.217
2.161
2.484
2.843
3.649
3.816
2.705
2.814
2.745
2.542
2.692
2.221
2.008
1.881
1.789
1.753
1.776
1.751
1.729
1.788
2.339
2.074
2.164
2.027
2.135
2.072
2.201
2.466
3.092
3.719
2.772
2.68
2.64
2.375
2.473
2.178
2.008
1.886
1.811
1.787
1.757
1.732
1.719
1.776
2.339
2.098
2.272
2.011
2.141
2.072
2.439
2.843
3.219
3.717
2.805
2.726
2.683
2.375
2.294
2.14
1.932
1.848
1.816
1.782
1.75
1.696
1.73
1.798
2.385
2.121
2.272
2.007
2.141
2.005
2.439
2.822
3.219
3.626
2.794
2.68
2.622
2.504
2.334
2.072
1.881
1.826
1.797
1.776
1.767
1.721
1.73
1.923
2.34
2.084
2.201
1.927
2.375
2.005
2.393
2.945
2.797
3.054
2.758
2.726
2.496
2.399
2.215
2.964
2.046
1.936
1.837
1.856
1.789
1.776
1.698
1.878
2.181
2.227
2.333
2.767
2.975
2.852
3.886
3.003
3.475
3.213
2.812
3.751
3.336
2.702
2.786
2.522
1.973
1.858
1.852
1.858
1.815
1.801
1.74
1.813
2.007
2.282
2.556
2.735
3.44
2.815
3.688
2.685
3.433
3.258
3.195
3.627
3.48
2.735
2.746
2.012
1.881
1.826
1.797
1.776
1.767
1.687
1.729
2.034
1.929
1.934
2.137
1.927
2.259
2.011
2.669
2.952
2.822
3.235
2.716
2.643
2.539
2.493
2.215
2.012
1.899
1.811
1.778
1.774
1.753
1.669
1.677
1.998
1.92
1.848
2.057
1.925
2.194
2.221
2.496
2.692
2.71
3.02
2.654
2.457
2.419
2.273
2.21
1.945
1.832
1.795
1.734
1.721
1.716
1.629
1.64
1.962
1.944
1.842
2.06
1.987
2.907
2.334
2.474
2.683
2.606
2.837
2.459
2.354
2.362
2.237
2.195
1.952
1.783
1.754
1.706
1.697
1.716
1.625
1.605
2.067
1.99
1.842
2.007
1.92
2.159
2.281
2.239
2.255
2.422
2.611
2.412
2.169
2.251
2.263
2.22
1.969
1.858
1.739
1.698
1.702
1.724
1.635
1.582
2.304
1.942
1.815
2.014
1.89
2.152
2.415
2.23
2.311
2.28
2.248
2.396
2.239
2.258
2.198
2.155
2.266
1.949
1.926
1.895
1.858
1.84
1.838
1.78
1.826
2.368
2.579
2.295
2.669
3.322
2.95
3.109
2.488
3.212
3.258
3.136
3.627
3.261
3.247
2.746
2.193
1.923
1.9
1.875
1.826
1.81
1.791
1.737
1.697
2.007
2.933
2.26
2.954
3.137
3.176
3.282
2.354
2.98
3.169
3.074
3.627
3.308
2.673
2.398
1.99
1.823
1.736
1.698
1.701
1.69
1.621
1.582
2.517
1.903
1.833
2.159
1.824
1.815
2.415
2.23
2.105
2.349
2.483
2.522
2.239
2.412
2.256
2.223
2.008
1.823
1.736
1.698
1.701
1.69
1.621
1.582
2.18
1.918
1.833
2.315
1.787
1.847
2.666
2.23
2.019
2.333
2.384
2.673
2.307
2.412
2.256
2.223
2.008
1.72
1.692
1.664
1.678
1.666
1.588
1.525
1.968
1.873
1.801
2.467
1.939
2.057
2.497
2.307
1.972
2.496
2.542
2.896
2.642
2.525
2.567
2.921
2.748
1.678
1.599
1.584
1.614
1.628
1.525
1.441
2.305
1.873
2.114
2.847
1.939
1.902
2.257
2.258
1.991
2.582
2.874
3.973
2.689
2.689
2.567
2.921
2.748
1.651
1.543
1.538
1.537
1.545
1.468
1.359
2.128
1.918
1.858
2.754
2.003
1.886
2.039
2.136
2.035
2.903
2.974
3.973
2.718
2.681
2.569
3.051
2.083
1.875
1.872
1.858
1.801
1.768
1.773
1.732
1.691
1.938
2.859
2.281
3.18
3.137
2.621
2.908
2.092
2.637
2.951
2.947
3.334
3.307
2.569
2.314
2.153
1.919
1.898
1.825
1.824
1.812
1.789
1.797
1.837
1.979
3.222
2.532
3.387
3.297
2.485
2.874
1.868
2.619
2.997
2.944
3.103
3.135
2.645
2.275
2.786
1.636
1.506
1.513
1.507
1.524
1.465
1.374
1.832
1.846
1.885
2.758
2.252
1.965
1.954
2.436
2.085
3.507
3.266
4.452
3.593
3.569
3.384
3.914
2.869
1.636
1.506
1.513
1.507
1.524
1.465
1.398
1.509
1.88
1.937
2.696
2.506
2.091
2.108
2.778
2.559
4.05
3.244
4.779
4.286
4.281
3.866
4.044
3.033
1.653
1.531
1.492
1.468
1.492
1.45
1.517
1.546
1.874
1.964
2.272
2.516
2.249
2.108
2.699
2.718
4.318
3.44
3.717
3.668
3.391
3.451
3.465
2.433
1.708
1.605
1.568
1.54
1.573
1.503
1.593
1.589
1.831
2.002
2.098
2.626
2.224
2.487
2.398
2.87
4.53
3.148
4.525
3.731
3.815
3.252
3.171
2.249
1.738
1.656
1.602
1.594
1.594
1.554
1.656
1.521
1.751
1.987
2.085
2.5
2.311
2.487
2.398
2.795
4.53
3.0
3.415
3.731
3.575
3.252
3.171
