0.0
0.0
0.0
0.0
0.0
0.0
0.0
0.0
0.0
0.0
0.0
0.0
0.0
0.0
0.0
0.0
0.0
0.0
0.0
0.0
0.0
0.0
0.0
0.0
0.0
0.0
0.0
0.0
0.0
0.0
0.0
0.0
0.0
0.0
0.0
0.0
0.0
0.0
0.0
0.0
0.0
0.0
0.0
0.0
0.0
0.0
0.0
0.0
0.0
0.0
0.0
0.0
0.0
0.0
0.0
0.0
0.0
0.0
0.0
0.0
0.0
0.0
0.0
0.0
0.0
0.0
0.0
0.0
0.0
0.0
0.0
0.0
0.0
0.0
0.0
0.0
0.0
0.0
0.0
0.0
0.0
0.0
0.0
0.0
0.0
0.0
0.0
0.0
0.0
0.0
0.0
0.0
0.0
0.0
0.0
0.0
0.0
0.0
0.0
0.0
0.0
0.0
0.0
0.0
0.0
0.0
0.0
0.0
0.0
0.0
0.0
0.0
0.0
0.0
0.0
0.0
0.0
0.0
0.0
0.0
0.0
0.0
0.0
0.0
0.0
0.0
0.0
0.0
0.0
0.0
0.0
0.0
0.0
0.0
0.0
0.0
0.0
0.0
0.0
0.0
0.0
0.0
0.0
0.0
0.0
0.0
0.0
0.0
0.0
0.0
0.0
0.0
0.0
0.0
0.0
0.0
0.0
0.0
0.0
0.0
0.0
0.0
0.0
0.0
0.0
0.0
0.0
0.0
0.0
0.0
0.0
0.0
0.0
0.0
0.0
0.0
0.0
0.0
0.0
0.0
0.0
0.0
0.0
0.0
0.0
0.0
0.0
0.0
0.0
0.0
0.0
0.0
0.0
0.0
0.0
0.0
0.0
0.0
0.0
0.0
0.0
0.0
0.0
0.0
0.0
0.0
0.0
0.0
0.0
0.0
0.0
0.0
0.0
0.0
0.0
0.0
0.0
0.0
0.0
0.0
0.0
0.0
0.0
0.0
0.0
0.0
0.0
0.0
0.0
0.0
0.0
0.0
0.0
0.0
0.0
0.0
0.0
0.0
0.0
0.0
0.0
0.0
0.0
0.0
0.0
0.0
0.0
0.0
0.0
0.0
0.0
0.0
0.0
0.0
0.0
0.0
0.0
0.0
0.0
0.0
0.0
0.0
0.0
0.0
0.0
0.0
0.0
0.0
0.0
0.0
0.0
0.0
0.0
0.0
0.0
0.0
0.0
0.0
0.0
0.0
0.0
0.0
0.0
0.0
0.0
0.0
0.0
0.0
0.0
0.0
0.0
0.0
0.0
0.0
0.0
0.0
0.0
0.0
0.0
0.0
0.0
0.0
0.0
0.0
0.0
0.0
0.0
0.0
0.0
0.0
0.0
0.0
0.0
0.0
0.0
0.0
0.0
0.0
0.0
0.0
0.0
0.0
0.0
0.0
0.0
0.0
0.0
0.0
0.0
0.0
0.0
0.0
0.0
0.0
0.0
0.0
0.0
0.0
0.0
0.0
0.0
0.0
0.0
0.0
0.0
0.0
0.0
0.0
0.0
0.0
0.0
0.0
0.0
0.0
0.0
0.0
0.0
0.0
0.0
0.0
0.0
0.0
0.0
0.0
0.0
0.0
0.0
0.0
0.0
0.0
0.0
0.0
0.0
0.0
0.0
0.0
0.0
0.0
0.0
0.0
0.0
0.0
0.0
0.0
0.0
0.0
0.0
0.0
0.0
0.0
0.0
0.0
0.0
0.0
0.0
0.0
0.0
0.0
0.0
0.0
0.0
0.0
0.0
0.0
0.0
0.0
0.0
0.0
0.0
0.0
0.0
0.0
0.0
0.0
0.0
0.0
0.0
0.0
0.0
0.0
0.0
0.0
0.0
0.0
0.0
0.0
0.0
0.0
0.0
0.0
0.0
0.0
0.0
0.0
0.0
0.0
0.0
0.0
0.0
0.0
0.0
0.0
0.0
0.0
0.0
0.0
0.0
0.0
0.0
0.0
0.0
0.0
0.0
0.0
0.0
0.0
0.0
0.0
0.0
0.0
0.0
0.0
0.0
0.0
0.0
0.0
0.0
0.0
0.0
0.0
0.0
0.0
0.0
0.0
0.0
0.0
0.0
0.0
0.0
0.0
0.0
0.0
0.0
0.0
0.0
0.0
0.0
0.0
0.0
0.0
0.0
0.0
0.0
0.0
0.0
0.0
0.0
0.0
0.0
0.0
0.0
0.0
0.0
0.0
0.0
0.769
0.358
0.254
0.232
0.232
0.225
0.223
0.229
0.228
0.304
0.346
0.313
0.525
0.512
0.496
0.39
0.437
0.434
1.508
2.205
0.88
1.093
1.277
0.968
0.817
0.417
0.323
0.228
0.239
0.225
0.23
0.227
0.231
0.429
0.43
0.315
0.401
0.378
0.413
0.263
0.35
0.3
1.916
2.699
0.842
0.787
1.171
0.813
0.761
0.409
0.321
0.234
0.246
0.223
0.232
0.226
0.232
0.429
0.506
0.308
0.385
0.428
0.413
0.29
0.315
0.279
0.914
2.22
0.686
0.68
1.083
1.008
0.948
0.417
0.323
0.235
0.235
0.222
0.24
0.228
0.23
0.426
0.603
0.294
0.329
0.502
0.418
0.29
0.315
0.279
1.916
2.396
0.733
0.874
1.396
0.943
0.685
0.695
0.349
0.246
0.246
0.204
0.246
0.237
0.247
0.212
0.208
0.279
0.608
0.469
0.788
0.727
0.459
0.463
1.67
0.617
0.663
0.69
0.859
1.091
0.56
0.558
0.371
0.256
0.26
0.229
0.26
0.25
0.267
0.23
0.222
0.279
0.504
0.484
0.805
0.734
0.465
0.465
1.67
0.691
0.845
0.78
0.906
1.026
0.9
0.418
0.312
0.235
0.242
0.224
0.24
0.23
0.233
0.424
0.534
0.356
0.418
0.707
0.466
0.321
0.349
0.32
1.02
1.304
0.658
0.868
1.396
0.748
0.853
0.384
0.302
0.225
0.227
0.211
0.223
0.225
0.22
0.329
0.534
0.43
0.496
0.72
0.517
0.321
0.345
0.392
0.909
0.724
0.568
0.862
1.088
0.769
0.745
0.317
0.236
0.225
0.227
0.211
0.222
0.225
0.213
0.299
0.436
0.43
0.397
0.665
0.45
0.319
0.339
0.392
0.909
0.724
0.568
0.649
0.736
0.608
0.499
0.273
0.225
0.218
0.221
0.213
0.212
0.222
0.211
0.202
0.352
0.424
0.395
0.662
0.441
0.313
0.34
0.386
0.365
0.422
0.47
0.506
0.592
0.578
0.515
0.291
0.233
0.218
0.221
0.224
0.215
0.225
0.213
0.237
0.297
0.373
0.35
0.463
0.334
0.286
0.328
0.519
0.371
0.339
0.518
0.72
0.615
1.091
0.583
0.571
0.343
0.222
0.234
0.204
0.229
0.22
0.233
0.207
0.219
0.374
0.563
0.569
1.349
0.781
0.44
0.553
1.722
0.691
0.891
0.89
0.949
0.919
0.583
0.457
0.354
0.222
0.231
0.209
0.228
0.218
0.233
0.206
0.221
0.432
0.602
0.658
0.902
0.642
0.385
0.444
0.424
0.461
0.735
0.866
0.74
0.52
0.574
0.318
0.237
0.213
0.229
0.219
0.208
0.217
0.207
0.234
0.227
0.385
0.326
0.298
0.336
0.286
0.287
0.392
0.251
0.339
0.505
0.524
0.559
0.498
0.612
0.309
0.234
0.213
0.22
0.212
0.208
0.208
0.232
0.262
0.204
0.318
0.248
0.248
0.278
0.233
0.235
0.298
0.231
0.284
0.387
0.382
0.461
0.42
0.349
0.266
0.231
0.214
0.224
0.214
0.203
0.206
0.233
0.26
0.205
0.238
0.215
0.226
0.229
0.233
0.234
0.221
0.231
0.246
0.338
0.325
0.37
0.343
0.324
0.255
0.227
0.211
0.228
0.219
0.207
0.206
0.243
0.235
0.211
0.25
0.227
0.237
0.242
0.248
0.244
0.25
0.241
0.367
0.471
0.408
0.442
0.389
0.327
0.258
0.229
0.218
0.232
0.223
0.213
0.207
0.244
0.237
0.213
0.437
0.259
0.29
0.291
0.353
0.292
0.391
0.262
0.495
0.519
0.451
0.526
0.654
0.418
0.324
0.354
0.22
0.226
0.21
0.228
0.221
0.231
0.205
0.221
0.48
0.486
0.425
0.923
0.407
0.35
0.473
0.369
0.444
0.558
0.639
0.63
0.667
0.376
0.289
0.245
0.212
0.213
0.2
0.218
0.211
0.216
0.197
0.222
0.551
0.486
0.518
1.001
0.407
0.458
0.459
0.369
0.451
0.599
0.639
0.725
0.398
0.32
0.251
0.229
0.218
0.232
0.215
0.207
0.2
0.213
0.213
0.213
0.451
0.234
0.352
0.36
0.33
0.27
0.263
0.284
0.567
0.455
0.451
0.526
0.398
0.316
0.251
0.23
0.226
0.229
0.218
0.21
0.204
0.216
0.213
0.291
0.306
0.239
0.311
0.32
0.229
0.225
0.25
0.269
0.44
0.351
0.37
0.398
0.3
0.247
0.233
0.228
0.226
0.229
0.218
0.218
0.208
0.206
0.209
0.293
0.306
0.238
0.315
0.323
0.229
0.225
0.249
0.269
0.44
0.351
0.366
0.399
0.306
0.247
0.234
0.23
0.226
0.22
0.22
0.22
0.208
0.203
0.214
0.294
0.3
0.234
0.315
0.323
0.228
0.224
0.372
0.353
0.564
0.402
0.404
0.519
0.37
0.307
0.253
0.236
0.233
0.221
0.22
0.22
0.208
0.203
0.214
0.304
0.375
0.585
0.446
0.359
0.218
0.223
0.378
0.414
0.495
0.402
0.372
0.526
0.541
0.352
0.264
0.231
0.225
0.217
0.209
0.213
0.211
0.213
0.203
0.224
0.551
0.545
0.51
0.504
0.402
0.458
0.457
0.436
0.362
0.51
0.598
0.632
0.506
0.364
0.277
0.231
0.212
0.214
0.198
0.208
0.208
0.203
0.203
0.212
0.476
0.528
0.589
0.526
0.396
0.524
0.457
0.436
0.328
0.476
0.561
0.686
0.415
0.382
0.262
0.236
0.231
0.213
0.215
0.22
0.207
0.197
0.21
0.304
0.375
0.273
0.314
0.268
0.218
0.223
0.308
0.335
0.435
0.398
0.408
0.506
0.465
0.439
0.283
0.226
0.221
0.199
0.208
0.217
0.202
0.188
0.211
0.23
0.322
0.513
0.369
0.268
0.216
0.307
0.292
0.319
0.374
0.413
0.403
0.506
0.448
0.452
0.266
0.226
0.21
0.192
0.204
0.208
0.2
0.185
0.205
0.216
0.351
0.558
0.395
0.363
0.316
0.376
0.378
0.415
0.433
0.499
0.482
0.662
0.53
0.545
0.299
0.247
0.209
0.199
0.202
0.207
0.196
0.223
0.207
0.228
0.381
0.896
0.478
0.462
0.328
0.469
0.414
0.415
0.436
0.514
0.524
0.721
0.531
0.56
0.327
0.233
0.209
0.207
0.193
0.199
0.198
0.221
0.201
0.224
0.47
0.896
0.534
0.462
0.331
0.469
0.414
0.36
0.436
0.585
0.534
0.728
0.521
0.376
0.279
0.227
0.214
0.213
0.2
0.208
0.206
0.208
0.21
0.212
0.438
0.457
0.669
0.472
0.396
0.606
0.39
0.376
0.413
0.468
0.561
0.68
0.521
0.481
0.299
0.236
0.227
0.22
0.206
0.213
0.212
0.216
0.229
0.232
0.451
0.395
0.549
0.465
0.341
0.577
0.452
0.447
0.473
0.517
0.583
0.695
0.535
0.621
0.344
0.221
0.209
0.199
0.189
0.193
0.192
0.195
0.191
0.198
0.473
0.613
0.401
0.413
0.439
0.612
0.476
0.36
0.434
0.528
0.564
0.819
0.537
0.621
0.344
0.242
0.21
0.194
0.186
0.204
0.183
0.202
0.196
0.291
0.39
0.564
0.386
0.407
0.331
0.468
0.427
0.359
0.408
0.528
0.528
0.819
0.52
0.621
0.322
0.233
0.21
0.188
0.191
0.2
0.179
0.215
0.186
0.287
0.39
0.316
0.304
0.3
0.329
0.373
0.427
0.346
0.381
0.473
0.456
0.668
0.475
0.546
0.334
0.243
0.218
0.193
0.196
0.209
0.179
0.237
0.199
0.315
0.342
0.285
0.291
0.226
0.246
0.331
0.359
0.307
0.338
0.529
0.472
0.654
0.445
0.472
0.311
0.23
0.217
0.189
0.203
0.2
0.184
0.212
0.2
0.29
0.377
0.285
0.291
0.226
0.236
0.286
0.373
0.344
0.33
0.585
0.447
0.533
0.515
0.532
0.361
0.236
0.228
0.223
0.192
0.212
0.216
0.204
0.231
0.236
0.361
0.477
0.563
0.446
0.371
0.946
0.517
0.491
0.476
0.534
0.613
0.638
0.506
0.532
0.361
0.237
0.232
0.215
0.2
0.212
0.205
0.204
0.231
0.237
0.361
0.482
0.654
0.428
0.37
0.836
0.563
0.446
0.632
0.545
0.676
0.577
0.368
0.379
0.273
0.23
0.226
0.185
0.204
0.203
0.19
0.212
0.208
0.373
0.382
0.537
0.266
0.232
0.236
0.373
0.289
0.372
0.33
0.503
0.541
0.458
0.33
0.314
0.253
0.229
0.235
0.199
0.224
0.223
0.199
0.225
0.229
0.506
0.311
0.547
0.284
0.256
0.221
0.304
0.256
0.308
0.299
0.423
0.467
0.334
0.276
0.265
0.24
0.235
0.241
0.217
0.248
0.22
0.227
0.22
0.254
0.373
0.325
0.543
0.3
0.261
0.231
0.314
0.253
0.321
0.299
0.443
0.467
0.335
0.276
0.284
0.238
0.253
0.241
0.233
0.246
0.238
0.227
0.233
0.254
0.386
0.325
0.554
0.301
0.264
0.243
0.314
0.267
0.315
0.327
0.442
0.603
0.382
0.298
0.327
0.238
0.252
0.227
0.233
0.222
0.238
0.206
0.228
0.235
0.451
0.379
0.534
0.364
0.379
0.243
0.289
0.296
0.35
0.369
0.386
0.52
0.382
0.554
0.665
0.368
0.236
0.217
0.211
0.192
0.209
0.209
0.196
0.228
0.271
0.336
0.351
0.654
0.356
0.386
0.494
0.447
0.42
0.678
0.601
0.652
0.57
0.555
0.657
0.368
0.236
0.243
0.229
0.215
0.23
0.226
0.244
0.246
0.305
0.436
0.449
0.641
0.318
0.477
0.491
0.602
0.465
0.678
0.681
0.654
0.577
0.319
0.327
0.25
0.249
0.235
0.233
0.229
0.238
0.213
0.235
0.23
0.39
0.38
0.504
0.32
0.239
0.385
0.327
0.348
0.333
0.362
0.36
0.608
0.443
0.399
0.425
0.264
0.258
0.24
0.228
0.244
0.238
0.223
0.244
0.222
0.331
0.38
0.49
0.365
0.242
0.521
0.309
0.462
0.333
0.362
0.367
0.597
0.463
0.468
0.48
0.281
0.254
0.227
0.228
0.224
0.229
0.224
0.231
0.21
0.237
0.473
0.563
0.377
0.305
0.566
0.373
0.498
0.437
0.422
0.404
0.665
0.591
0.547
0.533
0.284
0.249
0.22
0.21
0.221
0.223
0.217
0.231
0.21
0.245
0.462
0.64
0.37
0.309
0.714
0.428
0.61
0.585
0.467
0.421
0.749
0.656
0.613
0.597
0.313
0.25
0.222
0.193
0.224
0.206
0.219
0.225
0.204
0.234
0.528
0.695
0.361
0.378
0.714
0.434
0.665
0.619
0.538
0.421
0.715
0.672
0.575
0.667
0.406
0.244
0.238
0.239
0.217
0.233
0.233
0.208
0.227
0.263
0.399
0.584
0.489
0.298
0.408
0.414
0.607
0.465
0.622
0.675
0.744
0.586
0.585
0.627
0.422
0.258
0.215
0.214
0.215
0.212
0.216
0.2
0.215
0.246
0.318
0.643
0.446
0.364
0.467
0.422
0.648
0.452
0.623
0.782
0.766
0.605
0.588
0.599
0.303
0.238
0.23
0.177
0.234
0.201
0.219
0.225
0.192
0.234
0.546
0.695
0.295
0.299
0.586
0.534
0.775
0.679
0.536
0.393
0.768
0.626
0.605
0.558
0.285
0.239
0.223
0.193
0.233
0.205
0.216
0.218
0.21
0.222
0.485
0.603
0.31
0.35
0.512
0.531
0.918
0.701
0.615
0.393
0.748
0.689
0.604
0.497
0.271
0.221
0.223
0.196
0.224
0.213
0.204
0.218
0.201
0.302
0.485
0.513
0.29
0.402
0.422
0.5
0.817
0.692
0.546
0.393
0.718
0.744
0.543
0.507
0.244
0.214
0.233
0.185
0.229
0.199
0.209
0.214
0.194
0.314
0.384
0.516
0.321
0.402
0.446
0.431
0.817
0.646
0.535
0.405
0.723
0.701
0.54
0.561
0.266
0.201
0.226
0.182
0.219
0.198
0.192
0.214
0.196
0.406
0.384
0.443
0.381
0.424
0.446
0.499
0.772
0.568
0.529
0.48
0.701
0.703
0.583
0.66
0.365
0.258
0.223
0.207
0.216
0.222
0.208
0.213
0.21
0.322
0.401
0.634
0.443
0.373
0.465
0.422
0.671
0.429
0.466
0.855
0.81
0.674
0.583
0.66
0.365
0.27
0.223
0.219
0.222
0.221
0.226
0.211
0.227
0.324
0.326
0.588
0.366
0.327
0.465
0.422
0.518
0.401
0.392
0.661
0.677
0.667
0.521
0.481
0.253
0.194
0.219
0.188
0.207
0.203
0.201
0.214
0.213
0.41
0.323
0.385
0.381
0.361
0.446
0.5
0.734
0.568
0.471
0.48
0.653
0.703
0.512
0.423
0.251
0.204
0.213
0.206
0.21
0.201
0.216
0.214
0.232
0.317
0.236
0.381
0.375
0.361
0.435
0.37
0.507
0.449
0.426
0.446
0.531
0.611
0.442
0.359
0.25
0.205
0.223
0.206
0.204
0.212
0.217
0.22
0.231
0.319
0.238
0.308
0.323
0.315
0.358
0.263
0.374
0.369
0.361
0.405
0.415
0.469
0.373
0.314
0.249
0.214
0.221
0.211
0.209
0.207
0.229
0.219
0.24
0.229
0.224
0.233
0.294
0.262
0.312
0.23
0.296
0.294
0.296
0.288
0.301
0.335
0.304
0.236
0.246
0.219
0.217
0.219
0.211
0.217
0.224
0.225
0.24
0.223
0.218
0.225
0.234
0.239
0.55
0.397
0.296
0.309
0.298
0.329
0.301
0.331
0.476
0.511
0.359
0.269
0.237
0.222
0.229
0.234
0.227
0.22
0.238
0.247
0.305
0.589
0.366
0.33
0.374
0.364
0.524
0.35
0.324
0.541
0.609
0.615
0.399
0.401
0.279
0.234
0.225
0.213
0.216
0.221
0.212
0.213
0.221
0.215
0.305
0.647
0.366
0.38
0.325
0.321
0.514
0.35
0.363
0.496
0.624
0.607
0.299
0.236
0.246
0.23
0.225
0.227
0.225
0.223
0.285
0.292
0.24
0.223
0.231
0.233
0.234
0.239
0.512
0.29
0.282
0.332
0.441
0.305
0.364
0.266
0.299
0.298
0.26
0.25
0.23
0.231
0.231
0.225
0.231
0.227
0.308
0.289
0.268
0.499
0.373
0.254
0.67
0.344
0.346
0.467
0.528
0.412
0.449
0.342
0.341
0.324
0.277
0.259
0.233
0.228
0.225
0.225
0.231
0.222
0.303
0.394
0.28
0.582
0.426
0.257
0.682
0.358
0.344
0.491
0.554
0.444
0.63
0.388
0.353
0.351
0.285
0.289
0.257
0.244
0.226
0.218
0.231
0.222
0.299
0.392
0.383
0.589
0.447
0.267
0.693
0.886
0.452
0.613
0.583
0.474
0.73
0.412
0.37
0.375
0.337
0.304
0.275
0.244
0.227
0.214
0.221
0.222
0.294
0.388
0.383
0.589
0.536
0.312
0.726
0.917
0.452
0.71
0.689
0.625
0.73
0.481
0.325
0.335
0.247
0.238
0.237
0.214
0.229
0.231
0.222
0.221
0.231
0.223
0.32
0.565
0.33
0.371
0.372
0.38
0.533
0.391
0.42
0.538
0.484
0.648
0.325
0.361
0.247
0.238
0.269
0.224
0.233
0.234
0.222
0.227
0.225
0.261
0.398
0.504
0.388
0.42
0.355
0.498
0.539
0.402
0.371
0.538
0.455
0.648
0.499
0.399
0.342
0.304
0.275
0.243
0.226
0.209
0.223
0.261
0.336
0.388
0.382
0.66
0.536
0.418
0.553
0.425
0.463
0.79
0.689
0.718
0.661
0.497
0.538
0.399
0.35
0.292
0.266
0.215
0.222
0.209
0.213
0.217
0.261
0.321
0.274
0.401
0.53
0.412
0.553
0.706
0.541
0.696
0.636
0.771
0.678
0.562
0.524
0.4
0.358
0.311
0.275
0.211
0.22
0.201
0.209
0.213
0.22
0.208
0.222
0.397
0.451
0.501
0.428
0.793
0.539
0.627
0.638
0.683
0.666
0.572
0.618
0.464
0.36
0.31
0.271
0.21
0.222
0.199
0.212
0.206
0.224
0.205
0.267
0.32
0.489
0.53
0.535
0.976
0.631
0.717
0.701
0.749
0.611
0.621
0.788
0.539
0.397
0.298
0.271
0.21
0.221
0.198
0.206
0.212
0.22
0.205
0.267
0.386
0.55
0.53
0.535
0.77
0.647
0.662
0.773
0.75
0.612
0.621
0.387
0.367
0.322
0.264
0.282
0.229
0.233
0.231
0.222
0.226
0.226
0.223
0.333
0.508
0.362
0.473
0.355
0.504
0.541
0.468
0.568
0.54
0.455
0.654
0.56
0.471
0.466
0.298
0.312
0.237
0.236
0.242
0.225
0.236
0.224
0.235
0.328
0.588
0.487
0.633
0.453
0.635
0.63
0.553
0.765
0.613
0.588
0.843
0.671
0.539
0.355
0.291
0.259
0.221
0.221
0.206
0.214
0.222
0.263
0.21
0.28
0.386
0.465
0.491
0.573
1.07
0.655
0.68
0.783
0.645
0.632
0.692
0.852
0.579
0.397
0.314
0.283
0.228
0.219
0.211
0.21
0.205
0.222
0.218
0.28
0.399
0.501
0.508
0.486
1.07
0.638
0.609
0.716
0.602
0.672
0.68
0.768
0.579
0.399
0.385
0.27
0.228
0.219
0.2
0.214
0.206
0.224
0.208
0.366
0.422
0.501
0.443
0.486
0.84
0.559
0.615
0.724
0.577
0.612
0.702
0.852
0.631
0.467
0.423
0.296
0.235
0.218
0.212
0.212
0.204
0.222
0.215
0.364
0.442
0.446
0.443
0.622
0.845
0.554
0.705
0.794
0.588
0.649
0.777
0.841
0.68
0.529
0.425
0.296
0.235
0.21
0.217
0.213
0.204
0.222
0.219
0.294
0.436
0.474
0.5
0.618
0.693
0.514
0.69
0.794
0.59
0.643
0.767
0.836
0.583
0.613
0.337
0.316
0.243
0.245
0.237
0.23
0.245
0.229
0.237
0.33
0.72
0.543
0.637
0.453
0.635
0.63
0.65
0.84
0.687
0.656
0.94
0.752
0.605
0.633
0.355
0.322
0.243
0.25
0.244
0.228
0.245
0.232
0.238
0.248
0.588
0.465
0.538
0.445
0.614
0.66
0.65
0.78
0.63
0.606
0.918
0.752
0.695
0.561
0.428
0.28
0.235
0.216
0.233
0.223
0.215
0.231
0.304
0.233
0.372
0.414
0.508
0.708
0.602
0.514
0.712
0.696
0.534
0.615
0.747
0.745
0.695
0.561
0.428
0.275
0.231
0.217
0.232
0.217
0.209
0.229
0.296
0.23
0.376
0.414
0.508
0.638
0.484
0.471
0.66
0.585
0.474
0.556
0.613
0.611
0.614
0.507
0.4
0.241
0.231
0.223
0.232
0.224
0.217
0.23
0.229
0.239
0.278
0.374
0.386
0.629
0.378
0.372
0.573
0.493
0.4
0.434
0.449
0.516
0.479
0.404
0.271
0.238
0.231
0.217
0.236
0.226
0.219
0.226
0.229
0.222
0.248
0.257
0.352
0.629
0.46
0.355
0.489
0.338
0.479
0.377
0.397
0.418
0.488
0.404
0.271
0.238
0.239
0.23
0.234
0.226
0.223
0.226
0.227
0.224
0.228
0.249
0.254
0.458
0.326
0.303
0.346
0.273
0.378
0.31
0.336
0.305
0.605
0.633
0.355
0.299
0.24
0.248
0.239
0.225
0.243
0.22
0.243
0.238
0.52
0.467
0.538
0.389
0.517
0.66
0.56
0.547
0.587
0.563
0.8
0.628
0.49
0.559
0.347
0.27
0.238
0.244
0.24
0.227
0.241
0.221
0.233
0.234
0.458
0.341
0.37
0.347
0.378
0.518
0.494
0.523
0.437
0.483
0.579
0.461
0.353
0.322
0.265
0.243
0.246
0.237
0.238
0.237
0.23
0.229
0.229
0.238
0.238
0.228
0.242
0.346
0.281
0.276
0.237
0.245
0.265
0.267
0.268
0.266
0.237
0.233
0.236
0.233
0.231
0.231
0.23
0.232
0.225
0.223
0.215
0.238
0.238
0.228
0.234
0.238
0.246
0.276
0.237
0.245
0.321
0.26
0.296
0.254
0.259
0.249
0.265
0.25
0.253
0.242
0.229
0.234
0.221
0.223
0.22
0.234
0.236
0.228
0.236
0.354
0.385
0.343
0.241
0.245
0.407
0.288
0.402
0.292
0.336
0.265
0.268
0.264
0.262
0.233
0.223
0.223
0.218
0.217
0.208
0.23
0.254
0.321
0.335
0.389
0.502
0.394
0.28
0.281
0.44
0.353
0.53
0.463
0.501
0.272
0.268
0.261
0.262
0.225
0.213
0.211
0.207
0.208
0.204
0.216
0.365
0.449
0.324
0.273
0.357
0.349
0.382
0.324
0.44
0.398
0.533
0.598
0.376
0.407
0.303
0.25
0.237
0.244
0.24
0.234
0.24
0.224
0.234
0.236
0.304
0.29
0.246
0.249
0.239
0.39
0.333
0.322
0.31
0.35
0.429
0.337
0.312
0.312
0.303
0.228
0.221
0.228
0.231
0.219
0.228
0.214
0.223
0.236
0.216
0.29
0.246
0.249
0.239
0.409
0.438
0.322
0.355
0.35
0.401
0.337
0.347
0.245
0.234
0.23
0.232
0.204
0.208
0.208
0.2
0.2
0.201
0.219
0.524
0.534
0.434
0.389
0.409
0.451
0.42
0.374
0.498
0.45
0.571
0.72
0.363
0.241
0.221
0.211
0.223
0.189
0.201
0.193
0.191
0.186
0.188
0.202
0.607
0.636
0.44
0.398
0.416
0.564
0.445
0.388
0.498
0.537
0.571
0.72
0.363
0.268
0.246
0.229
0.237
0.189
0.188
0.181
0.189
0.174
0.182
0.193
0.586
0.541
0.437
0.398
0.898
0.521
0.392
0.411
0.619
0.537
0.464
0.71
0.351
0.254
0.238
0.223
0.237
0.189
0.188
0.18
0.184
0.174
0.182
0.185
0.577
0.536
0.329
0.437
0.44
0.474
0.441
0.425
0.56
0.467
0.384
0.562
0.266
0.256
0.252
0.223
0.258
0.204
0.2
0.185
0.194
0.181
0.185
0.193
0.521
0.436
0.244
0.419
0.358
0.438
0.431
0.405
0.651
0.515
0.384
0.562
0.312
0.266
0.262
0.214
0.207
0.213
0.223
0.205
0.215
0.211
0.234
0.388
0.216
0.303
0.308
0.278
0.366
0.404
0.41
0.272
0.287
0.369
0.351
0.323
0.406
0.279
0.366
0.214
0.223
0.222
0.225
0.22
0.223
0.214
0.298
0.451
0.258
0.39
0.415
0.484
0.861
0.404
0.54
0.337
0.454
0.521
0.512
0.548
0.266
0.343
0.287
0.259
0.305
0.228
0.212
0.2
0.203
0.205
0.193
0.212
0.448
0.385
0.302
0.464
0.533
0.566
0.426
0.356
0.473
0.583
0.461
0.592
0.341
0.457
0.344
0.299
0.363
0.279
0.279
0.257
0.26
0.262
0.249
0.267
0.448
0.404
0.302
0.382
0.668
0.662
0.465
0.423
0.667
0.995
0.583
0.66
0.487
0.541
0.405
0.343
0.424
0.316
0.337
0.327
0.331
0.34
0.302
0.34
0.42
0.362
0.386
0.761
0.853
0.673
0.532
0.557
0.771
1.109
0.823
0.823
0.827
0.606
0.489
0.407
0.456
0.358
0.389
0.391
0.351
0.34
0.302
0.445
0.579
0.508
0.638
0.874
0.853
0.812
0.626
0.557
0.646
1.586
1.025
1.038
1.163
0.765
0.596
0.463
0.46
0.403
0.44
0.452
0.42
0.444
0.511
0.516
0.599
0.565
0.69
0.632
1.005
0.852
0.707
0.721
0.71
1.586
1.06
1.038
0.554
0.487
0.499
0.279
0.273
0.25
0.263
0.269
0.255
0.261
0.324
0.501
0.315
0.543
0.57
0.929
1.037
0.53
0.639
0.446
0.67
0.696
0.652
0.775
0.737
0.634
0.619
0.352
0.334
0.314
0.327
0.347
0.317
0.299
0.388
0.534
0.375
0.701
0.735
1.068
1.182
0.767
0.837
0.559
0.9
0.872
0.883
0.941
1.281
0.891
0.686
0.498
0.488
0.409
0.449
0.452
0.456
0.467
0.563
0.516
0.556
0.565
0.697
0.797
1.058
0.959
0.785
0.835
0.943
1.286
1.123
1.043
1.297
0.829
0.784
0.532
0.499
0.41
0.446
0.432
0.443
0.417
0.43
0.468
0.556
0.586
0.85
0.921
1.353
1.051
0.902
1.035
1.017
1.315
1.123
0.958
1.343
0.829
0.784
0.532
0.499
0.407
0.447
0.423
0.461
0.471
0.494
0.497
0.519
0.528
0.869
0.921
1.344
0.889
0.785
1.035
0.8
1.003
1.029
1.007
1.26
0.865
0.78
0.544
0.494
0.411
0.432
0.405
0.432
0.448
0.508
0.524
0.507
0.643
0.887
0.921
1.46
0.941
0.848
1.183
0.765
0.96
1.029
1.065
1.101
0.93
0.786
0.592
0.532
0.458
0.441
0.426
0.461
0.616
0.617
0.524
0.468
0.554
0.69
0.867
1.303
0.842
0.857
1.098
0.724
0.855
0.878
0.941
0.903
0.894
0.696
0.45
0.417
0.399
0.384
0.415
0.361
0.359
0.442
0.569
0.438
0.784
0.778
1.239
1.531
1.024
0.905
0.675
1.004
0.901
0.955
1.015
0.903
0.928
0.668
0.56
0.508
0.486
0.463
0.486
0.424
0.428
0.476
0.476
0.461
0.784
0.778
0.841
1.244
0.976
0.809
0.58
0.843
0.856
0.906
0.863
1.004
0.868
0.725
0.535
0.506
0.437
0.474
0.412
0.469
0.605
0.523
0.532
0.498
0.546
0.679
0.81
1.283
0.895
0.789
0.882
0.715
0.846
0.772
0.93
0.937
0.735
0.669
0.541
0.535
0.482
0.502
0.445
0.498
0.623
0.548
0.56
0.513
0.558
0.69
0.683
0.868
0.805
0.722
1.119
0.715
0.846
0.8
0.952
0.927
0.706
0.625
0.583
0.575
0.544
0.548
0.491
0.535
0.659
0.569
0.583
0.558
0.567
0.555
0.552
0.689
0.633
0.674
1.172
0.762
0.789
0.711
0.872
0.778
0.681
0.624
0.583
0.575
0.559
0.554
0.5
0.511
0.516
0.514
0.579
0.513
0.559
0.503
0.541
0.671
0.633
0.75
1.208
0.745
0.738
0.74
0.758
0.698
0.655
0.637
0.62
0.587
0.574
0.587
0.523
0.571
0.529
0.556
0.559
0.558
0.534
0.503
0.541
0.671
0.587
0.674
1.011
0.762
0.785
0.786
0.702
0.783
0.928
0.668
0.562
0.534
0.521
0.505
0.517
0.463
0.456
0.454
0.475
0.461
0.763
0.698
0.954
1.244
1.126
0.758
0.685
0.917
0.895
0.872
0.893
0.832
0.928
0.668
0.587
0.52
0.535
0.508
0.509
0.465
0.484
0.446
0.482
0.475
0.763
0.703
1.225
1.105
0.938
0.794
0.754
0.893
0.917
0.82
0.834
0.706
0.655
0.637
0.578
0.551
0.524
0.574
0.511
0.566
0.526
0.55
0.559
0.583
0.509
0.506
0.529
0.904
0.611
0.643
1.017
0.761
0.882
0.927
0.856
0.789
0.692
0.626
0.553
0.53
0.49
0.546
0.5
0.531
0.501
0.521
0.528
0.622
0.52
0.638
0.634
0.901
0.603
0.741
1.109
0.795
0.903
1.001
1.004
0.822
0.748
0.701
0.611
0.523
0.496
0.551
0.52
0.489
0.52
0.493
0.522
0.606
0.594
0.645
0.65
0.895
0.788
0.88
0.832
0.706
0.818
0.89
0.924
0.758
0.735
0.684
0.598
0.485
0.459
0.526
0.471
0.466
0.479
0.464
0.466
0.567
0.554
0.714
0.871
0.86
0.807
0.944
0.832
0.706
0.929
0.928
1.022
0.825
0.955
0.8
0.687
0.52
0.483
0.553
0.491
0.497
0.503
0.522
0.521
0.635
0.577
0.759
0.903
1.017
0.829
0.796
0.903
0.865
1.065
1.015
1.022
0.87
0.961
0.669
0.587
0.534
0.535
0.53
0.509
0.468
0.493
0.446
0.492
0.471
0.763
0.684
0.876
1.03
0.935
0.897
0.841
0.853
0.903
0.865
0.783
0.814
0.996
0.691
0.568
0.534
0.528
0.517
0.484
0.473
0.505
0.436
0.499
0.546
0.763
0.684
1.147
1.079
0.871
0.853
0.921
0.848
0.959
0.813
0.795
0.89
1.073
0.843
0.645
0.516
0.479
0.556
0.479
0.495
0.469
0.474
0.502
0.593
0.671
0.716
0.786
1.017
0.971
0.944
0.953
0.998
0.962
0.969
1.024
0.89
1.028
0.741
0.643
0.501
0.484
0.562
0.464
0.483
0.457
0.402
0.458
0.593
0.851
0.957
0.998
0.922
0.962
1.044
1.002
1.107
0.992
0.9
1.024
0.933
1.139
0.783
0.643
0.502
0.522
0.571
0.479
0.483
0.455
0.446
0.448
0.661
0.925
0.804
0.912
0.899
1.105
1.094
1.059
1.224
0.975
0.894
0.905
0.968
1.157
0.698
0.583
0.464
0.484
0.539
0.453
0.47
0.49
0.412
0.487
0.645
0.735
0.804
0.912
0.899
0.946
0.946
1.059
1.224
0.939
0.918
0.885
0.968
1.157
0.689
0.514
0.441
0.458
0.508
0.415
0.427
0.49
0.377
0.487
0.614
0.716
0.678
0.646
0.806
0.852
0.774
0.859
0.95
0.679
0.867
0.692
0.814
0.948
0.77
0.604
0.534
0.551
0.535
0.5
0.484
0.504
0.423
0.493
0.536
0.803
0.747
1.208
0.955
0.871
0.914
0.973
0.874
1.005
0.813
0.855
0.751
0.899
0.716
0.507
0.483
0.476
0.492
0.471
0.473
0.47
0.407
0.492
0.518
0.78
0.731
1.208
0.848
0.871
0.914
0.973
0.874
1.005
0.813
0.855
0.832
0.894
0.574
0.475
0.441
0.398
0.433
0.367
0.429
0.49
0.377
0.418
0.49
0.62
0.569
0.54
0.581
0.738
0.7
0.596
0.7
0.44
0.867
0.593
0.65
0.654
0.45
0.398
0.376
0.35
0.341
0.298
0.353
0.479
0.334
0.385
0.451
0.456
0.415
0.354
0.38
0.484
0.455
0.429
0.453
0.329
0.672
0.417
0.439
0.412
0.371
0.321
0.323
0.293
0.265
0.231
0.287
0.4
0.316
0.506
0.524
0.23
0.253
0.242
0.231
0.219
0.225
0.215
0.221
0.21
0.529
0.277
0.228
0.24
0.254
0.272
0.263
0.263
0.225
0.212
0.231
0.357
0.246
0.462
0.254
0.197
0.228
0.205
0.211
0.185
0.217
0.193
0.2
0.204
0.423
0.238
0.195
0.208
0.197
0.224
0.226
0.232
0.211
0.197
0.209
0.233
0.24
0.265
0.252
0.199
0.249
0.207
0.208
0.194
0.206
0.192
0.191
0.195
0.202
0.201
0.751
0.869
0.668
0.432
0.398
0.396
0.413
0.38
0.393
0.399
0.359
0.416
0.448
0.727
0.664
1.032
0.739
0.652
0.79
0.749
0.738
0.832
0.721
0.745
0.568
0.623
0.508
0.289
0.329
0.291
0.334
0.293
0.318
0.323
0.293
0.334
0.309
0.745
0.857
1.032
0.739
0.856
0.891
0.833
0.829
0.64
0.865
1.387
0.195
0.198
0.197
0.211
0.201
0.21
0.208
0.204
0.209
0.195
0.21
0.236
0.223
0.191
0.226
0.2
0.199
0.193
0.198
0.192
0.199
0.195
0.21
0.201
0.203
0.208
0.202
0.211
0.201
0.21
0.208
0.204
0.209
0.195
0.21
0.382
0.493
0.198
0.249
0.215
0.201
0.201
0.2
0.202
0.201
0.202
0.21
0.201
0.217
0.221
0.222
0.215
0.221
0.224
0.217
0.223
0.221
0.222
0.231
0.41
0.508
0.234
0.775
0.766
0.283
0.261
0.233
0.223
0.231
0.228
0.241
0.222
0.245
0.244
0.228
0.213
0.21
0.223
0.208
0.251
0.244
0.219
0.371
0.333
0.453
0.462
0.902
0.884
0.768
0.45
0.313
0.317
0.258
0.279
0.389
0.35
0.414
0.38
0.258
0.228
0.217
0.244
0.214
0.334
0.339
0.337
0.444
0.457
0.571
0.582
1.105
0.914
0.817
0.622
0.441
0.494
0.464
0.712
0.633
0.592
0.407
0.43
0.383
0.278
0.276
0.259
0.282
0.265
0.288
0.278
0.308
0.303
0.404
0.617
1.39
1.753
1.801
1.299
0.723
1.147
1.703
0.714
0.933
1.271
0.509
0.368
0.483
0.363
0.336
0.23
0.241
0.231
0.229
0.234
0.251
0.242
0.347
0.521
1.262
1.471
1.946
1.256
1.113
1.072
1.611
0.536
0.846
0.576
0.576
0.507
0.281
0.245
0.245
0.355
0.237
0.452
0.347
0.48
0.684
0.571
0.78
0.804
1.237
1.043
0.992
0.655
0.722
0.591
0.516
0.907
0.793
0.845
0.678
0.703
0.398
0.278
0.256
0.36
0.338
0.452
0.448
0.606
0.788
0.681
0.886
0.896
1.237
1.256
1.142
0.809
0.769
0.675
0.592
0.951
0.904
0.916
0.841
0.804
0.522
0.29
0.246
0.349
0.333
0.443
0.444
0.473
0.568
0.571
0.836
0.863
0.846
0.759
0.724
0.668
0.581
0.595
0.754
1.002
0.904
0.916
0.841
0.804
0.535
0.274
0.224
0.33
0.309
0.424
0.424
0.455
0.549
0.556
0.836
0.863
0.786
0.714
0.724
0.801
0.622
0.595
0.785
1.118
0.755
0.799
0.778
0.695
0.599
0.274
0.226
0.33
0.309
0.339
0.336
0.455
0.418
0.447
0.639
0.662
0.851
0.654
0.724
0.746
0.76
0.604
0.697
0.8
0.789
0.833
0.356
0.348
0.298
0.237
0.244
0.202
0.218
0.202
0.209
0.208
0.211
0.205
0.297
0.305
1.059
1.301
1.835
1.246
0.955
0.928
1.691
0.387
0.67
0.453
0.409
0.458
0.491
0.325
0.254
0.219
0.225
0.209
0.224
0.217
0.219
0.215
0.305
0.493
1.297
1.403
1.996
1.389
1.089
1.019
2.282
0.544
0.753
0.572
0.718
0.731
0.599
0.269
0.256
0.228
0.314
0.226
0.228
0.337
0.54
0.356
0.525
0.556
0.715
0.654
0.724
0.761
0.76
0.55
0.561
0.683
0.686
0.755
0.663
0.699
0.541
0.287
0.228
0.222
0.218
0.223
0.217
0.215
0.345
0.249
0.359
0.414
0.745
0.629
0.704
0.965
0.695
0.56
0.609
0.683
0.623
0.741
0.697
0.655
0.545
0.287
0.25
0.22
0.209
0.218
0.214
0.207
0.217
0.222
0.227
0.306
0.717
0.629
0.721
0.999
0.695
0.5
0.562
0.809
0.608
0.813
0.693
0.647
0.545
0.314
0.249
0.212
0.206
0.211
0.208
0.197
0.211
0.216
0.226
0.306
0.742
0.77
0.707
0.999
0.669
0.548
0.513
0.769
0.597
0.813
0.663
0.623
0.658
0.36
0.271
0.207
0.201
0.201
0.198
0.195
0.202
0.208
0.221
0.306
0.729
0.722
0.735
0.935
0.616
0.622
0.542
0.68
0.686
0.811
0.466
0.509
0.536
0.457
0.307
0.254
0.222
0.214
0.216
0.217
0.209
0.216
0.301
0.547
1.297
1.414
1.999
1.389
1.105
1.019
2.335
0.611
0.788
0.715
0.547
0.586
0.553
0.468
0.307
0.254
0.219
0.214
0.216
0.21
0.342
0.257
0.302
0.415
0.661
0.708
1.033
0.899
0.626
0.571
1.365
0.611
0.646
0.607
0.683
0.608
0.732
0.452
0.3
0.206
0.199
0.205
0.199
0.193
0.199
0.208
0.221
0.371
0.655
0.805
0.66
0.917
0.519
0.634
0.479
0.621
0.582
0.839
0.719
0.582
0.817
0.477
0.307
0.205
0.195
0.195
0.188
0.188
0.194
0.208
0.29
0.484
0.719
0.805
0.76
0.746
0.49
0.666
0.507
0.646
0.686
0.783
0.812
0.626
0.817
0.477
0.347
0.206
0.193
0.19
0.18
0.187
0.189
0.201
0.286
0.506
0.697
0.889
0.826
0.597
0.49
0.599
0.567
0.589
0.681
0.823
0.761
0.621
0.786
0.475
0.363
0.206
0.19
0.193
0.174
0.192
0.192
0.193
0.286
0.494
0.689
0.782
0.883
0.551
0.508
0.599
0.581
0.512
0.625
0.731
0.716
0.606
0.716
0.466
0.373
0.226
0.189
0.186
0.176
0.191
0.186
0.19
0.268
0.408
0.689
0.672
0.98
0.549
0.524
0.552
0.688
0.597
0.618
0.713
0.633
0.591
0.65
0.535
0.335
0.259
0.209
0.205
0.204
0.197
0.209
0.216
0.291
0.44
0.604
0.648
0.816
0.659
0.987
0.571
1.182
0.611
0.596
0.653
0.573
0.544
0.511
0.439
0.315
0.287
0.21
0.205
0.21
0.2
0.241
0.241
0.291
0.429
0.6
0.67
0.73
0.668
0.58
0.508
1.135
0.718
0.629
0.577
0.716
0.606
0.585
0.378
0.373
0.224
0.186
0.186
0.181
0.316
0.193
0.219
0.314
0.558
0.61
0.605
0.98
0.503
0.53
0.552
0.61
0.698
0.523
0.664
0.653
0.567
0.429
0.312
0.33
0.219
0.184
0.185
0.175
0.313
0.19
0.212
0.309
0.425
0.529
0.528
1.154
0.539
0.555
0.815
0.61
0.715
0.538
0.567
0.525
0.519
0.333
0.271
0.289
0.222
0.187
0.187
0.19
0.328
0.253
0.212
0.256
0.325
0.439
0.519
1.146
0.535
0.562
0.849
0.602
0.7
0.538
0.531
0.51
0.482
0.296
0.271
0.26
0.241
0.197
0.185
0.196
0.324
0.253
0.214
0.258
0.242
0.363
0.472
1.09
0.587
0.526
0.846
0.619
0.672
0.554
0.531
0.51
0.402
0.261
0.219
0.215
0.221
0.198
0.18
0.197
0.192
0.245
0.268
0.336
0.316
0.335
0.425
0.931
0.594
0.556
0.826
0.75
0.687
0.625
0.568
0.544
0.495
0.485
0.439
0.311
0.283
0.209
0.2
0.205
0.195
0.233
0.235
0.288
0.495
0.505
0.666
0.674
0.585
0.578
0.506
0.89
0.737
0.595
0.563
0.505
0.495
0.342
0.356
0.294
0.271
0.201
0.192
0.189
0.182
0.227
0.319
0.274
0.429
0.409
0.716
0.621
0.513
0.507
0.52
0.61
0.642
0.629
0.536
0.47
0.329
0.231
0.196
0.198
0.203
0.194
0.183
0.199
0.191
0.25
0.372
0.433
0.423
0.365
0.43
1.062
0.563
0.599
0.794
0.617
0.553
0.623
0.594
0.533
0.402
0.281
0.218
0.19
0.205
0.196
0.183
0.187
0.175
0.186
0.427
0.467
0.345
0.385
0.412
1.062
0.563
0.659
0.546
0.691
0.529
0.694
0.593
0.565
0.438
0.313
0.23
0.2
0.217
0.204
0.192
0.2
0.185
0.194
0.514
0.466
0.433
0.472
0.519
0.797
0.482
0.677
0.509
0.71
0.533
0.76
0.576
0.565
0.397
0.308
0.226
0.204
0.22
0.204
0.191
0.2
0.185
0.194
0.55
0.452
0.419
0.452
0.462
0.676
0.427
0.625
0.442
0.689
0.508
0.65
0.569
0.51
0.323
0.27
0.214
0.195
0.21
0.202
0.197
0.203
0.195
0.201
0.55
0.452
0.419
0.438
0.448
0.758
0.352
0.592
0.416
0.611
0.496
0.617
0.607
0.499
0.457
0.286
0.254
0.23
0.226
0.201
0.188
0.183
0.18
0.223
0.491
0.389
0.471
0.565
0.718
0.548
0.552
0.485
0.641
0.551
0.641
0.699
0.536
0.437
0.368
0.231
0.227
0.22
0.216
0.198
0.185
0.174
0.179
0.181
0.396
0.373
0.418
0.708
0.718
0.471
0.473
0.456
0.636
0.551
0.641
0.666
0.535
0.487
0.377
0.351
0.233
0.215
0.223
0.219
0.202
0.203
0.193
0.201
0.451
0.358
0.334
0.401
0.428
0.645
0.28
0.473
0.372
0.456
0.42
0.473
0.463
0.482
0.392
0.368
0.233
0.208
0.221
0.219
0.196
0.197
0.195
0.193
0.347
0.358
0.219
0.317
0.274
0.575
0.28
0.423
0.341
0.422
0.467
0.487
0.356
0.377
0.319
0.284
0.221
0.214
0.224
0.224
0.205
0.198
0.201
0.196
0.259
0.278
0.189
0.322
0.295
0.601
0.258
0.306
0.256
0.312
0.374
0.34
0.289
0.294
0.241
0.254
0.218
0.212
0.212
0.217
0.202
0.192
0.197
0.19
0.195
0.205
0.178
0.194
0.205
0.523
0.279
0.262
0.256
0.271
0.333
0.31
0.269
0.315
0.272
0.259
0.216
0.202
0.199
0.199
0.195
0.182
0.186
0.181
0.182
0.187
0.172
0.175
0.28
0.583
0.29
0.24
0.239
0.255
0.313
0.296
0.252
0.343
0.296
0.185
0.183
0.174
0.175
0.188
0.177
0.169
0.175
0.177
0.39
0.288
0.344
0.551
0.718
0.374
0.421
0.425
0.486
0.461
0.579
0.674
0.478
0.343
0.361
0.185
0.183
0.168
0.175
0.188
0.177
0.169
0.175
0.177
0.557
0.288
0.356
0.565
0.688
0.427
0.421
0.437
0.641
0.539
0.579
0.709
0.55
0.303
0.261
0.251
0.212
0.192
0.187
0.186
0.184
0.17
0.175
0.172
0.173
0.176
0.172
0.174
0.372
0.583
0.499
0.29
0.252
0.245
0.541
0.296
0.252
0.303
0.261
0.251
0.212
0.192
0.187
0.186
0.189
0.182
0.186
0.181
0.182
0.29
0.181
0.231
0.459
0.663
0.72
0.369
0.295
0.299
0.615
0.359
0.329
0.363
0.323
0.233
0.211
0.192
0.188
0.231
0.265
0.243
0.246
0.233
0.273
0.261
0.303
0.299
0.616
0.557
0.693
0.328
0.359
0.361
0.45
0.404
0.424
0.417
0.484
0.281
0.215
0.257
0.236
0.256
0.302
0.293
0.283
0.272
0.391
0.358
0.373
0.299
0.618
0.624
0.772
0.48
0.36
0.4
0.579
0.477
0.481
0.491
0.497
0.272
0.21
0.245
0.229
0.258
0.292
0.281
0.277
0.265
0.475
0.42
0.446
0.293
0.618
0.642
0.734
0.46
0.429
0.43
0.621
0.564
0.506
0.393
0.44
0.304
0.301
0.168
0.291
0.3
0.168
0.269
0.285
0.436
0.838
0.456
0.356
0.689
0.73
0.541
0.429
0.408
0.781
0.528
0.583
0.807
0.61
0.413
0.475
0.345
0.296
0.165
0.286
0.283
0.162
0.264
0.278
0.426
0.705
0.503
0.436
0.686
0.73
0.427
0.357
0.43
0.712
0.498
0.545
0.683
0.633
0.511
0.849
0.312
0.23
0.244
0.24
0.262
0.289
0.283
0.277
0.262
0.559
0.534
0.55
0.385
0.573
0.642
0.844
0.566
0.512
0.443
0.621
0.664
0.508
0.511
0.849
0.324
0.23
0.24
0.24
0.262
0.289
0.281
0.277
0.262
0.611
0.534
0.638
0.399
0.486
0.526
0.723
0.425
0.447
0.468
0.539
0.744
0.53
0.477
0.702
0.266
0.212
0.166
0.18
0.219
0.218
0.22
0.212
0.206
0.596
0.515
0.603
0.448
0.438
0.48
0.723
0.42
0.445
0.425
0.618
0.719
0.584
0.432
0.628
0.257
0.203
0.168
0.186
0.188
0.172
0.162
0.212
0.206
0.52
0.483
0.515
0.422
0.393
0.439
0.58
0.461
0.412
0.423
0.542
0.656
0.538
0.458
0.296
0.262
0.214
0.168
0.186
0.188
0.172
0.162
0.223
0.27
0.444
0.469
0.536
0.41
0.356
0.435
0.566
0.425
0.444
0.454
0.494
0.647
0.551
0.413
0.465
0.346
0.293
0.166
0.282
0.278
0.164
0.264
0.272
0.427
0.597
0.454
0.411
0.522
0.61
0.47
0.38
0.36
0.535
0.439
0.575
0.761
0.572
0.498
0.549
0.446
0.374
0.254
0.369
0.395
0.259
0.33
0.365
0.523
0.683
0.544
0.506
0.464
0.536
0.498
0.44
0.441
0.579
0.493
0.629
0.804
0.584
0.462
0.371
0.325
0.291
0.231
0.277
0.264
0.234
0.255
0.308
0.355
0.462
0.49
0.528
0.485
0.435
0.435
0.596
0.486
0.444
0.456
0.469
0.593
0.541
0.465
0.365
0.334
0.342
0.301
0.344
0.335
0.299
0.34
0.395
0.441
0.459
0.475
0.532
0.47
0.428
0.458
0.538
0.486
0.426
0.484
0.472
0.521
0.56
0.495
0.438
0.398
0.408
0.383
0.444
0.421
0.384
0.432
0.488
0.516
0.428
0.517
0.499
0.526
0.469
0.495
0.522
0.497
0.46
0.486
0.514
0.501
0.517
0.496
0.495
0.476
0.479
0.473
0.53
0.508
0.463
0.529
0.523
0.537
0.486
0.516
0.513
0.493
0.5
0.508
0.513
0.51
0.499
0.496
0.496
0.516
0.516
0.513
0.533
0.476
0.495
0.507
0.542
0.522
0.49
0.534
0.523
0.524
0.546
0.516
0.506
0.501
0.513
0.508
0.53
0.531
0.499
0.495
0.521
0.516
0.506
0.526
0.628
0.533
0.46
0.331
0.461
0.494
0.362
0.388
0.471
0.623
0.702
0.565
0.536
0.509
0.608
0.579
0.469
0.486
0.621
0.535
0.569
0.779
0.61
0.477
0.461
0.429
0.387
0.385
0.4
0.408
0.319
0.335
0.471
0.443
0.702
0.475
0.566
0.502
0.631
0.579
0.402
0.437
0.492
0.501
0.553
0.799
0.631
0.5
0.533
0.473
0.479
0.49
0.537
0.517
0.487
0.526
0.543
0.524
0.546
0.438
0.425
0.474
0.549
0.517
0.518
0.556
0.47
0.482
0.543
0.506
0.504
0.414
0.449
0.385
0.395
0.434
0.441
0.424
0.429
0.472
0.543
0.577
0.523
0.371
0.371
0.484
0.595
0.524
0.546
0.556
0.47
0.478
0.568
0.474
0.451
0.334
0.369
0.306
0.32
0.361
0.355
0.349
0.344
0.386
0.549
0.565
0.511
0.295
0.273
0.412
0.591
0.522
0.546
0.549
0.432
0.411
0.568
0.43
0.362
0.259
0.261
0.233
0.255
0.271
0.256
0.266
0.26
0.297
0.461
0.513
0.464
0.205
0.2
0.314
0.506
0.448
0.451
0.461
0.351
0.338
0.456
0.341
0.277
0.168
0.183
0.174
0.171
0.173
0.17
0.174
0.177
0.205
0.369
0.42
0.35
0.184
0.182
0.254
0.388
0.356
0.37
0.355
0.254
0.262
0.357
0.278
0.197
0.477
0.411
0.335
0.336
0.346
0.362
0.348
0.371
0.314
0.466
0.433
0.488
0.475
0.536
0.427
0.534
0.487
0.422
0.48
0.481
0.526
0.608
0.608
0.57
0.406
0.327
0.295
0.336
0.346
0.366
0.353
0.371
0.314
0.471
0.433
0.414
0.475
0.503
0.343
0.376
0.487
0.422
0.412
0.477
0.46
0.608
0.608
0.502
0.162
0.176
0.172
0.164
0.164
0.17
0.167
0.17
0.172
0.263
0.32
0.263
0.185
0.182
0.181
0.306
0.274
0.255
0.247
0.208
0.191
0.262
0.229
0.197
0.166
0.175
0.172
0.17
0.164
0.166
0.17
0.172
0.167
0.168
0.181
0.198
0.17
0.174
0.221
0.182
0.172
0.176
0.163
0.163
0.174
0.159
0.165
0.176
0.162
0.17
0.168
0.168
0.156
0.169
0.173
0.164
0.162
0.164
0.163
0.166
0.164
0.166
0.177
0.17
0.164
0.172
0.162
0.162
0.166
0.151
0.165
0.174
0.158
0.165
0.173
0.166
0.155
0.167
0.172
0.161
0.159
0.159
0.162
0.159
0.161
0.166
0.177
0.171
0.164
0.169
0.161
0.158
0.167
0.158
0.167
0.174
0.163
0.17
0.174
0.16
0.153
0.173
0.169
0.158
0.165
0.16
0.16
0.167
0.164
0.159
0.222
0.188
0.164
0.172
0.168
0.158
0.183
0.191
0.247
0.291
0.35
0.312
0.29
0.336
0.341
0.366
0.353
0.366
0.317
0.471
0.428
0.345
0.402
0.425
0.322
0.374
0.392
0.346
0.404
0.439
0.422
0.457
0.43
0.409
0.425
0.253
0.22
0.265
0.273
0.291
0.259
0.278
0.27
0.38
0.345
0.264
0.422
0.445
0.322
0.457
0.349
0.356
0.39
0.433
0.387
0.424
0.432
0.41
0.256
0.199
0.191
0.166
0.153
0.167
0.172
0.158
0.169
0.16
0.166
0.167
0.166
0.164
0.224
0.22
0.269
0.292
0.298
0.226
0.3
0.328
0.352
0.451
0.29
0.216
0.196
0.174
0.159
0.168
0.177
0.159
0.172
0.16
0.17
0.174
0.239
0.171
0.3
0.246
0.317
0.36
0.353
0.401
0.458
0.454
0.413
0.517
0.388
0.238
0.209
0.177
0.167
0.176
0.182
0.159
0.181
0.166
0.182
0.23
0.374
0.224
0.306
0.275
0.37
0.413
0.522
0.522
0.628
0.614
0.481
0.522
0.398
0.253
0.212
0.19
0.175
0.178
0.188
0.163
0.192
0.17
0.25
0.311
0.545
0.285
0.383
0.325
0.483
0.541
0.632
0.61
0.679
0.65
0.488
0.539
0.474
0.273
0.223
0.193
0.184
0.182
0.193
0.166
0.195
0.173
0.248
0.319
0.643
0.376
0.39
0.352
0.511
0.552
0.717
0.679
0.834
0.677
0.495
0.492
0.484
0.233
0.207
0.229
0.221
0.234
0.215
0.224
0.224
0.281
0.26
0.18
0.431
0.465
0.503
0.447
0.261
0.289
0.433
0.442
0.378
0.441
0.507
0.458
0.499
0.239
0.19
0.201
0.179
0.189
0.182
0.181
0.186
0.173
0.177
0.17
0.444
0.446
0.447
0.375
0.226
0.219
0.493
0.41
0.382
0.398
0.507
0.477
0.423
0.258
0.214
0.193
0.192
0.179
0.2
0.171
0.197
0.174
0.261
0.318
0.669
0.41
0.362
0.414
0.511
0.484
0.717
0.572
0.773
0.588
0.495
0.478
0.419
0.266
0.214
0.202
0.193
0.187
0.2
0.177
0.197
0.179
0.19
0.27
0.669
0.516
0.453
0.431
0.458
0.407
0.615
0.593
0.735
0.566
0.484
0.502
0.424
0.268
0.223
0.199
0.197
0.195
0.202
0.183
0.201
0.19
0.2
0.276
0.503
0.494
0.392
0.431
0.458
0.386
0.615
0.525
0.65
0.499
0.484
0.481
0.349
0.263
0.22
0.195
0.201
0.19
0.198
0.19
0.195
0.191
0.198
0.2
0.383
0.451
0.349
0.392
0.421
0.335
0.481
0.414
0.487
0.398
0.421
0.443
0.35
0.251
0.22
0.188
0.201
0.19
0.191
0.19
0.19
0.191
0.19
0.196
0.284
0.311
0.251
0.347
0.314
0.273
0.374
0.332
0.422
0.337
0.357
0.385
0.424
0.216
0.195
0.191
0.179
0.182
0.182
0.179
0.181
0.173
0.166
0.177
0.395
0.434
0.48
0.437
0.226
0.268
0.425
0.359
0.382
0.398
0.601
0.294
0.424
0.222
0.197
0.191
0.18
0.19
0.183
0.178
0.181
0.18
0.174
0.176
0.403
0.438
0.48
0.439
0.23
0.273
0.432
0.352
0.382
0.404
0.606
0.307
0.27
0.214
0.206
0.186
0.195
0.19
0.175
0.189
0.185
0.181
0.192
0.187
0.188
0.224
0.237
0.291
0.242
0.23
0.251
0.248
0.264
0.247
0.277
0.251
0.221
0.189
0.198
0.187
0.181
0.19
0.168
0.189
0.175
0.184
0.181
0.189
0.177
0.191
0.192
0.188
0.193
0.184
0.192
0.186
0.185
0.185
0.184
0.185
0.187
0.169
0.186
0.185
0.17
0.179
0.175
0.183
0.172
0.179
0.189
0.182
0.175
0.187
0.185
0.188
0.181
0.179
0.191
0.179
0.185
0.176
0.178
0.185
0.18
0.166
0.182
0.179
0.165
0.179
0.163
0.178
0.172
0.175
0.179
0.182
0.176
0.178
0.183
0.184
0.178
0.18
0.183
0.18
0.182
0.174
0.178
0.178
0.178
0.171
0.173
0.179
0.165
0.177
0.154
0.178
0.18
0.168
0.173
0.187
0.172
0.176
0.181
0.184
0.178
0.181
0.186
0.181
0.188
0.178
0.178
0.294
0.426
0.227
0.197
0.19
0.186
0.193
0.183
0.176
0.186
0.183
0.18
0.174
0.403
0.438
0.486
0.439
0.232
0.276
0.432
0.366
0.381
0.404
0.609
0.438
0.342
0.218
0.197
0.187
0.187
0.193
0.185
0.18
0.186
0.19
0.18
0.269
0.347
0.317
0.36
0.395
0.242
0.225
0.495
0.417
0.371
0.526
0.577
0.186
0.178
0.175
0.177
0.185
0.164
0.181
0.167
0.175
0.187
0.179
0.171
0.188
0.179
0.182
0.18
0.188
0.307
0.248
0.252
0.254
0.253
0.244
0.245
0.2
0.185
0.184
0.181
0.186
0.176
0.179
0.178
0.174
0.243
0.291
0.177
0.268
0.292
0.181
0.187
0.194
0.38
0.316
0.258
0.334
0.337
0.315
0.377
0.262
0.203
0.193
0.182
0.193
0.19
0.184
0.186
0.179
0.318
0.331
0.206
0.349
0.368
0.185
0.24
0.2
0.462
0.407
0.319
0.423
0.486
0.384
0.762
0.386
0.209
0.195
0.183
0.187
0.199
0.184
0.185
0.18
0.318
0.457
0.225
0.429
0.453
0.217
0.341
0.298
0.608
0.504
0.424
0.534
0.558
0.514
0.897
0.418
0.209
0.2
0.182
0.196
0.198
0.184
0.19
0.18
0.41
0.456
0.235
0.428
0.458
0.218
0.416
0.409
0.608
0.534
0.484
0.542
0.558
0.514
0.938
0.349
0.312
0.218
0.192
0.184
0.199
0.191
0.189
0.184
0.205
0.274
0.184
0.312
0.369
0.317
0.275
0.434
0.284
0.269
0.386
0.372
0.372
0.562
0.475
0.356
0.315
0.217
0.189
0.184
0.203
0.187
0.198
0.18
0.237
0.382
0.231
0.379
0.286
0.445
0.389
0.455
0.332
0.402
0.373
0.452
0.378
0.542
0.368
0.465
0.233
0.199
0.187
0.204
0.194
0.191
0.2
0.176
0.497
0.46
0.239
0.52
0.488
0.244
0.519
0.498
0.628
0.597
0.69
0.542
0.484
0.513
0.619
0.352
0.212
0.195
0.192
0.197
0.201
0.183
0.197
0.181
0.44
0.363
0.239
0.423
0.383
0.206
0.519
0.401
0.489
0.568
0.628
0.511
0.476
0.446
0.615
0.347
0.208
0.196
0.193
0.196
0.203
0.186
0.193
0.184
0.37
0.245
0.232
0.361
0.309
0.219
0.48
0.409
0.433
0.509
0.635
0.449
0.405
0.386
0.49
0.291
0.2
0.196
0.199
0.194
0.193
0.185
0.193
0.184
0.277
0.205
0.208
0.286
0.241
0.217
0.387
0.409
0.356
0.43
0.58
0.449
0.405
0.464
0.49
0.245
0.193
0.204
0.196
0.2
0.184
0.193
0.187
0.184
0.352
0.201
0.196
0.205
0.209
0.191
0.292
0.305
0.356
0.395
0.357
0.397
0.409
0.399
0.504
0.338
0.267
0.213
0.189
0.182
0.204
0.193
0.192
0.183
0.288
0.502
0.309
0.358
0.232
0.401
0.352
0.351
0.28
0.276
0.313
0.416
0.304
0.371
0.308
0.479
0.323
0.22
0.199
0.191
0.21
0.192
0.19
0.191
0.288
0.517
0.315
0.36
0.233
0.505
0.409
0.393
0.349
0.276
0.449
0.585
0.425
0.44
0.368
0.266
0.217
0.206
0.202
0.194
0.194
0.193
0.189
0.189
0.265
0.201
0.205
0.267
0.238
0.195
0.287
0.26
0.348
0.298
0.297
0.326
0.453
0.472
0.514
0.289
0.326
0.228
0.208
0.194
0.203
0.193
0.19
0.194
0.265
0.21
0.275
0.267
0.282
0.195
0.287
0.26
0.405
0.293
0.297
0.46
0.467
0.496
0.577
0.361
0.349
0.24
0.197
0.203
0.195
0.198
0.186
0.197
0.265
0.21
0.273
0.326
0.369
0.218
0.357
0.427
0.78
0.33
0.344
0.677
0.592
0.639
0.734
0.62
0.372
0.269
0.195
0.204
0.185
0.202
0.183
0.2
0.338
0.233
0.299
0.35
0.406
0.239
0.384
0.448
0.8
0.364
0.367
0.707
0.592
0.639
0.734
0.646
0.408
0.301
0.233
0.227
0.235
0.235
0.221
0.235
0.371
0.271
0.345
0.386
0.438
0.277
0.411
0.489
0.834
0.4
0.332
0.529
0.551
0.526
0.608
0.59
0.333
0.222
0.216
0.203
0.216
0.198
0.189
0.198
0.287
0.517
0.315
0.36
0.238
0.653
0.407
0.5
0.352
0.333
0.468
0.6
0.565
0.611
0.443
0.501
0.285
0.219
0.222
0.208
0.212
0.204
0.193
0.198
0.239
0.44
0.326
0.288
0.212
0.666
0.295
0.44
0.305
0.313
0.335
0.438
0.525
0.449
0.392
0.646
0.408
0.301
0.241
0.235
0.238
0.243
0.234
0.239
0.302
0.27
0.357
0.386
0.438
0.285
0.411
0.489
0.462
0.318
0.297
0.476
0.459
0.455
0.467
0.573
0.284
0.289
0.249
0.244
0.226
0.251
0.244
0.239
0.315
0.27
0.288
0.336
0.365
0.287
0.352
0.451
0.47
0.318
0.301
0.476
0.321
0.333
0.359
0.313
0.254
0.257
0.202
0.229
0.188
0.219
0.209
0.215
0.238
0.24
0.259
0.282
0.282
0.264
0.276
0.291
0.272
0.272
0.265
0.259
0.235
0.258
0.243
0.241
0.24
0.246
0.209
0.233
0.194
0.221
0.219
0.21
0.251
0.239
0.26
0.254
0.242
0.254
0.246
0.255
0.243
0.248
0.265
0.259
0.235
0.258
0.243
0.241
0.226
0.222
0.251
0.249
0.224
0.253
0.259
0.243
0.251
0.244
0.26
0.257
0.242
0.254
0.246
0.263
0.244
0.248
0.442
0.366
0.272
0.268
0.328
0.467
0.247
0.214
0.233
0.208
0.209
0.218
0.184
0.206
0.23
0.338
0.257
0.249
0.212
0.453
0.267
0.355
0.272
0.267
0.315
0.372
0.455
0.344
0.339
0.53
0.284
0.269
0.259
0.212
0.216
0.231
0.184
0.215
0.258
0.289
0.289
0.263
0.206
0.308
0.208
0.245
0.245
0.267
0.266
0.281
0.42
0.409
0.398
0.265
0.226
0.222
0.262
0.267
0.224
0.26
0.274
0.248
0.257
0.274
0.274
0.265
0.27
0.273
0.339
0.338
0.384
0.33
0.636
0.767
0.378
0.307
0.444
0.313
0.268
0.218
0.256
0.266
0.22
0.254
0.269
0.246
0.249
0.267
0.349
0.258
0.332
0.332
0.416
0.349
0.389
0.442
0.792
0.913
0.447
0.419
0.508
0.383
0.3
0.229
0.254
0.26
0.222
0.244
0.265
0.246
0.242
0.26
0.349
0.346
0.382
0.331
0.706
0.424
0.387
0.499
0.902
0.99
0.61
0.552
0.594
0.458
0.356
0.241
0.265
0.253
0.212
0.244
0.257
0.235
0.32
0.29
0.341
0.35
0.372
0.325
0.706
0.413
0.387
0.499
0.902
0.99
0.61
0.552
0.594
0.458
0.35
0.241
0.263
0.24
0.208
0.241
0.257
0.23
0.311
0.29
0.333
0.338
0.378
0.324
0.698
0.413
0.386
0.494
0.693
0.577
0.538
0.51
0.466
0.523
0.289
0.277
0.259
0.226
0.213
0.24
0.189
0.225
0.201
0.22
0.305
0.348
0.215
0.308
0.207
0.353
0.249
0.363
0.281
0.323
0.567
0.545
0.454
0.369
0.236
0.221
0.232
0.216
0.21
0.24
0.191
0.225
0.206
0.204
0.298
0.347
0.217
0.206
0.204
0.321
0.211
0.363
0.245
0.276
0.429
0.478
0.382
0.399
0.349
0.234
0.213
0.195
0.18
0.197
0.202
0.186
0.273
0.227
0.283
0.289
0.311
0.274
0.575
0.299
0.216
0.373
0.486
0.425
0.421
0.463
0.349
0.322
0.283
0.217
0.205
0.19
0.18
0.197
0.201
0.182
0.196
0.194
0.194
0.194
0.248
0.21
0.291
0.215
0.206
0.257
0.323
0.272
0.259
0.32
0.258
0.269
0.234
0.213
0.205
0.194
0.186
0.19
0.201
0.182
0.196
0.2
0.192
0.19
0.195
0.204
0.207
0.198
0.198
0.205
0.204
0.192
0.191
0.196
0.189
0.192
0.195
0.203
0.192
0.187
0.19
0.182
0.2
0.182
0.194
0.2
0.195
0.181
0.189
0.2
0.206
0.189
0.189
0.204
0.199
0.183
0.186
0.196
0.189
0.192
0.195
0.203
0.192
0.183
0.195
0.178
0.197
0.184
0.189
0.194
0.195
0.181
0.191
0.204
0.206
0.19
0.189
0.205
0.204
0.188
0.19
0.338
0.238
0.254
0.222
0.217
0.22
0.205
0.203
0.229
0.197
0.224
0.209
0.204
0.301
0.354
0.213
0.197
0.206
0.211
0.211
0.309
0.224
0.26
0.282
0.341
0.268
0.289
0.276
0.269
0.259
0.237
0.258
0.269
0.235
0.277
0.266
0.275
0.45
0.559
0.291
0.197
0.206
0.342
0.247
0.42
0.26
0.307
0.429
0.468
0.38
0.274
0.281
0.263
0.194
0.188
0.201
0.181
0.197
0.19
0.191
0.2
0.283
0.273
0.191
0.318
0.435
0.368
0.198
0.417
0.475
0.221
0.254
0.406
0.293
0.349
0.281
0.26
0.196
0.189
0.201
0.183
0.196
0.192
0.194
0.291
0.348
0.519
0.342
0.539
0.561
0.506
0.35
0.698
0.613
0.313
0.464
0.55
0.377
0.573
0.376
0.363
0.264
0.289
0.267
0.256
0.249
0.245
0.287
0.352
0.431
0.618
0.487
0.8
0.711
0.605
0.579
0.744
0.609
0.449
0.531
0.69
0.532
0.702
0.46
0.364
0.268
0.291
0.26
0.261
0.256
0.243
0.287
0.348
0.428
0.7
0.487
0.906
0.743
0.697
0.771
0.774
0.632
0.613
0.692
0.702
0.595
0.702
0.516
0.377
0.285
0.31
0.271
0.278
0.265
0.255
0.293
0.918
0.851
1.044
0.708
0.974
0.963
0.908
0.999
0.843
0.835
0.613
0.722
0.627
0.67
0.403
0.362
0.338
0.342
0.31
0.316
0.324
0.304
0.34
0.314
0.482
0.523
0.761
0.47
0.278
0.4
0.473
0.283
0.534
0.343
0.335
0.652
0.568
0.46
0.519
0.367
0.338
0.324
0.317
0.332
0.324
0.304
0.338
0.323
0.483
0.698
0.766
0.665
0.632
0.661
0.773
0.344
0.534
0.581
0.686
0.764
0.631
0.475
0.549
0.474
0.324
0.289
0.313
0.272
0.284
0.266
0.255
0.377
0.924
0.77
1.028
0.712
0.965
0.768
0.7
0.999
0.691
0.567
0.74
1.073
0.669
0.774
0.547
0.463
0.298
0.252
0.238
0.229
0.23
0.233
0.229
0.311
0.378
0.453
0.885
0.59
0.838
0.646
0.623
1.035
0.673
0.472
0.958
1.726
0.846
0.85
0.675
0.73
0.703
0.384
0.354
0.309
0.339
0.307
0.328
0.396
0.464
0.501
0.69
0.485
0.678
0.551
0.597
0.824
0.517
0.476
0.838
1.024
0.678
0.766
0.554
0.476
0.33
0.274
0.259
0.256
0.255
0.254
0.253
0.33
0.424
0.443
0.613
0.444
0.642
0.547
0.568
0.733
0.628
0.556
0.795
1.065
0.631
0.719
0.493
0.514
0.36
0.287
0.278
0.28
0.277
0.277
0.271
0.341
0.44
0.462
0.639
0.464
0.626
0.606
0.536
0.574
0.628
0.703
0.738
1.627
0.723
0.803
0.65
0.457
0.415
0.393
0.387
0.399
0.378
0.377
0.401
0.387
0.546
0.501
0.838
0.857
1.048
0.862
0.868
0.492
0.498
0.588
0.667
0.64
0.657
0.567
0.913
0.589
0.487
0.405
0.393
0.404
0.383
0.381
0.405
0.486
0.545
0.505
0.842
0.861
1.051
0.865
0.871
0.492
0.498
0.592
0.671
0.643
0.659
0.565
0.599
0.576
0.452
0.307
0.287
0.293
0.29
0.289
0.285
0.346
0.283
0.366
0.437
0.46
0.57
0.483
0.536
0.553
0.784
0.703
0.764
1.94
0.891
0.896
0.57
0.576
0.452
0.307
0.287
0.293
0.29
0.289
0.285
0.283
0.283
0.366
0.437
0.46
0.542
0.448
0.494
0.553
0.759
0.703
0.609
1.655
0.786
0.781
0.493
0.499
0.383
0.285
0.263
0.273
0.273
0.264
0.268
0.265
0.266
0.27
0.345
0.436
0.449
0.347
0.439
0.381
0.505
0.602
0.492
0.934
0.544
0.605
0.318
0.384
0.279
0.254
0.242
0.252
0.25
0.242
0.251
0.238
0.266
0.25
0.248
0.376
0.355
0.325
0.33
0.355
0.4
0.463
0.406
0.777
0.469
0.503
0.245
0.322
0.248
0.231
0.219
0.231
0.233
0.214
0.233
0.22
0.238
0.234
0.23
0.27
0.266
0.236
0.267
0.217
0.242
0.386
0.316
0.649
0.375
0.432
0.913
0.589
0.487
0.405
0.393
0.405
0.383
0.381
0.405
0.486
0.55
0.505
0.842
0.861
1.051
0.865
0.871
0.492
0.502
0.592
0.671
0.643
0.659
0.568
0.871
0.536
0.436
0.362
0.358
0.354
0.341
0.338
0.344
0.424
0.342
0.347
0.62
0.673
0.639
0.608
0.572
0.391
0.379
0.317
0.276
0.421
0.467
0.421
0.21
0.208
0.208
0.217
0.201
0.209
0.215
0.195
0.217
0.2
0.222
0.222
0.211
0.248
0.213
0.216
0.218
0.188
0.207
0.216
0.213
0.206
0.201
0.213
0.21
0.199
0.199
0.214
0.194
0.207
0.206
0.19
0.214
0.192
0.204
0.217
0.206
0.202
0.212
0.212
0.214
0.188
0.207
0.214
0.21
0.201
0.196
0.211
0.21
0.206
0.194
0.216
0.199
0.2
0.201
0.199
0.211
0.183
0.211
0.217
0.206
0.251
0.208
0.212
0.215
0.192
0.209
0.211
0.21
0.202
0.197
0.213
0.218
0.205
0.199
0.21
0.205
0.204
0.204
0.205
0.211
0.186
0.208
0.22
0.208
0.255
0.215
0.212
0.215
0.198
0.213
0.213
0.215
0.208
0.2
0.213
0.221
0.205
0.199
0.216
0.206
0.207
0.21
0.207
0.21
0.196
0.208
0.226
0.209
0.214
0.215
0.216
0.217
0.206
0.445
0.479
0.267
0.256
0.27
0.266
0.607
0.437
0.369
0.287
0.276
0.281
0.281
0.267
0.272
0.371
0.272
0.273
0.416
0.491
0.558
0.413
0.436
0.355
0.26
0.234
0.239
0.229
0.362
0.34
0.64
0.517
0.369
0.287
0.294
0.231
0.281
0.299
0.28
0.302
0.272
0.273
0.398
0.58
0.674
0.413
0.436
0.355
0.26
0.234
0.239
0.229
0.362
0.36
0.256
0.228
0.2
0.219
0.215
0.214
0.21
0.215
0.211
0.274
0.212
0.227
0.21
0.272
0.268
0.218
0.261
0.296
0.759
0.897
0.523
0.348
0.414
0.399
0.325
0.352
0.229
0.237
0.227
0.221
0.223
0.226
0.213
0.28
0.218
0.349
0.389
0.275
0.387
0.297
0.479
0.472
0.9
0.911
0.776
0.702
0.669
0.523
0.528
0.538
0.368
0.233
0.349
0.235
0.355
0.226
0.34
0.369
0.292
0.525
0.586
0.349
0.532
0.497
0.747
0.705
1.193
1.301
0.927
0.948
0.902
0.56
0.736
0.731
0.522
0.292
0.423
0.363
0.488
0.223
0.47
0.506
0.345
0.525
0.574
0.439
0.685
0.657
0.748
0.755
1.193
1.41
1.136
1.339
1.09
0.74
0.952
0.732
0.523
0.299
0.427
0.361
0.497
0.229
0.473
0.579
0.347
0.525
0.576
0.446
0.685
0.659
0.748
0.755
0.961
1.003
1.136
1.29
1.09
0.724
0.643
0.541
0.416
0.363
0.342
0.223
0.35
0.34
0.335
0.239
0.336
0.335
0.398
0.272
0.544
0.528
0.522
0.351
0.393
0.525
0.496
0.553
0.513
0.436
0.384
0.366
0.349
0.356
0.346
0.224
0.351
0.341
0.336
0.211
0.342
0.337
0.399
0.272
0.541
0.526
0.522
0.354
0.397
0.523
0.497
0.554
0.517
0.438
0.917
0.732
0.525
0.3
0.428
0.361
0.497
0.233
0.475
0.502
0.347
0.525
0.58
0.449
0.544
0.581
0.705
0.672
0.742
0.741
0.884
1.248
0.954
0.598
0.889
0.614
0.505
0.282
0.418
0.349
0.487
0.225
0.475
0.423
0.344
0.523
0.58
0.376
0.495
0.582
0.439
0.44
0.446
0.352
0.624
0.816
0.703
0.384
0.639
0.424
0.354
0.214
0.302
0.349
0.36
0.219
0.349
0.425
0.272
0.397
0.384
0.376
0.376
0.383
0.224
0.269
0.303
0.337
0.371
0.464
0.456
0.26
0.434
0.241
0.222
0.224
0.22
0.22
0.229
0.222
0.213
0.295
0.221
0.221
0.22
0.23
0.222
0.223
0.221
0.216
0.303
0.337
0.881
0.708
0.472
0.313
0.226
0.226
0.218
0.221
0.217
0.216
0.216
0.225
0.21
0.292
0.221
0.221
0.219
0.219
0.222
0.223
0.221
0.216
0.301
0.281
0.405
0.453
0.353
0.313
0.388
0.368
0.35
0.361
0.351
0.223
0.351
0.351
0.341
0.212
0.342
0.341
0.402
0.271
0.542
0.528
0.525
0.357
0.395
0.527
0.5
0.558
0.518
0.437
0.4
0.373
0.35
0.358
0.357
0.225
0.348
0.351
0.34
0.212
0.342
0.447
0.43
0.632
0.643
0.647
0.975
0.594
0.687
0.744
0.566
0.698
0.599
0.586
0.226
0.226
0.217
0.217
0.217
0.217
0.211
0.224
0.205
0.221
0.309
0.223
0.221
0.21
0.316
0.229
0.323
0.265
0.356
0.346
0.47
0.515
0.465
0.421
0.268
0.232
0.217
0.217
0.217
0.217
0.211
0.224
0.205
0.29
0.406
0.262
0.253
0.21
0.429
0.281
0.438
0.323
0.44
0.463
0.624
0.535
0.519
0.484
0.324
0.233
0.22
0.225
0.22
0.22
0.218
0.223
0.214
0.375
0.409
0.574
0.57
0.369
0.551
0.4
0.535
0.394
0.681
0.591
1.012
0.686
0.86
0.604
0.497
0.423
0.327
0.279
0.312
0.277
0.311
0.289
0.257
0.467
0.676
0.735
0.719
0.684
0.823
0.651
0.685
0.513
0.772
0.698
1.03
0.755
0.959
0.632
0.593
0.494
0.403
0.31
0.373
0.322
0.38
0.307
0.315
0.512
0.742
0.786
0.766
0.881
0.876
0.79
0.72
0.574
0.956
0.81
0.887
0.755
0.828
0.711
0.66
0.548
0.451
0.455
0.421
0.237
0.439
0.441
0.429
0.241
0.471
0.589
0.634
1.163
1.025
1.245
1.234
0.808
0.825
0.884
0.618
0.828
0.732
0.661
0.673
0.47
0.351
0.34
0.302
0.242
0.329
0.327
0.322
0.231
0.359
0.462
0.632
0.85
0.827
0.674
0.962
0.574
0.655
0.677
0.677
0.892
0.547
0.513
0.693
0.594
0.498
0.387
0.456
0.381
0.45
0.387
0.38
0.508
0.728
0.923
0.799
0.95
0.876
0.826
0.77
0.624
1.042
1.012
0.859
0.788
0.939
0.756
0.848
0.702
0.515
0.387
0.466
0.382
0.45
0.391
0.383
0.508
0.468
0.945
0.81
0.95
0.828
0.826
0.75
0.624
1.042
1.012
0.859
0.84
0.881
0.816
0.832
0.537
0.459
0.344
0.389
0.328
0.362
0.319
0.342
0.434
0.371
0.688
0.599
0.7
0.789
0.774
0.812
0.708
1.039
1.264
0.785
0.871
0.881
0.866
0.832
0.579
0.459
0.352
0.389
0.34
0.363
0.319
0.342
0.345
0.509
0.591
0.508
0.707
0.59
0.552
0.742
0.659
0.909
0.984
0.785
0.939
0.847
0.892
0.778
0.553
0.441
0.352
0.389
0.36
0.363
0.32
0.342
0.342
0.467
0.593
0.508
0.707
0.59
0.464
0.591
0.504
0.916
0.889
0.776
1.024
0.843
0.896
0.67
0.382
0.264
0.254
0.251
0.242
0.242
0.24
0.237
0.232
0.241
0.339
0.506
0.882
0.509
0.46
0.655
0.433
0.606
0.473
0.423
1.061
0.547
0.513
0.797
0.44
0.301
0.262
0.253
0.242
0.242
0.235
0.237
0.232
0.24
0.339
0.887
1.505
0.83
0.589
0.755
0.666
0.775
0.651
0.55
1.201
0.777
0.668
0.749
0.598
0.383
0.328
0.33
0.318
0.296
0.302
0.287
0.298
0.397
0.548
0.519
0.575
0.517
0.38
0.534
0.436
0.755
0.699
0.657
0.874
0.764
0.864
0.689
0.605
0.341
0.267
0.26
0.237
0.231
0.234
0.231
0.244
0.32
0.387
0.85
0.779
0.716
0.38
0.559
0.446
0.856
0.536
0.744
0.782
0.764
0.879
0.689
0.616
0.396
0.339
0.336
0.304
0.308
0.296
0.324
0.303
0.396
0.379
0.936
0.841
0.843
0.421
0.638
0.535
1.047
0.732
0.815
0.888
0.896
0.826
0.647
0.666
0.427
0.414
0.42
0.37
0.37
0.355
0.401
0.367
0.474
0.442
0.997
0.83
0.782
0.494
0.478
0.388
0.908
0.49
1.705
0.851
0.896
0.81
0.647
0.666
0.42
0.414
0.423
0.353
0.364
0.356
0.411
0.44
0.474
0.408
0.997
0.712
0.867
0.762
0.638
0.424
1.146
0.675
0.864
0.867
0.83
0.783
1.001
0.592
0.402
0.273
0.255
0.242
0.242
0.229
0.236
0.237
0.244
0.339
0.95
1.507
0.904
0.641
0.771
0.762
0.775
0.751
0.553
1.21
0.824
0.673
1.001
0.592
0.406
0.273
0.255
0.237
0.248
0.229
0.237
0.236
0.249
0.235
0.95
1.7
1.187
1.086
0.672
0.762
0.775
0.741
0.705
1.206
0.824
0.641
0.616
0.706
0.356
0.339
0.338
0.288
0.29
0.287
0.32
0.376
0.372
0.337
0.628
0.523
0.686
0.785
0.593
0.424
1.019
0.651
0.886
0.839
0.806
0.762
0.675
0.658
0.384
0.343
0.335
0.291
0.291
0.282
0.32
0.376
0.367
0.378
0.634
0.977
1.149
0.977
0.831
0.633
1.251
0.822
1.01
0.844
0.795
0.762
0.705
0.688
0.448
0.38
0.331
0.292
0.29
0.279
0.313
0.37
0.367
0.375
0.613
0.971
1.551
1.366
0.976
0.835
1.25
0.861
0.989
0.96
0.795
0.762
0.705
0.758
0.448
0.382
0.335
0.292
0.29
0.279
0.306
0.384
0.372
0.38
0.534
0.925
1.452
1.337
0.94
0.651
0.977
0.652
0.961
0.794
0.7
0.689
0.622
0.705
0.443
0.367
0.295
0.302
0.294
0.247
0.297
0.369
0.363
0.382
0.45
0.939
1.452
1.306
0.98
0.708
0.903
0.698
0.772
0.806
0.645
0.62
0.854
0.521
0.351
0.258
0.248
0.216
0.23
0.21
0.22
0.224
0.232
0.235
0.635
1.15
0.881
0.549
0.575
0.621
0.822
0.694
0.828
1.16
0.874
0.701
0.725
0.467
0.38
0.258
0.248
0.216
0.23
0.21
0.22
0.224
0.232
0.288
0.511
1.153
0.763
0.594
0.475
0.688
0.782
0.662
0.665
0.659
0.854
0.701
0.635
0.705
0.501
0.412
0.361
0.36
0.366
0.295
0.357
0.352
0.363
0.39
0.471
0.947
1.438
0.709
0.746
0.719
0.671
0.559
0.715
0.632
0.559
0.534
0.618
0.547
0.532
0.471
0.433
0.421
0.402
0.361
0.414
0.415
0.436
0.46
0.471
0.95
1.433
0.663
0.772
0.719
0.684
0.571
0.628
0.525
0.556
0.465
0.564
0.53
0.532
0.507
0.479
0.479
0.461
0.414
0.475
0.467
0.491
0.497
0.465
0.521
0.563
0.449
0.518
0.466
0.477
0.509
0.459
0.501
0.512
0.436
0.516
0.447
0.498
0.513
0.492
0.479
0.497
0.435
0.48
0.473
0.506
0.497
0.433
0.504
0.54
0.449
0.503
0.441
0.46
0.509
0.459
0.501
0.512
0.436
0.516
0.447
0.498
0.484
0.484
0.471
0.492
0.41
0.483
0.467
0.495
0.487
0.398
0.481
0.54
0.41
0.521
0.441
0.46
0.528
0.465
0.502
0.541
0.472
0.622
0.458
0.418
0.311
0.293
0.264
0.286
0.26
0.278
0.276
0.282
0.351
0.486
1.123
0.768
0.55
0.518
0.689
0.713
0.662
0.638
0.595
0.694
0.617
0.619
0.471
0.495
0.383
0.32
0.267
0.294
0.264
0.275
0.272
0.285
0.348
0.395
0.465
0.514
0.483
0.516
0.524
0.601
0.612
0.65
0.538
0.644
0.601
0.546
0.415
0.461
0.475
0.472
0.43
0.461
0.41
0.482
0.454
0.48
0.466
0.406
0.458
0.52
0.375
0.633
0.451
0.46
0.593
0.485
0.521
0.584
0.507
0.666
0.544
0.471
0.509
0.473
0.443
0.461
0.423
0.484
0.453
0.406
0.403
0.383
0.476
0.541
0.414
0.592
0.56
0.446
0.579
0.505
0.53
0.637
0.515
0.708
0.61
0.408
0.447
0.405
0.381
0.424
0.356
0.418
0.399
0.333
0.333
0.353
0.475
0.584
0.444
0.852
0.69
0.481
0.564
0.598
0.544
0.706
0.575
0.71
0.56
0.381
0.366
0.353
0.327
0.364
0.304
0.356
0.412
0.277
0.265
0.292
0.404
0.524
0.381
0.85
0.659
0.43
0.502
0.598
0.544
0.706
0.575
0.71
0.51
0.318
0.305
0.29
0.296
0.29
0.244
0.286
0.35
0.22
0.209
0.252
0.34
0.451
0.308
0.779
0.63
0.375
0.374
0.458
0.447
0.58
0.464
0.579
0.46
0.397
0.374
0.318
0.267
0.293
0.267
0.273
0.266
0.278
0.345
0.33
0.642
0.689
0.512
0.516
0.491
0.601
0.67
0.813
0.538
0.702
0.658
0.642
0.472
0.433
0.417
0.381
0.324
0.332
0.304
0.29
0.266
0.27
0.344
0.34
0.465
0.42
0.407
0.43
0.441
0.504
0.561
0.632
0.493
0.662
0.606
0.509
0.337
0.237
0.244
0.234
0.222
0.222
0.213
0.206
0.283
0.211
0.209
0.215
0.304
0.34
0.269
0.446
0.476
0.273
0.298
0.387
0.377
0.441
0.437
0.505
0.404
0.304
0.341
0.232
0.222
0.23
0.22
0.212
0.289
0.219
0.216
0.21
0.304
0.34
0.271
0.301
0.6
0.363
0.298
0.377
0.377
0.488
0.414
0.463
0.378
0.304
0.231
0.226
0.213
0.222
0.21
0.206
0.227
0.219
0.216
0.21
0.221
0.235
0.206
0.256
0.424
0.31
0.272
0.289
0.298
0.362
0.345
0.367
0.293
0.298
0.231
0.216
0.198
0.215
0.209
0.199
0.208
0.217
0.21
0.205
0.213
0.226
0.2
0.226
0.215
0.31
0.294
0.289
0.272
0.356
0.331
0.387
0.342
0.307
0.216
0.204
0.186
0.207
0.205
0.193
0.194
0.215
0.202
0.205
0.214
0.226
0.204
0.247
0.208
0.49
0.308
0.743
0.903
0.528
0.396
0.579
0.443
0.4
0.411
0.37
0.323
0.329
0.304
0.286
0.256
0.27
0.313
0.34
0.538
0.41
0.455
0.447
0.441
0.495
0.651
0.53
0.493
0.559
0.645
0.55
0.461
0.376
0.324
0.3
0.264
0.272
0.247
0.222
0.198
0.207
0.253
0.345
0.602
0.462
0.417
0.485
0.531
0.508
0.71
1.292
0.562
0.614
0.724
0.508
0.426
0.386
0.221
0.194
0.183
0.199
0.205
0.191
0.189
0.202
0.207
0.269
0.207
0.219
0.199
0.326
0.25
0.536
0.352
0.879
1.029
0.583
0.504
0.502
0.419
0.38
0.217
0.186
0.173
0.191
0.196
0.185
0.185
0.194
0.194
0.351
0.258
0.206
0.198
0.309
0.326
0.818
1.3
1.44
1.292
0.825
0.532
0.416
0.333
0.3
0.2
0.184
0.173
0.19
0.191
0.185
0.184
0.191
0.182
0.457
0.309
0.2
0.218
0.363
0.326
0.831
1.257
1.418
0.726
0.641
0.606
0.464
0.368
0.313
0.21
0.186
0.18
0.19
0.193
0.188
0.19
0.191
0.185
0.587
0.382
0.199
0.228
0.387
0.329
0.831
1.371
1.472
0.79
0.651
0.606
0.482
0.38
0.347
0.227
0.198
0.186
0.193
0.196
0.193
0.195
0.197
0.286
0.587
0.679
0.275
0.35
0.398
0.329
0.565
0.432
1.08
0.804
0.7
0.841
0.552
0.431
0.331
0.26
0.245
0.212
0.225
0.204
0.206
0.193
0.197
0.253
0.413
0.658
0.422
0.404
0.433
0.457
0.467
0.673
1.25
0.48
0.543
0.647
0.494
0.382
0.284
0.208
0.227
0.208
0.212
0.201
0.215
0.191
0.197
0.317
0.546
0.648
0.431
0.35
0.425
0.438
0.549
0.598
1.24
0.733
0.489
0.723
0.584
0.48
0.467
0.242
0.213
0.197
0.201
0.197
0.194
0.206
0.199
0.3
0.638
0.406
0.262
0.342
0.322
0.452
0.642
0.527
0.567
0.638
0.604
0.702
0.458
0.399
0.369
0.237
0.229
0.201
0.214
0.197
0.199
0.216
0.21
0.306
0.71
0.435
0.337
0.407
0.248
0.41
0.744
0.634
0.523
0.607
0.609
0.726
0.463
0.426
0.387
0.246
0.241
0.206
0.229
0.197
0.206
0.216
0.221
0.407
0.704
0.465
0.356
0.52
0.255
0.418
0.589
0.634
0.523
0.607
0.609
1.286
0.764
0.64
0.438
0.263
0.25
0.21
0.234
0.211
0.216
0.223
0.237
0.407
0.631
0.485
0.413
0.52
0.255
0.454
0.731
0.65
0.722
0.716
0.655
1.226
0.697
0.557
0.363
0.261
0.252
0.21
0.234
0.221
0.216
0.224
0.243
0.465
0.513
0.486
0.443
0.676
0.317
0.454
0.794
0.712
0.702
0.684
0.688
1.226
0.474
0.382
0.306
0.215
0.22
0.218
0.212
0.207
0.226
0.189
0.205
0.371
0.606
0.611
0.395
0.35
0.57
0.413
0.607
0.464
0.474
0.475
0.436
0.722
0.474
0.458
0.272
0.208
0.215
0.211
0.212
0.199
0.214
0.192
0.23
0.453
0.606
0.611
0.395
0.35
0.556
0.416
0.519
0.437
0.478
0.472
0.434
0.722
0.697
0.557
0.349
0.247
0.247
0.21
0.239
0.236
0.222
0.225
0.239
0.456
0.492
0.486
0.387
0.568
0.317
0.466
0.853
0.794
0.673
0.684
0.64
1.226
0.583
0.346
0.299
0.23
0.246
0.209
0.227
0.235
0.222
0.216
0.239
0.444
0.364
0.52
0.421
0.729
0.396
0.448
0.696
0.827
0.707
0.66
0.715
1.28
0.513
0.273
0.254
0.221
0.231
0.207
0.216
0.223
0.217
0.206
0.23
0.444
0.357
0.688
0.421
0.798
0.455
0.511
0.678
0.745
0.745
0.71
0.755
1.225
0.572
0.339
0.244
0.212
0.222
0.204
0.204
0.224
0.206
0.217
0.223
0.445
0.357
0.677
0.507
0.859
0.567
0.572
0.662
0.681
0.615
0.573
0.731
0.621
0.388
0.251
0.225
0.201
0.211
0.2
0.2
0.21
0.198
0.211
0.223
0.446
0.348
0.641
0.539
0.75
0.611
0.572
0.662
0.812
0.615
0.573
0.765
0.732
0.474
0.525
0.272
0.21
0.217
0.211
0.212
0.199
0.214
0.192
0.231
0.418
0.542
0.571
0.448
0.447
0.672
0.393
0.615
0.437
0.592
0.621
0.485
0.741
0.566
0.564
0.272
0.226
0.233
0.221
0.211
0.205
0.219
0.198
0.237
0.47
0.536
0.477
0.481
0.539
0.512
0.319
0.615
0.509
0.57
0.598
0.52
0.743
0.535
0.25
0.209
0.201
0.2
0.201
0.2
0.198
0.197
0.209
0.211
0.461
0.473
0.581
0.706
0.776
0.992
0.792
0.755
0.928
0.922
0.621
0.851
0.817
0.68
0.328
0.209
0.201
0.2
0.201
0.2
0.198
0.197
0.204
0.207
0.377
0.529
0.6
0.706
0.776
1.006
0.792
0.707
1.012
0.922
0.657
0.869
0.757
0.505
0.33
0.21
0.203
0.203
0.205
0.203
0.202
0.202
0.206
0.208
0.46
0.614
0.467
0.697
0.708
1.014
0.722
0.757
0.937
0.957
0.679
0.86
0.682
0.594
0.385
0.215
0.208
0.208
0.211
0.208
0.207
0.208
0.211
0.214
0.373
0.656
0.467
0.691
0.578
1.042
0.746
0.711
0.953
0.905
0.716
0.844
0.744
0.583
0.308
0.223
0.222
0.212
0.219
0.214
0.211
0.221
0.211
0.215
0.303
0.521
0.433
0.665
0.479
0.997
0.686
0.696
0.934
0.99
0.776
0.821
0.758
0.599
0.638
0.293
0.225
0.227
0.217
0.205
0.207
0.214
0.213
0.237
0.379
0.491
0.477
0.474
0.589
0.609
0.455
0.805
0.707
0.629
0.942
0.73
0.965
0.618
0.713
0.329
0.241
0.227
0.224
0.218
0.215
0.214
0.281
0.238
0.313
0.449
0.428
0.568
0.583
0.602
0.457
0.885
0.698
0.61
1.021
0.847
0.925
0.583
0.328
0.233
0.223
0.221
0.223
0.218
0.215
0.225
0.216
0.213
0.303
0.606
0.584
0.717
0.546
0.6
0.519
0.536
0.793
0.708
0.724
0.692
0.758
0.553
0.359
0.244
0.225
0.223
0.224
0.218
0.215
0.225
0.216
0.213
0.232
0.477
0.71
0.533
0.492
0.482
0.513
0.536
0.772
0.586
0.776
0.629
0.796
0.483
0.327
0.244
0.225
0.231
0.233
0.222
0.219
0.235
0.225
0.213
0.248
0.406
0.71
0.655
0.615
0.438
0.547
0.604
0.652
0.708
0.829
0.587
0.802
0.586
0.374
0.272
0.244
0.245
0.239
0.23
0.229
0.251
0.237
0.229
0.241
0.429
0.663
0.654
0.534
0.339
0.577
0.54
0.731
0.695
0.835
0.587
0.808
0.621
0.383
0.288
0.26
0.247
0.248
0.246
0.248
0.251
0.325
0.245
0.245
0.338
0.519
0.556
0.534
0.291
0.593
0.634
0.719
0.694
0.783
0.607
0.835
0.698
0.67
0.35
0.271
0.249
0.218
0.218
0.209
0.211
0.287
0.213
0.259
0.475
0.39
0.491
0.503
0.445
0.428
0.941
0.652
0.69
1.014
0.842
0.831
0.692
0.607
0.465
0.295
0.264
0.235
0.229
0.231
0.231
0.291
0.213
0.223
0.58
0.537
1.001
0.596
0.521
0.753
1.003
0.782
0.822
1.092
1.193
0.906
0.715
0.453
0.307
0.27
0.265
0.255
0.26
0.267
0.263
0.265
0.264
0.253
0.438
0.588
0.499
0.448
0.291
0.852
0.824
0.698
0.578
0.722
0.674
0.835
0.793
0.497
0.318
0.274
0.262
0.254
0.257
0.265
0.262
0.264
0.263
0.253
0.43
0.462
0.465
0.362
0.483
0.852
0.881
0.569
0.556
0.821
0.674
0.758
0.722
0.513
0.318
0.277
0.261
0.25
0.26
0.265
0.262
0.32
0.284
0.273
0.521
0.462
0.604
0.433
0.599
1.121
0.758
0.502
0.552
0.675
0.696
0.679
0.722
0.513
0.304
0.267
0.253
0.25
0.255
0.254
0.241
0.31
0.271
0.255
0.514
0.476
0.513
0.311
0.909
1.101
0.715
0.532
0.536
0.687
0.723
0.614
0.597
0.438
0.28
0.253
0.238
0.229
0.244
0.233
0.22
0.299
0.254
0.324
0.48
0.543
0.515
0.359
0.912
1.04
0.838
0.491
0.507
0.663
0.668
0.543
0.717
0.602
0.497
0.301
0.265
0.241
0.232
0.235
0.236
0.291
0.215
0.227
0.58
0.533
0.574
0.512
0.427
0.772
0.973
0.646
0.761
1.031
1.112
0.789
0.673
0.574
0.484
0.287
0.253
0.234
0.236
0.234
0.232
0.293
0.217
0.209
0.551
0.544
0.427
0.419
0.47
0.823
0.859
0.521
0.712
1.016
0.978
0.782
0.469
0.381
0.262
0.24
0.225
0.215
0.231
0.215
0.207
0.236
0.239
0.398
0.469
0.567
0.479
0.394
0.979
0.735
0.736
0.506
0.49
0.865
0.62
0.506
0.389
0.312
0.244
0.234
0.211
0.201
0.218
0.215
0.204
0.197
0.219
0.381
0.452
0.555
0.479
0.378
0.899
0.448
0.593
0.528
0.49
0.911
0.62
0.512
0.351
0.243
0.23
0.234
0.214
0.199
0.222
0.214
0.204
0.196
0.218
0.469
0.459
0.555
0.49
0.481
0.581
0.69
0.537
0.565
0.477
0.712
0.689
0.512
0.327
0.229
0.222
0.227
0.217
0.201
0.22
0.209
0.2
0.194
0.214
0.38
0.459
0.555
0.406
0.486
0.627
0.445
0.537
0.555
0.529
0.776
0.635
0.55
0.35
0.218
0.211
0.224
0.217
0.201
0.213
0.206
0.2
0.194
0.216
0.383
0.459
0.538
0.355
0.504
0.479
0.583
0.499
0.535
0.535
0.911
0.663
0.6
0.661
0.479
0.455
0.291
0.258
0.234
0.236
0.236
0.238
0.231
0.217
0.209
0.564
0.555
0.541
0.424
0.451
0.498
0.725
0.521
0.712
0.719
0.623
0.782
0.697
0.479
0.524
0.308
0.258
0.234
0.236
0.236
0.238
0.231
0.221
0.232
0.663
0.849
0.681
0.493
0.493
0.701
0.638
0.558
1.001
0.719
0.533
0.824
0.382
0.218
0.211
0.224
0.221
0.201
0.208
0.211
0.202
0.191
0.219
0.305
0.464
0.509
0.447
0.587
0.604
0.749
0.467
0.578
0.659
0.931
0.804
0.764
0.445
0.242
0.212
0.224
0.226
0.202
0.208
0.213
0.218
0.238
0.221
0.285
0.66
0.612
0.594
0.725
0.686
0.865
0.478
0.518
0.692
0.803
0.813
0.929
0.56
0.37
0.261
0.271
0.249
0.267
0.259
0.243
0.29
0.304
0.255
0.356
0.718
0.707
0.687
1.031
0.734
0.954
0.538
0.518
0.579
0.805
0.809
0.874
0.586
0.498
0.288
0.276
0.251
0.271
0.253
0.243
0.29
0.299
0.252
0.272
0.729
0.824
0.899
1.06
0.788
0.824
0.508
0.536
0.634
0.829
0.718
0.953
0.586
0.495
0.292
0.276
0.251
0.273
0.244
0.243
0.366
0.295
0.258
0.28
0.529
0.784
0.882
0.934
0.631
0.824
0.505
0.476
0.588
0.813
0.718
0.793
0.697
0.516
0.508
0.308
0.306
0.269
0.281
0.299
0.272
0.257
0.262
0.3
0.737
0.866
0.761
0.526
0.583
0.906
0.539
0.626
1.003
0.787
0.69
0.871
0.612
0.417
0.394
0.278
0.279
0.25
0.257
0.278
0.247
0.24
0.245
0.275
0.748
0.832
0.562
0.573
0.581
0.847
0.485
0.667
0.675
0.77
0.538
0.83
0.583
0.492
0.292
0.264
0.243
0.265
0.244
0.24
0.346
0.227
0.249
0.267
0.644
0.825
0.926
1.016
0.819
0.824
0.563
0.53
0.525
0.774
0.69
0.693
0.529
0.463
0.276
0.258
0.228
0.269
0.234
0.231
0.339
0.227
0.24
0.256
0.704
0.885
0.824
0.749
0.793
0.728
0.579
0.494
0.495
0.754
0.69
0.543
0.482
0.34
0.217
0.197
0.198
0.199
0.183
0.189
0.261
0.187
0.197
0.265
0.63
0.779
0.588
0.589
0.744
0.628
0.547
0.486
0.404
0.694
0.717
0.543
0.407
0.209
0.183
0.183
0.19
0.195
0.177
0.184
0.186
0.185
0.183
0.188
0.598
0.976
0.663
0.53
0.724
0.522
0.495
0.456
0.419
0.697
0.706
0.536
0.356
0.201
0.176
0.177
0.19
0.194
0.168
0.18
0.188
0.187
0.189
0.193
0.495
0.621
0.48
0.407
0.638
0.435
0.439
0.377
0.32
0.625
0.616
0.386
0.502
0.331
0.328
0.269
0.272
0.242
0.254
0.272
0.237
0.24
0.24
0.266
0.783
1.251
0.515
0.559
0.612
0.815
0.529
0.693
0.613
0.674
0.684
0.842
0.473
0.448
0.336
0.27
0.263
0.236
0.239
0.265
0.236
0.232
0.233
0.256
0.783
1.251
0.569
0.623
0.557
0.803
0.54
0.694
0.533
0.743
0.763
0.837
0.52
0.199
0.175
0.174
0.194
0.183
0.173
0.174
0.182
0.178
0.178
0.179
0.495
0.608
0.473
0.404
0.638
0.427
0.429
0.377
0.419
0.539
0.649
0.515
0.296
0.207
0.179
0.177
0.195
0.177
0.178
0.172
0.182
0.182
0.168
0.187
0.472
0.888
0.552
0.426
0.638
0.427
0.429
0.383
0.593
0.506
0.622
0.613
0.421
0.312
0.197
0.177
0.197
0.177
0.182
0.171
0.187
0.187
0.166
0.198
0.446
0.805
0.454
0.72
0.674
0.37
0.414
0.449
0.644
0.469
0.633
0.626
0.476
0.432
0.251
0.185
0.206
0.189
0.182
0.174
0.193
0.335
0.189
0.198
0.465
1.056
0.45
0.736
0.557
0.464
0.393
0.477
0.735
0.482
0.633
0.572
0.476
0.482
0.268
0.195
0.204
0.184
0.188
0.18
0.196
0.336
0.24
0.197
0.371
0.636
0.303
0.672
0.474
0.578
0.462
0.549
0.747
0.456
0.65
0.615
0.515
0.462
0.328
0.258
0.258
0.229
0.236
0.255
0.222
0.228
0.225
0.33
0.682
0.959
0.5
0.593
0.535
0.803
0.572
0.755
0.569
0.76
0.763
0.71
0.412
0.395
0.233
0.21
0.195
0.196
0.199
0.198
0.188
0.199
0.195
0.268
0.682
0.641
0.477
0.667
0.531
0.719
0.555
0.757
0.569
0.719
0.815
0.628
0.369
0.519
0.287
0.211
0.216
0.196
0.195
0.187
0.194
0.191
0.228
0.202
0.466
0.889
0.45
1.099
0.593
0.752
0.512
0.61
0.747
0.532
0.662
0.615
0.606
0.519
0.287
0.212
0.216
0.205
0.196
0.188
0.195
0.344
0.313
0.268
0.572
1.103
0.508
1.099
0.661
0.752
0.523
0.62
0.644
0.581
0.71
0.624
0.615
0.454
0.255
0.221
0.215
0.214
0.194
0.199
0.205
0.344
0.323
0.272
0.568
0.843
0.457
0.878
0.623
0.624
0.523
0.688
0.574
0.556
0.686
0.588
0.581
0.42
0.275
0.222
0.224
0.219
0.194
0.209
0.208
0.349
0.333
0.272
0.489
0.893
0.549
0.559
0.542
0.725
0.54
0.632
0.565
0.547
0.694
0.66
0.587
0.42
0.275
0.212
0.218
0.211
0.194
0.209
0.203
0.204
0.404
0.272
0.43
0.656
0.556
0.644
0.623
0.632
0.515
0.655
0.565
0.572
0.671
0.686
0.587
0.405
0.233
0.208
0.186
0.19
0.192
0.186
0.174
0.199
0.195
0.268
0.626
0.578
0.487
0.622
0.542
0.66
0.686
0.78
0.583
0.667
0.664
0.628
0.406
0.541
0.285
0.22
0.199
0.197
0.202
0.197
0.189
0.203
0.305
0.476
0.692
0.828
0.601
0.723
0.627
0.66
0.989
0.681
0.592
0.671
0.668
0.582
0.495
0.463
0.3
0.218
0.233
0.224
0.2
0.215
0.205
0.23
0.349
0.297
0.526
0.668
0.556
0.603
0.566
0.632
0.458
0.589
0.581
0.678
0.749
0.75
0.604
0.58
0.343
0.244
0.246
0.239
0.223
0.235
0.228
0.314
0.428
0.36
0.588
0.555
0.556
0.603
0.576
0.961
0.469
0.596
0.581
0.645
0.907
0.795
0.742
0.662
0.422
0.29
0.314
0.3
0.278
0.292
0.293
0.314
0.377
0.371
0.588
0.555
0.594
0.676
0.626
1.13
0.508
0.619
0.591
0.554
0.941
0.735
0.794
0.754
0.451
0.354
0.37
0.329
0.341
0.358
0.357
0.381
0.431
0.43
0.583
0.612
0.706
0.666
0.725
1.318
0.489
0.568
0.581
0.554
0.979
0.82
0.899
0.8
0.554
0.46
0.412
0.346
0.36
0.377
0.372
0.396
0.519
0.441
0.583
0.503
0.619
0.582
0.707
1.228
0.466
0.532
0.532
0.549
0.897
0.777
0.899
0.656
0.367
0.316
0.249
0.256
0.286
0.247
0.273
0.256
0.394
0.541
0.66
0.533
0.724
0.828
0.63
0.702
0.682
0.73
0.691
0.741
0.663
0.548
0.571
0.547
0.368
0.333
0.27
0.274
0.304
0.268
0.297
0.273
0.413
0.548
0.639
0.516
0.696
0.807
0.606
0.641
0.682
0.73
0.691
0.689
0.584
0.537
0.482
0.8
0.554
0.46
0.412
0.346
0.36
0.377
0.372
0.404
0.431
0.398
0.569
0.504
0.544
0.465
0.602
1.179
0.438
0.457
0.44
0.461
0.786
0.682
0.811
0.678
0.537
0.469
0.427
0.356
0.378
0.396
0.389
0.411
0.449
0.417
0.502
0.524
0.567
0.487
0.614
0.729
0.403
0.395
0.375
0.419
0.593
0.526
0.607
0.566
0.433
0.397
0.395
0.332
0.36
0.372
0.361
0.361
0.408
0.38
0.377
0.459
0.406
0.408
0.43
0.512
0.386
0.36
0.36
0.38
0.462
0.408
0.449
0.464
0.374
0.385
0.376
0.332
0.333
0.355
0.34
0.324
0.391
0.362
0.322
0.39
0.346
0.331
0.325
0.314
0.331
0.327
0.36
0.38
0.399
0.491
0.492
0.409
0.338
0.33
0.349
0.32
0.308
0.332
0.308
0.306
0.339
0.339
0.322
0.39
0.346
0.307
0.325
0.314
0.331
0.327
0.443
0.475
0.365
0.363
0.353
0.546
0.368
0.34
0.283
0.29
0.319
0.281
0.322
0.289
0.416
0.494
0.604
0.52
0.647
0.753
0.593
0.557
0.589
0.605
0.625
0.595
0.553
0.516
0.505
0.566
0.447
0.338
0.274
0.284
0.311
0.269
0.321
0.289
0.416
0.494
0.43
0.627
1.011
0.756
0.762
0.541
0.577
0.596
0.529
0.636
0.466
0.516
0.496
0.409
0.309
0.294
0.298
0.305
0.274
0.311
0.293
0.287
0.296
0.348
0.364
0.503
0.473
0.329
0.381
0.4
0.369
0.386
0.492
0.538
0.423
0.413
0.487
0.409
0.287
0.307
0.319
0.314
0.299
0.334
0.313
0.297
0.329
0.438
0.464
0.601
0.543
0.364
0.476
0.544
0.44
0.443
0.522
0.602
0.46
0.558
0.52
0.463
0.287
0.307
0.327
0.313
0.31
0.334
0.317
0.314
0.345
0.528
0.757
0.737
0.547
0.409
0.53
0.567
0.515
0.488
0.655
0.695
0.512
0.682
0.597
0.531
0.295
0.343
0.335
0.313
0.345
0.343
0.312
0.349
0.37
0.583
0.794
0.737
0.591
0.414
0.791
0.871
0.641
0.544
0.808
0.706
0.62
0.771
0.723
0.632
0.317
0.38
0.345
0.346
0.381
0.365
0.331
0.381
0.359
0.719
0.987
0.83
0.758
0.488
0.931
0.974
0.641
0.546
0.738
0.741
0.698
0.771
0.723
0.491
0.421
0.379
0.323
0.309
0.363
0.332
0.34
0.346
0.369
0.328
0.565
0.754
0.662
0.718
0.683
0.722
0.618
0.544
0.468
0.617
0.462
0.467
0.526
0.491
0.421
0.352
0.286
0.259
0.287
0.274
0.272
0.28
0.291
0.267
0.427
0.508
0.942
0.611
0.567
0.631
0.451
0.49
0.53
0.539
0.468
0.491
0.482
0.753
0.408
0.412
0.369
0.346
0.395
0.365
0.332
0.389
0.367
0.871
0.974
0.84
0.758
0.488
0.943
0.881
0.714
0.55
0.813
0.689
0.752
0.808
0.806
0.734
0.459
0.412
0.369
0.34
0.395
0.363
0.332
0.389
0.367
0.852
0.974
0.822
0.709
0.536
1.22
0.914
0.732
0.549
0.811
0.689
0.746
0.808
0.729
0.813
0.487
0.457
0.323
0.312
0.339
0.31
0.303
0.335
0.308
0.72
0.651
0.775
0.656
0.653
1.22
0.845
0.803
0.583
0.827
0.676
0.745
0.713
0.729
0.751
0.579
0.416
0.276
0.275
0.28
0.292
0.3
0.281
0.289
0.524
0.562
0.688
0.756
0.721
1.233
0.874
0.666
0.534
0.668
0.618
0.745
0.68
0.717
0.732
0.637
0.4
0.281
0.266
0.28
0.281
0.323
0.275
0.267
0.489
0.662
0.724
0.748
0.733
1.062
0.689
0.575
0.55
0.504
0.593
0.647
0.599
0.624
0.524
0.49
0.352
0.242
0.24
0.232
0.233
0.25
0.225
0.232
0.231
0.481
0.6
0.839
0.681
0.557
0.554
0.551
0.472
0.461
0.539
0.433
0.541
0.437
0.583
0.567
0.368
0.236
0.225
0.225
0.218
0.238
0.237
0.262
0.251
0.496
0.719
0.986
0.861
0.633
0.761
0.656
0.509
0.492
0.575
0.471
0.575
0.479
0.61
0.613
0.393
0.233
0.2
0.214
0.255
0.31
0.247
0.276
0.353
0.636
0.724
0.717
0.716
0.97
0.601
0.577
0.533
0.5
0.534
0.56
0.561
0.57
0.54
0.589
0.41
0.218
0.208
0.206
0.255
0.31
0.232
0.269
0.289
0.609
0.681
0.626
0.755
0.93
0.696
0.553
0.699
0.5
0.534
0.531
0.56
0.55
0.543
0.674
0.451
0.271
0.215
0.207
0.257
0.31
0.241
0.269
0.289
0.715
0.709
0.61
0.828
0.9
0.834
0.631
0.715
0.5
0.533
0.543
0.56
0.58
0.534
0.676
0.441
0.272
0.217
0.269
0.312
0.369
0.305
0.315
0.322
0.804
0.743
0.719
0.781
0.739
0.647
0.48
0.655
0.493
0.54
0.557
0.558
0.637
0.529
0.601
0.466
0.293
0.226
0.258
0.291
0.344
0.32
0.315
0.329
0.784
0.79
0.755
0.822
0.933
0.686
0.495
0.675
0.552
0.658
0.557
0.558
0.617
0.593
0.62
0.42
0.238
0.233
0.254
0.263
0.244
0.28
0.306
0.264
0.546
0.88
1.02
0.983
0.68
0.761
0.741
0.532
0.532
0.581
0.503
0.587
0.533
0.667
0.604
0.42
0.243
0.241
0.255
0.263
0.239
0.285
0.31
0.263
0.552
0.859
0.76
0.925
0.68
0.793
0.786
0.627
0.56
0.526
0.515
0.594
0.535
0.519
0.55
0.466
0.245
0.219
0.198
0.24
0.283
0.273
0.315
0.319
0.695
0.814
0.825
0.91
1.036
0.71
0.684
0.532
0.657
0.664
0.557
0.552
0.609
0.522
0.529
0.445
0.263
0.226
0.217
0.267
0.265
0.284
0.336
0.298
0.613
0.75
0.785
0.815
0.997
0.818
0.692
0.556
0.634
0.67
0.604
0.578
0.618
0.548
0.528
0.449
0.319
0.224
0.217
0.267
0.256
0.284
0.335
0.298
0.552
0.708
0.953
0.956
1.272
0.999
0.89
0.556
0.634
0.711
0.677
0.643
0.653
0.647
0.468
0.5
0.271
0.217
0.215
0.266
0.251
0.279
0.336
0.299
0.445
0.674
0.978
1.241
1.301
0.941
0.634
0.568
0.652
0.708
0.789
0.725
0.587
0.647
0.441
0.488
0.324
0.233
0.215
0.266
0.251
0.279
0.336
0.322
0.395
0.595
0.86
1.169
1.208
0.941
0.669
0.568
0.678
0.708
0.789
0.729
0.552
0.667
0.604
0.387
0.232
0.221
0.209
0.207
0.213
0.219
0.251
0.224
0.45
0.8
0.828
1.018
0.797
0.63
0.701
0.671
0.59
0.627
0.529
0.601
0.556
0.569
0.531
0.384
0.237
0.269
0.255
0.261
0.259
0.29
0.311
0.263
0.415
0.8
0.739
1.018
0.74
0.57
0.737
0.662
0.552
0.661
0.519
0.51
0.548
0.66
0.442
0.45
0.382
0.274
0.293
0.345
0.28
0.312
0.368
0.362
0.374
0.555
0.757
0.999
0.953
0.892
0.669
0.535
0.633
0.549
0.739
0.681
0.536
0.776
0.522
0.548
0.444
0.351
0.381
0.444
0.371
0.368
0.467
0.42
0.421
0.555
0.712
0.89
0.826
0.86
0.445
0.437
0.478
0.472
0.666
0.63
0.516
0.743
0.522
0.548
0.432
0.352
0.366
0.408
0.35
0.349
0.419
0.409
0.367
0.512
0.647
0.89
0.826
0.686
0.41
0.37
0.432
0.399
0.508
0.483
0.42
0.58
0.419
0.505
0.402
0.365
0.391
0.434
0.37
0.377
0.441
0.431
0.397
0.517
0.496
0.462
0.481
0.414
0.357
0.286
0.355
0.399
0.384
0.435
0.419
0.477
0.435
0.44
0.424
0.365
0.391
0.434
0.37
0.377
0.441
0.431
0.397
0.524
0.461
0.412
0.407
0.414
0.39
0.286
0.365
0.449
0.384
0.435
0.441
