0.0
0.0
0.0
0.0
0.0
0.0
0.0
0.0
0.0
0.0
0.0
0.0
0.0
0.0
0.0
0.0
0.0
0.0
0.0
0.0
0.0
0.0
0.0
0.0
0.0
0.0
0.0
0.0
0.0
0.0
0.0
0.0
0.0
0.0
0.0
0.0
0.0
0.0
0.0
0.0
0.0
0.0
0.0
0.0
0.0
0.0
0.0
0.0
0.0
0.0
0.0
0.0
0.0
0.0
0.0
0.0
0.0
0.0
0.0
0.0
0.0
0.0
0.0
0.0
0.0
0.0
0.0
0.0
0.0
0.0
0.0
0.0
0.0
0.0
0.0
0.0
0.0
0.0
0.0
0.0
0.0
0.0
0.0
0.0
0.0
0.0
0.0
0.0
0.0
0.0
0.0
0.0
0.0
0.0
0.0
0.0
0.0
0.0
0.0
0.0
0.0
0.0
0.0
0.0
0.0
0.0
0.0
0.0
0.0
0.0
0.0
0.0
0.0
0.0
0.0
0.0
0.0
0.0
0.0
0.0
0.0
0.0
0.0
0.0
0.0
0.0
0.0
0.0
0.0
0.0
0.0
0.0
0.0
0.0
0.0
0.0
0.0
0.0
0.0
0.0
0.0
0.0
0.0
0.0
0.0
0.0
0.0
0.0
0.0
0.0
0.0
0.0
0.0
0.0
0.0
0.0
0.0
0.0
0.0
0.0
0.0
0.0
0.0
0.0
0.0
0.0
0.0
0.0
0.0
0.0
0.0
0.0
0.0
0.0
0.0
0.0
0.0
0.0
0.0
0.0
0.0
0.0
0.0
0.0
0.0
0.0
0.0
0.0
0.0
0.0
0.0
0.0
0.0
0.0
0.0
0.0
0.0
0.0
0.0
0.0
0.0
0.0
0.0
0.0
0.0
0.0
0.0
0.0
0.0
0.0
0.0
0.0
0.0
0.0
0.0
0.0
0.0
0.0
0.0
0.0
0.0
0.0
0.0
0.0
0.0
0.0
0.0
0.0
0.0
0.0
0.0
0.0
0.0
0.0
0.0
0.0
0.0
0.0
0.0
0.0
0.0
0.0
0.0
0.0
0.0
0.0
0.0
0.0
0.0
0.0
0.0
0.0
0.0
0.0
0.0
0.0
0.0
0.0
0.0
0.0
0.0
0.0
0.0
0.0
0.0
0.0
0.0
0.0
0.0
0.0
0.0
0.0
0.0
0.0
0.0
0.0
0.0
0.0
0.0
0.0
0.0
0.0
0.0
0.0
0.0
0.0
0.0
0.0
0.0
0.0
0.0
0.0
0.0
0.0
0.0
0.0
0.0
0.0
0.0
0.0
0.0
0.0
0.0
0.0
0.0
0.0
0.0
0.0
0.0
0.0
0.0
0.0
0.0
0.0
0.0
0.0
0.0
0.0
0.0
0.0
0.0
0.0
0.0
0.0
0.0
0.0
0.0
0.0
0.0
0.0
0.0
0.0
0.0
0.0
0.0
0.0
0.0
0.0
0.0
0.0
0.0
0.0
0.0
0.0
0.0
0.0
0.0
0.0
0.0
0.0
0.0
0.0
0.0
0.0
0.0
0.0
0.0
0.0
0.0
0.0
0.0
0.0
0.0
0.0
0.0
0.0
0.0
0.0
0.0
0.0
0.0
0.0
0.0
0.0
0.0
0.0
0.0
0.0
0.0
0.0
0.0
0.0
0.0
0.0
0.0
0.0
0.0
0.0
0.0
0.0
0.0
0.0
0.0
0.0
0.0
0.0
0.0
0.0
0.0
0.0
0.0
0.0
0.0
0.0
0.0
0.0
0.0
0.0
0.0
0.0
0.0
0.0
0.0
0.0
0.0
0.0
0.0
0.0
0.0
0.0
0.0
0.0
0.0
0.0
0.0
0.0
0.0
0.0
0.0
0.0
0.0
0.0
0.0
0.0
0.0
0.0
0.0
0.0
0.0
0.0
0.0
0.0
0.0
0.0
0.0
0.0
0.0
0.0
0.0
0.0
0.0
0.0
0.0
0.0
0.0
0.0
0.0
0.0
0.0
0.0
0.0
0.0
0.0
0.0
0.0
0.0
0.0
0.0
0.0
0.0
0.0
0.0
0.0
0.0
0.0
0.0
0.0
0.0
0.0
0.0
0.0
0.0
0.0
0.0
0.0
0.0
0.0
0.0
0.0
0.0
0.0
0.0
0.0
0.0
0.0
0.0
0.0
0.0
0.0
0.0
0.0
0.0
0.0
0.0
0.0
0.613
0.482
0.47
0.504
0.471
0.531
1.197
3.209
2.244
1.807
2.118
0.615
0.619
0.476
1.129
1.47
1.617
3.503
3.895
2.035
2.463
0.742
0.689
0.599
0.55
0.469
0.494
0.498
0.418
0.57
1.197
2.699
1.757
1.346
1.988
1.005
1.067
0.476
1.126
0.563
1.521
2.888
3.88
1.281
1.424
0.592
0.69
0.638
0.591
0.507
0.538
0.516
0.462
0.552
0.577
1.454
0.797
0.879
1.973
1.037
1.013
0.604
0.626
0.563
0.709
2.035
2.247
0.67
1.672
0.731
0.69
0.65
0.633
0.575
0.559
0.533
0.478
0.553
0.593
2.651
1.006
0.879
0.554
1.061
1.54
1.645
0.839
1.225
1.257
2.571
2.222
0.466
0.982
0.553
0.688
0.579
0.642
0.508
0.505
0.412
0.402
0.504
0.413
0.42
1.61
3.311
2.575
1.819
1.408
2.934
0.976
1.231
0.878
2.032
1.232
1.428
0.573
0.574
1.067
0.618
0.642
0.541
0.506
0.432
0.461
0.518
0.413
0.548
1.881
3.303
2.549
1.819
0.604
1.54
0.804
1.052
0.709
2.012
1.222
1.439
0.542
1.01
0.579
0.62
0.568
0.601
0.548
0.526
0.51
0.527
0.595
1.373
0.742
0.577
0.566
1.011
1.697
2.358
0.854
1.226
0.701
1.068
2.004
0.521
1.198
1.672
0.85
0.667
0.573
0.575
0.568
0.572
0.51
0.527
1.796
2.06
0.951
1.4
0.566
1.011
1.708
2.368
0.854
1.111
0.569
1.068
1.413
0.605
1.198
1.668
0.818
0.7
0.621
0.54
0.553
0.587
0.503
0.604
3.237
2.433
1.194
1.428
0.523
0.566
1.747
2.381
0.768
1.111
1.083
1.068
1.509
0.608
0.777
1.755
0.848
0.682
0.643
0.599
0.587
0.598
0.546
0.632
1.791
2.889
1.879
1.471
0.557
0.566
1.154
1.33
0.561
1.089
1.011
1.064
1.088
0.608
1.454
1.772
0.855
0.673
0.625
0.646
0.612
0.581
0.57
0.654
2.427
3.926
2.087
1.468
0.525
0.526
1.242
1.607
0.762
0.871
1.081
1.146
1.501
1.0
1.011
0.626
0.608
0.582
1.029
0.637
0.563
0.44
0.527
0.529
0.405
0.464
1.957
3.287
2.543
1.931
0.837
2.345
0.804
1.052
0.709
2.243
0.953
1.484
0.54
0.979
0.583
0.642
1.004
0.685
0.594
0.492
0.58
0.545
0.483
0.657
1.822
4.008
2.542
1.839
0.805
2.371
0.801
1.294
0.684
2.243
1.921
0.835
0.537
0.558
0.526
0.649
0.621
0.64
0.606
0.578
0.612
0.712
3.276
3.926
2.634
1.225
0.674
0.776
1.716
0.838
0.54
0.398
0.658
0.899
1.763
2.481
1.386
0.887
0.603
0.72
0.67
0.701
0.656
0.628
0.646
1.089
3.442
3.926
2.634
1.393
0.899
0.792
0.707
0.438
0.513
0.391
0.658
0.922
1.763
2.458
1.353
0.607
0.553
0.663
0.621
0.711
0.628
0.618
0.66
1.07
2.873
5.04
2.0
0.805
0.954
0.858
0.656
0.488
0.483
0.36
0.65
0.682
2.672
2.703
1.327
0.616
0.582
0.636
0.596
0.711
0.64
0.622
0.66
0.676
2.043
4.87
1.947
0.785
0.98
0.878
0.646
0.551
0.492
0.813
0.65
0.937
2.746
2.701
1.343
0.606
0.58
0.613
0.632
0.673
0.624
0.659
0.684
0.659
2.763
4.996
1.364
0.875
0.811
0.566
0.706
0.737
1.111
1.928
2.24
1.203
2.946
1.201
0.979
0.575
0.576
0.615
1.004
0.601
0.546
0.468
0.606
0.561
0.5
1.204
2.479
3.319
1.433
1.671
0.838
3.176
1.946
1.676
0.826
2.119
3.154
1.526
0.543
0.93
0.625
0.825
1.029
0.642
0.566
0.522
0.635
0.571
0.58
2.5
2.474
2.369
1.745
1.671
0.838
3.505
2.503
1.578
0.976
1.799
2.654
0.865
0.54
0.93
0.66
0.604
0.648
0.597
0.591
0.659
0.659
0.628
2.124
3.952
1.13
0.896
0.811
0.566
1.619
0.737
0.838
1.559
2.18
1.228
2.239
0.861
1.106
0.855
0.576
0.581
0.618
0.549
0.562
0.604
0.632
0.597
1.358
2.145
0.947
0.881
0.598
0.522
1.097
1.436
0.885
2.222
3.604
0.962
1.67
0.861
1.778
1.27
0.807
0.581
0.582
0.504
0.505
0.547
0.575
0.558
1.135
1.897
0.757
0.757
0.598
0.535
1.115
1.436
1.49
3.615
3.604
0.939
1.747
1.086
1.651
1.27
0.758
0.556
0.587
0.504
0.484
0.472
0.522
0.569
1.101
0.605
0.611
0.757
0.551
0.466
1.115
1.382
1.49
3.615
4.295
1.964
1.226
0.76
1.651
1.663
0.807
0.582
0.625
0.505
0.472
0.475
0.573
0.579
1.066
0.597
0.83
0.907
0.583
0.738
1.68
1.623
1.509
2.572
2.761
1.712
1.1
0.742
1.734
1.587
0.812
0.802
1.023
0.642
0.566
0.496
0.624
0.561
0.563
3.352
3.208
0.944
1.142
1.276
1.143
2.421
3.577
1.48
0.94
1.576
1.737
0.79
0.57
1.475
0.868
0.649
0.588
0.601
0.568
0.474
0.563
0.535
0.563
2.726
3.02
0.961
1.206
1.517
1.374
2.421
4.727
2.125
0.94
1.526
2.598
1.468
0.57
0.861
0.868
0.632
0.587
0.48
0.458
0.462
0.507
0.52
0.406
0.597
0.83
1.95
0.765
1.323
1.884
1.882
0.918
1.185
1.399
1.712
1.585
0.994
1.801
1.563
0.844
0.629
0.574
0.442
0.408
0.404
0.445
0.467
0.369
0.557
0.83
1.859
0.758
1.852
1.235
1.205
0.539
1.715
1.454
1.605
1.54
0.917
0.787
0.904
0.669
0.535
0.503
0.434
0.392
0.338
0.369
0.441
0.341
0.62
2.305
1.761
0.806
1.868
1.373
1.195
0.666
1.077
1.108
3.242
1.29
0.917
0.694
0.482
0.616
0.517
0.463
0.42
0.422
0.392
0.346
0.409
0.341
0.664
2.255
1.651
0.685
1.901
1.678
1.648
0.458
0.854
1.108
3.242
1.391
0.686
0.647
0.514
0.656
0.556
0.412
0.404
0.387
0.375
0.345
0.375
0.311
2.032
4.061
1.991
0.738
1.905
1.809
1.648
0.527
0.819
1.108
3.742
2.176
0.859
0.659
0.514
0.646
0.643
0.477
0.528
0.53
0.473
0.514
0.478
0.563
2.726
2.991
1.282
1.809
1.862
1.127
1.772
4.294
1.48
0.549
1.526
3.928
1.85
0.498
0.805
0.755
0.794
0.491
0.49
0.481
0.472
0.447
0.412
0.458
3.099
3.291
1.115
1.206
1.612
1.109
1.733
4.294
1.111
0.523
1.524
2.598
1.86
0.461
0.828
0.7
0.531
0.412
0.404
0.387
0.375
0.345
0.375
0.311
3.532
4.45
0.731
0.471
1.273
1.232
1.352
0.436
0.922
1.815
5.366
3.079
1.11
0.664
0.588
0.687
0.529
0.347
0.387
0.336
0.355
0.339
0.352
0.296
3.401
4.102
0.731
0.471
1.273
2.499
1.834
0.595
1.055
1.64
3.971
3.172
1.23
0.553
0.582
0.687
0.54
0.379
0.398
0.336
0.385
0.373
0.358
0.286
3.401
4.102
0.731
0.401
0.74
2.503
3.298
1.239
0.946
2.132
4.326
3.172
1.265
0.867
0.548
0.665
0.608
0.386
0.394
0.374
0.388
0.373
0.38
0.32
2.721
4.227
0.899
0.312
0.737
1.052
2.865
1.144
0.946
2.151
4.326
2.984
1.039
0.859
0.607
0.872
0.544
0.351
0.379
0.415
0.372
0.364
0.391
0.332
2.728
6.072
1.741
0.363
0.366
1.383
2.865
2.576
0.908
2.22
4.326
2.972
1.039
1.577
0.808
0.778
0.802
0.482
0.514
0.457
0.477
0.396
0.387
0.454
3.486
3.291
1.386
1.487
1.977
1.119
0.927
3.522
0.72
0.347
1.084
1.337
1.181
0.385
0.408
0.587
0.592
0.45
0.468
0.421
0.413
0.396
0.387
1.123
3.486
2.752
1.213
1.1
1.377
1.119
0.745
2.9
0.601
0.347
0.855
2.581
1.86
0.359
0.416
0.521
0.458
0.391
0.353
0.4
0.375
0.394
0.36
0.323
2.786
4.638
1.449
0.633
0.544
1.333
2.844
2.498
0.925
1.525
2.735
2.382
1.621
2.086
0.749
0.734
0.388
0.334
0.313
0.374
0.354
0.345
0.303
0.308
1.264
3.999
2.625
1.294
1.254
1.763
2.844
3.051
1.097
1.525
1.788
1.836
1.208
1.835
0.77
0.687
0.388
0.391
0.331
0.416
0.354
0.338
0.32
0.351
2.813
2.878
2.074
1.95
1.334
1.763
3.621
2.771
1.363
2.158
2.467
1.733
0.868
1.819
0.77
0.687
0.402
0.388
0.319
0.416
0.354
0.298
0.36
0.365
2.813
2.847
2.074
1.954
1.336
1.675
2.214
2.055
1.674
2.17
2.492
1.594
0.882
1.461
0.87
0.657
0.435
0.455
0.326
0.37
0.348
0.297
0.36
0.416
2.811
1.662
2.159
2.312
1.747
2.798
3.359
2.529
2.013
1.837
1.656
1.279
1.323
1.623
2.034
0.657
0.572
0.515
0.479
0.399
0.422
0.421
0.449
1.148
2.599
1.828
1.902
2.537
1.644
1.29
0.518
1.721
1.46
0.37
1.23
2.792
1.646
0.297
0.303
0.388
0.485
0.482
0.437
0.399
0.447
0.421
0.399
0.377
1.888
1.756
1.902
2.416
1.516
1.039
0.466
0.79
0.514
0.395
1.198
1.906
0.889
0.309
0.349
0.41
0.578
0.525
0.344
0.368
0.37
0.327
0.39
1.987
3.302
1.415
1.872
2.585
1.786
2.108
1.646
1.826
1.801
1.726
1.656
1.277
1.323
1.097
0.814
0.656
0.693
0.576
0.362
0.398
0.424
0.327
0.422
1.992
1.785
1.196
3.259
2.219
2.073
2.038
1.629
1.826
1.785
1.624
1.695
0.93
1.323
0.657
0.923
0.708
0.722
0.576
0.433
0.425
0.754
0.388
0.579
3.145
3.335
1.717
2.292
1.86
2.073
1.966
2.609
1.555
1.501
1.011
1.93
0.989
1.4
0.657
0.799
0.621
0.721
0.618
0.505
0.479
0.786
0.458
0.584
3.198
3.743
2.051
2.202
1.758
1.93
0.876
1.457
1.237
1.059
0.462
1.641
1.989
1.549
0.657
0.954
0.741
0.777
0.606
0.505
0.479
0.786
0.458
0.584
3.198
3.766
2.464
3.461
2.09
2.908
1.999
2.525
1.237
0.714
0.462
2.871
2.452
2.048
0.986
1.204
1.544
0.481
0.482
0.437
0.399
0.438
0.426
0.444
0.401
1.889
1.629
1.574
0.915
1.101
1.064
0.38
0.322
0.472
0.395
0.475
0.648
0.462
0.355
0.357
0.41
0.481
0.482
0.502
0.417
0.383
0.408
0.516
2.154
2.263
1.24
2.409
1.251
1.394
1.757
0.459
0.322
1.434
1.845
1.16
1.13
0.763
0.366
0.357
0.55
1.107
0.823
0.732
0.571
0.809
0.472
0.611
1.688
4.56
2.873
3.461
2.424
3.473
1.584
2.659
0.736
0.714
0.539
2.925
2.589
2.548
2.824
1.204
1.623
1.107
0.592
0.744
0.534
0.74
0.473
0.48
0.597
4.676
3.592
4.591
2.498
4.013
2.512
4.534
1.593
1.169
0.732
4.317
2.975
3.45
2.964
1.204
1.988
1.096
0.501
0.494
0.464
0.436
0.443
0.453
0.574
5.813
4.039
3.632
2.855
4.013
2.567
4.858
1.779
1.935
0.979
4.577
2.975
3.084
2.926
1.096
1.988
1.096
0.492
0.454
0.427
0.358
0.392
0.407
0.445
3.912
3.592
3.407
2.632
3.054
2.157
3.882
1.549
1.622
0.996
3.095
1.666
2.734
3.644
1.861
2.311
0.994
0.425
0.427
0.389
0.358
0.392
0.418
0.445
2.675
4.131
3.176
2.291
2.818
2.243
5.753
2.414
2.474
2.389
3.247
1.2
2.817
3.68
1.728
2.261
0.474
0.459
0.416
0.437
0.383
0.419
0.605
2.167
1.354
1.182
2.497
0.969
1.345
2.525
1.573
0.58
1.522
1.94
1.273
1.63
1.275
0.506
0.521
0.691
0.461
0.414
0.495
0.496
0.438
0.445
0.603
0.512
0.425
1.5
3.702
1.866
1.875
2.525
2.135
0.658
1.507
2.006
1.324
1.63
0.968
0.521
1.023
0.758
0.98
0.484
0.498
0.447
0.414
0.424
0.457
0.511
2.675
3.655
1.584
2.555
2.818
1.845
4.269
1.825
2.676
2.261
2.295
1.2
1.793
1.798
1.377
1.369
0.617
0.449
0.429
0.411
0.418
0.424
0.43
0.442
2.534
4.738
1.971
2.106
2.172
1.17
3.096
3.003
2.638
3.772
3.561
1.139
1.127
0.947
0.66
0.976
0.589
0.455
0.461
0.447
0.478
0.447
0.465
0.555
3.104
5.384
1.926
1.754
1.139
1.17
2.423
2.38
2.339
5.165
3.561
1.071
0.912
0.82
0.648
0.622
0.52
0.461
0.465
0.438
0.47
0.439
0.49
0.555
3.14
4.668
1.353
0.829
1.033
1.091
2.082
2.162
1.605
3.605
3.17
1.056
0.929
1.862
1.731
1.047
0.589
0.511
0.5
0.499
0.504
0.497
0.521
0.622
3.179
4.801
1.926
1.022
2.228
2.172
2.425
2.603
1.61
3.485
3.246
0.939
1.179
1.224
0.948
0.622
0.467
0.348
0.495
0.481
0.452
0.423
0.563
0.484
0.429
2.426
3.754
0.849
2.534
4.19
2.954
1.097
0.596
0.6
0.629
1.472
1.141
0.799
1.108
0.872
0.482
0.387
0.534
0.474
0.443
0.405
0.563
0.512
1.882
3.966
3.814
1.09
2.567
5.033
4.624
1.591
1.317
1.124
1.083
1.783
1.187
0.813
1.199
0.903
1.108
0.502
0.475
0.484
0.484
0.478
0.508
0.622
4.622
4.07
1.698
1.326
1.878
3.509
1.299
1.367
1.051
2.062
2.557
0.878
0.978
1.241
0.933
0.658
1.091
0.476
0.475
0.466
0.484
0.458
0.505
0.597
4.622
4.07
1.772
1.326
1.211
3.447
2.12
2.495
1.369
2.288
2.325
0.558
1.353
2.36
0.974
0.654
1.052
0.475
0.486
0.48
0.493
0.474
0.506
0.628
4.172
3.668
1.526
1.674
1.717
4.752
3.812
2.634
1.614
2.393
1.691
0.871
1.911
2.225
0.809
0.609
0.983
0.425
0.426
0.408
0.442
0.396
0.452
0.431
2.372
2.424
0.93
1.71
2.154
4.448
4.321
2.905
1.385
0.667
1.121
1.3
3.358
2.518
0.892
0.651
0.957
0.401
0.397
0.433
0.413
0.391
0.478
0.663
1.263
1.76
2.218
2.077
2.617
4.824
4.598
3.731
2.134
0.994
1.807
1.373
3.333
1.371
0.643
0.563
0.523
0.477
0.567
0.551
0.51
0.446
0.597
1.166
3.581
4.99
3.819
1.09
3.302
5.99
4.624
1.591
1.317
1.124
1.104
2.628
1.187
0.828
1.199
0.903
0.482
0.399
0.482
0.556
0.535
0.497
0.516
0.547
2.027
4.931
2.749
0.994
3.701
6.283
4.356
1.17
0.629
0.589
1.104
2.929
1.191
0.792
0.742
2.087
0.431
0.401
0.404
0.433
0.417
0.391
0.475
0.675
1.187
1.541
1.037
3.516
2.617
3.857
4.563
3.32
2.12
1.137
1.807
1.373
3.473
2.615
0.643
0.532
0.353
0.354
0.421
0.436
0.404
0.356
1.954
0.675
1.024
1.115
0.998
3.504
2.617
2.98
5.249
3.649
2.237
1.825
1.982
1.592
3.469
2.576
0.677
0.504
0.3
0.312
0.35
0.44
0.376
0.339
1.886
0.633
1.425
2.299
1.532
2.142
2.426
3.059
3.818
2.072
1.569
1.689
2.162
2.419
1.986
0.907
0.626
0.546
0.332
0.321
0.352
0.451
0.379
0.359
1.928
0.681
0.994
1.106
1.194
1.57
1.794
2.277
2.845
2.072
0.905
1.048
1.399
1.667
1.185
0.894
0.663
0.635
0.372
0.329
0.371
0.451
0.467
0.415
2.704
1.918
1.425
1.197
1.69
1.744
1.499
1.911
2.845
3.054
1.325
1.691
1.757
0.866
0.645
1.561
1.068
0.635
0.51
0.415
0.493
0.544
0.512
0.528
0.516
0.537
3.704
5.114
1.348
1.47
3.417
6.283
3.262
1.009
0.798
0.536
0.966
2.591
0.874
0.689
0.679
0.63
0.491
0.404
0.471
0.475
0.473
0.459
0.539
0.564
4.231
5.807
1.348
1.2
2.443
4.403
2.969
0.981
0.799
1.001
2.043
2.591
1.074
0.738
0.618
0.634
0.527
0.329
0.396
0.449
0.46
0.415
1.211
1.685
2.431
1.403
1.058
1.615
1.012
1.362
2.788
2.547
0.575
2.695
1.757
1.301
1.165
1.942
1.136
0.646
0.431
0.283
0.354
0.439
0.369
0.358
1.136
1.592
2.418
1.826
0.895
1.183
0.708
1.471
3.876
2.927
0.679
2.624
1.757
1.467
1.206
1.942
1.65
0.669
0.461
0.327
0.367
0.444
0.441
0.4
0.453
1.829
2.929
2.762
1.556
0.919
0.528
1.515
2.989
2.566
1.037
1.979
1.565
1.715
1.248
1.917
2.597
0.756
0.545
0.386
0.427
0.436
0.407
0.398
0.475
3.392
3.569
1.939
1.122
0.738
0.417
0.966
2.629
2.561
0.974
2.399
2.256
1.279
1.247
1.944
3.079
0.798
0.629
0.39
0.431
0.433
0.404
0.383
0.432
3.354
4.723
2.717
1.232
1.012
0.417
0.941
1.948
1.353
2.778
2.902
2.507
1.262
1.232
1.875
3.079
0.779
0.626
0.475
0.492
0.568
0.494
0.541
0.58
0.596
4.231
4.305
0.648
1.132
1.454
3.539
3.901
1.146
0.793
0.973
2.875
3.583
1.042
0.604
0.58
0.513
0.582
0.528
0.487
0.545
0.48
0.541
0.58
1.216
3.157
3.165
0.647
1.286
2.52
3.655
2.888
1.104
0.793
1.794
3.665
4.964
1.392
0.613
0.511
0.526
0.527
0.44
0.478
0.451
0.404
0.383
0.413
2.292
4.846
3.448
0.766
0.809
0.394
0.536
0.573
0.966
0.961
1.642
2.002
1.217
1.886
2.52
2.42
1.03
0.846
0.447
0.446
0.401
0.48
0.458
0.512
3.973
4.282
3.155
0.719
0.558
0.377
0.607
0.552
0.996
2.375
1.342
1.134
1.047
1.287
2.145
2.45
1.021
0.846
0.452
0.451
0.403
0.48
0.458
0.512
5.564
4.79
2.994
1.374
0.817
0.935
0.607
0.552
1.263
3.484
1.872
2.181
1.279
1.287
2.049
1.665
1.638
0.822
0.452
0.475
0.42
0.531
0.474
0.488
4.199
4.402
2.263
1.654
1.084
1.299
0.548
0.454
1.388
3.325
1.864
2.482
1.432
1.956
2.27
1.195
1.638
0.822
0.486
0.453
0.453
0.527
0.467
0.473
2.68
3.581
2.248
3.295
1.335
2.216
0.696
0.973
2.441
5.166
1.65
1.506
2.35
2.261
2.321
0.962
1.613
0.842
0.436
0.445
0.463
0.437
0.467
0.535
1.601
2.642
2.99
1.309
1.791
3.559
2.765
2.767
1.107
0.738
1.794
3.902
4.511
1.392
0.642
0.469
0.587
0.527
0.458
0.456
0.463
0.437
0.503
0.562
1.68
2.555
2.996
1.315
1.605
2.577
2.606
2.12
1.078
1.09
3.232
4.608
4.532
1.886
0.611
0.484
0.55
0.479
0.544
0.403
0.4
0.488
0.427
0.434
4.475
3.344
1.562
3.177
1.349
2.566
0.996
0.976
3.98
4.576
1.1
1.3
2.476
2.532
3.055
0.934
1.61
0.835
0.602
0.324
0.34
0.425
0.362
0.368
4.074
2.259
1.205
4.105
1.855
2.925
1.119
0.957
3.98
4.774
2.308
1.495
2.51
2.474
1.926
0.934
1.712
0.812
0.746
0.328
0.348
0.298
0.301
0.287
2.24
1.672
1.205
4.763
1.855
2.925
1.032
0.957
2.93
3.661
2.057
1.26
2.702
3.343
2.128
0.982
1.695
0.812
0.746
0.388
0.401
0.354
0.342
0.363
0.662
0.64
0.934
3.854
1.784
2.084
0.694
0.457
2.336
2.481
0.996
0.979
2.26
2.474
1.46
0.794
0.941
0.804
0.71
0.388
0.401
0.354
0.342
0.363
1.434
0.802
0.771
2.092
1.762
1.916
0.694
0.977
2.84
2.267
0.902
0.979
2.26
2.125
1.983
1.454
0.941
0.588
0.468
0.473
0.483
0.433
0.467
0.536
1.68
1.41
2.328
1.315
1.111
2.556
3.327
3.411
1.303
1.076
3.666
4.608
4.532
1.858
0.611
0.484
0.575
0.526
0.497
0.498
0.486
0.417
0.454
0.468
1.598
1.106
2.328
1.315
1.591
3.143
3.307
3.411
1.767
1.522
2.426
3.518
4.682
1.858
0.611
0.529
0.577
0.504
0.615
0.346
0.323
0.354
0.316
0.339
1.426
0.782
0.549
1.152
1.243
1.056
0.898
1.886
1.345
1.05
1.101
1.306
1.418
2.133
1.918
1.455
1.355
0.535
0.534
0.358
0.348
0.359
0.326
0.354
0.363
0.35
1.13
2.092
2.004
1.056
0.96
2.114
0.807
1.05
1.247
1.285
1.869
3.685
1.51
2.557
1.924
0.541
0.437
0.355
0.344
0.356
0.337
0.354
0.353
0.793
1.727
2.481
2.004
0.678
0.886
3.769
1.208
0.717
0.785
1.258
1.702
3.125
1.125
1.896
1.499
0.533
0.398
0.373
0.361
0.373
0.356
0.388
0.477
0.894
1.128
1.905
1.856
0.624
0.926
3.792
1.208
0.717
0.788
1.258
1.306
1.662
2.59
2.877
1.78
0.571
0.373
0.331
0.334
0.334
0.335
0.347
0.586
0.947
1.383
2.252
2.396
0.682
1.015
3.792
1.241
1.115
0.75
1.475
1.345
1.68
2.643
2.911
1.83
0.67
0.44
0.455
0.46
0.366
0.381
0.414
2.791
2.127
4.112
2.23
1.898
3.43
2.927
2.023
1.406
1.508
2.435
2.752
3.127
1.779
0.642
1.23
0.598
0.504
0.44
0.454
0.46
0.362
0.388
0.395
1.535
1.809
3.677
2.169
2.361
3.145
2.227
1.356
0.937
1.252
2.435
1.77
3.127
2.317
0.846
1.245
0.573
0.54
0.373
0.331
0.334
0.334
0.335
0.347
0.487
0.635
1.369
2.231
2.107
0.552
1.054
2.938
0.914
1.058
0.956
1.475
1.345
1.771
1.507
1.893
1.448
0.67
0.373
0.331
0.334
0.334
0.335
0.347
0.487
0.635
1.369
2.231
2.107
0.62
0.682
1.312
0.976
1.349
0.956
1.043
1.261
1.722
1.701
1.767
0.908
0.735
0.415
0.39
0.346
0.352
0.349
0.355
0.497
0.644
1.369
1.471
1.161
0.589
0.673
2.816
1.023
0.931
0.86
2.229
1.3
1.722
1.424
0.63
0.594
0.727
0.411
0.399
0.355
0.361
0.348
0.353
0.51
0.52
0.786
0.966
0.727
0.638
0.656
1.377
0.743
1.007
0.868
2.008
1.384
1.722
1.413
1.606
0.847
0.941
0.485
0.478
0.401
0.457
0.368
0.402
0.554
0.562
0.79
0.921
0.669
0.678
0.719
2.368
1.223
1.426
1.273
2.633
1.586
1.804
0.859
0.649
0.601
0.67
0.527
0.503
0.467
0.375
0.396
0.404
0.498
0.727
2.282
2.447
2.497
1.702
2.476
1.096
0.984
1.291
2.435
1.756
2.99
2.387
0.928
1.245
0.529
0.54
0.584
0.503
0.403
0.32
0.349
0.355
0.355
0.674
2.215
2.392
3.58
2.935
1.934
1.902
1.453
1.448
1.221
0.913
2.366
1.565
0.917
1.713
0.499
0.601
0.554
0.495
0.42
0.45
0.388
0.593
0.792
0.557
0.623
0.561
0.568
0.638
0.958
2.333
1.21
1.007
1.161
2.319
1.653
2.074
1.18
0.669
0.587
0.558
0.76
0.671
0.526
0.707
0.388
0.785
1.087
0.537
0.664
0.581
0.556
0.596
0.888
1.744
1.241
0.956
0.982
1.21
1.027
1.622
0.839
0.506
0.539
0.549
0.811
0.671
0.526
0.721
0.388
0.785
1.089
0.609
2.48
1.087
0.666
0.635
0.859
1.768
0.793
0.658
0.526
1.148
2.326
2.228
0.608
1.465
0.756
0.766
0.922
0.57
0.511
0.711
0.371
0.754
1.075
0.597
0.665
0.49
0.621
0.696
1.266
1.768
0.855
0.658
0.504
0.494
1.027
1.401
0.567
1.479
1.396
0.879
0.964
0.604
0.554
0.75
0.404
0.777
1.09
0.616
0.676
1.2
1.108
0.778
1.676
1.407
0.805
0.404
0.483
0.75
2.24
1.961
0.567
0.547
1.171
0.566
0.535
0.451
0.36
0.312
0.349
0.344
0.451
1.713
2.783
3.145
4.605
3.848
1.68
1.272
2.371
1.27
1.219
1.836
2.619
2.076
1.182
1.851
0.743
0.754
0.568
0.401
0.388
0.307
0.344
0.354
0.45
1.433
1.105
2.168
4.071
3.516
1.85
2.232
2.555
0.778
1.806
3.808
2.74
1.817
0.917
1.188
0.467
0.727
0.76
0.411
0.416
0.485
0.382
0.542
0.709
0.51
0.755
1.158
2.466
1.172
1.326
0.362
0.686
0.35
0.389
0.707
2.183
1.527
0.545
0.545
1.171
0.593
0.746
0.462
0.422
0.497
0.372
0.355
0.385
0.438
0.636
1.149
3.582
2.129
1.044
0.405
0.735
0.407
0.483
1.005
2.283
1.185
0.492
0.458
1.149
0.593
0.635
0.376
0.382
0.398
0.35
0.328
0.372
0.35
0.554
1.162
3.599
2.129
1.057
1.45
0.824
0.415
0.462
0.973
2.25
1.53
0.492
0.774
2.359
0.611
0.772
0.467
0.428
0.469
0.38
0.361
0.391
0.35
0.384
0.538
3.056
2.049
1.119
2.484
1.833
0.36
0.449
1.039
0.923
0.958
0.46
0.774
2.359
0.611
0.594
0.493
0.441
0.485
0.396
0.392
0.391
0.382
0.554
1.334
3.038
1.936
0.736
1.955
2.017
0.733
1.498
1.373
1.074
1.486
0.769
1.235
2.046
0.546
0.575
0.397
0.379
0.306
0.361
0.346
0.343
0.336
0.502
2.188
4.385
3.607
1.499
2.043
2.879
0.81
2.027
3.989
3.615
3.088
1.035
1.124
0.539
0.551
0.575
0.469
0.401
0.306
0.374
0.365
0.362
1.484
1.131
2.946
4.021
2.768
1.683
2.482
2.901
0.953
1.373
3.513
3.391
3.088
1.111
1.203
0.624
0.596
0.539
0.475
0.435
0.458
0.41
0.401
0.475
0.467
1.194
0.994
2.907
2.083
0.736
2.265
2.567
1.163
1.751
1.956
1.074
1.042
1.015
1.408
2.134
0.667
0.662
0.466
0.444
0.378
0.722
0.617
0.992
0.59
1.118
1.068
1.772
1.183
0.979
2.296
2.567
1.184
1.873
1.828
0.954
1.256
1.143
1.447
2.236
0.817
0.792
0.475
0.432
0.38
0.712
0.608
0.985
2.157
2.548
1.343
0.867
0.562
0.846
2.418
2.559
1.012
0.897
1.499
0.824
1.801
1.469
1.899
2.483
1.035
0.893
0.623
0.436
0.38
0.718
0.608
0.993
2.875
2.923
1.307
2.003
0.983
1.409
2.181
1.832
1.055
0.962
2.648
1.525
2.034
2.046
1.896
1.406
1.141
0.884
0.475
0.416
0.374
0.413
0.412
0.891
2.934
4.292
2.03
2.153
1.188
1.658
1.455
1.681
1.46
1.014
2.704
1.59
3.573
2.99
1.896
1.406
1.141
0.54
0.467
0.423
0.284
0.351
0.341
0.479
1.573
1.168
1.959
3.021
2.768
1.296
2.529
3.181
1.504
1.656
3.72
3.671
3.049
1.012
1.203
0.9
0.802
0.574
0.467
0.423
0.305
0.341
0.352
0.479
1.574
1.523
3.727
2.331
2.768
2.776
2.126
2.063
0.887
2.135
5.581
4.561
4.046
1.742
1.203
1.242
1.04
1.045
0.619
0.415
0.387
0.402
0.393
1.049
3.395
3.053
1.855
2.16
1.698
2.204
1.737
1.928
1.506
1.014
2.035
2.328
3.13
2.833
2.753
1.791
1.326
1.045
0.711
0.415
0.388
0.461
0.625
0.67
1.962
2.578
1.472
1.049
1.193
2.056
1.502
1.384
1.145
0.863
1.22
1.733
3.085
2.648
2.592
2.039
1.326
1.035
0.842
0.464
0.529
0.42
0.384
0.53
1.962
2.578
2.015
2.16
1.45
1.564
1.516
1.415
1.148
0.823
1.156
1.72
2.909
2.532
3.014
2.039
1.322
0.952
0.827
0.533
0.594
0.476
0.445
0.579
1.898
1.242
2.0
3.022
1.955
2.169
1.405
1.384
0.98
1.209
1.289
2.358
1.348
1.535
2.665
1.75
1.211
0.899
0.695
0.536
0.608
0.482
0.457
0.586
1.248
0.876
1.988
1.886
1.613
2.735
0.819
1.227
1.014
1.25
0.856
1.521
0.855
0.802
2.416
1.62
1.208
0.67
0.458
0.453
0.337
0.341
0.388
0.381
0.439
1.117
3.359
2.331
2.986
3.406
2.794
1.838
1.712
2.28
4.095
4.561
3.616
1.555
1.101
1.09
0.996
0.731
0.488
0.433
0.38
0.351
0.388
0.416
0.452
2.338
4.678
2.331
2.986
1.993
1.821
1.377
2.258
2.057
2.675
3.723
3.029
1.583
1.112
1.115
1.017
0.826
0.743
0.54
0.608
0.5
0.451
0.586
1.108
0.876
1.988
2.344
1.513
2.513
1.341
1.007
1.177
1.435
1.268
1.426
0.783
0.677
1.24
0.992
0.943
0.826
0.743
0.613
0.774
0.5
0.479
0.458
0.561
0.684
1.384
2.344
2.272
2.343
1.087
1.007
0.642
0.891
0.819
0.903
0.824
0.785
1.195
0.736
0.943
0.776
0.657
0.551
0.625
0.452
0.448
0.423
1.09
1.068
1.439
2.388
2.272
2.296
1.61
1.204
1.154
1.152
1.672
1.601
1.149
0.768
1.611
0.736
0.978
0.945
0.552
0.499
0.504
0.411
0.461
0.417
1.09
1.071
0.831
1.375
3.532
3.05
1.815
1.508
1.427
1.607
2.15
1.567
1.172
0.792
1.238
0.736
1.277
1.186
0.632
0.488
0.445
0.411
0.438
0.408
0.454
0.957
0.527
1.303
3.984
2.524
1.815
1.508
1.424
1.319
2.383
0.879
1.118
0.878
1.507
0.722
1.293
0.731
0.523
0.433
0.407
0.365
0.405
0.433
0.471
3.857
3.641
1.913
2.728
1.993
2.941
1.049
2.635
2.555
2.675
3.256
2.785
2.595
1.618
2.091
1.12
0.731
0.608
0.459
0.401
0.355
0.376
0.422
0.379
2.508
4.652
2.085
2.74
1.655
2.635
0.953
3.277
2.555
2.774
2.442
2.444
1.94
1.584
2.135
1.17
1.155
0.659
0.481
0.447
0.417
0.439
0.413
0.449
0.957
0.522
1.877
5.136
1.65
1.796
1.399
2.483
1.66
4.036
1.974
1.357
1.037
1.575
0.716
1.23
1.36
0.608
0.465
0.447
0.405
0.433
0.412
0.441
0.415
0.407
2.024
5.675
1.718
1.354
1.278
2.592
1.619
2.383
1.956
1.369
1.038
1.53
0.663
1.23
1.135
0.608
0.415
0.418
0.396
0.406
0.399
0.526
0.437
0.415
2.886
5.191
0.937
1.142
1.14
2.592
2.781
4.015
2.944
1.369
1.173
1.664
0.788
1.627
1.398
0.74
0.455
0.418
0.412
0.406
0.408
0.452
0.437
0.415
3.051
5.191
0.937
0.942
0.762
1.514
2.55
3.211
1.779
1.029
1.425
1.621
0.788
1.138
1.245
0.868
0.538
0.436
0.449
0.431
0.452
0.554
1.261
0.771
3.051
3.668
0.912
0.842
0.651
2.39
2.818
3.155
2.088
1.336
1.488
1.616
0.749
0.734
0.797
0.594
0.457
0.449
0.429
0.415
0.422
0.379
2.527
4.652
2.067
2.772
1.574
2.51
0.666
2.604
2.493
2.685
2.109
2.444
1.94
2.367
3.193
2.087
0.812
0.551
0.552
0.476
0.472
0.458
0.466
0.421
2.238
3.146
1.529
1.743
0.972
2.395
0.728
2.604
1.892
2.116
1.849
1.456
0.755
1.533
1.909
0.951
1.011
0.747
0.487
0.438
0.44
0.449
0.459
0.54
1.404
0.867
2.607
2.451
0.912
0.884
0.728
2.403
2.708
2.81
2.069
1.381
1.189
1.234
0.722
0.7
0.95
0.772
0.477
0.417
0.43
0.488
0.462
0.658
1.414
0.936
1.892
1.237
0.832
0.859
0.636
1.279
1.414
1.196
0.944
0.995
0.939
1.17
0.762
0.679
0.658
0.801
0.51
0.456
0.467
0.526
0.518
0.693
1.414
0.968
0.916
0.555
0.716
0.784
0.521
0.63
1.278
1.169
0.927
0.994
0.939
1.096
0.814
0.7
0.636
0.709
0.564
0.483
0.483
0.565
0.518
0.596
1.384
1.015
0.644
0.481
0.709
0.723
0.485
0.579
0.577
0.684
0.566
0.994
0.797
0.62
0.619
0.7
0.537
0.612
0.519
0.486
0.488
0.561
0.518
0.599
0.588
0.793
0.538
0.481
0.645
0.744
0.481
0.907
0.766
1.169
0.566
1.098
0.674
0.524
0.619
0.648
0.812
0.655
0.509
0.476
0.472
0.472
0.497
0.507
2.121
2.875
0.962
1.293
0.678
1.263
0.728
1.826
1.392
1.753
1.434
1.424
0.706
1.486
1.878
0.827
0.88
0.781
0.613
0.51
0.525
0.509
0.629
0.582
0.658
1.599
0.926
1.435
0.678
1.525
0.931
2.6
1.638
1.753
1.694
2.009
0.742
1.486
1.805
0.833
0.522
0.612
0.492
0.465
0.456
0.522
0.475
0.481
0.516
0.729
0.561
0.424
0.534
0.658
0.514
0.907
0.766
1.17
0.566
0.943
0.635
0.596
0.671
0.668
0.558
0.675
0.545
0.489
0.481
0.561
0.554
0.594
0.516
0.747
0.561
0.433
0.534
0.658
0.514
1.083
0.717
1.16
0.575
0.885
0.607
0.66
0.711
0.655
0.595
0.656
0.565
0.521
0.524
0.564
0.574
0.515
0.545
0.719
0.868
0.653
0.861
0.823
0.675
1.078
0.958
1.794
0.9
1.244
0.675
0.611
0.659
0.624
0.568
0.656
0.565
0.513
0.515
0.56
0.512
0.494
0.601
0.745
0.892
0.691
0.868
0.913
0.675
1.14
0.844
1.801
1.59
1.749
0.885
0.902
0.854
0.556
0.533
0.628
0.519
0.507
0.489
0.731
0.783
0.873
0.721
0.886
1.261
0.888
0.993
1.335
0.876
1.455
0.908
3.152
2.306
2.782
1.27
1.311
1.016
0.556
0.88
0.781
0.613
0.513
0.519
0.525
0.621
0.593
0.658
1.344
1.382
2.73
1.384
1.282
1.175
2.381
0.9
1.44
1.136
1.782
0.742
1.486
0.997
0.908
2.251
0.841
1.016
0.73
0.718
0.525
0.621
0.593
0.658
1.344
1.056
2.398
1.896
1.567
1.584
2.348
0.96
1.418
1.288
1.397
1.138
2.269
1.551
2.013
0.73
0.794
0.738
0.784
0.65
1.118
0.96
1.061
0.92
0.984
1.458
1.237
1.178
1.574
1.309
1.355
1.032
3.107
2.306
2.735
1.289
1.311
0.833
0.536
0.716
0.718
0.744
0.775
0.659
1.118
0.96
1.061
0.887
1.476
2.54
1.265
1.154
1.614
1.277
1.04
0.726
1.863
1.77
2.611
1.322
1.36
0.867
0.572
0.53
0.516
0.529
0.495
0.496
0.927
0.726
0.715
0.77
1.089
2.338
1.109
0.904
1.305
0.911
0.849
0.741
1.892
1.764
3.122
1.395
0.986
0.905
0.691
0.523
0.498
0.477
0.444
0.444
0.884
0.682
0.675
0.73
2.151
2.338
1.109
0.904
1.336
1.18
1.15
0.659
1.22
1.428
2.786
1.6
1.057
0.905
0.767
0.625
0.533
0.489
0.451
0.456
0.943
0.737
1.119
1.061
2.36
2.338
1.109
0.9
1.301
1.16
1.257
0.754
1.202
0.969
1.202
1.156
0.787
0.752
0.789
2.635
2.417
1.458
0.752
0.721
0.518
0.608
0.58
0.653
1.142
1.081
3.841
2.653
2.345
1.719
2.491
0.953
1.385
1.031
1.384
1.302
2.783
1.097
1.077
2.584
2.395
1.36
0.728
0.7
0.472
0.465
0.487
0.679
2.329
1.094
3.844
2.604
1.937
1.719
2.491
0.894
1.33
1.073
1.486
1.322
2.754
1.064
1.018
0.651
0.555
0.639
0.508
0.483
0.546
0.546
0.677
1.567
3.334
3.037
1.225
0.748
1.301
0.953
1.312
1.015
1.202
0.969
1.202
1.051
0.787
0.671
0.714
0.555
0.554
0.491
0.451
0.444
0.455
0.456
0.449
1.193
3.277
3.01
1.57
0.535
0.983
0.59
1.049
0.795
0.889
0.995
1.214
1.051
0.78
0.619
0.758
0.596
0.571
0.533
0.499
0.475
0.491
0.491
0.524
2.388
3.55
2.222
2.245
0.85
1.263
0.851
1.049
0.864
0.787
0.86
1.14
1.336
1.285
0.647
0.707
0.655
0.591
0.644
0.502
0.467
0.444
0.455
0.53
2.452
3.521
2.447
2.393
0.879
1.204
1.722
1.455
0.864
0.714
0.861
0.628
1.671
1.674
0.711
0.707
0.727
0.651
0.806
0.511
0.467
0.442
0.455
0.756
3.411
2.967
1.656
1.68
0.615
0.837
0.835
1.062
0.726
0.74
1.308
0.724
1.297
1.598
0.753
0.705
2.541
2.301
1.332
0.702
0.676
0.451
0.449
0.441
0.616
2.499
2.7
4.744
2.983
2.328
1.74
2.974
1.113
1.09
1.806
1.525
1.766
2.891
1.232
1.047
1.071
0.712
0.914
0.471
0.453
0.402
0.403
0.401
0.566
2.488
4.052
4.066
2.473
2.097
1.51
2.284
0.852
0.929
1.189
1.008
2.14
4.288
1.387
1.251
0.67
0.681
0.874
0.537
0.472
0.442
0.455
0.572
2.278
2.663
1.656
1.872
1.42
1.317
1.136
1.465
0.871
1.132
1.631
0.856
1.766
1.834
0.961
0.964
0.746
0.703
0.799
0.536
0.486
0.476
0.485
0.672
2.729
1.392
1.358
1.712
1.366
0.911
1.24
1.116
0.676
1.132
1.835
0.856
1.494
1.237
0.963
1.024
0.746
0.695
0.799
0.536
0.484
0.485
0.557
0.856
3.305
1.32
1.236
1.022
1.461
0.946
1.264
1.13
0.609
1.428
1.786
0.84
1.491
1.237
0.963
0.986
0.72
0.692
0.755
0.494
0.439
0.438
0.513
0.813
2.172
1.32
1.236
1.022
0.997
0.946
1.747
1.815
0.539
1.393
1.755
0.896
1.199
0.879
0.94
1.046
0.775
0.696
0.747
0.544
0.55
0.506
0.577
0.862
2.186
1.365
1.011
0.891
0.907
1.009
1.132
1.143
0.774
1.446
1.981
0.92
0.799
0.723
0.747
0.806
1.071
0.698
1.004
0.49
0.482
0.413
0.417
0.411
0.53
2.042
2.419
4.251
2.301
1.932
1.208
2.066
0.904
0.955
1.248
0.773
1.696
3.504
1.53
1.482
0.714
0.538
0.524
0.426
0.42
0.412
0.417
0.41
0.695
2.162
2.792
4.452
2.181
1.48
1.158
2.066
0.904
0.955
1.609
0.773
1.525
2.5
1.16
1.116
0.67
0.631
0.639
0.577
0.592
0.551
1.46
1.707
1.55
0.853
0.789
1.02
0.952
1.038
1.132
1.181
0.836
1.424
1.514
0.862
0.822
0.797
0.9
0.766
0.633
0.656
0.543
0.485
0.448
0.486
1.401
1.666
1.662
1.882
1.482
1.189
0.952
1.084
1.167
1.009
1.029
1.296
1.439
0.922
0.822
0.75
0.733
0.645
0.611
0.615
0.466
0.426
0.406
0.419
1.328
1.536
1.016
2.412
2.555
1.206
1.236
1.144
1.049
0.953
1.061
0.895
0.87
0.73
0.767
0.717
0.727
0.581
0.641
0.595
0.495
0.446
0.427
0.43
0.461
0.486
0.693
2.36
2.555
1.206
1.17
1.144
0.986
1.39
1.51
0.895
0.945
1.403
0.954
0.837
0.752
0.595
0.637
0.603
0.487
0.427
0.427
0.43
0.552
0.599
1.036
1.29
1.391
0.856
0.859
0.643
0.604
0.953
1.858
0.915
1.514
2.174
1.372
0.854
0.853
0.595
0.613
0.487
0.457
0.426
0.421
0.42
0.431
0.466
1.938
3.16
2.791
2.716
1.624
1.042
1.22
2.502
0.988
0.919
1.609
0.816
1.371
2.526
1.323
0.926
0.68
0.487
0.568
0.474
0.473
0.522
0.523
0.919
2.212
1.848
3.033
2.687
1.676
1.03
1.981
2.728
0.956
0.888
1.637
0.653
1.341
2.512
1.323
0.926
0.637
0.614
0.487
0.427
0.427
0.43
0.686
0.609
0.949
1.184
1.332
0.771
1.332
0.897
0.699
0.944
1.467
0.867
1.297
3.343
1.882
0.961
1.221
0.748
0.644
0.629
0.47
0.51
0.537
0.497
0.566
0.609
0.7
1.195
1.347
0.896
1.428
0.887
0.725
0.877
1.939
1.796
2.56
3.452
1.914
0.871
0.832
0.737
0.645
0.549
0.508
0.554
0.584
0.547
0.617
0.656
0.563
0.501
0.746
0.742
1.035
0.729
0.628
0.496
2.0
1.611
2.784
2.451
1.503
0.898
1.285
0.821
0.629
0.548
0.508
0.596
0.605
0.546
0.617
0.656
0.981
0.501
0.746
0.853
0.742
0.98
0.641
0.495
1.976
3.143
4.47
3.093
1.788
1.218
1.285
0.876
0.608
0.521
0.482
0.578
0.585
0.527
0.599
0.636
0.981
1.987
1.157
1.121
1.127
1.041
0.652
0.495
1.943
2.468
5.034
2.711
1.712
1.126
1.24
0.876
0.73
0.511
0.585
0.49
0.947
0.771
0.755
1.157
2.456
1.876
2.003
1.795
1.371
0.642
1.29
2.194
0.656
0.853
0.883
0.551
1.341
2.363
1.104
0.911
0.705
0.589
0.649
0.543
1.012
0.858
1.317
1.968
2.93
2.229
1.323
1.064
1.669
0.784
1.46
1.935
0.866
0.47
0.79
1.138
1.459
0.913
0.93
0.662
0.59
0.558
0.518
0.642
0.626
0.546
0.525
0.544
0.563
1.975
1.157
1.108
1.118
1.041
0.836
0.711
2.081
4.086
4.447
2.252
1.114
0.984
1.055
0.751
0.512
0.495
0.487
0.586
0.5
0.457
0.461
0.459
0.552
1.975
1.212
1.207
0.923
0.809
0.775
0.801
2.081
4.086
5.006
2.252
1.014
0.92
1.106
0.751
0.498
0.445
0.458
0.518
0.454
0.408
0.41
0.412
0.519
2.045
2.485
1.381
1.112
0.975
0.93
1.03
1.738
2.889
3.952
2.358
1.173
0.905
1.082
0.72
0.471
0.415
0.43
0.493
0.43
0.408
0.41
0.41
0.494
2.015
2.317
1.263
1.372
1.231
1.295
1.2
1.491
3.223
3.71
2.358
1.081
0.866
0.53
0.628
0.471
0.453
0.464
0.487
0.451
0.428
0.433
0.432
0.494
0.979
2.282
1.678
1.41
1.054
1.64
1.355
1.457
1.666
2.567
1.606
0.849
0.617
1.281
1.022
0.702
0.589
0.56
0.522
0.979
0.78
1.253
1.903
2.93
2.614
1.965
1.035
1.135
1.065
1.616
2.228
1.164
0.456
0.757
1.116
1.459
0.88
0.513
0.561
0.851
0.574
0.583
0.548
1.006
0.802
1.274
1.929
1.96
2.614
1.528
0.972
0.846
1.065
1.574
1.477
0.81
0.442
0.654
0.53
1.174
0.584
0.504
0.582
0.521
0.478
0.505
0.528
0.491
0.47
0.478
0.476
0.518
0.979
1.275
1.855
1.367
1.377
2.188
1.224
0.963
1.384
1.891
1.321
1.119
0.889
2.134
1.295
0.666
0.478
0.505
0.509
0.494
0.492
0.505
0.558
0.905
2.591
2.46
2.26
1.593
1.671
1.94
1.473
0.963
0.889
1.127
0.937
1.615
0.98
2.155
1.336
0.813
0.502
0.503
0.505
0.511
0.515
0.526
0.58
0.927
4.213
2.966
2.449
1.882
1.671
1.94
1.454
0.963
0.885
0.603
0.937
2.512
1.289
1.691
1.042
0.813
0.525
0.525
0.525
0.532
0.531
0.541
0.596
1.011
5.824
2.361
1.831
1.443
1.475
1.703
1.247
0.859
0.417
0.603
2.253
2.617
1.515
1.691
1.042
1.092
0.552
0.529
0.527
0.536
0.537
0.549
0.596
2.062
7.179
2.845
2.153
1.293
1.073
1.072
0.991
0.587
0.417
1.339
2.438
2.798
1.67
1.692
1.041
0.851
0.577
0.581
0.543
1.003
1.297
1.954
1.73
1.668
1.895
1.521
0.97
1.725
1.374
1.549
1.42
0.686
0.442
0.628
0.547
1.148
0.525
0.464
0.606
0.6
0.539
0.528
0.531
0.543
1.062
2.035
2.857
1.732
1.895
1.18
0.947
1.75
1.438
1.549
1.531
1.011
0.486
0.693
0.674
1.133
0.525
0.477
0.732
1.064
0.559
0.529
0.534
0.539
0.538
0.548
0.538
1.011
7.179
2.825
2.153
1.264
0.795
0.693
0.552
0.554
0.417
1.32
2.441
2.798
1.906
0.988
0.805
0.794
0.558
0.525
0.534
0.535
0.537
0.546
0.598
2.061
5.769
2.552
1.589
1.232
0.724
0.693
1.006
0.58
0.468
2.947
4.141
1.92
1.715
0.988
0.805
0.732
0.578
0.525
0.532
0.533
0.538
0.548
0.539
1.698
4.204
2.552
1.471
1.225
0.724
0.732
0.682
0.476
0.573
2.947
4.141
1.452
1.715
1.564
1.082
0.819
0.654
0.526
0.534
0.533
0.538
0.547
0.589
1.731
3.942
2.462
1.527
1.225
1.107
1.012
0.811
0.615
0.565
2.881
2.488
1.088
1.367
1.206
0.922
1.098
0.66
0.521
0.565
0.557
0.538
0.547
0.589
1.704
2.72
3.584
1.515
1.225
1.224
1.012
0.857
0.495
0.601
2.168
0.838
0.798
1.152
1.214
0.924
0.57
0.531
0.583
0.534
0.536
0.567
1.811
2.652
1.933
2.948
1.001
1.226
1.987
1.799
1.84
1.531
1.022
0.5
0.595
0.669
0.807
0.508
0.463
0.775
0.811
0.531
0.568
0.534
0.536
0.538
1.132
1.119
1.43
2.623
2.002
1.598
1.339
2.117
2.176
1.813
1.24
0.968
1.162
0.669
0.807
0.552
0.507
0.804
1.273
0.595
0.529
1.066
0.979
0.541
0.547
1.003
1.092
1.623
3.094
1.273
1.079
1.374
0.952
0.857
0.582
0.557
0.522
0.589
0.547
1.035
2.732
1.571
1.304
0.616
0.542
0.602
0.57
0.579
0.548
1.498
1.28
1.937
4.356
1.162
1.101
1.374
0.942
0.85
0.582
0.66
0.486
0.652
0.631
0.673
2.764
1.565
1.304
0.616
0.547
0.602
0.57
0.572
0.917
1.498
1.026
2.28
4.356
1.463
1.05
1.238
0.777
0.656
0.512
0.623
0.486
0.652
0.631
0.673
2.332
1.454
1.238
0.602
0.539
0.59
0.596
0.989
1.24
1.904
1.091
3.247
2.885
1.223
0.798
0.841
0.5
0.53
0.482
0.541
0.5
0.737
0.834
0.838
0.996
1.306
1.262
0.602
0.517
0.623
0.893
0.987
1.242
1.854
1.091
2.28
3.619
1.108
0.546
0.726
0.445
0.452
0.482
0.643
0.724
0.86
0.914
0.837
0.998
1.292
1.093
0.532
0.613
0.58
0.544
0.538
1.132
1.119
1.546
3.671
1.985
1.432
1.703
1.935
2.17
1.628
0.803
1.028
1.119
0.652
0.819
0.61
0.57
0.807
1.079
0.55
0.611
0.577
0.544
0.538
1.13
1.115
1.291
3.857
2.382
1.385
1.816
2.055
2.748
2.203
1.461
1.968
2.014
1.18
1.314
0.898
0.647
1.504
1.001
0.601
0.551
0.597
0.865
0.981
1.242
1.951
1.453
1.971
2.317
1.453
0.798
0.649
0.558
0.452
0.667
0.723
0.741
1.114
1.939
1.209
1.505
1.007
0.742
0.554
0.513
0.567
0.547
0.538
1.229
1.544
2.682
2.383
2.245
1.324
0.75
0.48
0.53
0.49
0.618
0.712
1.006
1.114
1.939
1.215
1.505
1.49
0.848
0.497
0.445
0.502
0.508
0.457
0.818
1.005
2.492
2.898
2.13
1.299
0.764
0.519
1.253
0.917
0.897
0.93
1.058
1.011
3.172
1.861
1.859
1.403
0.805
0.495
0.4
0.493
0.472
0.441
0.449
1.005
2.747
2.868
2.11
1.129
0.803
0.519
1.178
0.869
0.886
1.219
0.829
0.749
2.91
1.71
1.66
0.986
0.835
0.468
0.444
0.504
0.447
0.44
0.418
0.554
3.64
2.868
2.374
1.533
0.964
0.806
1.633
1.286
1.29
1.306
0.903
0.758
1.914
1.517
2.311
0.711
1.144
0.548
0.647
0.598
0.545
0.538
0.533
0.576
1.113
3.631
2.378
2.321
1.816
1.753
2.553
1.955
1.504
1.968
3.378
1.664
1.482
0.898
0.778
0.609
1.145
0.541
0.644
0.595
0.544
0.54
0.533
0.576
1.113
3.864
3.118
2.321
1.816
1.735
1.64
1.214
1.869
2.144
2.672
1.75
1.482
0.846
0.778
1.668
0.622
0.461
0.461
0.5
0.445
0.438
0.418
2.101
4.172
2.868
1.602
1.438
1.481
0.79
1.567
1.314
0.91
0.972
0.959
0.823
2.035
2.008
2.326
2.656
0.622
0.461
0.461
0.506
0.47
0.452
0.43
2.253
2.567
3.035
1.602
1.033
1.58
0.744
1.021
0.87
1.104
1.211
2.208
0.799
2.091
2.148
2.095
2.656
1.053
0.618
0.468
0.49
0.449
0.476
0.461
2.596
2.567
2.561
1.352
1.032
1.58
0.76
1.056
0.796
1.088
1.211
1.989
1.219
3.469
3.168
1.444
1.474
0.879
0.614
0.515
0.492
0.451
0.567
0.645
4.124
3.156
2.166
1.255
1.234
2.183
1.063
0.684
0.796
1.834
2.641
2.414
1.409
2.613
2.381
1.083
1.301
0.955
0.653
0.542
0.545
0.538
0.587
0.672
2.577
2.779
1.83
1.392
1.924
1.908
0.894
0.671
0.794
1.834
2.347
2.729
1.409
2.613
2.381
1.083
0.609
1.347
0.667
0.644
0.639
0.581
0.552
0.532
0.856
1.22
2.33
2.928
2.277
2.107
1.798
1.859
1.654
2.059
2.385
3.181
1.749
1.24
0.81
2.547
0.535
1.12
0.546
0.625
0.631
0.543
0.553
0.578
1.675
1.664
2.487
2.864
1.78
2.107
1.274
1.291
1.114
1.453
2.01
2.879
1.198
0.766
0.476
2.557
1.23
1.091
0.976
0.807
0.518
0.5
0.594
0.915
3.568
2.037
1.304
1.094
1.575
2.04
0.994
0.671
0.809
1.847
3.088
2.898
1.63
2.576
2.138
1.048
0.535
1.095
1.006
0.84
0.512
0.501
0.599
0.916
2.179
2.247
1.672
1.021
1.66
1.421
1.05
0.671
0.769
1.841
3.045
1.661
1.762
2.477
1.625
1.036
0.535
0.74
0.696
0.571
0.496
0.494
0.599
0.916
2.236
2.628
1.548
1.307
1.66
1.066
1.072
0.489
1.161
0.811
1.295
1.661
2.153
1.575
1.136
0.772
0.537
0.577
0.575
0.571
0.472
0.537
0.599
1.901
3.062
2.115
1.9
1.422
1.645
1.066
1.072
0.472
1.176
0.778
1.397
1.661
1.56
1.012
1.136
0.836
0.509
0.592
0.575
0.563
0.472
0.619
1.951
2.027
2.385
1.564
1.386
1.188
0.944
0.801
0.68
0.703
1.367
0.778
0.917
1.165
1.999
1.012
1.035
0.919
0.554
0.918
0.583
0.594
0.633
0.558
0.559
0.596
1.76
3.254
2.136
2.496
2.129
1.672
1.184
1.377
2.078
1.37
2.758
4.254
1.727
1.231
0.74
2.557
0.574
0.712
0.549
0.594
0.633
0.558
0.559
0.596
2.483
4.419
1.396
2.027
2.03
1.695
0.691
0.745
2.033
1.146
1.891
3.307
2.143
1.402
0.742
2.487
0.472
0.524
0.55
0.554
0.431
0.537
1.937
2.027
2.385
2.205
1.475
0.901
0.729
0.853
1.028
0.924
1.593
1.068
0.833
0.81
2.729
2.22
1.126
0.874
0.51
0.524
0.52
0.54
0.456
0.57
1.954
1.854
1.382
2.055
1.687
1.188
0.888
0.69
0.591
0.924
1.593
0.919
0.476
0.965
2.448
1.96
0.916
0.591
0.514
0.497
0.479
0.52
0.435
0.529
1.909
1.889
2.413
1.988
1.478
1.378
0.857
0.904
0.676
1.048
1.63
0.927
0.851
1.966
2.311
2.112
0.927
0.609
0.511
0.498
0.442
0.481
0.398
0.491
0.464
0.861
2.206
2.271
1.552
1.083
0.895
0.855
1.675
1.4
1.237
0.92
0.825
1.033
2.854
3.541
1.127
1.181
0.732
0.564
0.444
0.5
0.447
0.529
0.51
0.672
1.093
2.16
1.658
1.551
1.13
0.861
1.71
1.4
1.228
0.971
0.721
1.061
2.854
3.541
0.913
0.638
0.613
0.686
0.574
0.558
0.659
0.561
0.555
0.683
3.573
4.514
2.209
2.006
1.618
1.695
0.529
0.719
1.992
1.07
3.184
2.949
1.606
1.692
0.967
3.966
0.616
0.635
0.593
0.781
0.714
0.605
0.557
0.689
3.356
3.262
1.939
1.973
1.559
2.598
0.961
0.696
2.137
0.648
1.891
2.949
1.408
1.711
1.001
2.232
0.792
0.609
0.478
0.534
0.481
0.481
0.51
0.672
2.336
2.333
1.658
1.517
1.382
1.369
2.165
1.201
0.724
0.685
1.021
1.388
1.795
1.912
0.742
0.517
0.837
0.641
0.537
0.543
0.538
0.549
0.546
0.752
3.361
2.333
1.447
1.595
1.417
0.83
1.216
0.966
0.537
0.685
1.778
1.629
1.26
0.804
0.858
0.522
0.621
0.583
0.546
0.504
0.522
0.546
0.509
0.696
3.361
2.842
2.393
1.241
1.251
0.696
1.216
0.966
0.462
0.936
2.256
2.131
1.316
1.211
1.072
0.689
0.621
0.599
0.54
0.499
0.519
0.546
0.55
0.615
2.335
3.367
2.468
0.765
1.089
0.996
1.008
0.853
0.427
0.934
1.576
1.241
0.91
0.945
1.035
0.696
0.627
0.571
0.599
0.533
0.582
0.555
0.57
0.661
2.238
2.758
3.266
1.39
1.297
1.318
1.008
0.783
0.49
1.268
1.872
1.111
0.717
0.521
0.803
0.629
0.599
0.631
0.583
0.579
0.708
0.567
0.576
0.726
3.217
4.515
2.631
2.192
1.286
2.007
0.498
0.696
2.737
0.374
2.447
2.785
1.468
1.711
1.055
0.671
0.627
0.619
0.577
0.549
0.653
0.537
0.57
0.603
2.03
5.257
2.944
1.67
0.864
1.73
0.482
0.696
2.63
0.365
2.325
2.577
1.499
1.656
1.154
0.642
0.627
0.541
0.599
0.499
0.519
0.525
0.521
0.55
2.219
2.641
2.237
2.092
1.882
1.318
1.887
1.48
0.521
1.659
1.88
1.062
0.762
0.523
1.107
0.77
0.844
0.541
0.586
0.5
0.521
0.517
0.474
0.47
1.178
2.324
3.398
3.195
1.38
0.801
2.432
2.254
0.521
1.781
1.483
0.71
0.649
0.942
1.317
0.883
1.218
0.528
0.547
0.48
0.457
0.469
0.448
0.462
0.463
1.077
4.436
3.85
1.338
1.441
3.431
3.242
0.912
2.139
1.112
0.491
0.549
0.925
1.105
0.883
1.196
0.513
0.495
0.492
0.427
0.428
0.415
0.459
0.46
0.409
4.594
3.599
1.054
1.438
3.441
2.555
1.927
2.403
1.112
0.491
0.521
0.508
0.852
0.754
1.236
0.515
0.536
0.492
0.446
0.462
0.403
0.505
0.46
0.409
4.594
3.599
1.197
1.259
3.441
2.545
2.372
2.403
1.112
0.501
0.491
1.785
1.532
1.005
0.685
0.615
0.517
0.512
0.558
0.493
0.559
0.539
3.51
3.784
2.077
1.825
0.714
1.674
1.045
0.776
1.826
0.368
1.549
1.361
0.538
1.357
1.154
1.933
0.658
0.64
0.547
0.475
0.531
0.493
0.559
0.576
2.718
2.817
2.537
2.323
0.666
1.314
1.067
0.718
0.771
0.364
1.241
0.976
0.538
0.861
0.851
1.989
1.225
0.483
0.476
0.456
0.406
0.419
0.403
0.721
0.942
0.653
3.539
2.795
1.03
0.933
2.556
2.247
2.35
2.129
0.864
0.478
0.518
1.804
1.506
0.987
0.816
0.427
0.436
0.469
0.409
0.376
0.397
0.757
2.535
1.175
3.302
1.761
0.679
1.412
2.556
1.333
2.383
2.797
1.098
0.478
0.466
1.815
0.787
0.721
0.588
0.41
0.409
0.43
0.368
0.344
0.525
1.596
3.484
1.48
2.419
1.034
0.496
1.785
1.516
0.585
1.986
2.714
0.873
0.736
0.715
1.026
0.787
0.6
0.588
0.452
0.409
0.473
0.41
0.385
0.595
1.609
3.535
1.588
2.419
1.021
0.629
1.785
1.791
0.465
0.958
1.64
0.791
1.103
0.719
0.964
0.834
0.589
0.585
0.495
0.458
0.482
0.442
0.428
0.64
3.34
3.937
1.588
1.542
1.101
0.739
1.78
1.827
0.583
0.958
0.978
0.705
0.857
0.769
1.072
1.16
0.806
0.622
0.588
0.541
0.443
0.44
0.443
0.548
0.576
1.16
2.896
3.337
2.323
0.666
0.357
1.074
0.987
1.172
0.368
0.44
0.605
0.905
0.861
0.948
0.948
0.66
0.604
0.553
0.406
0.345
0.432
0.492
0.477
1.861
4.364
3.98
1.704
0.586
0.357
1.112
1.052
1.046
0.364
0.691
0.976
1.115
1.033
0.946
1.064
0.595
0.468
0.45
0.48
0.404
0.418
1.182
3.733
3.051
1.886
1.832
1.29
0.626
1.337
1.838
0.568
0.499
1.021
0.705
0.897
0.769
0.581
0.748
0.589
0.602
0.505
0.45
0.481
0.405
0.46
1.182
3.324
2.696
1.365
1.62
0.796
0.519
1.425
1.825
1.173
0.629
1.142
1.102
0.974
0.872
1.047
1.029
0.742
0.651
0.549
0.517
0.482
0.478
0.508
1.214
3.34
1.854
1.114
1.585
1.231
0.746
1.932
0.632
1.237
0.716
1.142
1.102
1.746
1.144
1.279
1.296
0.959
0.623
0.578
0.545
0.484
0.506
0.518
1.131
1.633
1.172
0.869
2.22
2.201
0.999
1.556
0.632
1.131
0.716
1.143
1.098
0.974
1.482
1.742
1.355
1.198
0.818
0.56
0.507
0.439
0.468
0.516
1.05
1.687
1.16
0.819
1.56
2.884
1.029
1.011
0.538
1.191
0.704
2.037
1.793
0.823
1.766
1.742
1.336
1.198
0.772
0.604
0.525
0.406
0.345
0.425
0.461
0.491
2.238
3.31
3.492
1.475
0.515
0.341
1.036
0.75
0.76
0.481
0.427
1.744
2.152
1.275
1.14
1.122
0.68
0.666
0.562
0.433
0.388
0.447
0.461
0.575
3.586
2.454
3.003
1.307
0.892
0.392
1.332
0.759
1.024
0.757
0.518
1.698
2.124
1.665
1.085
1.149
0.843
0.582
0.527
0.43
0.428
0.501
1.051
1.099
1.322
1.348
1.304
3.549
1.094
1.011
0.51
0.59
0.553
1.671
2.181
1.595
1.893
1.66
1.019
1.216
0.843
0.614
0.566
0.457
0.466
0.523
0.569
0.725
0.75
0.819
1.011
3.357
1.039
0.997
0.502
1.069
0.556
1.652
3.29
2.529
1.893
1.708
1.167
1.32
0.825
0.606
0.566
0.493
0.503
0.51
0.538
0.688
0.693
0.796
1.005
4.667
1.344
1.17
0.484
0.655
0.425
1.527
2.999
2.471
1.418
0.754
0.99
1.132
0.779
0.595
0.56
0.493
0.503
0.499
0.506
0.659
0.633
1.571
1.07
3.351
1.115
0.73
0.434
0.496
0.399
0.661
2.999
2.966
1.131
0.532
0.747
0.955
0.813
0.591
0.568
0.538
0.522
0.505
0.548
0.713
1.209
2.208
1.07
2.475
0.811
0.705
0.471
0.513
0.416
1.044
2.999
2.955
0.933
0.472
0.747
0.955
0.602
0.692
0.579
0.489
0.44
0.496
0.495
0.619
3.405
3.833
3.556
0.622
0.892
0.58
0.996
0.538
1.13
0.757
0.518
1.765
2.149
1.263
0.759
1.149
0.563
0.639
0.579
0.489
0.491
0.578
0.521
0.605
3.405
3.833
2.431
0.622
1.068
0.627
0.991
0.495
1.13
0.756
0.529
1.721
1.785
1.362
0.771
1.148
1.02
0.588
0.535
0.538
0.491
0.489
0.548
0.789
1.221
2.202
1.208
1.568
0.574
0.462
0.446
0.499
0.769
0.751
2.316
3.093
0.933
0.52
0.945
0.955
1.005
0.553
0.487
0.502
0.531
0.505
0.53
0.789
1.087
2.522
1.041
0.835
0.388
0.725
0.516
0.735
0.949
1.109
2.306
2.23
0.739
0.486
0.993
0.73
0.549
0.535
0.487
0.483
0.505
0.471
0.517
0.736
1.073
3.321
1.787
1.116
0.712
0.709
0.768
0.735
1.286
2.357
2.21
1.253
0.936
0.491
1.035
1.555
0.559
0.533
0.53
0.481
0.464
0.454
0.473
1.147
2.231
3.609
1.964
1.116
0.459
0.435
0.768
0.684
1.282
2.357
2.077
1.332
0.936
0.514
1.341
1.697
1.011
0.538
0.517
0.481
0.464
0.458
0.475
1.144
2.229
2.296
3.106
1.419
0.811
0.859
0.816
0.69
1.384
2.286
1.154
0.908
2.105
1.14
1.55
1.737
0.563
0.68
0.615
0.549
0.572
0.605
0.58
0.597
3.405
3.221
2.246
2.177
1.148
0.911
0.974
0.454
0.748
0.507
0.736
1.705
1.785
1.362
0.718
1.073
0.584
0.681
0.585
0.57
0.578
0.614
0.615
0.667
2.721
3.253
1.894
2.191
2.27
1.238
0.974
0.454
1.052
0.725
0.742
0.625
1.64
1.158
0.878
0.943
1.026
0.541
0.538
0.475
0.458
0.494
0.478
1.029
1.044
1.644
2.722
1.342
0.809
0.811
0.732
0.673
1.532
3.18
1.166
0.911
2.033
2.101
1.55
1.101
0.619
0.58
0.598
0.522
0.504
0.591
0.56
1.029
1.363
1.631
2.01
1.099
1.296
1.299
1.059
0.643
1.235
3.071
1.169
0.723
0.859
1.446
1.379
1.069
0.618
0.58
0.599
0.532
0.49
0.573
1.338
1.5
1.093
1.105
2.18
1.336
1.296
0.848
0.797
0.851
1.319
1.764
1.623
0.693
1.127
1.488
1.354
1.115
0.626
0.568
0.565
0.534
0.518
0.584
1.337
2.899
1.955
1.066
0.997
1.082
0.978
0.883
0.567
0.887
1.551
1.037
0.602
0.924
0.732
1.454
1.197
0.823
0.625
0.567
0.565
0.538
0.53
0.605
1.337
2.51
1.611
1.066
0.766
0.758
0.952
0.992
0.824
0.888
1.551
1.187
0.644
1.104
0.732
2.527
2.398
0.955
0.54
0.563
0.544
0.527
0.568
0.614
0.615
0.614
2.217
4.197
1.927
2.231
2.59
1.867
1.895
1.019
1.4
0.673
0.889
0.625
0.547
1.234
0.854
0.93
0.574
0.55
0.504
0.558
0.588
0.602
0.609
0.638
1.942
3.911
1.927
2.201
1.474
1.638
1.6
1.049
1.162
0.673
1.15
0.657
0.541
1.682
0.975
0.869
0.625
0.565
0.594
0.547
0.551
0.584
1.34
2.51
1.624
1.078
0.766
0.758
0.682
1.087
0.784
1.18
2.126
1.22
0.531
1.175
0.412
1.606
2.135
0.894
0.59
0.568
0.596
0.585
0.595
0.525
1.298
2.506
2.427
1.855
0.83
0.832
0.68
1.104
0.81
1.18
1.446
0.633
0.853
1.175
0.71
1.606
0.838
0.603
0.557
0.531
0.562
0.547
0.555
0.479
0.517
2.044
3.458
2.089
0.791
0.803
0.502
0.629
0.733
1.201
1.421
0.907
2.091
1.354
0.744
1.606
0.83
0.627
0.589
0.564
0.563
0.588
0.59
0.494
0.517
1.901
3.333
1.826
0.553
0.542
0.524
0.582
0.733
0.72
1.197
0.907
0.853
1.161
0.453
1.572
0.83
0.608
0.584
0.564
0.56
0.568
0.59
0.483
0.471
0.617
2.453
1.506
0.543
0.525
0.529
0.556
0.617
0.395
0.487
0.573
0.845
0.761
0.437
1.563
0.77
0.546
0.569
0.55
0.528
0.57
0.589
0.602
0.619
0.638
1.103
2.226
1.454
3.909
1.989
1.777
1.49
1.247
0.738
0.924
1.716
0.827
0.52
1.682
0.975
0.783
0.643
0.61
0.529
0.574
0.593
0.602
0.613
0.67
1.103
2.216
0.966
2.236
1.864
1.76
1.506
1.247
0.736
0.924
1.716
0.877
0.993
1.693
0.976
0.783
0.52
0.499
0.544
0.555
0.569
0.466
0.452
0.492
1.875
0.669
0.506
0.516
0.497
0.497
0.461
0.378
0.426
0.389
1.59
1.318
1.103
0.894
0.77
0.546
0.52
0.535
0.544
0.531
0.537
0.466
0.455
0.494
1.855
1.705
0.506
0.516
0.487
0.497
0.51
0.357
0.415
0.34
1.578
2.877
2.074
0.896
0.741
0.505
0.464
0.599
0.555
0.526
0.537
0.526
0.499
0.519
0.52
0.671
0.454
0.469
0.519
0.498
0.649
0.398
0.415
0.543
1.223
2.877
1.436
0.566
0.501
0.552
0.457
0.647
0.59
0.556
0.527
0.533
0.514
0.507
0.52
1.984
0.66
0.704
0.532
0.491
0.455
0.34
0.409
0.543
0.781
2.363
1.672
0.968
0.55
0.53
0.435
0.701
0.627
0.556
0.53
0.575
0.544
0.507
1.404
2.199
0.699
0.708
0.609
0.615
0.697
0.665
0.744
1.087
1.398
2.816
2.114
1.16
0.638
0.632
0.643
0.6
0.529
0.574
0.593
0.692
0.613
0.863
1.325
2.414
0.872
0.512
1.744
1.704
2.234
1.222
1.62
1.424
2.065
1.179
0.52
0.905
0.795
0.783
0.611
0.638
0.546
0.587
0.614
0.71
0.812
2.3
1.904
1.398
0.92
0.506
1.229
1.105
1.315
1.385
1.396
1.214
1.767
1.226
0.451
0.887
0.616
0.761
0.534
0.761
0.669
0.605
0.591
0.635
0.609
0.878
1.506
2.274
0.748
0.693
0.669
0.635
0.782
0.744
0.81
1.16
1.393
3.214
2.427
1.213
0.744
0.646
0.639
0.81
0.669
0.63
0.593
0.635
1.0
1.196
1.738
2.671
0.783
0.695
0.669
0.66
0.964
0.767
0.856
2.856
1.393
2.234
1.706
1.265
0.744
0.646
0.613
0.74
0.646
0.643
0.635
0.626
0.953
1.259
1.726
1.126
0.708
0.5
0.658
0.65
0.944
1.175
0.857
2.856
1.393
1.644
1.261
1.947
0.928
0.873
0.667
0.74
0.615
0.619
0.593
0.991
1.34
1.259
3.244
2.671
1.009
0.696
1.034
0.65
0.944
0.787
0.576
2.67
1.459
1.644
1.57
1.998
0.928
0.846
0.678
0.689
0.591
0.633
0.625
1.557
1.847
2.989
3.282
1.149
0.76
0.49
0.685
0.86
0.944
1.179
1.579
1.222
1.094
1.95
1.326
1.634
0.911
0.846
0.582
0.714
0.576
0.642
0.641
0.726
0.849
2.336
1.383
0.859
0.926
1.413
1.093
0.792
0.917
0.726
1.396
2.157
1.938
0.923
0.497
0.569
0.454
1.084
0.57
0.666
0.609
0.644
0.643
0.726
0.853
0.94
0.914
1.379
1.859
1.585
1.023
0.845
1.657
1.321
2.006
3.379
2.082
1.103
0.823
0.569
0.454
1.253
0.678
0.638
0.591
0.613
0.577
1.509
1.805
2.671
1.78
1.108
0.76
0.525
1.021
1.022
1.097
1.599
0.548
0.763
0.843
1.551
1.171
1.593
0.867
0.793
0.708
0.674
0.6
0.586
0.573
1.106
1.31
3.553
2.988
1.264
0.889
0.752
1.165
1.022
1.149
1.562
0.562
0.776
0.859
1.175
0.924
1.968
0.8
1.171
0.97
0.63
0.571
0.592
0.611
1.115
0.916
1.817
2.793
0.859
0.888
0.752
1.165
1.467
1.97
1.545
0.517
0.776
0.495
1.175
0.981
1.486
1.137
1.066
1.34
0.725
0.574
0.576
0.611
1.102
0.914
1.734
2.793
0.902
0.76
1.668
1.508
1.7
2.319
1.123
0.965
1.356
0.871
1.346
0.987
1.486
1.137
1.766
1.651
0.664
0.586
0.578
0.617
0.539
0.516
1.734
1.585
0.902
0.76
1.881
1.607
1.617
3.634
1.812
1.272
1.356
0.795
1.342
0.7
1.359
1.089
1.722
0.57
0.661
0.607
0.643
0.641
0.722
0.85
0.94
1.49
2.409
2.013
0.605
0.99
0.845
1.609
1.214
1.965
3.104
1.307
0.885
0.797
0.569
0.496
1.14
0.527
0.61
0.607
0.643
0.641
0.639
0.85
0.926
1.49
2.409
2.013
0.589
0.892
0.818
1.593
1.214
1.954
3.091
1.307
0.833
0.441
0.418
0.459
1.106
1.635
0.662
0.564
0.555
0.586
0.508
0.487
0.5
0.681
0.87
0.672
1.824
1.522
1.382
3.634
1.374
0.778
1.114
0.795
0.727
0.681
1.298
1.032
1.652
1.567
0.572
0.465
0.469
0.531
0.454
0.424
0.434
0.572
0.68
0.693
1.775
1.041
1.604
3.41
0.621
0.746
1.365
0.759
1.29
0.899
1.529
1.76
1.838
1.432
0.47
0.391
0.381
0.44
0.398
0.343
0.368
0.44
0.42
0.444
0.78
0.782
1.604
4.857
1.374
0.824
1.633
0.799
1.591
1.322
1.229
1.768
1.029
1.432
0.691
0.411
0.368
0.434
0.418
0.349
0.391
0.434
1.214
0.41
0.793
0.841
0.919
3.811
1.348
0.815
1.035
0.855
1.559
1.376
0.962
1.2
0.739
1.093
0.518
0.411
0.368
0.434
0.445
0.402
0.391
0.434
2.244
1.386
0.793
1.08
1.124
3.428
1.045
0.496
0.754
0.855
1.954
1.586
0.823
0.558
0.586
0.477
0.556
0.508
0.539
0.54
0.541
0.588
0.629
1.193
2.149
1.814
0.535
0.541
0.658
1.7
2.078
1.614
2.135
0.749
0.553
0.397
0.329
0.404
0.656
0.528
0.495
0.493
0.525
0.518
0.538
0.588
0.629
1.382
1.557
1.557
0.756
0.567
0.635
1.707
1.219
1.54
2.106
0.738
0.435
0.544
0.347
0.406
0.577
0.458
0.475
0.447
0.378
0.43
0.448
0.469
0.469
0.832
1.653
0.496
0.365
0.487
0.879
1.838
0.297
0.431
0.813
2.008
1.945
1.544
0.827
0.972
0.771
0.91
0.57
0.514
0.502
0.541
0.534
0.605
0.582
0.925
1.745
0.561
0.409
0.533
0.914
1.943
0.35
0.491
0.836
2.008
2.633
2.27
0.845
0.972
0.78
1.06
0.645
0.591
0.609
0.617
0.591
0.689
0.679
0.99
1.835
1.459
0.783
0.732
0.504
0.522
0.385
0.541
0.54
1.743
2.079
1.877
0.845
0.966
0.695
1.061
0.672
0.626
0.621
0.63
0.649
0.716
0.679
1.068
3.003
2.192
0.998
1.331
0.803
0.522
0.385
0.466
0.489
1.69
1.805
1.38
0.679
0.964
0.668
0.664
0.635
0.646
0.654
0.642
0.635
0.702
0.729
2.444
2.602
2.252
1.41
1.318
0.779
1.155
0.432
0.503
0.489
1.751
1.213
1.38
1.112
1.321
0.725
0.479
0.436
0.476
0.551
0.518
0.538
0.607
1.202
1.346
1.532
0.787
0.532
0.344
0.767
1.403
1.141
1.54
1.872
0.694
0.68
0.824
0.934
0.479
0.577
0.531
0.477
0.477
0.532
0.504
0.519
0.573
1.11
2.513
0.932
0.787
0.589
0.696
1.103
1.1
1.561
1.553
0.425
0.415
0.437
0.796
0.469
0.417
0.474
0.914
0.635
0.623
0.648
0.611
0.6
0.692
0.696
3.74
1.729
1.336
1.41
0.742
0.559
1.179
0.406
0.543
0.472
0.613
0.858
1.103
1.058
1.958
0.796
0.952
0.646
0.624
0.681
0.611
0.607
0.657
0.669
2.335
1.887
2.997
1.893
0.873
0.574
1.179
0.492
0.504
0.472
0.613
2.557
1.753
1.123
1.626
0.726
0.651
0.624
0.624
0.654
0.581
0.578
0.625
0.602
2.37
2.657
4.021
1.893
0.873
0.608
1.118
0.557
0.479
0.654
0.748
0.838
2.683
1.412
1.641
0.726
0.586
0.632
0.625
0.624
0.571
0.604
0.629
0.565
2.371
3.53
2.874
1.535
0.9
0.53
1.048
0.559
0.407
1.083
0.782
0.755
2.657
1.119
1.511
0.708
0.633
0.606
0.599
0.626
0.568
0.548
0.605
1.16
4.015
2.657
2.441
1.708
0.628
0.469
0.465
0.525
0.497
1.501
1.102
0.79
2.71
1.119
1.527
0.657
0.531
0.488
0.457
0.508
0.499
0.542
0.59
1.192
1.735
0.932
0.785
0.657
0.352
1.406
2.5
1.717
1.835
0.701
0.487
0.388
0.836
0.544
0.409
0.515
0.656
0.56
0.495
0.566
0.583
0.595
0.671
1.247
1.786
0.961
1.088
1.2
0.479
1.406
2.5
1.735
1.835
0.73
0.602
0.639
0.861
1.676
0.791
0.605
0.647
0.611
0.579
0.582
0.518
0.524
0.581
0.597
3.638
2.757
2.409
1.297
0.589
0.476
0.44
0.486
0.448
1.891
1.009
0.777
1.088
1.119
0.836
1.279
0.647
0.581
0.558
0.536
0.518
0.518
0.541
0.56
1.925
4.158
2.643
1.048
0.555
0.476
0.44
0.594
0.878
1.891
1.009
1.385
1.781
1.214
0.836
1.696
1.013
0.581
0.522
0.536
0.502
0.484
0.549
1.145
2.037
3.945
1.587
0.973
0.586
0.441
0.431
0.585
1.005
2.166
1.309
0.829
1.662
1.586
1.065
1.703
1.065
0.591
0.528
0.55
0.519
0.527
0.624
1.189
2.814
4.186
1.28
0.993
0.609
0.476
0.46
0.548
0.99
1.739
0.886
0.855
1.079
1.355
1.33
2.989
1.562
0.628
0.532
0.555
0.494
0.53
0.593
1.148
2.819
2.555
1.041
1.225
0.54
0.574
0.478
0.929
1.341
1.307
0.798
0.84
1.104
1.22
1.668
4.052
0.805
0.594
0.526
0.601
0.628
0.616
0.671
1.261
2.088
1.756
1.24
1.291
0.498
1.536
1.018
1.112
2.179
2.016
0.584
1.08
0.861
2.007
0.794
1.26
1.221
0.642
0.541
0.595
0.628
0.587
0.622
0.646
0.835
1.877
1.24
1.984
0.931
1.502
1.011
1.098
2.252
2.119
0.796
1.076
0.726
3.441
1.26
1.319
1.552
0.591
0.495
0.511
0.526
0.559
0.573
0.53
1.482
4.025
1.041
1.031
0.718
0.978
0.56
0.855
1.341
1.754
1.197
1.772
1.144
1.483
1.668
4.052
1.866
0.603
0.52
0.536
0.526
0.54
0.599
0.534
0.671
4.668
1.49
1.298
1.015
1.14
0.579
0.947
1.322
1.336
1.18
2.207
1.144
1.063
1.659
2.779
1.499
0.632
0.585
0.591
0.53
0.534
0.617
0.934
1.531
4.094
1.294
1.09
1.015
0.738
0.495
0.661
1.188
2.648
1.143
1.304
0.719
1.281
1.401
3.03
1.711
0.563
0.618
0.575
0.513
0.534
0.552
0.557
1.613
5.368
1.294
0.822
0.833
0.77
0.732
0.715
2.063
1.682
0.413
0.905
0.719
0.786
1.162
3.011
1.635
0.629
0.605
0.516
0.469
0.534
0.539
0.532
0.756
4.408
1.113
0.845
1.939
1.124
0.718
0.653
2.083
2.078
0.369
1.077
0.652
1.231
2.092
1.899
1.221
0.652
0.541
0.551
0.558
0.508
0.602
0.567
0.893
2.237
2.009
2.943
1.005
1.383
1.003
1.465
1.341
0.813
0.796
0.956
0.495
3.236
1.448
1.177
2.543
0.775
0.533
0.504
0.552
0.506
0.571
0.569
0.591
1.821
1.944
3.081
0.974
0.872
0.425
1.465
0.801
0.774
1.088
0.953
0.398
3.216
2.502
2.635
0.878
0.521
0.594
0.535
0.485
0.489
0.53
0.931
0.787
4.325
1.051
0.585
1.807
1.072
0.709
0.549
1.793
2.077
0.719
1.137
0.668
1.506
0.703
0.807
1.081
0.568
0.626
0.535
0.461
0.455
0.575
1.711
1.083
3.454
0.872
1.4
1.809
0.866
0.709
0.662
1.506
2.513
0.719
1.137
0.861
1.805
2.169
0.824
0.74
0.592
0.616
0.54
0.472
0.445
0.949
2.582
1.126
2.478
0.872
1.4
2.623
1.406
1.203
0.892
1.506
2.527
0.719
0.731
0.918
1.857
2.16
0.792
0.813
0.622
0.628
0.537
0.451
0.422
0.923
3.415
0.846
2.724
0.935
1.315
2.592
1.491
1.191
0.843
1.213
1.277
1.114
0.886
0.888
1.363
2.093
0.568
0.64
0.613
0.593
0.552
0.473
0.433
1.426
4.989
0.925
1.502
0.935
1.375
2.58
1.436
0.937
0.732
0.615
1.045
1.067
0.895
0.569
1.347
3.64
0.815
2.669
0.747
0.494
0.519
0.542
0.476
0.515
0.541
0.587
1.154
2.696
3.463
1.255
0.697
0.402
1.785
0.662
0.491
1.352
1.394
0.439
3.216
3.161
2.785
1.326
0.761
0.506
0.505
0.544
0.468
0.486
0.536
0.888
2.401
1.728
3.063
1.145
0.688
0.397
1.765
1.122
0.58
1.272
1.421
0.868
2.209
2.888
2.799
0.854
0.613
0.579
0.575
0.497
0.433
1.377
4.989
0.925
1.68
1.082
2.773
2.58
1.436
1.386
0.721
0.613
0.616
1.125
0.789
0.569
0.799
2.257
0.617
1.083
0.635
0.638
0.579
0.509
0.463
1.453
4.251
0.958
1.757
1.359
2.801
2.771
1.703
2.526
0.694
0.57
0.667
1.087
0.745
0.691
0.567
2.188
1.328
1.374
0.659
0.631
0.604
0.537
0.493
1.051
2.712
0.84
2.307
1.109
2.077
1.642
1.508
1.382
0.645
0.57
0.567
1.087
0.745
0.691
0.567
1.27
1.339
1.452
0.626
0.666
0.608
0.573
0.571
0.764
2.068
1.061
2.289
0.921
0.725
0.522
0.803
0.867
0.357
0.627
0.563
1.158
0.962
0.609
0.71
2.641
1.364
1.898
0.585
0.666
0.641
0.596
0.627
0.825
0.898
2.232
2.289
0.782
0.725
0.517
0.656
0.875
0.558
0.74
0.506
0.871
1.098
1.103
1.041
2.832
1.364
1.384
0.761
0.521
0.504
0.525
0.468
0.511
0.549
0.672
1.154
1.729
3.196
1.222
0.688
0.427
1.955
0.693
0.525
1.275
0.978
1.496
3.343
3.071
1.59
1.312
0.677
0.552
0.493
0.525
0.468
0.511
0.533
0.857
2.395
2.049
2.196
0.795
0.719
0.472
1.971
0.593
0.391
1.024
0.984
1.516
3.0
3.67
2.17
1.898
0.585
0.666
0.624
0.591
0.627
0.825
0.898
2.143
2.289
0.806
0.721
0.756
0.614
0.885
0.619
0.605
0.506
1.833
1.098
1.074
1.449
1.499
0.799
2.529
0.551
0.686
0.623
0.576
0.581
0.825
0.882
2.975
3.194
0.818
0.47
0.557
0.387
1.204
0.834
0.789
1.143
1.993
1.071
1.1
1.535
1.588
1.132
2.423
0.521
0.921
0.589
0.547
0.483
0.752
0.872
2.975
3.059
0.572
0.454
0.366
0.387
0.411
0.867
0.794
2.701
2.641
1.328
0.917
1.535
1.588
0.894
1.627
0.521
0.845
0.526
0.499
0.478
1.069
2.003
3.026
1.957
0.544
0.317
0.322
0.474
0.441
0.934
0.599
3.577
2.476
1.132
0.4
1.172
0.983
0.881
1.501
0.552
0.969
0.552
0.471
0.439
0.871
1.759
2.872
2.389
0.664
0.317
0.519
0.885
1.007
1.197
0.547
3.573
2.732
0.786
0.487
1.007
0.775
0.856
1.512
0.675
0.564
0.545
0.569
0.482
0.452
0.474
0.771
1.984
1.759
2.292
1.121
0.728
0.644
2.401
1.051
0.532
1.446
0.679
1.744
2.311
2.474
2.887
1.167
0.576
0.562
0.609
0.608
0.479
0.471
0.865
1.514
2.251
1.552
1.19
1.013
0.564
0.686
2.623
1.145
0.572
1.11
0.683
1.798
2.228
1.553
1.791
1.016
0.586
0.675
0.552
0.471
0.439
0.84
3.251
2.484
1.555
0.915
0.546
0.602
0.9
0.996
0.884
0.451
3.568
2.732
0.497
0.469
0.705
0.618
0.866
1.017
0.64
0.744
0.536
0.471
0.505
0.557
2.141
2.282
2.253
1.151
0.628
0.419
1.343
1.473
0.872
0.535
1.967
1.808
0.552
0.552
0.705
0.75
0.775
0.566
0.706
0.747
0.623
0.518
0.551
0.583
2.161
2.033
2.253
1.116
0.695
0.423
1.705
1.473
0.926
0.535
1.729
2.095
0.77
0.924
0.696
0.748
0.775
0.493
0.706
0.607
0.596
0.492
0.551
0.583
2.224
3.05
2.253
1.152
0.722
0.686
1.263
1.473
0.926
0.771
1.354
1.509
0.531
0.984
1.076
0.816
0.87
0.506
0.817
0.608
0.617
0.536
0.562
0.547
1.502
4.245
2.558
1.152
0.751
0.73
1.256
1.445
0.652
0.806
0.87
1.124
0.533
0.984
1.001
1.191
1.609
1.383
0.605
0.593
0.584
0.593
0.501
0.507
1.2
2.918
2.367
0.946
0.807
0.743
0.473
0.672
2.109
1.036
0.595
0.414
0.683
1.42
3.198
2.391
1.917
1.439
0.585
0.593
0.588
0.583
0.504
0.482
1.225
2.256
1.001
1.432
0.88
0.77
1.231
2.093
2.34
0.837
0.694
0.682
0.5
0.83
3.194
2.39
1.873
0.764
0.817
0.608
0.633
0.502
0.535
0.558
1.502
3.284
1.833
1.118
0.751
0.557
1.184
1.121
0.652
1.158
1.377
1.276
1.083
1.558
1.84
1.191
1.622
0.843
0.804
0.598
0.569
0.468
0.534
0.574
0.705
3.367
2.673
1.115
0.604
0.588
1.264
1.08
0.676
1.158
1.416
1.245
1.083
1.56
1.84
1.143
1.661
0.829
0.787
0.535
0.552
0.455
0.523
0.562
1.471
4.665
2.286
0.892
0.721
1.151
0.976
0.599
0.626
1.186
1.906
1.558
1.04
1.63
1.523
1.121
2.016
1.233
0.696
0.465
0.472
0.418
0.521
0.556
1.43
4.063
2.177
0.936
0.749
1.151
0.644
0.341
0.359
1.005
1.806
1.427
0.541
2.668
2.288
0.955
1.963
1.233
0.696
0.424
0.437
0.408
0.538
0.559
2.254
3.741
2.177
0.886
0.749
0.583
0.801
0.416
0.753
0.583
1.674
1.269
0.885
2.62
2.533
2.077
1.963
1.357
0.651
0.523
0.537
0.545
0.489
0.481
0.805
3.621
1.868
1.574
0.911
1.137
1.231
1.198
1.558
1.119
0.64
0.677
0.925
0.83
2.288
3.03
2.023
0.955
0.533
0.482
0.526
0.585
0.513
0.484
0.806
3.372
1.075
1.243
1.91
1.903
1.55
1.32
1.556
1.884
0.893
0.703
0.922
0.83
1.324
1.517
1.447
1.233
0.709
0.681
0.74
0.408
0.552
0.563
1.509
2.409
2.496
1.435
0.912
0.547
0.724
0.368
0.765
0.501
1.689
1.18
0.841
2.553
3.522
1.901
1.246
1.514
0.709
0.381
0.418
0.442
0.552
0.556
2.662
2.58
2.686
1.717
0.755
0.499
0.616
0.355
0.426
0.402
1.236
0.822
0.441
1.912
2.784
1.912
1.442
1.686
0.708
0.411
0.422
0.423
0.504
0.502
2.67
1.94
2.686
2.331
0.944
0.997
0.599
0.423
0.398
0.538
1.174
1.026
0.468
1.871
2.784
1.912
1.467
1.688
0.695
0.414
0.427
0.422
0.509
0.501
1.477
1.201
3.443
2.294
0.739
0.403
0.455
0.377
0.506
0.504
0.882
0.735
0.585
1.871
2.873
1.574
1.106
1.341
0.717
0.468
0.48
0.475
0.492
0.514
1.952
1.297
2.488
1.777
0.757
0.374
0.611
0.453
0.766
0.504
0.564
0.555
0.553
0.419
1.959
1.525
1.011
0.699
0.514
0.467
0.457
0.567
0.533
0.493
1.524
5.05
1.275
0.804
0.919
1.477
1.539
1.137
0.881
1.122
0.651
0.466
0.92
0.555
1.137
1.511
1.447
0.616
0.514
0.425
0.419
0.557
0.536
0.509
1.524
3.874
0.925
0.853
1.34
1.206
2.108
2.221
0.881
1.353
0.848
0.703
1.007
0.627
1.137
1.428
1.425
1.341
0.717
0.479
0.48
0.513
0.522
0.5
1.012
0.976
2.487
2.816
0.817
0.347
0.503
0.432
0.506
0.718
0.564
0.483
0.463
0.857
2.296
1.072
0.78
0.838
0.557
0.435
0.455
0.5
0.471
0.458
0.968
1.297
2.593
1.971
0.624
0.331
0.481
0.513
0.764
1.01
0.767
0.702
0.561
1.178
1.983
1.072
0.976
0.56
0.557
0.435
0.43
0.457
0.451
0.575
0.968
1.096
2.406
1.52
0.583
0.348
0.532
0.503
1.21
1.01
0.831
0.702
0.561
1.205
1.913
2.16
1.18
0.56
0.535
0.407
0.43
0.482
0.465
0.589
1.843
1.57
1.363
0.536
0.51
0.345
0.546
0.439
1.27
0.707
0.831
0.899
0.661
1.688
1.999
2.163
1.079
0.554
0.574
0.396
0.42
0.461
0.446
0.583
1.849
1.203
0.621
0.521
0.583
0.366
1.53
1.107
1.192
0.695
0.755
0.877
0.661
1.185
1.372
2.147
1.088
0.616
0.472
0.424
0.41
0.528
0.512
0.544
1.284
2.443
1.536
1.31
1.305
1.206
2.084
2.273
1.611
2.115
0.9
0.689
0.623
0.617
1.137
0.581
1.207
0.506
0.479
0.424
0.41
0.517
0.505
0.653
2.52
2.596
1.558
0.843
1.36
2.08
1.618
1.171
1.371
1.883
0.701
0.498
0.561
0.639
0.763
0.611
1.207
0.624
0.573
0.396
0.404
0.431
0.428
0.52
1.412
2.443
1.335
0.918
0.597
0.433
1.004
0.505
0.954
0.681
0.737
0.86
0.732
1.214
2.906
2.405
1.01
0.585
0.573
0.407
0.42
0.393
0.39
0.501
1.805
4.094
1.415
0.918
0.553
0.433
0.992
0.97
2.277
0.806
0.512
1.309
0.71
0.877
1.298
1.842
0.994
0.666
0.569
0.414
0.404
0.379
0.391
0.523
1.801
2.426
0.742
1.318
0.675
0.458
1.257
1.561
3.125
0.806
0.512
1.203
0.732
1.079
0.783
1.635
0.796
0.733
0.482
0.413
0.421
0.404
0.425
0.459
0.992
4.122
1.098
1.606
0.67
0.463
1.219
1.547
2.235
0.861
0.464
1.281
0.763
1.674
1.395
1.212
0.545
0.636
0.493
0.432
0.399
0.38
0.412
0.432
0.992
4.251
1.05
1.952
0.67
0.508
1.162
1.568
2.221
0.861
0.448
1.328
1.077
1.448
1.414
2.091
0.81
0.463
0.428
0.455
0.445
0.558
0.536
0.682
2.544
1.161
1.985
1.128
1.143
2.058
1.381
0.717
2.038
2.479
1.121
0.671
0.561
0.639
0.564
0.611
0.689
0.517
0.474
0.467
0.438
0.531
0.49
0.708
4.158
2.094
2.667
1.763
0.882
1.484
1.011
0.652
2.037
1.71
1.486
0.704
0.614
1.069
1.253
0.63
0.669
0.71
0.46
0.471
0.43
0.392
0.4
0.441
0.998
4.29
2.576
1.952
1.26
0.784
0.714
0.937
2.221
0.846
0.5
1.911
1.038
1.448
1.495
2.083
0.773
0.604
0.46
0.5
0.444
0.394
0.401
0.404
1.057
2.991
1.05
1.959
0.595
0.784
0.714
1.17
2.487
0.831
0.499
2.349
0.954
1.472
1.094
2.105
0.75
0.604
0.525
0.512
0.446
0.414
0.433
0.426
0.705
2.949
1.382
1.587
0.581
0.819
0.748
1.594
2.145
0.541
1.038
3.055
1.458
1.543
1.294
2.605
0.762
0.812
0.593
0.483
0.452
0.409
0.423
0.382
0.695
2.954
2.556
1.776
0.408
0.883
0.537
0.82
1.164
0.519
0.508
2.791
1.222
1.004
1.242
1.753
0.493
0.803
0.651
0.542
0.474
0.409
0.38
0.381
0.573
1.365
2.681
3.013
1.186
0.883
0.508
0.812
1.218
0.519
0.504
2.792
1.217
1.004
1.242
1.738
0.841
0.513
0.458
0.455
0.47
0.514
0.449
1.063
4.254
1.172
2.787
1.856
0.907
1.552
1.061
0.636
2.609
3.182
1.738
0.787
0.6
1.313
1.256
0.634
0.613
0.556
0.478
0.474
0.489
0.484
0.428
0.722
2.654
0.957
4.211
2.461
0.907
1.494
0.68
0.564
1.791
2.745
1.111
0.619
0.508
1.21
1.256
0.626
0.582
0.845
0.712
0.556
0.505
0.425
0.4
0.402
0.508
0.767
4.208
3.241
1.236
0.871
1.022
0.866
1.159
0.489
0.802
3.316
1.217
1.173
1.178
1.245
0.56
0.959
0.838
0.576
0.508
0.438
0.425
0.402
0.501
0.845
2.758
4.761
1.274
0.534
1.443
0.956
1.227
0.479
0.82
2.757
1.163
1.173
2.069
1.245
0.921
1.463
1.004
0.532
0.501
0.436
0.468
0.439
0.501
0.79
2.758
3.324
1.274
0.442
1.443
1.596
1.026
0.479
0.82
2.732
1.163
1.17
1.9
1.001
0.95
1.463
1.136
0.506
0.49
0.436
0.444
0.492
0.542
0.79
2.536
3.324
1.233
0.382
1.418
0.685
0.534
0.553
0.82
1.108
0.724
1.054
1.627
0.55
0.945
1.116
1.096
0.56
0.535
0.456
0.475
0.524
0.656
2.5
1.811
3.877
1.551
0.382
1.418
0.543
0.638
0.937
1.422
3.01
1.348
1.073
1.995
0.813
0.945
0.473
0.426
0.453
0.466
0.465
0.408
0.683
2.592
0.74
2.787
1.862
0.907
1.466
0.633
0.446
0.997
1.814
1.007
0.515
0.367
1.127
0.859
0.666
0.582
0.497
0.38
0.485
0.457
0.489
0.457
0.592
1.31
1.47
3.288
1.928
0.792
0.77
0.683
0.513
1.197
3.515
1.865
0.477
0.387
1.887
0.767
1.796
0.873
1.049
1.084
0.544
0.524
0.472
0.542
0.576
1.069
3.383
1.265
2.327
0.693
0.322
1.506
0.567
0.633
0.863
1.436
2.939
1.355
0.662
1.053
0.522
0.587
1.039
1.005
0.502
0.5
0.479
0.55
0.584
1.069
3.677
1.265
2.124
1.073
0.383
1.626
1.221
0.719
0.856
1.127
0.984
0.538
0.486
1.251
0.804
0.783
0.849
1.088
0.502
0.447
0.474
0.517
0.55
1.044
3.601
1.533
1.415
0.667
0.392
1.178
1.129
0.76
1.362
1.701
1.412
0.813
0.662
1.107
1.052
0.783
0.849
0.884
0.502
0.445
0.474
0.432
0.507
1.004
3.601
1.563
1.304
0.622
0.37
0.512
0.412
0.938
2.233
2.02
1.652
1.009
0.621
1.132
1.009
0.825
0.898
0.584
0.513
0.455
0.453
0.413
1.512
1.004
2.109
1.414
1.652
0.941
0.418
0.587
0.412
0.938
1.695
1.381
1.604
0.938
0.645
1.145
1.049
0.839
0.643
0.534
0.51
0.461
0.489
0.457
0.759
1.395
1.499
2.081
1.352
0.748
0.58
0.331
0.428
0.508
2.65
1.849
0.477
0.347
1.534
0.776
1.787
0.869
0.578
0.396
0.502
0.476
0.51
0.519
0.76
0.596
0.535
1.392
0.672
0.953
0.58
1.019
0.321
0.533
2.663
1.152
0.908
0.347
1.534
0.776
1.737
1.307
0.628
0.546
0.471
0.445
0.466
0.46
2.885
1.799
1.501
0.929
1.287
0.632
0.398
0.56
1.155
1.13
1.823
0.836
0.927
0.938
0.586
1.145
0.795
0.875
0.865
0.539
0.44
0.417
0.475
0.437
1.527
1.356
1.501
2.042
1.426
0.692
0.624
0.474
1.763
1.074
1.867
0.897
0.912
0.906
0.579
1.571
1.241
0.94
0.889
0.567
0.432
0.409
0.467
0.429
1.519
1.347
1.905
2.042
1.252
0.487
0.401
0.474
1.015
1.035
1.855
0.99
1.651
1.433
0.9
1.32
0.812
1.032
0.866
0.567
0.432
0.434
0.439
0.429
1.519
1.334
2.483
3.447
1.252
0.512
0.6
0.476
1.092
0.797
1.008
0.72
1.27
1.674
1.276
1.08
0.587
0.684
0.633
0.601
0.5
0.478
0.507
0.457
1.525
1.314
2.483
4.524
1.692
0.821
1.044
0.579
1.096
0.534
0.453
0.582
0.924
2.427
1.632
1.154
0.675
0.663
0.587
0.491
0.566
0.493
0.531
0.563
0.562
0.48
0.688
2.518
0.966
0.902
0.749
1.785
0.433
0.533
1.336
1.04
0.854
0.368
1.734
0.791
1.826
1.604
0.648
0.524
0.599
0.525
0.528
0.553
0.508
0.427
0.662
1.334
0.966
0.94
2.056
2.412
1.089
0.635
1.349
1.136
1.401
1.056
3.42
1.396
1.961
1.626
0.663
0.558
0.477
0.457
0.512
0.466
0.503
0.472
2.223
5.56
2.239
0.567
1.02
0.527
1.14
0.54
0.491
0.569
0.976
2.581
1.604
1.093
0.675
0.66
0.526
0.564
0.484
0.462
0.512
0.466
0.503
0.435
1.928
5.56
3.489
0.85
0.981
0.467
0.531
0.506
0.477
0.592
1.474
3.01
2.407
0.623
1.084
0.891
0.603
1.013
0.546
0.524
0.517
0.472
0.476
0.438
1.132
4.778
3.489
1.128
1.202
0.433
0.501
0.454
0.477
0.629
1.588
3.01
2.8
0.493
0.641
0.852
0.587
0.999
0.632
0.519
0.511
0.463
0.511
0.475
0.502
4.205
4.816
1.37
1.202
0.311
0.501
0.398
0.472
0.486
1.085
2.514
1.931
0.535
1.132
0.741
0.779
0.585
0.621
0.529
0.551
0.504
0.553
0.517
0.502
4.205
4.863
1.587
1.134
0.64
0.501
0.407
0.432
0.569
1.085
1.586
1.594
0.527
1.174
0.754
0.69
0.528
0.599
0.525
0.571
0.792
0.747
0.552
1.309
1.566
1.482
1.579
2.391
3.24
1.463
0.859
1.725
1.151
2.105
1.056
3.461
1.121
0.896
1.626
0.818
0.64
0.551
0.542
0.522
0.746
0.73
0.551
0.662
1.092
2.116
2.562
2.744
2.643
1.82
1.358
1.032
0.785
2.105
1.922
4.221
1.628
0.896
2.171
0.602
0.541
0.589
0.512
0.515
0.487
0.536
0.5
0.486
4.64
5.75
1.535
0.9
0.66
0.497
0.466
0.441
1.04
1.252
0.749
1.241
0.527
1.07
0.976
0.704
0.545
0.602
0.512
0.515
0.485
0.49
0.454
0.441
3.644
4.234
1.535
1.859
1.309
0.576
0.422
0.541
1.573
1.81
0.936
1.648
0.639
1.31
0.976
0.72
0.528
0.602
0.493
0.468
0.442
0.443
0.444
0.431
4.743
3.58
1.321
1.953
1.352
0.573
0.471
0.561
1.521
1.634
0.936
1.491
0.626
0.814
1.142
0.72
0.528
0.559
0.493
0.468
0.445
0.493
0.491
0.481
4.743
4.143
1.321
0.981
1.399
0.506
0.645
1.532
1.605
2.119
1.273
1.134
0.622
0.848
1.682
1.879
0.58
0.559
0.543
0.521
0.492
0.493
0.493
0.502
4.145
3.44
1.272
1.219
1.658
1.414
1.3
2.982
1.867
2.701
1.536
1.419
0.798
0.821
1.547
1.659
0.595
0.499
0.489
0.483
0.559
0.534
0.469
0.601
1.042
2.081
2.675
4.143
2.839
1.815
1.358
0.655
0.686
1.704
2.02
4.221
1.65
0.901
2.285
0.667
0.706
0.496
0.488
0.463
0.497
0.482
0.447
0.979
2.768
2.328
2.244
2.744
2.387
2.268
1.342
0.684
0.581
0.973
2.067
2.683
1.085
0.901
1.797
0.618
0.593
0.535
0.54
0.515
0.478
0.448
0.448
0.502
4.145
3.548
1.373
1.698
1.952
1.308
1.248
2.982
1.864
2.701
1.801
1.489
0.808
0.777
1.554
1.654
0.6
0.514
0.503
0.502
0.486
0.455
0.457
0.584
4.312
2.805
1.73
2.129
1.959
1.611
2.671
4.709
1.864
2.628
1.801
1.966
1.002
1.008
1.137
1.708
0.599
0.516
0.579
0.511
0.497
0.466
0.466
0.593
4.264
3.274
3.088
1.401
1.112
0.761
2.742
3.668
1.416
2.09
1.712
1.989
0.83
0.818
1.416
2.231
0.673
0.542
0.579
0.511
0.497
0.48
0.48
1.046
4.531
3.237
3.088
1.405
1.188
0.789
2.616
3.619
1.427
1.753
1.359
1.771
0.83
0.897
0.908
1.134
0.6
0.499
0.536
0.466
0.458
0.44
0.439
1.005
5.381
3.653
1.661
1.41
1.188
0.789
1.947
1.876
1.476
1.753
1.401
2.046
0.911
0.909
0.67
0.718
0.664
0.496
0.467
0.436
0.467
0.461
0.452
0.77
1.063
2.906
3.413
2.55
1.689
1.75
0.673
0.624
0.549
1.648
2.069
2.928
1.111
0.79
1.436
0.597
0.733
0.538
0.456
0.47
0.482
0.456
0.448
0.768
0.791
2.11
2.483
1.382
1.356
1.611
0.635
0.66
0.512
1.253
1.281
1.411
0.624
0.704
1.452
0.726
0.576
0.499
0.516
0.466
0.458
0.44
0.438
1.445
5.853
3.671
1.727
2.019
2.373
0.789
0.515
0.428
1.195
1.168
1.103
2.08
0.716
0.709
0.743
0.838
0.592
0.534
0.483
0.439
0.44
0.44
0.438
2.481
5.909
3.765
1.476
1.328
0.923
0.958
0.606
0.593
1.159
1.551
0.734
1.715
0.775
0.766
0.763
0.838
0.604
0.693
0.506
0.44
0.44
0.441
0.439
1.999
4.184
4.391
1.528
0.851
0.668
1.314
0.606
0.593
1.159
1.849
0.608
1.715
0.775
0.749
0.778
0.803
0.605
0.68
0.473
0.452
0.452
0.448
0.441
2.01
4.439
4.347
1.213
0.831
0.741
1.356
0.592
0.564
1.079
1.82
0.618
1.362
0.734
0.787
0.745
0.803
0.592
0.778
0.519
0.495
0.494
0.459
0.451
1.661
2.882
4.021
1.294
0.83
0.659
1.315
0.558
0.541
1.044
1.838
0.635
1.362
0.734
0.797
0.697
0.855
0.78
0.608
0.488
0.456
0.417
0.399
0.392
0.375
1.095
2.613
1.886
1.034
0.982
1.284
0.466
0.547
0.476
0.635
1.281
1.299
0.647
0.662
0.688
0.663
0.786
0.718
0.488
0.491
0.438
0.42
0.412
0.564
1.275
2.022
1.236
0.686
0.78
0.956
0.466
0.519
0.476
0.744
1.203
0.869
0.647
0.662
0.688
0.624
0.793
0.778
0.527
0.503
0.501
0.466
0.461
1.67
2.14
2.955
1.466
0.817
0.833
1.434
0.676
0.744
0.617
1.15
0.626
1.208
0.791
0.777
0.723
1.171
0.812
0.802
0.54
0.517
0.513
0.497
0.453
0.722
1.17
2.103
1.231
0.758
0.722
0.904
0.647
0.758
0.786
1.224
0.655
1.346
0.79
0.777
0.662
1.25
0.685
0.744
0.54
0.517
0.513
0.497
0.453
0.561
1.067
1.414
1.231
0.753
0.883
0.763
0.691
0.854
0.792
0.866
0.749
1.213
0.866
0.765
0.637
1.676
0.772
0.744
0.524
0.508
0.504
0.488
0.444
0.552
1.067
1.166
1.08
0.716
0.882
0.64
0.703
0.635
0.673
0.755
0.672
0.822
0.73
0.801
0.589
1.676
0.772
0.753
0.543
0.523
0.518
0.501
0.457
0.545
0.996
0.957
0.931
0.712
0.817
0.715
0.692
0.764
0.673
0.755
0.748
0.738
0.657
0.749
0.587
1.222
0.839
0.767
0.505
0.494
0.434
0.418
0.412
0.583
1.269
2.022
1.246
0.686
0.78
1.353
0.511
0.563
0.592
0.944
1.541
1.03
0.677
0.687
0.709
0.634
0.946
0.767
0.505
0.494
0.447
0.431
0.427
0.406
1.269
2.708
1.61
0.92
0.947
1.228
0.591
0.613
0.8
0.944
1.744
1.719
0.744
0.73
1.027
0.751
0.925
1.055
0.523
0.503
0.498
0.497
0.456
0.603
0.931
0.98
0.969
0.746
0.817
0.777
0.692
0.855
0.813
0.86
0.748
0.736
0.687
0.631
0.589
1.123
1.12
1.476
0.574
0.528
0.492
0.483
0.44
0.726
0.868
0.92
0.871
0.802
0.784
0.72
0.59
0.741
0.734
0.845
0.702
1.265
0.615
0.737
0.562
0.729
1.086
1.45
0.51
0.519
0.492
0.441
0.439
0.556
0.764
0.92
0.954
0.926
0.884
1.05
0.624
0.859
0.631
0.857
0.845
0.692
0.695
0.847
0.589
0.572
1.068
1.407
0.535
0.538
0.512
0.483
0.44
0.56
0.755
1.084
0.954
0.925
0.9
1.085
0.695
0.859
1.016
0.814
0.703
0.729
0.603
0.832
0.565
0.572
1.337
1.007
0.537
0.538
0.512
0.491
0.448
0.76
0.93
1.436
1.092
0.952
0.866
1.085
0.518
0.859
0.962
0.786
0.749
0.637
0.688
0.843
0.579
0.599
1.158
0.744
0.632
0.512
0.447
0.431
0.432
0.579
1.247
1.941
1.453
1.327
1.229
1.305
0.678
0.566
0.864
0.736
1.744
1.491
0.895
0.871
1.027
0.983
1.653
0.687
0.653
0.481
0.441
0.443
0.444
0.591
1.247
2.225
1.949
1.373
1.387
1.143
0.743
0.805
1.003
0.861
1.832
1.541
0.975
0.949
1.082
0.944
1.368
1.096
0.529
0.535
0.509
0.489
0.437
0.803
2.535
2.315
1.947
1.36
1.191
1.085
0.753
0.767
1.033
0.833
0.825
1.269
0.767
0.927
0.636
0.815
1.752
0.729
0.551
0.535
0.51
0.502
0.437
0.659
2.481
2.421
2.409
1.392
1.271
1.648
1.305
0.856
0.867
0.957
1.026
1.388
0.817
0.993
0.722
1.14
1.396
0.729
0.529
0.539
0.545
0.546
0.489
0.613
2.701
2.421
2.512
0.999
1.296
1.676
1.969
0.971
0.885
0.879
0.994
0.776
0.783
0.898
0.742
1.154
1.396
0.725
0.568
0.551
0.55
0.587
0.534
0.655
2.701
2.314
1.592
0.91
0.956
1.248
1.963
0.88
0.851
0.649
0.843
0.684
0.705
0.82
0.731
1.156
1.37
0.707
0.578
0.58
0.577
0.578
0.574
0.655
2.594
1.382
1.58
0.832
0.811
1.227
1.735
0.733
0.651
0.617
0.836
0.677
0.706
0.791
0.731
0.834
2.163
0.668
0.621
0.454
0.441
0.443
0.444
0.591
0.88
1.646
2.069
1.837
1.758
1.252
0.786
0.938
1.217
0.813
1.832
1.541
1.095
1.086
1.113
1.037
2.058
0.612
0.52
0.478
0.479
0.482
0.483
0.48
0.752
1.591
1.672
1.837
1.758
1.252
0.748
0.921
1.137
0.764
1.36
1.293
1.095
1.068
0.842
1.037
1.018
0.708
0.595
0.595
0.595
0.595
0.603
0.607
0.865
0.923
1.301
0.761
0.798
1.229
1.735
0.734
0.652
0.617
0.774
0.682
0.631
0.666
0.672
0.805
1.037
0.681
0.649
0.646
0.618
0.605
0.629
0.6
0.601
0.709
0.744
0.655
0.676
0.628
1.096
0.724
0.617
0.577
0.568
0.574
0.572
0.573
0.633
0.637
0.684
0.676
0.598
0.597
0.597
0.598
0.623
0.591
0.593
0.591
0.594
0.589
0.604
0.628
0.626
0.6
0.565
0.571
0.568
0.574
0.572
0.573
0.633
0.637
0.684
0.676
0.651
0.647
0.64
0.645
0.623
0.591
0.593
0.591
0.594
0.589
0.604
0.63
0.626
0.6
0.565
0.571
0.645
0.586
0.642
0.605
0.701
0.723
0.765
0.678
0.651
0.646
0.637
0.643
0.623
0.598
0.6
0.84
1.922
0.951
0.864
0.662
0.928
0.6
0.565
0.57
0.645
0.586
0.642
0.696
0.78
0.75
