1002.000,1.000,0.572,4193.000,1.000,0.220,5098.000,1.000,0.215,1316.000,1.000,0.209,1440.000,1.000,0.203
1014.000,1.000,0.570,1609.000,1.000,0.221,7441.000,1.000,0.210,5328.000,1.000,0.203,1843.000,1.000,0.203
1018.000,1.000,0.723,5520.000,1.000,0.195,6533.000,1.000,0.185,2265.000,1.000,0.181,4146.000,1.000,0.180
1022.000,1.000,0.605,3124.000,1.000,0.254,2265.000,1.000,0.246,5379.000,4.000,0.243,4193.000,1.000,0.237
1027.000,1.000,0.463,6533.000,1.000,0.346,5520.000,1.000,0.326,4146.000,1.000,0.321,1609.000,1.000,0.317
1030.000,1.000,0.553,2264.000,1.000,0.123,1877.000,1.000,0.123,3793.000,4.000,0.118,7365.000,1.000,0.104
1035.000,1.000,0.761,1074.000,1.000,0.292,3853.000,1.000,0.259,3367.000,1.000,0.247,5520.000,1.000,0.235
1036.000,1.000,0.912,1316.000,1.000,0.367,1682.000,1.000,0.345,4193.000,1.000,0.320,4517.000,1.000,0.304
1058.000,1.000,0.562,4193.000,1.000,0.235,1682.000,1.000,0.232,1036.000,1.000,0.227,6876.000,1.000,0.222
1059.000,1.000,0.542,1609.000,1.000,0.261,1682.000,1.000,0.250,4193.000,1.000,0.246,7441.000,1.000,0.243
1060.000,1.000,0.416,1682.000,1.000,0.258,1316.000,1.000,0.247,7441.000,1.000,0.246,4193.000,1.000,0.237
1073.000,1.000,0.291,7441.000,1.000,0.210,1843.000,1.000,0.181,4924.000,1.000,0.180,6876.000,1.000,0.175
1074.000,1.000,0.825,1682.000,1.000,0.252,4496.000,1.000,0.241,6533.000,1.000,0.217,5520.000,1.000,0.215
1076.000,1.000,0.540,1609.000,1.000,0.388,6301.000,1.000,0.385,4193.000,1.000,0.382,3617.000,1.000,0.369
1107.000,1.000,0.457,1609.000,1.000,0.224,7441.000,1.000,0.222,1076.000,1.000,0.212,2265.000,1.000,0.212
1119.000,1.000,0.399,1843.000,1.000,0.237,3444.000,1.000,0.236,5756.000,1.000,0.235,6876.000,1.000,0.231
1120.000,1.000,0.495,1537.000,1.000,0.112,6819.000,1.000,0.109,1036.000,1.000,0.109,7381.000,1.000,0.108
1130.000,1.000,0.607,4193.000,1.000,0.311,7441.000,1.000,0.301,1036.000,1.000,0.300,6876.000,1.000,0.299
1141.000,1.000,0.294,1624.000,1.000,0.206,5332.000,1.000,0.199,1843.000,1.000,0.194,1695.000,1.000,0.191
1144.000,1.000,0.527,1316.000,1.000,0.226,5290.000,1.000,0.217,1682.000,1.000,0.215,2264.000,1.000,0.215
1157.000,1.000,0.422,1316.000,1.000,0.184,1682.000,1.000,0.181,5572.000,1.000,0.171,2264.000,1.000,0.170
1164.000,1.000,0.661,7441.000,1.000,0.285,1609.000,1.000,0.273,1624.000,1.000,0.262,5756.000,1.000,0.262
1171.000,1.000,0.785,1076.000,1.000,0.297,6533.000,1.000,0.296,6301.000,1.000,0.280,3609.000,1.000,0.277
1212.000,1.000,0.621,6819.000,1.000,0.241,4193.000,1.000,0.239,3617.000,1.000,0.234,6433.000,1.000,0.226
1217.000,1.000,0.737,6533.000,1.000,0.376,5520.000,1.000,0.365,2265.000,1.000,0.342,4146.000,1.000,0.330
1225.000,1.000,0.563,7441.000,1.000,0.241,1682.000,1.000,0.241,5379.000,1.000,0.224,4146.000,4.000,0.198
1229.000,1.000,0.420,1316.000,1.000,0.307,4193.000,1.000,0.293,1682.000,1.000,0.285,1036.000,1.000,0.264
1239.000,1.000,0.355,6819.000,1.000,0.147,5502.000,1.000,0.147,4300.000,1.000,0.147,3105.000,1.000,0.142
1255.000,1.000,0.512,6301.000,1.000,0.239,4520.000,1.000,0.233,1843.000,1.000,0.228,3617.000,1.000,0.225
1257.000,1.000,0.498,7441.000,1.000,0.286,7225.000,1.000,0.264,1609.000,1.000,0.250,4924.000,1.000,0.248
1262.000,1.000,0.863,5098.000,1.000,0.217,3793.000,4.000,0.217,6052.000,4.000,0.179,7219.000,1.000,0.171
1274.000,1.000,0.491,6533.000,1.000,0.293,5520.000,1.000,0.271,2370.000,1.000,0.265,4146.000,1.000,0.260
1277.000,1.000,0.663,4842.000,1.000,0.241,6533.000,1.000,0.231,2370.000,1.000,0.218,4193.000,1.000,0.211
1281.000,1.000,0.523,4300.000,1.000,0.094,6394.000,1.000,0.085,2725.000,1.000,0.085,7235.000,1.000,0.081
1286.000,1.000,0.590,1316.000,1.000,0.156,1035.000,4.000,0.153,4517.000,1.000,0.141,3620.000,4.000,0.129
1301.000,1.000,0.578,7235.000,1.000,0.173,3105.000,1.000,0.165,3705.000,1.000,0.163,5502.000,1.000,0.158
1312.000,1.000,0.611,1682.000,1.000,0.300,1316.000,1.000,0.240,5328.000,1.000,0.217,3594.000,1.000,0.217
1316.000,1.000,0.942,5379.000,4.000,0.316,4517.000,1.000,0.316,3620.000,4.000,0.301,4251.000,4.000,0.286
1317.000,1.000,0.410,5520.000,1.000,0.315,6533.000,1.000,0.308,2265.000,1.000,0.307,1609.000,1.000,0.290
1331.000,1.000,0.605,3705.000,1.000,0.098,5951.000,1.000,0.092,4919.000,1.000,0.091,1609.000,1.000,0.091
1336.000,1.000,0.406,1316.000,1.000,0.158,4517.000,1.000,0.148,3620.000,4.000,0.137,3539.000,1.000,0.137
1364.000,1.000,0.677,1682.000,1.000,0.250,1036.000,1.000,0.211,2265.000,1.000,0.205,4193.000,1.000,0.204
1365.000,1.000,0.616,4517.000,1.000,0.198,3620.000,4.000,0.194,5379.000,4.000,0.191,5290.000,1.000,0.189
1371.000,1.000,0.382,5332.000,1.000,0.232,1609.000,1.000,0.226,5078.000,1.000,0.226,1076.000,1.000,0.215
1376.000,1.000,0.493,3246.000,1.000,0.169,1036.000,1.000,0.166,4193.000,1.000,0.155,6819.000,1.000,0.148
1388.000,1.000,0.551,1682.000,1.000,0.342,5948.000,1.000,0.295,1036.000,1.000,0.281,7441.000,1.000,0.280
1425.000,1.000,0.660,2264.000,1.000,0.246,7365.000,1.000,0.238,7400.000,1.000,0.237,1760.000,1.000,0.231
1428.000,1.000,0.551,6819.000,1.000,0.245,1316.000,1.000,0.240,6876.000,1.000,0.240,7400.000,1.000,0.238
1435.000,1.000,0.699,5756.000,1.000,0.219,1682.000,1.000,0.204,5948.000,1.000,0.203,5328.000,1.000,0.200
1440.000,1.000,0.437,1316.000,1.000,0.260,7235.000,1.000,0.226,6819.000,1.000,0.224,3105.000,1.000,0.211
1463.000,1.000,0.413,1843.000,1.000,0.255,1609.000,1.000,0.247,2265.000,1.000,0.243,5332.000,1.000,0.231
1480.000,1.000,0.692,4193.000,1.000,0.189,1036.000,1.000,0.183,1682.000,1.000,0.172,1316.000,1.000,0.168
1492.000,1.000,0.443,6426.000,1.000,0.232,1074.000,3.000,0.202,1035.000,3.000,0.201,4799.000,1.000,0.178
1494.000,1.000,0.536,2265.000,1.000,0.273,1609.000,1.000,0.264,6533.000,1.000,0.260,5332.000,1.000,0.256
1498.000,1.000,0.433,1624.000,1.000,0.304,1609.000,1.000,0.302,5336.000,1.000,0.295,4469.000,1.000,0.293
1502.000,1.000,0.558,6533.000,1.000,0.283,1076.000,1.000,0.276,2265.000,1.000,0.272,2370.000,1.000,0.272
1507.000,1.000,0.351,4193.000,1.000,0.240,1609.000,1.000,0.237,7441.000,1.000,0.225,1682.000,1.000,0.225
1517.000,1.000,0.206,6533.000,4.000,0.261,2574.000,1.000,0.249,5520.000,4.000,0.233,2265.000,4.000,0.232
1530.000,1.000,0.516,1316.000,3.000,0.262,6301.000,1.000,0.252,4520.000,1.000,0.247,2968.000,1.000,0.221
1532.000,1.000,0.540,7441.000,1.000,0.274,1609.000,1.000,0.252,1695.000,1.000,0.243,1624.000,1.000,0.243
1537.000,1.000,0.531,6819.000,1.000,0.319,3105.000,1.000,0.297,7235.000,1.000,0.278,3617.000,1.000,0.278
1539.000,1.000,0.332,4300.000,1.000,0.151,5520.000,1.000,0.149,6490.000,1.000,0.148,6394.000,1.000,0.147
1546.000,1.000,0.777,6876.000,1.000,0.228,5572.000,1.000,0.221,1036.000,1.000,0.215,5948.000,1.000,0.214
1548.000,1.000,0.756,6533.000,1.000,0.343,1609.000,1.000,0.341,6301.000,1.000,0.339,1843.000,1.000,0.329
1551.000,1.000,0.309,7381.000,1.000,0.160,1609.000,1.000,0.159,6281.000,1.000,0.155,6819.000,1.000,0.146
1561.000,1.000,0.390,1682.000,1.000,0.195,5572.000,1.000,0.177,4193.000,1.000,0.177,4146.000,1.000,0.175
1567.000,1.000,0.524,7235.000,1.000,0.225,6819.000,1.000,0.204,6301.000,1.000,0.203,3105.000,1.000,0.201
1573.000,1.000,0.449,4193.000,1.000,0.203,1682.000,1.000,0.193,1316.000,1.000,0.192,2725.000,1.000,0.192
1575.000,1.000,0.400,7441.000,1.000,0.277,1843.000,1.000,0.269,6876.000,1.000,0.262,2347.000,1.000,0.261
1592.000,1.000,0.372,1316.000,1.000,0.157,2971.000,1.000,0.152,7400.000,1.000,0.151,3105.000,1.000,0.148
1599.000,1.000,0.855,1316.000,2.000,0.313,7441.000,1.000,0.252,4193.000,1.000,0.252,1682.000,1.000,0.250
1607.000,1.000,0.777,5356.000,4.000,0.328,4965.000,4.000,0.223,4609.000,4.000,0.193,4858.000,1.000,0.186
1609.000,1.000,0.521,4193.000,1.000,0.400,3105.000,1.000,0.337,7381.000,1.000,0.336,6819.000,1.000,0.330
1624.000,1.000,0.493,1609.000,1.000,0.363,7381.000,1.000,0.336,4193.000,1.000,0.335,6876.000,1.000,0.328
1635.000,1.000,0.447,1164.000,1.000,0.194,4268.000,1.000,0.193,7441.000,1.000,0.183,2547.000,1.000,0.179
1639.000,1.000,0.402,1843.000,1.000,0.284,2732.000,1.000,0.259,5207.000,1.000,0.249,5332.000,1.000,0.248
1657.000,1.000,0.557,4644.000,1.000,0.242,1546.000,1.000,0.226,5572.000,1.000,0.226,4842.000,1.000,0.218
1660.000,1.000,0.533,6876.000,1.000,0.186,1036.000,1.000,0.184,5443.000,1.000,0.182,1843.000,1.000,0.180
1661.000,1.000,0.619,1682.000,1.000,0.186,3337.000,1.000,0.174,5328.000,1.000,0.172,6426.000,1.000,0.169
1664.000,1.000,0.805,1316.000,1.000,0.232,5290.000,1.000,0.193,4517.000,1.000,0.184,2264.000,1.000,0.183
1667.000,1.000,0.352,1609.000,1.000,0.231,1624.000,1.000,0.221,4924.000,1.000,0.220,5332.000,1.000,0.218
1670.000,1.000,0.700,5572.000,1.000,0.261,6876.000,1.000,0.257,6819.000,1.000,0.238,4193.000,1.000,0.230
1673.000,1.000,0.476,7235.000,1.000,0.294,3617.000,1.000,0.292,6301.000,1.000,0.274,6876.000,1.000,0.273
1679.000,1.000,0.480,7441.000,1.000,0.282,1609.000,1.000,0.279,1076.000,1.000,0.259,7381.000,1.000,0.249
1682.000,1.000,0.678,1316.000,1.000,0.403,4193.000,1.000,0.325,4517.000,1.000,0.320,5328.000,1.000,0.320
1695.000,1.000,0.386,1316.000,1.000,0.296,1036.000,1.000,0.272,1609.000,1.000,0.263,4193.000,1.000,0.256
1700.000,1.000,0.684,1316.000,1.000,0.255,5328.000,1.000,0.247,1682.000,1.000,0.247,3823.000,4.000,0.241
1711.000,1.000,0.638,6961.000,1.000,0.254,7188.000,1.000,0.247,6301.000,1.000,0.246,1843.000,1.000,0.242
1720.000,1.000,0.427,6533.000,1.000,0.340,5520.000,1.000,0.328,2370.000,1.000,0.319,4146.000,1.000,0.309
1722.000,1.000,0.356,2370.000,1.000,0.217,5520.000,1.000,0.212,1130.000,1.000,0.207,4620.000,1.000,0.207
1724.000,1.000,0.790,4799.000,4.000,0.134,1607.000,2.000,0.114,5147.000,1.000,0.113,6394.000,4.000,0.112
1727.000,1.000,0.583,1316.000,1.000,0.152,6819.000,1.000,0.151,7400.000,1.000,0.151,7235.000,1.000,0.148
1736.000,1.000,0.654,1316.000,1.000,0.254,5379.000,4.000,0.228,6819.000,1.000,0.221,2264.000,1.000,0.210
1742.000,1.000,0.381,1700.000,1.000,0.137,6828.000,1.000,0.134,2055.000,1.000,0.133,4993.000,1.000,0.126
1752.000,1.000,0.288,6533.000,1.000,0.371,3335.000,1.000,0.337,5520.000,1.000,0.334,4146.000,1.000,0.331
1754.000,1.000,0.762,1682.000,1.000,0.211,1316.000,1.000,0.203,4193.000,1.000,0.196,1036.000,1.000,0.187
1760.000,1.000,0.759,1682.000,1.000,0.325,1316.000,1.000,0.322,5328.000,1.000,0.306,2811.000,1.000,0.282
1763.000,1.000,0.524,3246.000,1.000,0.222,1682.000,1.000,0.221,4193.000,1.000,0.204,1036.000,1.000,0.196
1768.000,1.000,0.472,1316.000,2.000,0.264,1682.000,1.000,0.261,5948.000,1.000,0.260,7441.000,1.000,0.249
1797.000,1.000,0.286,6819.000,1.000,0.209,3105.000,1.000,0.192,1316.000,1.000,0.188,7400.000,1.000,0.187
1804.000,1.000,0.610,5572.000,1.000,0.249,1682.000,1.000,0.247,1036.000,1.000,0.243,1316.000,2.000,0.239
1807.000,1.000,0.247,1609.000,1.000,0.172,7441.000,1.000,0.168,7381.000,1.000,0.166,5951.000,1.000,0.164
1808.000,1.000,0.291,4193.000,1.000,0.231,1609.000,1.000,0.217,6819.000,1.000,0.205,1682.000,1.000,0.200
1809.000,1.000,0.462,1843.000,1.000,0.261,6961.000,1.000,0.260,1609.000,1.000,0.255,1316.000,2.000,0.250
1831.000,1.000,0.501,1682.000,1.000,0.299,4193.000,1.000,0.221,3367.000,1.000,0.205,1609.000,1.000,0.193
1840.000,1.000,0.490,6533.000,1.000,0.341,5520.000,1.000,0.301,6301.000,1.000,0.298,4300.000,1.000,0.295
1843.000,1.000,0.616,6876.000,1.000,0.373,2732.000,1.000,0.361,3617.000,1.000,0.345,2347.000,1.000,0.334
1844.000,1.000,0.621,6533.000,1.000,0.316,5520.000,1.000,0.283,4146.000,1.000,0.273,4520.000,1.000,0.273
1854.000,1.000,0.442,1843.000,1.000,0.280,5332.000,1.000,0.263,2732.000,1.000,0.260,7441.000,1.000,0.258
1859.000,1.000,0.669,3823.000,1.000,0.088,4858.000,4.000,0.083,6298.000,4.000,0.079,4842.000,1.000,0.077
1861.000,1.000,0.222,4193.000,1.000,0.161,5328.000,1.000,0.149,2732.000,1.000,0.148,6819.000,1.000,0.145
1874.000,1.000,0.322,1609.000,1.000,0.379,7441.000,1.000,0.340,2265.000,1.000,0.316,4924.000,1.000,0.310
1877.000,1.000,0.837,5422.000,1.000,0.162,1035.000,4.000,0.161,5755.000,1.000,0.160,4517.000,1.000,0.155
1883.000,1.000,0.326,6976.000,1.000,0.245,1624.000,1.000,0.221,4924.000,1.000,0.221,1609.000,2.000,0.219
1884.000,1.000,0.485,6876.000,1.000,0.272,7365.000,1.000,0.257,1316.000,1.000,0.237,5328.000,1.000,0.235
1885.000,1.000,0.579,6876.000,1.000,0.255,6819.000,1.000,0.255,4193.000,1.000,0.247,3617.000,1.000,0.240
1887.000,1.000,0.427,2265.000,1.000,0.214,2370.000,1.000,0.212,1609.000,1.000,0.212,6533.000,1.000,0.212
1890.000,1.000,0.466,7235.000,1.000,0.183,4193.000,1.000,0.183,2725.000,1.000,0.171,3367.000,1.000,0.171
1894.000,1.000,0.638,4193.000,1.000,0.293,6819.000,1.000,0.284,7381.000,1.000,0.275,1682.000,1.000,0.268
1905.000,1.000,0.451,5520.000,1.000,0.292,6533.000,1.000,0.280,2370.000,1.000,0.271,4924.000,1.000,0.271
1917.000,1.000,0.416,4193.000,1.000,0.275,1316.000,1.000,0.273,1682.000,1.000,0.272,6876.000,1.000,0.265
1922.000,1.000,0.227,5332.000,1.000,0.196,1843.000,1.000,0.191,1624.000,1.000,0.190,1609.000,1.000,0.179
1942.000,1.000,0.217,1609.000,1.000,0.211,4193.000,1.000,0.209,1316.000,1.000,0.198,7381.000,1.000,0.197
1948.000,1.000,0.462,7441.000,1.000,0.231,1760.000,1.000,0.221,7225.000,1.000,0.220,3444.000,1.000,0.217
1953.000,1.000,0.700,5756.000,1.000,0.247,7441.000,1.000,0.232,1316.000,2.000,0.229,6876.000,1.000,0.219
1964.000,1.000,0.707,5497.000,1.000,0.124,3793.000,4.000,0.122,4858.000,1.000,0.118,4799.000,1.000,0.112
1969.000,1.000,0.524,1682.000,1.000,0.257,1316.000,2.000,0.204,1700.000,1.000,0.195,2838.000,1.000,0.189
1984.000,1.000,0.289,2265.000,1.000,0.276,1682.000,1.000,0.248,3105.000,1.000,0.245,1316.000,1.000,0.239
1989.000,1.000,0.382,6961.000,1.000,0.233,6533.000,1.000,0.232,5520.000,1.000,0.220,1843.000,1.000,0.220
2018.000,1.000,0.464,1843.000,1.000,0.273,1609.000,1.000,0.264,3617.000,1.000,0.263,2732.000,1.000,0.261
2022.000,1.000,0.803,7235.000,1.000,0.246,6819.000,1.000,0.244,6301.000,1.000,0.237,1682.000,1.000,0.234
2023.000,1.000,0.414,1682.000,2.000,0.178,2387.000,1.000,0.175,1624.000,1.000,0.168,7225.000,1.000,0.165
2029.000,1.000,0.644,1609.000,1.000,0.186,7441.000,1.000,0.167,1682.000,2.000,0.166,6976.000,1.000,0.166
2036.000,1.000,0.304,1609.000,1.000,0.217,7441.000,1.000,0.212,1624.000,1.000,0.198,6876.000,1.000,0.194
2041.000,1.000,0.512,1316.000,2.000,0.305,3617.000,1.000,0.299,6876.000,1.000,0.279,6301.000,1.000,0.278
2046.000,1.000,0.576,1316.000,1.000,0.135,4517.000,1.000,0.135,5328.000,1.000,0.131,6029.000,1.000,0.116
2049.000,1.000,0.666,4193.000,1.000,0.194,7235.000,1.000,0.188,6876.000,1.000,0.185,6819.000,1.000,0.183
2055.000,1.000,0.802,6533.000,4.000,0.279,6301.000,4.000,0.279,2532.000,1.000,0.273,4520.000,4.000,0.263
2065.000,1.000,0.601,1682.000,1.000,0.196,6533.000,1.000,0.190,5520.000,1.000,0.188,4193.000,1.000,0.187
2080.000,1.000,0.455,1609.000,1.000,0.257,4193.000,1.000,0.249,6533.000,1.000,0.248,7381.000,1.000,0.246
2099.000,1.000,0.425,6533.000,1.000,0.239,1843.000,1.000,0.233,4193.000,1.000,0.228,1076.000,1.000,0.228
2103.000,1.000,0.354,4193.000,1.000,0.314,1609.000,1.000,0.292,1682.000,1.000,0.280,7381.000,1.000,0.273
2104.000,1.000,0.546,1316.000,1.000,0.204,2264.000,1.000,0.196,7400.000,1.000,0.180,6819.000,1.000,0.174
2105.000,1.000,0.303,4193.000,1.000,0.224,3105.000,1.000,0.221,2265.000,1.000,0.219,5502.000,1.000,0.216
2106.000,1.000,0.465,1036.000,1.000,0.080,1682.000,1.000,0.073,1316.000,1.000,0.073,5497.000,1.000,0.071
2109.000,1.000,0.455,7441.000,1.000,0.242,5328.000,1.000,0.236,1316.000,2.000,0.233,1682.000,1.000,0.221
2110.000,1.000,0.719,3594.000,1.000,0.310,5356.000,4.000,0.266,6426.000,1.000,0.220,4858.000,4.000,0.211
2121.000,1.000,0.451,6301.000,1.000,0.191,1076.000,1.000,0.184,4924.000,1.000,0.184,2370.000,1.000,0.182
2140.000,1.000,0.679,1316.000,1.000,0.082,6819.000,1.000,0.078,7235.000,1.000,0.078,3105.000,1.000,0.075
2144.000,1.000,0.437,1316.000,1.000,0.203,4517.000,1.000,0.189,1682.000,1.000,0.187,5328.000,1.000,0.183
2149.000,1.000,0.319,3617.000,1.000,0.239,6301.000,1.000,0.234,1843.000,1.000,0.233,6819.000,1.000,0.228
2160.000,1.000,0.497,1843.000,1.000,0.167,2732.000,1.000,0.161,7441.000,1.000,0.155,4919.000,1.000,0.155
2185.000,1.000,0.471,7188.000,1.000,0.272,6876.000,1.000,0.265,5336.000,1.000,0.260,4193.000,1.000,0.258
2194.000,1.000,0.402,6533.000,1.000,0.335,5520.000,1.000,0.317,6301.000,1.000,0.312,4924.000,1.000,0.304
2196.000,1.000,0.455,1316.000,2.000,0.234,5948.000,1.000,0.221,1682.000,1.000,0.213,5572.000,1.000,0.213
2231.000,1.000,0.342,1682.000,1.000,0.227,7441.000,1.000,0.202,4193.000,1.000,0.202,3293.000,1.000,0.192
2235.000,1.000,0.420,5336.000,1.000,0.276,6876.000,1.000,0.272,2347.000,1.000,0.265,2732.000,1.000,0.259
2238.000,1.000,0.568,1316.000,1.000,0.205,7365.000,1.000,0.196,2264.000,1.000,0.181,4517.000,1.000,0.173
2259.000,1.000,0.437,7441.000,1.000,0.268,1609.000,1.000,0.265,1316.000,2.000,0.256,1843.000,1.000,0.246
2260.000,1.000,0.362,2055.000,1.000,0.122,6490.000,1.000,0.110,6533.000,4.000,0.110,2370.000,4.000,0.109
2264.000,1.000,0.518,1316.000,1.000,0.232,5755.000,1.000,0.231,3661.000,1.000,0.224,5290.000,1.000,0.222
2265.000,1.000,0.484,3124.000,1.000,0.388,3617.000,1.000,0.377,2732.000,1.000,0.366,6301.000,1.000,0.364
2268.000,1.000,0.480,4193.000,1.000,0.164,7381.000,1.000,0.156,1682.000,1.000,0.154,1036.000,1.000,0.143
2289.000,1.000,0.276,5356.000,1.000,0.142,3594.000,1.000,0.139,1682.000,2.000,0.102,3853.000,1.000,0.096
2312.000,1.000,0.456,1843.000,1.000,0.244,7188.000,1.000,0.232,3495.000,1.000,0.229,1609.000,1.000,0.221
2314.000,1.000,0.580,1316.000,1.000,0.210,2264.000,2.000,0.200,6819.000,1.000,0.199,6876.000,1.000,0.199
2331.000,1.000,0.540,2732.000,1.000,0.195,3617.000,1.000,0.187,7235.000,1.000,0.182,5951.000,1.000,0.181
2345.000,1.000,0.407,4193.000,1.000,0.288,5336.000,1.000,0.259,5572.000,1.000,0.257,7188.000,1.000,0.255
2347.000,1.000,0.466,6876.000,1.000,0.341,2732.000,1.000,0.328,7188.000,1.000,0.319,3617.000,1.000,0.314
2349.000,1.000,0.575,4842.000,1.000,0.191,6976.000,1.000,0.191,6533.000,1.000,0.190,4924.000,1.000,0.189
2354.000,1.000,0.356,2918.000,1.000,0.156,4517.000,4.000,0.153,1682.000,2.000,0.145,1948.000,1.000,0.141
2370.000,1.000,0.686,6533.000,1.000,0.508,6961.000,1.000,0.454,1843.000,1.000,0.448,6301.000,1.000,0.433
2377.000,1.000,0.768,1682.000,1.000,0.140,1036.000,1.000,0.121,2103.000,1.000,0.109,5497.000,1.000,0.108
2387.000,1.000,0.674,4193.000,1.000,0.324,1682.000,1.000,0.316,1316.000,1.000,0.312,6876.000,1.000,0.300
2404.000,1.000,0.446,1316.000,1.000,0.103,4517.000,1.000,0.091,5379.000,4.000,0.083,5290.000,1.000,0.080
2405.000,1.000,0.426,7441.000,1.000,0.210,6978.000,1.000,0.180,4924.000,1.000,0.178,2968.000,1.000,0.177
2406.000,1.000,0.337,1316.000,1.000,0.196,4193.000,1.000,0.187,5379.000,4.000,0.182,7365.000,1.000,0.181
2407.000,1.000,0.518,2055.000,2.000,0.227,4625.000,1.000,0.219,6490.000,1.000,0.207,6828.000,1.000,0.193
2409.000,1.000,0.224,5379.000,4.000,0.097,3620.000,4.000,0.094,4517.000,1.000,0.091,5290.000,1.000,0.086
2423.000,1.000,0.383,5385.000,1.000,0.095,5328.000,1.000,0.091,7441.000,4.000,0.089,7365.000,1.000,0.089
2424.000,1.000,0.585,5572.000,1.000,0.264,6301.000,1.000,0.263,1682.000,1.000,0.255,7441.000,1.000,0.251
2436.000,1.000,0.612,7441.000,1.000,0.307,1682.000,1.000,0.307,2265.000,1.000,0.303,4193.000,1.000,0.300
2438.000,1.000,0.761,7235.000,1.000,0.179,6301.000,1.000,0.171,3793.000,4.000,0.159,1316.000,2.000,0.158
2463.000,1.000,0.324,1316.000,2.000,0.280,7441.000,1.000,0.270,6301.000,1.000,0.259,1682.000,1.000,0.257
2485.000,1.000,0.448,1316.000,1.000,0.120,5379.000,4.000,0.114,6298.000,4.000,0.098,4858.000,1.000,0.097
2490.000,1.000,1.031,4609.000,4.000,0.366,6312.000,4.000,0.347,3853.000,1.000,0.329,3793.000,1.000,0.287
2512.000,1.000,0.357,1316.000,1.000,0.164,5756.000,1.000,0.147,3539.000,1.000,0.146,4517.000,1.000,0.142
2519.000,1.000,0.348,1316.000,1.000,0.191,2971.000,1.000,0.189,4193.000,1.000,0.184,6819.000,1.000,0.179
2522.000,1.000,0.477,4193.000,1.000,0.254,7381.000,1.000,0.246,3105.000,1.000,0.234,6819.000,1.000,0.224
2526.000,1.000,0.594,1316.000,1.000,0.219,1682.000,1.000,0.204,4193.000,1.000,0.203,5328.000,1.000,0.199
2529.000,1.000,0.660,1843.000,1.000,0.224,2370.000,1.000,0.223,2732.000,1.000,0.219,6301.000,1.000,0.216
2532.000,1.000,0.549,6533.000,1.000,0.478,2370.000,1.000,0.415,5520.000,1.000,0.409,4146.000,1.000,0.403
2541.000,1.000,0.558,5756.000,1.000,0.201,3705.000,1.000,0.195,3444.000,1.000,0.182,2811.000,1.000,0.182
2547.000,1.000,0.423,7441.000,1.000,0.299,1695.000,1.000,0.269,1609.000,1.000,0.267,5756.000,1.000,0.263
2553.000,1.000,0.578,1682.000,1.000,0.214,2265.000,1.000,0.212,4107.000,1.000,0.200,5572.000,1.000,0.199
2562.000,1.000,0.494,5520.000,1.000,0.269,5502.000,1.000,0.263,5207.000,1.000,0.257,3367.000,1.000,0.257
2574.000,1.000,0.805,3546.000,1.000,0.448,6533.000,1.000,0.432,4146.000,1.000,0.416,5520.000,1.000,0.412
2594.000,1.000,0.402,1682.000,1.000,0.273,1036.000,1.000,0.258,4193.000,1.000,0.252,7441.000,1.000,0.242
2607.000,1.000,0.497,2265.000,1.000,0.218,1609.000,1.000,0.217,1624.000,1.000,0.213,7441.000,1.000,0.212
2621.000,1.000,0.477,5572.000,1.000,0.226,4193.000,1.000,0.225,6301.000,1.000,0.221,1682.000,1.000,0.214
2623.000,1.000,0.488,6533.000,1.000,0.276,4146.000,1.000,0.268,3546.000,1.000,0.265,5520.000,1.000,0.259
2635.000,1.000,0.546,6819.000,1.000,0.212,1316.000,1.000,0.209,2264.000,1.000,0.190,3105.000,1.000,0.185
2638.000,1.000,0.772,2265.000,1.000,0.193,4300.000,1.000,0.191,3594.000,1.000,0.180,4332.000,1.000,0.173
2640.000,1.000,0.597,1682.000,1.000,0.264,5948.000,1.000,0.254,5328.000,1.000,0.250,1316.000,1.000,0.245
2669.000,1.000,0.434,6533.000,1.000,0.374,5520.000,1.000,0.362,4300.000,1.000,0.339,2265.000,1.000,0.337
2678.000,1.000,0.534,1609.000,1.000,0.183,4146.000,1.000,0.180,4924.000,1.000,0.179,6533.000,1.000,0.176
2684.000,1.000,0.364,6533.000,1.000,0.240,5520.000,1.000,0.238,4924.000,1.000,0.231,1609.000,1.000,0.228
2698.000,1.000,0.563,1316.000,1.000,0.218,2264.000,1.000,0.203,4336.000,1.000,0.189,6810.000,1.000,0.188
2707.000,1.000,0.368,1609.000,1.000,0.217,6819.000,1.000,0.213,1076.000,1.000,0.212,6533.000,1.000,0.211
2708.000,1.000,0.379,3367.000,1.000,0.109,5572.000,1.000,0.108,1682.000,1.000,0.107,1316.000,2.000,0.105
2710.000,1.000,0.366,5756.000,1.000,0.189,7441.000,1.000,0.180,1695.000,1.000,0.165,1164.000,1.000,0.164
2725.000,1.000,0.394,6819.000,1.000,0.306,3617.000,1.000,0.297,6876.000,1.000,0.290,7235.000,1.000,0.290
2730.000,1.000,0.260,4193.000,1.000,0.260,3105.000,1.000,0.252,7235.000,1.000,0.243,6819.000,1.000,0.237
2732.000,1.000,0.661,5572.000,1.000,0.329,7365.000,1.000,0.319,7400.000,1.000,0.311,6819.000,1.000,0.311
2733.000,1.000,0.372,5756.000,1.000,0.158,7441.000,1.000,0.158,1164.000,1.000,0.153,3444.000,1.000,0.153
2742.000,1.000,0.410,1843.000,1.000,0.253,1609.000,1.000,0.250,6876.000,1.000,0.242,2347.000,1.000,0.233
2749.000,1.000,0.376,1843.000,1.000,0.278,6613.000,1.000,0.246,4496.000,1.000,0.236,5332.000,1.000,0.235
2757.000,1.000,0.508,6533.000,1.000,0.317,5520.000,1.000,0.308,4146.000,1.000,0.289,1217.000,1.000,0.283
2774.000,1.000,0.384,6819.000,1.000,0.174,7235.000,1.000,0.162,3105.000,1.000,0.157,7400.000,1.000,0.153
2789.000,1.000,0.323,7381.000,1.000,0.184,1316.000,1.000,0.177,3105.000,1.000,0.176,4193.000,1.000,0.173
2793.000,1.000,0.431,1036.000,1.000,0.159,5443.000,1.000,0.153,5328.000,1.000,0.147,4193.000,1.000,0.147
2803.000,1.000,0.619,7381.000,1.000,0.178,2265.000,1.000,0.163,5520.000,1.000,0.157,4193.000,1.000,0.157
2811.000,1.000,0.679,1316.000,1.000,0.277,5328.000,1.000,0.269,6819.000,1.000,0.240,7365.000,1.000,0.236
2832.000,1.000,0.445,1316.000,1.000,0.208,4193.000,1.000,0.182,1440.000,1.000,0.181,2725.000,1.000,0.180
2834.000,1.000,0.421,1682.000,1.000,0.201,1700.000,1.000,0.196,5328.000,1.000,0.190,1316.000,2.000,0.184
2838.000,1.000,0.928,1682.000,1.000,0.234,5948.000,1.000,0.205,4193.000,1.000,0.191,1316.000,1.000,0.186
2857.000,1.000,0.505,5502.000,1.000,0.270,7235.000,1.000,0.270,6819.000,1.000,0.267,7188.000,1.000,0.260
2873.000,1.000,0.415,1316.000,2.000,0.189,3705.000,1.000,0.172,4193.000,1.000,0.168,5502.000,1.000,0.159
2878.000,1.000,0.760,1682.000,1.000,0.195,6433.000,1.000,0.186,3523.000,1.000,0.183,1609.000,1.000,0.180
2892.000,1.000,0.388,1609.000,1.000,0.338,2265.000,1.000,0.321,6533.000,1.000,0.320,5520.000,1.000,0.320
2905.000,1.000,0.560,3594.000,4.000,0.199,4517.000,1.000,0.165,1316.000,1.000,0.164,1312.000,1.000,0.159
2918.000,1.000,0.467,7441.000,1.000,0.323,5948.000,1.000,0.320,1760.000,1.000,0.309,1682.000,1.000,0.308
2926.000,1.000,0.574,3705.000,1.000,0.156,4193.000,1.000,0.149,5502.000,1.000,0.144,1609.000,1.000,0.143
2945.000,1.000,0.621,1682.000,1.000,0.161,5948.000,1.000,0.159,4517.000,1.000,0.154,1036.000,1.000,0.153
2956.000,1.000,0.428,6301.000,1.000,0.121,7235.000,1.000,0.120,5147.000,1.000,0.117,6819.000,1.000,0.117
2967.000,1.000,0.731,5948.000,1.000,0.204,1546.000,1.000,0.200,6876.000,1.000,0.197,1682.000,1.000,0.195
2968.000,1.000,0.563,2732.000,1.000,0.364,6876.000,1.000,0.362,1843.000,1.000,0.362,3617.000,1.000,0.350
2971.000,1.000,0.487,6819.000,1.000,0.293,1316.000,1.000,0.274,4193.000,1.000,0.270,6876.000,1.000,0.260
2987.000,1.000,0.212,6876.000,1.000,0.182,7441.000,1.000,0.178,3705.000,1.000,0.177,1843.000,1.000,0.174
2988.000,1.000,0.233,5520.000,1.000,0.164,6533.000,1.000,0.160,4146.000,1.000,0.160,2370.000,1.000,0.158
3003.000,1.000,0.412,6533.000,1.000,0.381,5520.000,1.000,0.373,2265.000,1.000,0.345,3546.000,1.000,0.333
3009.000,1.000,0.514,6533.000,1.000,0.356,4146.000,1.000,0.337,2370.000,1.000,0.334,6301.000,1.000,0.333
3010.000,1.000,0.387,6533.000,1.000,0.329,2265.000,1.000,0.317,5520.000,1.000,0.309,4146.000,1.000,0.301
3019.000,1.000,0.506,1609.000,1.000,0.222,7441.000,1.000,0.220,7381.000,1.000,0.212,1624.000,1.000,0.212
3043.000,1.000,0.605,7235.000,1.000,0.245,3617.000,1.000,0.228,6876.000,1.000,0.226,6819.000,1.000,0.226
3050.000,1.000,0.614,5756.000,1.000,0.216,1953.000,1.000,0.197,3444.000,1.000,0.187,1695.000,1.000,0.183
3052.000,1.000,0.465,7188.000,1.000,0.227,6876.000,1.000,0.214,6159.000,1.000,0.213,7365.000,1.000,0.213
3055.000,1.000,0.403,1760.000,1.000,0.238,1316.000,1.000,0.236,1682.000,1.000,0.226,7365.000,1.000,0.225
3059.000,1.000,0.479,5336.000,1.000,0.243,7381.000,1.000,0.243,6961.000,1.000,0.233,3534.000,1.000,0.231
3061.000,1.000,0.334,3105.000,1.000,0.212,4193.000,1.000,0.210,7381.000,1.000,0.197,1316.000,1.000,0.186
3077.000,1.000,0.570,6533.000,1.000,0.304,1076.000,1.000,0.300,2265.000,1.000,0.292,7396.000,1.000,0.284
3080.000,1.000,0.491,2732.000,1.000,0.291,7365.000,1.000,0.281,5572.000,1.000,0.280,6876.000,1.000,0.279
3091.000,1.000,0.451,2732.000,1.000,0.283,7365.000,1.000,0.269,1843.000,1.000,0.263,6876.000,1.000,0.262
3098.000,1.000,0.374,6533.000,1.000,0.328,1843.000,1.000,0.326,1609.000,1.000,0.320,1076.000,1.000,0.309
3105.000,1.000,0.439,6819.000,1.000,0.286,1316.000,1.000,0.268,7235.000,1.000,0.257,2264.000,1.000,0.255
3110.000,1.000,0.543,1682.000,1.000,0.312,7441.000,1.000,0.279,1316.000,1.000,0.267,5098.000,1.000,0.266
3111.000,1.000,0.388,1682.000,1.000,0.259,4193.000,1.000,0.196,1316.000,1.000,0.191,1035.000,4.000,0.185
3120.000,1.000,0.817,1609.000,1.000,0.188,4842.000,1.000,0.184,6976.000,1.000,0.184,2669.000,1.000,0.177
3124.000,1.000,0.541,6819.000,1.000,0.313,7235.000,1.000,0.298,1316.000,1.000,0.286,3105.000,1.000,0.285
3152.000,1.000,0.479,5520.000,1.000,0.261,1076.000,1.000,0.256,6533.000,1.000,0.254,4924.000,1.000,0.253
3165.000,1.000,0.410,1546.000,1.000,0.095,5572.000,1.000,0.094,7441.000,1.000,0.093,6735.000,1.000,0.092
3168.000,1.000,0.610,1682.000,1.000,0.214,6819.000,1.000,0.200,2264.000,2.000,0.197,6876.000,1.000,0.195
3177.000,1.000,0.568,7441.000,1.000,0.227,4193.000,1.000,0.225,1682.000,1.000,0.217,5379.000,1.000,0.208
3178.000,1.000,0.447,6533.000,1.000,0.237,4146.000,1.000,0.237,3124.000,1.000,0.226,5520.000,1.000,0.224
3180.000,1.000,0.398,6533.000,1.000,0.125,6961.000,1.000,0.120,1843.000,1.000,0.118,5497.000,1.000,0.116
3184.000,1.000,0.583,1316.000,1.000,0.208,1036.000,1.000,0.186,4193.000,1.000,0.178,1682.000,1.000,0.176
3211.000,1.000,0.580,3246.000,1.000,0.175,1036.000,2.000,0.166,4858.000,1.000,0.164,3611.000,1.000,0.160
3217.000,1.000,0.505,1036.000,1.000,0.197,7381.000,1.000,0.174,4193.000,1.000,0.167,6433.000,1.000,0.152
3221.000,1.000,0.508,1609.000,1.000,0.237,1217.000,1.000,0.231,4924.000,1.000,0.214,6533.000,1.000,0.209
3234.000,1.000,0.503,1537.000,1.000,0.170,1682.000,1.000,0.156,4193.000,1.000,0.155,3793.000,1.000,0.153
3245.000,1.000,0.609,6301.000,1.000,0.187,6819.000,1.000,0.177,6876.000,1.000,0.177,2732.000,1.000,0.171
3246.000,1.000,0.662,1682.000,1.000,0.256,3594.000,1.000,0.232,1036.000,1.000,0.221,1736.000,1.000,0.199
3262.000,1.000,0.697,1036.000,2.000,0.233,1076.000,1.000,0.230,7441.000,1.000,0.228,1682.000,2.000,0.227
3281.000,1.000,0.548,1843.000,1.000,0.312,5207.000,1.000,0.289,6301.000,1.000,0.286,2732.000,1.000,0.283
3293.000,1.000,0.468,4193.000,1.000,0.309,6876.000,1.000,0.304,2732.000,1.000,0.296,5572.000,1.000,0.293
3302.000,1.000,0.443,4300.000,1.000,0.183,7381.000,1.000,0.170,4193.000,1.000,0.169,6819.000,1.000,0.167
3306.000,1.000,0.631,5332.000,1.000,0.263,2732.000,1.000,0.258,1843.000,1.000,0.256,5756.000,1.000,0.251
3314.000,1.000,0.591,5502.000,1.000,0.232,7188.000,1.000,0.231,6876.000,1.000,0.230,3617.000,1.000,0.228
3326.000,1.000,0.399,1316.000,1.000,0.168,4517.000,1.000,0.143,2264.000,1.000,0.125,5379.000,4.000,0.124
3335.000,1.000,0.573,6533.000,1.000,0.378,5520.000,1.000,0.371,1609.000,1.000,0.358,2265.000,1.000,0.347
3337.000,1.000,0.583,1682.000,1.000,0.264,4193.000,1.000,0.227,7441.000,1.000,0.224,1036.000,1.000,0.223
3346.000,1.000,0.534,4146.000,1.000,0.244,5520.000,1.000,0.244,2265.000,1.000,0.242,6533.000,1.000,0.237
3355.000,1.000,0.455,6533.000,1.000,0.306,1076.000,1.000,0.282,4146.000,1.000,0.270,5520.000,1.000,0.268
3358.000,1.000,0.305,7381.000,1.000,0.277,2725.000,1.000,0.266,3617.000,1.000,0.257,6876.000,1.000,0.251
3367.000,1.000,0.593,1316.000,1.000,0.352,7235.000,1.000,0.332,1682.000,1.000,0.332,5951.000,1.000,0.306
3387.000,1.000,0.544,4693.000,1.000,0.216,1843.000,1.000,0.213,6533.000,1.000,0.212,3293.000,1.000,0.204
3393.000,1.000,0.478,1316.000,1.000,0.146,5379.000,4.000,0.122,2264.000,1.000,0.116,6810.000,1.000,0.113
3397.000,1.000,0.603,6533.000,1.000,0.334,5520.000,1.000,0.318,1217.000,1.000,0.306,4924.000,1.000,0.305
3403.000,1.000,0.367,1316.000,1.000,0.180,2698.000,1.000,0.135,4517.000,1.000,0.133,6819.000,1.000,0.129
3443.000,1.000,0.233,6876.000,1.000,0.128,1682.000,1.000,0.128,1316.000,2.000,0.124,1036.000,1.000,0.122
3444.000,1.000,0.570,5756.000,1.000,0.304,5328.000,1.000,0.290,6876.000,1.000,0.259,1036.000,1.000,0.255
3445.000,1.000,0.446,6533.000,1.000,0.293,2265.000,1.000,0.279,1609.000,1.000,0.268,4924.000,1.000,0.266
3453.000,1.000,0.502,1609.000,1.000,0.238,1624.000,1.000,0.223,1843.000,1.000,0.221,6876.000,1.000,0.219
3458.000,1.000,0.271,1682.000,1.000,0.206,1035.000,4.000,0.179,1074.000,1.000,0.160,4193.000,1.000,0.149
3465.000,1.000,0.516,7441.000,1.000,0.228,1682.000,1.000,0.227,1036.000,1.000,0.205,1609.000,1.000,0.198
3474.000,1.000,0.455,1316.000,1.000,0.110,4517.000,1.000,0.109,4193.000,1.000,0.108,7381.000,1.000,0.106
3495.000,1.000,0.469,7365.000,1.000,0.296,7400.000,1.000,0.261,1316.000,1.000,0.260,6819.000,1.000,0.245
3496.000,1.000,0.360,7441.000,1.000,0.205,1609.000,1.000,0.203,1076.000,1.000,0.195,4924.000,1.000,0.191
3503.000,1.000,0.816,1036.000,1.000,0.142,7441.000,1.000,0.141,5756.000,1.000,0.139,1609.000,1.000,0.139
3518.000,1.000,0.594,6819.000,1.000,0.269,1316.000,1.000,0.260,7235.000,1.000,0.250,3105.000,1.000,0.244
3523.000,1.000,0.557,6819.000,1.000,0.313,4193.000,1.000,0.295,7188.000,1.000,0.291,6301.000,1.000,0.289
3526.000,1.000,0.435,1316.000,2.000,0.173,7441.000,1.000,0.167,3617.000,1.000,0.165,2732.000,1.000,0.163
3534.000,1.000,0.376,6819.000,1.000,0.269,7235.000,1.000,0.259,4193.000,1.000,0.258,5502.000,1.000,0.256
3536.000,1.000,0.766,6533.000,1.000,0.279,5520.000,1.000,0.262,3335.000,1.000,0.250,3546.000,1.000,0.250
3539.000,1.000,0.605,1316.000,1.000,0.237,4517.000,1.000,0.199,3620.000,4.000,0.195,5379.000,4.000,0.183
3545.000,1.000,0.569,3335.000,1.000,0.285,4924.000,1.000,0.260,1624.000,1.000,0.259,4620.000,1.000,0.258
3546.000,1.000,0.462,6533.000,1.000,0.465,5520.000,1.000,0.431,2265.000,1.000,0.418,4146.000,1.000,0.417
3551.000,1.000,0.441,6533.000,1.000,0.300,2370.000,1.000,0.281,2732.000,1.000,0.277,4146.000,1.000,0.274
3558.000,1.000,0.491,1609.000,1.000,0.233,7441.000,1.000,0.231,4193.000,1.000,0.227,1130.000,1.000,0.214
3577.000,1.000,0.522,1843.000,1.000,0.224,2732.000,1.000,0.218,1546.000,1.000,0.214,6876.000,1.000,0.200
3589.000,1.000,0.338,6533.000,4.000,0.254,3609.000,4.000,0.220,2370.000,3.000,0.211,2574.000,1.000,0.208
3593.000,1.000,0.674,6533.000,1.000,0.290,4146.000,1.000,0.287,4924.000,1.000,0.271,5520.000,1.000,0.269
3594.000,1.000,1.787,5356.000,1.000,0.641,3793.000,1.000,0.428,1607.000,1.000,0.385,6052.000,4.000,0.313
3595.000,1.000,0.457,6533.000,1.000,0.306,5520.000,1.000,0.295,1076.000,1.000,0.294,4300.000,1.000,0.282
3600.000,1.000,0.412,7441.000,1.000,0.327,1609.000,2.000,0.313,1076.000,1.000,0.311,4924.000,1.000,0.309
3609.000,1.000,0.535,6301.000,1.000,0.358,3617.000,1.000,0.355,2732.000,1.000,0.326,4520.000,1.000,0.323
3611.000,1.000,0.495,6819.000,1.000,0.260,4193.000,1.000,0.254,2971.000,1.000,0.250,1316.000,1.000,0.243
3616.000,1.000,0.493,1682.000,1.000,0.241,4193.000,1.000,0.235,1036.000,1.000,0.201,1609.000,1.000,0.199
3617.000,1.000,0.455,6819.000,1.000,0.335,6876.000,1.000,0.334,7235.000,1.000,0.324,2732.000,1.000,0.319
3618.000,1.000,0.432,4146.000,1.000,0.294,6533.000,1.000,0.285,2265.000,1.000,0.282,5520.000,1.000,0.278
3620.000,1.000,0.330,3335.000,2.000,0.367,1609.000,2.000,0.359,2370.000,1.000,0.357,6533.000,1.000,0.353
3621.000,1.000,0.531,6976.000,1.000,0.269,6298.000,1.000,0.252,7441.000,1.000,0.250,3246.000,1.000,0.250
3625.000,1.000,0.445,4244.000,1.000,0.158,1682.000,1.000,0.158,5328.000,1.000,0.152,1316.000,1.000,0.142
3634.000,1.000,0.447,7441.000,1.000,0.226,1609.000,1.000,0.221,6876.000,1.000,0.214,1682.000,1.000,0.214
3648.000,1.000,0.459,1760.000,1.000,0.185,7381.000,1.000,0.182,1609.000,1.000,0.181,5336.000,1.000,0.180
3659.000,1.000,0.530,1316.000,1.000,0.239,1682.000,1.000,0.234,6876.000,1.000,0.231,5328.000,1.000,0.226
3660.000,1.000,0.928,4609.000,1.000,0.251,5098.000,1.000,0.222,4496.000,1.000,0.218,4965.000,4.000,0.211
3661.000,1.000,0.448,5290.000,1.000,0.222,1316.000,1.000,0.221,5755.000,1.000,0.203,5379.000,4.000,0.199
3670.000,1.000,0.684,1609.000,1.000,0.230,4193.000,1.000,0.225,2387.000,1.000,0.220,7381.000,1.000,0.219
3680.000,1.000,0.672,1316.000,1.000,0.202,5951.000,1.000,0.154,5328.000,1.000,0.150,4517.000,1.000,0.145
3682.000,1.000,0.415,6976.000,1.000,0.262,2265.000,1.000,0.250,3546.000,1.000,0.247,5520.000,1.000,0.240
3686.000,1.000,0.493,2732.000,1.000,0.279,6533.000,1.000,0.278,6159.000,1.000,0.276,5336.000,1.000,0.273
3690.000,1.000,0.486,7441.000,1.000,0.378,1682.000,1.000,0.330,5328.000,1.000,0.300,1609.000,1.000,0.297
3701.000,1.000,0.505,5756.000,1.000,0.264,7441.000,1.000,0.249,1130.000,1.000,0.241,1843.000,1.000,0.231
3705.000,1.000,0.610,1316.000,1.000,0.338,6876.000,1.000,0.333,2732.000,1.000,0.331,7381.000,1.000,0.326
3715.000,1.000,0.553,3594.000,1.000,0.266,1312.000,1.000,0.245,1036.000,1.000,0.244,1682.000,1.000,0.243
3718.000,1.000,0.500,2370.000,1.000,0.351,6533.000,1.000,0.336,4620.000,1.000,0.315,4924.000,1.000,0.311
3732.000,1.000,0.921,6533.000,1.000,0.279,5520.000,1.000,0.250,3546.000,1.000,0.248,4146.000,1.000,0.248
3740.000,1.000,0.550,1682.000,1.000,0.224,1316.000,2.000,0.218,1036.000,1.000,0.207,4193.000,1.000,0.205
3756.000,1.000,0.552,1316.000,1.000,0.229,1682.000,1.000,0.214,1036.000,1.000,0.213,4193.000,1.000,0.210
3778.000,1.000,0.540,7365.000,1.000,0.055,1877.000,1.000,0.051,2264.000,1.000,0.049,3661.000,1.000,0.047
3781.000,1.000,0.601,5756.000,1.000,0.257,3444.000,1.000,0.240,5656.000,1.000,0.231,5686.000,1.000,0.226
3793.000,1.000,1.543,5356.000,4.000,0.409,6052.000,1.000,0.352,5098.000,1.000,0.257,1607.000,2.000,0.223
3794.000,1.000,0.512,1843.000,1.000,0.183,2732.000,1.000,0.176,2265.000,1.000,0.173,6533.000,1.000,0.164
3797.000,1.000,0.625,5756.000,1.000,0.154,7441.000,1.000,0.150,5686.000,1.000,0.150,1843.000,1.000,0.148
3816.000,1.000,0.476,6533.000,1.000,0.318,5520.000,1.000,0.312,3546.000,1.000,0.293,2265.000,1.000,0.288
3823.000,1.000,1.144,5356.000,4.000,0.342,3793.000,2.000,0.321,4965.000,4.000,0.248,4799.000,4.000,0.194
3837.000,1.000,0.574,3594.000,2.000,0.139,3823.000,2.000,0.133,3793.000,1.000,0.103,1607.000,3.000,0.101
3843.000,1.000,0.430,7441.000,1.000,0.217,1164.000,1.000,0.205,5948.000,1.000,0.195,1388.000,1.000,0.195
3844.000,1.000,0.680,5328.000,1.000,0.219,7441.000,1.000,0.215,1682.000,1.000,0.210,1609.000,1.000,0.207
3853.000,1.000,0.892,4609.000,4.000,0.408,5098.000,1.000,0.371,3594.000,2.000,0.334,5356.000,1.000,0.280
3858.000,1.000,0.541,1682.000,1.000,0.210,1036.000,1.000,0.207,4193.000,1.000,0.200,1316.000,1.000,0.189
3859.000,1.000,0.499,6819.000,1.000,0.254,1036.000,1.000,0.251,6876.000,1.000,0.247,4193.000,1.000,0.243
3866.000,1.000,0.429,1316.000,1.000,0.217,4517.000,1.000,0.181,5290.000,1.000,0.170,7400.000,1.000,0.166
3871.000,1.000,0.632,5520.000,1.000,0.224,2265.000,1.000,0.206,1440.000,1.000,0.201,6533.000,1.000,0.196
3892.000,1.000,0.521,3594.000,2.000,0.127,1257.000,1.000,0.076,1682.000,3.000,0.072,4799.000,1.000,0.071
3904.000,1.000,0.537,1609.000,1.000,0.289,4924.000,1.000,0.279,1076.000,1.000,0.278,7381.000,1.000,0.269
3908.000,1.000,0.389,7441.000,1.000,0.206,4193.000,1.000,0.203,2265.000,1.000,0.201,5520.000,1.000,0.201
3923.000,1.000,0.490,3594.000,1.000,0.115,4842.000,1.000,0.103,5356.000,1.000,0.099,2635.000,1.000,0.098
3948.000,1.000,0.270,6876.000,1.000,0.158,1682.000,1.000,0.158,3367.000,1.000,0.153,4919.000,1.000,0.153
3970.000,1.000,0.462,1609.000,1.000,0.286,6533.000,1.000,0.251,1624.000,1.000,0.250,1843.000,1.000,0.243
3997.000,1.000,0.436,5332.000,1.000,0.147,2265.000,1.000,0.147,5572.000,1.000,0.146,7441.000,1.000,0.143
4004.000,1.000,0.330,4193.000,1.000,0.226,1609.000,1.000,0.221,5502.000,1.000,0.216,2265.000,1.000,0.213
4016.000,1.000,0.423,7381.000,1.000,0.269,4193.000,1.000,0.256,3105.000,1.000,0.248,5379.000,4.000,0.243
4026.000,1.000,0.654,4193.000,1.000,0.226,5502.000,1.000,0.223,3105.000,1.000,0.211,7381.000,1.000,0.211
4027.000,1.000,0.473,5572.000,1.000,0.203,4193.000,1.000,0.202,5520.000,1.000,0.199,2265.000,1.000,0.197
4040.000,1.000,0.587,5328.000,1.000,0.198,1316.000,1.000,0.176,1365.000,1.000,0.173,7365.000,1.000,0.170
4046.000,1.000,0.254,5520.000,1.000,0.207,6533.000,1.000,0.205,2265.000,1.000,0.204,6301.000,1.000,0.198
4052.000,1.000,0.575,7441.000,1.000,0.261,6478.000,1.000,0.259,1682.000,2.000,0.251,5332.000,1.000,0.250
4059.000,1.000,0.416,6819.000,1.000,0.215,2264.000,1.000,0.208,6876.000,1.000,0.206,2732.000,1.000,0.205
4076.000,1.000,0.852,4858.000,1.000,0.196,1036.000,1.000,0.193,6568.000,4.000,0.174,3246.000,1.000,0.170
4081.000,1.000,0.486,1843.000,1.000,0.221,1884.000,1.000,0.220,1624.000,1.000,0.215,1130.000,1.000,0.211
4092.000,1.000,0.414,4517.000,1.000,0.136,3594.000,2.000,0.118,1877.000,1.000,0.117,5290.000,1.000,0.114
4093.000,1.000,0.436,5328.000,1.000,0.265,6876.000,1.000,0.260,1843.000,1.000,0.257,1036.000,1.000,0.255
4102.000,1.000,0.834,1036.000,1.000,0.167,7235.000,1.000,0.145,3705.000,1.000,0.142,6052.000,4.000,0.139
4107.000,1.000,0.581,1682.000,1.000,0.249,4193.000,1.000,0.229,1316.000,1.000,0.224,5572.000,1.000,0.215
4111.000,1.000,0.671,6819.000,1.000,0.239,3105.000,1.000,0.229,4193.000,1.000,0.222,3124.000,1.000,0.220
4120.000,1.000,0.470,7219.000,1.000,0.113,1682.000,1.000,0.095,2103.000,1.000,0.089,1388.000,1.000,0.084
4128.000,1.000,0.705,1316.000,1.000,0.232,4517.000,1.000,0.214,1682.000,1.000,0.208,5290.000,1.000,0.192
4131.000,1.000,0.436,6819.000,1.000,0.253,7400.000,1.000,0.237,2264.000,2.000,0.231,1316.000,1.000,0.224
4142.000,1.000,0.644,1682.000,1.000,0.263,1316.000,2.000,0.258,4193.000,1.000,0.255,6961.000,1.000,0.245
4146.000,1.000,0.581,6533.000,1.000,0.460,5520.000,1.000,0.439,2265.000,1.000,0.410,4300.000,1.000,0.402
4172.000,1.000,0.429,3124.000,1.000,0.308,2725.000,1.000,0.305,5502.000,1.000,0.304,3617.000,1.000,0.304
4176.000,1.000,0.581,1316.000,1.000,0.152,4517.000,1.000,0.138,3793.000,4.000,0.128,4251.000,4.000,0.127
4184.000,1.000,0.450,6533.000,1.000,0.290,5520.000,1.000,0.268,3546.000,1.000,0.265,2370.000,1.000,0.257
4193.000,1.000,0.588,6819.000,1.000,0.332,1316.000,1.000,0.331,3105.000,1.000,0.300,2264.000,2.000,0.272
4223.000,1.000,0.375,4146.000,1.000,0.237,5520.000,1.000,0.231,6533.000,1.000,0.226,2265.000,2.000,0.218
4226.000,1.000,0.656,4965.000,4.000,0.182,1316.000,1.000,0.160,7235.000,1.000,0.150,1760.000,1.000,0.148
4241.000,1.000,0.472,2732.000,1.000,0.323,5572.000,1.000,0.304,1843.000,1.000,0.295,6301.000,1.000,0.290
4244.000,1.000,0.712,5328.000,1.000,0.249,1682.000,1.000,0.225,1316.000,1.000,0.217,5290.000,1.000,0.197
4245.000,1.000,0.562,6533.000,1.000,0.413,4146.000,1.000,0.382,2370.000,1.000,0.372,4924.000,1.000,0.365
4247.000,1.000,0.620,6533.000,1.000,0.343,2370.000,1.000,0.321,5520.000,1.000,0.305,5336.000,1.000,0.304
4251.000,1.000,0.425,3335.000,1.000,0.308,1076.000,2.000,0.300,4620.000,1.000,0.292,6533.000,1.000,0.291
4268.000,1.000,0.538,1695.000,1.000,0.306,1624.000,1.000,0.283,1164.000,1.000,0.280,7441.000,1.000,0.277
4279.000,1.000,0.578,5520.000,1.000,0.314,6533.000,1.000,0.305,2265.000,1.000,0.295,1076.000,1.000,0.287
4284.000,1.000,0.566,3594.000,4.000,0.222,2638.000,2.000,0.215,6490.000,4.000,0.214,6394.000,4.000,0.211
4295.000,1.000,0.269,5379.000,4.000,0.115,1316.000,1.000,0.111,1440.000,1.000,0.106,1682.000,1.000,0.106
4300.000,1.000,0.670,6301.000,1.000,0.343,7235.000,1.000,0.342,6819.000,1.000,0.328,3617.000,1.000,0.327
4305.000,1.000,0.550,6533.000,1.000,0.293,2265.000,1.000,0.291,5502.000,1.000,0.288,6301.000,1.000,0.285
4311.000,1.000,0.468,5336.000,1.000,0.280,7381.000,1.000,0.270,6533.000,1.000,0.262,1609.000,1.000,0.256
4314.000,1.000,0.506,1695.000,1.000,0.220,1624.000,1.000,0.217,1843.000,1.000,0.216,5656.000,1.000,0.216
4325.000,1.000,0.497,1316.000,1.000,0.254,6876.000,1.000,0.232,7365.000,1.000,0.228,5328.000,1.000,0.227
4326.000,1.000,0.595,1843.000,1.000,0.347,1548.000,1.000,0.329,1624.000,1.000,0.326,1682.000,2.000,0.325
4329.000,1.000,0.501,6876.000,1.000,0.240,1843.000,1.000,0.217,7365.000,1.000,0.214,5443.000,1.000,0.210
4331.000,1.000,0.615,6533.000,1.000,0.208,5098.000,1.000,0.204,4924.000,1.000,0.201,1076.000,1.000,0.198
4332.000,1.000,0.416,6533.000,1.000,0.380,2265.000,1.000,0.363,5520.000,1.000,0.357,4146.000,1.000,0.346
4334.000,1.000,0.268,2265.000,1.000,0.246,5520.000,1.000,0.242,4300.000,1.000,0.239,3617.000,1.000,0.238
4336.000,1.000,0.493,1035.000,4.000,0.161,3871.000,4.000,0.155,2264.000,1.000,0.147,6810.000,1.000,0.136
4358.000,1.000,0.478,7441.000,1.000,0.243,1609.000,1.000,0.236,4193.000,1.000,0.230,5948.000,1.000,0.227
4365.000,1.000,0.679,3594.000,2.000,0.218,7219.000,4.000,0.167,4858.000,1.000,0.133,6052.000,1.000,0.132
4373.000,1.000,0.288,6876.000,1.000,0.223,1843.000,1.000,0.223,3495.000,1.000,0.204,2732.000,1.000,0.200
4397.000,1.000,0.461,1036.000,1.000,0.251,1316.000,2.000,0.240,3617.000,1.000,0.232,5572.000,1.000,0.227
4433.000,1.000,0.377,7441.000,1.000,0.247,1609.000,1.000,0.242,1624.000,1.000,0.239,2387.000,1.000,0.231
4441.000,1.000,0.481,1682.000,1.000,0.234,4193.000,1.000,0.210,7381.000,1.000,0.208,5572.000,1.000,0.205
4451.000,1.000,0.489,4193.000,1.000,0.300,3105.000,1.000,0.285,7381.000,1.000,0.285,1609.000,1.000,0.268
4455.000,1.000,0.385,3617.000,1.000,0.250,7235.000,1.000,0.245,6876.000,1.000,0.240,6819.000,1.000,0.237
4469.000,1.000,0.516,6301.000,1.000,0.407,6533.000,1.000,0.403,5520.000,1.000,0.401,4146.000,1.000,0.382
4474.000,1.000,0.555,3617.000,1.000,0.256,6961.000,1.000,0.243,3105.000,1.000,0.240,5207.000,1.000,0.240
4477.000,1.000,0.600,1316.000,1.000,0.212,7365.000,1.000,0.191,6819.000,1.000,0.190,7235.000,1.000,0.183
4489.000,1.000,0.527,4193.000,1.000,0.247,6819.000,1.000,0.247,3105.000,1.000,0.246,7235.000,1.000,0.239
4491.000,1.000,0.528,6819.000,1.000,0.238,7235.000,1.000,0.233,6301.000,1.000,0.231,3105.000,1.000,0.228
4493.000,1.000,0.463,7441.000,1.000,0.220,1609.000,1.000,0.191,2103.000,1.000,0.185,1624.000,1.000,0.183
4496.000,1.000,0.515,3367.000,1.000,0.298,1682.000,1.000,0.283,1316.000,2.000,0.260,5497.000,1.000,0.258
4517.000,1.000,0.680,3620.000,4.000,0.270,4842.000,4.000,0.267,5379.000,4.000,0.265,4251.000,4.000,0.260
4520.000,1.000,0.609,6301.000,1.000,0.375,2732.000,1.000,0.362,1843.000,1.000,0.354,3617.000,1.000,0.336
4528.000,1.000,0.606,3594.000,2.000,0.150,7381.000,1.000,0.107,1700.000,4.000,0.107,4336.000,1.000,0.101
4546.000,1.000,0.757,5098.000,1.000,0.140,6394.000,1.000,0.133,4965.000,1.000,0.126,4799.000,1.000,0.125
4575.000,1.000,0.322,7441.000,1.000,0.146,1682.000,1.000,0.140,1609.000,1.000,0.137,1316.000,1.000,0.136
4580.000,1.000,0.688,6533.000,1.000,0.382,6301.000,1.000,0.351,4520.000,1.000,0.346,2370.000,1.000,0.337
4593.000,1.000,0.628,6301.000,1.000,0.277,6533.000,1.000,0.270,1609.000,1.000,0.263,6961.000,1.000,0.257
4609.000,1.000,1.036,4965.000,4.000,0.496,3793.000,4.000,0.446,5098.000,1.000,0.440,3823.000,4.000,0.316
4620.000,1.000,0.534,6533.000,1.000,0.395,1609.000,1.000,0.382,2370.000,1.000,0.371,4146.000,1.000,0.358
4625.000,1.000,0.526,1682.000,1.000,0.288,1609.000,1.000,0.264,1700.000,1.000,0.254,3367.000,1.000,0.252
4626.000,1.000,0.385,6533.000,1.000,0.100,2265.000,1.000,0.099,6301.000,1.000,0.091,6819.000,1.000,0.090
4640.000,1.000,0.418,4193.000,1.000,0.135,6819.000,1.000,0.132,3105.000,1.000,0.132,7235.000,1.000,0.126
4644.000,1.000,0.631,1843.000,1.000,0.353,1546.000,1.000,0.349,5572.000,1.000,0.330,5336.000,1.000,0.316
4652.000,1.000,0.492,4193.000,2.000,0.193,1609.000,1.000,0.192,7441.000,1.000,0.191,1682.000,1.000,0.190
4669.000,1.000,0.332,7225.000,1.000,0.259,7441.000,1.000,0.254,1609.000,2.000,0.234,6478.000,1.000,0.217
4671.000,1.000,0.243,1316.000,1.000,0.230,4517.000,1.000,0.200,5290.000,1.000,0.172,5379.000,4.000,0.169
4691.000,1.000,0.458,6533.000,1.000,0.302,5520.000,1.000,0.283,4146.000,1.000,0.265,2265.000,1.000,0.261
4693.000,1.000,0.525,6301.000,1.000,0.365,3617.000,1.000,0.361,1843.000,1.000,0.354,4520.000,1.000,0.347
4697.000,1.000,0.470,6533.000,1.000,0.325,2265.000,1.000,0.303,1609.000,1.000,0.300,5520.000,1.000,0.292
4698.000,1.000,0.553,4193.000,1.000,0.220,6819.000,1.000,0.214,7235.000,1.000,0.206,3124.000,1.000,0.200
4708.000,1.000,0.521,6533.000,1.000,0.361,5520.000,1.000,0.331,2265.000,1.000,0.316,2370.000,1.000,0.313
4711.000,1.000,0.425,6876.000,1.000,0.228,1843.000,1.000,0.222,2387.000,1.000,0.212,1682.000,1.000,0.206
4712.000,1.000,0.373,1425.000,1.000,0.150,7188.000,1.000,0.149,6819.000,1.000,0.148,5379.000,4.000,0.147
4714.000,1.000,0.409,7365.000,1.000,0.190,5379.000,4.000,0.181,3495.000,1.000,0.171,7121.000,1.000,0.166
4721.000,1.000,0.359,1316.000,1.000,0.164,4517.000,1.000,0.147,5379.000,4.000,0.147,6876.000,1.000,0.147
4725.000,1.000,0.440,3594.000,3.000,0.154,1316.000,2.000,0.129,7381.000,1.000,0.129,5951.000,1.000,0.125
4746.000,1.000,0.514,6819.000,1.000,0.258,3105.000,1.000,0.248,6876.000,1.000,0.246,2732.000,1.000,0.246
4749.000,1.000,0.782,3594.000,1.000,0.282,3823.000,1.000,0.179,3793.000,1.000,0.158,4858.000,4.000,0.154
4755.000,1.000,0.308,1760.000,1.000,0.179,2732.000,1.000,0.179,1316.000,2.000,0.178,5328.000,1.000,0.178
4758.000,1.000,0.757,3594.000,2.000,0.210,6426.000,1.000,0.182,1682.000,1.000,0.180,4858.000,4.000,0.164
4759.000,1.000,0.439,1682.000,1.000,0.246,4193.000,1.000,0.235,1316.000,1.000,0.224,5948.000,1.000,0.214
4778.000,1.000,0.536,6533.000,1.000,0.392,5520.000,1.000,0.374,2265.000,1.000,0.357,2370.000,1.000,0.349
4785.000,1.000,0.440,1682.000,1.000,0.328,4193.000,1.000,0.291,7441.000,1.000,0.284,5572.000,1.000,0.281
4791.000,1.000,0.634,2055.000,1.000,0.159,4580.000,1.000,0.141,3609.000,3.000,0.135,1035.000,2.000,0.132
4799.000,1.000,1.049,5356.000,1.000,0.372,3594.000,2.000,0.328,3793.000,4.000,0.288,1074.000,1.000,0.238
4801.000,1.000,0.421,6876.000,1.000,0.240,3617.000,1.000,0.239,7235.000,1.000,0.236,2264.000,2.000,0.234
4814.000,1.000,0.538,5572.000,1.000,0.233,6819.000,1.000,0.227,7235.000,1.000,0.226,4193.000,1.000,0.224
4817.000,1.000,0.508,6533.000,1.000,0.402,5520.000,1.000,0.393,4146.000,1.000,0.374,2265.000,1.000,0.356
4825.000,1.000,0.487,4193.000,1.000,0.229,1682.000,1.000,0.220,1316.000,1.000,0.219,5948.000,1.000,0.195
4829.000,1.000,0.552,3105.000,1.000,0.141,1316.000,1.000,0.137,6819.000,1.000,0.131,7235.000,1.000,0.122
4830.000,1.000,0.378,1036.000,1.000,0.238,1316.000,2.000,0.238,1682.000,1.000,0.236,4193.000,1.000,0.220
4831.000,1.000,0.574,5520.000,1.000,0.462,6533.000,1.000,0.453,3546.000,1.000,0.423,2265.000,1.000,0.413
4835.000,1.000,0.441,1843.000,1.000,0.294,5332.000,1.000,0.292,2732.000,1.000,0.285,7188.000,1.000,0.279
4842.000,1.000,0.874,6533.000,1.000,0.292,5572.000,1.000,0.263,3705.000,1.000,0.259,4146.000,1.000,0.258
4858.000,1.000,1.250,3594.000,1.000,0.405,6052.000,4.000,0.182,1724.000,2.000,0.143,2905.000,2.000,0.138
4861.000,1.000,0.335,6976.000,1.000,0.199,4146.000,1.000,0.198,4924.000,1.000,0.194,6533.000,1.000,0.185
4867.000,1.000,0.356,6952.000,1.000,0.086,6298.000,4.000,0.080,4517.000,2.000,0.062,7235.000,1.000,0.061
4868.000,1.000,0.150,2265.000,1.000,0.121,5502.000,1.000,0.121,5520.000,1.000,0.120,4193.000,1.000,0.120
4879.000,1.000,0.616,4496.000,1.000,0.152,3367.000,1.000,0.152,1843.000,1.000,0.150,6301.000,1.000,0.148
4880.000,1.000,0.328,4520.000,1.000,0.220,6301.000,1.000,0.215,3617.000,1.000,0.211,3609.000,1.000,0.204
4885.000,1.000,0.546,1316.000,1.000,0.125,5328.000,1.000,0.113,1036.000,1.000,0.112,1682.000,1.000,0.111
4889.000,1.000,0.357,1609.000,1.000,0.190,7441.000,1.000,0.182,1624.000,1.000,0.178,1682.000,1.000,0.170
4891.000,1.000,0.571,4146.000,1.000,0.184,5520.000,1.000,0.180,6976.000,1.000,0.167,3546.000,1.000,0.166
4894.000,1.000,0.329,2732.000,1.000,0.234,6819.000,1.000,0.226,7188.000,1.000,0.224,3105.000,1.000,0.217
4897.000,1.000,0.670,7441.000,1.000,0.231,1682.000,1.000,0.215,5328.000,1.000,0.212,3367.000,1.000,0.210
4919.000,1.000,0.543,6876.000,1.000,0.290,3105.000,1.000,0.276,1316.000,1.000,0.270,3617.000,1.000,0.270
4924.000,1.000,0.577,4193.000,1.000,0.393,2725.000,1.000,0.389,1609.000,1.000,0.386,3617.000,1.000,0.375
4933.000,1.000,0.406,6876.000,1.000,0.236,1843.000,1.000,0.235,1884.000,1.000,0.227,5443.000,1.000,0.220
4962.000,1.000,0.429,6876.000,1.000,0.302,7381.000,1.000,0.300,1609.000,1.000,0.297,2732.000,1.000,0.292
4965.000,1.000,1.169,6312.000,4.000,0.490,2490.000,2.000,0.453,6052.000,4.000,0.393,3853.000,4.000,0.374
4974.000,1.000,0.525,1843.000,1.000,0.270,6961.000,1.000,0.246,3617.000,1.000,0.239,7188.000,1.000,0.236
4984.000,1.000,0.453,5502.000,1.000,0.329,1609.000,1.000,0.318,1682.000,1.000,0.318,5520.000,1.000,0.315
4986.000,1.000,0.584,6533.000,1.000,0.454,4924.000,1.000,0.423,4693.000,1.000,0.403,5520.000,1.000,0.399
4987.000,1.000,0.437,6876.000,1.000,0.236,7441.000,1.000,0.234,7381.000,1.000,0.233,7188.000,1.000,0.223
4993.000,1.000,0.432,5756.000,1.000,0.231,7441.000,1.000,0.219,1695.000,1.000,0.219,1036.000,1.000,0.212
5018.000,1.000,0.586,6533.000,1.000,0.302,5520.000,1.000,0.271,4300.000,1.000,0.265,4146.000,1.000,0.262
5019.000,1.000,0.462,4496.000,1.000,0.222,1843.000,1.000,0.213,5756.000,1.000,0.199,1624.000,1.000,0.197
5024.000,1.000,0.340,6533.000,1.000,0.276,1843.000,1.000,0.275,4693.000,1.000,0.261,1609.000,1.000,0.259
5042.000,1.000,0.640,6301.000,1.000,0.335,6533.000,1.000,0.333,3617.000,1.000,0.328,1843.000,1.000,0.324
5053.000,1.000,0.499,5572.000,1.000,0.242,6819.000,1.000,0.237,7365.000,1.000,0.234,3617.000,1.000,0.226
5057.000,1.000,0.549,1682.000,1.000,0.184,5356.000,4.000,0.150,1316.000,1.000,0.144,2698.000,1.000,0.136
5061.000,1.000,0.375,1682.000,1.000,0.159,4193.000,1.000,0.150,1316.000,2.000,0.148,2698.000,2.000,0.141
5076.000,1.000,0.527,6533.000,1.000,0.302,5572.000,1.000,0.300,6301.000,1.000,0.299,7441.000,1.000,0.287
5078.000,1.000,0.542,4193.000,1.000,0.300,3105.000,1.000,0.286,3617.000,1.000,0.284,6819.000,1.000,0.283
5085.000,1.000,0.434,4193.000,1.000,0.265,6819.000,1.000,0.259,3105.000,1.000,0.259,7235.000,1.000,0.255
5098.000,1.000,0.721,4965.000,3.000,0.294,7235.000,1.000,0.272,2438.000,1.000,0.240,6819.000,1.000,0.227
5130.000,1.000,0.382,1316.000,1.000,0.257,6819.000,1.000,0.223,4193.000,1.000,0.221,3105.000,1.000,0.215
5136.000,1.000,0.743,1036.000,1.000,0.284,5572.000,1.000,0.281,1682.000,1.000,0.280,4193.000,1.000,0.273
5137.000,1.000,0.412,1682.000,1.000,0.220,4193.000,1.000,0.211,1316.000,1.000,0.197,2725.000,1.000,0.181
5147.000,1.000,0.558,5328.000,1.000,0.284,1316.000,1.000,0.283,1036.000,1.000,0.271,4193.000,1.000,0.268
5174.000,1.000,0.427,3105.000,1.000,0.170,6819.000,1.000,0.162,3124.000,1.000,0.161,4193.000,1.000,0.158
5175.000,1.000,0.170,5502.000,1.000,0.171,3617.000,1.000,0.166,2347.000,1.000,0.161,3124.000,1.000,0.160
5189.000,1.000,0.541,5328.000,1.000,0.276,1036.000,1.000,0.274,1682.000,1.000,0.269,1316.000,1.000,0.257
5192.000,1.000,0.421,7441.000,1.000,0.265,2732.000,1.000,0.258,1843.000,1.000,0.254,6876.000,1.000,0.253
5201.000,1.000,0.700,5147.000,1.000,0.233,1843.000,1.000,0.213,2732.000,1.000,0.209,6876.000,1.000,0.203
5205.000,1.000,0.416,6301.000,1.000,0.234,1076.000,1.000,0.232,1843.000,1.000,0.225,3617.000,1.000,0.212
5206.000,1.000,0.476,2264.000,1.000,0.208,6819.000,1.000,0.205,1316.000,1.000,0.200,7400.000,1.000,0.200
5207.000,1.000,0.565,6301.000,1.000,0.382,1843.000,1.000,0.372,3617.000,1.000,0.363,4520.000,1.000,0.353
5218.000,1.000,0.399,5572.000,1.000,0.299,2265.000,1.000,0.265,6533.000,1.000,0.258,4146.000,1.000,0.252
5224.000,1.000,0.597,1843.000,1.000,0.269,6876.000,1.000,0.258,2732.000,1.000,0.256,1609.000,1.000,0.246
5232.000,1.000,0.466,5328.000,1.000,0.203,4517.000,2.000,0.201,7365.000,1.000,0.196,1316.000,2.000,0.195
5237.000,1.000,0.449,7441.000,1.000,0.223,5756.000,1.000,0.201,7225.000,1.000,0.196,1164.000,1.000,0.193
5241.000,1.000,0.352,4146.000,2.000,0.151,4580.000,2.000,0.149,6301.000,4.000,0.137,6533.000,4.000,0.137
5245.000,1.000,0.366,7441.000,1.000,0.267,1609.000,1.000,0.250,1229.000,1.000,0.236,5756.000,1.000,0.236
5246.000,1.000,0.546,1682.000,2.000,0.258,6394.000,1.000,0.251,1036.000,1.000,0.228,5572.000,1.000,0.225
5248.000,1.000,0.693,1700.000,3.000,0.157,7248.000,1.000,0.147,5497.000,1.000,0.131,4625.000,1.000,0.129
5254.000,1.000,0.556,5336.000,1.000,0.233,7381.000,1.000,0.233,1843.000,1.000,0.223,1609.000,1.000,0.220
5257.000,1.000,0.487,6819.000,1.000,0.224,3105.000,1.000,0.203,3617.000,1.000,0.197,3124.000,1.000,0.197
5273.000,1.000,0.445,1843.000,1.000,0.275,6876.000,1.000,0.266,2732.000,1.000,0.261,6301.000,1.000,0.259
5290.000,1.000,0.752,5379.000,4.000,0.265,1316.000,1.000,0.261,3620.000,4.000,0.250,4517.000,1.000,0.225
5291.000,1.000,0.500,3594.000,1.000,0.180,6298.000,1.000,0.129,4842.000,2.000,0.126,4858.000,4.000,0.119
5306.000,1.000,0.451,1316.000,1.000,0.220,5379.000,4.000,0.189,7400.000,1.000,0.188,7365.000,1.000,0.185
5328.000,1.000,0.701,1316.000,1.000,0.342,4517.000,1.000,0.283,5290.000,1.000,0.246,4193.000,1.000,0.242
5332.000,1.000,0.511,5572.000,1.000,0.314,2265.000,1.000,0.309,1843.000,1.000,0.309,5502.000,1.000,0.308
5336.000,1.000,0.420,4193.000,1.000,0.302,6876.000,1.000,0.299,7381.000,1.000,0.294,7188.000,1.000,0.287
5338.000,1.000,0.306,5098.000,2.000,0.122,3853.000,1.000,0.113,4609.000,1.000,0.105,7235.000,4.000,0.103
5350.000,1.000,0.670,7235.000,1.000,0.254,4520.000,1.000,0.250,6301.000,1.000,0.247,4300.000,1.000,0.245
5351.000,1.000,0.367,7441.000,1.000,0.233,1624.000,1.000,0.231,6876.000,1.000,0.231,1609.000,1.000,0.229
5356.000,1.000,1.196,4858.000,1.000,0.292,6568.000,1.000,0.282,6052.000,4.000,0.280,4749.000,4.000,0.275
5366.000,1.000,0.375,1843.000,1.000,0.282,5332.000,1.000,0.267,7188.000,1.000,0.253,6876.000,1.000,0.252
5379.000,1.000,0.770,6533.000,1.000,0.359,3335.000,1.000,0.353,4146.000,2.000,0.348,4831.000,2.000,0.340
5383.000,1.000,0.435,6533.000,1.000,0.342,5520.000,1.000,0.316,2370.000,1.000,0.311,2265.000,1.000,0.302
5385.000,1.000,0.577,5328.000,1.000,0.296,1316.000,2.000,0.280,1682.000,1.000,0.277,1760.000,1.000,0.268
5386.000,1.000,0.417,6819.000,1.000,0.202,1316.000,1.000,0.191,7235.000,1.000,0.180,4193.000,1.000,0.180
5396.000,1.000,1.057,3793.000,4.000,0.216,3853.000,1.000,0.196,3705.000,1.000,0.191,5356.000,3.000,0.172
5409.000,1.000,0.418,4193.000,1.000,0.251,5502.000,1.000,0.237,1609.000,1.000,0.235,4300.000,1.000,0.234
5422.000,1.000,0.425,6490.000,4.000,0.176,5379.000,3.000,0.175,4517.000,1.000,0.171,5290.000,1.000,0.170
5426.000,1.000,0.423,1316.000,1.000,0.147,4517.000,1.000,0.144,3620.000,4.000,0.134,5379.000,4.000,0.132
5430.000,1.000,0.436,1609.000,1.000,0.243,4924.000,1.000,0.230,7381.000,1.000,0.220,1076.000,1.000,0.215
5434.000,1.000,0.517,6301.000,1.000,0.295,3617.000,1.000,0.288,6876.000,1.000,0.285,4520.000,1.000,0.282
5441.000,1.000,0.488,7365.000,1.000,0.256,6876.000,1.000,0.242,1884.000,1.000,0.238,1760.000,1.000,0.234
5443.000,1.000,0.464,1316.000,1.000,0.230,5572.000,1.000,0.222,4193.000,1.000,0.216,6819.000,1.000,0.205
5450.000,1.000,0.455,6533.000,1.000,0.262,4924.000,1.000,0.255,2265.000,1.000,0.239,1609.000,1.000,0.239
5451.000,1.000,0.414,5502.000,1.000,0.164,4919.000,1.000,0.161,7381.000,1.000,0.158,1609.000,1.000,0.158
5460.000,1.000,1.005,1546.000,1.000,0.250,4644.000,1.000,0.237,6017.000,1.000,0.226,1609.000,1.000,0.215
5470.000,1.000,0.459,3617.000,1.000,0.278,4193.000,1.000,0.272,5502.000,1.000,0.264,2725.000,1.000,0.259
5473.000,1.000,0.573,4609.000,3.000,0.159,1700.000,2.000,0.130,7235.000,1.000,0.126,7365.000,1.000,0.124
5485.000,1.000,0.365,4193.000,1.000,0.185,2265.000,1.000,0.185,1316.000,2.000,0.184,6819.000,1.000,0.179
5491.000,1.000,0.520,7235.000,1.000,0.273,1316.000,1.000,0.265,6819.000,1.000,0.255,3105.000,1.000,0.253
5496.000,1.000,0.450,5520.000,1.000,0.310,6533.000,1.000,0.297,5502.000,1.000,0.279,2265.000,1.000,0.278
5497.000,1.000,1.245,3594.000,2.000,0.301,1682.000,1.000,0.273,5356.000,4.000,0.267,5572.000,1.000,0.221
5498.000,1.000,0.556,6298.000,4.000,0.218,5379.000,3.000,0.207,4517.000,1.000,0.199,3620.000,4.000,0.186
5499.000,1.000,0.318,1682.000,1.000,0.204,4193.000,1.000,0.199,4451.000,1.000,0.189,1609.000,1.000,0.187
5502.000,1.000,0.538,6819.000,1.000,0.337,3617.000,1.000,0.323,3105.000,1.000,0.313,7235.000,1.000,0.305
5520.000,1.000,0.609,6533.000,1.000,0.447,2265.000,1.000,0.434,6301.000,1.000,0.413,4300.000,1.000,0.405
5540.000,1.000,0.336,1316.000,1.000,0.214,4517.000,1.000,0.176,2264.000,1.000,0.169,5328.000,1.000,0.167
5551.000,1.000,0.864,2055.000,1.000,0.190,3732.000,1.000,0.110,3823.000,1.000,0.107,1036.000,4.000,0.100
5554.000,1.000,0.477,1682.000,1.000,0.182,7441.000,1.000,0.177,5443.000,1.000,0.161,1316.000,2.000,0.158
5561.000,1.000,0.269,2055.000,2.000,0.158,1312.000,1.000,0.127,6490.000,1.000,0.123,1953.000,1.000,0.120
5566.000,1.000,0.543,1682.000,2.000,0.250,3246.000,1.000,0.238,1036.000,2.000,0.212,5136.000,1.000,0.196
5570.000,1.000,0.328,1609.000,1.000,0.309,7441.000,1.000,0.301,4924.000,1.000,0.301,6533.000,1.000,0.297
5572.000,1.000,0.742,1036.000,1.000,0.326,3617.000,1.000,0.326,4517.000,2.000,0.321,1316.000,2.000,0.320
5573.000,1.000,0.417,3367.000,2.000,0.216,5616.000,1.000,0.204,1609.000,2.000,0.200,1440.000,3.000,0.194
5597.000,1.000,0.266,7441.000,1.000,0.233,1609.000,1.000,0.222,1695.000,1.000,0.218,1624.000,1.000,0.216
5602.000,1.000,0.458,1682.000,1.000,0.243,1609.000,1.000,0.241,7441.000,1.000,0.239,1316.000,2.000,0.230
5607.000,1.000,0.607,1609.000,1.000,0.186,1682.000,1.000,0.182,7441.000,1.000,0.179,4193.000,1.000,0.175
5608.000,1.000,0.615,1316.000,1.000,0.145,2264.000,1.000,0.126,1736.000,1.000,0.126,5290.000,1.000,0.125
5616.000,1.000,0.357,1609.000,1.000,0.261,7441.000,1.000,0.254,3367.000,1.000,0.245,1624.000,1.000,0.243
5631.000,1.000,0.449,4517.000,1.000,0.164,1316.000,1.000,0.157,3620.000,4.000,0.126,3539.000,1.000,0.124
5635.000,1.000,0.378,1609.000,1.000,0.315,1843.000,1.000,0.305,1624.000,1.000,0.297,4924.000,1.000,0.288
5648.000,1.000,0.503,2265.000,1.000,0.185,6533.000,1.000,0.185,5572.000,1.000,0.175,4146.000,1.000,0.174
5650.000,1.000,0.461,1609.000,1.000,0.191,5336.000,1.000,0.185,4193.000,1.000,0.182,1546.000,1.000,0.182
5656.000,1.000,0.442,7441.000,1.000,0.306,1164.000,1.000,0.283,1609.000,1.000,0.282,1624.000,1.000,0.279
5686.000,1.000,0.672,3444.000,1.000,0.296,5756.000,1.000,0.281,5328.000,1.000,0.252,2811.000,1.000,0.251
5696.000,1.000,0.543,1843.000,1.000,0.246,1609.000,1.000,0.222,4924.000,1.000,0.210,1624.000,1.000,0.207
5735.000,1.000,0.443,6819.000,1.000,0.197,1316.000,1.000,0.182,4193.000,1.000,0.182,2264.000,2.000,0.178
5755.000,1.000,0.557,5379.000,4.000,0.184,6490.000,4.000,0.177,2055.000,4.000,0.163,3620.000,4.000,0.160
5756.000,1.000,0.636,1316.000,1.000,0.262,7441.000,1.000,0.258,5328.000,1.000,0.244,1036.000,1.000,0.242
5799.000,1.000,0.374,6876.000,1.000,0.227,5336.000,1.000,0.218,7441.000,1.000,0.218,5948.000,1.000,0.217
5807.000,1.000,0.263,7235.000,1.000,0.189,4520.000,1.000,0.180,6876.000,1.000,0.179,3105.000,1.000,0.179
5811.000,1.000,0.404,4193.000,1.000,0.314,1609.000,1.000,0.295,2265.000,1.000,0.277,7381.000,1.000,0.266
5819.000,1.000,0.583,4193.000,1.000,0.281,3617.000,1.000,0.272,2265.000,1.000,0.267,5502.000,1.000,0.263
5823.000,1.000,0.307,1316.000,1.000,0.245,1609.000,1.000,0.227,6876.000,1.000,0.211,4193.000,1.000,0.210
5827.000,1.000,0.696,4193.000,1.000,0.174,5572.000,1.000,0.163,5502.000,1.000,0.156,2264.000,3.000,0.155
5832.000,1.000,0.350,5502.000,1.000,0.245,2265.000,1.000,0.239,3617.000,1.000,0.235,4300.000,1.000,0.229
5835.000,1.000,0.442,5572.000,1.000,0.242,1843.000,1.000,0.235,2732.000,1.000,0.234,3293.000,1.000,0.229
5838.000,1.000,0.422,1682.000,1.000,0.131,4193.000,1.000,0.130,1316.000,1.000,0.130,5948.000,1.000,0.117
5843.000,1.000,0.429,7441.000,1.000,0.233,1609.000,1.000,0.225,1022.000,2.000,0.217,1624.000,1.000,0.213
5846.000,1.000,0.301,5520.000,1.000,0.287,6533.000,1.000,0.286,2265.000,1.000,0.281,4146.000,1.000,0.277
5848.000,1.000,0.569,6819.000,1.000,0.261,1316.000,1.000,0.244,3105.000,1.000,0.234,3617.000,1.000,0.234
5857.000,1.000,0.309,6876.000,1.000,0.267,6819.000,1.000,0.246,2732.000,1.000,0.246,7235.000,1.000,0.238
5866.000,1.000,0.449,1035.000,1.000,0.123,2264.000,1.000,0.111,6819.000,1.000,0.109,7400.000,1.000,0.107
5882.000,1.000,0.463,5502.000,1.000,0.230,6876.000,1.000,0.227,5572.000,1.000,0.224,4193.000,1.000,0.223
5910.000,1.000,0.412,1843.000,1.000,0.216,5756.000,1.000,0.210,1695.000,1.000,0.208,7441.000,1.000,0.206
5913.000,1.000,0.485,7441.000,1.000,0.224,1682.000,1.000,0.214,4193.000,1.000,0.205,5948.000,1.000,0.205
5921.000,1.000,0.448,7381.000,1.000,0.243,3105.000,1.000,0.233,4193.000,1.000,0.229,7188.000,1.000,0.229
5924.000,1.000,0.395,5520.000,1.000,0.290,2265.000,1.000,0.288,6533.000,1.000,0.280,4146.000,1.000,0.267
5934.000,1.000,0.540,6533.000,1.000,0.353,1609.000,1.000,0.353,4193.000,1.000,0.346,5520.000,1.000,0.343
5948.000,1.000,0.732,1316.000,1.000,0.359,1682.000,1.000,0.356,1036.000,1.000,0.342,4193.000,1.000,0.321
5949.000,1.000,0.433,6876.000,1.000,0.280,3105.000,1.000,0.279,2732.000,1.000,0.277,4193.000,1.000,0.275
5951.000,1.000,0.540,1316.000,1.000,0.347,4517.000,1.000,0.251,7121.000,1.000,0.248,7235.000,1.000,0.246
5957.000,1.000,0.481,7441.000,1.000,0.240,5572.000,1.000,0.218,3705.000,1.000,0.203,1682.000,1.000,0.199
5977.000,1.000,0.463,7365.000,1.000,0.182,2264.000,1.000,0.164,7400.000,1.000,0.161,1316.000,1.000,0.155
5994.000,1.000,0.668,5356.000,1.000,0.085,1316.000,1.000,0.080,1682.000,1.000,0.077,4517.000,1.000,0.074
6017.000,1.000,0.700,1546.000,1.000,0.270,1682.000,1.000,0.242,6876.000,1.000,0.226,1316.000,2.000,0.225
6026.000,1.000,0.524,7441.000,1.000,0.236,5756.000,1.000,0.216,1624.000,1.000,0.214,1682.000,1.000,0.214
6028.000,1.000,0.234,6876.000,1.000,0.206,1843.000,1.000,0.181,5756.000,1.000,0.180,7441.000,1.000,0.180
6029.000,1.000,0.544,1682.000,1.000,0.235,7365.000,1.000,0.228,1760.000,1.000,0.227,5379.000,3.000,0.222
6038.000,1.000,0.608,1316.000,1.000,0.137,1682.000,1.000,0.124,7235.000,1.000,0.122,1036.000,1.000,0.122
6039.000,1.000,0.668,6876.000,1.000,0.239,6953.000,1.000,0.226,3444.000,1.000,0.219,5336.000,1.000,0.218
6048.000,1.000,0.352,6819.000,1.000,0.252,3105.000,1.000,0.236,2264.000,2.000,0.232,7235.000,1.000,0.222
6052.000,1.000,0.982,4609.000,2.000,0.399,3853.000,1.000,0.381,2490.000,4.000,0.303,3823.000,1.000,0.278
6055.000,1.000,0.511,4193.000,1.000,0.265,7381.000,1.000,0.254,1609.000,1.000,0.252,6533.000,1.000,0.250
6057.000,1.000,0.655,1076.000,1.000,0.295,6533.000,1.000,0.280,2265.000,1.000,0.279,1609.000,1.000,0.275
6088.000,1.000,0.796,3594.000,1.000,0.297,6426.000,1.000,0.290,1682.000,1.000,0.263,1312.000,1.000,0.255
6107.000,1.000,0.514,5356.000,3.000,0.223,4858.000,2.000,0.188,5497.000,1.000,0.161,6052.000,1.000,0.152
6120.000,1.000,0.351,1682.000,1.000,0.198,3594.000,1.000,0.175,1035.000,3.000,0.166,4193.000,1.000,0.155
6123.000,1.000,0.690,1316.000,2.000,0.177,1682.000,1.000,0.171,6819.000,1.000,0.166,5572.000,1.000,0.165
6145.000,1.000,0.577,4517.000,1.000,0.127,1035.000,4.000,0.120,1316.000,1.000,0.113,5379.000,4.000,0.110
6148.000,1.000,0.611,3594.000,1.000,0.151,4609.000,3.000,0.148,4965.000,4.000,0.137,3793.000,3.000,0.119
6156.000,1.000,0.335,5520.000,1.000,0.214,5207.000,1.000,0.213,5502.000,1.000,0.213,4146.000,1.000,0.209
6158.000,1.000,0.528,6301.000,1.000,0.323,2732.000,1.000,0.318,5572.000,1.000,0.316,6876.000,1.000,0.315
6159.000,1.000,0.531,7188.000,1.000,0.319,2732.000,1.000,0.295,1425.000,1.000,0.283,1843.000,1.000,0.279
6174.000,1.000,0.458,4924.000,1.000,0.253,1609.000,1.000,0.250,5520.000,1.000,0.240,6976.000,1.000,0.237
6176.000,1.000,0.341,6533.000,1.000,0.209,5520.000,1.000,0.202,2370.000,1.000,0.195,1609.000,1.000,0.188
6180.000,1.000,0.405,4146.000,1.000,0.269,5520.000,1.000,0.264,1843.000,1.000,0.256,2265.000,1.000,0.254
6208.000,1.000,0.283,6298.000,4.000,0.150,1316.000,1.000,0.145,2574.000,4.000,0.134,4517.000,2.000,0.131
6214.000,1.000,0.243,2103.000,3.000,0.105,6978.000,1.000,0.098,5237.000,1.000,0.096,4268.000,2.000,0.093
6219.000,1.000,0.544,2732.000,1.000,0.281,6301.000,1.000,0.259,3617.000,1.000,0.257,1316.000,2.000,0.251
6224.000,1.000,0.543,6876.000,1.000,0.248,2732.000,1.000,0.240,3617.000,1.000,0.237,7365.000,1.000,0.235
6239.000,1.000,0.390,1843.000,1.000,0.261,1624.000,1.000,0.241,6876.000,1.000,0.236,2732.000,1.000,0.234
6240.000,1.000,0.520,4193.000,1.000,0.204,7381.000,1.000,0.202,3105.000,1.000,0.199,6819.000,1.000,0.196
6241.000,1.000,0.645,7365.000,1.000,0.231,2264.000,1.000,0.197,1316.000,1.000,0.194,5385.000,1.000,0.193
6249.000,1.000,0.521,1700.000,1.000,0.141,1316.000,1.000,0.136,5328.000,1.000,0.133,1229.000,1.000,0.131
6253.000,1.000,0.681,1316.000,1.000,0.125,7441.000,1.000,0.121,5379.000,4.000,0.119,7235.000,1.000,0.112
6254.000,1.000,0.334,1609.000,1.000,0.186,7441.000,1.000,0.179,6533.000,1.000,0.176,4193.000,2.000,0.172
6258.000,1.000,0.504,2265.000,1.000,0.355,5520.000,1.000,0.340,6533.000,1.000,0.338,4146.000,1.000,0.321
6270.000,1.000,0.519,3617.000,1.000,0.321,4193.000,1.000,0.307,5572.000,1.000,0.305,2732.000,1.000,0.302
6272.000,1.000,0.321,7441.000,1.000,0.155,7381.000,1.000,0.151,4193.000,1.000,0.150,1682.000,1.000,0.149
6281.000,1.000,0.510,5572.000,1.000,0.352,3617.000,1.000,0.341,2725.000,1.000,0.340,1682.000,1.000,0.334
6295.000,1.000,0.412,6533.000,1.000,0.298,1843.000,1.000,0.286,1609.000,1.000,0.286,6301.000,1.000,0.283
6298.000,1.000,0.913,2669.000,1.000,0.338,4842.000,1.000,0.331,4146.000,1.000,0.310,2574.000,1.000,0.302
6301.000,1.000,0.607,3617.000,1.000,0.385,6876.000,1.000,0.383,1843.000,1.000,0.383,1316.000,2.000,0.368
6307.000,1.000,0.261,5572.000,3.000,0.259,1682.000,3.000,0.247,5948.000,3.000,0.216,5136.000,3.000,0.207
6312.000,1.000,0.723,4609.000,4.000,0.415,3853.000,1.000,0.360,6052.000,4.000,0.338,5098.000,4.000,0.277
6316.000,1.000,0.406,4609.000,3.000,0.168,3793.000,3.000,0.148,4965.000,3.000,0.144,5098.000,3.000,0.132
6321.000,1.000,0.582,1682.000,1.000,0.217,3594.000,1.000,0.201,3793.000,1.000,0.190,5356.000,3.000,0.188
6383.000,1.000,0.520,6533.000,1.000,0.303,5520.000,1.000,0.301,2265.000,1.000,0.291,1609.000,1.000,0.286
6384.000,1.000,0.537,7441.000,1.000,0.224,1843.000,1.000,0.220,3444.000,1.000,0.219,1624.000,1.000,0.217
6392.000,1.000,0.448,1843.000,1.000,0.180,7235.000,1.000,0.177,6876.000,1.000,0.177,2732.000,1.000,0.172
6394.000,1.000,0.923,1036.000,2.000,0.277,3594.000,3.000,0.272,1682.000,2.000,0.269,5328.000,2.000,0.247
6410.000,1.000,0.303,6828.000,1.000,0.125,7441.000,1.000,0.123,1316.000,1.000,0.123,3705.000,1.000,0.119
6411.000,1.000,0.515,1316.000,2.000,0.301,2265.000,1.000,0.300,3124.000,1.000,0.299,5502.000,1.000,0.294
6426.000,1.000,0.762,3594.000,1.000,0.311,1074.000,2.000,0.263,4799.000,1.000,0.261,1682.000,1.000,0.259
6433.000,1.000,0.703,4193.000,1.000,0.301,6819.000,1.000,0.292,1036.000,1.000,0.287,1682.000,1.000,0.279
6444.000,1.000,0.644,6533.000,4.000,0.116,2532.000,4.000,0.114,2370.000,4.000,0.111,3546.000,4.000,0.108
6445.000,1.000,0.398,7365.000,1.000,0.235,6876.000,1.000,0.229,1316.000,1.000,0.223,5379.000,4.000,0.217
6460.000,1.000,0.217,1624.000,1.000,0.252,1609.000,1.000,0.245,4924.000,1.000,0.241,7441.000,1.000,0.236
6464.000,1.000,0.475,4193.000,1.000,0.208,1609.000,1.000,0.192,1682.000,1.000,0.188,5336.000,1.000,0.187
6466.000,1.000,0.469,6533.000,1.000,0.270,2265.000,1.000,0.260,5520.000,1.000,0.259,2370.000,1.000,0.258
6469.000,1.000,0.446,1316.000,2.000,0.108,7441.000,1.000,0.101,1036.000,1.000,0.097,3705.000,1.000,0.096
6476.000,1.000,0.567,6533.000,1.000,0.261,5520.000,1.000,0.249,4146.000,1.000,0.236,2265.000,1.000,0.234
6478.000,1.000,0.400,1609.000,1.000,0.375,7441.000,1.000,0.354,1682.000,1.000,0.324,4193.000,2.000,0.320
6482.000,1.000,0.432,1316.000,2.000,0.225,5328.000,1.000,0.217,1695.000,1.000,0.197,1884.000,1.000,0.195
6490.000,1.000,0.682,1682.000,1.000,0.370,5520.000,1.000,0.327,1076.000,1.000,0.326,6533.000,1.000,0.311
6493.000,1.000,0.601,1843.000,1.000,0.342,6533.000,1.000,0.338,4693.000,1.000,0.325,4924.000,1.000,0.323
6533.000,1.000,0.596,6301.000,1.000,0.461,3617.000,1.000,0.448,5572.000,1.000,0.445,4520.000,1.000,0.441
6541.000,1.000,0.421,7381.000,1.000,0.213,1609.000,1.000,0.212,4193.000,1.000,0.204,3105.000,1.000,0.193
6547.000,1.000,0.494,6533.000,1.000,0.234,2265.000,1.000,0.221,4146.000,1.000,0.213,3546.000,1.000,0.209
6548.000,1.000,0.405,7381.000,1.000,0.271,5502.000,1.000,0.249,1609.000,1.000,0.245,4193.000,1.000,0.242
6564.000,1.000,0.565,5520.000,1.000,0.381,6533.000,1.000,0.372,4146.000,1.000,0.334,3546.000,1.000,0.318
6568.000,1.000,0.896,3594.000,2.000,0.385,4799.000,2.000,0.263,4858.000,4.000,0.228,6426.000,1.000,0.213
6575.000,1.000,0.630,6840.000,1.000,0.106,1537.000,1.000,0.098,3793.000,2.000,0.095,2803.000,1.000,0.093
6577.000,1.000,0.582,6961.000,1.000,0.155,6301.000,1.000,0.153,7235.000,1.000,0.150,1316.000,2.000,0.146
6585.000,1.000,0.430,5098.000,1.000,0.172,1440.000,1.000,0.141,1316.000,2.000,0.138,4965.000,3.000,0.133
6591.000,1.000,0.160,7441.000,1.000,0.183,1609.000,1.000,0.167,4924.000,1.000,0.158,2387.000,1.000,0.156
6600.000,1.000,0.341,1682.000,2.000,0.201,6976.000,1.000,0.178,7225.000,1.000,0.178,3621.000,1.000,0.171
6607.000,1.000,0.360,6298.000,1.000,0.290,2574.000,1.000,0.266,6533.000,2.000,0.261,3546.000,2.000,0.247
6613.000,1.000,0.562,1316.000,1.000,0.228,5290.000,1.000,0.213,1682.000,1.000,0.212,5328.000,1.000,0.205
6656.000,1.000,0.427,4193.000,1.000,0.234,6819.000,1.000,0.220,7441.000,1.000,0.215,1609.000,1.000,0.210
6661.000,1.000,0.474,5379.000,2.000,0.111,6976.000,4.000,0.101,2669.000,4.000,0.100,1257.000,2.000,0.096
6676.000,1.000,0.354,7441.000,1.000,0.117,1682.000,1.000,0.117,1609.000,1.000,0.113,3705.000,1.000,0.113
6678.000,1.000,0.659,1316.000,1.000,0.182,5290.000,1.000,0.181,7365.000,1.000,0.179,2264.000,1.000,0.168
6682.000,1.000,0.524,2265.000,1.000,0.231,1682.000,1.000,0.229,4300.000,1.000,0.225,6533.000,1.000,0.223
6709.000,1.000,0.507,7441.000,1.000,0.244,5336.000,1.000,0.238,5686.000,1.000,0.234,3444.000,1.000,0.234
6720.000,1.000,0.490,1316.000,2.000,0.236,4193.000,1.000,0.235,5147.000,1.000,0.232,7441.000,1.000,0.231
6725.000,1.000,0.478,5572.000,1.000,0.253,6819.000,1.000,0.248,5502.000,1.000,0.234,1036.000,1.000,0.233
6730.000,1.000,0.624,6533.000,1.000,0.349,5520.000,1.000,0.347,4146.000,1.000,0.337,3546.000,1.000,0.332
6735.000,1.000,0.560,6819.000,1.000,0.227,3518.000,1.000,0.224,1682.000,1.000,0.218,7235.000,1.000,0.214
6743.000,1.000,0.553,1316.000,1.000,0.188,7365.000,1.000,0.175,6819.000,1.000,0.175,2264.000,1.000,0.168
6751.000,1.000,0.862,3823.000,3.000,0.157,3594.000,4.000,0.143,1607.000,4.000,0.113,4609.000,4.000,0.109
6766.000,1.000,0.558,1316.000,1.000,0.133,4517.000,1.000,0.113,1035.000,4.000,0.111,1074.000,4.000,0.108
6769.000,1.000,0.575,2732.000,1.000,0.233,6301.000,1.000,0.227,5572.000,1.000,0.226,1843.000,1.000,0.223
6770.000,1.000,0.511,6819.000,1.000,0.192,4193.000,1.000,0.190,1316.000,1.000,0.177,7381.000,1.000,0.176
6775.000,1.000,0.319,5328.000,1.000,0.192,1760.000,1.000,0.188,1682.000,1.000,0.185,1316.000,1.000,0.180
6799.000,1.000,0.371,6876.000,1.000,0.224,1843.000,1.000,0.223,3444.000,1.000,0.210,1884.000,1.000,0.204
6806.000,1.000,0.392,5328.000,1.000,0.180,2725.000,1.000,0.165,1609.000,1.000,0.165,7381.000,1.000,0.163
6810.000,1.000,0.689,2264.000,1.000,0.209,4517.000,1.000,0.193,1877.000,1.000,0.187,5379.000,4.000,0.186
6811.000,1.000,0.634,2370.000,4.000,0.101,2574.000,4.000,0.100,1217.000,4.000,0.099,6533.000,4.000,0.095
6817.000,1.000,0.505,2265.000,1.000,0.383,5520.000,1.000,0.375,6533.000,1.000,0.374,6976.000,1.000,0.369
6819.000,1.000,0.703,2264.000,1.000,0.305,1316.000,1.000,0.284,7400.000,1.000,0.280,7365.000,1.000,0.260
6826.000,1.000,0.294,7441.000,1.000,0.171,5328.000,1.000,0.171,1316.000,1.000,0.164,5948.000,1.000,0.160
6828.000,1.000,0.684,2055.000,1.000,0.207,1316.000,1.000,0.207,4517.000,1.000,0.178,3620.000,4.000,0.177
6839.000,1.000,0.642,5098.000,1.000,0.180,7235.000,1.000,0.133,1843.000,1.000,0.130,4520.000,1.000,0.126
6840.000,1.000,0.681,3367.000,1.000,0.242,7235.000,1.000,0.219,1316.000,2.000,0.212,3705.000,1.000,0.211
6845.000,1.000,0.305,4245.000,1.000,0.147,4924.000,2.000,0.146,2370.000,2.000,0.143,3335.000,2.000,0.143
6854.000,1.000,0.790,1316.000,1.000,0.240,5290.000,1.000,0.204,6490.000,4.000,0.196,4517.000,1.000,0.195
6870.000,1.000,0.596,4858.000,2.000,0.104,4076.000,3.000,0.103,1607.000,2.000,0.102,5356.000,3.000,0.101
6871.000,1.000,0.455,5520.000,1.000,0.201,6533.000,1.000,0.196,2265.000,1.000,0.190,1076.000,1.000,0.185
6876.000,1.000,0.571,1316.000,1.000,0.314,7365.000,1.000,0.303,6819.000,1.000,0.298,5379.000,4.000,0.292
6881.000,1.000,0.522,1682.000,1.000,0.176,7441.000,1.000,0.176,1316.000,1.000,0.174,1036.000,1.000,0.166
6895.000,1.000,0.688,6533.000,1.000,0.309,6301.000,2.000,0.278,3609.000,1.000,0.272,5572.000,2.000,0.262
6902.000,1.000,0.459,6819.000,1.000,0.280,4193.000,1.000,0.273,6301.000,1.000,0.272,3617.000,1.000,0.269
6906.000,1.000,0.469,5572.000,1.000,0.248,7441.000,1.000,0.232,6301.000,1.000,0.229,1682.000,1.000,0.224
6919.000,1.000,0.622,5520.000,1.000,0.347,6533.000,1.000,0.336,4146.000,1.000,0.323,2370.000,1.000,0.312
6924.000,1.000,0.594,7441.000,1.000,0.229,5756.000,1.000,0.226,1316.000,2.000,0.221,1609.000,1.000,0.215
6938.000,1.000,0.346,6828.000,1.000,0.219,7441.000,1.000,0.199,3444.000,1.000,0.196,5756.000,1.000,0.196
6952.000,1.000,0.708,3594.000,4.000,0.338,3793.000,4.000,0.194,3853.000,4.000,0.178,4517.000,3.000,0.177
6953.000,1.000,0.528,1316.000,1.000,0.262,7365.000,1.000,0.237,4517.000,2.000,0.230,5290.000,1.000,0.225
6961.000,1.000,0.665,1843.000,1.000,0.374,6301.000,1.000,0.356,2732.000,1.000,0.329,3617.000,1.000,0.328
6962.000,1.000,0.415,2055.000,2.000,0.262,6533.000,3.000,0.260,2532.000,2.000,0.254,4146.000,1.000,0.242
6969.000,1.000,0.521,5328.000,1.000,0.247,7441.000,1.000,0.236,1316.000,2.000,0.228,1843.000,1.000,0.228
6974.000,1.000,0.376,1316.000,1.000,0.134,4517.000,1.000,0.128,4251.000,4.000,0.116,5379.000,4.000,0.115
6976.000,1.000,0.580,2265.000,1.000,0.422,5520.000,1.000,0.408,6533.000,1.000,0.374,4146.000,1.000,0.369
6978.000,1.000,0.657,7441.000,1.000,0.343,5756.000,1.000,0.288,1695.000,1.000,0.288,1229.000,1.000,0.281
6987.000,1.000,0.482,7381.000,1.000,0.305,1609.000,1.000,0.304,4193.000,1.000,0.299,1316.000,2.000,0.288
7024.000,1.000,0.382,5356.000,1.000,0.138,6730.000,1.000,0.136,2574.000,1.000,0.132,6298.000,1.000,0.125
7027.000,1.000,0.501,5328.000,1.000,0.238,1682.000,1.000,0.225,1760.000,1.000,0.211,1316.000,1.000,0.206
7040.000,1.000,0.607,2265.000,1.000,0.326,1076.000,1.000,0.325,5520.000,1.000,0.323,1609.000,1.000,0.320
7042.000,1.000,0.589,1682.000,1.000,0.189,3594.000,3.000,0.152,1036.000,1.000,0.150,5328.000,1.000,0.149
7053.000,1.000,0.326,7441.000,1.000,0.206,1609.000,1.000,0.201,4193.000,1.000,0.200,1624.000,1.000,0.192
7057.000,1.000,0.673,1316.000,1.000,0.270,5328.000,1.000,0.268,1682.000,1.000,0.261,7441.000,1.000,0.238
7067.000,1.000,0.603,3594.000,3.000,0.195,1682.000,1.000,0.161,1316.000,1.000,0.156,4517.000,2.000,0.144
7070.000,1.000,0.509,1682.000,1.000,0.222,7441.000,1.000,0.219,4193.000,1.000,0.216,1609.000,1.000,0.215
7075.000,1.000,0.546,4193.000,1.000,0.188,1036.000,1.000,0.186,6819.000,2.000,0.179,6961.000,1.000,0.175
7080.000,1.000,0.390,3444.000,1.000,0.189,5756.000,2.000,0.180,1164.000,2.000,0.178,7441.000,1.000,0.177
7082.000,1.000,0.333,4517.000,1.000,0.132,1316.000,1.000,0.131,4251.000,4.000,0.114,5290.000,1.000,0.113
7089.000,1.000,0.390,5379.000,2.000,0.187,5755.000,1.000,0.160,5290.000,1.000,0.131,6962.000,4.000,0.131
7092.000,1.000,0.371,6533.000,1.000,0.293,5520.000,1.000,0.283,4146.000,1.000,0.270,2370.000,1.000,0.266
7099.000,1.000,0.431,1682.000,1.000,0.228,3690.000,1.000,0.222,1609.000,1.000,0.215,1036.000,1.000,0.213
7109.000,1.000,0.288,2370.000,1.000,0.149,6533.000,2.000,0.143,4620.000,1.000,0.142,6976.000,1.000,0.135
7121.000,1.000,0.415,1316.000,1.000,0.263,6819.000,1.000,0.237,5379.000,4.000,0.230,7400.000,1.000,0.226
7154.000,1.000,0.472,3609.000,1.000,0.243,3124.000,1.000,0.228,4193.000,1.000,0.221,5502.000,1.000,0.218
7171.000,1.000,0.577,5147.000,1.000,0.197,7441.000,1.000,0.175,1316.000,2.000,0.173,1036.000,1.000,0.168
7185.000,1.000,0.798,1316.000,1.000,0.112,5755.000,1.000,0.111,7365.000,1.000,0.102,3594.000,1.000,0.096
7188.000,1.000,0.586,5572.000,1.000,0.274,6819.000,1.000,0.273,3495.000,1.000,0.271,3617.000,1.000,0.270
7217.000,1.000,0.551,6533.000,1.000,0.256,5520.000,1.000,0.254,2265.000,1.000,0.236,3546.000,1.000,0.233
7219.000,1.000,0.762,3793.000,4.000,0.293,5356.000,1.000,0.278,3594.000,2.000,0.273,4842.000,1.000,0.219
7225.000,1.000,0.412,1682.000,1.000,0.324,1609.000,1.000,0.311,7441.000,1.000,0.304,1036.000,1.000,0.291
7234.000,1.000,0.418,1076.000,1.000,0.157,6301.000,2.000,0.151,5520.000,1.000,0.143,3546.000,1.000,0.143
7235.000,1.000,0.574,1316.000,1.000,0.302,2264.000,1.000,0.287,6819.000,1.000,0.281,7400.000,1.000,0.277
7248.000,1.000,0.755,1682.000,1.000,0.263,1700.000,1.000,0.241,7441.000,1.000,0.226,5572.000,1.000,0.225
7251.000,1.000,0.453,5572.000,1.000,0.219,1609.000,1.000,0.215,7381.000,1.000,0.207,4146.000,1.000,0.202
7253.000,1.000,0.308,1316.000,1.000,0.202,2055.000,1.000,0.165,4193.000,1.000,0.157,4517.000,1.000,0.149
7254.000,1.000,0.511,7381.000,1.000,0.203,1609.000,1.000,0.198,5328.000,1.000,0.189,5332.000,1.000,0.184
7255.000,1.000,0.503,6533.000,1.000,0.265,5520.000,1.000,0.254,2370.000,1.000,0.253,4986.000,1.000,0.236
7270.000,1.000,0.421,1316.000,2.000,0.306,7441.000,1.000,0.300,1682.000,1.000,0.292,6876.000,1.000,0.281
7274.000,1.000,0.372,2370.000,1.000,0.102,3335.000,1.000,0.101,6533.000,1.000,0.101,5520.000,1.000,0.099
7287.000,1.000,0.451,5572.000,1.000,0.262,2732.000,1.000,0.212,1036.000,1.000,0.206,3617.000,1.000,0.206
7289.000,1.000,0.456,2732.000,1.000,0.257,1076.000,1.000,0.253,6876.000,1.000,0.249,1609.000,1.000,0.249
7320.000,1.000,0.742,1537.000,1.000,0.291,1682.000,1.000,0.279,3124.000,1.000,0.279,1076.000,1.000,0.271
7321.000,1.000,0.818,5356.000,2.000,0.216,1036.000,2.000,0.181,4609.000,2.000,0.175,1700.000,2.000,0.156
7354.000,1.000,0.516,6301.000,1.000,0.232,3617.000,1.000,0.221,1843.000,1.000,0.211,4520.000,1.000,0.209
7365.000,1.000,0.582,5328.000,1.000,0.259,1316.000,1.000,0.255,2264.000,1.000,0.243,5290.000,1.000,0.242
7366.000,1.000,0.472,1316.000,1.000,0.298,5951.000,1.000,0.258,6876.000,1.000,0.256,1682.000,1.000,0.246
7374.000,1.000,0.605,1316.000,1.000,0.176,1036.000,1.000,0.171,4517.000,1.000,0.165,3539.000,1.000,0.156
7381.000,1.000,0.501,4193.000,1.000,0.305,5502.000,1.000,0.282,6819.000,1.000,0.282,5572.000,1.000,0.276
7393.000,1.000,0.537,6819.000,1.000,0.231,1316.000,1.000,0.220,2264.000,2.000,0.202,7400.000,1.000,0.201
7396.000,1.000,0.414,2265.000,1.000,0.375,6533.000,1.000,0.371,4146.000,1.000,0.362,5520.000,1.000,0.352
7400.000,1.000,0.488,7365.000,1.000,0.263,2264.000,1.000,0.255,1316.000,1.000,0.238,5290.000,1.000,0.230
7403.000,1.000,0.335,5520.000,1.000,0.228,2265.000,1.000,0.223,5502.000,1.000,0.218,7235.000,2.000,0.217
7414.000,1.000,0.694,6819.000,1.000,0.264,4193.000,1.000,0.263,1316.000,1.000,0.261,7235.000,1.000,0.254
7418.000,1.000,0.512,4193.000,1.000,0.232,1609.000,1.000,0.216,5502.000,1.000,0.206,3105.000,1.000,0.203
7420.000,1.000,0.337,5951.000,1.000,0.156,1682.000,1.000,0.149,4193.000,1.000,0.149,6819.000,1.000,0.145
7428.000,1.000,0.518,6533.000,1.000,0.209,5520.000,1.000,0.200,3546.000,1.000,0.197,4146.000,1.000,0.197
7432.000,1.000,0.402,1609.000,1.000,0.161,5443.000,1.000,0.147,1682.000,1.000,0.147,6876.000,1.000,0.147
7436.000,1.000,0.542,1682.000,1.000,0.253,5502.000,1.000,0.242,3367.000,1.000,0.241,1076.000,1.000,0.240
7437.000,1.000,0.594,4146.000,1.000,0.227,1843.000,1.000,0.218,2732.000,1.000,0.212,2265.000,1.000,0.212
7441.000,1.000,0.509,1316.000,1.000,0.406,4193.000,1.000,0.404,1609.000,1.000,0.391,1036.000,1.000,0.363
