0.0
0.0
0.0
0.0
0.0
0.0
0.0
0.0
0.0
0.0
0.0
0.0
0.0
0.0
0.0
0.0
0.0
0.0
0.0
0.0
0.0
0.0
0.0
0.0
0.0
0.0
0.0
0.0
0.0
0.0
0.0
0.0
0.0
0.0
0.0
0.0
0.0
0.0
0.0
0.0
0.0
0.0
0.0
0.0
0.0
0.0
0.0
0.0
0.0
0.0
0.0
0.0
0.0
0.0
0.0
0.0
0.0
0.0
0.0
0.0
0.0
0.0
0.0
0.0
0.0
0.0
0.0
0.0
0.0
0.0
0.0
0.0
0.0
0.0
0.0
0.0
0.0
0.0
0.0
0.0
0.0
0.0
0.0
0.0
0.0
0.0
0.0
0.0
0.0
0.0
0.0
0.0
0.0
0.0
0.0
0.0
0.0
0.0
0.0
0.0
0.0
0.0
0.0
0.0
0.0
0.0
0.0
0.0
0.0
0.0
0.0
0.0
0.0
0.0
0.0
0.0
0.0
0.0
0.0
0.0
0.0
0.0
0.0
0.0
0.0
0.0
0.0
0.0
0.0
0.0
0.0
0.0
0.0
0.0
0.0
0.0
0.0
0.0
0.0
0.0
0.0
0.0
0.0
0.0
0.0
0.0
0.0
0.0
0.0
0.0
0.0
0.0
0.0
0.0
0.0
0.0
0.0
0.0
0.0
0.0
0.0
0.0
0.0
0.0
0.0
0.0
0.0
0.0
0.0
0.0
0.0
0.0
0.0
0.0
0.0
0.0
0.0
0.0
0.0
0.0
0.0
0.0
0.0
0.0
0.0
0.0
0.0
0.0
0.0
0.0
0.0
0.0
0.0
0.0
0.0
0.0
0.0
0.0
0.0
0.0
0.0
0.0
0.0
0.0
0.0
0.0
0.0
0.0
0.0
0.0
0.0
0.0
0.0
0.0
0.0
0.0
0.0
0.0
0.0
0.0
0.0
0.0
0.0
0.0
0.0
0.0
0.0
0.0
0.0
0.0
0.0
0.0
0.0
0.0
0.0
0.0
0.0
0.0
0.0
0.0
0.0
0.0
0.0
0.0
0.0
0.0
0.0
0.0
0.0
0.0
0.0
0.0
0.0
0.0
0.0
0.0
0.0
0.0
0.0
0.0
0.0
0.0
0.0
0.0
0.0
0.0
0.0
0.0
0.0
0.0
0.0
0.0
0.0
0.0
0.0
0.0
0.0
0.0
0.0
0.0
0.0
0.0
0.0
0.0
0.0
0.0
0.0
0.0
0.0
0.0
0.0
0.0
0.0
0.0
0.0
0.0
0.0
0.0
0.0
0.0
0.0
0.0
0.0
0.0
0.0
0.0
0.0
0.0
0.0
0.0
0.0
0.0
0.0
0.0
0.0
0.0
0.0
0.0
0.0
0.0
0.0
0.0
0.0
0.0
0.0
0.0
0.0
0.0
0.0
0.0
0.0
0.0
0.0
0.0
0.0
0.0
0.0
0.0
0.0
0.0
0.0
0.0
0.0
0.0
0.0
0.0
0.0
0.0
0.0
0.0
0.0
0.0
0.0
0.0
0.0
0.0
0.0
0.0
0.0
0.0
0.0
0.0
0.0
0.0
0.0
0.0
0.0
0.0
0.0
0.0
0.0
0.0
0.0
0.0
0.0
0.0
0.0
0.0
0.0
0.0
0.0
0.0
0.0
0.0
0.0
0.0
0.0
0.0
0.0
0.0
0.0
0.0
0.0
0.0
0.0
0.0
0.0
0.0
0.0
0.0
0.0
0.0
0.0
0.0
0.0
0.0
0.0
0.0
0.0
0.0
0.0
0.0
0.0
0.0
0.0
0.0
0.0
0.0
0.0
0.0
0.0
0.0
0.0
0.0
0.0
0.0
0.0
0.0
0.0
0.0
0.0
0.0
0.0
0.0
0.0
0.0
0.0
0.0
0.0
0.0
0.0
0.0
0.0
0.0
0.0
0.0
0.0
0.0
0.0
0.0
0.0
0.0
0.0
0.0
0.0
0.0
0.0
0.0
0.0
0.0
0.0
0.0
0.0
0.0
0.0
0.0
0.0
0.0
0.0
0.0
0.0
0.0
0.0
0.0
0.0
0.0
0.0
0.0
0.0
0.0
0.0
0.0
0.0
0.0
0.0
0.0
0.0
0.0
0.0
0.0
0.0
0.0
0.0
0.0
0.0
0.0
0.0
0.0
0.0
0.0
0.0
0.0
0.0
0.0
0.0
0.277
0.32
0.33
0.234
0.246
0.256
0.437
0.598
1.056
1.686
1.045
0.831
0.475
0.405
0.456
1.004
3.725
2.787
1.238
1.334
0.902
1.127
0.688
0.472
0.277
0.325
0.33
0.207
0.237
0.256
0.437
0.717
1.456
1.792
1.259
1.225
0.532
0.539
0.456
1.004
3.725
2.787
1.238
1.334
0.853
1.127
0.732
0.534
0.284
0.328
0.34
0.216
0.203
0.258
0.344
0.527
0.915
2.252
0.993
1.2
0.523
0.639
0.449
0.673
2.884
2.11
0.866
0.854
0.747
1.089
0.732
0.382
0.279
0.333
0.361
0.229
0.19
0.246
0.241
0.521
0.599
2.13
0.631
1.174
0.467
0.654
1.171
0.46
2.023
2.359
0.807
0.851
0.775
0.982
0.716
0.335
0.309
0.239
0.226
0.208
0.202
0.26
0.207
0.951
0.732
2.518
3.488
1.134
1.383
0.279
0.694
2.208
3.02
1.821
0.986
0.979
0.587
0.696
0.496
0.382
0.271
0.268
0.262
0.213
0.213
0.19
0.207
0.88
0.71
2.27
3.296
0.789
1.02
0.279
0.626
2.665
3.6
2.066
1.512
0.932
0.63
0.641
0.506
0.369
0.271
0.325
0.352
0.219
0.193
0.193
0.321
0.521
0.504
1.335
0.43
1.286
0.603
0.701
0.395
0.355
1.193
1.228
0.652
0.851
0.775
0.83
0.601
0.306
0.269
0.32
0.348
0.215
0.189
0.192
0.379
0.859
0.615
1.309
0.48
1.274
0.687
0.659
0.402
0.503
1.681
1.295
0.684
0.817
0.794
0.805
0.608
0.308
0.267
0.32
0.345
0.213
0.189
0.187
0.36
0.986
0.814
1.25
0.529
1.169
0.644
0.643
0.409
0.487
1.642
1.679
0.931
0.812
0.783
0.789
0.591
0.309
0.267
0.318
0.342
0.21
0.19
0.205
0.343
0.968
0.806
1.224
0.496
1.108
0.603
0.602
0.434
0.472
1.758
1.932
0.895
1.06
0.769
0.781
0.567
0.322
0.269
0.318
0.336
0.225
0.197
0.202
0.326
0.924
0.803
1.353
0.606
1.062
0.584
0.586
0.411
0.481
1.852
1.824
1.094
1.404
0.74
0.761
0.563
0.323
0.271
0.322
0.334
0.23
0.212
0.209
0.314
1.154
0.888
1.233
0.565
0.971
0.542
0.546
0.385
0.451
1.684
1.741
1.11
1.334
0.77
0.795
0.575
0.338
0.268
0.32
0.33
0.226
0.207
0.204
0.322
1.095
0.971
1.467
0.809
0.992
0.753
0.555
0.37
0.43
1.551
1.856
1.171
1.674
0.879
0.776
0.558
0.336
0.27
0.317
0.327
0.227
0.224
0.201
0.308
1.052
1.025
1.721
0.802
0.959
0.784
0.527
0.358
0.406
1.41
1.751
1.138
1.573
0.886
0.761
0.584
0.364
0.267
0.317
0.322
0.225
0.217
0.215
0.298
1.012
0.973
1.731
0.924
0.89
0.829
0.526
0.342
0.423
1.53
1.972
1.294
1.48
0.892
0.746
0.598
0.366
0.265
0.316
0.322
0.22
0.231
0.216
0.284
1.014
0.908
1.62
1.122
1.133
0.802
0.553
0.379
0.462
1.804
2.082
1.492
1.441
0.878
0.734
0.643
0.389
0.293
0.312
0.31
0.213
0.226
0.233
0.271
0.965
0.842
1.538
1.129
1.059
0.756
0.563
0.422
0.554
1.942
2.233
1.426
1.352
0.876
0.718
0.639
0.54
0.396
0.314
0.304
0.212
0.224
0.23
0.582
0.962
0.779
1.399
1.035
0.969
0.697
0.524
0.395
0.517
1.764
2.027
1.321
1.256
0.911
0.718
0.635
0.548
0.422
0.346
0.302
0.205
0.22
0.221
0.546
0.895
1.072
1.499
1.025
0.9
0.646
0.494
0.508
0.652
1.843
2.211
1.372
1.199
0.895
0.703
0.697
0.541
0.411
0.341
0.291
0.203
0.213
0.216
0.525
0.888
0.992
1.448
0.959
0.83
0.605
0.463
0.479
0.605
1.916
2.408
1.402
1.128
0.855
0.687
0.663
0.51
0.4
0.334
0.28
0.199
0.205
0.208
0.49
0.854
0.942
1.73
1.068
0.968
0.591
0.494
0.469
0.562
1.739
2.181
1.278
1.031
0.783
0.632
0.612
0.476
0.374
0.314
0.265
0.193
0.199
0.202
0.456
0.783
0.862
1.57
0.975
0.885
0.546
0.458
0.436
0.52
1.581
1.985
1.215
0.981
0.797
0.615
0.589
0.442
0.35
0.298
0.255
0.187
0.192
0.196
0.424
0.879
1.133
1.554
0.91
0.826
0.522
0.628
0.458
0.528
1.736
2.034
1.203
0.965
1.22
0.658
0.672
0.429
0.35
0.286
0.251
0.188
0.191
0.197
0.401
0.811
1.074
1.444
0.898
0.8
0.54
0.628
0.464
0.557
1.676
2.062
1.524
0.933
1.164
0.695
0.673
0.421
0.346
0.272
0.242
0.186
0.186
0.254
0.502
0.756
1.019
1.374
0.841
0.739
0.531
0.645
0.49
0.613
1.861
2.181
1.508
1.041
1.107
0.73
0.659
0.406
0.34
0.275
0.24
0.182
0.182
0.3
0.503
0.726
0.941
1.298
0.824
0.708
0.513
0.599
0.455
0.565
1.688
1.977
1.384
0.962
1.023
0.68
0.62
0.391
0.32
0.261
0.229
0.178
0.178
0.284
0.466
0.667
0.866
1.194
0.757
0.652
0.475
0.553
0.423
0.523
1.534
1.793
1.269
0.889
0.947
0.634
0.584
0.378
0.301
0.248
0.219
0.174
0.174
0.27
0.434
0.614
0.794
1.088
0.695
0.6
0.44
0.601
0.524
0.554
1.575
1.915
1.521
0.861
0.957
0.627
0.587
0.375
0.289
0.241
0.212
0.171
0.174
0.33
0.412
0.675
0.749
1.032
0.714
0.601
0.423
0.565
0.489
0.707
1.686
1.961
1.704
0.953
1.085
0.664
0.562
0.37
0.275
0.232
0.208
0.171
0.171
0.359
0.609
0.688
0.692
0.948
0.698
0.575
0.424
0.535
0.482
0.659
1.729
2.04
1.592
1.241
1.099
0.663
0.723
0.461
0.263
0.226
0.204
0.168
0.168
0.365
0.656
0.674
0.64
0.871
0.65
0.835
0.51
0.511
0.472
0.651
1.9
2.376
1.766
1.23
1.138
0.664
0.697
0.443
0.251
0.217
0.197
0.165
0.186
0.372
0.735
0.628
0.619
0.919
0.842
0.787
0.489
0.474
0.439
0.601
1.727
2.154
1.614
1.189
1.165
0.648
0.658
0.429
0.24
0.21
0.191
0.162
0.18
0.378
0.721
0.605
0.58
0.863
0.826
0.749
0.564
0.449
0.44
0.574
1.629
2.153
1.848
1.217
1.171
0.669
0.626
0.412
0.231
0.204
0.186
0.16
0.176
0.353
0.662
0.757
0.598
0.794
0.76
0.692
0.525
0.421
0.413
0.534
1.484
1.956
1.707
1.297
1.19
0.695
0.774
0.506
0.222
0.198
0.185
0.16
0.172
0.332
0.621
0.752
0.596
1.021
0.872
0.693
0.521
0.574
0.497
0.568
1.378
1.782
1.854
1.273
1.175
0.694
0.724
0.506
0.218
0.193
0.181
0.158
0.169
0.313
0.611
0.728
0.551
0.932
0.798
0.637
0.483
0.531
0.462
0.526
1.688
2.055
1.991
1.387
1.119
0.794
0.848
0.502
0.213
0.188
0.178
0.157
0.167
0.298
0.657
0.728
0.523
0.956
0.876
0.834
1.008
0.529
0.433
0.487
2.036
1.983
1.946
1.314
1.073
0.806
0.845
0.485
0.211
0.183
0.177
0.154
0.165
0.283
0.675
1.112
0.534
0.948
0.821
0.769
0.984
0.502
0.408
0.503
2.048
2.42
2.052
1.28
1.164
0.806
0.794
0.465
0.21
0.181
0.18
0.155
0.168
0.272
0.93
1.143
0.525
0.913
0.825
0.736
0.91
0.467
0.379
0.469
1.855
2.536
2.208
1.415
1.155
0.795
0.76
0.465
0.219
0.195
0.194
0.17
0.183
0.262
0.905
1.082
0.496
0.915
0.832
0.728
0.843
0.443
0.402
0.485
1.728
2.868
2.201
1.448
1.124
0.785
0.718
0.443
0.238
0.198
0.192
0.174
0.182
0.254
0.833
1.475
0.599
0.836
0.762
0.671
0.771
0.414
0.376
0.512
1.761
2.645
2.066
1.39
1.076
0.8
0.716
0.464
0.236
0.193
0.185
0.173
0.176
0.245
0.763
1.408
0.941
1.239
1.229
0.72
0.721
0.408
1.166
0.666
1.632
2.455
1.923
1.306
1.026
0.789
0.824
0.599
0.23
0.191
0.18
0.171
0.174
0.233
0.759
1.333
0.943
1.153
1.189
0.738
1.088
0.403
1.126
0.729
1.535
2.23
1.76
1.332
0.986
0.972
0.887
0.563
0.224
0.191
0.178
0.175
0.173
0.227
0.753
1.275
0.882
1.205
1.19
0.708
1.019
0.39
1.041
1.167
1.76
2.309
1.673
1.263
0.989
1.084
1.061
0.558
0.243
0.218
0.192
0.187
0.186
0.251
1.142
1.167
0.806
1.099
1.085
0.675
0.944
0.375
0.963
1.091
1.893
2.542
1.801
1.348
1.19
1.064
1.158
0.631
0.249
0.23
0.193
0.208
0.19
0.302
1.082
1.156
0.741
1.074
1.035
0.696
0.907
0.376
1.305
1.649
1.769
2.325
1.742
1.546
1.175
1.082
1.216
0.753
0.25
0.233
0.202
0.206
0.187
0.285
1.059
1.071
0.708
1.018
0.964
0.695
0.89
0.374
1.189
1.5
1.604
2.108
1.58
1.407
1.08
0.998
1.118
0.7
0.249
0.237
0.207
0.203
0.183
0.27
0.965
0.976
0.65
0.929
0.882
0.639
0.813
0.349
1.083
1.362
1.476
1.992
1.572
1.359
1.037
0.969
1.045
0.659
0.254
0.239
0.211
0.195
0.179
0.257
0.927
0.918
0.717
0.963
0.806
0.587
0.852
0.356
1.018
1.303
1.699
2.133
1.536
1.383
1.01
0.954
0.986
0.63
0.269
0.25
0.215
0.201
0.189
0.259
0.895
0.968
0.687
1.031
0.789
0.566
0.831
0.353
0.989
1.684
1.807
1.936
1.408
1.362
0.978
0.93
0.964
0.714
0.419
0.253
0.211
0.197
0.186
0.25
0.899
0.943
0.636
0.967
0.765
0.544
0.796
0.345
0.908
1.668
2.486
1.937
1.344
1.317
1.003
0.955
1.061
0.714
0.403
0.254
0.202
0.193
0.18
0.238
0.897
1.021
1.022
1.277
0.739
0.684
0.863
0.339
0.833
1.751
2.655
2.066
1.296
1.248
1.036
0.994
1.008
0.674
0.396
0.255
0.198
0.194
0.179
0.231
0.88
0.961
0.932
1.213
0.712
0.66
0.798
0.356
0.766
1.59
2.403
1.925
1.828
1.323
1.007
0.942
0.94
0.634
0.392
0.256
0.195
0.194
0.177
0.224
0.893
1.083
0.865
1.108
0.718
0.708
0.751
0.368
0.737
1.465
2.403
1.862
2.029
1.422
1.168
0.989
0.975
0.732
0.448
0.272
0.188
0.191
0.172
0.215
0.867
1.424
0.824
1.013
0.662
0.657
0.693
0.348
0.683
1.354
2.536
1.769
2.046
1.568
1.117
0.968
1.062
0.845
0.436
0.276
0.186
0.193
0.171
0.215
0.797
1.312
0.881
1.191
0.715
0.668
0.665
0.387
0.969
1.508
2.362
1.676
2.295
1.819
1.214
0.996
1.163
0.882
0.42
0.263
0.181
0.19
0.167
0.208
0.758
1.254
0.809
1.084
0.659
0.614
0.615
0.36
1.005
1.416
2.643
1.548
2.132
1.711
1.185
0.955
1.08
0.824
0.403
0.253
0.175
0.187
0.163
0.22
0.705
1.233
0.745
0.989
0.793
0.784
0.641
0.356
0.985
1.32
2.7
1.508
2.223
1.789
1.171
0.924
0.998
0.769
0.383
0.243
0.17
0.184
0.158
0.213
0.716
1.145
0.812
0.949
0.737
0.803
0.959
0.346
0.908
1.205
2.45
1.376
2.109
1.698
1.102
0.931
1.118
0.789
0.363
0.239
0.174
0.18
0.158
0.203
0.724
1.095
0.795
0.941
0.723
0.908
1.174
0.616
0.858
1.143
2.274
1.306
2.32
1.729
1.212
0.904
1.024
0.723
0.344
0.228
0.169
0.178
0.156
0.195
0.665
1.386
0.945
0.941
0.839
0.98
1.15
0.589
0.825
1.062
2.315
1.437
2.194
1.771
1.187
0.987
0.987
0.704
0.512
0.341
0.177
0.206
0.222
0.207
0.679
1.415
0.898
0.878
0.787
0.916
1.07
0.615
0.836
1.016
2.175
1.366
2.144
1.697
1.136
0.986
0.955
0.831
0.599
0.338
0.192
0.215
0.232
0.217
0.647
1.349
0.955
0.827
0.722
0.857
0.979
0.566
0.767
0.929
2.193
1.396
2.209
1.798
1.108
0.945
0.89
0.781
0.568
0.336
0.204
0.223
0.238
0.225
0.674
1.247
0.872
0.758
0.663
0.785
0.894
0.741
0.89
0.977
2.175
1.296
2.062
1.727
1.13
0.932
0.839
0.733
0.542
0.334
0.213
0.23
0.245
0.233
0.819
1.243
1.195
0.719
0.635
0.8
0.916
0.926
0.865
1.049
2.108
1.431
2.025
1.68
1.084
0.948
0.969
0.754
0.517
0.33
0.225
0.237
0.25
0.322
1.017
1.177
1.111
0.66
0.586
0.734
0.836
0.846
0.791
1.004
2.104
1.806
2.179
1.655
1.102
0.909
0.897
0.703
0.491
0.323
0.227
0.238
0.249
0.382
0.956
1.229
1.069
0.619
0.555
0.719
0.787
0.777
0.728
0.944
1.965
1.973
2.294
1.679
1.277
0.908
0.838
0.666
0.471
0.322
0.237
0.243
0.254
0.421
0.928
1.166
0.975
0.602
0.531
0.68
1.037
0.773
0.728
0.926
1.896
2.015
2.191
1.706
1.221
1.009
0.96
0.629
0.454
0.319
0.242
0.248
0.258
0.441
0.865
1.337
1.043
0.558
0.516
0.633
0.983
0.777
0.746
0.908
2.035
2.125
2.259
1.683
1.26
0.986
1.035
0.762
0.435
0.316
0.245
0.249
0.258
0.422
0.82
1.25
1.002
0.792
0.81
0.817
0.917
0.715
0.684
0.833
1.909
2.228
2.531
1.689
1.22
0.946
0.964
0.713
0.421
0.314
0.248
0.251
0.259
0.461
0.829
1.256
0.921
0.861
0.817
0.775
0.883
0.665
0.628
0.91
2.011
2.195
2.344
1.657
1.176
1.189
0.896
0.67
0.411
0.309
0.238
0.238
0.245
0.479
0.802
1.298
0.906
0.81
0.794
0.729
0.808
0.64
0.593
0.926
2.3
2.331
2.562
1.739
1.223
1.156
0.835
0.633
0.397
0.305
0.243
0.243
0.248
0.498
0.745
1.251
0.827
0.779
0.784
0.738
0.768
0.599
0.63
0.893
2.476
2.328
2.807
1.804
1.258
1.229
0.963
0.623
0.39
0.305
0.249
0.252
0.254
0.556
0.719
1.201
0.761
0.803
0.737
0.697
0.764
0.553
0.58
0.816
2.532
2.511
2.681
1.714
1.228
1.142
0.893
0.589
0.38
0.302
0.251
0.254
0.255
0.592
0.731
1.138
0.752
0.85
1.036
0.674
0.7
0.51
0.534
0.755
2.537
2.405
2.554
1.812
1.375
1.148
0.86
0.569
0.38
0.31
0.265
0.267
0.268
0.571
0.699
1.287
0.731
0.777
0.944
0.618
0.642
0.471
0.493
0.692
2.295
2.182
2.34
1.814
1.368
1.141
0.865
0.548
0.377
0.307
0.268
0.269
0.268
0.541
0.714
1.542
0.784
0.875
1.047
0.597
0.644
0.535
0.456
0.635
2.403
2.053
2.309
1.712
1.307
1.106
1.032
0.642
0.368
0.304
0.271
0.271
0.269
0.575
0.808
1.64
0.734
0.932
0.968
0.572
0.633
0.502
0.471
0.669
2.707
2.093
2.16
1.663
1.335
1.111
1.113
0.615
0.358
0.301
0.271
0.271
0.269
0.603
0.774
1.557
0.696
1.239
1.017
0.582
0.625
0.478
0.445
0.646
2.673
2.297
2.322
1.625
1.368
1.11
1.041
0.599
0.348
0.296
0.27
0.269
0.303
0.58
0.722
1.494
0.643
1.172
1.068
0.591
0.618
0.46
0.415
0.635
2.897
2.627
2.645
1.602
1.396
1.073
0.969
0.572
0.346
0.298
0.274
0.274
0.304
0.602
0.691
1.394
0.592
1.106
1.018
0.582
0.627
0.439
0.387
0.585
2.626
2.654
2.946
1.574
1.35
1.049
0.903
0.542
0.339
0.296
0.274
0.274
0.301
0.624
0.654
1.489
0.579
1.053
0.971
0.585
0.617
0.417
0.376
0.595
2.443
2.625
2.926
1.521
1.298
1.158
1.001
0.516
0.333
0.294
0.279
0.291
0.3
0.591
0.736
1.878
0.766
0.964
0.886
0.539
0.568
0.389
0.351
0.547
2.21
2.374
2.645
1.381
1.193
1.064
0.922
0.487
0.322
0.287
0.265
0.274
0.283
0.544
0.671
1.702
0.702
0.878
0.807
0.497
0.524
0.363
0.327
0.502
2.238
2.265
2.527
1.41
1.2
1.062
0.922
0.464
0.319
0.271
0.251
0.259
0.267
0.501
0.616
1.588
0.656
1.168
1.005
0.474
0.666
0.341
0.308
0.465
2.028
2.064
2.435
1.541
1.239
1.111
0.91
0.447
0.306
0.258
0.24
0.248
0.255
0.466
0.648
1.458
0.625
1.284
1.216
0.641
0.793
0.354
0.332
0.552
2.31
2.17
2.754
1.572
1.235
1.214
0.903
0.433
0.3
0.26
0.243
0.251
0.255
0.433
0.656
1.333
0.584
1.156
1.094
0.577
0.714
0.319
0.299
0.637
2.246
2.203
3.089
1.545
1.235
1.189
0.924
0.484
0.289
0.247
0.236
0.239
0.242
0.406
0.603
1.221
0.813
1.196
1.079
0.703
0.708
0.301
0.281
0.587
2.035
1.994
2.792
1.402
1.125
1.088
0.856
0.461
0.281
0.247
0.233
0.236
0.243
0.391
0.562
1.111
0.743
1.089
0.983
0.645
0.664
0.289
0.266
0.541
1.911
1.901
2.75
1.34
1.144
1.105
0.833
0.445
0.28
0.237
0.224
0.227
0.233
0.366
0.522
1.024
1.163
1.14
0.902
0.598
0.615
0.367
0.351
0.585
1.85
1.931
2.508
1.272
1.147
1.072
0.777
0.432
0.327
0.277
0.214
0.22
0.222
0.342
0.484
0.937
1.19
1.322
0.911
0.642
0.646
0.35
0.335
0.549
1.683
1.868
2.336
1.238
1.159
1.047
0.802
0.432
0.321
0.276
0.207
0.215
0.215
0.322
0.449
1.068
1.194
1.204
0.928
0.65
0.672
0.437
0.334
0.58
1.743
1.879
2.163
1.162
1.211
1.03
0.76
0.424
0.316
0.275
0.201
0.208
0.208
0.304
0.419
0.998
1.118
1.096
1.069
0.927
0.789
0.456
0.322
0.547
1.593
1.728
1.983
1.079
1.253
1.063
0.733
0.423
0.373
0.302
0.228
0.213
0.213
0.298
0.399
0.945
1.073
0.999
1.008
0.864
0.762
0.489
0.303
0.505
1.493
1.918
2.228
1.111
1.24
1.018
0.685
0.408
0.364
0.285
0.219
0.207
0.202
0.284
0.374
1.107
1.067
0.911
0.919
0.786
0.699
0.448
0.285
0.462
1.429
1.871
2.44
1.17
1.265
1.008
0.8
0.442
0.352
0.272
0.212
0.197
0.197
0.267
0.352
1.314
1.128
0.828
0.84
0.716
0.642
0.412
0.396
0.487
1.351
1.897
2.564
1.279
1.319
1.01
0.829
0.643
0.478
0.279
0.213
0.193
0.189
0.255
0.332
1.299
1.318
0.785
0.77
0.657
0.586
0.384
0.365
0.451
1.224
1.735
2.339
1.174
1.206
0.934
1.015
0.634
0.45
0.267
0.203
0.189
0.181
0.24
0.314
1.182
1.658
0.939
0.893
0.848
0.622
0.767
0.462
0.509
1.169
1.722
2.583
1.564
1.199
0.964
0.997
0.803
0.553
0.268
0.208
0.185
0.178
0.231
0.297
1.168
1.553
0.86
0.955
0.905
0.76
0.769
0.435
0.505
1.399
1.737
2.366
1.446
1.216
1.005
0.994
0.749
0.526
0.269
0.212
0.178
0.175
0.223
0.278
1.246
1.553
0.969
0.943
0.827
0.697
0.705
0.404
0.862
1.452
1.736
2.255
1.358
1.249
1.038
0.95
0.698
0.499
0.269
0.216
0.17
0.172
0.237
0.331
1.215
1.545
0.882
0.86
0.757
0.64
0.643
0.376
0.786
1.546
1.952
2.388
1.681
1.4
1.066
0.966
0.822
0.55
0.255
0.207
0.166
0.168
0.226
0.311
1.26
1.883
0.833
0.788
0.69
0.588
0.59
0.347
0.719
1.404
1.766
2.286
2.084
1.53
1.078
1.019
0.782
0.523
0.258
0.215
0.165
0.166
0.218
0.291
1.249
1.824
0.798
0.851
0.701
0.574
0.592
0.413
0.753
1.42
2.041
2.269
2.095
1.568
1.077
1.07
0.967
0.695
0.381
0.219
0.172
0.163
0.209
0.275
1.139
2.204
1.02
0.937
0.902
1.148
0.709
0.572
0.766
1.489
2.269
2.408
2.087
1.581
1.114
1.131
0.908
0.658
0.365
0.211
0.169
0.161
0.205
0.262
1.04
2.936
1.15
0.856
0.827
1.334
0.882
0.666
0.788
1.455
2.221
2.476
1.961
1.586
1.106
1.062
0.846
0.63
0.363
0.207
0.167
0.159
0.199
0.251
1.025
2.731
1.047
0.783
0.757
1.213
0.806
0.611
0.753
1.428
2.232
2.273
1.792
1.662
1.208
1.225
0.795
0.602
0.358
0.201
0.165
0.158
0.193
0.24
1.093
2.643
1.001
0.829
0.86
1.125
0.81
0.595
0.696
1.438
2.53
2.153
1.769
1.627
1.168
1.272
0.728
0.554
0.334
0.193
0.161
0.154
0.186
0.229
1.103
2.456
0.913
0.758
0.788
1.02
0.741
0.547
0.812
1.423
2.672
2.232
1.846
1.586
1.275
1.317
0.679
0.517
0.338
0.208
0.172
0.185
0.201
0.234
1.108
2.29
0.992
0.747
0.835
1.06
0.77
0.546
0.782
1.382
2.516
2.315
1.87
1.538
1.305
1.399
0.635
0.492
0.331
0.213
0.179
0.192
0.206
0.235
1.125
2.095
0.913
0.901
1.011
1.016
0.78
0.538
0.747
1.346
2.552
2.311
1.742
1.531
1.263
1.398
0.61
0.47
0.325
0.218
0.188
0.2
0.212
0.238
1.04
1.982
1.122
1.269
0.927
0.928
0.715
0.497
0.684
1.223
2.534
2.396
1.766
1.564
1.262
1.39
0.598
0.533
0.348
0.209
0.182
0.192
0.203
0.229
1.04
1.87
1.131
1.337
1.055
1.083
0.733
0.592
0.714
1.236
2.551
2.522
1.73
1.501
1.241
1.422
0.702
0.495
0.328
0.203
0.176
0.186
0.198
0.22
0.948
1.826
1.033
1.213
0.963
0.984
0.674
0.542
0.659
1.335
2.771
2.476
1.659
1.501
1.188
1.524
0.774
0.457
0.308
0.193
0.192
0.182
0.188
0.229
1.096
1.909
1.326
1.163
1.034
1.029
0.705
0.578
0.659
1.329
2.945
2.364
1.618
1.412
1.15
1.454
0.747
0.44
0.306
0.198
0.201
0.192
0.197
0.231
1.048
1.792
1.208
1.056
0.945
0.936
0.649
0.53
0.607
1.431
3.001
2.423
1.607
1.676
1.264
1.584
0.847
0.41
0.29
0.193
0.195
0.187
0.191
0.222
1.078
1.694
1.1
0.962
0.864
0.856
0.598
0.49
0.556
1.302
2.714
2.571
1.685
1.604
1.248
1.538
0.805
0.391
0.274
0.183
0.189
0.178
0.186
0.209
0.98
1.604
1.003
0.875
0.788
0.784
0.548
0.473
0.567
1.297
2.798
2.566
1.771
1.585
1.239
1.66
0.94
0.446
0.275
0.189
0.199
0.188
0.192
0.216
0.907
1.682
0.955
0.801
0.719
0.718
0.996
0.582
0.601
1.332
2.636
2.382
1.818
1.779
1.218
1.605
0.91
0.434
0.261
0.184
0.194
0.184
0.184
0.225
0.834
1.533
1.059
0.734
0.727
0.705
0.973
0.708
0.652
1.325
3.056
2.263
1.749
1.736
1.19
1.563
0.862
0.415
0.263
0.189
0.201
0.192
0.189
0.226
1.029
1.536
1.12
0.684
0.7
0.736
0.933
0.669
0.643
1.423
3.091
2.196
1.652
1.686
1.127
1.669
0.95
0.397
0.265
0.194
0.205
0.201
0.212
0.24
1.019
1.503
1.206
0.798
0.643
0.819
1.112
0.85
0.631
1.535
3.251
2.275
1.708
1.664
1.12
1.79
0.882
0.384
0.264
0.201
0.206
0.207
0.216
0.291
0.974
1.553
1.188
0.735
0.592
0.866
1.033
0.797
0.663
1.706
3.075
2.398
2.236
1.695
1.093
1.824
1.024
0.483
0.264
0.207
0.207
0.213
0.216
0.334
0.926
1.925
1.081
0.909
0.643
0.825
0.985
0.739
0.728
1.893
3.089
2.24
2.123
1.862
1.094
1.683
0.947
0.456
0.263
0.212
0.208
0.217
0.215
0.41
1.006
1.787
0.981
0.883
0.595
0.759
0.956
0.685
0.668
1.753
3.186
2.181
2.092
1.765
1.091
1.568
0.886
0.438
0.26
0.246
0.202
0.209
0.206
0.384
0.916
1.674
1.034
0.856
0.563
0.854
0.984
0.693
0.812
1.927
3.766
2.331
2.139
1.774
1.238
1.531
0.904
0.493
0.263
0.249
0.209
0.216
0.257
0.401
0.841
1.55
1.125
1.245
0.661
0.787
0.924
0.693
0.864
1.86
3.9
2.578
2.107
1.698
1.217
1.428
0.847
0.468
0.263
0.251
0.216
0.217
0.259
0.388
0.844
1.495
1.044
1.26
0.83
0.762
1.308
1.045
0.931
1.698
3.531
2.345
1.917
1.551
1.118
1.305
0.784
0.445
0.257
0.247
0.215
0.221
0.253
0.37
0.78
1.388
0.965
1.156
0.768
0.748
1.493
1.196
0.948
1.606
3.699
2.485
1.869
1.478
1.078
1.217
0.728
0.426
0.253
0.247
0.216
0.224
0.257
0.358
0.891
1.45
0.883
1.051
0.707
0.684
1.359
1.087
0.885
1.589
3.864
2.39
1.832
1.435
1.06
1.185
0.698
0.417
0.261
0.251
0.228
0.234
0.26
0.358
0.925
1.402
0.813
0.96
0.874
0.671
1.28
1.143
0.999
1.455
3.501
2.174
1.67
1.526
1.028
1.097
0.659
0.404
0.264
0.254
0.236
0.239
0.259
0.346
0.927
1.353
0.749
0.911
0.818
0.98
1.275
1.077
0.921
1.332
3.176
1.977
1.527
1.394
0.99
1.105
0.634
0.391
0.265
0.26
0.239
0.242
0.261
0.342
0.866
1.428
0.787
0.83
0.745
0.891
1.156
0.978
0.842
1.208
3.162
1.975
1.462
1.338
0.989
1.089
0.622
0.404
0.295
0.286
0.267
0.27
0.287
0.362
0.834
1.355
0.893
0.819
0.763
0.9
1.061
0.903
0.783
1.151
3.387
2.179
1.73
1.284
0.967
1.037
0.592
0.393
0.295
0.285
0.268
0.27
0.289
0.354
0.831
1.438
0.821
0.752
0.725
0.896
1.045
0.88
0.775
1.119
3.396
2.035
1.627
1.318
0.993
0.984
0.564
0.384
0.296
0.294
0.269
0.27
0.287
0.347
0.953
1.431
0.748
0.686
0.662
0.815
0.95
0.801
0.754
1.395
3.422
1.984
1.579
1.267
0.997
1.03
0.721
0.475
0.297
0.302
0.277
0.269
0.284
0.334
0.881
1.354
0.686
0.804
0.682
0.836
0.949
0.748
0.706
1.277
3.107
1.826
1.444
1.168
1.033
0.989
0.671
0.455
0.29
0.298
0.28
0.268
0.281
0.326
1.008
1.346
0.626
0.734
0.625
0.762
1.069
0.799
0.698
1.193
2.857
1.712
1.448
1.144
1.009
0.919
0.631
0.436
0.287
0.295
0.283
0.273
0.284
0.322
0.941
1.356
0.736
0.801
0.639
0.748
1.012
0.796
0.65
1.098
2.594
1.563
1.326
1.051
1.111
0.981
0.604
0.427
0.293
0.3
0.313
0.278
0.291
0.325
0.881
1.489
0.854
0.756
0.626
1.2
1.208
1.06
0.684
1.299
2.92
1.772
1.596
1.109
1.092
1.363
0.994
0.434
0.287
0.294
0.306
0.274
0.286
0.316
0.817
1.367
1.287
0.818
0.619
1.16
1.4
1.078
0.73
1.273
2.976
1.789
1.761
1.135
1.089
1.353
0.931
0.43
0.295
0.289
0.298
0.27
0.28
0.307
0.82
1.367
1.168
0.766
0.569
1.053
1.269
0.979
0.665
1.155
2.688
1.869
1.987
1.412
1.341
1.619
1.029
0.51
0.29
0.284
0.29
0.325
0.274
0.301
0.89
1.34
1.128
0.744
0.772
0.956
1.149
0.889
0.608
1.327
2.983
1.898
1.957
1.62
1.31
1.623
0.998
0.485
0.286
0.281
0.285
0.316
0.268
0.296
0.825
1.346
1.256
0.752
0.711
0.865
1.044
0.867
1.37
1.522
3.083
2.141
2.152
1.849
1.491
1.554
1.125
0.582
0.285
0.279
0.281
0.309
0.265
0.29
0.877
1.383
1.329
1.186
0.923
0.956
1.174
0.905
1.335
1.475
3.077
2.324
2.113
1.892
1.475
1.609
1.223
0.671
0.282
0.274
0.28
0.3
0.265
0.301
0.84
1.442
1.617
1.201
1.25
1.443
1.643
1.595
1.411
1.596
2.893
2.17
2.091
1.918
1.468
1.636
1.152
0.632
0.281
0.273
0.279
0.297
0.267
0.298
0.779
1.35
1.916
1.355
1.35
1.436
1.557
1.614
1.818
1.848
3.389
2.083
2.049
1.886
1.433
1.688
1.276
0.726
0.281
0.274
0.275
0.316
0.269
0.292
0.728
1.515
2.519
1.801
1.519
1.548
1.661
1.711
2.159
2.033
3.405
2.209
1.966
1.77
1.437
1.631
1.22
0.678
0.277
0.272
0.268
0.31
0.266
0.285
0.68
1.39
2.334
1.795
1.803
1.72
1.661
1.557
2.056
1.959
3.57
2.669
2.024
1.799
1.405
1.62
1.325
0.755
0.279
0.273
0.27
0.303
0.265
0.283
0.685
1.519
2.123
1.637
1.647
1.568
1.519
1.421
1.875
1.784
3.588
2.78
2.573
2.008
1.36
1.624
1.392
0.87
0.294
0.269
0.266
0.298
0.26
0.282
0.66
1.419
2.417
1.81
1.586
1.528
1.659
1.408
1.768
1.724
3.588
2.906
2.739
2.203
1.454
1.645
1.346
0.815
0.29
0.263
0.262
0.292
0.255
0.275
0.68
1.371
2.615
1.792
1.602
1.978
1.894
1.454
1.705
1.607
3.32
2.765
2.899
2.33
1.413
1.572
1.315
0.88
0.488
0.335
0.265
0.287
0.256
0.274
0.636
1.286
2.39
1.761
1.629
1.875
1.928
1.404
1.804
1.802
3.16
2.854
2.689
2.239
1.399
1.521
1.401
0.983
0.465
0.327
0.266
0.286
0.255
0.269
0.597
1.183
2.596
1.711
1.476
1.696
1.744
1.272
1.632
1.63
2.853
2.573
2.675
2.461
1.388
1.503
1.3
0.907
0.44
0.318
0.263
0.281
0.254
0.262
0.56
1.146
2.585
2.106
1.914
2.001
1.862
1.489
1.896
1.714
3.018
2.49
2.571
2.357
1.341
1.455
1.396
0.965
0.421
0.311
0.262
0.278
0.253
0.255
0.529
1.28
2.749
2.006
1.778
1.824
1.738
1.699
2.055
1.892
3.113
2.837
2.869
2.306
1.38
1.393
1.288
0.894
0.404
0.305
0.26
0.275
0.252
0.25
0.501
1.223
2.877
1.974
1.658
2.007
1.943
2.118
2.08
1.806
3.211
2.809
2.771
2.168
1.378
1.345
1.192
0.83
0.39
0.301
0.262
0.276
0.254
0.251
0.476
1.175
2.653
1.875
1.599
1.833
1.774
2.053
2.193
1.981
3.468
2.721
2.615
2.081
1.331
1.3
1.139
0.771
0.375
0.291
0.258
0.272
0.253
0.25
0.45
1.382
2.454
1.875
1.834
1.832
1.746
2.054
2.066
1.836
3.364
2.919
2.763
2.178
1.263
1.236
1.14
0.739
0.359
0.284
0.254
0.267
0.25
0.244
0.425
1.265
2.461
1.921
1.858
1.823
1.581
1.952
2.188
1.959
3.575
2.964
2.88
2.048
1.227
1.207
1.131
0.708
0.368
0.277
0.254
0.265
0.249
0.244
0.401
1.395
2.261
1.739
1.677
1.65
1.432
1.765
1.974
1.866
3.353
2.808
2.657
1.956
1.173
1.173
1.087
0.663
0.343
0.262
0.24
0.245
0.236
0.231
0.373
1.274
2.437
1.574
1.564
1.607
1.307
1.612
1.801
1.763
3.455
2.628
2.46
1.893
1.12
1.14
1.007
0.621
0.333
0.26
0.238
0.243
0.238
0.233
0.355
1.239
2.262
1.972
1.745
1.822
1.44
1.537
1.67
1.643
3.23
2.571
2.335
2.044
1.126
1.105
0.919
0.575
0.322
0.255
0.232
0.241
0.236
0.231
0.342
1.185
2.193
1.882
1.59
1.672
1.33
1.509
1.762
1.812
3.059
2.901
2.373
1.903
1.114
1.101
0.906
0.539
0.309
0.247
0.23
0.238
0.233
0.23
0.324
1.255
1.98
1.703
1.647
1.758
1.375
1.392
1.711
1.801
3.293
3.017
2.308
1.83
1.075
1.083
1.072
0.507
0.302
0.244
0.229
0.236
0.232
0.228
0.365
1.401
1.853
1.879
1.774
1.868
1.459
1.272
1.548
1.675
3.092
2.862
2.349
2.1
1.065
1.077
1.164
0.669
0.297
0.244
0.235
0.237
0.234
0.23
0.403
1.695
1.739
1.708
1.613
1.704
1.373
1.179
1.405
1.528
3.196
2.897
2.414
2.134
1.163
1.096
1.114
0.651
0.316
0.269
0.261
0.258
0.259
0.256
0.428
1.742
1.593
1.545
1.464
1.543
1.314
1.121
1.313
1.45
3.147
3.197
2.385
2.066
1.129
1.093
1.21
0.712
0.309
0.27
0.26
0.26
0.257
0.259
0.409
1.597
1.706
1.836
1.359
1.558
1.216
1.062
1.232
1.392
2.911
3.304
2.303
1.98
1.113
1.074
1.122
0.666
0.299
0.268
0.256
0.258
0.254
0.522
0.41
1.516
1.548
1.833
1.261
1.452
1.144
0.983
1.189
1.535
3.183
3.109
2.143
1.942
1.1
1.045
1.042
0.628
0.294
0.268
0.258
0.257
0.256
0.565
0.397
1.483
1.416
1.733
1.322
1.895
1.34
0.961
1.121
1.469
3.135
3.246
2.496
2.078
1.068
1.018
0.991
0.589
0.305
0.273
0.257
0.254
0.256
0.533
0.548
1.5
1.351
1.611
1.23
1.773
1.281
0.893
1.03
1.477
3.236
3.473
2.362
1.956
1.035
1.049
1.0
0.564
0.302
0.268
0.259
0.252
0.258
0.503
0.516
1.48
1.533
1.713
1.243
1.748
1.297
0.879
0.981
1.44
3.016
3.337
2.631
1.994
1.006
1.149
0.931
0.548
0.305
0.265
0.26
0.254
0.255
0.479
0.724
1.419
1.391
1.551
1.131
1.581
1.18
0.802
0.892
1.308
3.131
3.63
2.852
2.266
1.065
1.201
0.975
0.544
0.302
0.265
0.261
0.256
0.257
0.458
0.678
1.345
1.45
1.449
1.102
1.867
1.524
1.103
0.86
1.275
3.047
3.872
2.729
2.204
1.087
1.249
0.972
0.563
0.304
0.264
0.259
0.253
0.256
0.435
0.631
1.242
1.529
1.644
1.146
1.749
1.44
1.018
0.797
1.209
2.869
3.708
2.708
2.128
1.121
1.274
0.923
0.532
0.294
0.263
0.254
0.253
0.251
0.417
0.715
1.348
1.385
1.63
1.418
1.625
1.374
0.983
0.794
1.344
2.838
3.465
2.569
2.046
1.116
1.242
0.863
0.507
0.293
0.26
0.257
0.251
0.254
0.398
0.732
1.3
1.425
1.72
1.345
1.546
1.282
0.899
0.723
1.288
2.993
3.73
2.774
1.989
1.107
1.171
0.798
0.481
0.287
0.258
0.253
0.252
0.25
0.381
0.739
1.289
1.352
1.599
1.411
1.464
1.193
0.836
0.71
1.418
3.298
3.743
2.657
1.865
1.073
1.128
0.74
0.452
0.269
0.248
0.239
0.243
0.236
0.359
0.727
1.383
1.272
1.476
1.525
1.46
1.117
0.792
0.68
1.38
3.047
3.629
2.974
1.854
1.105
1.088
0.69
0.434
0.268
0.249
0.242
0.241
0.24
0.346
0.74
1.303
1.212
1.558
1.464
1.695
1.121
0.732
0.626
1.318
3.264
3.748
2.801
1.812
1.096
1.176
0.843
0.418
0.268
0.247
0.244
0.241
0.239
0.338
0.689
1.694
1.271
1.422
1.415
1.579
1.176
0.743
0.736
1.536
3.194
3.692
2.624
1.712
1.119
1.141
0.84
0.476
0.274
0.251
0.253
0.246
0.243
0.329
0.715
1.762
1.607
1.613
1.758
1.557
1.152
0.741
0.768
1.454
2.963
3.605
2.52
1.673
1.091
1.105
0.783
0.452
0.271
0.252
0.25
0.244
0.241
0.323
0.926
2.018
1.644
1.609
1.866
1.605
1.196
0.768
0.774
1.814
3.065
3.324
2.367
1.624
1.072
1.072
0.739
0.433
0.267
0.255
0.249
0.243
0.24
0.314
0.859
2.062
1.694
1.825
1.707
1.718
1.381
0.965
0.909
1.872
3.475
3.353
2.308
1.584
1.036
1.028
0.704
0.416
0.265
0.257
0.247
0.246
0.239
0.31
0.864
1.932
1.723
1.992
1.624
1.584
1.325
0.901
0.954
1.955
3.527
3.531
2.244
1.552
1.002
1.026
0.66
0.4
0.259
0.253
0.247
0.242
0.236
0.304
0.803
1.919
1.604
1.845
1.774
1.714
1.508
0.843
0.867
1.816
3.236
3.424
2.319
1.514
0.982
0.993
0.618
0.38
0.255
0.251
0.243
0.238
0.233
0.298
1.0
2.034
1.465
1.896
1.691
1.598
1.409
0.86
0.934
2.072
3.417
3.672
2.925
1.533
0.957
0.974
0.591
0.365
0.254
0.252
0.241
0.238
0.237
0.291
0.958
2.132
1.761
1.953
1.776
1.689
1.519
1.039
1.249
2.317
3.368
3.593
2.789
1.537
0.931
0.972
0.587
0.363
0.251
0.249
0.241
0.237
0.234
0.286
0.903
2.527
1.723
1.884
1.625
1.529
1.375
0.944
1.133
2.096
3.042
3.243
2.713
1.735
0.947
0.944
0.553
0.354
0.248
0.247
0.245
0.236
0.233
0.28
0.907
2.373
1.675
1.849
1.713
1.601
1.343
0.904
1.126
2.184
3.081
3.275
2.543
1.663
0.97
0.92
0.523
0.342
0.247
0.246
0.244
0.236
0.234
0.276
1.048
2.23
1.588
1.744
1.598
1.473
1.316
0.873
1.092
2.085
3.9
3.566
2.73
1.647
0.933
0.868
0.488
0.32
0.233
0.233
0.234
0.219
0.221
0.259
0.996
2.093
1.444
1.635
1.459
1.387
1.252
0.797
1.11
2.798
4.753
3.666
3.098
2.089
1.063
0.925
0.484
0.313
0.234
0.228
0.237
0.224
0.22
0.26
0.986
2.047
1.413
1.533
1.372
1.309
1.159
0.756
1.094
2.854
4.623
3.7
3.196
2.081
1.061
0.914
0.462
0.31
0.236
0.238
0.237
0.23
0.221
0.258
0.92
1.986
1.365
1.435
1.43
1.248
1.132
0.699
1.02
2.588
4.35
3.697
2.946
1.963
1.06
0.925
0.474
0.346
0.246
0.239
0.252
0.238
0.224
0.257
0.854
2.072
1.432
1.558
1.656
1.709
1.421
0.9
1.137
2.573
4.461
3.512
2.864
2.277
1.119
0.943
0.645
0.465
0.248
0.244
0.256
0.241
0.224
0.246
0.839
1.891
1.35
1.417
1.505
1.925
1.642
1.015
1.109
2.352
4.127
3.507
2.718
2.176
1.129
0.954
0.624
0.447
0.254
0.245
0.257
0.246
0.227
0.247
0.861
1.727
1.277
1.3
1.727
1.892
1.522
0.957
1.067
2.172
3.819
3.387
2.569
2.037
1.133
0.903
0.585
0.426
0.249
0.245
0.275
0.244
0.228
0.641
0.936
1.573
1.311
1.587
1.677
1.841
1.487
0.905
1.003
2.001
3.686
3.127
2.419
1.925
1.154
0.907
0.559
0.414
0.251
0.248
0.275
0.249
0.234
0.604
1.184
2.032
1.198
1.459
1.525
1.727
1.379
0.909
0.95
1.981
3.768
3.28
2.564
1.799
1.134
0.914
0.55
0.399
0.249
0.246
0.271
0.248
0.234
0.567
1.089
1.907
1.221
1.469
1.495
1.618
1.3
0.835
0.885
1.867
3.767
3.059
2.356
1.663
1.064
0.862
0.596
0.443
0.256
0.252
0.268
0.248
0.237
0.533
1.003
1.789
1.119
1.54
1.422
1.762
1.231
0.811
0.836
1.867
3.634
3.508
2.289
1.645
1.047
0.843
0.745
0.534
0.257
0.253
0.266
0.247
0.238
0.502
1.067
1.736
1.032
1.396
1.292
1.598
1.118
0.743
0.763
1.692
3.284
3.199
2.585
1.723
1.091
0.85
0.723
0.53
0.279
0.276
0.287
0.267
0.262
0.5
1.008
2.001
1.232
1.621
1.384
1.629
1.025
0.73
0.708
1.542
2.973
3.222
2.493
1.673
1.111
0.844
0.696
0.525
0.279
0.276
0.286
0.268
0.261
0.476
0.973
1.847
1.121
1.472
1.259
1.475
0.936
0.67
0.696
1.653
2.794
3.015
2.347
1.625
1.097
0.836
0.666
0.501
0.277
0.274
0.282
0.265
0.261
0.454
0.906
1.773
1.043
1.442
1.144
1.339
0.871
0.629
0.66
1.623
2.71
3.228
2.486
1.587
1.062
0.878
0.63
0.475
0.273
0.271
0.278
0.262
0.258
0.43
0.913
1.85
0.95
1.307
1.042
1.29
0.831
0.59
0.608
1.635
2.856
3.068
2.365
1.569
1.173
1.188
0.73
0.454
0.272
0.27
0.276
0.262
0.259
0.412
0.961
1.733
0.873
1.189
0.949
1.2
0.849
0.608
0.566
1.485
2.64
2.893
2.47
1.594
1.195
1.249
0.69
0.438
0.274
0.272
0.278
0.265
0.262
0.399
0.956
1.656
0.803
1.088
0.867
1.098
0.779
0.564
0.587
1.389
2.555
2.982
2.355
1.779
1.164
1.35
0.647
0.421
0.291
0.274
0.278
0.265
0.261
0.386
0.892
2.005
0.903
0.99
0.79
1.0
0.71
0.52
0.538
1.261
2.311
2.692
2.129
1.612
1.055
1.223
0.593
0.39
0.27
0.256
0.258
0.247
0.243
0.356
0.811
1.813
0.822
0.897
0.717
0.909
0.647
0.476
0.568
1.417
2.603
3.074
2.316
1.689
1.059
1.313
0.656
0.391
0.274
0.257
0.259
0.246
0.243
0.343
0.812
1.737
0.75
1.06
0.843
0.995
0.667
0.507
0.705
1.419
2.576
3.157
2.433
1.647
1.103
1.346
0.805
0.453
0.277
0.257
0.262
0.25
0.245
0.335
0.986
1.662
0.835
1.006
0.959
0.918
0.672
0.473
0.652
1.327
2.371
3.27
2.358
1.573
1.126
1.254
0.751
0.436
0.277
0.258
0.262
0.25
0.244
0.326
0.913
1.561
0.768
0.917
0.873
0.837
0.643
0.441
0.658
1.312
2.213
3.076
2.252
1.537
1.078
1.161
0.703
0.419
0.275
0.258
0.262
0.267
0.251
0.32
0.9
1.562
0.722
0.834
0.795
0.806
0.612
0.418
0.611
1.195
2.009
2.956
2.672
1.536
1.033
1.078
0.656
0.405
0.271
0.255
0.261
0.267
0.249
0.311
1.175
1.789
0.661
0.761
0.725
0.775
0.604
0.397
0.564
1.093
1.988
3.094
2.769
1.494
1.056
1.022
0.62
0.394
0.271
0.258
0.279
0.274
0.248
0.309
1.15
2.258
0.867
0.694
0.666
0.82
0.969
0.651
0.544
1.043
1.857
2.875
2.707
1.415
1.037
1.027
0.608
0.381
0.275
0.259
0.279
0.276
0.25
0.304
1.099
2.078
0.92
0.636
0.611
1.172
1.204
0.9
0.8
1.175
1.889
2.728
2.607
1.59
1.123
0.961
0.58
0.378
0.273
0.261
0.278
0.274
0.251
0.39
1.034
1.903
0.84
0.584
0.562
1.065
1.095
0.823
0.734
1.07
1.907
2.501
2.437
1.586
1.126
0.977
0.558
0.378
0.284
0.272
0.272
0.273
0.248
0.483
1.01
2.198
0.768
0.535
0.52
0.968
0.995
0.799
0.987
1.276
2.054
3.056
2.546
1.533
1.205
0.915
0.528
0.368
0.289
0.271
0.273
0.269
0.246
0.563
0.93
2.003
0.781
0.773
0.546
0.903
0.951
0.914
0.958
1.212
1.977
2.859
2.465
1.679
1.163
0.852
0.506
0.36
0.288
0.27
0.276
0.269
0.248
0.628
0.912
1.818
0.715
0.708
0.503
0.944
0.981
0.906
0.883
1.162
1.98
2.704
2.376
1.818
1.106
0.795
0.481
0.352
0.285
0.286
0.279
0.267
0.249
0.672
0.837
1.663
0.671
0.704
0.759
1.187
1.026
0.846
0.868
1.114
1.894
2.574
2.311
1.802
1.291
0.784
0.633
0.457
0.283
0.284
0.278
0.264
0.25
0.659
0.887
1.654
1.339
0.65
0.713
1.237
1.002
0.824
0.967
1.505
1.806
2.479
2.229
1.743
1.28
0.82
0.683
0.566
0.358
0.285
0.277
0.27
0.254
0.619
0.89
1.806
1.649
0.845
0.716
1.176
1.476
0.962
1.261
1.406
1.724
2.342
2.184
1.751
1.382
0.964
0.646
0.539
0.35
0.286
0.28
0.273
0.256
0.705
0.834
1.641
1.5
0.774
0.659
1.071
1.344
0.878
1.335
1.756
2.029
2.327
2.058
1.881
1.359
0.918
0.623
0.518
0.344
0.286
0.278
0.272
0.259
0.775
0.905
1.601
1.362
0.864
0.98
1.232
1.326
0.802
1.212
1.59
2.03
2.588
2.144
1.789
1.467
0.872
0.588
0.495
0.338
0.284
0.276
0.272
0.26
0.82
0.833
1.453
1.237
0.79
0.894
1.136
1.211
0.735
1.104
1.444
1.84
2.786
2.843
2.165
1.654
1.056
0.797
0.714
0.573
0.525
0.52
0.513
0.501
1.073
1.054
1.513
1.129
0.724
0.817
1.035
1.103
0.674
1.006
1.36
1.712
2.726
3.183
2.226
1.609
0.986
0.743
0.668
0.541
0.52
0.495
0.488
0.475
1.22
0.988
1.398
1.028
0.666
0.746
0.941
1.005
0.618
0.913
1.471
2.087
3.293
3.139
2.257
1.506
0.917
0.699
0.629
0.515
0.497
0.471
0.465
0.453
1.165
0.905
1.529
1.055
0.611
0.683
0.859
1.317
0.677
0.928
1.401
2.19
3.253
2.988
2.156
1.651
0.899
0.666
0.599
0.493
0.479
0.454
0.449
0.436
1.081
0.971
1.406
1.185
0.812
0.946
0.794
1.35
0.708
0.887
1.332
2.04
3.296
2.991
2.116
1.566
0.863
0.646
0.575
0.474
0.463
0.438
0.434
0.424
1.066
1.055
1.334
1.078
0.743
0.865
0.729
1.227
0.649
0.846
1.609
1.964
3.063
2.792
2.042
1.516
0.821
0.614
0.549
0.457
0.449
0.423
0.42
0.413
1.058
0.969
1.386
0.988
0.682
0.791
0.668
1.117
0.597
0.88
1.788
2.32
2.929
2.744
2.214
1.664
0.811
0.592
0.525
0.444
0.433
0.412
0.408
0.4
1.077
0.934
1.291
0.908
0.634
0.757
0.64
1.025
0.558
0.81
1.754
2.327
2.759
3.004
2.084
1.828
0.82
0.567
0.502
0.432
0.422
0.4
0.399
0.389
1.153
0.934
1.223
0.864
0.794
0.885
0.613
0.956
0.528
0.8
1.748
2.111
2.672
3.109
2.028
1.746
0.792
0.534
0.476
0.415
0.413
0.396
0.385
0.415
1.058
0.935
1.38
1.207
0.799
0.986
0.57
0.878
0.495
0.741
1.667
2.285
2.509
2.973
1.972
1.671
0.803
0.511
0.459
0.404
0.398
0.387
0.374
0.403
1.055
1.334
1.388
1.114
0.987
0.959
0.576
0.845
0.496
0.733
1.556
2.127
2.291
2.731
1.969
1.627
0.786
0.496
0.44
0.396
0.384
0.378
0.362
0.389
0.978
1.231
1.724
1.32
0.953
0.888
0.547
0.785
0.472
0.686
1.566
1.981
2.131
2.576
1.846
1.555
0.737
0.473
0.424
0.384
0.372
0.366
0.352
0.73
1.03
1.121
1.563
1.201
0.87
0.811
0.505
0.719
0.434
0.629
1.817
1.951
2.17
2.663
1.764
1.451
0.69
0.453
0.407
0.368
0.36
0.356
0.343
0.79
0.947
1.021
1.419
1.09
0.794
0.743
0.462
0.66
0.419
0.58
1.645
1.971
2.208
2.534
2.351
1.382
0.649
0.43
0.393
0.353
0.349
0.344
0.33
0.807
0.885
1.17
1.332
0.99
0.724
0.677
0.425
0.603
0.387
0.535
1.489
1.782
2.003
2.985
2.258
1.474
0.617
0.415
0.38
0.341
0.34
0.336
0.32
0.854
0.829
1.072
1.498
1.109
0.664
0.618
0.391
0.653
0.456
0.536
1.704
1.691
1.886
2.953
2.127
1.489
0.592
0.4
0.37
0.335
0.332
0.328
0.313
0.894
0.77
0.978
1.386
1.02
0.618
0.762
0.384
0.675
0.538
0.557
1.705
1.879
1.807
3.07
2.002
1.519
0.732
0.387
0.362
0.329
0.325
0.343
0.31
0.831
0.759
1.013
1.524
1.183
0.823
0.954
0.617
0.879
0.753
0.769
2.032
1.759
1.755
3.013
1.904
1.509
0.791
0.531
0.46
0.33
0.325
0.341
0.312
0.829
0.704
1.156
1.846
1.581
1.622
1.421
0.923
0.862
0.777
0.762
1.895
1.622
1.723
2.757
1.912
1.564
0.741
0.508
0.442
0.325
0.318
0.336
0.308
0.916
0.645
1.054
1.675
1.435
1.471
1.291
0.843
0.788
0.711
0.698
1.717
1.47
2.058
2.923
1.833
1.487
0.691
0.481
0.422
0.316
0.306
0.342
0.307
0.91
0.592
1.397
1.945
1.304
1.392
1.188
0.84
0.763
0.664
0.667
1.892
1.447
2.211
2.728
1.814
1.389
0.648
0.461
0.404
0.311
0.302
0.332
0.301
0.943
0.554
1.344
1.81
1.191
1.27
1.134
0.825
0.72
0.652
0.633
1.944
1.362
2.582
2.589
1.718
1.647
0.727
0.44
0.388
0.304
0.296
0.323
0.295
0.917
0.512
1.625
1.707
1.081
1.155
1.033
0.843
0.792
0.63
0.625
2.137
1.34
2.418
2.573
1.659
1.812
0.835
0.513
0.376
0.301
0.294
0.34
0.294
0.884
0.512
2.288
2.098
1.046
1.087
1.041
0.845
0.777
0.64
0.611
2.253
1.379
2.301
2.415
1.563
1.912
0.946
0.6
0.365
0.297
0.289
0.332
0.291
0.822
0.795
2.43
1.99
0.959
0.991
0.949
0.772
0.711
0.588
0.561
2.039
1.269
2.089
2.186
1.419
1.733
0.864
0.55
0.339
0.28
0.272
0.31
0.271
0.752
0.728
2.195
1.803
0.873
0.902
0.867
0.705
0.652
0.542
0.518
1.848
1.155
1.892
1.98
1.289
1.572
0.79
0.504
0.316
0.264
0.257
0.292
0.252
0.689
0.667
1.986
1.634
0.798
0.823
0.79
0.647
0.619
0.5
0.54
2.506
1.619
1.756
1.9
1.42
1.445
0.738
0.483
0.312
0.264
0.259
0.291
0.252
0.735
0.656
1.8
1.482
0.73
0.752
0.772
0.647
0.574
0.467
0.774
2.376
1.909
2.272
1.963
1.413
1.359
0.691
0.478
0.313
0.264
0.259
0.288
0.254
0.764
0.803
1.767
1.346
0.668
0.689
0.707
0.594
0.529
0.433
0.709
2.582
2.424
2.592
1.84
1.329
1.359
0.654
0.453
0.305
0.261
0.257
0.283
0.252
0.788
0.87
1.662
1.222
0.611
0.632
0.648
0.543
0.487
0.402
0.66
2.985
2.666
2.349
1.863
1.359
1.436
0.611
0.434
0.296
0.257
0.254
0.279
0.249
0.82
0.8
1.615
1.112
0.562
0.581
0.593
0.502
0.451
0.374
0.606
2.872
2.67
2.21
2.475
1.309
1.356
0.571
0.403
0.279
0.242
0.239
0.263
0.237
0.776
0.757
1.662
1.04
0.549
0.541
0.652
0.602
0.461
0.358
0.565
2.949
2.645
2.068
2.347
1.249
1.296
0.734
0.496
0.266
0.234
0.232
0.253
0.228
0.772
0.713
1.523
0.982
1.367
1.003
0.728
0.761
0.453
0.374
0.833
2.831
2.703
2.25
2.181
1.236
1.382
0.792
0.465
0.255
0.229
0.228
0.242
0.224
0.767
0.659
1.546
0.895
1.244
0.918
0.667
0.696
0.419
0.381
0.794
2.631
2.464
2.101
2.334
1.243
1.335
0.739
0.436
0.247
0.225
0.22
0.237
0.216
0.775
0.636
1.467
0.821
1.131
0.838
0.612
0.641
0.391
0.355
0.727
2.607
2.316
2.307
2.224
1.368
1.218
0.683
0.408
0.238
0.216
0.216
0.227
0.208
0.826
0.612
1.377
0.752
1.03
0.767
0.564
0.59
0.365
0.331
0.723
2.68
2.232
2.311
2.096
1.299
1.153
0.673
0.382
0.233
0.209
0.208
0.222
0.202
0.801
0.586
1.315
0.689
0.966
0.708
0.525
0.555
0.348
0.316
0.668
2.729
2.115
2.155
2.03
1.245
1.097
0.625
0.36
0.227
0.204
0.205
0.214
0.199
0.736
0.635
1.294
0.787
0.935
0.687
0.542
0.753
0.334
0.304
0.62
2.473
1.924
1.967
1.867
1.204
1.064
0.856
0.377
0.22
0.198
0.207
0.223
0.209
0.745
0.584
1.177
0.72
0.854
0.632
0.501
0.69
0.314
0.286
0.57
2.238
1.743
1.828
1.725
1.166
1.048
0.843
0.354
0.212
0.193
0.201
0.215
0.202
0.682
0.578
1.088
0.696
0.783
0.625
0.473
0.636
0.296
0.272
0.527
2.173
1.96
1.757
1.68
1.147
0.967
0.779
0.335
0.209
0.19
0.198
0.208
0.2
0.628
0.596
1.103
0.661
0.731
0.657
0.64
0.784
0.302
0.269
0.698
2.139
1.999
1.729
1.889
1.12
1.103
0.837
0.343
0.219
0.2
0.207
0.213
0.205
0.586
0.59
1.036
0.613
0.679
0.609
0.636
0.775
0.314
0.317
0.857
2.007
1.847
1.676
1.766
1.263
1.19
0.879
0.329
0.217
0.198
0.224
0.213
0.205
0.544
0.762
0.957
0.568
0.627
0.594
0.641
0.779
0.313
0.317
0.803
1.885
1.915
1.588
1.871
1.204
1.093
0.811
0.316
0.214
0.198
0.219
0.208
0.202
0.526
0.891
0.883
0.526
0.581
0.549
0.59
0.717
0.295
0.299
0.784
2.072
1.782
1.51
1.758
1.353
1.081
0.774
0.306
0.21
0.195
0.216
0.206
0.2
0.489
0.896
0.834
0.488
0.552
0.514
0.544
0.661
0.281
0.316
0.79
2.029
1.744
1.717
1.705
1.331
1.097
0.746
0.329
0.222
0.199
0.215
0.229
0.203
0.459
0.855
0.848
0.47
0.514
0.48
0.504
0.611
0.27
0.297
0.728
1.841
1.584
1.561
1.547
1.214
1.042
0.699
0.321
0.222
0.193
0.211
0.22
0.199
0.429
0.815
0.787
0.571
0.482
0.464
0.467
0.567
0.256
0.28
0.672
1.669
1.461
1.727
2.025
1.239
1.468
0.687
0.314
0.215
0.191
0.206
0.213
0.193
0.401
0.748
0.742
0.679
0.565
0.684
0.444
0.755
0.365
0.357
0.688
1.677
1.884
1.652
1.943
1.202
1.419
0.665
0.301
0.211
0.19
0.201
0.209
0.189
0.412
0.95
0.804
0.623
0.521
0.704
0.519
0.742
0.353
0.344
0.884
1.942
1.801
1.58
1.996
1.192
1.349
0.621
0.285
0.205
0.188
0.194
0.202
0.204
0.386
1.248
0.777
0.58
0.491
0.652
0.485
0.687
0.336
0.458
0.919
1.87
1.723
1.534
1.887
1.133
1.289
0.688
0.274
0.205
0.185
0.193
0.199
0.199
0.377
1.535
0.727
0.57
0.519
0.603
0.45
0.65
0.321
0.425
0.84
2.097
1.59
1.407
1.793
1.116
1.254
0.652
0.27
0.21
0.183
0.189
0.195
0.194
0.352
1.468
0.771
0.766
0.479
0.559
0.418
0.602
0.301
0.399
0.769
2.058
1.595
1.447
1.718
1.085
1.637
0.615
0.266
0.212
0.183
0.186
0.192
0.193
0.333
1.337
0.981
0.858
0.447
0.518
0.388
0.557
0.284
0.374
0.707
1.864
1.55
1.424
1.668
1.166
1.573
0.58
0.256
0.209
0.18
0.185
0.187
0.192
0.315
1.35
1.35
0.81
0.442
0.652
0.498
0.642
0.384
0.402
1.072
1.703
1.419
1.301
1.641
1.14
1.465
0.559
0.247
0.205
0.177
0.182
0.185
0.19
0.303
1.328
1.282
0.742
0.412
0.603
0.461
0.59
0.358
0.376
0.993
1.94
1.97
1.518
1.61
1.177
1.657
0.523
0.24
0.2
0.174
0.178
0.182
0.186
0.362
1.21
1.213
0.68
0.383
0.556
0.428
0.543
0.335
0.401
1.095
1.849
2.179
1.931
1.687
1.135
1.546
0.515
0.237
0.198
0.171
0.179
0.18
0.183
0.393
1.28
1.149
0.627
0.357
0.517
0.397
0.504
0.313
0.412
1.035
2.044
2.442
1.959
1.606
1.244
1.457
0.478
0.229
0.208
0.173
0.173
0.178
0.178
0.476
1.323
1.065
0.576
0.337
0.477
0.373
0.466
0.294
0.409
1.266
2.05
2.24
1.858
1.502
1.205
1.376
0.443
0.218
0.203
0.168
0.168
0.172
0.173
0.481
1.364
1.298
0.53
0.33
0.447
0.348
0.432
0.277
0.497
1.343
1.925
2.171
1.888
1.462
1.147
1.317
0.556
0.29
0.212
0.176
0.167
0.168
0.17
0.447
1.283
1.32
0.611
0.339
0.421
0.327
0.403
0.261
0.463
1.22
1.747
2.133
1.802
1.418
1.125
1.256
0.56
0.284
0.207
0.176
0.168
0.168
0.169
0.42
1.181
1.276
0.623
1.044
0.654
0.315
0.725
0.266
0.455
1.166
1.722
2.432
1.754
1.567
1.09
1.41
0.569
0.289
0.202
0.177
0.167
0.165
0.169
0.393
1.147
1.193
0.576
0.955
0.602
0.3
0.666
0.254
0.424
1.201
2.342
2.408
1.679
1.466
1.402
1.324
0.527
0.273
0.198
0.175
0.162
0.165
0.164
0.37
1.17
1.139
0.535
0.872
0.593
0.312
0.662
0.27
0.467
1.191
2.277
2.737
1.865
1.36
1.34
1.243
0.496
0.261
0.196
0.174
0.161
0.164
0.166
0.348
1.101
1.127
0.518
0.872
0.575
0.333
0.656
0.272
1.054
1.364
2.396
2.504
2.152
1.262
1.317
1.402
0.517
0.251
0.193
0.172
0.159
0.166
0.164
0.327
1.06
1.051
0.484
0.806
0.535
0.32
0.608
0.262
1.044
1.499
3.133
2.348
1.977
1.196
1.315
1.433
0.518
0.248
0.192
0.172
0.159
0.166
0.163
0.309
1.058
1.033
0.458
0.795
0.706
0.607
1.217
0.371
1.008
1.378
2.926
2.477
2.011
1.173
1.264
1.427
0.582
0.43
0.301
0.176
0.164
0.169
0.166
0.297
0.972
1.039
0.474
0.783
0.668
0.638
1.229
0.528
0.949
1.279
2.677
2.394
1.924
1.129
1.24
1.351
0.702
0.504
0.293
0.18
0.167
0.171
0.17
0.289
0.937
0.982
0.526
0.729
0.623
0.595
1.138
0.73
0.936
1.188
2.486
2.337
2.183
1.128
1.182
1.468
0.654
0.474
0.283
0.182
0.171
0.174
0.172
0.278
0.893
0.992
0.505
0.674
0.578
0.553
1.041
0.675
0.902
1.841
2.326
2.128
1.993
1.128
1.131
1.448
0.63
0.448
0.276
0.184
0.174
0.177
0.174
0.268
0.822
1.392
0.585
0.66
0.596
0.526
0.992
0.629
0.844
1.771
2.429
1.951
1.863
1.08
1.113
1.364
0.616
0.423
0.268
0.185
0.173
0.177
0.176
0.26
1.193
1.363
0.549
0.616
0.555
0.496
0.915
0.585
0.782
1.681
2.356
1.96
1.749
1.104
1.064
1.518
0.593
0.407
0.271
0.196
0.181
0.188
0.185
0.261
1.132
1.269
0.526
0.739
0.625
0.484
0.896
0.568
0.753
1.551
2.512
1.82
1.64
1.051
1.059
1.469
0.566
0.384
0.261
0.193
0.179
0.184
0.182
0.282
1.036
1.205
0.489
0.68
0.617
0.478
1.099
0.557
0.694
1.409
2.277
1.823
1.706
1.411
1.272
1.435
0.603
0.369
0.25
0.19
0.179
0.179
0.181
0.266
0.949
1.23
0.483
0.634
0.772
0.553
1.201
0.633
0.65
1.288
2.074
1.662
1.558
1.291
1.167
1.35
0.66
0.375
0.248
0.189
0.179
0.179
0.18
0.257
0.872
1.122
0.489
0.702
1.507
0.895
1.614
0.616
0.62
1.198
1.907
1.932
1.677
1.195
1.126
1.428
0.793
0.363
0.243
0.201
0.186
0.181
0.199
0.281
0.832
1.026
0.457
0.646
1.371
0.823
1.465
0.572
0.579
1.285
1.889
1.811
1.583
1.174
1.112
1.39
0.783
0.349
0.238
0.2
0.182
0.182
0.215
0.271
0.804
1.055
0.432
0.602
1.289
0.784
1.401
0.572
0.64
1.299
2.457
2.356
1.474
1.131
1.059
1.318
0.751
0.33
0.232
0.199
0.18
0.198
0.215
0.307
0.775
1.367
0.451
0.589
1.18
0.726
1.328
0.536
0.61
1.186
2.356
2.316
1.969
1.12
1.01
1.229
0.701
0.32
0.224
0.197
0.179
0.194
0.226
0.299
0.75
1.247
0.424
0.544
1.08
0.67
1.21
0.5
0.563
1.084
2.204
2.53
2.44
1.272
0.976
1.164
0.656
0.308
0.219
0.197
0.181
0.192
0.221
0.289
0.724
1.187
0.442
0.979
1.124
0.664
1.178
0.485
0.532
1.001
2.16
2.311
2.312
1.241
1.14
1.086
0.613
0.302
0.221
0.201
0.184
0.196
0.223
0.282
0.75
1.179
0.469
0.903
1.035
0.62
1.11
0.46
0.584
0.927
2.081
2.433
2.612
1.173
1.069
1.027
0.663
0.479
0.218
0.198
0.182
0.192
0.218
0.287
0.696
1.134
0.488
0.834
1.049
0.62
1.057
0.485
0.568
0.88
1.922
2.446
2.401
1.126
1.004
1.031
0.635
0.447
0.213
0.197
0.182
0.188
0.212
0.289
0.648
1.119
0.552
1.468
0.984
0.585
0.978
0.461
0.535
1.1
1.896
2.459
2.239
1.085
1.011
0.987
0.597
0.419
0.212
0.197
0.179
0.188
0.21
0.275
0.681
1.081
0.513
1.34
0.9
0.544
0.898
0.43
0.5
1.107
2.11
2.888
2.353
1.119
1.308
0.925
0.556
0.398
0.21
0.194
0.182
0.186
0.21
0.264
0.791
1.021
0.497
1.226
0.825
0.507
0.824
0.403
0.514
1.095
2.309
3.117
2.567
1.304
1.244
0.901
0.519
0.377
0.209
0.192
0.183
0.184
0.207
0.328
0.73
1.077
0.461
1.119
0.776
0.474
0.755
0.381
0.476
1.003
2.238
2.996
2.401
1.252
1.182
1.146
0.503
0.36
0.208
0.19
0.183
0.185
0.202
0.383
0.783
1.011
0.432
1.02
0.716
0.439
0.707
0.367
0.442
0.952
2.106
3.073
3.355
1.654
1.388
1.126
0.483
0.344
0.207
0.188
0.182
0.186
0.199
0.361
1.01
0.967
0.413
0.94
0.665
0.419
0.658
0.353
0.435
0.887
1.918
2.897
3.09
1.546
1.331
1.068
0.465
0.341
0.203
0.188
0.183
0.184
0.199
0.383
0.931
0.889
0.388
1.234
0.904
0.593
0.896
0.364
0.822
1.653
2.466
2.756
2.883
1.429
1.243
0.987
0.438
0.325
0.2
0.186
0.179
0.182
0.196
0.358
0.891
0.837
0.397
1.146
0.895
0.598
0.824
0.342
0.783
1.551
2.445
3.13
2.792
1.383
1.28
1.163
0.58
0.311
0.2
0.183
0.18
0.18
0.194
0.339
0.883
0.795
0.38
1.051
0.826
0.56
0.761
0.329
0.728
1.42
2.384
3.62
2.906
1.525
1.244
1.094
0.705
0.396
0.195
0.182
0.181
0.177
0.191
0.327
0.875
0.74
0.361
0.968
0.766
0.523
0.707
0.318
0.674
1.301
2.526
3.591
2.715
1.463
1.188
1.197
0.683
0.373
0.194
0.181
0.177
0.177
0.19
0.308
1.096
0.866
0.343
0.887
0.705
0.488
0.652
0.302
0.625
1.188
2.288
3.251
2.462
1.331
1.136
1.155
0.681
0.359
0.197
0.184
0.179
0.178
0.189
0.298
1.082
0.826
0.325
0.816
0.683
0.471
0.798
0.349
0.602
1.126
2.199
3.17
2.506
1.332
1.089
1.152
0.873
0.45
0.202
0.19
0.183
0.183
0.195
0.291
0.995
1.104
0.395
0.765
0.637
0.446
0.741
0.422
0.691
1.043
2.076
2.98
2.354
1.295
1.081
1.315
0.952
0.488
0.204
0.191
0.184
0.187
0.193
0.283
0.952
1.034
0.872
1.535
0.707
0.473
0.685
0.444
0.721
0.991
1.895
2.722
2.357
1.515
1.511
1.253
1.027
0.547
0.203
0.192
0.186
0.187
0.19
0.275
0.92
0.955
0.8
1.398
0.654
0.443
0.632
0.416
0.698
1.078
1.863
3.116
2.182
1.425
1.62
1.196
0.985
0.527
0.208
0.192
0.185
0.188
0.192
0.265
0.891
0.99
0.738
1.275
0.604
0.415
0.586
0.392
0.644
1.048
1.864
3.008
2.064
1.567
1.563
1.253
0.912
0.496
0.208
0.192
0.185
0.189
0.193
0.259
0.864
0.935
0.682
1.165
0.561
0.39
0.546
0.371
0.597
0.959
1.806
2.897
2.524
1.981
1.704
1.187
0.847
0.468
0.209
0.193
0.187
0.19
0.194
0.255
0.842
0.957
0.648
1.099
0.981
0.439
0.544
0.359
0.555
0.899
1.644
2.626
2.29
1.798
1.608
1.118
0.814
0.442
0.207
0.193
0.188
0.191
0.193
0.274
0.851
1.559
0.788
1.114
0.925
0.947
0.602
0.523
0.794
0.931
1.625
2.416
2.1
1.656
1.484
1.065
0.757
0.418
0.206
0.192
0.187
0.192
0.192
0.264
0.786
1.469
0.898
1.123
0.851
0.871
0.56
0.487
0.733
0.874
1.484
2.192
1.906
1.543
1.393
1.051
0.719
0.397
0.205
0.191
0.188
0.193
0.193
0.255
0.763
1.357
1.026
1.51
0.786
0.805
0.542
0.704
0.814
0.95
1.685
2.406
1.888
1.479
1.318
1.013
0.671
0.378
0.202
0.19
0.189
0.194
0.191
0.249
0.707
1.267
0.95
1.627
0.994
0.945
0.683
0.664
0.769
0.878
1.535
2.181
1.722
1.353
1.246
0.978
0.673
0.382
0.203
0.191
0.188
0.194
0.192
0.244
0.72
1.243
0.874
1.483
0.912
0.904
0.653
0.654
0.767
0.821
1.426
2.029
1.606
1.333
1.188
0.948
0.657
0.365
0.203
0.192
0.19
0.195
0.194
0.269
0.691
1.154
0.819
1.931
1.387
0.887
0.619
0.781
0.715
0.764
1.493
2.151
1.57
1.564
1.303
0.968
0.639
0.354
0.205
0.191
0.189
0.196
0.195
0.262
0.639
1.115
1.093
1.961
1.266
0.833
0.579
0.722
0.66
0.703
1.362
1.954
1.431
1.423
1.189
0.889
0.591
0.333
0.202
0.19
0.184
0.194
0.193
0.249
0.593
1.02
0.997
1.782
1.154
0.765
0.539
0.684
0.611
0.652
1.243
1.774
1.306
1.298
1.085
0.817
0.55
0.315
0.197
0.189
0.182
0.189
0.191
0.239
0.549
0.935
0.912
1.62
1.056
0.702
0.503
0.633
0.563
0.62
1.139
1.615
1.19
1.186
0.994
0.749
0.511
0.301
0.192
0.186
0.181
0.185
0.189
0.233
0.507
0.859
0.836
1.472
0.967
0.646
0.768
0.9
1.045
0.633
1.146
1.524
1.287
1.278
0.995
0.741
0.535
0.326
0.197
0.191
0.186
0.188
0.192
0.231
0.815
1.022
0.777
1.348
0.888
0.599
0.708
0.826
0.957
0.601
1.054
1.392
1.178
1.167
0.978
0.789
0.53
0.315
0.198
0.192
0.188
0.189
0.192
0.227
0.815
0.947
0.762
1.236
0.822
0.578
0.678
0.773
0.931
0.588
1.156
1.487
1.324
1.531
1.127
0.749
0.514
0.304
0.198
0.192
0.191
0.19
0.19
0.223
0.768
0.908
0.781
1.185
0.781
0.546
0.656
1.164
0.963
0.597
1.096
1.475
1.575
1.483
1.23
0.732
0.487
0.294
0.199
0.192
0.19
0.19
0.192
0.263
0.708
0.835
0.718
1.081
0.72
0.509
0.608
1.063
0.882
0.572
1.042
1.405
1.463
1.374
1.15
0.697
0.458
0.283
0.196
0.188
0.187
0.189
0.19
0.254
0.652
0.936
1.369
1.139
0.908
0.58
0.807
1.052
0.878
0.605
1.136
1.378
1.423
1.315
1.153
0.699
0.451
0.275
0.197
0.19
0.188
0.19
0.194
0.25
0.607
1.072
2.004
1.136
0.853
0.626
0.835
1.066
0.842
0.767
1.495
1.411
1.39
1.291
1.109
0.883
0.591
0.268
0.198
0.191
0.189
0.19
0.193
0.242
0.583
1.074
2.506
1.051
0.791
0.784
0.896
1.014
0.992
1.143
1.366
1.291
1.271
1.18
1.016
0.813
0.597
0.287
0.198
0.19
0.187
0.19
0.194
0.289
0.553
0.993
2.287
1.008
1.329
0.895
0.898
1.044
0.978
1.119
1.26
1.348
1.338
1.178
1.519
0.953
0.626
0.441
0.301
0.195
0.192
0.213
0.201
0.283
0.561
0.922
2.096
0.943
1.269
0.828
0.83
0.961
0.977
1.105
1.171
1.876
1.575
1.212
1.415
0.91
0.735
0.414
0.288
0.191
0.207
0.209
0.199
0.271
0.569
0.846
1.904
0.865
1.156
0.763
0.764
0.878
0.897
1.013
1.068
1.705
1.477
1.161
1.309
0.854
1.087
0.525
0.278
0.189
0.203
0.223
0.199
0.532
0.925
0.778
1.732
0.797
1.057
0.703
0.706
0.809
0.863
0.927
0.998
1.673
1.397
1.4
1.243
0.883
1.128
0.647
0.275
0.195
0.205
0.243
0.205
0.534
0.88
0.94
2.111
0.764
1.131
0.983
0.69
0.759
0.991
1.446
1.132
1.969
1.318
1.369
1.189
1.028
1.052
0.611
0.294
0.209
0.213
0.244
0.211
0.509
0.82
0.926
2.359
0.72
1.044
0.911
0.645
0.707
0.918
1.327
1.042
1.953
1.298
1.319
1.177
1.089
1.147
0.578
0.292
0.225
0.225
0.246
0.217
0.482
0.763
0.9
2.153
0.93
1.674
1.048
0.63
0.782
0.856
1.248
1.011
2.103
1.513
1.729
1.119
1.046
1.106
0.548
0.305
0.235
0.227
0.245
0.221
0.459
0.712
1.306
1.993
0.858
1.53
0.966
0.588
0.724
1.081
1.477
1.176
2.1
1.486
1.68
1.29
1.227
1.088
0.688
0.415
0.237
0.228
0.245
0.224
0.438
0.959
1.62
1.817
0.795
1.399
0.924
0.632
0.737
1.065
1.348
1.077
2.058
1.708
1.751
1.279
1.167
1.154
0.639
0.393
0.232
0.224
0.239
0.219
0.411
0.88
1.669
1.707
0.74
1.282
0.854
0.59
0.797
1.05
1.305
1.107
2.377
2.123
1.774
1.261
1.202
1.074
0.595
0.371
0.228
0.221
0.234
0.214
0.39
0.894
1.613
1.563
0.685
1.176
0.791
0.581
0.741
1.005
1.195
1.332
2.27
2.02
1.683
1.315
1.27
1.096
0.556
0.354
0.223
0.219
0.231
0.211
0.367
0.874
2.151
1.481
0.631
1.073
0.728
0.54
0.681
0.92
1.093
1.221
2.175
1.912
1.583
1.269
1.305
1.049
0.522
0.339
0.218
0.216
0.228
0.208
0.348
1.514
2.253
1.351
0.583
0.982
0.673
0.503
0.627
0.846
1.001
1.113
1.974
1.739
1.441
1.311
1.259
0.982
0.493
0.324
0.213
0.215
0.223
0.204
0.333
1.379
2.115
1.771
0.727
1.352
0.814
0.604
0.59
0.787
0.925
1.026
1.801
1.591
1.323
1.206
1.25
0.935
0.479
0.315
0.213
0.212
0.219
0.202
0.319
1.614
2.083
1.61
0.67
1.233
0.749
0.561
0.549
0.724
0.849
0.941
1.638
1.449
1.207
1.137
1.19
1.085
0.453
0.317
0.216
0.212
0.218
0.202
0.307
1.471
2.025
1.99
0.701
1.196
0.698
0.524
0.604
0.679
0.796
1.02
1.926
1.517
1.209
1.123
1.409
1.17
0.437
0.308
0.216
0.211
0.216
0.202
0.318
1.353
1.991
1.915
0.661
1.146
0.647
0.514
1.2
0.671
0.757
1.108
1.952
1.581
1.407
1.107
1.354
1.373
0.524
0.298
0.215
0.21
0.214
0.202
0.306
1.265
1.824
2.131
0.851
1.094
0.6
0.524
1.113
0.627
0.742
1.285
1.835
1.462
1.352
1.048
1.358
1.285
0.494
0.29
0.215
0.21
0.214
0.202
0.295
1.199
2.153
1.935
0.782
1.001
0.556
0.487
1.019
0.582
0.685
1.173
1.669
1.333
1.233
0.959
1.254
1.176
0.463
0.279
0.209
0.204
0.209
0.199
0.283
1.093
1.953
1.758
0.72
0.914
0.516
0.455
0.933
0.538
0.632
1.073
1.519
1.292
1.202
0.925
1.173
1.095
0.458
0.287
0.216
0.214
0.218
0.207
0.281
1.013
1.812
2.171
1.169
0.993
0.569
0.526
0.98
0.517
0.588
0.992
1.499
1.201
1.149
0.87
1.1
1.019
0.43
0.278
0.233
0.214
0.214
0.206
0.273
0.93
1.684
2.051
1.851
0.985
0.701
0.521
1.01
0.664
0.827
1.455
1.55
1.218
1.13
0.864
1.091
1.103
0.576
0.275
0.231
0.214
0.213
0.206
0.266
0.863
2.221
2.068
1.763
0.953
0.689
0.509
1.103
0.683
0.809
1.385
2.11
1.29
1.111
0.878
1.183
1.146
0.539
0.267
0.227
0.212
0.211
0.205
0.257
0.794
2.668
2.663
1.612
0.876
0.638
0.476
1.01
0.631
0.743
1.263
1.917
1.179
1.017
0.805
1.081
1.058
0.528
0.266
0.227
0.215
0.214
0.207
0.257
0.738
2.414
2.414
1.467
0.802
0.591
0.444
0.924
0.585
0.684
1.152
1.743
1.076
0.931
0.742
0.99
0.976
0.502
0.259
0.23
0.228
0.222
0.21
0.258
0.685
2.19
2.189
1.334
0.739
0.546
0.416
0.849
0.54
0.633
1.052
1.583
0.986
0.852
0.683
0.91
0.9
0.477
0.254
0.231
0.229
0.219
0.215
0.255
0.654
1.988
1.987
1.215
0.683
0.505
0.392
0.78
0.501
0.587
0.961
1.442
0.905
0.78
0.633
0.837
0.832
0.456
0.249
0.232
0.228
0.217
0.22
0.251
0.612
1.804
1.803
1.143
1.179
1.086
0.503
0.797
0.489
0.606
0.917
1.317
0.833
0.72
0.587
0.772
0.774
0.434
0.247
0.235
0.229
0.215
0.222
0.252
0.573
1.639
1.64
1.044
1.076
1.011
0.472
0.732
0.457
0.564
0.842
1.2
0.767
0.665
0.543
0.712
0.722
0.415
0.242
0.238
0.229
0.214
0.226
0.251
0.536
1.492
1.49
0.955
0.986
0.923
0.443
0.755
0.5
0.922
1.458
1.708
0.885
0.892
0.541
0.68
0.68
0.403
0.244
0.253
0.233
0.217
0.231
0.254
0.549
1.382
1.433
0.936
0.924
0.937
0.482
0.731
0.499
0.93
1.689
1.619
0.844
0.922
0.555
0.654
0.637
0.387
0.244
0.252
0.233
0.219
0.231
0.281
0.532
1.269
1.351
0.939
0.955
0.891
1.126
1.055
0.502
0.929
1.678
1.906
1.125
0.908
0.599
0.622
0.597
0.369
0.239
0.247
0.23
0.217
0.227
0.271
0.537
1.209
1.276
0.945
0.919
1.065
1.611
1.05
0.527
0.919
1.613
1.922
1.363
0.928
0.667
0.662
0.578
0.352
0.237
0.243
0.228
0.214
0.222
0.264
0.517
1.343
1.178
0.942
0.856
0.977
1.466
0.961
0.551
0.865
1.603
1.932
1.295
1.122
0.659
0.655
0.552
0.343
0.238
0.243
0.229
0.218
0.225
0.276
0.495
1.711
1.397
0.865
0.785
0.896
1.337
0.882
0.511
0.795
1.46
1.756
1.183
1.074
0.644
0.629
0.535
0.345
0.248
0.248
0.228
0.219
0.224
0.268
0.482
1.609
1.442
0.824
0.725
0.825
1.31
0.842
0.993
0.847
1.451
1.849
1.164
1.063
0.706
0.641
0.658
0.437
0.244
0.243
0.225
0.217
0.222
0.277
0.46
1.509
1.329
1.192
0.777
0.862
1.332
0.915
1.0
0.898
1.439
2.35
1.133
1.042
0.738
0.632
0.922
0.565
0.24
0.239
0.239
0.222
0.222
0.271
0.434
1.788
1.537
1.1
0.717
0.793
1.216
0.84
0.917
0.826
1.313
2.133
1.037
1.046
0.793
0.658
0.887
0.53
0.238
0.252
0.241
0.223
0.221
0.264
0.41
1.719
1.439
1.167
0.94
0.879
1.145
1.105
0.949
0.904
1.397
2.215
1.211
1.055
1.002
0.716
0.975
0.66
0.253
0.249
0.239
0.222
0.219
0.256
0.389
1.605
1.37
1.278
0.94
0.904
1.241
1.046
0.959
0.925
1.526
2.267
1.57
1.03
0.974
0.752
0.971
0.786
0.37
0.258
0.249
0.233
0.23
0.263
0.414
1.482
1.256
1.172
0.897
0.977
1.147
0.965
0.943
0.924
1.583
2.673
1.547
1.317
0.974
0.893
0.92
0.731
0.356
0.255
0.247
0.233
0.23
0.257
0.393
1.391
1.182
1.113
0.896
1.017
1.051
0.89
0.87
0.896
1.847
2.978
1.748
1.544
1.013
0.89
0.85
0.678
0.34
0.249
0.242
0.229
0.226
0.278
0.382
1.273
1.148
1.153
0.829
0.935
0.966
0.823
0.806
0.828
1.8
2.92
1.743
1.693
1.183
0.874
0.891
0.63
0.326
0.245
0.238
0.225
0.222
0.3
0.371
1.586
1.241
1.055
0.763
0.858
0.95
0.808
0.767
0.794
1.795
3.036
2.204
1.689
1.157
1.106
0.994
0.6
0.327
0.255
0.249
0.235
0.232
0.329
0.363
1.466
1.55
1.336
0.752
0.821
1.035
0.811
0.718
0.753
1.915
2.788
2.073
1.639
1.126
1.223
0.928
0.56
0.316
0.251
0.243
0.233
0.229
0.347
0.357
1.352
1.424
1.461
0.693
0.754
0.992
0.837
0.69
0.752
1.996
2.557
1.915
1.57
1.481
1.187
0.879
0.527
0.307
0.248
0.24
0.23
0.225
0.333
0.377
1.246
1.308
1.416
1.107
0.713
0.908
0.766
0.636
0.724
2.028
2.567
2.214
1.86
1.558
1.311
0.844
0.494
0.298
0.245
0.236
0.226
0.224
0.318
0.387
1.267
1.305
1.29
1.016
0.66
0.834
1.059
0.723
0.686
1.954
2.569
2.079
1.718
1.467
1.275
0.783
0.46
0.287
0.236
0.23
0.219
0.218
0.302
0.365
1.197
1.25
1.178
0.926
0.61
0.795
1.048
0.683
0.683
1.814
2.758
2.278
1.865
1.629
1.387
0.879
0.438
0.277
0.23
0.223
0.213
0.214
0.311
0.402
1.157
1.19
1.194
0.915
0.574
0.882
1.015
0.673
0.635
1.864
3.199
2.461
1.751
1.55
1.293
0.812
0.434
0.272
0.23
0.219
0.213
0.213
0.304
0.451
1.306
1.107
1.09
0.838
0.581
0.859
1.073
0.689
0.675
1.912
3.232
2.966
1.959
1.551
1.241
0.781
0.423
0.275
0.237
0.228
0.223
0.221
0.322
0.526
1.211
1.016
1.015
0.785
0.577
0.812
0.989
0.641
0.632
2.017
2.964
2.782
2.251
1.939
1.428
0.849
0.399
0.265
0.226
0.222
0.217
0.211
0.306
0.551
1.11
1.031
0.959
0.73
0.705
0.75
0.906
0.593
0.729
2.177
2.81
2.764
2.309
1.869
1.357
0.795
0.409
0.272
0.232
0.23
0.226
0.216
0.33
0.523
1.305
0.946
0.881
0.676
0.69
0.722
0.967
0.55
0.701
2.265
2.555
2.511
2.297
1.813
1.755
0.861
0.399
0.263
0.229
0.227
0.223
0.211
0.315
0.49
1.633
1.268
0.838
0.794
0.918
0.959
0.912
0.662
1.011
2.152
2.363
2.584
2.183
1.793
1.719
0.826
0.393
0.27
0.239
0.235
0.231
0.223
0.316
0.47
1.5
1.275
0.774
0.913
1.038
0.906
0.838
0.613
0.964
2.019
2.484
2.808
2.316
1.814
1.634
0.794
0.386
0.275
0.246
0.243
0.24
0.232
0.316
0.462
1.498
1.232
0.868
1.191
1.126
1.093
0.832
0.586
1.018
2.031
2.334
2.612
2.194
1.916
1.555
0.773
0.38
0.28
0.254
0.25
0.248
0.24
0.343
0.446
1.368
1.125
0.797
1.088
1.075
1.026
0.774
0.548
1.001
2.244
2.245
2.882
2.071
1.96
1.561
0.887
0.379
0.288
0.264
0.26
0.256
0.249
0.366
0.523
1.362
1.084
1.073
1.156
1.05
0.99
0.725
0.514
1.03
2.459
2.073
2.682
2.016
1.845
1.605
0.951
0.378
0.296
0.285
0.271
0.267
0.255
0.372
0.601
1.605
0.999
1.022
1.076
0.981
1.022
0.683
0.506
1.083
2.49
2.158
2.515
2.11
1.88
1.516
0.957
0.371
0.297
0.285
0.27
0.271
0.26
0.364
0.692
1.485
0.913
0.932
0.985
0.899
0.936
0.629
0.47
0.99
2.647
2.003
2.358
2.067
1.796
1.453
0.981
0.523
0.339
0.281
0.268
0.27
0.26
0.351
0.731
1.668
1.027
0.861
0.922
0.97
0.882
0.615
0.497
1.043
2.493
2.087
2.442
1.975
1.766
1.907
1.03
0.653
0.325
0.273
0.261
0.263
0.254
0.335
0.937
1.581
1.225
0.838
0.865
1.088
0.866
0.582
0.929
1.219
2.507
1.96
2.492
1.921
1.714
1.798
1.076
0.715
0.309
0.263
0.251
0.254
0.245
0.318
0.883
1.512
1.233
1.092
0.928
1.016
0.826
0.557
0.866
1.148
2.707
1.848
2.324
1.87
1.657
1.659
0.989
0.663
0.298
0.255
0.245
0.247
0.24
0.305
0.906
1.445
1.141
1.022
0.884
1.436
0.823
0.521
0.795
1.049
2.487
1.93
2.338
1.811
1.721
1.542
1.016
0.777
0.286
0.248
0.238
0.24
0.233
0.33
0.863
1.365
1.044
1.079
0.927
1.337
0.781
0.504
0.898
0.964
2.261
2.107
2.219
1.827
1.836
1.493
1.11
0.813
0.287
0.252
0.243
0.245
0.255
0.573
0.904
1.334
0.966
1.017
0.854
1.318
0.739
0.473
0.823
0.883
2.57
2.266
2.085
2.007
1.777
1.414
1.159
0.857
0.277
0.245
0.236
0.256
0.249
0.535
0.86
1.397
0.978
0.94
0.787
1.243
0.709
0.445
0.76
1.009
2.537
2.107
1.936
2.057
1.775
1.35
1.062
0.79
0.265
0.237
0.23
0.259
0.247
0.5
0.791
1.48
1.598
0.883
0.864
1.195
0.655
0.519
0.743
1.195
2.42
2.227
1.847
1.996
1.679
1.295
1.128
0.857
0.262
0.237
0.23
0.275
0.247
0.471
0.732
1.4
1.584
0.812
0.863
1.092
0.608
0.485
0.687
1.093
2.194
2.633
1.877
2.205
1.656
1.26
1.036
0.791
0.254
0.232
0.242
0.268
0.242
0.55
0.7
1.374
1.498
0.757
0.838
1.078
0.618
0.48
0.639
1.108
2.281
2.606
1.766
2.12
1.59
1.183
0.964
0.759
0.266
0.242
0.25
0.274
0.248
0.564
0.794
1.931
1.365
0.698
0.771
1.07
0.605
0.458
0.591
1.044
2.478
2.483
1.813
2.184
1.603
1.193
0.905
0.706
0.26
0.237
0.243
0.265
0.243
0.596
0.79
2.409
1.308
0.801
0.743
1.013
0.58
0.442
0.58
0.962
2.836
2.276
1.859
2.107
1.575
1.119
0.836
0.655
0.256
0.235
0.239
0.257
0.24
0.634
0.867
2.196
1.218
0.742
0.697
0.949
0.541
0.417
0.542
0.887
2.57
2.066
1.809
2.27
1.577
1.047
0.775
0.61
0.249
0.229
0.235
0.25
0.262
0.601
0.803
2.028
1.154
0.707
0.682
1.043
0.548
0.398
0.508
0.814
2.462
2.08
1.98
2.201
2.244
1.112
0.824
0.685
0.262
0.22
0.228
0.241
0.248
0.557
0.768
1.897
1.253
0.733
0.632
1.178
0.588
0.418
0.549
0.77
2.28
2.016
1.929
2.082
2.119
1.085
0.766
0.635
0.253
0.216
0.224
0.235
0.239
0.518
0.758
1.74
1.262
0.692
0.603
1.271
0.568
0.781
0.552
0.733
2.479
2.071
1.963
2.056
1.99
1.092
0.723
0.605
0.261
0.227
0.231
0.245
0.285
0.522
0.721
1.702
1.158
0.673
0.907
1.455
0.698
0.723
0.517
0.803
2.676
2.034
2.118
2.027
2.047
1.155
0.873
0.585
0.269
0.242
0.244
0.255
0.294
0.541
0.716
1.753
1.062
0.624
0.833
1.55
0.684
0.669
0.48
0.918
2.693
1.905
2.069
2.202
2.027
1.138
0.826
0.565
0.279
0.254
0.254
0.264
0.454
0.608
0.748
1.747
1.039
0.64
0.818
1.479
0.684
0.701
0.452
0.875
3.009
2.037
1.978
2.337
1.95
1.101
0.817
0.537
0.277
0.256
0.264
0.276
0.448
0.588
0.797
1.657
0.95
0.59
0.751
1.347
0.631
0.643
0.423
0.803
3.058
1.99
1.943
2.226
1.865
1.08
0.93
0.637
0.267
0.248
0.251
0.264
0.42
0.59
0.784
1.621
0.927
0.677
0.919
1.305
0.584
0.595
0.398
0.775
2.809
2.102
1.889
2.185
1.807
1.069
0.924
0.625
0.269
0.252
0.253
0.265
0.405
0.558
0.723
1.579
1.078
0.732
0.879
1.463
0.836
0.725
0.658
1.13
2.567
1.949
1.765
2.08
1.758
1.109
0.969
0.66
0.428
0.367
0.261
0.27
0.394
0.534
0.686
1.493
1.134
0.719
0.853
1.362
0.839
0.818
0.664
1.208
2.44
2.096
2.038
2.316
1.706
1.131
0.919
0.629
0.421
0.365
0.269
0.277
0.43
0.536
0.822
1.514
1.203
0.669
0.789
1.246
0.776
0.757
0.74
1.218
2.937
2.017
1.913
2.219
1.586
1.067
0.845
0.587
0.396
0.346
0.261
0.267
0.441
0.512
0.914
1.413
1.101
0.62
0.86
1.362
0.748
0.705
0.7
1.116
2.847
2.23
1.929
2.144
1.69
1.067
0.938
0.642
0.371
0.327
0.251
0.256
0.411
0.512
0.865
1.324
1.006
0.572
0.79
1.242
0.686
0.651
0.647
1.038
2.617
2.449
1.899
2.609
1.65
0.996
0.868
0.601
0.355
0.315
0.246
0.251
0.392
0.482
0.831
1.297
1.084
0.626
0.727
1.134
0.652
0.608
0.595
0.997
2.572
2.517
1.901
2.648
1.648
1.075
0.813
0.571
0.35
0.315
0.253
0.257
0.417
0.47
0.894
1.204
0.991
0.58
0.67
1.036
0.601
0.563
0.552
0.926
2.435
2.476
1.839
2.502
1.579
1.385
0.892
0.535
0.335
0.303
0.245
0.25
0.394
0.442
0.854
1.108
1.152
0.769
0.723
1.22
0.923
0.608
0.637
1.034
2.419
2.302
1.908
2.332
1.57
1.36
0.898
0.514
0.33
0.302
0.251
0.254
0.384
0.429
0.807
1.087
1.75
1.367
0.906
1.111
0.847
0.562
0.586
0.947
2.191
2.086
1.821
2.185
1.523
1.297
0.996
0.582
0.314
0.291
0.243
0.246
0.39
0.406
0.747
1.06
1.588
1.245
0.829
1.014
0.777
0.519
0.574
1.036
2.186
2.504
1.832
2.063
1.472
1.25
0.946
0.556
0.311
0.294
0.246
0.253
0.378
0.426
0.692
1.035
1.465
1.136
0.762
0.927
0.771
0.484
0.533
1.438
2.235
2.425
1.815
2.04
1.743
1.271
0.886
0.549
0.313
0.294
0.251
0.258
0.371
0.482
0.693
1.559
1.388
1.067
0.741
0.971
0.75
0.469
0.499
1.685
2.096
2.348
1.895
1.917
1.807
1.193
0.851
0.512
0.318
0.282
0.245
0.25
0.349
0.488
0.711
1.614
1.373
1.006
0.696
0.965
0.735
0.465
0.463
1.532
1.899
2.127
1.72
1.737
1.642
1.086
0.78
0.473
0.299
0.268
0.232
0.254
0.332
0.453
0.652
1.467
1.248
0.917
0.638
0.884
0.673
0.43
0.432
1.391
1.72
1.929
1.724
1.838
1.717
1.008
0.728
0.454
0.298
0.267
0.236
0.258
0.325
0.435
0.614
1.457
1.998
1.081
0.711
0.871
0.664
0.524
0.455
1.355
1.749
2.112
1.669
1.724
1.665
0.984
0.763
0.616
0.398
0.264
0.233
0.256
0.315
0.412
0.597
1.389
1.844
1.051
0.657
0.846
0.726
0.677
0.434
1.241
1.994
2.053
1.656
1.738
1.601
1.045
0.883
0.588
0.387
0.266
0.235
0.259
0.312
0.477
0.596
1.292
1.698
0.971
0.608
0.873
0.682
0.708
0.553
1.362
1.856
2.054
1.572
1.876
1.521
1.012
0.824
0.558
0.376
0.266
0.241
0.262
0.305
0.503
0.692
1.265
1.541
0.889
0.564
1.049
0.688
0.655
0.548
1.278
2.38
1.99
1.569
2.017
1.495
0.991
0.858
0.677
0.453
0.275
0.252
0.271
0.311
0.489
0.715
1.202
1.4
0.814
0.524
0.956
0.634
0.603
0.54
1.386
2.505
2.066
1.515
1.965
1.55
1.044
0.792
0.627
0.423
0.266
0.245
0.258
0.298
0.457
0.787
1.163
1.276
0.745
0.488
0.872
0.588
0.555
0.501
1.375
2.62
2.093
1.516
1.94
1.472
1.095
0.832
0.594
0.411
0.27
0.248
0.262
0.299
0.437
0.875
1.126
1.163
0.683
0.455
0.868
0.635
0.587
0.53
1.268
2.375
1.906
1.384
1.765
1.336
0.997
0.76
0.563
0.382
0.254
0.234
0.247
0.28
0.405
0.799
1.022
1.057
0.626
0.421
0.8
0.589
0.546
0.497
1.159
2.156
1.735
1.426
1.82
1.277
1.004
0.792
0.552
0.366
0.252
0.234
0.246
0.276
0.384
0.743
0.971
1.0
0.805
1.275
1.062
0.803
0.665
0.507
1.147
2.034
1.891
1.461
1.817
1.259
0.995
0.914
0.633
0.357
0.257
0.24
0.249
0.276
0.432
0.719
0.896
0.997
0.978
1.192
1.057
0.98
0.681
0.501
1.115
1.92
1.95
1.481
1.785
1.208
1.149
0.855
0.617
0.36
0.263
0.247
0.256
0.278
0.469
0.67
0.883
0.928
0.898
1.124
0.976
1.037
0.634
0.495
1.098
2.018
1.977
1.497
1.739
1.363
1.145
0.825
0.572
0.338
0.252
0.237
0.244
0.293
0.465
0.628
0.857
0.856
0.822
1.047
0.929
0.946
0.588
0.458
1.005
1.828
1.794
1.363
1.582
1.247
1.051
0.763
0.537
0.324
0.245
0.234
0.24
0.279
0.43
0.576
0.783
0.783
0.752
0.954
0.846
0.862
0.542
0.425
0.917
1.656
1.628
1.254
1.446
1.142
0.968
0.704
0.5
0.313
0.238
0.229
0.238
0.265
0.397
0.531
0.714
0.717
0.69
0.867
0.774
0.789
0.496
0.396
0.838
1.498
1.478
1.139
1.317
1.049
0.888
0.653
0.466
0.302
0.228
0.228
0.231
0.251
0.369
0.486
0.655
0.654
0.629
0.85
1.217
0.723
0.459
0.549
1.131
1.526
1.427
1.153
1.318
1.059
0.893
0.682
0.432
0.284
0.218
0.218
0.22
0.238
0.343
0.489
0.609
0.966
0.76
0.778
1.106
1.175
0.654
0.785
1.095
1.523
1.426
1.162
1.352
1.043
0.995
0.74
0.402
0.295
0.213
0.212
0.214
0.23
0.321
0.531
0.571
0.991
0.776
0.781
1.067
1.094
0.64
0.732
1.004
1.531
1.575
1.186
1.306
1.012
1.036
0.925
0.379
0.28
0.206
0.203
0.206
0.222
0.304
0.565
0.677
1.448
0.711
0.715
1.002
1.082
0.625
0.702
0.932
1.412
1.72
1.487
1.442
1.25
1.083
0.901
0.377
0.28
0.218
0.21
0.212
0.227
0.344
0.583
0.63
1.469
0.655
0.656
0.914
0.985
0.573
0.644
0.854
1.381
1.882
1.534
1.494
1.282
1.298
0.857
0.392
0.284
0.224
0.221
0.218
0.232
0.341
0.66
0.679
1.374
0.601
0.606
0.836
0.899
0.528
0.592
0.783
1.398
2.464
1.585
1.514
1.246
1.401
0.792
0.376
0.277
0.222
0.218
0.219
0.227
0.379
0.668
0.705
1.401
0.591
0.602
0.925
0.839
0.654
0.596
0.727
1.272
2.322
1.589
1.452
1.271
1.334
1.096
0.511
0.289
0.239
0.233
0.225
0.232
0.368
0.628
0.835
1.274
0.544
0.555
0.844
0.765
0.6
0.549
0.666
1.157
2.115
1.445
1.321
1.218
1.308
1.168
0.499
0.271
0.231
0.225
0.213
0.224
0.342
0.581
0.763
1.259
0.674
1.19
1.207
0.711
0.549
0.521
0.763
1.21
2.14
1.604
1.324
1.239
1.257
1.125
0.735
0.4
0.234
0.231
0.218
0.227
0.343
0.627
0.702
1.151
0.656
1.087
1.235
0.674
0.57
0.498
0.802
1.559
2.14
1.555
1.303
1.279
1.273
1.062
0.684
0.385
0.235
0.233
0.217
0.229
0.333
0.584
0.97
1.413
0.603
1.077
1.299
0.692
0.548
0.481
0.809
1.532
2.428
1.681
1.371
1.492
1.31
1.194
0.651
0.379
0.241
0.239
0.226
0.236
0.329
0.608
0.935
1.404
0.559
0.985
1.183
0.636
0.509
0.449
0.745
1.421
2.546
1.919
1.471
1.447
1.543
1.233
0.65
0.377
0.245
0.244
0.234
0.243
0.326
0.665
0.922
1.334
0.52
0.904
1.082
0.589
0.475
0.418
0.687
1.296
2.712
2.026
1.424
1.606
1.452
1.146
0.618
0.37
0.251
0.25
0.241
0.249
0.323
0.628
1.013
1.319
0.486
0.831
0.989
0.546
0.445
0.394
0.635
1.181
2.458
2.01
1.479
1.514
1.423
1.133
0.575
0.352
0.245
0.243
0.235
0.242
0.305
0.582
0.929
1.252
0.835
0.858
0.945
0.612
0.423
0.373
0.816
1.458
2.68
1.952
1.434
1.472
1.408
1.203
0.641
0.437
0.338
0.34
0.328
0.269
0.305
0.576
0.867
1.26
0.939
0.796
0.887
0.886
0.648
0.498
1.203
1.756
2.6
1.889
1.465
1.5
1.375
1.274
0.789
0.437
0.335
0.336
0.329
0.273
0.304
0.549
0.873
1.214
0.861
0.732
0.813
0.812
0.598
0.462
1.113
1.619
2.78
1.864
1.419
1.534
1.717
1.221
0.739
0.422
0.329
0.328
0.325
0.27
0.301
0.627
0.939
1.288
0.798
0.673
0.934
0.798
0.636
0.49
1.092
2.073
2.933
2.03
2.078
1.591
2.209
1.41
0.938
0.589
0.369
0.326
0.323
0.269
0.352
1.052
0.88
1.183
0.733
0.625
0.859
0.732
0.591
0.46
0.997
2.005
3.144
2.016
2.098
1.561
2.11
1.456
0.97
0.563
0.367
0.325
0.321
0.273
0.348
1.091
0.989
1.226
0.677
0.58
0.791
0.677
0.55
0.431
0.915
1.821
3.527
2.034
2.103
1.54
2.179
1.348
0.903
0.536
0.36
0.324
0.319
0.275
0.378
1.107
1.286
1.295
0.802
0.539
0.729
0.625
0.509
0.405
0.84
1.655
3.187
1.848
1.906
1.402
1.976
1.228
0.826
0.499
0.337
0.309
0.3
0.261
0.356
1.009
1.17
1.182
0.734
0.498
0.668
0.58
0.47
0.378
0.788
1.504
2.882
1.675
2.261
1.596
1.9
1.2
0.831
0.478
0.332
0.306
0.295
0.261
0.349
0.931
1.081
1.131
0.774
0.463
1.073
0.812
0.693
0.377
0.871
1.471
3.008
1.843
2.217
1.571
1.787
1.22
0.787
0.461
0.329
0.306
0.297
0.29
0.344
0.867
1.08
1.141
0.713
0.431
0.98
0.746
0.64
0.356
0.882
1.58
3.076
1.933
2.133
1.621
1.764
1.287
0.824
0.433
0.312
0.29
0.284
0.277
0.569
1.406
1.007
1.15
0.657
0.403
0.897
0.686
0.593
0.336
0.834
1.583
3.07
1.935
2.316
1.551
1.727
1.27
0.778
0.42
0.311
0.293
0.287
0.279
0.542
1.515
1.143
1.093
0.609
0.38
0.825
0.634
0.548
0.32
0.768
1.639
3.151
2.049
2.738
1.719
1.86
1.278
0.766
0.396
0.299
0.282
0.275
0.268
0.503
1.452
1.13
1.107
0.604
0.377
0.781
0.609
0.528
0.327
0.729
1.51
3.145
2.175
2.801
1.666
1.741
1.179
0.709
0.374
0.287
0.272
0.265
0.259
0.469
1.321
1.143
1.172
0.561
0.356
0.833
0.592
0.553
0.313
0.71
1.533
3.247
2.297
2.879
1.635
1.648
1.726
0.669
0.387
0.287
0.275
0.268
0.262
0.448
1.245
1.15
1.211
0.794
0.409
0.776
0.554
0.515
0.299
0.656
1.397
2.935
2.084
2.877
1.931
1.862
1.912
0.76
0.381
0.288
0.273
0.271
0.261
0.433
1.145
1.063
1.238
0.772
0.391
0.938
0.755
0.482
0.284
0.604
1.565
3.018
2.233
2.974
2.151
2.02
2.045
0.747
0.38
0.294
0.281
0.275
0.268
0.423
1.062
0.99
1.149
0.709
0.366
0.858
0.693
0.452
0.27
0.557
1.422
2.73
2.023
2.691
2.235
2.115
1.957
0.712
0.377
0.291
0.279
0.284
0.268
0.407
0.982
0.917
1.146
0.659
0.369
1.019
0.778
0.532
0.312
0.571
1.337
2.982
2.338
2.823
2.33
2.234
1.947
0.671
0.369
0.292
0.277
0.284
0.268
0.394
0.908
0.886
1.05
1.209
0.791
1.193
0.715
0.795
0.336
0.764
1.394
3.054
2.765
2.904
2.388
2.155
1.782
0.624
0.349
0.278
0.267
0.27
0.255
0.372
0.832
0.811
1.034
1.141
0.82
1.088
0.657
0.733
0.502
1.044
1.462
2.98
2.548
2.67
2.217
2.034
1.787
0.593
0.34
0.281
0.266
0.269
0.304
0.368
0.762
0.743
0.989
1.081
0.759
1.186
0.789
0.808
0.502
1.011
1.441
3.151
2.999
2.613
2.228
1.94
1.699
0.665
0.504
0.421
0.269
0.271
0.307
0.362
0.716
0.699
0.957
1.114
1.157
1.085
0.728
0.745
0.47
0.927
1.557
3.481
3.309
2.74
2.352
2.057
1.622
0.724
0.678
0.53
0.26
0.262
0.294
0.35
0.661
0.683
0.929
1.058
1.264
1.181
0.841
0.814
0.632
1.12
1.73
4.131
3.186
2.68
2.267
1.982
1.628
0.897
0.799
0.51
0.267
0.268
0.293
0.348
0.625
0.647
0.967
0.967
1.153
1.082
0.772
0.75
0.586
1.023
1.571
4.344
3.504
2.861
2.383
2.163
1.734
1.002
0.811
0.491
0.267
0.273
0.291
0.349
0.59
0.649
1.03
0.885
1.055
0.99
1.054
1.025
0.548
0.953
1.835
4.593
3.628
3.096
2.464
2.129
1.691
1.336
0.968
0.48
0.277
0.282
0.299
0.346
0.567
0.675
1.097
0.816
1.32
1.288
1.271
1.213
0.584
0.919
1.722
4.697
3.795
3.155
2.587
2.13
1.734
1.303
0.891
0.451
0.268
0.269
0.288
0.328
0.527
0.663
1.088
0.748
1.345
1.291
1.168
1.174
0.568
0.875
1.602
4.524
3.672
3.008
2.467
2.065
1.712
1.368
0.973
0.44
0.273
0.273
0.291
0.325
0.502
0.728
1.053
0.692
1.374
1.191
1.073
1.144
0.836
1.071
1.693
4.435
3.628
2.968
2.676
2.249
1.972
1.381
1.089
0.516
0.278
0.277
0.292
0.323
0.482
0.687
0.997
0.638
1.251
1.09
1.0
1.049
0.768
0.981
1.538
4.008
3.278
2.935
2.51
2.145
1.887
1.262
0.999
0.479
0.268
0.264
0.282
0.305
0.452
0.634
0.952
0.597
1.47
1.386
1.213
1.094
0.909
1.135
1.513
3.793
3.222
3.187
2.681
2.158
1.931
1.254
0.931
0.462
0.272
0.268
0.284
0.301
0.458
0.749
0.993
0.554
1.342
1.261
1.111
0.998
0.836
1.036
1.574
3.663
2.946
2.99
2.615
2.088
1.832
1.144
0.857
0.433
0.26
0.259
0.272
0.285
0.479
0.778
1.024
0.513
1.221
1.19
1.147
0.955
0.956
1.032
1.605
4.072
3.066
3.121
2.467
1.989
1.889
1.212
0.804
0.421
0.265
0.263
0.274
0.283
0.463
1.039
1.082
0.686
1.381
1.138
1.351
1.067
0.894
0.962
1.506
3.993
2.952
2.929
2.31
1.867
1.735
1.126
0.755
0.408
0.268
0.266
0.276
0.283
0.445
0.964
1.08
0.642
1.436
1.096
1.255
0.985
0.817
0.884
1.372
4.508
3.087
2.989
2.445
2.0
1.599
1.044
0.71
0.399
0.27
0.263
0.277
0.283
0.426
0.974
1.06
0.743
1.374
1.036
1.19
1.227
0.823
0.929
1.567
4.871
3.115
2.757
2.32
1.97
1.568
1.041
0.68
0.394
0.26
0.251
0.279
0.278
0.396
0.9
0.975
0.688
1.25
0.945
1.164
1.516
0.967
0.908
1.47
4.56
3.039
2.542
2.148
1.922
1.542
0.986
0.647
0.388
0.268
0.262
0.291
0.293
0.392
0.841
0.899
0.642
1.486
1.082
1.222
1.783
1.164
1.132
1.643
4.448
3.195
2.633
2.117
1.846
1.521
0.933
0.611
0.384
0.294
0.27
0.287
0.289
0.381
0.784
0.948
0.658
1.363
1.0
1.13
1.631
1.073
1.151
1.665
4.573
3.087
2.527
2.045
1.839
1.468
1.057
0.695
0.372
0.29
0.269
0.288
0.287
0.373
0.791
0.901
0.622
2.066
0.923
1.04
1.491
0.996
1.081
1.941
5.016
3.214
2.496
1.996
1.763
1.523
1.161
0.661
0.365
0.294
0.273
0.289
0.288
0.366
0.767
0.881
0.592
1.895
0.931
0.968
1.36
0.911
0.988
1.773
5.092
3.179
2.408
1.922
1.749
1.477
1.283
0.81
0.359
0.299
0.285
0.291
0.29
0.36
0.722
0.883
0.686
1.875
1.17
0.983
1.251
1.089
1.176
2.075
5.03
3.445
2.366
1.888
1.698
1.426
1.421
0.905
0.367
0.304
0.291
0.291
0.295
0.354
0.716
0.931
0.728
2.173
1.379
1.042
1.208
1.009
1.084
1.889
4.552
3.127
2.151
1.72
1.549
1.305
1.301
0.836
0.35
0.295
0.283
0.283
0.287
0.339
0.661
0.86
0.675
1.974
1.26
0.959
1.109
0.93
0.991
1.721
4.118
2.83
1.969
1.583
1.436
1.21
1.213
0.788
0.357
0.301
0.29
0.297
0.294
0.341
0.637
0.809
0.643
1.812
1.176
0.898
1.033
0.879
0.929
1.583
3.742
2.582
1.818
1.46
1.327
1.124
1.126
0.754
0.356
0.306
0.296
0.302
0.309
0.343
0.609
0.764
0.614
1.671
1.099
0.843
1.265
1.166
1.343
1.873
4.334
2.728
2.004
1.791
1.376
1.338
1.456
0.941
0.425
0.346
0.337
0.342
0.348
0.366
0.617
0.769
1.27
1.763
1.42
0.997
1.838
1.41
1.33
1.88
4.748
3.131
2.07
1.942
1.586
1.371
1.477
1.097
0.546
0.349
0.333
0.339
0.347
0.361
0.586
0.881
1.785
1.664
1.298
0.915
1.675
1.287
1.214
1.709
4.29
3.009
2.051
1.892
1.525
1.449
1.507
1.037
0.51
0.331
0.317
0.34
0.335
0.343
0.546
0.81
1.684
1.543
1.241
1.026
1.532
1.27
1.376
1.614
3.977
2.834
2.085
1.775
1.481
1.404
1.486
