0.0
0.0
0.0
0.0
0.0
0.0
0.0
0.0
0.0
0.0
0.0
0.0
0.0
0.0
0.0
0.0
0.0
0.0
0.0
0.0
0.0
0.0
0.0
0.0
0.0
0.0
0.0
0.0
0.0
0.0
0.0
0.0
0.0
0.0
0.0
0.0
0.0
0.0
0.0
0.0
0.0
0.0
0.0
0.0
0.0
0.0
0.0
0.0
0.0
0.0
0.0
0.0
0.0
0.0
0.0
0.0
0.0
0.0
0.0
0.0
0.0
0.0
0.0
0.0
0.0
0.0
0.0
0.0
0.0
0.0
0.0
0.0
0.0
0.0
0.0
0.0
0.0
0.0
0.0
0.0
0.0
0.0
0.0
0.0
0.0
0.0
0.0
0.0
0.0
0.0
0.0
0.0
0.0
0.0
0.0
0.0
0.0
0.0
0.0
0.0
0.0
0.0
0.0
0.0
0.0
0.0
0.0
0.0
0.0
0.0
0.0
0.0
0.0
0.0
0.0
0.0
0.0
0.0
0.0
0.0
0.0
0.0
0.0
0.0
0.0
0.0
0.0
0.0
0.0
0.0
0.0
0.0
0.0
0.0
0.0
0.0
0.0
0.0
0.0
0.0
0.0
0.0
0.0
0.0
0.0
0.0
0.0
0.0
0.0
0.0
0.0
0.0
0.0
0.0
0.0
0.0
0.0
0.0
0.0
0.0
0.0
0.0
0.0
0.0
0.0
0.0
0.0
0.0
0.0
0.0
0.0
0.0
0.0
0.0
0.0
0.0
0.0
0.0
0.0
0.0
0.0
0.0
0.0
0.0
0.0
0.0
0.0
0.0
0.0
0.0
0.0
0.0
0.0
0.0
0.0
0.0
0.0
0.0
0.0
0.0
0.0
0.0
0.0
0.0
0.0
0.0
0.0
0.0
0.0
0.0
0.0
0.0
0.0
0.0
0.0
0.0
0.0
0.0
0.0
0.0
0.0
0.0
0.0
0.0
0.0
0.0
0.0
0.0
0.0
0.0
0.0
0.0
0.0
0.0
0.0
0.0
0.0
0.0
0.0
0.0
0.0
0.0
0.0
0.0
0.0
0.0
0.0
0.0
0.0
0.0
0.0
0.0
0.0
0.0
0.0
0.0
0.0
0.0
0.0
0.0
0.0
0.0
0.0
0.0
0.0
0.0
0.0
0.0
0.0
0.0
0.0
0.0
0.0
0.0
0.0
0.0
0.0
0.0
0.0
0.0
0.0
0.0
0.0
0.0
0.0
0.0
0.0
0.0
0.0
0.0
0.0
0.0
0.0
0.0
0.0
0.0
0.0
0.0
0.0
0.0
0.0
0.0
0.0
0.0
0.0
0.0
0.0
0.0
0.0
0.0
0.0
0.0
0.0
0.0
0.0
0.0
0.0
0.0
0.0
0.0
0.0
0.0
0.0
0.0
0.0
0.0
0.0
0.0
0.0
0.0
0.0
0.0
0.0
0.0
0.0
0.0
0.0
0.0
0.0
0.0
0.0
0.0
0.0
0.0
0.0
0.0
0.0
0.0
0.0
0.0
0.0
0.0
0.0
0.0
0.0
0.0
0.0
0.0
0.0
0.0
0.0
0.0
0.0
0.0
0.0
0.0
0.0
0.0
0.0
0.0
0.0
0.0
0.0
0.0
0.0
0.0
0.0
0.0
0.0
0.0
0.0
0.0
0.0
0.0
0.0
0.0
0.0
0.0
0.0
0.0
0.0
0.0
0.0
0.0
0.0
0.0
0.0
0.0
0.0
0.0
0.0
0.0
0.0
0.0
0.0
0.0
0.0
0.0
0.0
0.0
0.0
0.0
0.0
0.0
0.0
0.0
0.0
0.0
0.0
0.0
0.0
0.0
0.0
0.0
0.0
0.0
0.0
0.0
0.0
0.0
0.0
0.0
0.0
0.0
0.0
0.0
0.0
0.0
0.0
0.0
0.0
0.0
0.0
0.0
0.0
0.0
0.0
0.0
0.0
0.0
0.0
0.0
0.0
0.0
0.0
0.0
0.0
0.0
0.0
0.0
0.0
0.0
0.0
0.0
0.0
0.0
0.0
0.0
0.0
0.0
0.0
0.0
0.0
0.0
0.0
0.0
0.0
0.0
0.0
0.0
0.0
0.0
0.0
0.0
0.0
0.0
0.0
0.0
0.0
0.0
0.0
0.0
0.0
0.0
0.0
0.0
0.0
0.0
0.0
0.0
0.0
0.0
0.0
0.0
0.0
1.157
0.75
0.813
0.441
0.434
0.559
0.39
0.888
0.31
0.674
0.818
1.909
1.783
3.116
3.055
2.101
3.37
4.587
2.798
2.146
2.103
1.858
1.852
1.573
0.891
0.591
0.638
0.259
0.312
0.297
0.275
0.853
0.302
0.674
0.761
2.06
3.088
4.422
4.168
2.763
3.856
3.699
2.747
2.372
1.944
1.89
1.648
1.217
0.615
0.352
0.35
0.276
0.3
0.304
0.281
0.853
0.271
0.639
0.961
1.295
2.612
4.502
4.2
3.089
4.676
3.625
2.952
2.622
2.495
2.368
2.213
1.247
0.62
0.352
0.35
0.255
0.292
0.296
0.351
0.936
0.306
0.392
1.013
1.364
2.793
3.308
3.319
3.089
3.662
2.403
2.952
2.958
2.636
2.359
2.213
1.457
1.08
0.779
0.527
0.663
0.507
0.381
0.426
0.321
0.391
0.395
0.453
1.62
1.651
2.501
3.467
2.824
2.555
1.478
2.216
2.101
2.498
1.9
1.788
1.416
1.08
0.779
0.534
0.663
0.507
0.402
0.366
0.733
0.391
0.395
0.453
1.63
2.158
2.417
3.544
3.128
3.107
1.431
1.931
1.599
2.131
1.84
1.515
1.207
0.624
0.335
0.336
0.258
0.27
0.258
0.332
0.899
0.348
0.342
0.944
1.233
2.793
2.946
3.009
2.568
3.389
2.271
1.789
2.336
2.636
2.321
2.153
1.207
0.582
0.334
0.33
0.259
0.263
0.25
0.326
0.847
0.559
0.804
1.04
1.188
3.061
2.848
2.931
2.693
3.609
2.129
1.653
2.23
2.464
2.215
2.524
1.587
0.728
0.348
0.342
0.277
0.277
0.265
0.415
0.817
0.535
0.751
0.964
1.128
3.05
2.622
2.676
2.455
3.91
2.142
1.557
2.07
2.321
2.103
2.358
1.55
0.707
0.357
0.34
0.266
0.268
0.261
0.487
0.901
0.745
0.945
1.526
1.34
2.93
2.418
2.476
2.511
3.738
2.02
1.445
2.001
2.718
2.343
2.47
1.531
0.673
0.431
0.424
0.265
0.265
0.247
0.46
0.898
0.688
0.897
1.405
1.371
2.686
2.277
2.291
2.57
3.783
1.924
1.342
1.862
2.546
2.227
2.368
1.466
0.643
0.416
0.403
0.277
0.269
0.244
0.437
0.877
0.73
0.854
1.289
1.275
2.515
2.107
2.133
2.408
3.503
1.941
1.864
2.249
2.602
2.171
2.676
1.938
0.711
0.461
0.497
0.33
0.361
0.306
0.507
0.917
0.78
1.027
1.267
1.31
2.626
2.489
2.329
2.531
3.876
2.481
2.236
2.282
2.678
2.314
2.738
1.852
0.734
0.531
0.524
0.369
0.387
0.353
0.497
0.863
0.737
1.027
1.236
1.515
2.398
2.294
2.128
2.632
4.065
2.763
2.152
2.205
2.531
2.197
2.561
1.75
0.727
0.533
0.505
0.358
0.367
0.339
0.485
0.822
0.691
0.942
1.137
1.391
2.2
2.122
2.185
2.496
3.766
2.69
2.049
2.254
2.421
2.088
2.472
1.617
0.678
0.508
0.475
0.344
0.353
0.368
0.476
0.955
0.91
0.922
1.093
1.515
2.578
2.199
2.102
2.417
3.533
3.042
2.268
2.308
2.528
2.117
2.318
1.526
0.692
0.496
0.456
0.328
0.335
0.358
0.518
0.894
0.841
0.85
1.032
1.406
2.805
2.428
2.343
2.618
3.27
3.381
2.465
2.244
2.518
2.085
2.237
1.463
0.745
0.533
0.492
0.319
0.32
0.346
0.527
0.856
0.775
0.785
0.965
1.358
2.558
2.584
2.156
2.431
3.216
3.219
2.279
2.078
2.624
2.208
2.203
1.424
0.701
0.505
0.463
0.308
0.302
0.354
0.546
0.816
0.715
0.732
0.902
1.383
2.84
2.519
2.08
2.567
3.193
3.375
2.415
2.14
2.644
2.225
2.048
1.364
0.692
0.495
0.446
0.312
0.294
0.336
0.555
0.85
1.175
0.756
1.181
1.937
2.7
2.328
2.046
2.792
3.197
3.163
2.244
2.033
2.873
2.394
2.218
1.435
0.667
0.481
0.43
0.35
0.306
0.338
0.538
0.792
1.098
0.735
1.086
1.777
2.465
2.123
1.882
2.604
2.909
2.904
2.517
2.026
2.649
2.226
2.056
1.345
0.652
0.488
0.424
0.359
0.314
0.382
0.505
0.769
1.005
0.694
1.45
2.547
2.757
2.09
1.804
2.431
2.788
3.0
2.989
2.127
2.632
2.507
2.036
1.373
0.723
0.506
0.496
0.443
0.351
0.464
0.549
0.928
0.934
0.686
1.432
2.325
2.517
2.003
1.94
2.389
2.934
2.786
2.868
2.21
2.741
2.558
2.168
1.529
0.937
0.733
0.702
0.656
0.579
0.668
0.75
0.928
0.857
0.667
1.394
2.142
2.327
1.837
1.805
2.375
3.294
2.766
2.623
2.065
2.559
2.408
2.058
1.524
1.176
0.71
0.667
0.621
0.551
0.636
0.707
0.93
0.793
0.748
1.287
1.977
2.151
1.676
1.644
2.166
3.007
2.546
2.756
2.255
2.863
2.437
2.171
1.805
1.103
0.673
0.63
0.583
0.51
0.594
0.657
0.89
0.736
0.794
1.191
2.105
2.401
1.747
1.604
2.07
2.989
2.659
2.549
2.301
2.878
2.499
2.243
1.87
1.035
0.636
0.59
0.553
0.489
0.554
0.619
0.87
0.701
0.748
1.107
2.158
2.491
1.826
1.77
2.236
2.869
2.574
2.556
2.303
2.763
2.343
2.131
1.734
1.013
0.613
0.576
0.545
0.507
0.531
0.589
0.827
0.652
0.703
1.057
2.353
2.292
1.664
1.651
2.065
2.736
2.393
2.375
2.148
2.575
2.16
1.977
1.601
0.932
0.568
0.541
0.509
0.471
0.501
0.576
0.874
0.729
0.661
0.973
2.157
2.207
1.6
1.664
2.019
2.806
2.693
2.918
2.284
2.61
2.236
2.047
1.621
0.866
0.537
0.513
0.48
0.44
0.475
0.536
0.87
0.686
0.617
0.925
2.214
2.375
1.605
1.515
1.868
2.652
2.475
2.973
2.772
3.045
2.824
1.933
1.499
0.808
0.516
0.493
0.457
0.428
0.463
0.521
0.884
0.792
0.972
1.121
2.519
2.743
1.7
1.732
1.846
2.925
2.698
3.001
2.572
2.856
2.656
1.815
1.431
0.783
0.506
0.474
0.438
0.406
0.443
0.556
0.852
0.732
1.321
1.126
2.37
2.609
1.613
1.586
1.729
3.045
2.72
2.745
2.471
3.021
2.544
1.76
1.382
0.79
0.549
0.507
0.427
0.393
0.43
0.584
1.129
1.107
1.299
1.134
2.245
2.689
2.013
1.937
2.246
3.367
2.937
2.745
2.511
3.061
2.636
1.924
1.583
0.808
0.547
0.497
0.421
0.38
0.422
0.554
1.089
1.043
1.2
1.071
2.121
2.695
2.053
1.873
2.294
3.363
2.981
2.81
2.615
3.068
2.678
2.04
1.725
1.025
0.782
0.742
0.664
0.632
0.643
0.764
1.243
1.196
1.352
1.062
1.947
2.501
1.882
1.906
2.862
3.897
3.383
2.709
2.494
3.065
2.961
1.931
1.597
0.961
0.729
0.694
0.617
0.587
0.6
0.753
1.177
1.11
1.648
1.133
1.88
2.435
2.24
2.102
3.534
4.118
3.624
2.729
3.066
2.843
2.851
1.821
1.494
0.897
0.679
0.656
0.586
0.55
0.567
0.696
1.151
1.03
1.514
1.31
2.03
2.264
2.211
2.376
3.866
3.913
3.35
2.926
2.973
2.942
2.684
1.698
1.382
0.823
0.634
0.61
0.543
0.519
0.527
0.695
1.095
0.946
1.382
1.225
1.855
2.178
2.023
2.36
4.1
4.351
3.375
2.815
2.909
3.052
2.844
1.634
1.27
0.771
0.589
0.57
0.511
0.481
0.5
0.641
1.054
0.867
1.261
1.187
2.115
2.052
1.866
2.166
3.77
4.371
3.371
3.06
2.813
2.891
2.614
1.501
1.158
0.714
0.553
0.528
0.479
0.455
0.465
0.634
1.019
0.816
1.164
1.134
1.969
1.963
2.167
2.212
3.438
4.204
3.596
2.867
2.634
2.67
2.595
1.66
1.083
0.677
0.535
0.505
0.465
0.446
0.446
0.627
0.949
0.758
1.108
1.074
1.802
1.812
2.003
2.016
3.128
3.827
3.262
2.83
3.014
2.728
2.623
1.564
1.03
0.679
0.535
0.498
0.462
0.423
0.415
0.61
1.321
0.82
1.031
1.249
1.708
1.813
1.872
2.205
3.111
3.737
3.101
2.624
2.874
2.551
2.454
1.449
0.963
0.643
0.516
0.481
0.443
0.409
0.405
0.61
1.25
0.771
0.956
1.178
1.705
1.792
1.845
2.181
3.565
4.074
3.081
2.512
2.735
2.479
2.349
1.361
0.896
0.605
0.491
0.465
0.423
0.392
0.39
0.57
1.191
0.729
0.889
1.094
1.592
1.84
1.711
2.202
3.519
3.736
2.806
2.298
2.526
2.423
2.264
1.314
0.877
0.605
0.498
0.472
0.428
0.417
0.437
0.535
1.12
0.696
0.86
1.519
1.819
1.715
1.662
2.312
3.768
3.818
2.603
2.139
2.389
2.617
2.235
1.237
0.82
0.571
0.471
0.453
0.444
0.41
0.428
0.513
1.098
0.672
0.816
1.383
1.769
2.18
1.718
2.187
3.489
3.845
2.739
2.194
2.365
2.601
2.375
1.508
0.769
0.546
0.449
0.437
0.426
0.386
0.716
0.717
1.51
0.698
0.845
1.341
1.67
2.117
1.933
2.36
3.503
3.565
2.656
2.063
2.212
2.427
2.244
1.549
0.843
0.546
0.444
0.423
0.41
0.376
0.674
0.699
1.412
0.705
0.819
1.288
1.772
2.474
2.018
2.558
3.527
3.418
2.435
1.895
2.046
2.49
2.337
1.613
0.849
0.551
0.465
0.428
0.415
0.38
0.635
0.661
1.305
0.659
0.792
1.197
2.484
2.848
2.023
2.429
3.496
3.34
2.415
2.011
1.939
2.351
2.189
1.528
0.816
0.544
0.459
0.413
0.408
0.36
0.586
0.635
1.299
0.611
0.733
1.249
2.264
2.701
2.011
2.37
3.289
3.571
2.372
1.913
1.863
2.286
2.107
1.479
0.82
0.574
0.452
0.39
0.382
0.344
0.548
0.62
1.474
1.212
0.755
1.214
2.142
2.537
1.937
2.379
3.361
3.932
2.342
1.821
1.785
2.226
2.065
1.488
1.028
0.683
0.634
0.483
0.388
0.347
0.553
0.662
1.38
1.114
0.702
1.115
1.993
2.43
1.901
2.401
3.292
4.349
2.677
1.869
1.8
2.233
2.474
1.693
1.001
0.725
0.638
0.503
0.401
0.432
0.764
0.888
1.344
1.043
0.651
1.023
1.81
2.268
1.736
2.277
3.053
3.979
2.468
1.912
2.006
2.173
2.394
1.692
1.162
0.808
0.733
0.554
0.46
0.476
0.785
0.897
1.35
0.986
0.635
1.009
1.689
2.109
1.611
2.79
3.354
3.729
2.422
1.837
1.897
2.046
2.235
1.636
1.141
0.9
0.831
0.711
0.635
0.669
0.835
0.969
1.261
0.935
0.618
0.977
1.603
2.041
1.507
2.551
3.067
3.388
2.216
1.772
1.803
1.939
2.121
1.54
1.088
0.857
0.788
0.677
0.608
0.635
0.791
0.93
1.155
0.868
0.588
0.932
1.953
2.151
2.038
2.942
3.156
3.161
2.062
1.736
1.87
2.09
2.265
1.503
1.055
0.849
0.754
0.658
0.589
0.606
0.737
0.865
1.109
0.814
0.567
0.859
1.887
1.958
1.973
2.808
3.28
3.014
2.425
1.746
1.94
2.065
2.234
1.934
1.142
0.783
0.694
0.606
0.548
0.562
0.674
0.799
1.067
0.772
0.528
0.792
1.907
2.139
1.963
2.562
3.122
3.021
2.415
1.639
1.831
1.959
2.134
1.814
1.062
0.726
0.644
0.569
0.516
0.522
0.631
0.763
0.996
0.743
0.494
0.871
1.778
1.964
1.882
2.418
2.904
3.46
2.905
1.796
1.966
2.095
2.259
1.916
1.096
0.68
0.609
0.535
0.479
0.491
0.585
0.725
0.979
0.686
0.459
0.845
1.617
1.854
2.06
2.471
2.896
3.869
2.974
2.09
2.094
2.211
2.249
1.861
1.048
0.632
0.576
0.509
0.462
0.489
0.6
0.711
0.958
0.687
0.465
0.803
1.511
1.707
1.907
2.397
2.874
3.856
3.354
2.347
2.213
2.323
2.345
2.028
1.183
0.651
0.601
0.508
0.454
0.481
0.579
0.67
0.893
0.641
0.444
0.776
1.392
1.726
1.805
2.214
2.63
3.531
3.582
2.291
2.102
2.171
2.186
1.899
1.11
0.603
0.604
0.487
0.435
0.464
0.547
0.63
0.862
0.621
0.424
0.737
1.375
1.745
2.101
2.268
2.792
4.039
3.984
2.251
2.062
2.153
2.836
1.929
1.041
0.578
0.576
0.476
0.428
0.444
0.516
0.593
0.857
0.575
0.403
0.684
1.431
1.667
1.956
2.262
2.798
4.513
4.065
2.413
2.043
2.312
2.758
1.891
1.039
0.609
0.579
0.485
0.447
0.452
0.524
0.612
0.854
0.603
0.415
0.771
1.356
1.624
1.877
2.161
2.681
4.42
3.894
2.322
2.014
2.249
2.632
1.819
1.031
0.644
0.59
0.48
0.431
0.434
0.504
0.677
0.858
0.57
0.414
0.731
1.255
1.633
1.723
2.239
2.944
4.342
3.733
2.234
1.977
2.305
2.461
1.708
0.978
0.627
0.578
0.48
0.435
0.431
0.485
0.691
0.841
0.533
0.407
0.72
1.148
1.572
1.606
2.098
2.857
4.452
3.772
2.358
2.046
2.207
2.321
1.615
0.926
0.597
0.558
0.466
0.42
0.421
0.463
0.722
0.84
0.492
0.388
0.924
1.384
1.457
2.178
2.437
3.022
4.633
3.792
2.397
2.225
2.39
2.476
1.963
1.167
0.744
0.67
0.608
0.483
0.445
0.478
0.708
0.808
0.496
0.436
0.894
1.304
1.415
2.05
2.29
2.84
4.284
3.57
2.556
2.635
2.493
2.519
2.254
1.448
0.73
0.659
0.588
0.475
0.481
0.529
0.706
0.758
0.48
0.421
0.833
1.415
1.586
2.253
2.177
2.662
3.982
3.595
2.575
2.591
2.4
2.44
2.498
1.536
0.734
0.663
0.591
0.47
0.47
0.516
0.677
0.77
0.475
0.413
0.886
1.313
1.768
2.862
2.461
2.592
3.978
3.783
2.604
2.58
2.493
2.335
2.348
1.491
0.766
0.718
0.593
0.484
0.485
0.523
0.682
0.764
0.452
0.387
0.84
1.682
2.064
2.752
2.322
3.01
4.361
3.608
2.429
2.385
2.385
2.211
2.179
1.464
0.742
0.686
0.562
0.456
0.456
0.496
0.637
0.753
0.427
0.369
0.775
1.556
1.878
2.496
2.13
3.211
4.848
3.536
2.361
2.272
2.286
2.085
2.043
1.354
0.719
0.648
0.54
0.44
0.432
0.47
0.674
0.745
0.417
0.366
0.877
1.418
1.731
2.294
1.957
2.982
4.704
3.766
2.837
2.616
2.588
2.23
1.97
1.25
0.67
0.609
0.51
0.414
0.413
0.448
0.627
0.805
0.398
0.353
0.828
1.325
1.582
2.438
2.165
3.056
4.863
3.72
2.723
2.49
2.468
2.147
1.917
1.249
0.702
0.601
0.495
0.41
0.405
0.438
0.627
0.759
0.379
0.34
0.761
1.212
1.463
2.267
1.986
2.798
4.605
3.722
3.045
2.488
2.311
2.097
2.138
1.165
0.677
0.58
0.477
0.396
0.395
0.416
0.595
0.783
0.388
0.469
0.753
1.128
1.393
2.256
2.294
3.01
4.764
3.758
2.958
2.435
2.236
2.049
1.994
1.096
0.644
0.546
0.465
0.384
0.374
0.398
0.548
0.824
0.407
0.462
0.715
1.186
1.509
2.174
2.186
2.912
4.427
3.842
3.05
2.391
2.424
2.002
1.923
1.1
0.665
0.585
0.465
0.367
0.365
0.381
0.514
0.827
0.444
0.46
1.217
1.683
1.692
2.238
2.145
2.826
4.482
3.69
2.838
2.269
2.345
1.934
1.831
1.122
0.701
0.656
0.462
0.351
0.351
0.368
0.485
0.836
0.447
0.482
1.158
1.552
1.68
2.16
2.03
2.812
4.241
3.505
2.98
2.179
2.31
1.881
1.705
1.042
0.665
0.619
0.457
0.342
0.333
0.356
0.518
0.857
0.435
0.447
1.151
1.435
1.599
1.98
1.929
3.137
4.422
3.275
2.815
2.061
2.185
1.767
1.604
0.982
0.645
0.585
0.433
0.332
0.318
0.337
0.541
0.849
0.407
0.421
1.056
1.342
1.464
1.814
1.906
2.891
4.291
3.216
2.65
1.94
2.065
1.697
1.532
0.94
0.643
0.701
0.451
0.365
0.339
0.345
0.568
0.863
0.841
0.532
1.202
1.685
1.836
2.091
2.194
3.217
4.119
3.005
2.526
1.82
1.942
1.606
1.466
0.911
0.635
0.686
0.452
0.38
0.352
0.358
0.596
0.805
0.787
0.504
1.131
1.556
1.683
1.938
2.096
2.964
3.785
2.774
2.345
1.833
1.894
1.57
1.399
0.874
0.635
0.679
0.472
0.404
0.358
0.351
0.563
0.747
0.775
0.475
1.06
1.439
1.554
1.81
1.937
2.717
3.463
2.73
2.663
1.957
2.02
1.73
1.503
0.831
0.608
0.647
0.453
0.394
0.348
0.339
0.539
0.723
0.763
0.46
0.99
1.352
1.834
1.774
2.049
2.862
3.574
3.056
2.684
1.92
1.933
1.642
1.403
0.811
0.624
0.633
0.463
0.389
0.346
0.33
0.52
0.716
0.731
0.433
0.91
1.442
2.347
2.156
2.204
2.742
3.463
3.147
2.57
2.198
2.266
1.656
1.404
0.839
0.656
0.662
0.503
0.403
0.37
0.353
0.518
0.765
0.716
0.438
0.869
1.428
2.178
2.008
2.06
2.547
3.396
3.468
2.721
2.125
2.207
1.801
1.481
0.915
0.757
0.701
0.605
0.453
0.455
0.449
0.599
0.901
1.021
0.466
0.893
1.427
2.204
2.495
2.159
2.419
3.134
3.218
2.575
2.047
2.095
1.775
1.435
1.172
0.761
0.69
0.646
0.468
0.468
0.455
0.587
0.882
0.976
0.474
0.833
1.337
2.106
2.783
2.553
2.601
3.074
3.191
2.471
2.0
2.011
1.714
1.369
1.138
0.739
0.663
0.617
0.46
0.44
0.431
0.549
0.824
0.903
0.506
0.781
1.246
1.919
2.552
2.439
2.541
2.966
3.671
2.793
2.03
1.9
1.636
1.322
1.068
0.712
0.626
0.592
0.438
0.433
0.412
0.527
0.811
0.886
0.493
0.733
1.335
1.762
2.379
2.432
2.931
2.904
4.006
2.947
2.067
1.882
1.799
1.435
1.011
0.738
0.611
0.61
0.473
0.452
0.435
0.572
0.799
1.017
0.598
0.754
1.295
1.86
2.285
2.533
3.056
3.092
3.989
2.854
2.116
1.828
1.804
1.404
0.96
0.713
0.612
0.576
0.46
0.432
0.428
0.537
0.778
0.996
0.568
0.7
1.193
1.789
2.106
2.424
3.104
3.389
4.039
2.692
1.998
1.766
1.784
1.441
1.005
0.701
0.577
0.6
0.442
0.412
0.404
0.502
0.764
0.951
0.537
0.697
1.159
1.73
1.947
2.255
3.052
3.832
4.435
2.783
2.143
1.942
1.999
1.663
1.261
0.982
0.792
0.81
0.51
0.41
0.395
0.483
0.755
1.006
0.558
0.655
1.06
1.571
1.798
2.133
2.851
3.557
4.744
3.242
2.257
1.985
1.977
1.757
1.454
1.004
0.857
0.855
0.572
0.509
0.483
0.569
0.729
0.947
0.543
0.673
1.012
1.864
1.942
2.343
2.822
3.464
5.019
3.127
2.227
1.975
1.916
1.707
1.606
0.941
0.804
0.821
0.543
0.51
0.483
0.556
0.699
0.905
0.524
0.654
1.232
1.844
2.123
2.445
2.711
3.36
5.45
3.377
2.388
2.212
2.18
1.935
1.78
1.075
0.841
0.8
0.511
0.482
0.466
0.531
0.66
0.94
0.503
0.614
1.167
1.696
1.935
2.223
2.697
3.32
5.568
3.256
2.613
2.175
2.147
2.038
1.682
0.996
0.79
0.751
0.481
0.449
0.438
0.499
0.614
0.906
0.521
0.616
1.188
2.069
1.975
2.175
2.55
3.163
5.701
3.837
2.753
2.541
2.104
1.912
1.572
0.941
0.747
0.706
0.467
0.438
0.417
0.466
0.587
0.892
0.505
0.579
1.254
2.348
2.138
2.414
2.475
3.407
5.495
3.544
2.665
2.567
2.171
1.905
1.557
0.946
0.715
0.674
0.459
0.418
0.392
0.44
0.549
0.923
0.482
0.54
1.177
2.148
1.972
2.258
2.262
3.271
5.569
3.431
2.545
2.401
2.064
1.898
1.539
0.97
0.753
0.713
0.503
0.421
0.371
0.411
0.513
0.915
0.454
0.562
1.081
1.995
1.846
2.159
2.155
3.153
5.513
3.233
2.43
2.304
2.23
2.04
1.466
0.956
0.715
0.675
0.49
0.416
0.368
0.404
0.498
0.845
0.456
0.538
1.005
1.85
2.103
2.145
2.065
3.193
5.428
3.62
2.552
2.495
2.42
2.462
1.477
0.934
0.697
0.695
0.491
0.443
0.403
0.396
0.488
0.827
0.511
0.557
0.995
1.716
2.043
1.966
1.895
2.905
5.032
3.77
3.085
2.607
2.498
2.506
1.467
0.882
0.668
0.66
0.479
0.439
0.399
0.39
0.545
0.855
0.479
0.524
1.005
1.723
1.884
1.929
1.985
2.808
4.991
3.482
2.899
2.647
2.61
2.56
1.577
1.045
0.85
0.86
0.691
0.659
0.624
0.61
0.739
0.897
0.482
0.488
1.073
1.581
1.962
2.092
2.152
2.891
4.776
3.245
2.758
2.554
2.471
2.424
1.455
0.964
0.797
0.792
0.639
0.615
0.579
0.57
0.742
0.897
0.515
0.459
0.98
1.441
2.217
2.597
2.919
3.32
4.992
3.253
2.826
2.445
2.423
2.366
1.488
1.008
0.906
0.885
0.696
0.645
0.647
0.584
0.858
0.972
0.639
0.525
1.604
2.255
2.501
2.664
3.242
3.444
5.286
3.107
2.868
2.563
2.586
2.481
1.649
0.989
0.862
0.86
0.679
0.601
0.611
0.543
0.848
0.923
0.589
0.506
1.469
2.087
2.3
2.994
3.063
3.321
4.964
2.925
2.723
2.511
2.473
2.376
1.573
0.968
0.814
0.81
0.631
0.577
0.573
0.52
0.777
0.863
0.555
0.554
1.511
1.953
2.099
2.75
2.818
3.082
5.163
3.031
2.783
2.583
2.509
2.428
1.641
0.9
0.766
0.758
0.626
0.564
0.559
0.5
0.733
0.801
0.549
0.524
1.671
1.906
1.987
2.517
3.133
3.146
4.942
3.207
2.634
2.561
2.813
2.365
1.645
0.969
0.808
0.839
0.681
0.621
0.647
0.636
0.836
1.016
0.641
0.495
1.736
1.844
1.809
2.438
2.987
2.968
5.399
3.265
2.571
2.437
2.599
2.201
1.56
0.934
0.813
0.779
0.631
0.572
0.604
0.589
0.772
0.936
0.651
0.461
1.621
1.681
1.677
2.491
3.451
3.181
5.673
3.348
2.434
2.32
2.452
2.162
1.535
0.956
0.882
0.799
0.678
0.63
0.646
0.632
0.896
1.199
0.838
0.655
1.74
1.56
1.552
2.324
3.194
3.257
5.677
3.441
2.433
2.187
2.311
2.028
1.464
0.906
0.832
0.754
0.631
0.591
0.606
0.593
0.874
1.212
0.799
0.608
1.585
1.829
1.969
2.593
3.199
3.631
5.663
3.276
2.298
2.113
2.238
1.966
1.455
0.862
0.783
0.733
0.599
0.563
0.576
0.561
0.876
1.173
0.738
0.569
1.461
1.695
2.225
2.902
3.075
3.474
5.51
3.06
2.215
1.98
2.126
1.884
1.449
0.89
0.906
0.919
0.669
0.655
0.643
0.63
0.972
1.375
1.182
0.662
1.396
1.572
2.088
2.676
2.812
3.192
5.365
2.953
2.317
2.1
2.236
2.191
1.603
0.876
0.904
0.905
0.715
0.719
0.646
0.706
0.977
1.359
1.177
0.719
1.346
1.586
2.069
2.988
2.808
3.246
5.258
3.165
2.558
2.292
2.394
2.623
1.848
1.042
0.949
0.952
0.799
0.735
0.701
0.763
1.014
1.348
1.246
0.886
1.391
1.579
2.01
2.861
2.851
3.28
5.091
3.371
2.625
2.425
2.546
2.679
1.915
1.194
1.136
1.116
0.974
0.916
0.886
0.936
1.217
1.522
1.427
1.033
1.495
1.724
1.973
3.138
3.09
3.678
5.487
3.223
2.569
2.445
2.425
2.562
1.799
1.13
1.076
1.029
0.901
0.852
0.825
0.863
1.194
1.48
1.306
0.948
1.365
2.064
2.283
3.571
3.325
3.541
5.443
3.041
2.407
2.292
2.268
2.39
1.706
1.041
0.999
0.956
0.838
0.794
0.771
0.807
1.154
1.432
1.19
0.871
1.611
2.106
2.217
3.373
3.15
3.575
5.1
3.137
2.449
2.215
2.195
2.309
1.671
1.041
0.984
0.913
0.803
0.761
0.741
0.769
1.144
1.388
1.09
0.803
1.469
1.912
2.012
3.097
3.344
3.784
5.221
3.373
2.371
2.133
2.11
2.281
1.617
1.035
0.938
0.868
0.781
0.758
0.745
0.761
1.072
1.292
1.027
0.765
1.407
1.861
1.935
2.907
3.057
3.491
4.805
3.304
2.433
2.249
2.214
2.373
1.773
1.255
1.144
0.857
0.741
0.716
0.71
0.724
0.999
1.2
0.981
0.922
1.35
1.714
1.781
2.65
2.782
3.737
5.128
3.446
2.503
2.438
2.249
2.301
2.044
1.35
1.081
0.813
0.701
0.671
0.662
0.676
0.921
1.191
0.913
0.854
1.241
1.569
1.993
2.71
2.547
3.499
5.056
3.201
2.367
2.284
2.115
2.172
1.93
1.296
1.014
0.765
0.661
0.632
0.625
0.634
0.906
1.131
0.849
0.817
1.274
1.486
1.824
2.47
2.458
3.208
5.053
3.049
2.264
2.268
2.493
2.128
1.845
1.284
1.021
0.796
0.773
0.678
0.694
0.666
1.02
1.463
0.891
0.855
1.696
1.646
1.808
2.412
2.517
3.371
5.119
3.209
2.446
2.472
2.636
2.355
2.309
1.57
1.075
0.863
0.856
0.817
0.78
0.795
1.158
1.593
0.946
0.964
1.703
1.664
1.831
2.874
2.741
3.382
5.057
3.023
2.307
2.35
2.448
2.193
2.107
1.437
1.002
0.806
0.799
0.758
0.723
0.738
1.114
1.596
0.883
0.9
1.55
1.515
1.67
2.825
2.634
3.618
5.241
3.213
2.316
2.191
2.287
2.051
2.016
1.403
1.049
0.827
0.813
0.771
0.809
0.791
1.133
1.558
0.933
0.939
1.562
1.482
1.854
2.838
2.649
3.44
5.25
3.464
2.427
2.273
2.566
1.956
1.916
1.354
1.052
0.821
0.83
0.769
0.842
0.808
1.125
1.534
0.917
1.013
1.444
1.803
2.264
3.324
2.705
3.394
5.421
3.368
2.433
2.148
2.406
1.901
1.852
1.328
1.063
0.826
0.767
0.712
0.776
0.745
1.056
1.462
0.841
0.928
1.393
1.642
2.055
3.14
2.633
3.381
5.809
3.21
2.28
2.052
2.258
1.799
1.742
1.231
0.983
0.77
0.717
0.666
0.724
0.703
1.002
1.381
0.807
0.864
1.311
1.587
1.932
2.854
2.422
3.089
5.764
3.178
2.165
1.959
2.21
1.757
1.679
1.14
0.913
0.722
0.676
0.63
0.678
0.653
0.958
1.314
0.744
0.795
1.216
2.082
2.225
2.705
2.318
3.042
5.579
3.004
2.095
1.929
2.13
1.714
1.627
1.087
0.842
0.67
0.629
0.589
0.631
0.608
0.884
1.496
0.698
0.779
1.144
1.897
2.059
2.708
2.624
3.013
5.69
3.094
2.204
1.935
2.063
1.669
1.578
1.055
0.829
0.675
0.637
0.601
0.638
0.594
0.864
1.438
0.695
0.719
1.171
1.778
1.993
2.477
2.424
2.786
5.289
2.993
2.111
1.862
1.999
1.645
1.553
1.084
0.965
0.768
0.737
0.617
0.634
0.585
0.817
1.335
0.698
0.672
1.111
1.646
2.029
2.379
2.212
2.527
5.063
2.932
2.01
1.821
1.929
1.625
1.514
1.091
0.98
0.803
0.777
0.674
0.654
0.609
0.831
1.316
0.816
0.649
1.054
1.53
1.858
2.212
2.274
2.724
5.248
3.162
2.274
2.027
2.086
1.72
1.832
1.111
1.066
0.809
0.745
0.628
0.609
0.57
0.834
1.307
0.765
0.614
1.074
1.417
1.697
2.049
2.374
2.864
5.235
3.568
2.569
2.247
2.085
1.713
1.741
1.04
0.995
0.764
0.701
0.595
0.577
0.543
0.83
1.292
0.713
0.577
0.993
1.438
1.587
1.889
2.192
2.762
5.298
3.518
2.503
2.204
2.009
1.676
1.699
1.028
0.955
0.764
0.676
0.578
0.56
0.529
0.863
1.226
0.669
0.545
1.297
1.812
1.936
1.899
2.032
2.882
5.529
3.464
2.442
2.148
1.985
1.689
1.661
0.976
0.883
0.709
0.63
0.542
0.524
0.499
0.806
1.198
1.036
1.171
1.599
1.878
2.217
1.904
2.179
3.154
5.633
3.626
2.766
2.348
2.143
1.879
1.867
1.379
1.032
0.74
0.624
0.539
0.545
0.613
0.83
1.193
1.089
1.323
1.685
1.94
2.432
2.321
2.155
3.398
5.488
3.609
2.749
2.618
2.317
1.843
1.805
1.355
0.98
0.752
0.608
0.524
0.533
0.594
0.779
1.106
1.034
1.219
1.548
1.848
2.257
2.23
1.996
3.121
5.36
3.515
2.633
2.503
2.241
1.79
1.744
1.348
1.009
0.8
0.634
0.501
0.508
0.559
0.73
1.053
0.985
1.147
1.442
1.838
2.596
2.259
1.983
4.121
5.839
3.917
2.809
2.584
2.353
1.945
1.928
1.621
1.09
0.853
0.76
0.611
0.619
0.686
0.788
1.132
1.003
1.164
1.436
1.707
2.439
2.276
1.904
3.829
5.374
3.755
3.055
2.49
2.282
1.902
1.882
1.584
1.045
0.801
0.711
0.569
0.576
0.63
0.725
1.034
0.918
1.081
1.311
1.709
2.881
2.63
1.965
3.921
5.326
3.577
2.923
2.437
2.235
1.875
1.823
1.498
0.998
0.779
0.697
0.561
0.563
0.609
0.696
1.047
0.95
1.033
1.231
1.583
2.692
2.566
1.883
3.691
5.082
3.89
2.994
2.388
2.224
1.924
1.88
1.494
0.95
0.754
0.667
0.534
0.536
0.574
0.647
0.983
0.875
0.97
1.157
1.478
2.483
2.477
1.794
3.402
4.77
3.666
3.058
2.516
2.525
2.136
1.916
1.524
1.01
0.825
0.737
0.628
0.595
0.601
1.069
1.317
1.153
1.004
1.068
1.357
2.344
2.304
1.737
3.26
4.629
3.723
2.984
2.466
2.519
2.131
2.041
1.603
1.107
0.89
0.809
0.672
0.644
0.636
1.039
1.251
1.103
0.969
1.022
1.282
2.257
2.587
2.188
3.417
4.423
3.812
3.095
2.602
2.659
2.312
2.246
1.902
1.359
0.955
0.842
0.698
0.664
0.666
0.958
1.143
1.009
0.89
0.932
1.196
2.083
2.398
2.124
3.163
4.339
4.365
2.943
2.498
2.541
2.212
2.126
1.762
1.273
0.888
0.782
0.654
0.625
0.626
0.891
1.072
0.925
0.82
0.867
1.106
2.083
2.834
2.322
3.125
4.93
4.839
2.959
2.405
2.405
2.118
2.019
1.658
1.19
0.846
0.749
0.618
0.59
0.585
0.825
0.985
0.88
0.801
0.822
1.016
1.896
2.731
2.492
3.057
4.61
4.703
3.229
2.366
2.344
2.204
2.139
1.595
1.135
0.826
0.74
0.617
0.585
0.579
0.78
0.988
0.868
0.743
0.767
0.942
1.902
2.491
2.491
3.31
4.63
4.629
3.001
2.271
2.208
2.064
2.006
1.505
1.046
0.858
0.727
0.62
0.636
0.59
0.801
1.351
0.857
0.786
0.777
0.98
2.262
2.619
2.464
3.638
4.746
4.635
2.886
2.154
2.077
1.971
2.223
1.558
1.186
1.079
0.69
0.589
0.596
0.551
0.754
1.267
0.804
0.737
0.727
0.911
2.214
2.429
2.248
3.306
4.857
4.596
2.691
2.068
1.992
1.881
2.143
1.5
1.103
1.002
0.653
0.561
0.568
0.528
0.731
1.171
1.004
0.765
0.755
1.017
2.359
2.497
2.185
3.087
4.743
4.47
2.563
1.965
1.875
1.777
2.01
1.422
1.04
0.928
0.614
0.55
0.59
0.515
0.692
1.09
0.928
0.714
0.732
0.979
2.554
2.279
1.997
2.814
4.445
4.196
2.714
2.07
1.784
1.706
1.896
1.37
1.019
0.872
0.574
0.511
0.543
0.48
0.646
1.05
0.85
0.659
0.706
0.912
2.408
2.199
1.901
2.583
4.192
4.168
2.6
2.108
1.718
1.622
1.801
1.349
0.999
0.811
0.533
0.478
0.507
0.447
0.596
1.031
0.783
0.614
0.679
0.856
2.236
2.132
1.87
2.385
3.836
4.046
2.484
2.051
1.651
1.731
1.72
1.253
0.928
0.756
0.506
0.455
0.48
0.429
0.563
1.259
0.872
0.654
1.032
1.214
2.186
2.101
1.935
2.593
3.591
3.787
2.341
1.987
1.709
1.87
1.636
1.164
0.852
0.697
0.473
0.427
0.45
0.41
0.531
1.261
0.833
0.759
1.379
1.185
2.015
1.945
1.841
2.372
3.618
3.843
2.409
2.094
1.874
1.993
1.718
1.087
0.8
0.66
0.448
0.403
0.425
0.389
0.498
1.393
0.809
0.742
1.283
1.312
1.889
2.327
2.685
2.742
3.961
3.726
2.353
1.972
1.772
1.879
1.66
1.087
0.791
0.66
0.445
0.398
0.413
0.381
0.479
1.284
0.757
0.72
1.193
1.533
2.196
2.305
2.636
2.609
4.25
4.114
2.45
2.345
2.03
1.881
1.563
1.095
0.781
0.649
0.45
0.405
0.41
0.379
0.468
1.193
0.719
0.684
1.109
1.437
2.013
2.143
2.448
2.603
4.343
3.823
2.489
2.425
2.175
2.012
1.73
1.251
0.956
0.833
0.658
0.614
0.618
0.59
0.669
1.23
0.698
0.665
1.066
1.355
1.84
1.958
2.241
2.556
4.332
3.528
2.402
2.65
2.254
2.007
1.663
1.223
0.897
0.779
0.615
0.573
0.577
0.552
0.623
1.256
0.648
0.633
1.018
1.333
2.254
1.814
2.226
2.706
4.309
3.274
2.279
2.492
2.179
1.883
1.565
1.157
0.849
0.724
0.575
0.554
0.542
0.521
0.59
1.231
0.624
0.658
0.938
1.247
2.057
1.672
2.248
2.866
4.162
3.029
2.143
2.361
2.077
1.778
1.488
1.105
0.818
0.677
0.54
0.522
0.517
0.498
0.567
1.288
0.595
0.609
0.865
1.397
1.884
1.565
2.078
2.771
4.102
3.011
2.429
2.516
2.262
1.952
1.627
1.064
0.78
0.63
0.503
0.49
0.484
0.467
0.529
1.238
0.56
0.619
0.93
1.843
2.176
1.637
2.283
2.911
4.141
2.992
2.652
2.551
2.222
1.857
1.555
1.036
0.798
0.701
0.558
0.493
0.467
0.45
0.505
1.138
0.552
0.574
0.856
1.933
2.013
1.738
2.247
2.742
3.801
3.177
3.056
2.683
2.106
1.784
1.459
0.993
0.755
0.653
0.524
0.466
0.441
0.425
0.475
1.043
0.516
0.576
0.834
2.131
2.08
1.596
2.211
2.838
3.886
3.147
3.042
2.739
2.233
1.949
1.635
1.212
0.747
0.635
0.518
0.466
0.444
0.429
0.474
1.084
0.494
0.538
0.769
1.936
1.927
1.528
2.02
2.718
4.155
3.161
3.049
2.763
2.338
1.919
1.55
1.135
0.699
0.593
0.484
0.437
0.415
0.402
0.442
1.152
0.482
0.509
0.865
1.79
1.779
1.474
2.056
2.911
3.975
2.912
2.853
2.614
2.493
2.019
1.495
1.067
0.657
0.552
0.454
0.414
0.395
0.381
0.42
1.112
0.472
0.491
0.936
1.644
1.646
1.376
2.015
2.736
3.922
3.084
2.714
2.481
2.401
2.181
1.526
1.027
0.726
0.566
0.428
0.391
0.373
0.362
0.402
1.105
0.443
0.475
0.891
1.508
1.51
1.291
1.854
2.887
3.971
2.879
2.506
2.299
2.25
2.053
1.429
0.969
0.693
0.548
0.428
0.397
0.381
0.371
0.407
1.095
0.422
0.451
1.067
1.974
1.497
1.478
1.976
3.545
4.021
2.907
2.406
2.159
2.129
1.948
1.389
0.923
0.688
0.544
0.435
0.399
0.384
0.375
0.407
1.026
0.407
0.432
1.028
1.9
1.379
1.622
1.81
3.368
3.854
3.28
3.084
2.333
2.287
2.188
1.564
1.107
0.881
0.743
0.642
0.613
0.55
0.36
0.389
1.121
0.409
0.43
0.949
1.733
1.578
1.951
1.787
3.792
4.208
3.13
2.889
2.237
2.17
2.079
1.495
1.065
0.842
0.706
0.614
0.586
0.529
0.35
0.373
1.079
0.409
0.43
0.917
1.594
1.644
1.85
1.659
3.451
3.849
3.051
2.796
2.106
2.309
2.165
1.623
1.217
1.007
0.872
0.79
0.767
0.715
0.552
0.587
1.143
0.397
0.409
0.992
2.407
1.858
1.863
1.753
3.347
3.882
2.919
2.855
1.999
2.164
2.085
1.54
1.176
0.974
0.825
0.729
0.712
0.665
0.518
0.594
1.109
0.404
0.445
0.927
2.197
1.887
1.72
1.661
3.206
3.837
3.457
2.965
2.073
2.246
2.127
1.448
1.116
0.943
0.785
0.693
0.678
0.635
0.502
0.568
1.107
0.383
0.443
0.901
2.029
1.853
1.851
1.642
3.002
4.182
3.278
2.79
1.939
2.132
2.077
1.377
1.088
0.909
0.768
0.664
0.647
0.612
0.487
0.547
1.076
0.406
0.431
0.839
1.881
1.704
1.778
1.866
2.955
4.166
3.586
2.845
2.06
2.235
2.347
1.531
1.098
0.883
0.731
0.621
0.599
0.573
0.456
0.544
1.003
0.395
0.417
0.797
1.749
1.662
1.786
1.785
2.7
3.996
4.108
3.167
2.051
2.107
2.239
1.484
1.024
0.821
0.684
0.585
0.565
0.542
0.429
0.527
0.92
0.372
0.393
0.788
1.722
1.535
1.626
1.727
2.663
3.997
3.968
2.952
2.095
2.371
2.309
1.396
0.969
0.798
0.65
0.562
0.543
0.511
0.41
0.499
0.979
0.353
0.372
0.89
1.596
1.4
1.558
1.779
2.893
4.235
3.885
2.989
2.221
2.511
2.32
1.337
0.908
0.751
0.63
0.536
0.511
0.48
0.389
0.469
0.965
0.339
0.36
0.865
1.504
1.514
1.476
1.73
2.712
4.082
3.816
3.033
2.325
2.611
2.385
1.404
0.855
0.708
0.601
0.507
0.484
0.454
0.367
0.439
0.974
0.32
0.358
0.809
1.375
1.497
1.474
1.728
2.637
3.926
3.609
2.899
2.218
2.584
2.389
1.841
0.9
0.713
0.615
0.535
0.538
0.5
0.426
0.532
0.902
0.302
0.372
0.788
1.262
1.537
1.494
1.73
2.607
4.411
3.526
2.741
2.075
2.423
2.382
1.766
0.871
0.74
0.616
0.533
0.533
0.5
0.408
0.502
0.925
0.296
0.361
0.734
1.262
2.024
2.119
1.871
2.706
4.454
3.309
2.575
1.953
2.272
2.244
1.694
0.85
0.728
0.642
0.527
0.518
0.482
0.396
0.498
0.849
0.286
0.514
1.063
1.191
1.989
1.97
1.748
2.564
4.432
3.095
2.495
2.076
2.38
2.342
1.583
0.801
0.686
0.637
0.513
0.494
0.462
0.384
0.476
0.808
0.282
0.49
1.042
1.088
1.824
1.803
1.639
2.336
4.353
3.139
2.343
1.959
2.253
2.211
1.517
0.779
0.824
0.615
0.492
0.475
0.445
0.374
0.509
0.804
0.27
0.456
0.979
1.39
1.97
1.68
1.92
2.313
4.338
2.913
2.21
1.834
2.111
2.091
1.395
0.723
0.762
0.574
0.462
0.448
0.42
0.357
0.539
0.75
0.262
0.431
1.03
1.389
1.835
1.776
1.78
2.117
4.217
3.665
2.638
1.873
2.093
2.037
1.4
0.839
0.819
0.633
0.502
0.517
0.494
0.387
0.685
1.158
0.727
0.568
1.233
1.42
1.703
1.627
1.722
2.015
4.102
3.872
2.679
1.998
2.2
2.164
1.558
1.032
0.985
0.819
0.69
0.7
0.679
0.585
0.725
1.082
0.669
0.525
1.134
1.765
1.991
1.598
1.838
1.947
4.237
4.0
2.506
1.975
2.103
2.17
1.664
0.998
0.939
0.768
0.651
0.659
0.641
0.558
0.755
1.024
0.625
0.502
1.359
1.79
1.991
1.61
1.728
2.005
4.145
3.678
2.359
1.869
1.976
2.046
1.602
0.988
0.874
0.719
0.611
0.61
0.593
0.52
0.697
0.969
0.578
0.485
1.392
1.656
1.822
1.905
1.842
1.984
4.369
3.692
2.434
2.035
2.127
2.162
1.745
1.105
0.819
0.681
0.582
0.58
0.563
0.497
0.656
0.9
0.573
0.465
1.289
1.533
1.702
1.755
1.77
1.836
4.008
3.854
2.823
2.42
2.249
2.325
1.706
1.128
0.793
0.662
0.571
0.568
0.553
0.493
0.647
0.861
0.563
0.467
1.254
1.467
1.852
1.697
1.722
1.741
4.099
3.81
2.63
2.263
2.12
2.156
1.641
1.065
0.746
0.628
0.54
0.534
0.519
0.466
0.622
1.012
0.74
0.65
1.388
1.695
1.706
1.602
1.828
2.06
4.14
3.735
2.708
2.387
2.274
2.045
1.552
0.996
0.705
0.598
0.514
0.508
0.487
0.438
0.579
1.016
0.684
0.602
1.64
1.838
1.613
1.528
1.883
2.377
3.958
3.449
2.548
2.298
2.16
1.926
1.454
0.929
0.658
0.561
0.486
0.48
0.46
0.418
0.544
1.018
0.671
0.581
1.535
1.689
1.523
1.412
1.744
2.188
4.096
3.745
2.719
2.2
2.04
1.831
1.479
0.917
0.642
0.545
0.479
0.474
0.455
0.416
0.529
0.984
0.627
0.549
1.406
2.078
1.496
1.301
1.635
2.028
4.131
3.486
2.599
2.084
1.954
1.781
1.43
0.945
0.708
0.586
0.492
0.486
0.468
0.425
0.526
0.955
0.623
0.672
1.417
2.132
1.438
1.262
1.746
2.402
3.936
3.279
2.535
2.161
2.07
1.9
1.572
1.107
0.899
0.789
0.7
0.496
0.487
0.44
0.527
0.906
0.606
0.669
1.315
1.985
2.005
1.4
1.86
2.411
4.02
3.082
2.513
2.437
2.001
2.019
1.488
1.152
0.84
0.74
0.656
0.467
0.458
0.416
0.493
0.834
0.603
0.672
1.277
2.172
1.842
1.286
1.697
2.429
3.78
3.291
2.61
2.944
2.36
2.393
1.701
1.127
0.799
0.699
0.619
0.443
0.457
0.39
0.561
0.843
0.594
0.623
1.168
2.037
1.972
1.334
1.718
2.557
3.511
3.279
2.859
2.822
2.246
2.275
1.587
1.104
0.803
0.74
0.63
0.513
0.566
0.432
0.658
1.117
0.874
0.663
1.504
1.98
1.841
1.293
1.637
2.545
3.335
3.024
2.87
2.83
2.173
2.172
1.507
1.026
0.749
0.687
0.584
0.478
0.527
0.407
0.61
1.108
0.833
0.617
1.418
1.809
1.683
1.211
1.516
2.329
3.92
3.319
2.786
2.864
2.052
2.063
1.425
0.952
0.696
0.64
0.547
0.451
0.495
0.391
0.577
1.136
0.868
0.604
1.335
1.662
1.56
1.128
1.41
2.15
3.904
3.418
3.116
2.716
1.925
1.959
1.391
0.914
0.689
0.606
0.528
0.435
0.505
0.374
0.54
1.105
0.809
0.592
1.233
1.522
1.453
1.632
2.023
2.422
3.953
3.312
2.917
2.559
1.809
1.862
1.359
0.933
0.801
0.582
0.503
0.419
0.486
0.37
0.518
1.05
0.753
0.565
1.149
1.404
1.448
1.671
1.883
2.211
3.622
3.367
3.027
2.656
1.771
1.771
1.344
0.876
0.758
0.558
0.485
0.41
0.471
0.368
0.499
1.006
0.716
0.568
1.135
1.978
2.152
2.172
2.015
2.28
3.51
3.081
2.838
2.55
1.761
1.691
1.287
0.836
0.713
0.525
0.455
0.388
0.441
0.348
0.466
1.074
0.731
0.573
1.119
2.077
2.116
2.501
2.413
2.872
3.667
3.115
2.782
2.599
1.888
1.605
1.217
0.8
0.68
0.531
0.431
0.371
0.416
0.332
0.489
1.004
0.673
0.531
1.072
2.474
2.398
2.66
2.847
3.159
3.839
3.116
2.765
2.534
1.806
1.554
1.152
0.765
0.648
0.514
0.426
0.37
0.406
0.323
0.53
0.96
0.623
0.498
1.095
2.255
2.211
2.409
2.582
2.971
4.092
3.026
2.56
2.525
1.933
1.739
1.195
0.716
0.609
0.482
0.401
0.349
0.384
0.311
0.509
1.006
0.66
1.018
1.318
2.263
2.458
2.833
2.763
2.769
3.76
2.831
2.41
2.451
1.824
1.648
1.15
0.73
0.678
0.599
0.516
0.47
0.511
0.368
0.588
1.036
0.742
1.068
1.502
2.285
2.266
2.596
2.52
2.555
3.425
2.785
2.399
2.313
1.778
1.596
1.132
0.749
0.794
0.598
0.529
0.474
0.508
0.38
0.585
0.962
0.77
1.028
1.403
2.1
2.178
2.892
2.327
2.65
3.182
2.566
2.226
2.174
1.745
2.067
1.104
0.705
0.744
0.569
0.515
0.493
0.501
0.383
0.567
0.969
0.728
0.956
1.293
1.921
2.136
2.641
2.133
2.609
3.267
2.38
2.076
2.061
1.692
1.942
1.045
0.68
0.715
0.557
0.495
0.474
0.481
0.374
0.545
0.953
0.699
0.881
1.22
1.75
2.036
2.407
2.11
2.774
3.201
2.245
1.987
2.006
1.659
1.831
1.049
0.657
0.676
0.526
0.466
0.454
0.462
0.36
0.512
0.88
0.696
1.503
1.469
1.755
2.047
2.279
2.088
2.57
3.061
2.349
1.897
1.97
1.618
1.769
1.028
0.669
0.651
0.516
0.463
0.451
0.445
0.353
0.492
0.916
0.666
1.431
1.598
1.638
1.875
2.254
1.948
2.396
3.116
2.393
1.832
1.892
1.905
1.851
0.965
0.644
0.62
0.495
0.442
0.427
0.422
0.339
0.463
0.91
0.828
1.352
1.504
1.531
1.744
2.134
1.796
2.208
2.841
2.5
1.802
1.791
1.815
1.774
1.052
0.671
0.63
0.497
0.437
0.422
0.415
0.338
0.451
0.947
0.784
1.28
1.402
1.591
1.619
1.957
1.937
2.385
2.698
2.335
2.01
1.902
1.934
1.917
1.09
0.656
0.615
0.769
0.794
0.478
0.442
0.382
0.455
0.989
1.112
1.206
1.317
1.478
1.66
1.937
2.023
2.38
2.468
2.146
1.919
1.989
2.065
2.177
1.198
0.715
0.593
0.717
0.733
0.45
0.416
0.361
0.427
0.967
1.019
1.104
1.234
1.546
1.547
1.781
1.862
2.437
3.233
2.348
2.344
1.977
1.983
2.11
1.344
0.968
0.632
0.67
0.687
0.431
0.401
0.349
0.405
0.972
0.972
1.042
1.508
1.522
1.514
1.663
1.819
2.574
3.253
2.422
2.398
2.276
1.971
2.01
1.26
0.914
0.609
0.626
0.659
0.406
0.378
0.332
0.384
0.934
0.896
0.96
1.406
1.434
1.421
1.734
1.99
2.642
3.14
2.504
2.637
2.547
1.908
1.893
1.193
0.85
0.569
0.584
0.614
0.393
0.369
0.327
0.417
0.893
0.827
0.885
1.302
1.386
1.365
1.583
1.948
2.432
3.129
2.436
2.468
2.385
1.826
1.819
1.146
0.811
0.548
0.573
0.585
0.386
0.365
0.328
0.424
0.838
0.773
0.825
1.201
1.341
1.458
1.472
1.997
2.452
3.144
2.335
2.298
2.21
1.73
1.71
1.099
0.787
0.522
0.544
0.566
0.389
0.37
0.337
0.449
0.791
0.75
0.852
1.654
1.592
1.636
1.91
2.081
2.432
3.069
2.156
2.339
2.305
1.869
1.888
1.187
0.786
0.526
0.538
0.547
0.389
0.371
0.354
0.423
0.87
0.709
1.34
1.758
1.457
1.537
1.978
2.254
2.368
3.307
2.021
2.167
2.178
1.81
1.85
1.228
0.749
0.512
0.509
0.517
0.368
0.353
0.337
0.444
0.801
0.66
1.262
1.673
1.904
1.63
1.853
2.15
2.699
3.209
1.899
2.056
2.049
1.706
1.981
1.271
0.709
0.493
0.486
0.493
0.359
0.336
0.321
0.46
0.788
0.705
1.173
1.693
2.077
1.806
1.891
2.501
2.602
2.96
2.167
2.163
1.976
1.618
1.835
1.176
0.671
0.476
0.472
0.472
0.351
0.331
0.34
0.656
0.729
0.668
1.138
1.769
1.941
1.949
2.289
2.738
2.901
2.937
2.015
2.03
1.87
1.526
1.715
1.098
0.651
0.468
0.463
0.464
0.356
0.339
0.397
0.763
0.764
0.815
1.274
2.004
2.174
1.797
2.119
2.506
3.064
2.823
1.893
1.986
1.997
1.715
2.011
1.368
0.629
0.461
0.448
0.442
0.349
0.336
0.44
0.714
0.708
0.798
1.176
1.848
2.059
1.822
1.956
2.497
3.485
3.343
1.917
1.873
1.88
1.595
1.857
1.275
0.598
0.443
0.432
0.447
0.342
0.329
0.465
0.661
0.66
0.757
1.118
2.201
2.451
1.778
2.0
2.38
3.549
3.163
1.948
1.878
1.986
1.628
2.027
1.181
0.571
0.427
0.416
0.43
0.343
0.331
0.453
0.629
0.65
0.707
1.031
2.348
2.247
1.635
1.822
2.164
3.218
2.899
1.803
1.766
1.943
1.535
1.882
1.115
0.552
0.424
0.413
0.419
0.351
0.38
0.462
0.622
0.613
0.662
0.966
2.155
2.071
1.513
1.671
2.238
3.484
3.025
1.711
1.695
1.829
1.455
1.798
1.082
0.575
0.453
0.423
0.4
0.339
0.364
0.438
0.626
0.577
0.619
0.891
2.096
2.75
1.654
2.058
2.356
3.807
2.909
1.849
1.684
1.8
1.511
1.785
1.172
0.586
0.455
0.427
0.405
0.343
0.362
0.445
0.697
0.557
0.605
0.833
2.018
2.854
2.172
2.953
2.584
4.207
3.219
1.89
1.921
1.904
1.532
1.674
1.091
0.563
0.443
0.413
0.393
0.336
0.348
0.444
0.667
0.521
0.706
1.029
2.386
2.823
2.244
2.955
2.707
4.701
3.587
1.973
2.019
1.875
1.466
1.584
1.024
0.555
0.431
0.404
0.386
0.34
0.352
0.486
0.624
0.489
0.656
0.947
2.191
2.586
2.392
2.928
2.604
4.84
3.477
1.82
1.901
1.748
1.404
1.497
1.029
0.573
0.463
0.48
0.803
0.543
0.375
0.517
0.592
0.478
0.612
0.873
2.129
2.394
2.672
3.508
2.905
5.115
3.572
1.82
1.982
1.884
1.568
1.657
1.18
0.558
0.455
0.47
0.761
0.567
0.393
0.517
0.589
0.461
0.593
1.366
2.545
2.518
2.652
3.216
2.666
4.931
3.308
1.677
1.865
1.82
1.498
1.592
1.106
0.53
0.44
0.45
0.704
0.534
0.379
0.486
0.62
0.434
0.552
1.273
2.369
2.322
2.409
2.923
2.435
4.734
3.835
1.805
1.805
1.93
1.509
1.923
1.184
0.564
0.511
0.503
0.74
0.581
0.46
0.563
0.677
0.529
0.536
1.618
2.791
2.708
2.645
3.043
2.884
4.673
3.659
1.671
1.668
1.823
1.433
1.798
1.1
0.541
0.492
0.485
0.698
0.554
0.479
0.546
0.636
0.495
0.499
1.636
2.599
2.526
2.549
2.909
3.448
4.579
3.501
1.675
1.671
2.28
1.498
1.692
1.026
0.521
0.474
0.467
0.653
0.52
0.485
0.541
0.61
0.464
0.468
1.515
2.449
2.624
2.696
2.815
3.482
4.173
3.317
2.081
1.685
2.267
1.502
1.721
1.037
0.554
0.548
0.565
0.655
0.573
0.585
0.642
0.717
0.541
0.492
1.472
2.748
2.849
2.755
3.072
3.693
4.397
3.238
1.977
1.631
2.136
1.86
1.802
1.186
0.7
0.654
0.572
0.622
0.546
0.59
0.618
0.677
0.518
0.495
1.377
2.527
2.643
2.813
2.887
4.109
4.646
3.109
1.828
1.804
2.537
1.987
1.934
1.255
0.666
0.622
0.55
0.626
0.624
0.611
0.638
0.636
0.513
0.482
1.291
2.391
2.962
2.907
2.691
3.893
4.362
2.916
1.715
1.759
2.598
1.97
1.842
1.254
0.736
0.677
0.62
0.629
0.673
0.7
0.711
0.84
0.565
0.559
1.264
2.224
2.685
2.831
2.586
3.706
4.333
2.715
1.609
1.635
2.464
1.845
1.842
1.172
0.703
0.649
0.592
0.588
0.626
0.65
0.655
0.822
0.553
0.767
1.709
2.147
2.691
2.566
2.385
3.415
4.516
2.54
1.488
1.557
2.44
1.75
1.711
1.088
0.666
0.614
0.564
0.563
0.592
0.604
0.606
0.811
0.513
0.744
1.57
2.055
2.856
2.461
2.248
3.6
4.517
2.537
1.603
1.662
2.503
1.987
1.69
1.028
0.637
0.582
0.536
0.536
0.56
0.562
0.564
0.798
0.479
0.686
1.447
1.954
2.694
2.395
2.263
3.718
4.486
2.839
1.675
1.63
2.543
2.17
1.851
0.998
0.634
0.576
0.534
0.529
0.547
0.551
0.62
0.874
0.474
0.659
1.342
1.888
2.568
2.21
2.283
3.464
4.152
3.524
1.959
1.519
2.436
2.27
1.974
0.981
0.608
0.587
0.515
0.509
0.525
0.528
0.59
0.829
0.475
0.652
1.252
1.764
2.415
2.05
2.155
3.218
4.171
3.267
1.888
1.512
2.317
2.191
1.87
0.985
0.655
0.6
0.531
0.56
0.54
0.561
0.633
0.847
0.524
0.684
1.243
1.761
2.812
2.007
2.07
3.453
4.403
3.298
1.847
1.537
2.3
2.214
2.346
1.141
0.689
0.637
0.571
0.598
0.585
0.571
0.658
0.841
0.535
0.676
1.203
1.671
2.641
1.958
1.946
3.187
4.214
3.352
1.723
1.46
2.164
2.093
2.616
1.365
0.686
0.629
0.562
0.596
0.573
0.573
0.639
0.854
0.529
0.696
1.158
1.765
2.541
1.866
2.508
3.446
4.43
3.146
1.701
1.604
2.236
2.348
2.655
1.285
0.67
0.586
0.524
0.561
0.539
0.532
0.596
0.823
0.511
0.646
1.094
1.895
2.495
1.93
2.598
3.484
5.083
3.48
1.988
1.73
2.205
2.259
2.445
1.213
0.645
0.559
0.496
0.538
0.515
0.499
0.565
0.795
0.532
0.683
1.076
1.762
2.307
2.048
2.577
3.912
5.199
3.876
2.639
2.216
2.123
2.19
2.377
1.233
0.712
0.55
0.482
0.514
0.485
0.471
0.531
0.769
0.523
0.636
1.034
1.979
2.752
2.096
2.508
4.259
5.248
3.585
2.407
2.026
1.943
1.992
2.157
1.131
0.663
0.517
0.452
0.482
0.458
0.446
0.496
0.711
0.493
0.595
0.953
1.804
2.5
1.91
2.667
4.453
5.118
3.343
2.435
2.093
2.032
1.985
2.03
1.097
0.665
0.53
0.469
0.497
0.469
0.454
0.497
0.685
0.484
0.575
0.961
1.696
2.311
1.782
2.438
4.045
4.977
3.454
2.428
2.008
2.045
1.91
1.991
1.158
0.797
0.658
0.577
0.582
0.566
0.565
0.572
0.647
0.467
0.549
0.896
1.621
2.616
2.224
2.789
3.969
4.625
3.552
2.537
2.106
2.138
2.024
2.089
1.319
0.974
0.841
0.769
0.775
0.775
0.753
0.758
0.882
0.458
0.596
0.83
1.486
2.383
2.08
2.701
3.792
4.594
3.648
2.769
2.099
2.043
2.279
2.708
1.331
0.97
0.886
0.819
0.794
0.811
0.799
0.809
1.113
0.519
0.657
1.325
1.92
2.53
2.063
2.784
4.246
4.606
3.674
2.915
2.226
2.205
2.389
2.764
1.495
1.168
1.092
1.016
0.982
0.998
0.988
1.0
1.155
0.518
0.629
1.228
1.778
2.302
1.88
2.536
3.993
4.498
3.58
2.656
2.162
2.196
2.239
2.567
1.395
1.086
1.016
0.944
0.912
0.924
0.907
0.961
1.114
0.487
0.588
1.125
1.636
2.302
1.716
2.312
4.25
4.751
3.536
2.698
2.221
2.269
2.345
2.581
1.379
1.073
1.064
0.928
0.891
0.899
0.867
0.909
1.047
0.482
0.601
1.058
1.555
2.126
1.582
2.123
4.542
5.083
3.254
2.49
2.056
2.099
2.179
2.41
1.344
1.009
0.997
0.872
0.864
0.853
0.819
0.859
0.983
0.509
0.592
1.031
1.977
2.512
1.836
2.159
4.369
4.687
3.052
2.333
1.938
2.048
2.204
2.462
1.28
1.001
0.969
0.836
0.825
0.836
0.815
0.836
0.936
0.478
0.554
1.357
2.331
2.375
1.772
2.247
4.34
4.566
2.788
2.157
1.785
1.926
2.057
2.281
1.186
0.933
0.906
0.793
0.775
0.783
0.805
0.783
0.892
0.461
0.529
1.253
2.129
2.547
2.573
2.971
4.238
4.563
2.676
2.247
1.762
1.961
2.147
2.158
1.095
0.867
0.844
0.733
0.718
0.722
0.741
0.772
0.861
0.432
0.494
1.144
2.087
2.717
2.613
3.002
4.691
4.252
2.484
2.157
1.633
1.857
2.01
2.055
1.055
0.822
0.8
0.697
0.684
0.691
0.708
0.714
0.841
0.438
0.461
1.047
1.976
2.471
2.394
2.782
4.537
4.272
2.309
2.042
1.557
1.774
1.948
1.891
0.99
0.775
0.749
0.656
0.639
0.642
0.702
0.659
0.816
0.412
0.434
0.961
1.797
2.244
2.525
2.561
4.264
4.408
2.701
2.438
1.918
1.691
1.812
1.805
0.962
0.759
0.731
0.663
0.627
0.624
0.679
0.641
0.782
0.618
0.476
0.905
1.659
2.161
2.339
2.645
3.885
4.028
2.475
2.228
1.759
1.545
1.701
1.707
0.92
0.735
0.689
0.62
0.589
0.584
0.632
0.598
0.752
0.577
0.574
1.639
1.885
2.112
2.337
2.646
3.637
3.863
3.052
2.154
1.74
1.708
2.078
1.584
0.87
0.694
0.652
0.587
0.558
0.554
0.597
0.577
0.719
0.576
0.558
1.541
1.891
2.114
2.292
2.485
3.422
3.74
2.873
1.973
1.622
1.595
1.955
1.469
0.825
0.666
0.625
0.56
0.534
0.533
0.62
0.551
0.698
0.54
0.522
1.41
2.11
2.124
2.18
2.271
3.123
3.406
3.185
2.344
1.705
1.841
1.887
1.399
0.796
0.64
0.592
0.533
0.511
0.502
0.578
0.543
0.672
0.504
0.488
1.289
1.944
1.937
2.117
2.083
3.154
3.36
3.117
2.154
1.577
1.739
1.813
1.315
0.749
0.608
0.589
0.516
0.496
0.487
0.555
0.537
0.651
0.471
0.457
1.179
1.85
2.073
2.24
1.944
2.981
3.359
2.977
1.986
1.474
1.637
1.719
1.255
0.72
0.587
0.563
0.498
0.48
0.46
0.545
0.512
0.622
0.445
0.433
1.221
2.219
2.585
2.517
2.134
3.043
3.371
2.85
1.988
1.643
1.626
1.654
1.276
0.733
0.616
0.556
0.478
0.453
0.434
0.51
0.566
1.224
0.793
0.611
1.239
2.372
2.545
2.624
2.589
2.992
3.269
2.808
2.112
1.775
1.759
1.8
1.468
0.979
0.712
0.539
0.488
0.495
0.449
0.509
0.562
1.153
0.826
0.618
1.166
2.183
2.39
2.393
2.364
2.723
2.995
2.745
1.978
1.8
1.944
1.787
1.64
0.935
0.677
0.522
0.472
0.475
0.436
0.491
0.569
1.084
0.761
0.574
1.2
1.986
2.173
2.564
2.831
3.211
3.202
2.583
1.837
1.863
2.121
1.971
1.857
0.942
0.64
0.499
0.456
0.449
0.412
0.488
0.571
1.088
0.723
0.552
1.153
1.853
2.001
2.717
3.522
3.415
3.067
2.484
1.892
1.899
1.951
1.841
1.745
0.881
0.604
0.476
0.431
0.429
0.395
0.455
0.537
1.159
1.003
0.564
1.484
2.357
2.02
2.603
3.262
3.287
3.729
2.473
1.813
1.899
1.906
1.863
1.668
0.834
0.578
0.457
0.419
0.418
0.369
0.427
0.545
1.087
0.917
0.525
1.354
2.139
2.106
2.677
3.26
3.485
3.917
2.961
1.818
1.95
2.017
1.81
1.786
0.81
0.595
0.448
0.399
0.394
0.351
0.407
0.557
1.003
0.846
0.489
1.254
1.946
1.997
2.531
2.986
3.25
3.789
2.785
1.698
1.836
1.877
1.724
1.889
0.845
0.571
0.436
0.39
0.383
0.345
0.396
0.527
0.945
0.791
0.499
1.162
1.815
1.817
2.296
2.743
3.865
3.954
2.966
1.913
1.894
2.022
1.759
1.956
0.843
0.571
0.448
0.404
0.392
0.358
0.404
0.523
0.9
0.76
0.53
1.079
1.828
1.697
2.389
2.858
3.62
4.105
3.105
2.04
2.018
2.181
1.736
1.825
0.803
0.558
0.452
0.399
0.38
0.348
0.407
0.519
0.862
0.7
0.496
0.994
1.83
1.603
2.189
2.912
3.812
3.975
3.28
2.436
2.162
2.32
1.826
1.981
0.845
0.583
0.434
0.391
0.36
0.331
0.407
0.494
0.827
0.681
0.463
0.963
1.687
1.48
2.037
3.096
3.669
3.849
3.214
2.493
2.229
2.453
2.115
1.912
0.919
0.62
0.521
0.415
0.401
0.362
0.439
0.591
0.985
0.644
0.448
0.899
1.58
1.56
2.211
3.016
3.521
3.833
3.4
2.613
2.338
2.474
2.256
2.017
0.945
0.675
0.567
0.466
0.398
0.355
0.422
0.575
0.912
0.599
0.422
1.059
2.075
1.568
2.284
3.153
3.373
3.531
3.344
2.426
2.158
2.306
2.17
1.947
0.918
0.66
0.586
0.495
0.434
0.378
0.398
0.576
1.183
0.762
0.422
0.978
1.934
1.455
2.093
3.116
3.408
3.608
3.063
2.228
2.031
2.153
2.041
1.847
0.908
0.655
0.618
0.517
0.444
0.392
0.404
0.566
1.129
1.012
1.098
1.241
1.859
1.604
2.121
3.102
3.445
3.33
2.829
2.069
1.87
2.04
1.924
1.748
0.855
0.625
0.627
0.524
0.44
0.388
0.397
0.544
1.049
0.943
1.02
1.159
2.029
1.568
1.942
3.349
3.498
3.21
3.034
2.106
1.798
2.017
1.926
1.713
0.904
0.631
0.618
0.522
0.444
0.395
0.404
0.537
0.991
0.894
0.989
1.107
1.92
1.476
2.234
3.735
3.514
3.285
3.319
2.383
1.946
2.004
1.88
1.759
1.02
0.703
0.769
0.663
0.619
0.543
0.556
0.643
1.119
0.871
0.987
1.084
1.964
1.415
2.227
3.484
3.28
3.644
3.048
2.412
2.019
1.879
1.803
1.663
0.991
0.696
0.754
0.642
0.591
0.511
0.556
0.601
1.087
0.812
0.917
1.155
2.354
1.739
2.206
3.327
3.466
3.99
3.379
2.368
2.104
1.909
1.711
1.561
0.922
0.648
0.699
0.605
0.557
0.482
0.565
0.56
1.034
0.748
0.843
1.078
2.136
2.067
2.452
3.363
3.68
3.863
3.315
2.617
2.427
2.029
1.785
1.448
0.906
0.645
0.67
0.575
0.53
0.461
0.537
0.574
0.988
0.691
0.778
1.117
2.06
1.89
2.254
3.204
3.698
3.747
3.136
2.429
2.221
1.875
1.68
1.399
0.931
0.621
0.634
0.549
0.507
0.443
0.512
0.577
0.924
0.65
1.008
1.045
1.892
1.741
2.073
2.922
3.367
3.414
3.663
3.046
2.283
1.976
1.747
1.335
0.884
0.591
0.602
0.525
0.487
0.429
0.49
0.548
1.158
1.186
1.147
1.242
2.164
1.689
2.084
3.451
3.613
3.225
3.651
2.946
2.12
1.84
1.61
1.254
0.833
0.572
0.57
0.499
0.477
0.403
0.461
0.514
1.071
1.084
1.048
1.148
2.048
1.59
2.011
3.133
3.274
3.241
3.741
3.544
2.414
1.817
1.622
1.198
0.81
0.563
0.559
0.499
0.482
0.421
0.504
0.517
0.991
0.997
0.965
1.084
1.899
1.571
1.932
3.226
3.366
2.978
3.434
3.233
2.242
1.717
1.691
1.177
0.815
0.538
0.53
0.474
0.454
0.402
0.477
0.505
0.927
0.922
0.89
1.097
1.73
1.435
1.774
2.946
3.518
2.963
3.42
3.178
2.312
1.786
1.653
1.685
0.881
0.508
0.501
0.446
0.428
0.379
0.482
0.597
1.494
1.434
1.018
1.109
1.986
1.48
1.806
2.719
3.243
2.912
3.225
2.89
2.129
1.687
1.569
1.593
0.875
0.543
0.483
0.481
0.424
0.474
0.512
0.82
1.443
1.333
0.945
1.02
1.809
1.401
1.699
2.513
3.037
3.244
3.328
2.905
2.018
1.643
1.607
1.53
0.873
0.567
0.499
0.469
0.415
0.459
0.494
0.771
1.332
1.239
0.92
1.078
2.268
1.876
1.78
2.523
2.774
2.985
3.275
2.743
1.857
1.534
1.553
1.484
0.855
0.576
0.544
0.506
0.42
0.437
0.462
0.712
1.218
1.135
0.889
1.036
2.391
1.886
1.692
2.871
2.698
2.739
3.003
2.52
1.895
2.003
1.981
1.693
0.855
0.583
0.535
0.482
0.404
0.417
0.44
0.727
1.133
1.044
0.855
1.179
2.488
2.377
2.285
2.886
2.924
2.625
2.781
2.319
1.742
1.855
1.859
1.684
1.353
0.654
0.608
0.529
0.478
0.45
0.518
0.825
1.506
1.115
0.892
1.329
2.371
2.323
2.284
3.271
3.204
2.538
2.756
2.193
1.813
1.84
1.763
1.637
1.319
0.634
0.575
0.498
0.451
0.424
0.485
0.805
1.594
1.04
0.835
1.227
2.269
2.328
2.252
3.112
3.095
2.711
2.684
2.292
1.927
2.015
1.925
1.896
1.361
0.698
0.619
0.509
0.461
0.43
0.486
0.779
1.532
0.984
0.828
1.126
2.088
2.147
2.05
2.917
3.206
2.517
2.472
2.108
1.776
1.856
1.786
1.795
1.286
0.702
0.664
0.58
0.525
0.492
0.534
0.766
1.472
0.93
0.79
1.058
1.918
2.068
1.937
2.698
3.302
2.469
2.257
1.98
1.642
1.72
1.687
1.707
1.237
0.701
0.667
0.569
0.519
0.487
0.516
0.722
1.353
0.895
0.756
1.027
1.773
2.504
2.087
2.503
3.173
2.39
2.609
2.25
2.051
1.687
1.702
1.834
1.357
0.726
0.759
0.629
0.586
0.62
0.545
0.806
1.309
0.904
0.714
0.965
1.661
2.694
2.108
2.655
2.915
2.208
2.569
2.525
2.033
1.822
1.653
1.727
1.269
0.697
0.716
0.596
0.551
0.58
0.516
0.753
1.306
0.863
0.668
0.904
1.729
2.545
2.458
3.077
3.045
2.855
2.705
2.382
2.031
1.81
1.912
1.752
1.266
0.797
0.751
0.665
0.629
0.601
0.584
0.811
1.333
1.04
0.716
0.933
1.906
2.773
2.36
2.879
2.986
2.746
2.861
2.461
1.946
2.005
1.81
1.675
1.222
0.755
0.721
0.631
0.598
0.572
0.558
0.764
1.908
1.713
0.795
0.939
2.005
2.672
2.32
3.139
3.03
2.73
2.795
2.311
1.801
1.875
1.729
1.581
1.161
0.718
0.679
0.593
0.564
0.537
0.624
1.333
2.033
1.59
0.74
0.889
1.874
2.683
2.122
2.861
2.784
2.595
3.22
2.806
2.19
1.953
1.674
1.574
1.134
0.714
0.674
0.584
0.557
0.523
0.63
1.239
1.873
1.465
0.714
0.905
1.807
2.473
1.973
2.646
2.546
2.429
3.238
2.68
2.041
1.819
1.571
1.503
1.078
0.68
0.64
0.554
0.529
0.498
0.59
1.177
1.705
1.337
0.69
0.882
1.674
2.742
2.403
2.588
2.414
2.445
3.205
2.578
2.351
1.798
1.489
1.427
1.036
0.672
0.626
0.566
0.525
0.502
0.567
1.097
1.565
1.256
1.009
1.19
1.813
2.659
2.232
2.41
2.204
2.379
3.361
2.631
2.376
1.891
1.773
1.367
0.998
0.634
0.581
0.531
0.498
0.485
0.528
1.052
1.434
1.151
0.929
1.667
1.759
2.431
2.261
2.216
2.053
2.246
3.375
2.736
2.585
2.101
1.825
1.632
1.003
0.64
0.565
0.498
0.469
0.461
0.495
0.966
1.46
1.584
1.071
1.661
1.864
2.273
2.176
2.144
1.995
2.253
3.312
2.661
2.376
1.949
1.805
1.551
1.021
0.655
0.617
0.629
0.517
0.493
0.464
0.925
1.338
1.446
0.984
1.684
1.968
2.107
2.038
1.971
1.858
2.077
3.021
2.451
2.384
1.804
1.708
1.5
0.974
0.612
0.576
0.582
0.483
0.464
0.493
0.892
1.262
1.344
1.116
1.688
1.828
1.941
1.88
1.821
1.725
2.063
3.013
2.46
2.432
1.911
1.868
1.712
1.477
0.933
0.623
0.552
0.457
0.44
0.467
0.924
1.191
1.287
1.036
1.567
1.684
1.777
1.779
1.679
2.118
2.662
3.209
2.404
2.277
1.901
1.754
1.626
1.415
0.911
0.634
0.566
0.483
0.466
0.489
1.335
1.234
1.436
1.43
1.735
1.865
1.676
1.653
1.562
1.971
2.554
3.108
2.2
2.084
1.752
1.623
1.524
1.312
0.877
0.628
0.561
0.485
0.468
0.486
1.251
1.18
1.806
1.643
1.717
1.731
1.547
1.526
1.487
2.328
2.645
2.93
2.109
1.965
1.704
1.613
1.459
1.268
0.852
0.625
0.551
0.472
0.458
0.47
1.18
1.103
1.654
1.508
1.596
1.6
1.961
1.765
1.404
2.189
2.472
3.073
2.089
1.821
1.592
1.518
1.387
1.196
0.812
0.606
0.538
0.467
0.456
0.469
1.106
1.084
1.542
1.401
1.477
1.534
1.836
1.818
1.625
2.435
2.879
3.109
1.994
1.767
2.044
1.804
1.546
1.211
0.781
0.592
0.524
0.462
0.456
0.463
1.032
1.007
1.513
1.302
1.36
1.68
2.23
1.81
1.656
2.432
2.911
2.876
1.839
1.655
1.936
1.703
1.467
1.147
0.746
0.57
0.507
0.447
0.44
0.444
0.956
0.96
1.376
1.188
1.251
1.543
2.582
2.433
1.695
2.693
3.738
3.138
1.895
1.687
1.865
1.665
1.42
1.11
0.743
0.586
0.536
0.484
0.441
0.436
0.903
0.904
1.277
1.661
1.43
1.52
2.456
2.255
1.607
2.489
3.429
2.949
1.868
1.598
1.761
1.62
1.345
1.061
0.744
0.581
0.537
0.491
0.441
0.425
0.851
0.852
1.185
1.529
1.348
1.586
2.363
2.616
1.812
2.703
3.218
2.695
1.712
1.476
1.61
1.486
1.278
0.998
0.756
0.724
0.552
0.477
0.415
0.402
0.789
0.825
1.086
1.396
1.236
1.45
2.368
3.163
2.378
2.835
3.494
2.644
1.663
1.446
1.823
1.564
1.199
0.966
0.716
0.676
0.526
0.459
0.405
0.388
0.735
0.824
0.998
1.276
1.199
1.841
2.382
2.904
2.201
2.665
3.2
3.053
1.792
1.574
1.941
1.787
1.237
0.901
0.677
0.643
0.507
0.433
0.381
0.365
0.68
0.818
0.982
1.188
1.142
2.171
2.807
2.873
2.119
2.572
3.118
3.431
1.952
1.735
1.85
1.69
1.221
0.875
0.634
0.597
0.476
0.412
0.364
0.348
0.631
0.809
0.934
1.104
1.181
2.069
2.592
2.931
1.953
2.929
2.984
3.402
2.353
1.656
1.766
1.593
1.166
0.877
0.603
0.57
0.461
0.396
0.35
0.334
0.622
0.748
0.861
1.013
1.186
1.93
2.573
2.662
1.776
2.687
2.717
3.449
2.787
1.89
1.747
1.551
1.311
0.873
0.66
0.563
0.453
0.377
0.383
0.337
0.866
0.998
1.361
1.278
1.195
1.846
2.454
2.558
1.768
2.751
3.033
3.46
2.753
1.956
1.826
1.644
1.43
1.04
0.845
0.756
0.657
0.587
0.592
0.558
1.031
1.144
1.475
1.399
1.323
1.985
2.458
2.556
1.85
2.726
2.983
3.368
2.716
2.011
1.896
1.725
1.536
1.185
1.001
0.932
0.844
0.775
0.788
0.756
1.17
1.284
1.581
1.502
1.444
2.033
2.489
2.822
2.028
2.7
2.938
3.284
2.618
1.911
1.937
1.681
1.472
1.108
0.943
0.874
0.785
0.718
0.732
0.706
1.127
1.187
1.457
1.376
1.595
2.448
2.854
2.685
1.977
2.972
2.98
3.037
2.878
2.203
2.034
1.84
1.385
1.045
0.877
0.816
0.737
0.675
0.691
0.676
1.062
1.119
1.356
1.279
1.603
2.278
2.942
2.683
2.084
3.043
2.728
2.788
2.636
2.026
1.907
1.729
1.343
0.984
0.818
0.776
0.688
0.634
0.646
0.628
1.028
1.043
1.247
1.183
1.889
2.362
2.7
2.497
2.188
3.326
2.908
2.715
2.448
2.636
2.035
1.772
1.361
0.957
0.796
0.738
0.674
0.599
0.607
0.595
0.981
0.963
1.562
1.671
1.942
2.256
2.574
2.389
2.05
3.104
2.734
2.534
2.317
2.418
1.88
1.664
1.382
0.909
0.757
0.714
0.645
0.575
0.581
0.601
0.918
0.919
1.433
1.554
2.189
2.411
2.483
2.251
1.887
2.895
2.778
2.349
2.16
2.223
1.75
1.571
1.317
0.908
0.736
0.672
0.604
0.551
0.557
0.598
0.939
0.875
1.336
1.43
2.027
2.255
2.261
2.056
1.73
2.818
2.64
2.546
2.074
2.077
1.638
1.503
1.271
0.907
0.739
0.668
0.613
0.542
0.576
0.587
0.896
0.853
1.238
1.31
1.995
2.967
2.276
1.878
1.576
2.567
2.403
2.317
1.953
2.316
1.639
1.504
1.336
0.944
0.741
0.664
0.589
0.526
0.557
0.559
0.864
1.214
1.454
1.356
1.959
2.97
2.619
1.806
1.545
2.403
2.262
2.597
1.928
2.182
1.768
1.669
1.54
0.977
0.728
0.643
0.573
0.514
0.548
0.551
0.816
1.166
1.355
1.265
1.843
2.727
2.408
1.79
1.698
2.231
2.102
2.388
1.797
2.161
2.203
2.098
1.553
0.934
0.686
0.59
0.539
0.483
0.51
0.518
0.778
1.071
1.239
1.153
1.719
2.469
2.303
1.653
2.295
2.771
2.381
2.782
1.762
2.005
2.433
2.056
1.492
0.883
0.655
0.569
0.518
0.465
0.498
0.503
0.732
1.031
1.142
1.1
1.645
2.3
2.434
2.049
2.663
2.901
2.417
2.66
1.686
1.944
2.353
2.03
1.412
0.817
0.614
0.536
0.486
0.444
0.461
0.472
0.678
0.994
1.045
1.032
1.51
2.112
2.798
2.307
2.728
2.942
2.667
2.654
1.562
1.834
2.185
1.911
1.432
0.802
0.601
0.518
0.468
0.428
0.445
0.456
0.652
0.953
0.998
0.979
1.394
2.149
3.148
2.671
2.911
2.879
2.879
2.78
1.605
1.92
2.248
1.871
1.351
0.789
0.58
0.505
0.447
0.42
0.42
0.437
0.609
0.879
0.954
0.983
1.303
2.122
3.427
2.938
3.072
3.034
3.0
2.824
1.932
2.082
2.336
2.019
1.471
0.773
0.56
0.491
0.425
0.4
0.399
0.411
0.565
0.833
0.892
0.906
1.193
1.937
3.115
2.675
3.035
2.938
3.085
2.713
1.794
1.937
2.17
1.898
1.434
0.763
0.546
0.472
0.411
0.384
0.406
0.394
0.581
0.795
1.327
1.123
1.247
2.58
2.999
2.523
2.794
2.795
3.046
2.747
1.679
1.84
2.001
1.805
1.356
0.728
0.527
0.479
0.4
0.374
0.396
0.377
0.541
0.778
1.221
1.03
1.146
2.35
2.815
2.303
2.874
3.125
3.307
3.031
1.717
1.724
1.88
1.69
1.317
0.722
0.532
0.455
0.383
0.364
0.378
0.361
0.862
1.311
1.301
1.028
1.158
2.256
2.872
2.481
2.701
3.072
3.535
2.974
1.59
1.622
1.771
1.606
1.231
0.687
0.5
0.431
0.367
0.35
0.363
0.343
0.797
1.283
1.193
0.962
1.065
2.078
2.613
2.256
2.488
2.892
3.436
2.793
1.49
1.524
1.656
1.504
1.181
0.66
0.479
0.419
0.362
0.344
0.353
0.34
0.831
1.202
1.136
0.898
1.78
2.76
3.233
2.529
2.346
2.791
3.686
2.808
1.637
1.641
1.795
1.467
1.109
0.667
0.5
0.399
0.346
0.33
0.339
0.327
0.827
1.119
1.057
0.845
1.686
2.545
2.948
2.349
2.245
2.883
3.36
2.562
1.501
1.841
2.109
1.49
1.127
0.674
0.525
0.405
0.346
0.326
0.328
0.323
0.803
1.257
1.382
0.872
1.594
2.616
3.04
2.252
2.285
2.769
3.446
2.524
1.468
1.724
1.984
1.451
1.1
0.655
0.499
0.396
0.334
0.313
0.32
0.308
0.741
1.185
1.276
0.823
1.547
2.912
3.079
2.107
2.294
2.784
3.882
3.051
1.688
1.928
1.868
1.596
1.075
0.69
0.48
0.377
0.324
0.303
0.303
0.296
0.686
1.126
1.163
0.761
1.544
2.673
3.308
2.695
2.505
2.71
4.156
3.136
1.591
1.846
1.756
1.522
1.049
0.681
0.486
0.405
0.321
0.3
0.297
0.293
0.644
1.224
1.378
0.792
1.474
3.113
3.233
2.596
2.467
2.718
4.42
3.681
1.916
1.809
1.736
1.486
1.037
0.698
0.499
0.395
0.321
0.291
0.29
0.28
0.599
1.157
1.261
0.734
1.36
3.16
3.189
2.408
2.266
2.518
4.021
3.565
2.633
2.152
1.695
1.523
1.112
0.789
0.496
0.414
0.405
0.394
0.347
0.33
0.614
1.088
1.181
0.991
1.279
2.884
2.915
2.212
2.117
2.361
3.75
3.256
2.438
2.184
1.552
1.448
1.055
0.763
0.499
0.422
0.419
0.394
0.349
0.334
0.585
1.016
1.099
0.924
1.179
2.81
3.287
2.524
2.434
2.296
3.504
3.484
2.604
2.286
1.704
1.627
1.197
0.764
0.515
0.451
0.512
0.423
0.363
0.336
0.568
0.981
1.015
0.865
1.11
2.56
3.428
2.644
2.377
2.229
3.627
3.749
2.546
2.232
1.653
2.048
1.142
0.726
0.489
0.426
0.479
0.404
0.35
0.32
0.528
0.932
0.95
0.814
1.442
2.544
3.195
2.587
2.673
2.39
3.783
3.847
2.368
2.058
1.58
1.931
1.074
0.681
0.463
0.409
0.457
0.389
0.335
0.308
0.499
0.918
0.876
0.758
1.345
2.384
2.938
2.501
2.589
2.305
3.704
3.771
2.56
2.288
1.584
1.866
1.126
0.73
0.439
0.388
0.436
0.373
0.317
0.301
0.5
0.876
0.811
0.732
1.9
2.69
3.05
2.468
2.495
2.17
3.43
3.594
2.364
2.103
1.543
1.786
1.322
0.94
0.654
0.603
0.648
0.589
0.536
0.52
0.679
0.814
0.749
0.677
1.77
2.643
2.875
2.26
2.419
2.004
3.148
3.852
2.6
1.961
1.466
1.729
1.265
0.894
0.624
0.579
0.623
0.565
0.513
0.504
0.648
0.764
0.725
0.646
2.172
3.005
2.805
2.488
2.659
1.897
2.911
4.074
2.624
1.846
1.38
1.625
1.207
0.872
0.629
0.593
0.594
0.538
0.492
0.55
0.644
0.733
0.677
0.607
2.068
2.922
2.58
2.304
2.438
1.751
2.888
3.893
2.405
1.7
1.308
1.544
1.142
0.81
0.589
0.555
0.555
0.499
0.462
0.515
0.606
0.713
0.645
1.085
2.279
2.83
2.436
2.149
2.335
1.732
2.902
3.846
2.305
1.57
1.282
1.463
1.086
0.775
0.559
0.531
0.531
0.483
0.446
0.493
0.578
0.707
0.686
1.02
2.116
2.626
2.81
2.149
2.279
1.607
3.019
3.519
2.117
1.918
1.605
1.482
1.193
0.911
0.737
0.571
0.571
0.538
0.512
0.519
0.638
0.684
0.633
0.94
1.976
2.385
2.554
2.181
2.549
1.659
2.831
3.401
2.353
2.254
2.09
1.532
1.21
0.845
0.684
0.532
0.531
0.507
0.484
0.49
0.611
0.634
0.615
0.866
1.884
2.199
2.335
1.995
2.338
1.528
3.113
3.308
2.153
2.158
1.947
1.698
1.198
0.836
0.657
0.517
0.52
0.483
0.457
0.457
0.577
0.62
0.575
0.825
1.718
2.001
2.465
2.452
2.872
1.978
3.316
3.238
2.049
2.451
1.924
1.67
1.182
0.834
0.644
0.492
0.494
0.459
0.434
0.435
0.548
0.598
0.549
0.972
2.087
2.008
2.522
2.235
2.644
1.834
3.009
2.964
1.911
2.363
1.926
1.598
1.184
0.835
0.662
0.487
0.484
0.443
0.413
0.421
0.523
0.583
0.52
0.925
1.958
2.304
2.465
2.085
2.718
1.953
2.796
2.701
2.383
2.888
2.054
1.907
1.171
0.856
0.696
0.501
0.485
0.43
0.396
0.4
0.515
0.615
0.527
0.869
1.795
2.157
2.297
1.952
2.672
1.924
2.954
2.502
2.186
2.645
1.935
1.802
1.137
0.813
0.647
0.493
0.48
0.43
0.394
0.393
0.535
0.638
0.532
1.302
1.982
2.128
2.364
1.861
2.521
1.777
2.969
2.843
2.247
2.725
2.075
1.941
1.12
0.812
0.621
0.476
0.457
0.403
0.376
0.376
0.527
0.629
0.522
1.193
1.844
2.151
2.192
1.697
2.32
1.871
3.495
3.716
2.098
2.521
2.442
2.381
1.121
0.761
0.589
0.457
0.427
0.377
0.36
0.36
0.515
0.644
0.491
1.098
1.707
2.11
1.998
1.577
2.124
1.732
3.372
4.178
2.088
2.371
2.742
2.587
1.408
1.306
0.618
0.441
0.41
0.359
0.342
0.345
0.518
0.677
0.479
1.014
1.589
1.933
2.292
2.143
2.405
2.283
3.618
3.998
1.936
2.237
2.534
2.396
1.332
1.237
0.622
0.43
0.402
0.351
0.333
0.333
0.487
0.631
0.482
1.054
2.016
2.181
2.389
1.962
2.213
2.116
3.791
4.015
2.024
2.308
2.592
2.48
1.505
1.429
0.721
0.437
0.42
0.361
0.343
0.395
0.493
0.596
0.462
0.989
1.848
2.02
2.333
1.926
2.037
1.98
4.113
3.927
2.527
2.465
2.452
2.312
1.426
1.331
0.696
0.44
0.425
0.37
0.354
0.4
0.489
0.626
0.473
0.915
1.943
1.856
2.122
1.757
1.887
2.071
4.399
4.217
2.932
2.546
2.414
2.362
1.378
1.228
0.652
0.413
0.402
0.354
0.337
0.381
0.493
0.611
0.443
0.842
1.982
1.887
2.428
2.069
1.884
2.002
4.176
4.258
3.57
2.952
2.544
2.211
1.306
1.158
0.613
0.395
0.382
0.336
0.329
0.368
0.503
0.676
0.454
1.224
2.153
1.783
2.222
1.899
1.802
2.3
4.201
3.999
3.516
2.979
2.644
2.304
1.21
1.067
0.573
0.374
0.36
0.318
0.315
0.352
0.524
0.642
0.427
1.119
2.034
1.622
2.051
2.034
2.02
2.139
4.246
3.958
3.229
2.772
2.503
2.171
1.146
0.98
0.535
0.356
0.347
0.307
0.304
0.337
0.52
0.604
0.409
1.03
2.214
1.55
2.098
2.113
1.856
1.953
3.869
4.032
3.017
2.582
2.329
2.038
1.119
0.949
0.503
0.368
0.342
0.307
0.304
0.331
0.495
0.575
0.398
1.085
2.046
1.44
1.944
1.998
1.761
2.109
4.101
4.442
3.125
2.718
2.362
2.022
1.137
0.901
0.498
0.368
0.361
0.303
0.297
0.318
0.463
0.563
0.378
1.011
2.544
2.327
2.103
1.881
1.701
2.228
4.407
4.371
3.052
2.646
2.666
2.485
1.27
1.187
0.537
0.373
0.347
0.293
0.287
0.307
0.503
0.542
0.358
0.946
2.329
2.346
2.284
1.721
1.557
2.077
4.382
3.984
2.793
2.447
2.496
2.352
1.244
1.116
0.521
0.365
0.332
0.284
0.28
0.296
0.473
0.582
0.343
0.871
2.132
2.142
2.131
1.58
1.443
1.955
4.224
3.981
2.565
2.291
2.341
2.207
1.19
1.054
0.524
0.354
0.321
0.276
0.273
0.292
0.45
0.617
0.332
0.805
1.943
1.983
1.943
1.602
1.371
1.852
4.096
3.733
2.368
2.195
2.436
2.339
1.111
0.979
0.501
0.351
0.324
0.277
0.264
0.278
0.459
0.635
0.406
0.764
2.264
2.158
1.895
1.529
1.559
2.018
3.958
3.425
2.192
2.232
2.68
2.329
1.291
0.952
0.502
0.349
0.312
0.27
0.258
0.271
0.431
0.625
0.391
0.716
2.471
2.005
1.755
1.427
1.457
1.857
3.597
3.3
2.144
2.078
2.575
2.185
1.226
0.916
0.507
0.365
0.329
0.3
0.287
0.296
0.48
0.626
0.402
0.706
2.27
1.868
1.609
1.566
1.515
1.792
3.697
3.329
2.258
2.001
2.678
2.213
1.195
0.889
0.495
0.356
0.32
0.292
0.276
0.288
0.455
0.582
0.375
0.918
2.466
2.085
1.743
2.092
1.651
1.682
3.363
3.421
2.33
1.925
2.82
2.379
1.156
0.881
0.517
0.383
0.363
0.395
0.328
0.354
0.461
0.597
0.397
0.867
2.26
1.913
1.84
1.966
1.53
1.697
3.367
3.409
2.195
1.862
2.872
2.282
1.105
0.829
0.49
0.379
0.391
0.4
0.325
0.346
0.494
0.615
0.383
0.8
2.054
1.839
2.08
1.944
1.629
1.75
3.659
3.184
2.092
1.736
2.683
2.105
1.051
0.813
0.503
0.456
0.394
0.391
0.321
0.338
0.523
0.604
0.368
0.745
1.873
1.676
2.115
1.863
1.505
1.659
3.329
2.909
1.928
1.655
2.511
2.144
1.208
0.795
0.512
0.478
0.424
0.387
0.33
0.346
0.527
0.636
0.35
0.686
1.701
1.571
2.437
1.926
1.486
1.632
3.21
2.892
2.002
1.758
2.372
2.594
1.18
0.783
0.538
0.475
0.424
0.388
0.337
0.352
0.516
0.648
0.348
0.669
1.606
1.615
2.793
1.815
1.394
1.563
3.214
2.873
1.973
1.701
2.433
2.733
1.154
0.843
0.525
0.506
0.435
0.464
0.355
0.369
0.504
0.624
0.35
0.674
1.604
1.551
2.601
1.695
1.346
1.483
3.103
2.887
2.278
1.821
2.482
2.703
1.161
0.836
0.525
0.494
0.464
0.463
0.36
0.379
0.495
0.597
0.555
0.896
1.492
1.439
2.495
1.564
1.25
1.479
3.118
3.025
2.203
1.862
2.496
2.552
1.214
0.827
0.536
0.498
0.466
0.453
0.359
0.379
0.52
0.655
0.553
0.867
1.376
1.348
2.283
1.445
1.189
1.582
3.061
3.023
2.102
1.812
2.351
2.376
1.178
0.813
0.52
0.487
0.452
0.435
0.357
0.376
0.496
0.665
0.533
0.825
1.497
1.519
2.146
1.328
1.2
1.878
3.212
2.935
2.098
1.753
2.229
2.6
1.18
0.775
0.503
0.469
0.439
0.423
0.354
0.367
0.478
0.667
0.518
0.781
1.439
1.388
1.954
1.219
1.113
1.885
2.935
2.691
2.016
1.743
2.451
2.736
1.135
0.74
0.489
0.456
0.425
0.411
0.344
0.36
0.491
0.664
0.483
0.725
1.317
1.313
1.895
1.132
1.181
2.084
2.929
2.798
1.907
1.929
2.394
2.568
1.099
0.73
0.502
0.458
0.421
0.396
0.334
0.352
0.473
0.689
0.719
0.761
1.324
1.443
1.762
1.081
1.337
2.068
3.028
2.653
1.808
2.329
2.278
2.449
1.278
0.948
0.579
0.484
0.458
0.421
0.359
0.368
0.48
0.738
0.708
0.741
1.478
1.693
1.696
1.038
1.318
2.114
3.179
2.586
1.773
2.837
2.536
2.358
1.301
0.916
0.6
0.493
0.468
0.439
0.382
0.443
0.5
0.709
0.685
0.735
1.6
1.592
1.568
0.972
1.344
2.08
3.633
2.52
1.866
2.662
2.387
2.2
1.226
0.882
0.565
0.469
0.449
0.42
0.369
0.423
0.529
0.751
0.645
0.688
1.707
1.565
1.533
0.96
1.267
1.918
3.882
2.525
1.758
2.504
2.443
2.464
1.356
0.877
0.579
0.455
0.435
0.402
0.363
0.415
0.576
0.732
0.604
0.643
1.559
1.433
1.44
0.941
1.574
2.351
3.672
2.342
2.0
2.66
2.468
2.295
1.397
0.849
0.563
0.438
0.416
0.389
0.351
0.397
0.546
0.731
0.572
0.607
1.463
1.523
1.564
0.879
1.492
2.38
3.629
2.709
2.004
2.519
2.377
2.231
1.957
1.003
0.553
0.435
0.425
0.376
0.342
0.379
0.534
0.772
0.547
0.58
1.855
1.681
1.506
0.889
1.494
2.747
3.517
2.759
1.938
2.631
2.321
2.141
1.884
0.971
0.533
0.423
0.413
0.367
0.328
0.365
0.505
0.786
0.521
0.555
1.792
1.584
1.939
0.998
1.442
2.603
3.396
2.966
2.195
2.498
2.213
2.204
2.115
0.949
0.536
0.431
0.423
0.346
0.319
0.353
0.471
0.754
0.491
0.528
1.634
1.486
1.797
0.937
1.379
2.386
3.095
2.723
2.337
2.615
2.129
2.509
2.465
0.914
0.53
0.421
0.411
0.347
0.322
0.345
0.454
0.734
0.472
0.512
1.508
1.727
1.974
1.152
1.456
2.225
3.353
3.126
2.523
2.784
2.531
2.444
2.497
0.877
0.534
0.418
0.394
0.34
0.322
0.333
0.425
0.748
0.445
0.479
1.377
1.63
1.801
1.14
1.381
2.215
3.257
3.517
2.579
2.642
2.424
2.312
2.307
0.819
0.506
0.398
0.374
0.329
0.31
0.315
0.404
0.751
0.447
0.489
1.294
1.509
1.675
1.07
1.614
2.399
3.344
3.565
2.488
2.464
2.402
2.245
2.151
0.784
0.493
0.383
0.357
0.313
0.3
0.305
0.388
0.776
0.44
0.477
1.189
1.381
1.635
0.984
1.505
2.204
3.039
3.695
2.372
2.367
2.26
2.127
2.027
0.741
0.48
0.379
0.347
0.302
0.289
0.294
0.37
0.754
0.414
0.447
1.088
1.334
1.843
0.985
1.397
2.045
2.929
3.68
2.542
2.32
2.585
2.31
1.959
0.777
0.506
0.407
0.362
0.316
0.307
0.312
0.432
0.786
0.419
0.445
1.009
1.225
1.93
1.193
1.481
1.938
3.037
3.586
2.424
2.202
2.438
2.204
1.874
0.785
0.52
0.418
0.383
0.338
0.303
0.312
0.422
0.732
0.594
0.698
0.996
1.241
1.908
1.119
1.379
1.766
2.827
3.564
2.28
2.081
2.306
2.122
1.782
0.776
0.526
0.403
0.368
0.329
0.293
0.299
0.403
0.679
0.58
0.658
1.24
1.495
1.851
1.063
1.27
1.624
2.583
3.597
2.143
2.088
2.201
1.97
1.662
0.778
0.548
0.409
0.369
0.332
0.296
0.301
0.394
0.661
0.552
0.646
1.146
1.617
1.787
1.123
1.357
1.945
2.895
3.38
2.054
1.994
2.084
2.04
1.826
0.861
0.709
0.602
0.417
0.361
0.315
0.316
0.375
0.753
0.555
0.68
1.108
2.033
2.002
1.473
1.424
1.998
3.003
3.276
2.001
1.898
1.996
2.102
1.756
0.842
0.681
0.562
0.397
0.348
0.304
0.305
0.363
0.743
0.517
0.632
1.016
1.917
2.022
1.97
1.534
2.151
2.939
3.372
1.927
2.161
2.525
2.233
1.664
0.803
0.651
0.557
0.417
0.347
0.299
0.307
0.366
0.754
0.492
0.613
0.969
2.137
2.017
1.811
1.438
1.981
2.954
3.949
1.908
2.171
2.54
2.115
1.582
0.798
0.615
0.524
0.402
0.334
0.288
0.298
0.352
0.777
0.469
0.6
0.906
2.085
1.908
1.969
1.396
1.877
3.308
3.893
1.869
2.052
2.446
2.03
1.539
0.764
0.593
0.517
0.398
0.328
0.294
0.301
0.373
0.724
0.444
0.566
0.865
2.011
1.791
2.186
1.54
1.803
3.062
3.583
1.97
1.963
2.307
1.942
1.489
0.799
0.595
0.505
0.384
0.329
0.284
0.307
0.359
0.667
0.422
0.558
1.01
2.252
1.69
2.04
1.545
1.746
3.201
3.414
1.985
2.068
2.524
1.916
1.424
0.796
0.598
0.518
0.399
0.332
0.29
0.311
0.354
0.654
0.467
0.532
0.94
2.072
1.982
2.18
1.868
1.872
3.226
3.831
2.448
2.024
2.522
2.493
1.702
0.77
0.564
0.497
0.384
0.316
0.28
0.3
0.335
0.605
0.506
0.497
0.863
1.886
1.831
1.975
2.028
2.17
3.37
3.952
2.393
1.934
2.384
2.347
1.777
1.115
0.571
0.466
0.37
0.308
0.271
0.287
0.323
0.624
0.485
0.467
0.795
1.713
1.662
1.797
1.845
1.981
3.377
4.03
2.618
1.968
2.246
2.296
2.076
1.164
0.621
0.492
0.409
0.35
0.276
0.315
0.342
0.592
0.535
0.443
0.734
1.58
1.793
1.651
1.685
1.995
3.246
4.09
2.916
2.0
2.138
2.183
1.961
1.166
0.621
0.482
0.413
0.351
0.274
0.299
0.329
0.582
0.606
0.454
0.729
1.494
1.648
1.54
1.551
1.995
3.177
3.93
2.74
2.14
2.318
2.075
1.924
1.27
1.118
0.5
0.419
0.63
0.349
0.344
0.353
0.571
0.934
0.603
0.724
1.411
1.553
1.431
1.46
1.842
2.926
3.637
2.569
2.114
2.177
1.963
1.816
1.217
1.081
0.511
0.432
0.635
0.392
0.361
0.367
0.563
1.189
0.97
0.795
1.365
1.482
1.375
1.334
1.688
2.662
3.303
2.346
1.938
1.987
2.166
1.939
1.234
1.085
0.556
0.445
0.62
0.401
0.37
0.374
0.549
1.186
0.914
0.754
1.274
1.379
1.321
1.358
1.741
2.616
3.259
2.512
2.297
2.448
2.543
2.14
1.544
1.368
0.555
0.44
0.583
0.38
0.357
0.357
0.514
1.209
1.064
0.75
1.189
1.267
1.21
1.243
1.587
2.39
3.174
2.527
2.235
2.429
2.411
2.079
1.506
1.287
0.524
0.419
0.545
0.362
0.338
0.338
0.488
1.169
1.296
0.901
1.157
1.167
1.139
1.144
1.47
2.243
2.991
2.678
2.621
2.622
2.576
2.201
1.801
1.473
0.521
0.408
0.522
0.358
0.333
0.336
0.491
1.121
1.184
0.826
1.061
1.07
1.359
1.075
1.592
2.383
2.873
2.508
2.465
2.543
2.488
2.052
1.675
1.355
0.497
0.393
0.497
0.353
0.33
0.331
0.655
1.398
1.085
0.762
0.991
0.993
1.273
0.998
1.498
2.233
3.005
2.454
2.333
2.398
2.562
2.235
1.742
1.301
0.49
0.404
0.475
0.357
0.325
0.348
0.619
1.293
1.009
0.717
1.386
1.209
1.352
1.23
1.657
2.271
2.778
2.448
2.195
2.27
2.4
2.115
1.664
1.224
0.468
0.401
0.46
0.347
0.324
0.346
0.572
1.187
0.969
0.995
1.655
1.349
1.263
1.131
1.781
2.699
2.875
2.32
2.278
2.5
2.277
2.023
1.584
1.169
0.481
0.412
0.44
0.341
0.323
0.336
0.534
1.15
0.911
0.948
1.522
1.235
1.151
1.34
1.722
2.67
3.421
2.282
2.197
2.411
2.231
1.949
1.817
1.254
0.524
0.45
0.458
0.37
0.356
0.335
0.587
1.173
0.844
0.875
1.391
1.132
1.058
1.229
1.573
2.432
3.148
2.499
2.204
2.293
2.488
2.227
1.735
1.188
0.548
0.48
0.483
0.363
0.376
0.356
0.553
1.139
0.795
0.823
1.464
1.358
1.186
1.136
1.471
2.262
3.326
2.754
2.204
2.442
2.448
2.094
1.616
1.099
0.511
0.45
0.455
0.349
0.36
0.34
0.521
1.169
0.756
0.773
1.493
1.836
1.263
1.083
1.384
2.311
3.459
2.634
2.183
2.621
2.555
2.006
1.512
1.02
0.488
0.434
0.445
0.351
0.358
0.324
0.491
1.154
0.735
0.745
1.368
1.699
1.238
1.051
1.478
2.671
3.364
2.513
2.121
2.543
2.701
2.301
2.311
0.994
0.487
0.429
0.445
0.387
0.352
0.328
0.473
1.062
0.692
1.146
1.59
1.797
1.208
1.012
1.356
2.505
3.616
3.201
2.165
2.44
2.572
2.172
2.191
1.011
0.501
0.425
0.477
0.396
0.336
0.315
0.452
1.038
0.652
1.066
1.595
1.734
1.134
0.935
1.476
2.393
3.327
2.959
2.411
2.741
2.757
2.352
2.053
0.943
0.472
0.402
0.449
0.375
0.32
0.301
0.438
1.025
0.626
0.991
1.486
1.716
1.407
1.093
1.569
2.368
3.285
2.972
2.379
2.716
2.643
2.433
1.928
0.89
0.464
0.396
0.424
0.356
0.307
0.29
0.439
1.049
0.597
0.925
1.371
1.581
1.374
1.021
1.448
2.187
3.086
2.806
2.508
2.766
2.718
2.41
1.827
0.852
0.467
0.406
0.407
0.339
0.294
0.28
0.414
1.034
0.647
0.893
1.255
1.514
1.266
0.991
1.368
2.031
2.84
3.105
2.515
2.591
2.549
2.263
1.723
0.816
0.456
0.44
0.395
0.328
0.287
0.274
0.396
1.019
0.653
0.844
1.23
1.769
1.237
0.987
1.333
1.987
3.158
3.273
2.403
2.462
2.413
2.315
1.714
0.798
0.466
0.452
0.405
0.339
0.302
0.29
0.4
0.993
0.64
0.801
1.167
1.683
1.649
1.321
1.263
1.859
2.918
3.408
2.306
2.299
2.316
2.205
1.679
1.145
0.511
0.488
0.457
0.361
0.322
0.299
0.389
0.94
0.621
0.766
1.108
1.612
1.611
1.614
1.197
1.744
2.728
3.254
2.411
2.174
2.192
2.092
1.624
1.078
0.5
0.471
0.442
0.357
0.318
0.298
0.379
0.866
0.711
0.754
1.021
1.558
1.584
1.925
1.291
2.306
2.89
3.255
2.644
2.548
2.216
1.992
1.508
1.01
0.489
0.455
0.417
0.339
0.304
0.285
0.357
0.879
0.732
0.74
0.958
1.61
1.663
2.315
1.385
2.145
2.697
3.006
2.742
2.669
2.422
2.097
1.476
0.98
0.492
0.447
0.403
0.333
0.293
0.274
0.349
0.998
0.99
0.748
1.052
1.916
2.06
2.458
1.354
2.004
2.587
2.936
2.819
2.616
2.388
2.202
1.439
0.962
0.498
0.448
0.41
0.347
0.347
0.312
0.474
1.052
0.919
0.758
1.183
2.109
1.924
2.427
1.489
2.143
2.605
2.85
3.197
2.498
2.264
2.069
1.361
0.915
0.478
0.433
0.392
0.331
0.33
0.346
0.45
1.005
0.863
0.724
1.091
2.222
1.844
2.263
1.839
2.965
2.789
2.73
3.091
2.522
2.383
2.047
1.36
0.889
0.462
0.422
0.376
0.316
0.315
0.351
0.523
1.304
0.995
0.965
1.004
2.098
1.699
2.085
1.804
2.759
2.91
2.737
3.163
2.375
2.289
2.037
1.41
0.885
0.471
0.425
0.38
0.319
0.31
0.697
0.584
1.304
0.932
0.911
0.945
2.185
1.604
2.046
1.816
2.959
2.837
2.655
3.269
2.232
2.151
1.932
1.34
0.858
0.477
0.431
0.389
0.337
0.317
0.669
0.568
1.231
0.901
1.252
1.006
2.3
1.582
2.074
1.939
3.118
3.102
2.878
3.201
2.264
2.178
1.851
1.338
0.847
0.493
0.411
0.373
0.385
0.307
0.625
0.539
1.336
1.243
1.509
1.033
2.201
1.557
2.183
2.01
2.947
2.926
2.695
3.045
2.4
2.238
2.12
1.574
1.023
0.536
0.461
0.42
0.425
0.358
0.642
0.572
1.302
1.222
1.453
1.013
2.416
2.03
2.158
2.031
3.166
3.281
3.175
2.984
2.262
2.214
2.493
1.64
1.023
0.522
0.507
0.412
0.464
0.353
0.656
0.532
1.292
1.126
1.333
0.938
2.201
1.854
2.218
1.887
3.008
3.369
3.089
2.814
2.174
2.15
2.346
1.58
0.971
0.512
0.492
0.396
0.437
0.336
0.608
0.497
1.333
1.049
1.229
0.871
2.044
1.728
2.05
1.948
3.054
3.987
3.65
2.662
2.348
2.353
2.218
1.538
0.958
0.514
0.483
0.387
0.424
0.334
0.567
0.466
1.342
1.018
1.176
0.853
1.908
1.635
2.023
1.814
2.855
3.974
3.462
2.934
2.751
2.333
2.111
1.502
1.026
0.523
0.489
0.451
0.412
0.335
0.542
0.449
1.238
0.949
1.265
0.856
1.782
1.563
2.187
2.071
2.851
3.977
3.722
2.822
2.671
2.531
2.191
1.438
0.983
0.504
0.472
0.433
0.392
0.32
0.541
0.423
1.133
0.942
1.218
0.793
1.688
1.469
2.027
1.926
2.656
3.806
3.893
2.697
2.577
2.426
2.113
1.427
0.975
0.485
0.452
0.41
0.372
0.307
0.507
0.4
1.143
0.887
1.328
0.82
1.616
1.499
2.146
2.074
2.878
3.584
3.949
3.117
2.695
2.386
2.095
1.47
1.002
0.492
0.439
0.391
0.357
0.296
0.475
0.38
1.123
0.892
1.24
0.837
1.5
1.449
2.265
2.517
2.912
3.589
3.794
3.209
2.924
2.327
2.02
1.427
1.002
0.55
0.511
0.392
0.353
0.287
0.447
0.36
1.114
0.832
1.14
0.778
1.383
1.573
2.077
2.668
2.766
3.978
3.706
3.064
2.85
2.36
2.044
1.406
0.976
0.542
0.498
0.386
0.375
0.354
0.44
0.357
1.034
0.822
1.065
0.739
1.45
1.536
1.915
2.454
2.795
3.89
3.61
3.206
2.933
2.278
2.024
1.423
0.993
0.55
0.513
0.429
0.398
0.361
0.446
0.404
1.139
0.947
1.02
0.733
1.357
1.457
1.767
2.252
2.588
3.619
3.398
3.022
2.772
2.211
1.962
1.427
1.022
0.546
0.512
0.426
0.397
0.399
0.446
0.405
1.068
0.922
0.963
0.711
1.279
1.349
1.636
2.055
2.447
3.344
3.162
2.829
2.603
2.087
1.861
1.381
1.024
0.515
0.48
0.402
0.374
0.374
0.419
0.383
0.979
0.842
0.903
0.66
1.243
1.286
1.524
2.402
2.792
3.558
3.262
2.689
2.51
2.091
1.833
1.396
1.015
0.546
0.513
0.44
0.413
0.411
0.446
0.405
1.009
0.839
0.875
0.646
1.261
1.192
1.543
2.326
2.957
3.664
3.339
2.931
2.594
2.037
1.765
1.36
0.974
0.545
0.516
0.442
0.415
0.415
0.446
0.409
1.02
0.809
0.825
0.617
1.173
1.235
1.687
2.301
3.043
3.686
3.141
2.815
2.506
2.269
1.73
1.386
0.969
0.567
0.539
0.439
0.414
0.409
0.438
0.405
1.086
0.788
0.798
0.631
1.161
1.202
1.605
2.33
3.03
3.477
3.138
2.669
2.406
2.198
1.767
1.376
0.968
0.574
0.548
0.438
0.402
0.397
0.424
0.392
1.058
0.756
0.764
0.655
1.11
1.249
1.48
2.223
2.898
3.288
2.977
2.549
2.347
2.185
1.725
1.348
0.98
0.56
0.528
0.453
0.395
0.39
0.412
0.448
1.031
0.714
0.718
0.651
1.076
1.26
1.421
2.074
2.793
3.377
2.956
2.509
2.482
2.383
1.741
1.331
1.072
0.614
0.561
0.486
0.414
0.389
0.435
0.459
0.992
0.743
0.887
0.905
1.184
1.494
1.812
2.014
2.565
3.102
2.732
2.322
2.428
2.337
1.776
1.327
1.078
0.645
0.584
0.516
0.451
0.408
0.422
0.445
0.922
0.697
0.832
0.875
1.121
1.419
1.679
2.138
2.447
2.931
2.608
2.258
2.331
2.258
1.725
1.317
1.089
0.692
0.626
0.502
0.457
0.418
0.415
0.438
0.863
0.661
0.844
0.83
1.121
1.38
1.745
2.091
2.474
2.832
2.583
2.286
2.265
2.224
1.731
1.351
1.105
0.688
0.612
0.493
0.446
0.407
0.399
0.422
0.882
0.626
0.787
0.933
1.062
1.298
1.894
2.16
2.299
2.678
2.468
2.191
2.193
2.946
1.928
1.34
1.093
0.711
0.64
0.533
0.492
0.456
0.441
0.454
0.837
0.719
0.901
0.884
1.001
1.216
1.752
1.999
2.154
2.525
2.322
2.124
2.112
2.829
1.881
1.671
1.218
0.777
0.707
0.577
0.536
0.48
0.436
0.448
0.793
0.682
0.841
0.824
0.937
1.133
1.618
2.147
2.358
2.419
2.524
2.037
2.054
2.772
1.861
1.664
