0.0
0.0
0.0
0.0
0.0
0.0
0.0
0.0
0.0
0.0
0.0
0.0
0.0
0.0
0.0
0.0
0.0
0.0
0.0
0.0
0.0
0.0
0.0
0.0
0.0
0.0
0.0
0.0
0.0
0.0
0.0
0.0
0.0
0.0
0.0
0.0
0.0
0.0
0.0
0.0
0.0
0.0
0.0
0.0
0.0
0.0
0.0
0.0
0.0
0.0
0.0
0.0
0.0
0.0
0.0
0.0
0.0
0.0
0.0
0.0
0.0
0.0
0.0
0.0
0.0
0.0
0.0
0.0
0.0
0.0
0.0
0.0
0.0
0.0
0.0
0.0
0.0
0.0
0.0
0.0
0.0
0.0
0.0
0.0
0.0
0.0
0.0
0.0
0.0
0.0
0.0
0.0
0.0
0.0
0.0
0.0
0.0
0.0
0.0
0.0
0.0
0.0
0.0
0.0
0.0
0.0
0.0
0.0
0.0
0.0
0.0
0.0
0.0
0.0
0.0
0.0
0.0
0.0
0.0
0.0
0.0
0.0
0.0
0.0
0.0
0.0
0.0
0.0
0.0
0.0
0.0
0.0
0.0
0.0
0.0
0.0
0.0
0.0
0.0
0.0
0.0
0.0
0.0
0.0
0.0
0.0
0.0
0.0
0.0
0.0
0.0
0.0
0.0
0.0
0.0
0.0
0.0
0.0
0.0
0.0
0.0
0.0
0.0
0.0
0.0
0.0
0.0
0.0
0.0
0.0
0.0
0.0
0.0
0.0
0.0
0.0
0.0
0.0
0.0
0.0
0.0
0.0
0.0
0.0
0.0
0.0
0.0
0.0
0.0
0.0
0.0
0.0
0.0
0.0
0.0
0.0
0.0
0.0
0.0
0.0
0.0
0.0
0.0
0.0
0.0
0.0
0.0
0.0
0.0
0.0
0.0
0.0
0.0
0.0
0.0
0.0
0.0
0.0
0.0
0.0
0.0
0.0
0.0
0.0
0.0
0.0
0.0
0.0
0.0
0.0
0.0
0.0
0.0
0.0
0.0
0.0
0.0
0.0
0.0
0.0
0.0
0.0
0.0
0.0
0.0
0.0
0.0
0.0
0.0
0.0
0.0
0.0
0.0
0.0
0.0
0.0
0.0
0.0
0.0
0.0
0.0
0.0
0.0
0.0
0.0
0.0
0.0
0.0
0.0
0.0
0.0
0.0
0.0
0.0
0.0
0.0
0.0
0.0
0.0
0.0
0.0
0.0
0.0
0.0
0.0
0.0
0.0
0.0
0.0
0.0
0.0
0.0
0.0
0.0
0.0
0.0
0.0
0.0
0.0
0.0
0.0
0.0
0.0
0.0
0.0
0.0
0.0
0.0
0.0
0.0
0.0
0.0
0.0
0.0
0.0
0.0
0.0
0.0
0.0
0.0
0.0
0.0
0.0
0.0
0.0
0.0
0.0
0.0
0.0
0.0
0.0
0.0
0.0
0.0
0.0
0.0
0.0
0.0
0.0
0.0
0.0
0.0
0.0
0.0
0.0
0.0
0.0
0.0
0.0
0.0
0.0
0.0
0.0
0.0
0.0
0.0
0.0
0.0
0.0
0.0
0.0
0.0
0.0
0.0
0.0
0.0
0.0
0.0
0.0
0.0
0.0
0.0
0.0
0.0
0.0
0.0
0.0
0.0
0.0
0.0
0.0
0.0
0.0
0.0
0.0
0.0
0.0
0.0
0.0
0.0
0.0
0.0
0.0
0.0
0.0
0.0
0.0
0.0
0.0
0.0
0.0
0.0
0.0
0.0
0.0
0.0
0.0
0.0
0.0
0.0
0.0
0.0
0.0
0.0
0.0
0.0
0.0
0.0
0.0
0.0
0.0
0.0
0.0
0.0
0.0
0.0
0.0
0.0
0.0
0.0
0.0
0.0
0.0
0.0
0.0
0.0
0.0
0.0
0.0
0.0
0.0
0.0
0.0
0.0
0.0
0.0
0.0
0.0
0.0
0.0
0.0
0.0
0.0
0.0
0.0
0.0
0.0
0.0
0.0
0.0
0.0
0.0
0.0
0.0
0.0
0.0
0.0
0.0
0.0
0.0
0.0
0.0
0.0
0.0
0.0
0.0
0.0
0.0
0.0
0.0
0.0
0.0
0.0
0.0
0.0
0.0
0.0
0.0
0.0
0.0
0.0
0.0
0.0
0.0
0.0
0.0
0.0
0.0
0.0
0.0
0.0
0.0
0.0
0.0
0.0
0.496
0.491
0.444
0.409
0.425
0.413
0.619
1.04
0.75
1.978
1.344
4.585
1.938
1.031
1.252
1.051
1.727
1.593
1.236
1.495
1.927
2.05
1.795
1.257
0.471
0.419
0.389
0.377
0.374
0.361
0.539
0.978
0.543
1.317
1.219
4.585
2.003
0.947
1.252
1.024
1.2
1.364
1.365
1.666
1.949
1.938
1.596
1.234
0.466
0.418
0.386
0.39
0.392
0.353
0.494
1.059
0.54
0.709
1.616
5.291
2.123
1.009
1.294
1.123
1.129
1.322
1.361
1.944
2.153
2.039
1.734
1.459
0.51
0.436
0.39
0.394
0.397
0.354
0.504
1.092
0.49
0.719
1.213
5.136
2.097
1.066
1.396
1.032
1.224
1.322
1.802
1.908
2.229
2.395
1.734
1.297
0.889
0.702
0.568
0.452
0.426
0.437
0.399
0.381
0.499
0.839
1.0
1.517
2.473
2.775
2.212
1.187
1.151
1.195
1.471
1.47
1.52
1.315
1.417
1.501
0.996
0.674
0.54
0.496
0.47
0.479
0.444
0.428
0.499
0.834
0.97
1.316
2.056
2.6
2.212
1.229
1.151
1.303
1.526
1.512
1.645
1.517
1.587
1.284
0.454
0.427
0.39
0.37
0.371
0.329
0.494
1.091
0.432
0.56
1.113
4.919
2.091
1.49
1.667
1.331
1.344
1.379
2.162
1.974
1.896
2.038
1.776
1.249
0.454
0.429
0.394
0.376
0.363
0.336
0.525
1.072
0.437
0.65
1.258
4.563
2.079
1.548
1.574
1.312
1.316
1.323
2.099
1.938
2.015
2.057
1.79
1.168
0.435
0.415
0.389
0.372
0.361
0.337
0.526
1.058
0.465
0.79
1.244
4.613
2.046
1.47
1.481
1.531
1.298
1.398
2.045
1.996
2.038
2.155
1.748
1.135
0.474
0.436
0.39
0.376
0.367
0.343
0.523
1.05
0.472
0.779
1.178
4.661
1.908
1.356
1.366
1.432
1.222
1.336
1.924
1.919
2.03
2.175
1.765
1.133
0.489
0.453
0.421
0.406
0.401
0.456
0.546
1.019
0.5
1.068
1.261
4.639
1.871
1.326
1.614
1.523
1.268
1.475
2.004
2.029
2.004
2.142
1.707
1.108
0.492
0.447
0.464
0.408
0.387
0.432
0.598
1.047
0.556
1.203
1.387
4.839
1.871
1.582
1.581
1.424
1.25
1.531
2.043
1.941
2.061
2.226
1.688
1.109
0.492
0.447
0.461
0.397
0.384
0.424
0.571
0.985
0.536
1.139
1.365
4.467
1.817
1.501
1.525
1.361
1.266
1.49
2.152
1.855
2.106
2.197
1.683
1.152
0.53
0.438
0.451
0.394
0.383
0.417
0.549
0.93
0.525
1.116
1.27
4.076
2.03
1.648
1.975
1.353
1.229
1.52
2.057
1.745
2.023
2.178
1.75
1.095
0.495
0.429
0.441
0.389
0.378
0.412
0.562
0.97
0.54
1.083
1.24
3.989
1.956
1.793
1.989
1.389
1.345
1.636
2.007
1.742
1.997
2.148
1.863
1.054
0.495
0.427
0.439
0.392
0.378
0.403
0.549
0.998
0.546
1.02
1.192
3.634
1.84
1.749
1.885
1.374
1.764
1.736
1.924
1.756
2.064
2.129
1.776
0.976
0.484
0.424
0.434
0.389
0.377
0.399
0.566
1.011
0.55
1.006
1.153
3.469
1.81
1.901
1.988
1.312
1.718
1.724
1.854
1.674
2.018
2.263
1.797
0.941
0.454
0.416
0.425
0.384
0.372
0.392
0.581
1.03
0.548
0.962
1.251
3.626
1.879
1.801
1.848
1.239
1.66
1.701
1.854
1.625
2.006
2.208
1.686
0.89
0.451
0.416
0.425
0.388
0.376
0.394
0.589
1.07
0.754
0.901
1.15
3.29
1.781
1.662
1.7
1.204
1.557
1.665
1.861
1.672
2.005
2.248
1.684
0.914
0.505
0.507
0.422
0.387
0.375
0.39
0.565
1.015
0.827
0.868
1.06
3.014
1.691
1.712
1.77
1.403
1.692
1.898
1.884
1.691
2.119
2.272
1.737
0.985
0.506
0.495
0.417
0.387
0.373
0.39
0.544
0.963
0.767
0.877
1.028
3.103
1.864
1.982
2.4
1.514
1.833
1.856
1.86
1.741
2.129
2.282
1.652
0.949
0.49
0.474
0.396
0.383
0.371
0.384
0.549
0.996
0.824
0.86
1.046
2.948
1.859
1.855
2.305
1.462
1.801
2.133
2.053
1.906
2.232
2.319
1.746
1.021
0.47
0.463
0.384
0.37
0.368
0.379
0.537
0.996
0.792
1.026
1.103
2.955
1.885
1.787
2.153
1.396
1.692
2.048
2.005
1.888
2.297
2.264
1.726
0.955
0.457
0.449
0.378
0.367
0.365
0.374
0.618
1.03
0.766
0.988
1.061
2.724
1.874
1.691
2.016
1.345
1.656
2.032
1.907
1.833
2.281
2.29
1.728
0.934
0.477
0.45
0.385
0.373
0.371
0.379
0.622
1.031
0.741
0.925
0.987
2.816
1.994
1.611
1.915
1.321
1.591
2.001
1.857
1.973
2.259
2.336
1.723
0.985
0.557
0.44
0.364
0.369
0.372
0.377
0.652
1.03
0.724
0.891
1.062
3.122
2.025
1.611
1.827
1.298
1.783
2.099
1.982
1.976
2.19
2.306
1.716
0.995
0.637
0.475
0.407
0.41
0.414
0.416
0.675
1.005
0.728
0.903
1.061
2.947
1.898
1.548
2.15
1.28
1.791
2.004
1.982
1.871
2.068
2.167
1.635
0.99
0.667
0.551
0.421
0.423
0.425
0.427
0.672
0.957
0.708
0.94
1.012
2.734
1.869
1.731
2.101
1.274
1.732
2.063
1.906
1.912
2.103
2.134
1.619
0.949
0.667
0.529
0.412
0.414
0.415
0.416
0.681
0.977
0.665
0.87
1.151
3.248
1.942
1.725
2.05
1.205
1.683
1.998
1.801
1.857
2.16
2.179
1.525
0.889
0.633
0.509
0.404
0.405
0.406
0.407
0.677
0.965
0.656
0.819
1.069
2.956
1.919
1.591
1.88
1.106
1.567
1.953
1.748
1.793
2.218
2.13
1.43
0.834
0.602
0.491
0.396
0.397
0.399
0.399
0.704
0.972
0.627
0.772
0.998
2.695
1.881
1.51
1.894
1.481
1.807
2.051
1.721
1.81
2.213
2.126
1.461
0.849
0.593
0.487
0.4
0.401
0.402
0.402
0.694
0.981
0.627
0.808
1.016
2.712
1.84
1.705
1.84
1.474
1.923
2.277
1.697
1.77
2.218
2.144
1.49
0.813
0.567
0.471
0.393
0.393
0.394
0.398
0.669
0.988
0.603
0.762
0.949
2.509
1.798
1.703
1.86
1.469
2.016
2.233
1.647
1.8
2.244
2.172
1.512
0.877
0.617
0.489
0.396
0.39
0.392
0.396
0.654
0.924
0.597
0.808
0.955
2.516
1.827
1.84
1.942
1.587
1.927
2.11
1.726
1.837
2.246
2.159
1.628
0.989
0.641
0.478
0.391
0.384
0.386
0.389
0.63
0.865
0.571
0.845
0.935
2.372
1.855
2.225
2.159
2.18
1.963
2.072
1.783
1.841
2.239
2.209
1.622
1.008
0.706
0.523
0.393
0.386
0.387
0.391
0.619
0.864
0.551
0.841
0.928
2.219
1.803
2.187
2.261
2.297
1.864
1.972
1.702
1.905
2.202
2.112
1.595
1.02
0.671
0.509
0.389
0.383
0.384
0.392
0.61
0.89
0.535
0.837
0.985
2.158
1.865
2.229
2.182
2.595
2.166
1.972
1.696
1.918
2.18
2.23
1.67
1.029
0.643
0.491
0.384
0.378
0.378
0.391
0.609
0.884
0.582
0.893
1.139
2.209
1.788
2.139
2.066
2.45
2.045
1.972
1.604
1.993
2.11
2.18
1.64
1.001
0.647
0.488
0.393
0.388
0.386
0.402
0.613
0.905
0.602
0.863
1.183
2.238
1.937
1.969
1.908
2.567
1.982
1.941
1.547
2.036
2.155
2.206
1.655
1.28
0.665
0.479
0.395
0.386
0.384
0.402
0.652
0.897
0.596
0.833
1.257
2.137
2.112
1.934
1.794
2.396
1.913
1.875
1.682
2.12
2.127
2.154
1.565
1.226
0.672
0.528
0.392
0.38
0.378
0.398
0.628
0.839
0.603
0.815
1.172
1.966
2.023
1.827
1.657
2.211
1.785
1.747
1.748
2.235
2.303
2.109
1.607
1.277
0.724
0.608
0.432
0.407
0.403
0.425
0.635
0.821
0.611
0.844
1.139
2.022
2.142
2.13
1.897
2.093
1.698
1.674
1.721
2.206
2.299
2.091
1.606
1.214
0.719
0.585
0.424
0.399
0.395
0.42
0.626
0.874
0.833
0.909
1.19
1.88
2.028
1.946
1.76
1.975
1.661
1.665
1.714
2.413
2.323
2.162
1.56
1.127
0.68
0.56
0.415
0.392
0.388
0.422
0.628
0.924
0.825
0.89
1.243
1.806
1.922
1.837
1.681
1.853
1.694
1.787
1.693
2.378
2.378
2.218
1.557
1.085
0.651
0.539
0.407
0.387
0.384
0.419
0.641
0.973
0.989
1.274
1.273
1.829
1.834
1.72
1.58
2.006
2.102
1.81
1.589
2.267
2.314
2.166
1.558
1.082
0.687
0.519
0.399
0.381
0.379
0.414
0.62
0.987
0.946
1.237
1.254
1.801
1.794
1.612
1.484
2.266
2.055
1.896
1.608
2.187
2.321
2.151
1.679
1.056
0.672
0.515
0.408
0.392
0.389
0.424
0.628
1.009
0.918
1.26
1.237
1.659
1.721
1.745
1.569
2.278
1.918
1.928
1.672
2.289
2.479
2.135
1.726
1.153
0.721
0.529
0.403
0.387
0.384
0.42
0.605
0.942
0.884
1.182
1.204
1.58
1.628
1.697
1.663
2.341
1.893
1.853
1.61
2.186
2.425
2.036
1.702
1.238
0.714
0.545
0.439
0.4
0.395
0.428
0.589
0.899
0.837
1.117
1.171
1.733
1.726
1.947
1.887
2.225
1.848
1.777
1.521
2.239
2.368
2.011
1.697
1.201
0.687
0.534
0.438
0.403
0.399
0.432
0.605
0.952
0.807
1.041
1.089
1.595
1.645
1.788
1.735
2.075
1.851
1.728
1.537
2.225
2.332
2.035
1.871
1.126
0.653
0.513
0.427
0.395
0.391
0.427
0.608
0.994
0.773
0.973
1.017
1.471
1.549
1.648
1.606
1.94
1.801
1.831
1.64
2.245
2.44
1.978
1.761
1.048
0.62
0.494
0.417
0.388
0.384
0.421
0.645
0.998
0.741
0.912
0.95
1.359
1.523
2.048
1.65
1.963
1.856
1.791
1.625
2.383
2.475
2.16
1.763
1.012
0.59
0.478
0.409
0.382
0.379
0.416
0.711
1.127
0.857
0.951
0.941
1.284
1.427
1.899
1.541
1.83
1.756
1.7
1.728
2.454
2.458
2.052
1.725
1.075
0.665
0.489
0.426
0.402
0.398
0.436
0.71
1.104
0.826
0.911
0.902
1.21
1.339
1.765
1.443
1.722
1.745
1.757
1.893
2.51
2.505
2.129
1.799
1.267
0.819
0.524
0.479
0.444
0.44
0.479
0.729
1.075
0.826
0.902
0.886
1.21
1.356
1.716
1.433
1.647
1.876
1.814
1.906
2.452
2.483
2.158
1.754
1.337
0.907
0.62
0.513
0.466
0.457
0.496
0.726
1.032
0.805
0.886
0.872
1.198
1.34
1.647
1.451
1.624
2.03
2.028
2.039
2.514
2.521
1.997
1.62
1.246
0.858
0.6
0.502
0.46
0.452
0.492
0.703
0.97
0.765
0.839
0.825
1.22
1.42
1.556
1.386
1.572
2.072
2.401
1.994
2.507
2.543
1.954
1.542
1.203
0.855
0.624
0.533
0.496
0.488
0.53
0.756
1.016
0.742
0.808
0.796
1.152
1.348
1.455
1.301
1.538
2.039
2.343
1.939
2.405
2.474
1.928
1.554
1.241
0.827
0.618
0.535
0.5
0.493
0.536
0.746
0.997
0.723
0.775
0.752
1.092
1.283
1.364
1.234
1.531
2.014
2.254
2.007
2.403
2.493
1.967
1.602
1.212
0.785
0.596
0.522
0.491
0.485
0.527
0.718
0.937
0.69
0.738
0.739
1.04
1.233
1.291
1.219
1.569
2.191
2.248
2.072
2.446
2.511
1.913
1.546
1.212
0.781
0.592
0.525
0.496
0.494
0.534
0.719
0.959
0.677
0.727
0.768
1.032
1.212
1.438
1.298
1.564
2.219
2.319
2.27
2.503
2.527
1.975
1.551
1.243
0.89
0.678
0.508
0.479
0.477
0.519
0.689
0.895
0.681
0.706
0.724
1.024
1.199
1.819
1.297
1.509
2.075
2.217
2.471
2.558
2.552
1.935
1.551
1.253
0.969
0.711
0.523
0.471
0.468
0.506
0.664
0.862
0.665
0.729
0.699
1.041
1.138
1.687
1.206
1.397
1.944
2.139
2.499
2.533
2.598
1.941
1.514
1.244
0.911
0.672
0.504
0.456
0.453
0.488
0.647
0.89
0.686
0.713
0.669
0.973
1.079
1.694
1.281
1.693
2.015
2.138
2.602
2.539
2.599
2.002
1.479
1.188
0.863
0.648
0.496
0.453
0.451
0.48
0.655
0.93
0.705
0.838
0.718
1.015
1.167
1.665
1.518
2.115
2.134
2.657
2.549
2.439
2.602
1.936
1.397
1.13
0.843
0.624
0.487
0.448
0.446
0.472
0.643
0.955
0.744
0.793
0.715
0.979
1.084
1.583
1.481
2.311
2.251
2.56
2.589
2.5
2.597
1.983
1.509
1.14
0.794
0.596
0.471
0.436
0.434
0.46
0.639
0.954
0.73
0.845
0.712
0.912
1.091
1.494
1.413
2.426
2.643
2.489
2.62
2.456
2.527
2.018
1.571
1.102
0.748
0.569
0.458
0.425
0.424
0.447
0.64
1.035
0.768
0.85
0.68
0.904
1.215
1.553
1.334
2.53
2.813
2.373
2.6
2.403
2.476
2.056
1.668
1.178
0.806
0.617
0.473
0.43
0.442
0.465
0.643
1.011
0.769
0.831
0.748
0.907
1.233
1.596
1.349
2.637
2.934
2.326
2.509
2.33
2.379
2.044
1.749
1.193
0.88
0.634
0.466
0.422
0.433
0.455
0.62
0.962
0.739
1.008
1.011
1.409
1.589
1.876
1.351
2.537
2.758
2.214
2.462
2.247
2.425
2.078
1.82
1.132
0.835
0.611
0.46
0.421
0.431
0.448
0.663
0.976
0.687
0.973
1.177
1.421
1.567
1.752
1.258
2.54
2.845
2.229
2.553
2.296
2.524
2.05
1.774
1.067
0.798
0.596
0.456
0.417
0.424
0.438
0.707
1.005
0.652
0.901
1.095
1.314
1.451
1.612
1.167
2.326
2.774
2.249
2.872
2.318
2.529
2.049
1.652
0.991
0.755
0.573
0.447
0.413
0.418
0.431
0.743
1.032
0.623
0.84
1.022
1.218
1.381
1.76
1.15
2.188
2.724
2.239
2.887
2.334
2.534
2.028
1.613
0.972
0.742
0.553
0.472
0.426
0.43
0.426
0.824
1.059
0.652
0.878
1.023
1.333
1.409
1.686
1.137
2.077
2.896
2.381
2.822
2.305
2.501
2.059
1.739
1.06
0.808
0.533
0.476
0.417
0.42
0.416
0.825
1.092
0.635
0.994
1.14
1.359
1.43
1.684
1.229
2.271
3.046
2.404
2.818
2.278
2.628
2.134
1.824
1.246
0.946
0.616
0.474
0.408
0.41
0.407
0.782
1.021
0.604
0.97
1.193
1.355
1.449
1.747
1.376
2.311
2.976
2.697
2.846
2.524
2.561
2.073
1.775
1.297
0.966
0.601
0.459
0.4
0.402
0.398
0.736
0.953
0.586
0.966
1.194
1.362
1.547
1.782
1.808
2.315
2.85
2.667
2.898
2.541
2.59
2.05
1.751
1.269
0.957
0.575
0.444
0.377
0.396
0.397
0.758
0.952
0.565
0.909
1.109
1.375
1.504
1.69
1.693
2.147
2.871
2.79
2.888
2.51
2.586
2.202
1.701
1.189
0.916
0.571
0.455
0.392
0.408
0.4
0.814
1.029
0.567
0.869
1.044
1.3
1.461
1.643
1.621
1.992
2.731
2.793
2.796
2.368
2.665
2.22
1.87
1.1
0.852
0.547
0.442
0.386
0.401
0.389
0.812
1.058
0.553
0.818
0.965
1.199
1.383
1.538
1.542
1.913
2.713
2.782
2.822
2.428
2.654
2.193
1.833
1.055
0.805
0.531
0.419
0.385
0.398
0.392
0.919
1.044
0.61
0.86
1.001
1.245
1.352
1.44
1.631
1.934
2.875
2.764
2.845
2.826
2.761
2.195
1.754
1.012
0.761
0.507
0.42
0.383
0.394
0.385
0.908
1.078
0.611
0.897
1.213
1.21
1.302
1.37
1.522
1.829
2.749
2.719
2.811
2.723
2.668
2.185
1.792
1.107
0.798
0.527
0.418
0.387
0.392
0.389
0.859
1.021
0.612
0.899
1.237
1.212
1.395
1.466
1.655
2.394
2.722
2.999
2.959
2.656
2.675
2.237
2.047
1.194
0.991
0.695
0.419
0.367
0.388
0.384
0.807
0.948
0.599
1.139
1.403
1.407
1.812
1.664
1.619
2.332
2.73
2.957
2.885
2.654
2.619
2.113
1.968
1.238
1.045
0.778
0.505
0.45
0.423
0.389
0.782
0.894
0.6
1.108
1.368
1.326
1.705
1.629
1.567
2.284
2.952
3.0
2.864
2.651
2.567
2.293
2.024
1.312
1.052
0.762
0.516
0.471
0.413
0.384
0.742
0.867
0.674
1.034
1.287
1.323
1.668
1.558
1.48
2.178
2.768
3.01
3.019
2.707
2.591
2.358
2.088
1.329
1.009
0.72
0.497
0.457
0.406
0.378
0.706
0.839
0.742
1.004
1.238
1.307
1.773
1.548
1.404
2.099
2.858
3.184
3.059
2.688
2.601
2.395
2.122
1.412
0.962
0.681
0.482
0.445
0.398
0.373
0.674
0.838
0.813
0.975
1.189
1.551
2.01
1.702
1.549
2.095
2.711
3.123
3.198
2.703
2.588
2.347
2.151
1.473
0.998
0.692
0.488
0.454
0.412
0.389
0.666
0.827
0.87
0.965
1.292
1.688
2.14
1.858
1.63
2.125
3.067
3.168
3.199
2.662
2.415
2.261
2.256
1.488
1.005
0.725
0.504
0.477
0.405
0.385
0.632
0.777
0.829
0.927
1.267
1.663
2.064
2.14
1.815
2.402
3.114
3.1
3.255
2.765
2.47
2.292
2.223
1.582
1.249
0.76
0.574
0.491
0.402
0.381
0.602
0.733
0.795
0.88
1.203
1.614
2.036
2.118
1.762
2.298
2.905
3.176
3.146
2.813
2.484
2.317
2.245
1.665
1.299
0.746
0.571
0.493
0.416
0.394
0.595
0.77
0.809
0.836
1.133
1.509
2.007
2.024
1.645
2.201
2.741
3.618
3.235
2.778
2.442
2.423
2.253
1.604
1.265
0.731
0.551
0.477
0.415
0.395
0.577
0.771
0.823
0.822
1.08
1.488
2.076
2.024
1.564
2.357
2.992
3.658
3.302
2.741
2.475
2.436
2.277
1.597
1.205
0.699
0.537
0.47
0.408
0.388
0.555
0.793
0.845
0.802
1.228
1.564
2.104
1.92
1.453
2.383
3.123
3.539
3.267
2.701
2.424
2.533
2.381
1.598
1.151
0.673
0.525
0.463
0.403
0.381
0.532
0.803
0.866
0.781
1.206
1.499
1.944
1.857
1.458
2.338
3.44
3.504
3.309
2.669
2.45
2.516
2.366
1.642
1.211
0.744
0.514
0.459
0.406
0.385
0.521
0.825
0.916
0.837
1.194
1.427
1.868
1.772
1.456
2.227
3.183
3.311
3.356
2.764
2.538
2.556
2.471
1.763
1.295
0.845
0.583
0.539
0.397
0.377
0.5
0.773
0.862
0.812
1.144
1.328
1.844
2.055
1.397
2.119
3.063
3.249
3.387
2.83
2.577
2.471
2.373
1.718
1.267
0.897
0.619
0.546
0.413
0.391
0.501
0.748
0.831
0.791
1.07
1.322
1.795
2.188
1.581
2.222
3.346
3.18
3.283
2.873
2.561
2.555
2.414
1.719
1.183
0.847
0.598
0.528
0.403
0.384
0.553
0.791
0.839
0.751
1.044
1.306
1.714
2.069
1.53
2.368
3.404
3.359
3.262
3.03
2.634
2.578
2.428
1.671
1.12
0.801
0.572
0.51
0.397
0.379
0.545
0.82
0.914
0.774
1.119
1.37
1.709
2.01
1.489
2.244
3.265
3.626
3.182
2.956
2.579
2.518
2.412
1.608
1.074
0.755
0.547
0.491
0.389
0.373
0.535
0.838
1.028
0.903
1.124
1.387
1.732
1.966
1.437
2.357
3.701
3.576
3.25
2.873
2.638
2.541
2.443
1.653
1.042
0.72
0.532
0.477
0.389
0.37
0.531
0.882
1.006
0.879
1.349
1.52
1.646
1.88
1.363
2.228
3.557
3.817
3.158
2.759
2.627
2.484
2.386
1.652
1.026
0.724
0.52
0.464
0.384
0.364
0.525
0.882
1.024
0.864
1.278
1.437
1.78
1.831
1.29
2.102
3.348
3.606
3.241
2.787
2.624
2.457
2.347
1.702
1.133
0.811
0.512
0.449
0.381
0.359
0.505
0.826
0.958
0.84
1.263
1.442
1.796
1.881
1.334
2.03
3.304
3.564
3.484
2.712
2.525
2.387
2.331
1.696
1.183
0.838
0.551
0.462
0.41
0.379
0.513
0.799
0.949
0.817
1.254
1.38
1.726
1.847
1.325
1.949
3.523
3.544
3.419
2.793
2.497
2.347
2.336
1.67
1.112
0.795
0.537
0.458
0.409
0.383
0.503
0.815
0.991
0.779
1.169
1.303
1.619
1.731
1.263
2.111
3.413
3.499
3.482
2.882
2.522
2.446
2.383
1.72
1.051
0.761
0.538
0.46
0.412
0.389
0.497
0.835
1.017
0.745
1.088
1.207
1.49
1.598
1.175
1.934
3.16
3.476
3.527
3.105
2.474
2.385
2.423
1.633
0.985
0.722
0.524
0.451
0.411
0.386
0.484
0.865
1.054
0.71
1.016
1.121
1.379
1.49
1.094
1.782
2.996
3.391
3.55
3.169
2.434
2.377
2.417
1.692
0.936
0.689
0.511
0.443
0.407
0.387
0.472
0.912
1.117
0.721
0.954
1.044
1.281
1.404
1.075
1.679
2.834
3.212
3.51
3.182
2.555
2.475
2.46
1.704
0.904
0.657
0.494
0.432
0.402
0.381
0.46
0.938
1.162
1.009
0.979
1.017
1.29
1.361
1.052
1.774
2.803
3.343
3.643
3.165
2.546
2.65
2.525
1.726
0.896
0.675
0.509
0.431
0.404
0.407
0.663
0.914
1.081
0.944
0.993
1.055
1.273
1.351
1.126
1.781
2.742
3.175
3.387
2.975
2.414
2.511
2.395
1.675
0.916
0.703
0.491
0.42
0.398
0.398
0.629
0.855
1.004
0.974
1.259
1.269
1.22
1.326
1.15
1.713
2.676
3.115
3.306
3.035
2.492
2.54
2.443
1.729
0.919
0.672
0.474
0.41
0.39
0.394
0.598
0.892
1.036
0.958
1.241
1.205
1.216
1.33
1.109
1.604
2.566
3.399
3.228
2.965
2.418
2.487
2.421
1.763
0.994
0.65
0.472
0.414
0.394
0.398
0.581
0.923
1.054
0.909
1.151
1.121
1.173
1.326
1.428
1.604
2.578
3.345
3.397
3.329
2.564
2.481
2.489
1.713
0.942
0.629
0.47
0.417
0.399
0.407
0.571
0.99
1.097
0.861
1.072
1.044
1.091
1.235
1.366
1.574
3.051
3.299
3.403
3.274
2.568
2.584
2.541
1.679
0.925
0.623
0.477
0.432
0.412
0.419
0.576
1.067
1.206
1.252
1.152
1.203
1.381
1.315
1.634
1.694
3.087
3.438
3.333
3.139
2.498
2.601
2.524
1.655
0.872
0.601
0.466
0.424
0.406
0.413
0.56
1.126
1.178
1.165
1.074
1.12
1.28
1.229
1.57
1.637
2.858
3.638
3.528
3.232
2.563
2.785
2.691
1.84
0.937
0.702
0.559
0.419
0.397
0.403
0.534
1.049
1.091
1.097
1.12
1.191
1.315
1.31
1.574
1.711
3.375
3.502
3.505
3.224
2.537
2.737
2.664
1.865
1.009
0.688
0.568
0.409
0.39
0.393
0.511
0.975
1.013
1.046
1.19
1.25
1.283
1.273
1.52
1.615
3.112
3.288
3.43
3.144
2.553
2.93
2.734
1.903
1.047
0.681
0.554
0.409
0.391
0.393
0.506
0.981
1.051
1.07
1.279
1.178
1.25
1.278
1.716
1.522
3.119
3.375
3.303
3.028
2.675
2.885
2.684
1.891
0.988
0.654
0.539
0.409
0.392
0.394
0.5
0.991
1.133
1.171
1.342
1.281
1.341
1.387
1.938
1.495
2.934
3.278
3.315
2.988
2.994
2.693
2.632
1.902
0.959
0.636
0.532
0.413
0.399
0.402
0.501
1.006
1.181
1.107
1.351
1.309
1.386
1.477
1.86
1.603
3.154
3.726
3.349
2.966
2.929
2.651
2.611
1.936
1.003
0.618
0.523
0.416
0.404
0.405
0.525
1.092
1.194
1.091
1.303
1.305
1.401
1.431
2.003
1.584
3.019
3.682
3.664
3.018
2.827
2.571
2.539
1.961
1.009
0.6
0.511
0.419
0.405
0.406
0.519
1.072
1.199
1.028
1.248
1.284
1.567
1.748
2.073
1.537
2.829
3.641
3.737
2.93
2.874
2.625
2.514
2.052
1.112
0.646
0.564
0.412
0.399
0.4
0.502
0.998
1.114
0.96
1.205
1.252
1.481
1.672
2.624
1.882
2.779
3.489
3.66
2.925
2.833
2.672
2.419
2.003
1.182
0.713
0.568
0.411
0.404
0.397
0.489
0.948
1.068
0.906
1.195
1.175
1.566
1.85
2.681
2.009
3.153
3.404
3.6
2.837
2.792
2.645
2.465
1.966
1.134
0.708
0.557
0.403
0.4
0.39
0.471
0.95
1.125
0.863
1.112
1.092
1.446
1.743
2.581
2.004
3.055
3.343
3.611
2.906
2.696
2.604
2.429
1.981
1.163
0.697
0.535
0.397
0.394
0.388
0.457
0.967
1.156
1.105
1.057
1.018
1.337
1.608
2.368
1.889
3.232
3.246
3.796
2.959
2.705
2.651
2.446
2.014
1.123
0.668
0.521
0.396
0.394
0.39
0.452
0.989
1.223
1.037
0.987
0.952
1.261
1.614
2.31
1.847
3.121
3.599
3.983
3.058
2.719
2.723
2.589
2.099
1.188
0.658
0.519
0.406
0.404
0.401
0.456
0.998
1.385
1.207
0.999
0.943
1.339
1.71
2.225
1.929
3.33
4.091
3.902
3.192
2.765
2.661
2.587
2.185
1.133
0.624
0.499
0.398
0.397
0.393
0.442
1.039
1.361
1.171
0.976
1.066
1.337
1.681
2.178
2.035
3.186
4.333
3.847
3.165
2.718
2.616
2.669
2.254
1.198
0.659
0.631
0.514
0.39
0.385
0.43
0.966
1.257
1.167
1.099
1.13
1.271
1.618
2.077
2.037
3.22
4.506
3.744
3.155
2.698
2.603
2.754
2.257
1.295
0.767
0.613
0.496
0.384
0.38
0.42
0.903
1.163
1.082
1.104
1.076
1.268
1.906
2.357
2.639
3.404
4.368
3.652
3.117
2.721
2.656
2.774
2.257
1.264
0.737
0.591
0.487
0.385
0.381
0.415
0.908
1.237
1.016
1.066
1.093
1.279
1.865
2.249
3.012
3.459
4.27
3.649
3.064
2.87
2.742
2.845
2.313
1.191
0.707
0.571
0.476
0.386
0.383
0.491
0.974
1.286
1.216
1.116
1.062
1.197
1.76
2.293
3.319
3.813
4.11
3.572
3.008
2.849
2.741
2.853
2.288
1.13
0.675
0.554
0.466
0.386
0.383
0.481
0.943
1.344
1.143
1.133
1.11
1.235
1.846
2.591
3.408
3.671
4.274
3.696
3.002
2.773
2.724
2.823
2.311
1.162
0.68
0.539
0.462
0.384
0.432
0.6
1.05
1.525
1.316
1.09
1.07
1.275
1.86
2.511
3.635
3.48
4.069
3.518
2.895
2.799
2.755
2.859
2.233
1.124
0.66
0.531
0.462
0.392
0.435
0.591
1.029
1.513
1.262
1.075
1.061
1.352
1.716
2.296
3.304
3.165
3.709
3.252
3.034
2.785
2.78
2.883
2.305
1.202
0.712
0.55
0.45
0.387
0.426
0.663
1.132
1.484
1.174
1.008
1.067
1.463
1.893
2.259
3.147
3.084
3.669
3.32
2.995
2.678
2.588
2.671
2.145
1.152
0.701
0.591
0.486
0.399
0.417
0.636
1.083
1.368
1.088
0.972
1.02
1.447
2.347
2.48
3.399
3.503
3.603
3.316
3.073
2.649
2.543
2.689
2.27
1.276
0.73
0.597
0.491
0.414
0.429
0.632
1.097
1.408
1.059
0.99
1.427
1.634
2.409
2.472
3.208
3.314
3.527
3.408
3.079
2.605
2.556
2.658
2.234
1.181
0.689
0.567
0.474
0.402
0.418
0.604
1.08
1.43
1.011
0.931
1.322
1.552
2.408
2.417
3.148
3.348
3.702
3.395
3.003
2.568
2.472
2.694
2.283
1.122
0.659
0.549
0.466
0.4
0.414
0.677
1.112
1.597
1.185
1.014
1.297
1.499
2.419
2.308
3.099
3.616
4.041
3.567
2.984
2.77
2.601
2.775
2.288
1.254
0.724
0.597
0.476
0.391
0.404
0.641
1.03
1.471
1.162
1.062
1.287
1.534
2.413
2.27
2.997
3.463
3.995
3.581
3.053
2.835
2.672
2.803
2.383
1.33
0.854
0.644
0.492
0.414
0.424
0.637
1.001
1.55
1.44
1.29
1.492
1.705
2.738
2.956
3.29
3.46
3.901
3.58
3.053
2.791
2.67
2.81
2.367
1.323
0.91
0.65
0.484
0.417
0.425
0.614
0.943
1.437
1.373
1.241
1.542
1.824
2.81
3.003
3.138
3.49
4.282
3.617
3.138
2.925
2.762
2.843
2.473
1.583
1.159
1.179
0.778
0.458
0.436
0.606
0.903
1.347
1.289
1.225
1.507
1.761
2.789
2.895
3.035
4.242
4.607
3.7
3.114
2.883
2.639
2.907
2.471
1.641
1.239
1.175
0.751
0.465
0.445
0.596
0.886
1.362
1.214
1.159
1.472
1.708
2.724
2.905
2.881
4.037
4.379
3.556
3.164
3.204
2.505
2.764
2.417
1.704
1.221
1.111
0.732
0.474
0.454
0.591
0.872
1.397
1.164
1.115
1.451
1.673
2.681
2.832
2.819
3.844
4.337
3.659
3.174
3.142
2.48
2.843
2.488
1.752
1.212
1.06
0.72
0.488
0.468
0.593
0.866
1.417
1.102
1.045
1.398
1.583
2.522
2.795
2.806
3.798
4.455
3.661
3.167
3.108
2.513
2.83
2.568
1.793
1.215
1.091
0.687
0.479
0.462
0.572
0.841
1.412
1.048
1.026
1.373
1.543
2.698
2.839
2.766
4.193
4.314
3.628
3.114
3.011
2.494
2.734
2.499
1.825
1.188
1.1
0.68
0.465
0.448
0.547
0.79
1.321
0.98
1.029
1.328
1.533
2.535
2.732
3.109
4.211
4.272
3.545
3.079
2.967
2.677
2.688
2.456
1.774
1.153
1.071
0.674
0.454
0.439
0.527
0.746
1.274
1.014
0.963
1.239
1.449
2.427
2.655
3.36
4.248
4.178
3.534
3.066
2.933
2.688
2.689
2.422
1.742
1.108
1.049
0.649
0.448
0.437
0.514
0.71
1.187
0.964
0.983
1.19
1.406
2.607
2.845
3.671
4.58
4.198
3.585
3.105
2.998
2.639
2.623
2.366
1.644
1.032
0.975
0.615
0.436
0.424
0.493
0.706
1.237
0.928
0.963
1.109
1.395
2.485
2.669
3.411
4.285
4.434
3.569
3.156
3.188
2.788
2.698
2.385
1.674
1.03
0.942
0.608
0.445
0.436
0.497
0.743
1.3
0.932
0.924
1.059
1.358
2.315
2.53
3.174
4.112
4.265
3.554
3.15
3.158
2.772
2.652
2.326
1.668
1.064
0.919
0.612
0.467
0.459
0.512
0.77
1.348
0.933
0.889
1.011
1.313
2.206
2.433
2.998
3.939
4.353
3.722
3.356
3.086
2.77
2.69
2.455
1.641
1.043
0.862
0.583
0.453
0.445
0.491
0.758
1.339
1.032
1.026
1.141
1.328
2.15
2.355
2.841
3.827
4.353
3.897
3.451
3.04
2.762
2.678
2.367
1.584
1.079
0.829
0.58
0.461
0.456
0.496
0.883
1.291
1.003
1.03
1.105
1.339
2.074
2.279
2.739
4.231
4.291
3.837
3.581
3.094
2.82
2.635
2.401
1.664
1.195
0.92
0.641
0.48
0.475
0.511
0.889
1.24
0.984
1.025
1.226
1.589
2.012
2.246
2.6
4.043
4.181
3.743
3.518
3.058
2.851
2.532
2.339
1.814
1.271
0.964
0.662
0.473
0.467
0.499
0.838
1.165
0.951
1.01
1.159
1.566
2.31
2.594
2.929
4.154
4.082
3.646
3.481
3.061
2.809
2.517
2.386
1.918
1.456
1.065
0.765
0.549
0.469
0.503
0.832
1.174
0.899
0.986
1.633
2.029
2.463
2.636
2.969
4.202
4.125
3.693
3.4
3.002
2.89
2.587
2.442
1.845
1.35
0.992
0.72
0.526
0.454
0.489
0.811
1.172
0.842
0.971
1.569
2.059
2.481
2.621
3.032
3.933
4.236
3.744
3.339
2.998
2.915
2.698
2.489
1.86
1.382
0.944
0.695
0.518
0.455
0.492
0.873
1.174
0.826
0.93
1.516
2.325
2.449
2.588
3.045
4.186
4.306
3.691
3.206
2.908
2.852
2.717
2.51
1.817
1.352
0.896
0.672
0.511
0.457
0.495
0.864
1.173
0.843
0.979
1.424
2.229
2.403
2.686
3.119
4.258
4.218
3.711
3.188
2.956
2.935
2.783
2.497
1.697
1.25
0.836
0.637
0.491
0.441
0.484
0.902
1.194
0.792
0.925
1.483
2.448
2.44
2.614
2.944
4.259
4.048
3.661
3.173
3.199
2.992
2.818
2.369
1.62
1.216
0.845
0.691
0.556
0.482
0.509
0.882
1.149
0.784
0.929
1.418
2.339
2.273
2.498
2.842
4.193
4.194
3.761
3.407
3.159
2.941
2.772
2.381
1.673
1.191
0.843
0.66
0.539
0.471
0.494
0.838
1.106
0.74
0.923
1.326
2.198
2.157
2.603
2.815
4.339
4.277
3.712
3.26
3.082
2.968
2.692
2.353
1.579
1.116
0.8
0.642
0.533
0.47
0.512
0.973
1.125
0.704
0.866
1.231
2.029
2.162
2.605
2.728
4.072
4.135
3.865
3.259
3.068
2.948
2.617
2.197
1.455
1.085
0.803
0.627
0.511
0.455
0.492
0.972
1.178
0.669
0.837
1.367
2.17
2.056
2.693
2.665
3.842
4.098
4.309
3.296
3.04
2.887
2.7
2.21
1.447
1.049
0.796
0.648
0.533
0.485
0.512
1.021
1.259
0.745
0.876
1.318
2.025
2.043
2.761
2.771
3.91
4.158
4.292
3.177
3.0
2.974
2.716
2.266
1.443
1.018
0.757
0.627
0.519
0.476
0.5
1.011
1.3
0.753
0.899
1.292
1.906
1.983
2.805
2.911
3.951
3.996
4.205
3.132
2.912
3.026
2.672
2.187
1.387
0.986
0.742
0.626
0.527
0.495
0.511
1.004
1.368
0.802
0.917
1.248
1.798
1.906
2.654
2.768
3.695
3.784
4.272
3.148
2.821
2.93
2.592
2.212
1.447
0.979
0.76
0.627
0.51
0.484
0.494
0.952
1.285
0.769
0.913
1.217
1.718
1.807
2.546
2.86
3.91
3.888
4.49
3.126
2.778
2.808
2.522
2.171
1.484
1.069
0.786
0.64
0.517
0.48
0.484
0.898
1.196
0.747
0.964
1.183
1.803
1.752
2.612
2.71
3.61
3.567
4.117
3.087
2.847
2.956
2.546
2.161
1.462
1.031
0.774
0.641
0.532
0.498
0.502
0.954
1.26
0.792
1.045
1.246
1.747
1.717
2.43
2.641
3.41
3.459
4.202
3.113
2.885
2.875
2.529
2.132
1.385
0.965
0.735
0.613
0.516
0.489
0.488
0.948
1.249
0.765
1.067
1.243
1.672
1.653
2.227
2.416
3.334
3.346
4.236
3.349
2.861
2.891
2.478
2.101
1.322
0.916
0.708
0.598
0.511
0.486
0.483
0.958
1.303
0.793
1.077
1.267
1.723
1.73
2.147
2.375
3.454
3.28
4.048
3.248
2.814
2.832
2.449
2.149
1.295
0.856
0.671
0.57
0.49
0.469
0.465
0.95
1.291
1.006
1.598
1.306
1.913
1.686
2.011
2.303
3.324
3.734
3.948
3.199
2.824
2.866
2.519
2.06
1.218
0.808
0.644
0.552
0.48
0.461
0.457
0.974
1.29
1.01
1.534
1.386
1.861
1.664
1.92
2.253
3.397
3.698
4.025
3.224
3.089
2.781
2.531
2.099
1.323
0.856
0.68
0.593
0.487
0.471
0.465
0.932
1.214
1.03
1.569
1.366
1.794
1.625
1.896
2.268
3.323
3.67
3.941
3.166
3.006
2.735
2.511
2.163
1.367
0.96
0.756
0.639
0.513
0.5
0.493
0.913
1.168
1.025
1.55
1.286
1.897
1.969
2.465
2.885
3.198
3.456
3.79
3.136
3.098
2.934
2.728
2.193
1.312
0.903
0.72
0.613
0.501
0.487
0.493
1.004
1.155
0.98
1.552
1.397
2.256
2.011
2.4
2.746
3.001
3.762
3.775
3.114
3.009
2.876
2.745
2.137
1.251
0.853
0.686
0.591
0.49
0.478
0.488
1.11
1.159
1.031
1.889
1.46
2.179
1.952
2.295
2.583
2.96
3.889
3.746
3.046
2.92
2.807
2.66
2.029
1.25
0.799
0.648
0.564
0.47
0.464
0.476
1.168
1.157
0.96
1.752
1.437
2.062
1.954
2.385
2.562
2.916
4.013
3.618
2.947
2.819
2.805
2.693
2.05
1.205
0.794
0.676
0.572
0.486
0.48
0.495
1.267
1.2
1.012
1.949
1.396
2.196
2.122
2.426
2.536
2.791
4.403
3.658
2.946
2.816
2.858
2.714
2.059
1.148
0.761
0.649
0.553
0.477
0.475
0.491
1.323
1.209
0.949
1.808
1.291
2.02
2.031
2.411
2.478
2.737
4.464
3.662
2.949
2.817
2.962
2.669
2.019
1.194
0.853
0.77
0.579
0.519
0.493
0.501
1.252
1.147
0.922
1.714
1.281
1.97
2.25
2.415
2.49
2.653
4.241
3.6
2.912
2.84
3.028
2.767
2.05
1.259
0.91
0.826
0.67
0.514
0.487
0.493
1.17
1.077
0.886
1.73
1.245
1.846
2.323
2.578
2.649
2.968
4.043
3.548
2.859
2.738
3.067
2.738
2.047
1.311
0.99
0.912
0.66
0.496
0.469
0.477
1.148
1.155
0.858
1.591
1.154
1.694
2.157
2.385
2.421
2.743
3.87
3.705
2.966
3.025
3.09
2.792
2.027
1.284
0.941
0.869
0.644
0.494
0.471
0.478
1.156
1.172
0.811
1.468
1.072
1.56
1.977
2.239
2.29
2.612
3.773
3.848
3.128
2.941
2.981
2.75
2.052
1.281
0.911
0.844
0.642
0.505
0.487
0.493
1.2
1.205
1.01
1.65
1.138
1.575
1.926
2.365
2.207
2.647
3.868
3.803
3.094
2.94
2.941
2.877
2.055
1.259
0.868
0.808
0.626
0.502
0.485
0.491
1.205
1.235
0.966
1.72
1.298
1.556
1.869
2.392
2.61
2.648
3.834
3.745
3.078
2.844
2.898
2.854
2.001
1.219
0.823
0.767
0.605
0.491
0.477
0.481
1.178
1.256
0.925
1.665
1.567
1.701
1.822
2.32
2.597
2.883
3.807
3.648
3.091
2.84
2.881
2.787
1.963
1.294
0.933
0.89
0.703
0.505
0.495
0.492
1.118
1.189
0.891
1.584
1.512
1.696
1.729
2.202
2.406
2.776
3.729
3.494
2.967
2.793
2.757
2.677
1.913
1.235
0.891
0.874
0.676
0.498
0.488
0.486
1.049
1.113
0.838
1.57
1.541
1.637
1.679
2.169
2.732
2.78
3.516
3.345
2.925
2.826
2.718
2.63
1.933
1.295
0.976
0.864
0.683
0.521
0.514
0.51
1.072
1.159
0.828
1.67
2.104
1.921
1.698
2.079
2.595
2.719
3.491
3.33
3.058
2.798
2.698
2.766
1.96
1.214
0.919
0.818
0.655
0.51
0.502
0.499
1.074
1.176
0.8
1.678
2.132
1.918
1.701
2.021
2.487
2.583
3.761
3.315
3.057
2.741
2.662
2.816
2.056
1.266
0.864
0.773
0.634
0.501
0.496
0.49
1.055
1.192
0.775
1.815
2.247
1.991
1.788
2.089
2.337
2.853
3.78
3.286
3.019
2.745
2.683
2.824
2.128
1.265
0.853
0.759
0.634
0.512
0.519
0.527
1.054
1.223
0.756
1.689
2.133
1.982
2.135
2.071
2.213
2.689
3.593
3.25
3.11
2.78
2.823
2.849
2.043
1.22
0.908
0.828
0.715
0.512
0.502
0.51
1.017
1.245
0.725
1.555
1.955
1.837
2.025
2.032
2.147
2.728
3.883
3.457
3.151
2.73
2.762
2.836
2.072
1.32
0.932
0.839
0.677
0.491
0.484
0.489
0.947
1.15
0.79
1.492
1.964
2.077
2.173
2.129
2.124
2.966
3.748
3.326
3.067
2.771
2.772
2.693
1.969
1.381
0.951
0.886
0.694
0.475
0.471
0.471
0.884
1.066
0.774
1.435
1.927
2.091
2.422
2.345
2.561
2.926
3.567
3.235
3.048
2.744
2.818
2.672
1.943
1.287
0.896
0.835
0.664
0.465
0.464
0.474
0.922
1.087
0.829
1.686
2.027
2.116
2.331
2.472
2.51
2.753
3.854
3.238
3.092
2.775
2.849
2.686
1.946
1.296
0.851
0.792
0.636
0.459
0.455
0.479
0.948
1.105
0.826
1.649
1.976
2.038
2.337
2.361
2.535
2.927
4.172
3.175
3.327
2.906
2.812
2.658
2.002
1.247
0.82
0.767
0.626
0.466
0.462
0.498
1.009
1.162
0.968
1.692
1.932
1.926
2.311
2.326
2.446
3.034
4.048
3.211
3.488
3.057
2.871
2.595
2.015
1.215
0.768
0.723
0.593
0.452
0.446
0.493
0.983
1.174
0.977
1.635
1.912
1.832
2.245
2.371
2.403
2.913
3.893
3.104
3.506
3.134
2.956
2.557
1.935
1.164
0.725
0.683
0.566
0.439
0.434
0.489
1.02
1.171
0.976
1.651
1.985
1.777
2.18
2.369
2.283
3.218
3.751
3.092
3.491
3.14
2.911
2.575
2.018
1.247
0.806
0.742
0.568
0.449
0.446
0.494
0.974
1.107
0.962
1.621
1.877
1.721
2.071
2.291
2.238
3.054
3.571
2.979
3.407
3.06
2.994
2.551
2.037
1.404
0.872
0.811
0.626
0.439
0.434
0.475
0.909
1.026
0.914
1.651
2.0
1.75
2.023
2.666
2.161
2.893
3.342
2.89
3.497
3.106
2.944
2.542
1.998
1.328
0.836
0.779
0.614
0.445
0.441
0.476
0.926
1.013
0.86
1.522
1.877
1.657
1.897
2.528
2.462
2.805
3.332
2.876
3.535
3.116
2.985
2.494
2.036
1.369
0.915
0.812
0.648
0.438
0.435
0.466
0.954
0.951
0.904
1.421
1.741
1.533
1.745
2.314
2.458
3.198
3.472
2.952
3.54
3.526
3.015
2.454
2.108
1.319
0.867
0.776
0.627
0.438
0.436
0.462
0.985
0.955
0.872
1.347
1.624
1.526
1.786
2.229
2.393
3.288
3.555
2.997
3.524
3.494
3.03
2.414
2.077
1.251
0.819
0.739
0.66
0.541
0.426
0.448
1.0
0.965
0.822
1.247
1.674
1.602
1.789
2.089
2.223
3.091
3.35
3.083
3.497
3.49
2.978
2.393
2.107
1.374
0.872
0.782
0.638
0.522
0.419
0.435
0.969
0.954
0.801
1.327
1.805
1.632
1.835
2.158
2.542
3.148
3.215
3.15
3.44
3.434
2.944
2.496
2.16
1.448
0.911
0.793
0.608
0.502
0.409
0.423
0.93
0.891
0.753
1.246
1.792
1.597
1.757
2.019
2.349
2.985
3.186
3.195
3.413
3.267
2.857
2.426
2.115
1.457
0.923
0.74
0.584
0.489
0.403
0.418
0.902
0.847
0.736
1.216
1.759
1.695
1.928
2.173
2.658
2.881
3.079
3.081
3.346
3.235
2.917
2.405
2.026
1.37
0.889
0.723
0.584
0.496
0.419
0.433
0.908
0.897
0.735
1.134
1.621
1.565
1.799
2.039
2.504
2.753
3.072
3.107
3.516
3.422
3.033
2.477
2.076
1.344
0.878
0.727
0.604
0.524
0.454
0.469
0.972
0.918
0.751
1.488
1.774
1.545
1.86
1.996
2.454
2.752
3.258
3.12
3.48
3.299
3.0
2.444
2.017
1.325
0.821
0.686
0.575
0.502
0.44
0.453
0.944
0.918
0.858
1.593
1.798
1.59
1.865
1.905
2.284
2.557
3.161
2.908
3.569
3.5
3.121
2.51
2.099
1.266
0.774
0.653
0.552
0.486
0.43
0.442
0.962
0.904
0.807
1.489
1.689
1.561
1.84
2.084
2.109
2.643
3.065
2.862
3.618
3.433
3.044
2.577
2.015
1.181
0.739
0.63
0.529
0.469
0.427
0.434
0.977
0.905
0.767
1.375
1.584
1.449
1.72
2.151
1.976
2.537
2.94
2.945
3.565
3.378
2.942
2.652
2.003
1.193
0.741
0.679
0.533
0.458
0.421
0.426
0.915
0.947
0.753
1.277
1.462
1.351
1.712
2.171
1.93
2.574
2.984
3.034
3.553
3.285
2.852
2.616
2.064
1.284
0.876
0.752
0.52
0.45
0.417
0.422
0.861
0.925
0.714
1.27
1.39
1.398
1.679
2.422
2.236
3.133
3.002
3.012
3.463
3.197
2.847
2.68
2.056
1.3
0.904
0.749
0.523
0.46
0.43
0.442
0.914
0.972
0.83
1.566
1.443
1.42
1.93
2.42
2.155
3.085
3.032
3.042
3.399
3.105
2.781
2.653
2.113
1.295
0.924
0.77
0.501
0.446
0.417
0.436
0.924
0.983
0.792
1.457
1.394
1.395
1.854
2.34
2.084
3.044
3.115
3.066
3.337
3.085
2.767
2.607
2.046
1.264
0.88
0.745
0.491
0.443
0.415
0.433
0.878
0.96
0.746
1.401
1.289
1.323
1.778
2.528
2.305
3.092
3.157
2.925
3.286
3.012
2.667
2.517
1.968
1.227
0.83
0.695
0.478
0.44
0.408
0.434
0.861
1.024
0.719
1.299
1.233
1.281
1.691
2.563
2.343
2.991
3.101
3.123
3.3
3.165
2.671
2.536
1.944
1.156
0.804
0.665
0.47
0.434
0.405
0.437
0.841
1.165
0.898
1.538
1.309
1.233
1.632
2.386
2.576
3.134
3.05
3.121
3.357
3.28
2.697
2.551
1.979
1.283
0.882
0.747
0.541
0.438
0.405
0.432
0.795
1.087
0.859
1.52
1.249
1.269
1.743
2.663
2.633
3.162
2.999
3.161
3.353
3.26
2.719
2.527
1.97
1.399
0.996
0.769
0.532
0.44
0.409
0.434
0.76
1.023
0.872
1.459
1.214
1.472
1.916
2.657
2.692
3.332
2.859
3.048
3.35
3.197
2.685
2.5
2.038
1.452
0.945
0.725
0.512
0.43
0.401
0.426
0.754
0.998
0.871
1.387
1.209
1.398
1.817
2.499
2.542
3.205
3.097
3.061
3.609
3.189
2.693
2.454
1.892
1.339
0.89
0.691
0.501
0.426
0.401
0.419
0.753
0.994
0.828
1.479
1.384
1.572
1.839
2.338
2.354
2.976
3.343
3.1
3.52
3.178
2.644
2.437
1.899
1.277
0.832
0.657
0.49
0.423
0.399
0.415
0.78
1.036
0.813
1.558
1.566
1.577
1.801
2.171
2.203
2.81
3.737
3.064
3.437
3.084
2.607
2.405
2.042
1.307
0.843
0.638
0.48
0.419
0.399
0.411
0.794
1.042
0.776
1.442
1.566
1.708
1.909
2.228
2.241
2.736
3.87
2.945
3.286
2.976
2.67
2.411
1.978
1.272
0.802
0.608
0.466
0.41
0.392
0.401
0.784
1.02
0.754
1.381
1.643
1.841
1.916
2.365
2.532
2.67
3.681
2.937
3.181
2.94
2.596
2.421
2.023
1.306
0.863
0.724
0.598
0.411
0.395
0.401
0.745
0.959
0.739
1.355
1.583
1.741
1.828
2.331
2.4
2.507
3.665
2.954
3.13
2.818
2.548
2.356
1.996
1.284
0.968
0.828
0.589
0.402
0.389
0.393
0.73
0.896
0.737
1.34
1.565
1.849
2.013
2.456
2.67
2.433
3.512
2.853
2.977
2.907
2.586
2.347
2.021
1.376
0.935
0.821
0.605
0.434
0.424
0.427
0.794
0.882
0.729
1.273
1.503
1.785
2.019
2.502
2.836
2.456
3.575
2.894
2.988
2.936
2.668
2.417
2.032
1.367
0.886
0.779
0.585
0.43
0.423
0.431
0.858
0.834
0.691
1.232
1.635
1.982
2.127
2.64
3.134
2.444
3.49
2.822
3.137
3.058
2.673
2.444
2.003
1.326
0.798
0.701
0.526
0.487
0.476
0.487
0.926
0.786
0.683
1.232
1.573
1.956
2.027
2.653
3.222
2.488
3.456
2.858
3.174
3.153
2.749
2.492
2.045
1.438
0.784
0.675
0.523
0.482
0.482
0.522
0.941
0.994
1.165
1.322
1.628
1.963
1.968
2.673
3.084
2.575
3.35
2.704
3.046
3.031
2.747
2.479
1.963
1.402
0.773
0.642
0.501
0.466
0.474
0.536
0.93
0.927
1.096
1.266
1.571
1.891
2.034
2.768
2.978
2.398
3.565
2.986
3.06
3.048
2.74
2.441
2.356
1.537
0.885
0.639
0.495
0.456
0.47
0.518
0.875
0.906
1.045
1.215
1.655
2.003
1.93
2.619
2.865
2.403
3.547
2.802
2.895
2.942
2.639
2.38
2.253
1.468
0.859
0.608
0.479
0.441
0.454
0.497
0.853
0.852
1.011
1.392
1.822
2.179
2.239
2.484
2.853
2.406
3.312
2.655
2.781
2.853
2.552
2.296
2.214
1.443
0.812
0.588
0.478
0.444
0.46
0.494
0.839
0.807
0.953
1.393
1.741
2.076
2.102
2.324
2.803
2.361
3.153
2.547
2.696
2.967
2.513
2.233
2.027
1.34
0.77
0.573
0.47
0.442
0.454
0.521
0.87
0.768
0.894
1.287
1.605
1.933
1.96
2.182
2.639
2.321
3.476
2.473
3.094
3.097
2.748
2.309
1.971
1.286
0.735
0.556
0.464
0.441
0.448
0.534
0.926
0.754
0.888
1.23
1.606
1.891
1.89
2.154
2.818
2.422
3.298
2.438
3.04
2.993
2.881
2.356
1.949
1.215
0.711
0.532
0.451
0.432
0.436
0.542
0.965
0.736
0.845
1.208
1.588
1.928
1.802
2.357
2.898
2.281
3.084
2.348
2.949
2.966
2.81
2.37
1.973
1.255
0.734
0.519
0.451
0.428
0.433
0.562
0.948
0.707
0.827
1.217
1.751
2.139
1.765
2.589
2.781
2.209
2.915
2.261
2.872
2.881
2.658
2.247
1.965
1.336
0.896
0.587
0.474
0.454
0.457
0.574
0.92
0.705
0.81
1.189
1.728
2.06
1.708
2.621
2.624
2.113
2.744
2.173
2.839
2.826
2.586
2.201
1.936
1.388
1.15
0.788
0.614
0.444
0.443
0.551
0.86
0.668
0.761
1.111
1.682
1.999
2.011
2.871
2.997
2.109
2.67
2.149
2.725
2.794
2.577
2.213
1.892
1.333
1.068
0.744
0.585
0.434
0.431
0.599
0.849
0.648
0.719
1.035
1.549
1.838
1.852
2.62
2.735
2.003
2.72
2.094
2.63
2.846
2.639
2.241
1.891
1.241
1.002
0.711
0.567
0.431
0.428
0.648
0.873
0.629
0.682
0.967
1.429
1.693
1.702
2.397
2.534
1.95
2.74
2.062
2.564
2.92
2.681
2.165
1.74
1.152
0.939
0.675
0.547
0.421
0.419
0.674
0.886
0.637
0.65
0.909
1.412
1.73
1.712
2.314
2.755
2.097
2.778
2.293
2.734
2.935
2.722
2.197
1.701
1.083
0.878
0.639
0.526
0.41
0.41
0.697
0.879
0.706
0.781
1.008
1.418
1.741
2.037
2.187
2.638
2.032
2.665
2.34
2.623
3.055
2.7
2.286
1.659
1.062
0.843
0.612
0.511
0.407
0.405
0.702
0.906
0.866
0.96
1.38
1.462
1.646
2.015
2.044
2.847
2.03
2.567
2.227
2.605
2.998
2.699
2.234
1.639
1.008
0.894
0.651
0.494
0.401
0.398
0.688
0.852
0.879
0.923
1.278
1.358
1.576
1.916
2.098
2.926
1.983
2.454
2.125
2.495
3.017
2.675
2.168
1.585
1.003
0.869
0.619
0.478
0.393
0.392
0.672
0.788
0.861
0.887
1.547
1.931
2.061
1.896
2.011
2.76
1.884
2.286
2.202
2.358
2.791
2.537
2.126
1.568
1.032
0.858
0.617
0.491
0.414
0.412
0.715
0.834
0.866
1.041
1.574
1.855
2.213
1.786
1.877
2.592
1.881
2.31
2.241
2.402
2.622
2.542
2.106
1.453
0.961
0.804
0.586
0.475
0.404
0.401
0.738
0.867
0.843
1.018
1.68
1.787
2.11
1.819
1.927
2.525
2.12
2.233
2.256
2.35
2.626
2.595
2.069
1.374
0.896
0.756
0.56
0.458
0.396
0.393
0.739
0.895
0.85
1.057
1.602
1.67
2.037
1.741
1.83
2.383
2.239
2.529
2.285
2.722
2.711
2.555
2.075
1.311
0.84
0.711
0.535
0.444
0.386
0.386
0.735
0.913
0.812
0.993
1.494
1.548
2.16
1.766
1.801
2.253
2.085
2.448
2.248
2.77
2.693
2.714
2.116
1.294
0.812
0.674
0.517
0.433
0.381
0.381
0.745
0.915
0.818
0.943
1.379
1.427
1.985
1.624
1.673
2.187
2.192
2.441
2.159
2.795
2.642
2.609
2.104
1.354
0.945
0.72
0.533
0.45
0.402
0.405
0.751
0.908
0.828
0.941
1.457
1.649
1.953
1.614
1.763
2.705
2.194
2.402
2.093
2.701
2.616
2.546
2.071
1.292
0.926
0.745
0.554
0.474
0.428
0.43
0.764
0.887
0.879
0.927
1.421
1.592
1.903
1.631
1.702
2.563
2.483
2.367
2.074
2.632
2.7
2.776
2.109
1.38
0.883
0.704
0.532
0.458
0.419
0.419
0.742
0.93
0.862
1.006
1.359
1.46
1.828
1.546
1.705
2.392
2.519
2.365
2.014
2.561
2.671
2.717
2.05
1.287
0.828
0.665
0.513
0.445
0.409
0.411
0.727
0.933
0.852
1.031
1.329
1.493
1.75
1.482
1.659
2.279
2.968
2.382
2.074
2.517
2.634
2.785
2.079
1.223
0.793
0.65
0.51
0.45
0.414
0.411
0.723
0.96
0.829
1.039
1.568
1.453
1.802
1.766
1.853
2.265
3.105
2.393
2.027
2.473
2.61
2.751
2.054
1.201
0.748
0.622
0.495
0.439
0.409
0.404
0.712
0.981
0.804
0.99
1.449
1.344
1.7
1.695
1.843
2.291
3.314
2.348
2.213
2.559
2.58
2.751
2.049
1.272
0.742
0.592
0.479
0.427
0.402
0.4
0.713
0.994
0.816
0.944
1.403
1.291
1.731
1.683
1.796
2.203
3.209
2.35
2.201
2.464
2.542
2.744
2.0
1.296
0.832
0.646
0.47
0.421
0.399
0.397
0.698
0.934
0.774
0.95
1.361
1.272
1.754
1.684
1.776
2.06
2.979
2.226
2.297
2.509
2.393
2.685
1.985
1.245
0.802
0.632
0.464
0.421
0.4
0.397
0.717
0.958
0.775
0.995
1.322
1.25
1.958
1.961
2.157
2.026
2.95
2.16
2.263
2.369
2.333
2.584
1.899
1.2
0.803
0.684
0.518
0.421
0.396
0.389
0.699
0.896
0.768
1.002
1.249
1.199
1.835
1.888
2.141
2.191
2.955
2.106
2.164
2.288
2.304
2.696
1.952
1.308
0.77
0.652
0.503
0.414
0.391
0.385
0.73
0.898
0.904
1.181
1.26
1.203
1.992
1.888
2.108
2.17
2.934
2.08
2.087
2.175
2.33
2.672
2.077
1.43
0.807
0.621
0.485
0.408
0.384
0.379
0.721
0.902
0.861
1.192
1.327
1.438
2.116
1.918
2.148
2.281
2.916
2.095
2.363
2.146
2.314
2.593
2.15
1.574
0.822
0.599
0.478
0.409
0.386
0.381
0.744
0.894
0.841
1.155
1.273
1.532
2.184
1.805
2.021
2.155
3.162
2.06
2.236
2.091
2.323
2.603
2.129
1.588
0.78
0.579
0.471
0.406
0.386
0.449
0.754
0.919
0.8
1.1
1.483
1.561
2.289
1.801
1.946
2.108
3.136
2.014
2.207
2.024
2.341
2.591
2.078
1.552
0.824
0.597
0.522
0.446
0.405
0.462
0.758
0.887
0.777
1.048
1.443
1.491
2.161
1.781
1.968
2.004
2.983
2.002
2.394
1.964
2.223
2.536
2.031
1.477
0.835
0.621
0.513
0.443
0.404
0.456
0.743
0.838
0.734
1.052
1.402
1.64
2.384
2.066
1.983
1.919
2.787
1.958
2.307
2.038
2.24
2.506
1.974
1.405
0.789
0.597
0.502
0.439
0.404
0.45
0.774
0.891
0.731
1.012
1.348
1.58
2.236
1.952
1.881
1.811
2.776
1.919
2.426
2.038
2.235
2.516
2.219
1.511
0.774
0.599
0.511
0.454
0.423
0.466
0.784
0.929
0.74
1.001
1.44
1.702
2.2
2.098
1.805
1.743
2.617
1.903
2.323
2.05
2.322
2.545
2.289
1.574
0.787
0.571
0.495
0.444
0.414
0.452
0.759
0.92
0.724
0.961
1.366
1.665
2.444
2.028
1.821
2.197
2.619
1.88
2.342
2.301
2.491
2.633
2.357
1.632
0.859
0.549
0.482
0.436
0.407
0.441
0.738
0.948
0.697
0.97
1.36
1.624
2.348
1.954
1.765
2.095
2.619
1.861
2.269
2.24
2.434
2.659
2.24
1.525
0.93
0.622
0.465
0.424
0.433
0.461
0.726
0.951
0.67
0.907
1.261
1.495
2.166
1.873
1.713
2.057
2.485
1.988
2.216
2.174
2.52
2.749
2.177
1.575
0.967
0.733
0.458
0.419
0.427
0.451
0.714
0.897
0.641
0.898
1.19
1.403
2.086
1.83
1.702
2.067
2.615
2.131
2.146
2.312
2.509
2.695
2.183
1.625
0.916
0.777
0.448
0.412
0.417
0.438
0.696
0.844
0.686
1.23
1.343
1.623
2.299
2.027
1.663
2.22
2.449
2.116
2.146
2.206
2.399
2.71
2.104
1.551
0.92
0.734
0.436
0.402
0.407
0.428
0.681
0.851
0.645
1.168
1.299
1.577
2.327
1.964
1.701
2.548
2.371
2.035
2.326
2.12
2.387
2.725
2.208
1.549
0.877
0.693
0.424
0.394
0.399
0.417
0.692
0.884
0.658
1.144
1.283
1.559
2.641
1.891
1.7
2.7
2.414
2.183
2.336
2.127
2.394
2.719
2.221
1.623
0.982
0.689
0.465
0.427
0.429
0.446
0.715
0.906
0.677
1.12
1.266
1.677
2.642
1.828
1.65
2.552
2.275
2.12
2.229
2.006
2.29
2.7
2.202
1.609
0.932
0.653
0.452
0.426
0.427
0.441
0.708
0.921
0.65
1.056
1.221
1.596
2.459
1.727
1.599
2.54
2.263
2.089
2.308
1.975
2.228
2.615
2.062
1.582
0.993
0.761
0.452
0.43
0.431
0.445
0.707
0.948
0.626
0.991
1.125
1.497
2.327
1.656
1.561
2.809
2.242
2.099
2.409
2.022
2.188
2.77
2.194
1.612
1.075
0.793
0.452
0.433
0.417
0.445
0.692
0.892
0.601
0.973
1.112
1.469
2.169
1.648
1.486
2.762
2.229
2.05
2.309
1.931
2.166
2.689
2.157
1.654
1.126
0.817
0.484
0.442
0.436
0.465
0.686
0.865
0.606
1.043
1.337
1.408
2.041
1.755
1.735
3.025
2.122
1.969
2.209
1.843
2.113
2.719
2.14
1.626
1.05
0.772
0.474
0.445
0.424
0.441
0.668
0.864
0.596
1.012
1.557
1.553
1.988
1.733
1.805
2.933
2.185
1.989
2.094
1.79
2.066
2.667
2.104
1.622
1.063
0.715
0.462
0.433
0.415
0.432
0.645
0.859
0.603
0.989
1.551
1.568
1.93
1.807
1.908
2.784
2.337
2.003
2.089
1.936
2.062
2.726
2.186
1.635
1.04
0.701
0.474
0.447
0.43
0.446
0.653
0.878
0.618
1.009
1.467
1.476
1.959
1.736
1.808
2.697
2.541
1.987
2.035
1.837
2.019
2.66
2.2
1.627
0.996
0.662
0.458
0.434
0.42
0.434
0.637
0.869
0.612
0.974
1.392
1.45
1.833
1.627
1.717
2.519
2.432
1.921
2.16
2.046
2.111
2.859
2.321
1.625
1.047
0.644
0.448
0.433
0.411
0.426
0.627
0.877
0.603
0.948
1.294
1.548
1.918
1.688
1.699
2.482
2.639
1.973
2.193
2.003
2.117
2.762
2.324
1.641
1.041
0.649
0.471
0.457
0.434
0.429
0.64
0.855
0.608
0.922
1.332
1.604
1.879
1.706
1.686
2.406
3.017
2.012
2.093
2.227
2.197
2.658
2.198
1.6
1.128
0.731
0.493
0.481
0.459
0.449
0.654
0.825
0.59
0.89
1.321
1.52
2.1
1.959
2.053
2.295
2.867
2.048
1.976
2.155
2.082
2.513
2.159
1.599
1.148
0.704
0.476
0.472
0.457
0.45
0.652
0.845
0.579
0.846
1.234
1.42
2.031
1.873
1.944
2.155
2.724
2.169
1.995
2.129
2.051
2.551
2.174
1.609
1.102
0.695
0.486
0.481
0.468
0.462
0.653
0.861
0.58
0.87
1.178
1.419
2.212
1.866
2.017
2.136
2.789
2.151
1.893
2.035
2.06
2.442
2.216
1.702
1.135
0.667
0.48
0.474
0.462
0.458
0.643
0.878
0.572
0.854
1.112
1.34
2.129
1.761
1.903
2.035
2.652
2.092
2.048
2.086
2.07
2.556
2.162
1.716
1.107
0.645
0.473
0.467
0.455
0.452
0.648
0.895
0.594
0.878
1.1
1.264
2.062
1.707
1.946
2.291
2.469
1.979
1.914
1.995
1.98
2.431
2.141
1.725
1.059
0.615
0.46
0.453
0.443
0.441
0.629
0.886
0.588
0.975
1.427
1.325
2.06
1.688
1.929
2.29
2.505
2.2
1.839
1.875
1.864
2.345
2.184
1.775
1.114
0.708
0.458
0.448
0.437
0.436
0.617
0.837
0.598
0.959
1.33
1.261
1.911
1.646
1.911
2.164
2.411
2.109
1.803
2.036
1.766
2.258
2.057
1.691
1.089
0.726
0.545
0.457
0.433
0.432
0.604
0.813
0.583
0.945
1.248
1.199
2.046
1.879
2.254
2.258
2.352
2.079
1.778
2.0
1.772
2.255
2.048
1.652
1.191
0.785
0.529
0.446
0.423
0.422
0.588
0.766
0.62
0.939
1.177
1.15
1.962
1.85
2.242
2.167
2.293
2.237
1.808
1.946
1.863
2.263
2.113
1.691
1.13
0.751
0.52
0.445
0.424
0.425
0.593
0.799
0.603
0.888
1.111
1.141
1.941
1.816
2.198
2.104
2.4
2.54
1.84
1.897
1.883
2.3
2.157
1.7
1.126
0.729
0.514
0.446
0.427
0.43
0.606
0.829
0.582
0.838
1.058
1.107
1.904
2.024
2.229
2.195
2.702
2.468
1.804
1.851
1.923
2.234
2.106
1.765
1.268
0.735
0.519
0.439
0.418
0.421
0.59
0.78
0.637
0.831
1.076
1.112
1.83
1.92
2.101
2.114
2.541
2.283
1.685
1.782
1.818
2.078
2.048
1.687
1.203
0.721
0.526
0.455
0.436
0.44
0.671
0.799
0.641
0.809
1.028
1.047
1.721
1.824
1.967
1.985
2.364
2.129
1.597
1.655
1.699
2.042
2.019
1.691
1.12
0.69
0.513
0.448
0.431
0.418
0.654
0.757
0.612
0.751
0.966
0.989
1.624
1.699
1.84
1.893
2.178
1.985
1.537
1.594
1.612
1.954
2.01
1.606
1.09
0.702
0.528
0.481
0.472
0.46
0.68
0.751
0.624
0.759
0.95
0.965
1.581
1.645
1.774
1.966
2.275
1.919
1.583
1.614
1.643
1.959
2.071
1.712
1.035
0.691
0.532
0.489
0.48
0.472
0.679
0.736
0.606
0.746
0.929
0.938
1.608
1.585
1.689
1.865
2.116
1.787
1.51
1.596
1.633
1.972
2.111
1.766
1.117
0.815
0.698
0.628
0.593
0.469
0.645
0.698
0.582
0.706
0.929
0.939
1.548
1.513
1.622
1.807
2.004
1.741
1.451
1.544
1.588
1.938
2.023
1.694
1.081
0.799
0.694
0.625
0.586
0.492
0.657
0.693
0.589
0.693
0.892
0.927
1.576
1.6
1.561
1.735
1.889
1.74
1.416
1.529
1.631
1.963
2.092
1.796
1.268
0.888
0.678
0.618
0.58
0.489
0.644
0.677
0.583
0.67
0.851
0.937
1.576
1.612
1.546
1.73
2.009
1.892
1.579
1.77
1.615
2.022
2.095
1.789
1.316
0.871
0.651
0.59
0.572
0.49
0.637
0.657
0.571
0.65
0.826
0.902
1.527
1.585
1.527
1.937
2.042
1.814
1.543
1.861
1.747
1.984
2.072
1.788
1.373
0.97
0.672
0.601
0.583
0.511
0.652
0.66
0.583
0.666
0.852
0.916
1.493
1.519
1.659
1.924
1.928
1.736
1.478
1.744
1.661
1.859
1.933
1.677
1.312
1.002
0.777
0.686
0.638
0.574
0.71
0.707
0.615
0.667
0.835
0.931
1.506
1.501
1.755
2.09
1.812
1.634
1.4
1.64
1.573
1.827
1.901
1.626
1.406
0.988
0.732
0.652
0.616
0.542
0.672
0.67
0.598
0.721
0.856
0.956
1.456
1.506
1.719
2.029
1.804
1.938
1.495
1.899
1.879
2.021
2.169
1.711
1.353
0.926
0.704
0.626
0.594
0.527
0.654
0.641
0.594
0.724
0.901
1.14
1.425
1.479
1.821
2.401
1.816
2.044
1.58
1.919
1.888
2.02
2.197
1.737
1.359
0.891
0.655
0.599
0.568
0.508
0.632
0.61
0.617
0.721
0.876
1.172
1.424
1.556
1.805
2.363
1.969
2.393
1.615
1.873
2.035
2.115
2.222
1.811
1.377
0.845
0.636
0.586
0.558
0.504
0.628
0.615
0.671
0.818
0.933
1.192
1.627
1.771
1.816
2.321
2.139
2.49
1.69
1.802
2.006
2.18
2.34
1.928
1.464
0.815
0.607
0.562
0.536
0.487
0.592
0.589
0.708
0.812
0.922
1.225
1.628
1.775
1.795
2.266
2.249
2.817
1.726
1.778
2.091
2.171
2.247
1.959
1.482
0.779
0.583
0.542
0.519
0.475
0.58
0.585
0.743
0.8
0.921
1.543
1.704
1.686
1.707
2.194
2.293
2.728
1.66
1.726
2.036
2.143
2.234
1.913
1.425
0.798
0.607
0.535
0.504
0.464
0.569
0.564
0.706
0.77
0.888
1.571
1.707
1.764
1.977
2.476
2.201
2.589
1.74
1.862
2.079
2.108
2.212
1.915
1.416
0.795
0.589
0.523
0.495
0.459
0.587
0.573
0.672
0.748
0.861
1.562
1.693
1.726
1.908
2.365
2.264
2.519
1.74
1.823
2.005
2.081
2.228
1.928
1.368
0.767
0.573
0.514
0.488
0.457
0.581
0.606
0.651
0.716
0.833
1.478
1.616
1.632
1.876
2.307
2.251
2.584
1.702
1.786
2.156
2.24
2.516
1.906
1.328
0.74
0.567
0.513
0.49
0.449
0.581
0.653
0.638
0.688
0.845
1.454
1.619
1.653
1.825
2.399
2.332
2.499
1.689
1.895
2.166
2.309
2.462
1.847
1.277
0.723
0.624
0.499
0.476
0.441
0.574
0.666
0.631
0.71
0.844
1.384
1.603
1.845
2.425
2.611
2.202
2.35
1.628
1.846
2.22
2.403
2.41
1.804
1.294
0.74
0.618
0.504
0.482
0.455
0.608
0.679
0.655
0.75
0.83
1.372
1.551
1.859
2.338
2.614
2.208
2.228
1.554
1.766
2.127
2.414
2.36
1.785
1.359
0.831
0.62
0.517
0.497
0.473
0.621
0.674
0.653
0.737
0.814
1.319
1.491
1.824
2.219
2.497
2.23
2.632
1.649
1.98
2.113
2.388
2.25
1.695
1.353
0.857
0.618
0.524
0.506
0.484
0.629
0.663
0.628
0.78
0.833
1.457
1.792
2.111
2.622
2.446
2.166
2.572
1.663
2.003
2.19
2.379
2.267
1.785
1.349
0.897
0.682
0.541
0.524
0.503
0.641
0.744
0.95
0.831
0.863
1.472
1.809
2.011
2.43
2.456
2.201
2.537
1.734
2.106
2.098
2.528
2.363
1.75
1.251
0.844
0.662
0.522
0.507
0.487
0.628
0.757
0.904
0.814
0.857
1.459
1.766
1.932
2.277
2.325
2.178
2.989
1.796
2.095
2.114
2.501
2.46
1.786
1.276
0.873
0.707
0.527
0.5
0.477
0.618
0.767
0.853
0.781
0.904
1.463
1.739
1.91
2.501
2.551
2.595
2.902
1.937
2.245
2.112
2.497
2.58
1.84
1.265
0.842
0.683
0.52
0.498
0.476
0.614
0.78
0.809
0.805
0.859
1.509
1.801
1.866
2.499
2.534
2.652
3.01
2.063
2.142
2.036
2.454
2.541
1.817
1.247
0.795
0.649
0.516
0.481
0.462
0.595
0.792
0.764
0.804
0.843
1.479
1.827
1.896
2.409
2.439
2.773
3.151
2.272
2.063
2.02
2.492
2.447
1.781
1.283
0.77
0.623
0.503
0.471
0.454
0.584
0.751
0.726
0.792
0.856
1.448
1.8
1.919
2.312
2.451
3.054
3.07
2.318
2.031
2.001
2.378
2.319
1.681
1.233
0.771
0.603
0.494
0.466
0.451
0.575
0.714
0.761
0.796
0.847
1.434
1.748
1.953
2.363
2.331
2.962
2.899
2.209
1.961
2.017
2.398
2.283
1.729
1.213
0.754
0.602
0.504
0.478
0.465
0.59
0.754
0.772
0.82
0.85
1.377
1.742
1.98
2.304
2.372
2.866
2.752
2.184
2.037
2.072
2.369
2.225
1.668
1.212
0.767
0.588
0.5
0.478
0.469
0.587
0.768
0.773
0.812
0.978
1.378
1.743
1.891
2.364
2.376
2.933
2.68
2.16
2.181
2.136
2.368
2.273
1.708
1.156
0.752
0.591
0.511
0.492
0.483
0.685
0.858
0.761
0.817
0.948
1.957
1.716
1.805
2.225
2.306
2.819
2.561
2.12
2.194
2.132
2.386
2.265
1.662
1.084
0.71
0.565
0.493
0.476
0.468
0.699
0.863
0.736
0.866
1.34
2.307
1.667
1.714
2.093
2.164
2.679
2.495
2.113
2.157
2.015
2.428
2.173
1.608
1.159
0.788
0.547
0.485
0.469
0.463
0.72
0.873
0.712
0.827
1.248
2.118
1.623
1.605
1.958
2.019
2.538
2.38
2.006
2.109
1.968
2.325
2.141
1.518
1.079
0.748
0.527
0.472
0.458
0.453
0.695
0.821
0.72
0.842
1.202
1.985
1.611
1.592
1.905
1.996
2.424
2.45
2.054
2.267
1.94
2.302
2.059
1.494
1.033
0.718
0.515
0.465
0.453
0.449
0.674
0.779
0.748
0.889
1.423
2.17
1.905
2.007
1.872
1.908
2.312
2.327
1.934
2.176
1.904
2.269
2.039
1.439
0.991
0.689
0.505
0.459
0.448
0.446
0.677
0.805
0.763
0.895
1.362
2.194
1.912
1.864
1.775
1.794
2.209
2.439
2.088
2.3
1.91
2.283
2.036
1.447
0.925
0.653
0.488
0.446
0.439
0.434
0.659
0.81
0.753
0.884
1.425
2.626
1.843
1.795
1.68
1.685
2.123
2.352
2.028
2.198
1.889
2.402
2.025
1.433
0.945
0.651
0.474
0.436
0.43
0.425
0.653
0.804
0.73
0.863
1.386
2.909
1.834
1.692
1.73
1.924
2.357
2.36
1.967
2.142
1.929
2.426
2.037
1.422
0.964
0.662
0.476
0.434
0.429
0.407
0.66
0.806
0.814
1.061
1.448
3.252
1.904
1.757
1.735
1.958
2.38
2.449
1.928
2.154
1.942
2.517
2.1
1.4
1.067
0.789
0.54
0.435
0.433
0.413
0.666
0.817
0.773
1.025
1.376
3.054
1.849
1.786
1.755
1.97
2.234
2.361
1.837
2.018
1.836
2.478
2.112
1.502
1.049
0.753
0.525
0.43
0.425
0.392
0.646
0.774
0.735
1.027
1.355
2.866
1.741
1.684
1.675
1.897
2.071
2.292
1.873
1.932
1.867
2.443
2.049
1.479
1.108
0.82
0.612
0.451
0.425
0.394
0.631
0.73
0.694
0.962
1.299
2.73
1.721
1.587
1.754
2.017
2.313
2.201
1.826
1.88
1.852
2.429
2.092
1.506
1.151
0.834
0.592
0.446
0.422
0.391
0.609
0.748
0.708
0.898
1.213
2.61
1.766
1.593
1.926
1.951
2.704
2.414
1.834
1.971
1.911
2.515
2.298
1.603
1.218
0.89
0.584
0.453
0.432
0.404
0.618
0.784
0.713
0.854
1.263
2.9
1.757
1.567
1.867
1.964
2.627
2.485
1.946
1.983
1.923
2.55
2.339
1.645
1.221
0.916
0.585
0.466
0.447
0.417
0.617
0.81
0.714
0.838
1.234
2.725
1.761
1.55
1.839
1.946
2.904
2.553
2.261
1.973
1.854
2.495
2.366
1.658
1.204
0.886
0.629
0.505
0.448
0.411
0.606
0.822
0.678
0.832
1.198
2.583
1.758
1.545
1.781
1.888
3.085
2.603
2.211
1.926
1.795
2.476
2.358
1.681
1.247
0.868
0.619
0.505
0.454
0.421
0.614
0.881
0.661
0.804
1.122
2.378
1.644
1.46
1.674
2.092
3.037
2.488
2.268
1.933
1.802
2.463
2.567
1.774
1.314
0.955
0.631
0.526
0.479
0.45
0.63
0.862
0.681
0.846
1.128
2.289
1.639
1.447
1.661
2.011
2.868
2.434
2.323
1.986
1.744
2.421
2.547
1.803
1.36
0.954
0.626
0.532
0.488
0.462
0.633
0.849
0.753
0.924
1.154
2.19
1.721
1.673
1.875
2.287
2.989
2.585
2.442
1.952
1.743
2.48
2.552
1.851
1.449
1.08
0.718
0.559
0.513
0.489
0.643
0.831
0.753
0.898
1.095
2.088
1.702
1.62
1.791
2.197
2.905
2.522
2.33
1.891
1.768
2.521
2.542
1.957
1.528
1.114
0.718
0.577
0.532
0.508
0.64
0.878
0.756
0.871
1.06
1.972
1.634
1.578
1.793
2.403
3.103
2.855
2.336
1.886
1.794
2.652
2.571
1.981
1.528
1.136
0.761
0.588
0.546
0.523
0.647
0.906
0.769
0.871
1.026
1.889
1.603
1.694
1.907
2.264
2.964
2.978
2.34
1.918
1.94
2.629
2.604
1.98
1.418
1.06
0.721
0.565
0.528
0.507
0.626
0.912
0.753
0.853
1.041
1.814
1.609
1.674
1.979
2.102
2.738
2.836
2.229
1.861
1.983
2.619
2.68
1.993
1.455
1.049
0.684
0.544
0.509
0.489
0.601
0.927
0.73
0.833
1.03
1.764
1.661
1.724
1.942
2.086
3.124
3.031
2.261
1.863
1.97
2.518
2.648
1.992
1.574
1.096
0.739
0.586
0.492
0.474
0.573
0.868
0.695
0.792
1.073
1.654
1.739
1.762
1.97
2.107
3.014
2.865
2.317
1.891
2.295
2.426
2.553
2.002
1.53
1.179
0.768
0.605
0.503
0.497
0.593
0.859
0.713
0.786
1.051
1.559
1.919
2.053
2.243
2.033
2.861
2.736
2.171
1.837
2.359
2.465
2.52
2.034
1.576
1.148
0.755
0.594
0.5
0.497
0.591
0.875
0.695
0.748
1.023
1.476
1.832
1.924
2.158
1.982
2.774
2.643
2.101
1.75
2.24
2.6
2.515
2.052
1.535
1.124
0.775
0.622
0.494
0.491
0.585
0.882
0.675
0.714
0.959
1.416
1.766
1.902
2.109
2.147
3.182
2.719
2.11
1.808
2.298
2.626
2.586
2.154
1.556
1.074
0.722
0.586
0.479
0.477
0.567
0.942
0.72
0.976
1.061
1.459
1.829
1.858
2.056
2.097
3.226
2.624
2.377
1.848
2.344
2.718
2.624
2.119
1.537
1.083
0.713
0.577
0.481
0.486
0.568
1.002
0.807
0.966
1.043
1.49
1.778
2.004
1.968
2.067
3.347
2.806
2.324
1.811
2.381
2.755
2.644
2.067
1.513
1.074
0.725
0.569
0.485
0.497
0.565
1.001
0.779
0.922
1.031
1.419
1.764
2.015
1.961
2.082
3.627
2.77
2.316
1.861
2.424
2.812
2.563
1.993
1.476
1.149
0.816
0.623
0.484
0.499
0.554
0.944
0.744
0.922
1.001
1.404
1.708
1.976
2.174
2.076
3.442
3.114
2.265
1.805
2.415
2.676
2.464
1.897
1.414
1.059
0.77
0.603
0.476
0.497
0.544
0.889
0.704
0.927
1.0
1.542
1.818
2.216
2.102
1.956
3.168
2.871
2.101
1.667
2.369
2.626
2.449
1.921
1.424
1.027
0.736
0.588
0.469
0.497
0.54
0.901
0.684
0.877
0.942
1.445
1.743
2.122
2.08
2.115
3.034
2.88
2.109
1.765
2.429
2.645
2.458
1.812
1.318
0.96
0.712
0.577
0.455
0.491
0.536
0.907
0.732
1.066
1.29
1.507
1.782
2.039
2.006
2.037
2.969
2.88
2.139
1.84
2.462
2.699
2.455
1.836
1.363
0.904
0.677
0.554
0.443
0.54
0.526
0.912
0.698
1.026
1.335
1.627
1.747
1.929
1.968
1.969
2.971
2.766
2.231
1.837
2.413
2.604
2.517
1.863
1.268
0.852
0.649
0.537
0.495
0.606
0.525
0.921
0.675
0.959
1.24
1.53
1.657
1.808
1.848
1.857
2.882
2.733
2.458
1.836
2.344
2.566
2.45
1.801
1.209
0.806
0.623
0.522
0.483
0.677
0.527
0.92
0.668
0.904
1.18
1.673
1.614
1.956
1.816
1.908
2.762
2.627
2.402
1.871
2.314
2.471
2.382
1.741
1.123
0.762
0.596
0.505
0.462
0.749
0.519
0.877
0.67
0.924
1.111
2.001
1.532
1.868
1.721
1.844
2.588
2.58
2.328
2.111
2.437
2.407
2.301
1.707
1.16
0.756
0.571
0.49
0.45
0.717
0.506
0.823
0.62
0.92
1.057
2.026
1.755
2.06
2.104
1.803
2.532
2.453
2.233
2.031
2.355
2.47
2.252
1.633
1.088
0.719
0.562
0.474
0.429
0.685
0.511
0.868
0.601
0.885
1.384
2.211
1.825
2.035
2.052
1.727
2.468
2.485
2.426
2.145
2.356
2.438
2.346
1.707
1.108
0.69
0.556
0.471
0.428
0.659
0.5
0.912
0.644
0.829
1.295
2.077
1.772
1.99
2.012
1.729
2.413
2.594
2.611
2.251
2.375
2.591
2.458
1.788
1.192
0.706
0.554
0.473
0.432
0.641
0.502
0.923
0.632
0.801
1.394
2.027
2.0
2.051
2.117
1.76
2.624
2.75
2.605
2.256
2.404
2.907
2.613
1.827
1.125
0.699
0.538
0.459
0.424
0.615
0.529
0.9
0.605
0.779
1.293
1.967
2.332
2.024
2.038
1.671
2.511
2.686
2.58
2.348
2.464
2.902
2.581
1.801
1.213
0.792
0.524
0.453
0.418
0.693
0.569
1.184
0.842
0.907
1.348
2.359
2.338
1.988
2.155
1.601
2.339
2.525
2.676
2.387
2.439
2.829
2.502
1.778
1.209
0.767
0.506
0.442
0.409
0.658
0.544
1.1
0.827
0.923
1.346
2.54
2.5
2.004
2.071
1.604
2.389
2.558
2.565
2.316
2.512
2.816
2.453
1.754
1.172
0.741
0.506
0.441
0.409
0.634
0.531
1.031
0.799
0.928
1.28
2.582
2.602
2.513
2.264
1.566
2.315
2.418
2.389
2.176
2.389
2.773
2.33
1.679
1.279
0.79
0.501
0.443
0.412
0.734
0.524
1.037
0.767
0.883
1.197
2.449
2.431
2.342
2.117
1.478
2.284
2.285
2.368
2.425
2.655
2.679
2.347
1.653
1.216
0.775
0.516
0.461
0.436
0.856
0.539
1.056
0.755
0.862
1.141
2.541
2.337
2.313
2.199
1.455
2.203
2.15
2.323
2.56
2.79
2.649
2.284
1.573
1.128
0.733
0.498
0.448
0.427
0.917
0.552
1.017
0.716
0.838
1.364
2.782
2.247
2.173
2.062
1.354
2.028
1.979
2.267
2.473
2.865
2.712
2.252
1.61
1.072
0.692
0.483
0.436
0.418
0.873
0.537
1.003
0.693
0.86
1.423
2.645
2.458
2.271
2.127
1.6
2.3
2.104
2.264
2.426
2.827
2.657
2.192
1.654
1.106
0.692
0.48
0.424
0.41
0.834
0.516
0.999
0.659
0.836
1.336
2.589
2.442
2.183
2.297
1.613
2.292
2.091
2.163
2.379
2.867
2.605
2.18
1.625
1.059
0.641
0.468
0.424
0.404
0.799
0.497
0.934
0.696
0.822
1.347
2.51
2.327
2.125
2.248
1.647
2.47
2.166
2.296
2.625
2.984
2.783
2.551
1.991
1.329
0.886
0.711
0.698
0.765
1.037
0.572
0.879
0.66
0.775
1.247
2.324
2.288
2.086
2.361
1.926
2.789
2.485
2.32
2.572
3.07
2.773
2.519
1.87
1.256
0.858
0.7
0.688
0.749
1.003
0.648
0.978
0.634
0.731
1.159
2.171
2.206
2.031
2.411
1.978
2.813
2.488
2.403
2.521
3.095
3.025
2.485
1.805
1.175
0.817
0.676
0.663
0.723
0.944
0.636
0.975
0.654
0.785
1.289
2.252
2.557
1.991
2.306
1.926
2.694
2.464
2.635
2.654
3.08
3.195
2.515
1.768
1.123
0.774
0.65
0.635
0.689
0.887
0.64
1.004
0.646
0.908
1.33
2.384
2.512
1.886
2.152
1.858
2.538
2.339
2.584
2.654
3.077
3.172
2.568
1.701
1.061
0.737
0.625
0.612
0.667
0.832
0.629
1.017
0.617
0.858
1.376
2.597
2.583
1.807
2.044
1.796
2.861
2.29
2.58
2.652
3.151
3.129
2.528
1.811
1.14
0.748
0.607
0.596
0.643
0.789
0.623
1.018
0.616
0.825
1.301
2.415
2.451
1.784
1.976
2.068
2.731
2.349
2.601
2.611
3.247
3.04
2.45
1.777
1.089
0.784
0.639
0.603
0.634
0.746
0.6
0.972
0.679
0.809
1.226
2.245
2.288
1.738
1.9
1.993
2.594
2.238
2.54
2.609
3.204
2.925
2.392
1.767
1.104
0.792
0.619
0.577
0.605
0.704
0.575
0.919
0.647
0.809
1.161
2.112
2.382
2.044
2.401
2.23
2.575
2.221
2.51
2.529
3.035
2.983
2.465
1.807
1.141
0.754
0.596
0.56
0.583
0.673
0.592
0.977
0.705
0.97
1.46
2.053
2.357
1.914
2.23
2.338
2.705
2.283
2.704
2.639
3.11
3.004
2.505
1.718
1.062
0.71
0.571
0.536
0.559
0.644
0.613
1.197
0.762
1.135
1.408
1.913
2.364
1.774
2.101
2.487
3.019
2.323
2.706
2.589
3.058
2.967
2.472
1.621
0.993
0.672
0.546
0.516
0.539
0.625
0.633
1.209
0.731
1.066
1.369
2.014
2.38
1.674
2.019
2.411
3.168
2.333
2.622
2.619
3.055
3.139
2.502
1.511
0.934
0.648
0.531
0.505
0.525
0.637
0.706
1.194
0.695
0.997
1.267
1.851
2.208
1.84
2.041
2.726
3.052
2.345
2.921
2.702
3.007
3.136
2.547
1.557
1.011
0.66
0.51
0.486
0.51
0.61
0.684
1.23
0.74
0.968
1.212
1.873
2.184
1.736
1.91
2.565
3.312
2.475
2.869
2.816
2.911
3.072
2.562
1.722
1.013
0.652
0.516
0.492
0.514
0.606
0.67
1.173
0.791
0.943
1.145
1.764
2.129
1.778
2.058
2.533
3.516
2.516
2.812
2.796
2.895
2.936
2.462
1.749
1.101
0.708
0.587
0.565
0.557
0.606
0.665
1.141
0.784
0.987
1.111
1.782
2.279
2.047
2.131
2.728
3.456
2.482
2.84
2.86
2.94
3.019
2.458
1.726
1.142
0.676
0.567
0.546
0.541
0.583
0.699
1.192
0.763
0.923
1.031
1.636
2.114
1.958
2.019
2.571
3.508
2.702
2.904
2.902
2.912
2.994
2.449
1.597
1.071
0.65
0.553
0.533
0.527
0.568
0.713
1.224
0.734
0.867
0.965
1.541
2.01
1.861
2.037
2.486
3.598
2.793
2.931
3.036
3.048
3.038
2.403
1.492
0.998
0.617
0.531
0.512
0.506
0.546
0.714
1.261
0.745
0.836
0.945
1.473
1.921
1.744
1.947
2.738
3.836
2.885
2.945
3.077
3.162
3.059
2.417
1.415
0.931
0.588
0.524
0.493
0.488
0.526
0.73
1.309
0.744
0.805
0.922
1.365
1.793
1.637
1.834
2.727
3.607
2.983
2.919
3.032
3.07
2.953
2.335
1.437
0.901
0.573
0.526
0.574
0.797
0.528
0.71
1.243
0.713
0.767
0.871
1.27
1.688
1.701
1.849
2.533
3.393
2.801
2.787
3.01
2.984
2.931
2.304
1.452
0.873
0.557
0.523
0.56
0.759
0.517
0.683
1.168
0.684
0.734
0.851
1.214
1.605
1.649
1.767
2.372
3.133
2.705
2.901
3.008
2.957
2.928
2.347
1.521
0.986
0.641
0.581
0.581
0.752
0.535
0.683
1.119
0.686
0.733
0.839
1.246
1.58
1.616
1.707
2.277
2.937
2.674
2.897
2.966
2.922
2.912
2.272
1.534
0.949
0.638
0.593
0.583
0.738
0.542
0.687
1.115
0.676
0.719
0.817
1.181
1.483
1.596
1.661
2.172
2.818
2.574
2.883
2.989
2.966
2.933
2.271
1.45
0.91
0.631
0.589
0.57
0.71
0.531
0.664
1.107
0.671
0.709
0.799
1.128
1.417
1.504
1.603
2.067
2.675
2.5
2.85
3.116
3.064
2.764
2.155
1.42
0.908
0.656
0.639
0.601
0.728
0.567
0.71
1.137
0.689
0.723
0.806
1.1
1.36
1.49
1.537
1.96
2.567
2.395
2.767
3.086
3.046
2.707
2.04
1.342
0.879
0.652
0.644
0.601
0.716
0.569
0.716
1.104
0.679
0.709
0.786
1.048
1.283
1.401
1.444
1.907
2.436
2.424
2.859
2.991
2.935
2.633
2.007
1.357
0.934
0.648
0.645
0.597
0.698
0.567
0.743
1.107
0.703
0.983
0.873
1.092
1.244
1.343
1.391
2.202
2.398
2.36
2.964
3.018
2.995
2.564
2.058
1.389
0.931
0.662
0.633
0.591
0.683
0.563
0.722
1.058
0.703
1.02
0.917
1.149
1.368
1.487
1.734
2.674
2.438
2.344
2.882
3.048
2.929
2.544
2.102
1.543
1.023
0.656
0.607
0.571
0.652
0.544
0.689
1.008
0.67
1.042
0.935
1.217
1.476
1.61
2.071
3.067
2.679
2.765
2.968
3.166
2.916
2.504
2.168
1.465
0.954
0.625
0.58
0.546
0.62
0.523
0.704
1.054
0.669
1.086
0.89
1.205
1.476
1.728
2.351
3.524
2.799
2.795
2.995
3.185
2.906
2.441
2.04
1.352
0.891
0.595
0.556
0.525
0.59
0.503
0.716
1.111
0.65
1.158
0.91
1.342
1.441
1.655
2.211
3.348
2.941
2.956
3.092
3.178
2.922
2.624
2.033
1.277
0.859
0.595
0.57
0.529
0.588
0.51
0.749
1.183
0.646
1.12
0.865
1.281
1.374
1.527
2.032
3.377
2.855
2.939
3.022
3.087
2.891
2.552
1.957
1.213
0.81
0.571
0.547
0.511
0.565
0.494
0.788
1.216
0.622
1.046
0.816
1.192
1.28
1.415
1.87
3.132
2.696
3.03
3.011
3.048
2.887
2.626
1.919
1.148
0.903
0.561
0.529
0.494
0.542
0.48
0.803
1.323
0.761
0.98
0.772
1.154
1.299
1.34
1.755
3.0
2.651
3.064
3.057
2.958
2.84
2.603
1.997
1.11
0.858
0.55
0.552
0.48
0.524
0.468
0.757
1.248
0.824
1.0
0.815
1.184
1.289
1.327
1.782
2.929
2.68
3.016
3.15
3.123
2.917
2.56
1.975
1.206
0.844
0.543
0.544
0.467
0.507
0.455
0.717
1.176
0.785
0.955
0.82
1.217
1.578
1.405
1.795
2.829
2.649
3.069
3.478
3.069
2.925
2.627
1.982
1.259
0.833
0.523
0.521
0.452
0.489
0.449
0.729
1.184
0.962
1.071
0.812
1.283
1.569
1.414
1.841
3.11
2.861
3.346
3.479
3.194
2.92
2.711
2.007
1.174
0.782
0.502
0.503
0.439
0.472
0.443
0.811
1.214
1.326
1.181
0.797
1.228
1.52
1.328
1.694
2.834
2.932
3.352
3.511
3.215
2.894
2.749
1.975
1.113
0.757
0.507
0.505
0.447
0.477
0.46
0.849
1.241
1.509
1.226
0.849
1.65
1.931
1.331
1.584
2.787
3.248
3.294
3.531
3.295
2.945
2.749
1.896
1.062
0.718
0.495
0.492
0.439
0.465
0.458
0.889
1.385
1.859
1.184
0.85
1.561
1.863
1.262
1.491
2.657
3.25
3.248
3.496
3.244
2.884
2.795
2.057
1.121
0.728
0.484
0.476
0.426
0.45
0.452
0.907
1.396
1.709
1.102
0.862
1.522
1.785
1.244
1.457
2.463
3.123
3.207
3.43
3.282
2.926
2.778
2.044
1.237
0.778
0.482
0.46
0.416
0.438
0.445
0.854
1.294
1.641
1.055
1.24
1.839
1.737
1.241
1.631
2.388
2.996
3.098
4.073
3.242
2.869
2.682
2.097
1.272
0.821
0.486
0.458
0.406
0.426
0.433
0.801
1.203
1.524
1.065
1.199
1.993
2.09
1.472
2.063
2.354
2.852
3.115
4.003
3.191
2.911
2.644
2.122
1.228
0.78
0.47
0.447
0.399
0.415
0.428
0.828
1.238
1.567
1.234
1.208
1.902
2.038
1.468
2.344
2.429
3.091
3.153
4.04
3.142
2.809
2.612
2.178
1.198
0.738
0.456
0.44
0.391
0.406
0.425
0.852
1.25
1.478
1.181
1.158
1.793
1.942
1.393
2.207
2.282
3.387
3.277
3.955
3.16
2.812
2.668
2.259
1.131
0.701
0.443
0.427
0.383
0.397
0.421
0.867
1.254
1.393
1.164
1.259
2.082
1.862
1.344
2.097
2.592
3.401
3.267
4.119
3.2
2.831
2.659
2.227
1.078
0.664
0.431
0.417
0.377
0.389
0.418
0.905
1.288
1.332
1.161
1.292
2.097
1.856
1.442
2.317
2.398
3.332
3.228
3.85
3.067
2.735
2.708
2.305
1.032
0.682
0.422
0.406
0.377
0.381
0.415
0.886
1.33
1.377
1.258
1.393
2.023
1.803
1.519
2.42
2.456
3.311
3.209
3.75
3.037
2.783
2.702
2.394
1.074
0.705
0.446
0.404
0.376
0.382
0.416
0.853
1.235
1.276
1.231
1.296
1.921
1.703
1.708
2.289
2.518
3.328
3.491
3.688
3.078
2.741
2.81
2.372
1.132
0.789
0.466
0.406
0.377
0.382
0.411
0.804
1.148
1.2
1.204
1.344
1.976
1.754
1.821
2.527
2.854
3.508
3.416
3.555
3.006
2.614
2.683
2.285
1.206
0.97
0.609
0.407
0.374
0.379
0.403
0.757
1.066
1.115
1.145
1.33
1.938
2.292
1.754
2.503
2.883
3.407
3.699
3.543
3.085
2.579
2.774
2.3
1.321
0.979
0.59
0.403
0.375
0.378
0.405
0.809
1.111
1.055
1.107
1.443
1.879
2.228
1.781
2.416
2.87
3.45
3.791
3.493
2.955
2.575
2.857
2.221
1.245
0.915
0.565
0.395
0.369
0.372
0.431
0.864
1.104
1.009
1.101
1.367
1.863
2.125
1.701
2.331
2.774
3.414
3.767
3.592
2.916
2.521
2.909
2.366
1.216
0.895
0.571
0.42
0.396
0.397
0.456
0.908
1.136
1.03
1.115
1.411
1.844
2.032
1.621
2.161
2.677
3.234
3.908
3.437
2.774
2.591
3.028
2.488
1.265
0.959
0.562
0.426
0.386
0.404
0.464
0.922
1.182
0.991
1.082
1.573
1.898
2.047
1.681
2.136
2.48
2.994
3.595
3.196
2.566
2.429
3.048
2.474
1.365
1.098
0.631
0.447
0.422
0.397
0.45
0.862
1.096
0.938
1.026
1.494
1.858
2.363
1.644
2.037
2.397
3.127
3.506
3.203
2.576
2.395
2.997
2.437
1.413
1.08
0.598
0.539
0.413
0.391
0.44
0.808
1.018
0.899
1.053
1.456
1.817
2.359
2.034
2.254
2.87
3.193
3.483
3.149
2.565
2.531
3.013
2.368
1.334
1.046
0.602
0.542
0.429
0.409
0.451
0.787
1.008
0.946
1.024
1.403
1.961
2.268
2.125
2.261
2.801
3.231
3.577
3.228
2.916
2.581
3.106
2.461
1.396
1.016
0.614
0.559
0.459
0.441
0.477
0.783
1.031
1.035
1.084
1.789
1.94
2.211
2.233
2.315
2.759
2.998
3.689
3.37
2.854
2.607
3.142
2.652
1.553
0.982
0.6
0.55
0.45
0.433
0.467
0.748
1.02
1.052
1.068
1.657
1.788
2.036
2.206
2.26
2.795
3.273
3.811
3.43
2.988
2.768
3.183
2.71
1.735
1.083
0.592
0.527
0.438
0.422
0.452
0.709
1.041
1.249
1.162
1.608
1.787
2.062
2.134
2.183
3.19
3.247
3.731
3.42
2.953
2.883
3.15
2.798
1.841
1.108
0.59
0.519
0.441
0.417
0.442
0.676
1.006
1.256
1.081
1.541
1.942
2.049
2.033
2.12
3.109
3.148
3.918
3.47
2.962
2.821
3.039
2.651
1.785
1.144
0.712
0.569
0.543
0.433
0.453
0.664
0.967
1.21
1.033
1.442
1.869
1.962
1.97
2.144
3.221
3.016
3.825
3.447
3.072
2.887
3.057
2.761
1.801
1.242
0.794
0.589
0.526
0.427
0.446
0.634
0.915
1.148
0.966
1.362
1.768
1.888
1.957
2.25
3.404
3.312
3.743
3.437
3.144
2.822
3.066
2.825
1.861
1.281
0.79
0.596
0.541
0.45
0.467
0.637
0.947
1.208
0.937
1.284
1.685
1.781
1.927
2.343
3.244
3.128
3.659
3.38
3.122
2.767
3.036
2.84
1.788
1.188
0.75
0.572
0.521
0.439
0.457
0.607
0.986
1.288
1.009
1.223
1.552
1.639
1.829
2.27
3.107
2.951
3.684
3.321
3.215
2.8
3.057
2.868
1.746
1.129
0.707
0.551
0.501
0.426
0.465
0.658
1.072
1.256
0.983
1.395
1.678
1.623
1.823
2.278
3.262
3.429
3.911
3.355
3.188
2.771
3.009
2.913
1.818
1.092
0.67
0.534
0.485
0.417
0.451
0.625
1.053
1.289
0.941
1.322
1.547
1.518
1.787
2.157
2.996
3.173
4.058
3.332
3.202
2.805
3.218
2.837
1.821
1.157
0.74
0.544
0.499
0.438
0.468
0.624
1.077
1.342
0.913
1.252
1.454
1.436
1.684
2.04
2.785
2.971
3.977
3.46
3.236
2.818
3.23
2.873
1.822
1.169
0.787
0.523
0.482
0.425
0.452
0.592
0.999
1.243
0.97
1.478
1.373
1.385
1.643
2.163
2.765
3.089
4.107
3.564
3.224
2.824
3.175
2.952
1.926
1.3
0.811
0.533
0.492
0.451
0.448
0.567
0.932
1.156
0.932
1.365
1.353
1.361
1.78
2.37
2.908
3.295
4.159
3.684
3.232
2.881
3.193
2.868
1.962
1.379
0.843
0.526
0.489
0.452
0.45
0.557
0.961
1.161
0.968
1.49
1.336
1.301
2.041
2.679
2.908
3.462
4.182
3.571
3.174
2.859
3.086
2.808
1.841
1.273
0.79
0.506
0.471
0.438
0.436
0.543
0.996
1.178
0.918
1.38
1.279
1.243
1.915
2.464
3.047
3.337
4.381
3.565
3.166
2.801
3.082
2.883
1.952
1.227
0.743
0.487
0.455
0.427
0.424
0.532
1.013
1.188
0.95
1.392
1.269
1.19
1.856
2.326
2.896
3.247
4.709
3.509
3.078
2.876
3.14
2.877
1.92
1.152
0.699
0.469
0.441
0.417
0.417
0.521
1.062
1.234
1.234
1.34
1.21
1.127
1.788
2.264
2.817
3.229
4.913
3.514
3.097
3.017
3.216
2.846
2.067
1.142
0.693
0.457
0.431
0.41
0.411
0.517
1.036
1.269
1.17
1.274
1.186
1.138
1.805
2.215
2.629
3.192
4.67
3.73
3.212
3.0
3.189
2.751
2.011
1.134
0.738
0.509
0.752
0.488
0.435
0.503
0.97
1.186
1.11
1.183
1.147
1.144
1.819
2.426
2.457
3.079
4.566
3.695
3.23
2.951
3.129
2.759
1.961
1.203
0.824
0.532
0.769
0.476
0.424
0.484
0.904
1.101
1.052
1.118
1.101
1.172
1.925
2.304
2.628
3.248
4.894
3.68
3.221
3.284
3.239
2.778
2.113
1.168
0.802
0.51
0.725
0.459
0.412
0.471
0.949
1.14
1.0
1.269
1.612
1.193
1.862
2.159
2.497
3.17
4.858
3.736
3.341
3.238
3.219
2.728
2.122
1.157
0.761
0.492
0.685
0.447
0.405
0.461
0.987
1.168
0.971
1.243
1.515
1.259
1.791
2.024
2.314
3.024
4.956
3.67
3.238
3.086
3.099
2.75
2.086
1.227
0.821
0.51
0.647
0.433
0.396
0.451
0.97
1.161
0.909
1.169
1.46
1.254
1.741
2.009
2.449
2.978
5.064
3.683
3.329
3.044
3.031
2.783
2.094
1.143
0.775
0.492
0.615
0.422
0.389
0.445
1.014
1.194
0.864
1.086
1.348
1.164
1.606
1.843
2.247
2.959
4.878
3.684
3.364
2.926
2.94
2.708
2.04
1.122
0.741
0.482
0.592
0.418
0.39
0.458
1.109
1.261
0.817
1.017
1.271
1.291
1.604
1.797
2.117
3.088
4.71
3.61
3.429
3.015
2.899
2.667
2.16
1.348
0.703
0.465
0.563
0.406
0.381
0.461
1.138
1.196
0.834
1.014
1.479
1.34
1.703
2.126
2.238
3.205
4.511
3.535
3.344
3.121
2.923
2.743
2.197
1.498
0.749
0.464
0.577
0.4
0.373
0.445
1.053
1.107
0.81
1.013
1.411
1.417
1.964
2.389
2.324
3.563
4.301
3.482
3.368
3.075
3.114
2.775
2.242
1.393
0.71
0.453
0.55
0.389
0.365
0.441
1.109
1.124
0.78
1.302
1.377
1.364
1.897
2.195
2.127
3.327
4.506
3.552
3.335
3.124
3.13
2.714
2.206
1.301
0.672
0.443
0.526
0.383
0.361
0.471
1.345
1.229
0.822
1.209
1.279
1.302
1.794
2.176
2.165
3.42
4.39
3.8
3.458
2.944
3.126
2.851
2.194
1.288
0.676
0.457
0.525
0.392
0.374
0.471
1.289
1.28
0.884
1.505
1.297
1.839
1.927
2.073
2.05
3.23
4.596
3.711
3.347
2.879
3.067
2.919
2.263
1.293
0.686
0.448
0.491
0.389
0.407
0.661
1.251
1.199
0.837
1.417
1.265
1.756
2.059
2.164
2.187
3.219
4.655
3.99
3.349
2.894
3.025
2.953
2.41
1.336
0.711
0.481
0.529
0.437
0.457
0.687
1.231
1.223
0.79
1.33
1.196
1.62
2.0
2.056
2.169
3.047
4.47
4.344
3.483
2.909
3.066
2.937
2.437
1.359
0.733
0.52
0.535
0.451
0.469
0.719
1.201
1.173
0.809
1.305
1.216
1.575
1.902
2.025
2.287
2.879
4.394
4.336
3.5
2.966
3.238
3.088
2.412
1.41
0.757
0.549
0.577
0.441
0.457
0.682
1.115
1.095
0.793
1.305
1.23
1.558
1.936
2.299
2.498
3.264
4.342
4.245
3.462
2.977
3.151
3.076
2.5
1.469
0.761
0.56
0.577
0.434
0.445
0.658
1.076
1.106
0.764
1.266
1.215
1.552
1.871
2.204
2.347
3.257
4.578
4.222
3.613
3.136
3.147
3.179
2.839
1.75
1.04
0.875
0.832
0.702
0.685
0.876
1.283
1.37
0.749
1.225
1.199
1.482
1.826
2.096
2.315
3.175
4.579
4.549
3.679
3.114
3.218
3.172
2.803
1.784
1.191
0.959
0.809
0.693
0.675
0.857
1.261
1.403
0.756
1.217
1.225
1.482
1.749
2.072
2.263
3.08
4.44
4.581
3.65
3.051
3.322
3.211
2.866
1.711
1.121
0.914
0.778
0.674
0.658
0.832
1.217
1.46
0.777
1.36
1.243
1.451
1.885
2.338
2.389
3.069
4.561
4.607
3.589
2.971
3.206
3.164
2.831
1.659
1.066
0.865
0.735
0.642
0.626
0.794
1.177
1.461
0.816
1.381
1.513
1.76
1.948
2.179
2.268
3.138
4.775
4.434
3.717
3.136
3.188
3.041
2.661
1.678
1.169
0.984
0.772
0.631
0.684
0.879
1.233
1.439
0.854
1.351
1.496
1.687
1.871
2.063
2.376
3.156
4.666
4.54
3.835
3.075
3.237
2.989
2.622
1.74
1.278
1.0
0.734
0.607
0.655
0.831
1.148
1.333
0.856
1.295
1.508
1.701
1.946
2.243
2.542
3.401
4.878
4.417
3.762
3.062
3.202
2.989
2.664
1.666
1.208
0.94
0.701
0.589
0.63
0.798
1.203
1.372
0.856
1.243
1.675
1.867
1.831
2.059
2.48
3.526
4.673
4.325
3.72
3.059
3.141
3.051
2.682
1.556
1.125
0.888
0.666
0.565
0.604
0.767
1.191
1.405
0.855
1.231
1.941
1.897
1.764
1.95
2.343
3.44
4.702
4.732
3.73
3.108
3.191
3.029
2.679
1.651
1.102
0.84
0.638
0.547
0.607
0.849
1.243
1.411
0.873
1.194
2.022
1.814
1.744
1.827
2.641
3.551
4.681
4.596
3.72
3.092
3.15
3.061
2.627
1.665
1.099
0.799
0.621
0.527
0.606
0.858
1.266
1.398
0.854
1.154
1.909
1.761
1.747
1.769
2.964
3.524
4.385
4.352
3.583
2.997
3.074
3.15
2.949
1.846
1.064
0.778
0.618
0.533
0.603
0.839
1.322
1.474
0.851
1.207
1.855
2.034
1.774
1.734
2.948
3.626
4.342
4.37
3.571
3.0
3.098
3.13
2.924
1.955
1.079
0.77
0.614
0.536
0.598
0.81
1.245
1.382
0.833
1.357
1.786
1.922
1.716
1.691
2.784
3.42
4.24
4.288
3.683
3.313
3.531
3.255
2.986
2.037
1.157
0.839
0.611
0.533
0.588
0.779
1.17
1.294
0.822
1.33
1.697
2.132
1.961
1.864
3.09
3.535
4.137
4.149
3.576
3.265
3.393
3.236
3.008
2.002
1.1
0.811
0.604
0.777
0.626
0.769
1.145
1.355
1.067
1.444
1.672
2.069
1.943
1.878
3.051
3.76
4.802
4.254
3.51
3.189
3.347
3.292
3.073
2.007
1.13
0.798
0.601
0.755
0.621
0.759
1.145
1.444
1.075
1.582
1.801
2.295
2.128
2.117
2.889
3.858
4.979
4.174
3.644
3.263
3.425
3.288
3.124
1.937
1.127
0.768
0.591
0.73
0.677
0.815
1.204
1.521
1.05
1.523
1.745
2.415
2.123
2.13
3.269
4.236
4.691
4.057
3.596
3.238
3.415
3.296
3.194
1.933
1.141
0.784
0.605
0.73
0.684
0.818
1.197
1.557
1.042
1.54
1.704
2.336
2.072
2.221
3.452
4.189
4.998
4.297
3.646
3.314
3.455
3.582
3.439
2.086
1.261
0.835
0.603
0.708
0.667
0.786
1.126
1.474
1.084
1.625
1.68
2.442
2.32
2.358
3.524
4.333
5.102
4.399
3.645
3.157
3.334
3.485
3.613
2.204
1.314
0.873
0.609
0.692
0.654
0.901
1.326
1.591
1.291
1.867
1.991
2.749
2.636
2.72
3.915
4.153
5.171
4.458
3.832
3.242
3.422
3.621
3.648
2.349
1.458
1.052
0.689
0.728
0.663
0.885
1.267
1.506
1.293
1.841
2.108
2.798
2.602
2.69
3.748
4.614
5.104
4.314
3.744
3.29
3.369
3.527
3.549
2.399
1.554
1.11
0.652
0.686
0.627
0.831
1.172
1.386
1.243
1.72
1.98
2.662
2.699
2.894
3.74
4.561
5.062
4.193
3.712
3.354
3.345
3.478
3.49
2.438
1.647
1.196
0.664
0.651
0.6
0.779
1.09
1.279
1.154
1.596
1.902
2.504
2.597
2.944
3.819
4.773
5.045
4.179
3.666
3.381
3.385
3.431
3.516
2.483
1.67
1.14
0.629
0.618
0.576
0.743
1.047
1.265
1.09
1.53
1.825
2.386
2.469
2.777
3.536
4.515
4.853
4.067
3.607
3.274
3.239
3.398
3.495
2.431
1.624
1.096
0.603
0.589
0.549
0.711
1.021
1.256
1.25
1.728
1.89
2.366
2.443
2.679
3.26
4.193
4.495
3.984
3.442
3.296
3.469
3.353
3.409
