0.0
0.0
0.0
0.0
0.0
0.0
0.0
0.0
0.0
0.0
0.0
0.0
0.0
0.0
0.0
0.0
0.0
0.0
0.0
0.0
0.0
0.0
0.0
0.0
0.0
0.0
0.0
0.0
0.0
0.0
0.0
0.0
0.0
0.0
0.0
0.0
0.0
0.0
0.0
0.0
0.0
0.0
0.0
0.0
0.0
0.0
0.0
0.0
0.0
0.0
0.0
0.0
0.0
0.0
0.0
0.0
0.0
0.0
0.0
0.0
0.0
0.0
0.0
0.0
0.0
0.0
0.0
0.0
0.0
0.0
0.0
0.0
0.0
0.0
0.0
0.0
0.0
0.0
0.0
0.0
0.0
0.0
0.0
0.0
0.0
0.0
0.0
0.0
0.0
0.0
0.0
0.0
0.0
0.0
0.0
0.0
0.0
0.0
0.0
0.0
0.0
0.0
0.0
0.0
0.0
0.0
0.0
0.0
0.0
0.0
0.0
0.0
0.0
0.0
0.0
0.0
0.0
0.0
0.0
0.0
0.0
0.0
0.0
0.0
0.0
0.0
0.0
0.0
0.0
0.0
0.0
0.0
0.0
0.0
0.0
0.0
0.0
0.0
0.0
0.0
0.0
0.0
0.0
0.0
0.0
0.0
0.0
0.0
0.0
0.0
0.0
0.0
0.0
0.0
0.0
0.0
0.0
0.0
0.0
0.0
0.0
0.0
0.0
0.0
0.0
0.0
0.0
0.0
0.0
0.0
0.0
0.0
0.0
0.0
0.0
0.0
0.0
0.0
0.0
0.0
0.0
0.0
0.0
0.0
0.0
0.0
0.0
0.0
0.0
0.0
0.0
0.0
0.0
0.0
0.0
0.0
0.0
0.0
0.0
0.0
0.0
0.0
0.0
0.0
0.0
0.0
0.0
0.0
0.0
0.0
0.0
0.0
0.0
0.0
0.0
0.0
0.0
0.0
0.0
0.0
0.0
0.0
0.0
0.0
0.0
0.0
0.0
0.0
0.0
0.0
0.0
0.0
0.0
0.0
0.0
0.0
0.0
0.0
0.0
0.0
0.0
0.0
0.0
0.0
0.0
0.0
0.0
0.0
0.0
0.0
0.0
0.0
0.0
0.0
0.0
0.0
0.0
0.0
0.0
0.0
0.0
0.0
0.0
0.0
0.0
0.0
0.0
0.0
0.0
0.0
0.0
0.0
0.0
0.0
0.0
0.0
0.0
0.0
0.0
0.0
0.0
0.0
0.0
0.0
0.0
0.0
0.0
0.0
0.0
0.0
0.0
0.0
0.0
0.0
0.0
0.0
0.0
0.0
0.0
0.0
0.0
0.0
0.0
0.0
0.0
0.0
0.0
0.0
0.0
0.0
0.0
0.0
0.0
0.0
0.0
0.0
0.0
0.0
0.0
0.0
0.0
0.0
0.0
0.0
0.0
0.0
0.0
0.0
0.0
0.0
0.0
0.0
0.0
0.0
0.0
0.0
0.0
0.0
0.0
0.0
0.0
0.0
0.0
0.0
0.0
0.0
0.0
0.0
0.0
0.0
0.0
0.0
0.0
0.0
0.0
0.0
0.0
0.0
0.0
0.0
0.0
0.0
0.0
0.0
0.0
0.0
0.0
0.0
0.0
0.0
0.0
0.0
0.0
0.0
0.0
0.0
0.0
0.0
0.0
0.0
0.0
0.0
0.0
0.0
0.0
0.0
0.0
0.0
0.0
0.0
0.0
0.0
0.0
0.0
0.0
0.0
0.0
0.0
0.0
0.0
0.0
0.0
0.0
0.0
0.0
0.0
0.0
0.0
0.0
0.0
0.0
0.0
0.0
0.0
0.0
0.0
0.0
0.0
0.0
0.0
0.0
0.0
0.0
0.0
0.0
0.0
0.0
0.0
0.0
0.0
0.0
0.0
0.0
0.0
0.0
0.0
0.0
0.0
0.0
0.0
0.0
0.0
0.0
0.0
0.0
0.0
0.0
0.0
0.0
0.0
0.0
0.0
0.0
0.0
0.0
0.0
0.0
0.0
0.0
0.0
0.0
0.0
0.0
0.0
0.0
0.0
0.0
0.0
0.0
0.0
0.0
0.0
0.0
0.0
0.0
0.0
0.0
0.0
0.0
0.0
0.0
0.0
0.0
0.0
0.0
0.0
0.0
0.0
0.0
0.0
0.0
0.0
0.0
0.0
0.0
0.0
0.0
0.0
0.0
0.0
0.0
0.0
0.0
0.0
0.0
0.102
0.074
0.077
0.082
0.071
0.049
0.059
0.136
0.391
0.501
0.869
0.569
0.39
0.456
0.45
0.603
0.387
0.431
0.432
0.505
0.502
0.502
0.489
0.26
0.178
0.083
0.094
0.116
0.078
0.053
0.059
0.127
0.422
0.626
0.792
0.67
0.484
0.456
0.389
0.436
0.387
0.506
0.43
0.472
0.496
0.459
0.423
0.252
0.159
0.075
0.094
0.093
0.078
0.053
0.058
0.118
0.461
0.525
0.9
0.67
0.617
0.572
0.389
0.197
0.447
0.548
0.412
0.456
0.44
0.456
0.342
0.191
0.08
0.075
0.086
0.092
0.078
0.052
0.057
0.093
0.411
0.406
0.915
0.714
0.722
0.54
0.307
0.262
0.457
0.488
0.413
0.456
0.417
0.422
0.23
0.302
0.156
0.092
0.067
0.075
0.059
0.057
0.061
0.261
0.546
0.408
0.534
0.626
0.504
0.278
0.326
0.385
0.34
0.365
0.541
0.393
0.437
0.621
0.392
0.234
0.11
0.07
0.066
0.075
0.058
0.056
0.06
0.247
0.546
0.45
0.976
0.588
0.619
0.358
0.391
0.352
0.32
0.375
0.578
0.395
0.441
0.513
0.302
0.166
0.07
0.075
0.075
0.091
0.07
0.055
0.057
0.093
0.401
0.476
0.953
0.779
0.723
0.54
0.25
0.431
0.457
0.564
0.409
0.439
0.38
0.289
0.132
0.169
0.069
0.073
0.073
0.088
0.069
0.055
0.057
0.097
0.4
0.467
0.896
0.77
0.68
0.531
0.257
0.401
0.456
0.541
0.429
0.433
0.384
0.3
0.153
0.167
0.079
0.075
0.071
0.085
0.069
0.056
0.058
0.117
0.396
0.456
0.843
0.729
0.679
0.508
0.24
0.37
0.577
0.526
0.435
0.426
0.383
0.306
0.145
0.156
0.077
0.073
0.07
0.082
0.067
0.057
0.058
0.13
0.396
0.486
0.817
0.808
0.661
0.48
0.226
0.345
0.53
0.49
0.43
0.421
0.384
0.286
0.142
0.146
0.075
0.072
0.069
0.08
0.067
0.057
0.058
0.137
0.393
0.474
0.772
0.793
0.618
0.443
0.213
0.32
0.487
0.451
0.414
0.435
0.387
0.298
0.167
0.138
0.077
0.071
0.068
0.078
0.066
0.057
0.059
0.129
0.374
0.507
0.939
0.783
0.725
0.443
0.218
0.345
0.471
0.443
0.41
0.429
0.385
0.305
0.185
0.131
0.076
0.07
0.068
0.076
0.066
0.058
0.059
0.16
0.377
0.5
0.892
0.905
0.739
0.427
0.212
0.327
0.442
0.435
0.402
0.422
0.398
0.332
0.212
0.159
0.104
0.075
0.067
0.078
0.065
0.057
0.058
0.149
0.364
0.492
0.841
0.863
0.704
0.409
0.242
0.304
0.409
0.522
0.712
0.635
0.417
0.344
0.198
0.149
0.106
0.074
0.07
0.076
0.065
0.058
0.058
0.164
0.487
0.509
0.821
0.805
0.66
0.412
0.237
0.295
0.392
0.5
0.694
0.613
0.421
0.351
0.188
0.155
0.107
0.074
0.071
0.077
0.066
0.06
0.062
0.199
0.472
0.469
0.749
0.748
0.629
0.406
0.248
0.346
0.398
0.507
0.746
0.599
0.421
0.359
0.21
0.146
0.102
0.073
0.07
0.075
0.066
0.06
0.07
0.222
0.465
0.465
0.758
0.723
0.621
0.573
0.377
0.36
0.408
0.503
0.708
0.576
0.424
0.367
0.259
0.138
0.098
0.072
0.069
0.074
0.066
0.061
0.07
0.235
0.45
0.448
0.726
0.694
0.602
0.611
0.386
0.373
0.435
0.499
0.696
0.566
0.511
0.398
0.278
0.139
0.117
0.074
0.067
0.071
0.064
0.06
0.069
0.217
0.438
0.448
0.73
0.869
0.563
0.559
0.357
0.359
0.433
0.494
0.67
0.553
0.503
0.408
0.31
0.158
0.112
0.072
0.067
0.07
0.064
0.06
0.065
0.212
0.447
0.413
0.666
0.795
0.52
0.531
0.39
0.734
0.619
0.515
0.659
0.554
0.566
0.425
0.338
0.202
0.128
0.094
0.086
0.088
0.083
0.08
0.084
0.223
0.46
0.428
0.656
0.771
0.564
0.649
0.531
0.691
0.582
0.5
0.629
0.545
0.605
0.457
0.365
0.242
0.181
0.112
0.083
0.085
0.084
0.078
0.079
0.206
0.451
0.436
0.655
0.72
0.576
0.593
0.489
0.642
0.553
0.49
0.613
0.534
0.618
0.452
0.373
0.267
0.18
0.11
0.083
0.086
0.082
0.076
0.089
0.219
0.439
0.421
0.623
0.824
0.71
0.766
0.49
0.611
0.53
0.483
0.6
0.529
0.599
0.454
0.383
0.267
0.168
0.105
0.081
0.083
0.08
0.074
0.086
0.22
0.44
0.424
0.62
0.805
0.71
0.737
0.488
0.606
0.511
0.477
0.706
0.514
0.578
0.43
0.35
0.246
0.157
0.1
0.079
0.081
0.077
0.073
0.083
0.227
0.433
0.42
0.617
0.744
0.76
0.826
0.448
0.576
0.479
0.463
0.68
0.508
0.566
0.427
0.356
0.235
0.143
0.102
0.077
0.089
0.094
0.072
0.081
0.232
0.439
0.4
0.589
0.725
0.717
0.774
0.412
0.528
0.478
0.47
0.65
0.505
0.684
0.467
0.386
0.254
0.172
0.128
0.106
0.086
0.091
0.071
0.079
0.257
0.403
0.366
0.537
0.659
0.671
0.704
0.393
0.509
0.464
0.457
0.62
0.492
0.663
0.476
0.36
0.241
0.163
0.121
0.104
0.082
0.086
0.078
0.077
0.25
0.4
0.367
0.519
0.626
0.668
0.663
0.36
0.466
0.439
0.448
0.608
0.494
0.642
0.475
0.36
0.237
0.149
0.115
0.1
0.08
0.083
0.076
0.249
0.256
0.392
0.455
0.854
0.578
0.763
0.982
0.38
0.525
0.524
0.413
0.581
0.494
0.653
0.472
0.344
0.221
0.16
0.143
0.112
0.078
0.081
0.077
0.276
0.255
0.362
0.439
0.819
0.535
0.714
0.897
0.375
0.502
0.637
0.405
0.56
0.494
0.655
0.433
0.333
0.247
0.192
0.138
0.117
0.076
0.078
0.075
0.302
0.264
0.332
0.401
0.743
0.529
0.678
0.856
0.384
0.469
0.581
0.417
0.566
0.555
0.671
0.464
0.369
0.253
0.187
0.147
0.135
0.093
0.094
0.091
0.326
0.264
0.308
0.369
0.674
0.509
0.644
0.787
0.372
0.596
0.855
0.563
0.756
0.568
0.705
0.496
0.352
0.273
0.21
0.14
0.14
0.109
0.117
0.087
0.357
0.26
0.285
0.341
0.616
0.466
0.617
0.738
0.419
0.647
0.803
0.585
0.728
0.579
0.741
0.47
0.334
0.255
0.227
0.173
0.143
0.108
0.117
0.087
0.339
0.273
0.33
0.36
0.587
0.592
0.76
0.73
0.459
0.623
0.773
0.564
0.692
0.574
0.735
0.457
0.311
0.247
0.228
0.197
0.162
0.138
0.124
0.088
0.313
0.33
0.335
0.362
0.563
0.57
0.722
0.715
0.471
0.605
0.712
0.964
0.789
0.645
0.701
0.452
0.292
0.228
0.211
0.182
0.148
0.13
0.118
0.085
0.338
0.325
0.311
0.354
0.703
0.587
0.835
0.681
0.435
0.586
0.681
1.045
0.749
0.691
0.715
0.479
0.278
0.214
0.196
0.192
0.181
0.161
0.118
0.082
0.348
0.327
0.289
0.325
0.641
0.565
0.798
0.622
0.423
0.564
0.649
0.999
0.711
0.677
0.706
0.474
0.298
0.205
0.179
0.208
0.18
0.151
0.111
0.076
0.377
0.319
0.288
0.305
0.581
0.512
0.724
0.566
0.389
0.54
0.709
1.332
0.88
0.659
0.719
0.509
0.323
0.19
0.164
0.191
0.21
0.157
0.106
0.069
0.409
0.309
0.268
0.283
0.533
0.465
0.806
0.59
0.364
0.688
0.709
1.244
0.822
0.655
0.715
0.505
0.297
0.177
0.153
0.202
0.219
0.16
0.131
0.068
0.413
0.302
0.247
0.261
0.485
0.422
0.771
0.743
0.364
0.665
0.648
1.181
0.777
0.652
0.715
0.492
0.308
0.169
0.144
0.188
0.203
0.15
0.127
0.076
0.374
0.312
0.261
0.294
0.473
0.419
0.775
0.681
0.336
0.607
0.592
1.101
0.732
0.647
0.681
0.485
0.315
0.166
0.14
0.175
0.192
0.141
0.116
0.074
0.342
0.316
0.274
0.304
0.464
0.446
0.811
0.632
0.31
0.555
0.601
1.092
0.794
0.656
0.688
0.46
0.289
0.155
0.135
0.16
0.179
0.143
0.114
0.072
0.385
0.32
0.253
0.279
0.42
0.425
0.946
0.596
0.293
0.51
0.55
1.016
0.753
0.657
0.672
0.477
0.313
0.154
0.127
0.15
0.169
0.149
0.138
0.076
0.363
0.339
0.242
0.257
0.397
0.406
0.872
0.549
0.271
0.492
0.611
1.002
0.715
0.634
0.662
0.505
0.345
0.167
0.153
0.166
0.163
0.159
0.13
0.08
0.389
0.336
0.231
0.245
0.367
0.379
0.821
0.518
0.284
0.499
0.654
1.061
0.688
0.622
0.649
0.502
0.362
0.159
0.144
0.162
0.154
0.149
0.123
0.081
0.401
0.331
0.218
0.233
0.343
0.389
0.821
0.607
0.423
0.541
0.77
0.988
0.673
0.616
0.634
0.462
0.336
0.175
0.157
0.179
0.153
0.14
0.116
0.085
0.472
0.324
0.201
0.216
0.315
0.356
0.745
0.553
0.424
0.518
0.724
0.969
0.731
0.638
0.637
0.46
0.35
0.171
0.147
0.163
0.144
0.132
0.11
0.082
0.426
0.301
0.246
0.258
0.327
0.382
0.715
0.529
0.411
0.51
0.711
0.949
0.713
0.627
0.628
0.465
0.36
0.192
0.138
0.152
0.135
0.12
0.105
0.08
0.389
0.283
0.257
0.269
0.331
0.409
0.651
0.482
0.394
0.476
0.78
0.918
0.679
0.601
0.605
0.455
0.351
0.178
0.13
0.142
0.127
0.113
0.1
0.073
0.495
0.277
0.261
0.249
0.306
0.574
0.64
0.451
0.374
0.446
0.92
0.863
0.647
0.585
0.585
0.419
0.317
0.166
0.122
0.134
0.12
0.108
0.093
0.07
0.512
0.272
0.241
0.23
0.281
0.555
0.756
0.49
0.359
0.428
0.86
0.943
0.646
0.584
0.574
0.424
0.298
0.155
0.111
0.126
0.114
0.102
0.089
0.067
0.505
0.269
0.223
0.213
0.259
0.538
0.891
0.49
0.354
0.408
0.806
0.905
0.617
0.593
0.557
0.414
0.274
0.146
0.106
0.115
0.108
0.098
0.086
0.066
0.594
0.261
0.205
0.194
0.251
0.883
0.977
0.45
0.327
0.38
0.81
0.918
0.593
0.585
0.613
0.435
0.279
0.137
0.101
0.109
0.103
0.094
0.083
0.061
0.583
0.259
0.191
0.181
0.232
0.81
0.892
0.41
0.301
0.368
0.734
0.86
0.606
0.624
0.59
0.431
0.285
0.129
0.092
0.104
0.098
0.09
0.081
0.058
0.529
0.26
0.238
0.179
0.245
0.785
0.84
0.406
0.314
0.382
0.697
0.837
0.582
0.599
0.572
0.431
0.303
0.143
0.089
0.099
0.094
0.087
0.074
0.058
0.492
0.273
0.253
0.2
0.286
0.762
0.913
0.425
0.314
0.516
0.77
0.793
0.613
0.634
0.56
0.435
0.303
0.134
0.085
0.095
0.09
0.081
0.071
0.057
0.485
0.272
0.234
0.186
0.263
0.736
0.837
0.387
0.286
0.513
0.899
0.758
0.596
0.615
0.544
0.442
0.385
0.131
0.081
0.088
0.087
0.079
0.069
0.057
0.486
0.267
0.216
0.173
0.243
0.669
0.852
0.482
0.299
0.514
0.838
0.865
0.577
0.588
0.529
0.438
0.381
0.124
0.079
0.085
0.081
0.075
0.068
0.057
0.479
0.263
0.201
0.161
0.222
0.788
1.065
0.495
0.298
0.538
0.89
0.816
0.579
0.567
0.517
0.433
0.362
0.117
0.077
0.082
0.078
0.074
0.062
0.057
0.493
0.26
0.218
0.177
0.232
0.831
0.992
0.471
0.298
0.66
0.847
0.793
0.572
0.555
0.514
0.438
0.374
0.145
0.075
0.08
0.072
0.072
0.062
0.057
0.456
0.28
0.243
0.258
0.445
0.825
0.939
0.503
0.359
0.607
0.799
0.746
0.567
0.546
0.545
0.442
0.384
0.171
0.071
0.075
0.07
0.071
0.061
0.053
0.416
0.291
0.259
0.272
0.495
0.796
0.898
0.511
0.424
0.698
0.781
0.724
0.566
0.539
0.534
0.438
0.387
0.206
0.073
0.076
0.072
0.072
0.064
0.057
0.388
0.303
0.328
0.304
0.482
0.754
0.874
0.489
0.593
0.805
0.856
0.724
0.564
0.54
0.524
0.434
0.366
0.191
0.071
0.074
0.07
0.071
0.063
0.056
0.406
0.298
0.304
0.28
0.44
0.68
0.792
0.446
0.54
0.782
0.997
0.702
0.55
0.525
0.512
0.421
0.335
0.178
0.07
0.072
0.069
0.069
0.063
0.056
0.467
0.307
0.279
0.258
0.402
0.617
0.77
0.438
0.522
0.899
0.955
0.696
0.584
0.553
0.529
0.428
0.325
0.165
0.068
0.068
0.066
0.068
0.062
0.056
0.534
0.297
0.266
0.238
0.531
0.562
0.746
0.407
0.476
0.841
0.904
0.804
0.58
0.551
0.531
0.411
0.298
0.155
0.067
0.067
0.065
0.067
0.061
0.054
0.538
0.296
0.253
0.228
0.491
0.519
0.728
0.422
0.441
0.789
0.923
0.817
0.571
0.553
0.535
0.395
0.274
0.145
0.066
0.066
0.064
0.066
0.061
0.05
0.513
0.333
0.232
0.211
0.448
0.519
0.69
0.412
0.43
0.759
0.902
0.789
0.606
0.552
0.542
0.409
0.256
0.136
0.065
0.065
0.064
0.065
0.061
0.051
0.467
0.384
0.251
0.197
0.409
0.472
0.627
0.383
0.426
0.81
0.986
0.794
0.611
0.573
0.606
0.438
0.275
0.129
0.065
0.064
0.063
0.064
0.06
0.052
0.43
0.385
0.264
0.216
0.407
0.49
0.601
0.548
0.444
0.765
1.073
0.77
0.594
0.562
0.594
0.444
0.256
0.121
0.064
0.063
0.062
0.063
0.06
0.049
0.463
0.368
0.244
0.201
0.372
0.657
0.838
0.616
0.42
0.744
1.146
0.745
0.579
0.553
0.577
0.439
0.238
0.115
0.061
0.06
0.062
0.063
0.06
0.05
0.471
0.382
0.224
0.183
0.341
0.658
0.925
0.59
0.39
0.685
1.29
0.768
0.569
0.545
0.575
0.428
0.22
0.109
0.061
0.059
0.058
0.062
0.059
0.059
0.533
0.368
0.208
0.169
0.31
0.598
0.882
0.56
0.399
0.649
1.191
0.761
0.637
0.535
0.564
0.424
0.206
0.104
0.06
0.059
0.058
0.061
0.055
0.095
0.563
0.369
0.2
0.317
0.392
0.746
0.837
0.537
0.372
0.613
1.281
0.791
0.628
0.546
0.596
0.452
0.23
0.099
0.06
0.059
0.058
0.06
0.056
0.091
0.548
0.366
0.193
0.292
0.359
0.677
0.8
0.521
0.355
0.574
1.266
0.818
0.644
0.558
0.591
0.465
0.253
0.096
0.06
0.059
0.058
0.06
0.056
0.088
0.505
0.375
0.274
0.304
0.357
0.623
0.733
0.484
0.335
0.549
1.158
0.808
0.627
0.548
0.576
0.464
0.275
0.093
0.059
0.058
0.057
0.059
0.055
0.084
0.46
0.342
0.284
0.312
0.361
0.629
0.698
0.473
0.338
0.666
1.399
0.824
0.682
0.614
0.571
0.465
0.273
0.09
0.059
0.058
0.057
0.058
0.053
0.081
0.512
0.386
0.267
0.29
0.354
0.623
0.668
0.624
0.482
0.674
1.455
0.81
0.679
0.625
0.556
0.439
0.247
0.086
0.059
0.058
0.057
0.058
0.049
0.078
0.532
0.421
0.254
0.275
0.332
0.582
0.64
0.602
0.568
0.749
1.343
0.766
0.657
0.615
0.545
0.412
0.229
0.084
0.056
0.056
0.057
0.058
0.047
0.074
0.545
0.418
0.235
0.252
0.301
0.54
0.611
0.575
0.576
0.728
1.264
0.789
0.644
0.602
0.539
0.418
0.228
0.081
0.056
0.057
0.058
0.057
0.045
0.073
0.617
0.524
0.239
0.237
0.289
0.492
0.612
0.573
0.551
0.709
1.182
0.77
0.617
0.579
0.525
0.413
0.215
0.079
0.057
0.057
0.058
0.057
0.045
0.068
0.641
0.522
0.228
0.22
0.266
0.461
0.601
0.553
0.505
0.644
1.144
0.766
0.598
0.567
0.51
0.412
0.234
0.098
0.055
0.054
0.058
0.057
0.046
0.067
0.582
0.501
0.294
0.278
0.321
0.423
0.548
0.505
0.479
0.602
1.086
0.773
0.596
0.571
0.538
0.424
0.239
0.094
0.055
0.053
0.055
0.057
0.047
0.066
0.551
0.492
0.344
0.428
0.412
0.418
0.536
0.46
0.433
0.548
0.983
0.792
0.673
0.679
0.64
0.522
0.319
0.09
0.072
0.052
0.052
0.057
0.048
0.066
0.502
0.47
0.344
0.449
0.419
0.437
0.52
0.504
0.557
0.671
0.963
0.972
0.742
0.677
0.624
0.512
0.333
0.107
0.07
0.053
0.053
0.057
0.049
0.065
0.457
0.445
0.352
0.45
0.416
0.432
0.534
0.5
0.568
0.669
0.927
1.118
0.733
0.662
0.623
0.502
0.34
0.136
0.074
0.053
0.053
0.057
0.047
0.063
0.417
0.429
0.354
0.442
0.451
0.449
0.53
0.487
0.549
0.634
0.869
1.067
0.697
0.632
0.606
0.492
0.346
0.156
0.072
0.054
0.049
0.057
0.048
0.063
0.382
0.391
0.374
0.439
0.461
0.453
0.645
0.517
0.533
0.608
0.828
1.017
0.707
0.633
0.603
0.484
0.352
0.181
0.098
0.055
0.051
0.058
0.049
0.062
0.35
0.371
0.379
0.699
0.455
0.429
0.622
0.502
0.519
0.617
0.782
0.952
0.712
0.633
0.606
0.493
0.327
0.226
0.124
0.066
0.062
0.068
0.073
0.138
0.331
0.352
0.379
0.687
0.561
0.475
0.636
0.458
0.489
0.602
0.739
0.896
0.737
0.614
0.591
0.502
0.34
0.234
0.118
0.065
0.062
0.067
0.072
0.13
0.304
0.32
0.346
0.653
0.542
0.464
0.698
0.645
0.489
0.604
0.741
0.939
0.863
0.629
0.603
0.527
0.392
0.222
0.112
0.065
0.062
0.067
0.071
0.121
0.277
0.399
0.366
0.598
0.494
0.424
0.634
0.627
0.496
0.775
0.752
1.06
0.846
0.632
0.607
0.522
0.401
0.247
0.127
0.064
0.062
0.066
0.069
0.111
0.255
0.444
0.375
0.547
0.451
0.388
0.577
0.724
0.482
0.751
0.731
1.053
0.924
0.645
0.638
0.57
0.433
0.282
0.121
0.064
0.061
0.065
0.068
0.106
0.234
0.476
0.383
0.511
0.409
0.354
0.526
0.713
0.557
0.903
0.729
0.995
0.954
0.676
0.655
0.593
0.466
0.315
0.13
0.063
0.061
0.064
0.065
0.098
0.216
0.504
0.386
0.47
0.374
0.325
0.498
0.669
0.573
0.863
0.721
1.154
0.946
0.679
0.653
0.628
0.507
0.374
0.163
0.063
0.061
0.064
0.064
0.094
0.201
0.551
0.471
0.622
0.467
0.299
0.474
0.639
0.574
0.813
0.704
1.097
0.908
0.668
0.645
0.625
0.518
0.398
0.159
0.062
0.059
0.061
0.064
0.091
0.186
0.503
0.463
0.598
0.459
0.333
0.541
0.864
0.617
0.892
0.785
1.029
0.863
0.683
0.661
0.64
0.53
0.421
0.17
0.061
0.057
0.059
0.062
0.087
0.173
0.458
0.443
0.58
0.446
0.331
0.547
0.81
0.603
0.839
0.76
1.132
0.846
0.679
0.659
0.64
0.524
0.422
0.159
0.06
0.056
0.057
0.06
0.084
0.186
0.578
0.442
0.545
0.438
0.335
0.529
0.767
0.679
0.946
0.928
1.09
0.822
0.698
0.675
0.651
0.524
0.394
0.148
0.06
0.056
0.057
0.06
0.081
0.173
0.6
0.445
0.5
0.404
0.311
0.486
0.804
0.648
0.925
0.865
1.055
0.94
0.683
0.665
0.667
0.544
0.379
0.14
0.06
0.057
0.057
0.06
0.079
0.16
0.603
0.45
0.469
0.37
0.286
0.555
1.154
0.782
0.977
0.83
1.057
0.92
0.691
0.678
0.654
0.53
0.353
0.132
0.06
0.056
0.056
0.059
0.077
0.15
0.583
0.462
0.521
0.419
0.311
0.553
1.116
0.765
0.94
0.8
1.073
0.964
0.703
0.689
0.651
0.539
0.332
0.125
0.06
0.056
0.056
0.059
0.076
0.141
0.567
0.457
0.479
0.384
0.287
0.539
1.222
0.869
0.881
0.772
1.077
0.972
0.725
0.697
0.662
0.56
0.356
0.12
0.06
0.057
0.057
0.059
0.074
0.133
0.546
0.522
0.534
0.445
0.298
0.541
1.147
0.944
0.836
0.745
1.181
0.953
0.749
0.751
0.686
0.515
0.33
0.117
0.064
0.061
0.06
0.059
0.077
0.129
0.593
0.535
0.536
0.443
0.305
0.535
1.139
1.009
0.79
1.104
1.169
1.225
0.791
0.762
0.698
0.503
0.319
0.112
0.063
0.061
0.06
0.059
0.075
0.122
0.587
0.528
0.52
0.421
0.279
0.755
1.112
0.953
0.775
1.233
1.161
1.177
0.765
0.749
0.687
0.515
0.332
0.107
0.063
0.059
0.057
0.059
0.073
0.116
0.604
0.516
0.477
0.385
0.255
0.684
1.077
1.266
0.782
1.329
1.39
1.194
0.769
0.754
0.684
0.504
0.326
0.101
0.061
0.058
0.058
0.06
0.072
0.111
0.603
0.514
0.456
0.353
0.235
0.619
0.998
1.17
0.743
1.372
1.336
1.181
0.787
0.758
0.679
0.516
0.348
0.098
0.061
0.059
0.058
0.06
0.071
0.106
0.617
0.509
0.442
0.324
0.218
0.563
1.212
1.119
0.715
1.312
1.525
1.139
0.766
0.74
0.679
0.524
0.35
0.095
0.062
0.06
0.059
0.06
0.07
0.1
0.624
0.504
0.411
0.306
0.21
0.596
1.187
1.048
0.66
1.206
1.444
1.14
0.789
0.765
0.71
0.551
0.374
0.119
0.088
0.078
0.058
0.059
0.069
0.147
0.621
0.494
0.407
0.316
0.38
0.923
1.122
1.105
0.648
1.119
1.346
1.066
0.793
0.752
0.688
0.536
0.345
0.11
0.084
0.077
0.058
0.059
0.067
0.134
0.565
0.459
0.406
0.319
0.382
0.9
1.106
1.056
0.635
1.234
1.299
1.063
0.82
0.761
0.697
0.536
0.332
0.101
0.082
0.075
0.059
0.06
0.066
0.166
0.587
0.461
0.518
0.414
0.463
0.817
1.002
1.008
0.627
1.161
1.223
1.053
0.876
0.772
0.714
0.57
0.333
0.097
0.079
0.074
0.059
0.057
0.064
0.156
0.571
0.456
0.505
0.41
0.489
0.85
1.1
0.976
0.779
1.253
1.191
1.019
0.868
0.763
0.705
0.577
0.355
0.095
0.078
0.073
0.06
0.054
0.064
0.147
0.606
0.485
0.469
0.375
0.442
0.856
1.017
0.936
0.762
1.181
1.132
1.011
0.88
0.771
0.722
0.572
0.351
0.091
0.077
0.072
0.06
0.055
0.062
0.136
0.553
0.517
0.579
0.358
0.404
0.777
0.994
0.905
0.739
1.344
1.192
1.048
0.889
0.783
0.729
0.581
0.369
0.088
0.075
0.069
0.057
0.055
0.061
0.129
0.579
0.527
0.54
0.324
0.37
0.707
0.972
0.869
0.717
1.263
1.16
1.028
0.879
0.766
0.717
0.587
0.39
0.107
0.074
0.068
0.058
0.056
0.061
0.121
0.535
0.563
0.565
0.467
0.395
0.667
0.899
0.856
0.71
1.188
1.255
1.096
0.908
0.794
0.746
0.622
0.375
0.103
0.072
0.068
0.058
0.056
0.059
0.113
0.501
0.546
0.554
0.459
0.39
0.639
0.897
0.863
0.732
1.335
1.376
1.109
0.931
0.828
0.747
0.63
0.352
0.098
0.071
0.067
0.058
0.052
0.059
0.107
0.52
0.539
0.621
0.44
0.428
1.005
0.964
0.83
0.739
1.254
1.441
1.126
0.945
0.853
0.753
0.627
0.322
0.091
0.07
0.066
0.058
0.053
0.059
0.098
0.543
0.537
0.568
0.4
0.39
0.931
0.921
0.801
0.74
1.227
1.489
1.146
0.938
0.866
0.761
0.599
0.296
0.088
0.068
0.062
0.058
0.054
0.059
0.094
0.554
0.522
0.514
0.366
0.357
0.867
0.861
0.727
0.669
1.139
1.535
1.162
0.998
0.898
0.777
0.586
0.271
0.085
0.067
0.061
0.059
0.054
0.054
0.091
0.565
0.518
0.497
0.478
0.338
0.805
0.826
0.74
0.656
1.267
1.53
1.158
0.979
0.939
0.802
0.588
0.25
0.082
0.067
0.061
0.059
0.055
0.055
0.084
0.576
0.529
0.463
0.443
0.356
0.785
0.925
0.723
0.671
1.231
1.462
1.139
0.947
0.926
0.785
0.592
0.263
0.08
0.066
0.061
0.057
0.053
0.055
0.098
0.557
0.577
0.484
0.449
0.543
0.714
0.835
0.657
0.613
1.182
1.404
1.15
0.938
0.919
0.79
0.599
0.243
0.078
0.065
0.061
0.057
0.053
0.052
0.093
0.517
0.558
0.475
0.443
0.523
0.767
0.799
0.73
0.749
1.23
1.38
1.198
0.976
0.943
0.793
0.617
0.225
0.076
0.065
0.061
0.057
0.054
0.048
0.09
0.52
0.587
0.45
0.405
0.478
0.913
0.836
0.856
0.741
1.178
1.492
1.166
1.025
0.956
0.744
0.562
0.209
0.075
0.062
0.059
0.058
0.055
0.05
0.116
0.531
0.563
0.41
0.373
0.643
0.852
0.814
0.815
0.717
1.29
1.447
1.128
1.002
0.954
0.696
0.512
0.194
0.073
0.062
0.059
0.058
0.055
0.051
0.121
0.546
0.534
0.373
0.342
0.585
0.819
0.856
0.837
0.652
1.19
1.378
1.121
1.017
0.984
0.719
0.515
0.18
0.072
0.062
0.059
0.058
0.055
0.051
0.143
0.574
0.506
0.34
0.35
0.692
0.766
0.784
0.788
0.626
1.241
1.428
1.121
1.022
1.0
0.712
0.482
0.168
0.07
0.061
0.059
0.058
0.056
0.05
0.132
0.595
0.48
0.336
0.351
0.66
0.726
0.758
0.745
0.575
1.192
1.363
1.105
1.019
1.001
0.74
0.514
0.195
0.088
0.08
0.078
0.076
0.075
0.069
0.143
0.583
0.552
0.356
0.37
0.65
0.868
0.746
0.718
0.558
1.322
1.344
1.11
1.005
1.014
0.719
0.469
0.182
0.085
0.077
0.075
0.074
0.073
0.065
0.133
0.531
0.54
0.363
0.372
0.624
0.855
0.832
0.765
0.78
1.285
1.305
1.127
1.027
1.027
0.749
0.478
0.188
0.101
0.091
0.092
0.091
0.09
0.083
0.144
0.549
0.556
0.364
0.347
0.567
0.775
0.817
0.899
0.842
1.25
1.281
1.094
1.01
1.008
0.754
0.487
0.175
0.096
0.087
0.089
0.088
0.087
0.077
0.135
0.618
0.549
0.334
0.319
0.521
0.724
0.765
0.87
0.787
1.39
1.387
1.119
1.02
0.992
0.757
0.463
0.163
0.092
0.085
0.086
0.085
0.084
0.075
0.125
0.644
0.526
0.306
0.293
0.475
0.662
0.816
0.899
0.762
1.343
1.323
1.13
1.025
0.998
0.764
0.44
0.171
0.108
0.101
0.102
0.101
0.1
0.091
0.133
0.648
0.545
0.301
0.289
0.45
0.624
0.816
0.845
0.71
1.229
1.328
1.105
0.969
0.987
0.839
0.545
0.194
0.121
0.115
0.112
0.115
0.115
0.106
0.14
0.674
0.53
0.276
0.269
0.445
0.586
0.74
0.8
0.745
1.261
1.289
1.116
0.997
1.031
0.9
0.631
0.178
0.114
0.11
0.107
0.11
0.107
0.099
0.131
0.714
0.606
0.357
0.306
0.465
0.614
0.747
0.804
0.731
1.321
1.269
1.115
1.006
1.038
0.904
0.595
0.185
0.127
0.123
0.117
0.124
0.121
0.114
0.141
0.664
0.57
0.347
0.296
0.444
0.62
0.758
0.813
0.749
1.307
1.281
1.119
1.021
1.048
0.927
0.544
0.168
0.12
0.117
0.111
0.113
0.115
0.109
0.133
0.693
0.629
0.374
0.312
0.408
0.571
0.711
0.944
1.028
1.373
1.291
1.121
1.032
1.058
0.948
0.576
0.174
0.132
0.13
0.125
0.126
0.126
0.12
0.161
0.768
0.709
0.359
0.304
0.415
0.578
0.748
0.931
1.005
1.324
1.287
1.19
1.094
1.119
1.007
0.566
0.181
0.143
0.138
0.136
0.138
0.138
0.129
0.169
0.75
0.765
0.487
0.418
0.408
0.527
0.675
0.845
0.961
1.286
1.283
1.225
1.234
1.125
1.021
0.539
0.169
0.135
0.128
0.127
0.131
0.131
0.117
0.158
0.681
0.718
0.455
0.407
0.452
0.556
0.657
0.848
0.974
1.261
1.284
1.279
1.187
1.109
1.094
0.63
0.28
0.169
0.121
0.12
0.119
0.123
0.115
0.185
0.721
0.76
0.591
0.404
0.512
0.77
0.888
0.841
0.938
1.197
1.267
1.254
1.164
1.118
1.078
0.648
0.278
0.158
0.115
0.111
0.112
0.117
0.11
0.168
0.656
0.722
0.567
0.403
0.502
0.798
0.879
0.812
0.914
1.132
1.368
1.293
1.23
1.19
1.141
0.648
0.282
0.145
0.108
0.105
0.107
0.111
0.105
0.153
0.596
0.66
0.551
0.395
0.49
0.797
1.064
0.915
1.022
1.13
1.386
1.39
1.279
1.221
1.109
0.589
0.26
0.136
0.103
0.096
0.102
0.106
0.1
0.139
0.542
0.608
0.531
0.395
0.516
0.856
0.996
0.847
0.942
1.069
1.447
1.433
1.319
1.391
1.163
0.66
0.259
0.148
0.118
0.111
0.115
0.117
0.115
0.15
0.51
0.572
0.525
0.415
0.516
0.826
0.953
0.814
0.966
1.243
1.474
1.442
1.372
1.455
1.245
0.722
0.269
0.139
0.112
0.106
0.105
0.112
0.11
0.136
0.465
0.59
0.604
0.506
0.592
0.824
0.915
0.783
0.997
1.558
1.762
1.495
1.372
1.454
1.208
0.656
0.249
0.127
0.107
0.102
0.096
0.107
0.1
0.128
0.425
0.533
0.584
0.491
0.643
0.783
0.848
0.727
0.922
1.598
1.752
1.55
1.4
1.496
1.314
0.698
0.23
0.12
0.098
0.098
0.093
0.098
0.096
0.122
0.384
0.489
0.561
0.481
0.612
0.743
0.861
0.738
0.962
1.971
1.799
1.743
1.579
1.536
1.367
0.7
0.213
0.114
0.09
0.095
0.09
0.089
0.093
0.111
0.352
0.453
0.543
0.471
0.588
0.752
0.97
0.725
0.9
1.886
1.76
1.735
1.57
1.578
1.375
0.775
0.317
0.109
0.086
0.088
0.087
0.087
0.085
0.106
0.318
0.415
0.529
0.459
0.569
0.745
0.944
0.718
0.894
1.756
1.736
1.708
1.572
1.569
1.422
0.844
0.414
0.158
0.079
0.086
0.085
0.08
0.083
0.102
0.288
0.386
0.512
0.453
0.547
0.757
0.991
0.703
0.878
1.647
1.714
1.721
1.595
1.585
1.509
0.856
0.379
0.146
0.075
0.084
0.083
0.073
0.081
0.098
0.261
0.353
0.486
0.449
0.606
0.752
1.129
0.753
0.861
1.587
1.793
1.727
1.634
1.69
1.419
0.796
0.379
0.193
0.091
0.131
0.119
0.093
0.098
0.214
0.396
0.51
0.454
0.411
0.547
0.684
1.069
0.761
0.85
1.506
1.774
1.719
1.653
1.771
1.413
0.723
0.347
0.18
0.083
0.124
0.113
0.086
0.095
0.199
0.45
0.567
0.462
0.425
0.531
0.662
1.207
0.986
0.905
1.451
1.743
1.696
1.686
1.745
1.396
0.726
0.326
0.168
0.081
0.113
0.108
0.083
0.092
0.181
0.55
0.616
0.441
0.438
0.533
0.65
1.167
0.941
0.882
1.376
1.684
1.666
1.695
1.748
1.409
0.771
0.335
0.157
0.079
0.107
0.1
0.081
0.087
0.165
0.501
0.562
0.438
0.429
0.52
0.62
1.086
0.998
0.896
1.352
1.814
1.705
1.868
1.767
1.375
0.7
0.307
0.143
0.077
0.098
0.096
0.079
0.08
0.155
0.453
0.508
0.427
0.422
0.572
0.726
1.118
0.95
0.862
1.267
1.725
1.715
1.845
1.793
1.46
0.798
0.352
0.135
0.076
0.09
0.092
0.078
0.074
0.145
0.41
0.475
0.507
0.444
0.538
0.679
1.032
0.94
0.83
1.325
1.677
1.695
1.791
1.776
1.409
0.724
0.323
0.123
0.075
0.087
0.089
0.071
0.073
0.137
0.37
0.445
0.496
0.442
0.531
0.72
1.024
0.903
0.797
1.268
1.83
1.678
1.805
1.789
1.423
0.752
0.354
0.115
0.07
0.084
0.087
0.066
0.072
0.129
0.454
0.522
0.493
0.528
0.57
0.69
1.006
0.855
0.755
1.332
1.802
1.637
1.758
1.746
1.326
0.69
0.329
0.115
0.073
0.08
0.086
0.063
0.071
0.121
0.493
0.589
0.51
0.516
0.558
0.7
0.934
0.841
0.733
1.295
1.94
1.604
1.71
1.698
1.321
0.664
0.297
0.11
0.067
0.078
0.079
0.058
0.071
0.111
0.567
0.616
0.505
0.54
0.575
0.662
0.912
0.806
0.839
1.405
2.311
1.971
1.877
1.628
1.319
0.629
0.274
0.1
0.067
0.072
0.077
0.054
0.071
0.101
0.517
0.586
0.467
0.488
0.524
0.661
0.961
1.002
1.147
1.89
2.627
1.889
1.814
1.575
1.336
0.607
0.248
0.097
0.062
0.071
0.071
0.055
0.065
0.093
0.484
0.56
0.45
0.475
0.572
0.69
0.961
0.955
1.223
1.992
2.452
1.835
1.763
1.502
1.29
0.594
0.228
0.089
0.063
0.067
0.072
0.052
0.061
0.091
0.507
0.61
0.509
0.457
0.544
0.669
0.917
0.885
1.145
1.831
2.456
1.763
1.693
1.465
1.243
0.542
0.207
0.082
0.064
0.062
0.066
0.054
0.057
0.087
0.558
0.61
0.502
0.46
0.533
0.698
0.876
0.853
1.077
1.857
2.412
1.74
1.682
1.508
1.2
0.507
0.204
0.087
0.076
0.074
0.073
0.066
0.064
0.096
0.584
0.658
0.493
0.458
0.547
0.708
0.82
0.78
0.971
1.672
2.21
1.626
1.548
1.392
1.099
0.469
0.196
0.091
0.081
0.079
0.078
0.072
0.07
0.099
0.544
0.596
0.445
0.412
0.493
0.739
1.074
1.032
1.227
1.847
2.337
1.863
1.838
1.723
1.392
0.678
0.212
0.083
0.074
0.072
0.072
0.066
0.064
0.09
0.664
0.905
0.726
0.428
0.595
0.878
1.271
1.187
1.343
1.713
2.393
2.067
2.068
1.956
1.415
0.689
0.216
0.076
0.068
0.066
0.066
0.061
0.06
0.083
0.605
1.052
1.051
0.756
0.897
1.143
1.475
1.399
1.534
1.611
2.347
2.007
2.008
1.925
1.418
0.675
0.195
0.07
0.062
0.061
0.06
0.056
0.055
0.076
0.563
0.998
0.993
0.767
0.853
1.089
1.462
1.477
1.455
1.503
2.258
1.996
1.948
1.877
1.377
0.669
0.177
0.064
0.057
0.056
0.056
0.052
0.051
0.069
0.58
1.005
0.944
0.723
0.801
1.055
1.434
1.411
1.402
1.596
2.234
1.93
1.886
1.79
1.311
0.733
0.163
0.06
0.053
0.052
0.052
0.048
0.048
0.064
0.596
0.967
0.903
0.897
0.757
1.172
1.386
1.32
1.299
1.463
2.089
1.904
1.846
1.756
1.295
0.742
0.15
0.055
0.049
0.048
0.048
0.045
0.044
0.059
0.63
1.073
0.954
0.812
0.686
1.062
1.314
1.25
1.243
1.556
2.039
1.862
1.816
1.743
1.279
0.695
0.141
0.055
0.05
0.049
0.049
0.046
0.046
0.059
0.661
1.07
0.91
0.772
0.701
1.014
1.24
1.181
1.174
1.501
2.064
1.837
1.804
1.734
1.217
0.632
0.133
0.055
0.05
0.049
0.048
0.048
0.047
0.059
0.616
1.037
0.825
0.701
0.633
0.919
1.127
1.125
1.142
1.406
2.047
1.898
1.758
1.693
1.219
0.666
0.137
0.056
0.047
0.05
0.05
0.049
0.048
0.056
0.673
1.041
0.78
0.638
0.573
0.901
1.107
1.117
1.089
1.357
1.907
1.837
1.688
1.651
1.235
0.605
0.126
0.055
0.048
0.051
0.051
0.045
0.05
0.056
0.612
0.971
0.742
0.614
0.622
0.891
1.289
1.09
1.029
1.292
1.808
1.805
1.666
1.624
1.204
0.551
0.119
0.057
0.057
0.064
0.063
0.059
0.058
0.069
0.644
0.919
0.866
0.6
0.579
0.823
1.171
0.988
0.928
1.184
1.72
1.755
1.653
1.637
1.096
0.498
0.114
0.057
0.055
0.062
0.063
0.059
0.054
0.068
0.669
0.884
0.788
0.547
0.523
0.759
1.099
0.921
0.86
1.173
1.962
1.798
1.632
1.597
1.011
0.455
0.107
0.055
0.055
0.062
0.063
0.054
0.055
0.067
0.693
0.859
0.743
0.499
0.478
0.696
1.04
0.867
0.802
1.085
1.892
1.913
1.606
1.559
0.986
0.415
0.1
0.053
0.056
0.061
0.063
0.05
0.056
0.073
0.723
0.821
0.727
0.504
0.485
0.989
1.004
0.826
0.729
0.983
1.746
1.846
1.556
1.519
0.958
0.38
0.097
0.054
0.052
0.061
0.063
0.052
0.056
0.068
0.729
0.787
0.692
0.459
0.441
0.896
0.921
0.794
0.818
0.951
1.649
1.748
1.506
1.474
0.947
0.348
0.093
0.054
0.048
0.061
0.062
0.052
0.052
0.067
0.662
0.74
0.658
0.452
0.473
1.138
1.067
1.083
0.964
0.965
1.564
1.664
1.484
1.451
0.979
0.368
0.09
0.055
0.048
0.058
0.062
0.053
0.053
0.066
0.676
0.77
0.664
0.492
0.475
1.103
1.132
1.053
0.944
0.971
1.492
1.601
1.456
1.422
0.947
0.35
0.099
0.068
0.06
0.067
0.074
0.066
0.063
0.075
0.718
0.752
0.617
0.466
0.476
1.203
1.117
1.014
0.895
0.955
1.448
1.651
1.42
1.402
0.926
0.321
0.09
0.067
0.06
0.066
0.073
0.061
0.063
0.073
0.69
0.759
0.565
0.426
0.487
1.311
1.072
0.966
0.881
1.042
1.358
1.572
1.374
1.356
0.936
0.376
0.087
0.066
0.059
0.062
0.071
0.061
0.058
0.072
0.664
0.717
0.521
0.391
0.44
1.216
1.027
0.907
0.84
1.109
1.392
1.489
1.315
1.299
0.944
0.35
0.084
0.065
0.055
0.062
0.07
0.057
0.058
0.088
0.686
0.696
0.504
0.37
0.41
1.223
1.009
0.885
0.875
1.363
1.523
1.466
1.273
1.262
0.986
0.416
0.157
0.063
0.053
0.061
0.069
0.053
0.058
0.138
0.714
0.672
0.474
0.335
0.376
1.182
0.96
0.837
0.793
1.251
1.461
1.397
1.233
1.233
1.0
0.499
0.165
0.06
0.053
0.061
0.067
0.05
0.058
0.13
0.661
0.694
0.479
0.457
0.534
1.152
0.933
0.818
0.776
1.181
1.452
1.405
1.186
1.186
0.958
0.455
0.154
0.056
0.054
0.061
0.066
0.051
0.055
0.122
0.613
0.664
0.466
0.451
0.562
1.093
0.986
0.809
1.027
1.136
1.362
1.335
1.177
1.149
0.951
0.427
0.145
0.056
0.054
0.06
0.063
0.052
0.055
0.116
0.614
0.637
0.548
0.431
0.544
1.017
0.949
0.777
0.944
1.146
1.318
1.277
1.15
1.12
0.955
0.437
0.135
0.054
0.055
0.06
0.062
0.052
0.051
0.111
0.588
0.604
0.495
0.447
0.527
0.925
0.882
0.757
0.988
1.123
1.235
1.208
1.141
1.106
0.969
0.454
0.126
0.055
0.056
0.06
0.058
0.053
0.052
0.102
0.602
0.582
0.456
0.405
0.517
1.095
0.829
0.749
0.951
1.172
1.218
1.15
1.131
1.087
0.898
0.415
0.119
0.054
0.053
0.06
0.058
0.049
0.053
0.097
0.567
0.563
0.445
0.431
0.504
1.019
1.106
1.193
0.915
1.109
1.151
1.137
1.048
1.024
0.901
0.387
0.11
0.056
0.054
0.056
0.059
0.049
0.052
0.095
0.532
0.548
0.437
0.435
0.536
1.041
1.002
1.076
0.864
1.054
1.088
1.24
1.041
1.015
0.897
0.371
0.1
0.056
0.055
0.054
0.057
0.05
0.049
0.091
0.485
0.531
0.436
0.43
0.57
0.994
0.974
1.024
0.855
1.0
1.035
1.309
1.057
1.004
0.893
0.41
0.129
0.056
0.055
0.055
0.053
0.051
0.05
0.084
0.443
0.511
0.427
0.427
0.586
0.928
1.027
1.126
0.821
0.955
1.017
1.233
1.001
0.991
0.901
0.393
0.118
0.057
0.056
0.052
0.052
0.052
0.046
0.081
0.515
0.495
0.406
0.386
0.578
0.905
1.074
1.068
0.793
0.954
1.147
1.193
1.01
0.977
0.928
0.486
0.177
0.059
0.056
0.053
0.049
0.053
0.048
0.075
0.527
0.646
0.397
0.354
0.522
0.821
0.969
0.968
0.716
0.921
1.103
1.154
1.034
0.989
0.969
0.475
0.161
0.06
0.054
0.052
0.051
0.05
0.048
0.07
0.522
0.674
0.377
0.338
0.547
1.044
0.936
0.968
0.711
0.934
1.19
1.139
1.02
1.005
0.986
0.434
0.149
0.057
0.055
0.053
0.047
0.051
0.045
0.074
0.562
0.674
0.363
0.311
0.501
1.168
1.013
0.957
0.783
0.905
1.243
1.098
0.997
0.983
0.992
0.402
0.14
0.057
0.056
0.049
0.049
0.052
0.047
0.069
0.562
0.644
0.33
0.287
0.458
1.092
0.992
0.916
0.755
0.944
1.253
1.068
1.023
0.987
0.959
0.368
0.133
0.058
0.055
0.047
0.05
0.053
0.044
0.068
0.52
0.619
0.332
0.297
0.484
1.035
0.941
1.249
0.75
0.941
1.362
1.273
1.031
1.002
0.97
0.354
0.135
0.07
0.067
0.06
0.059
0.066
0.057
0.075
0.487
0.601
0.347
0.319
0.542
1.051
0.894
1.195
0.744
1.027
1.435
1.247
1.03
1.007
0.966
0.333
0.127
0.069
0.067
0.055
0.059
0.065
0.055
0.072
0.505
0.576
0.371
0.309
0.588
0.969
0.833
1.118
0.73
1.15
1.378
1.179
1.011
1.003
1.004
0.335
0.132
0.075
0.078
0.068
0.071
0.073
0.068
0.083
0.468
0.598
0.354
0.292
0.554
0.918
0.823
1.061
0.721
1.114
1.448
1.126
0.995
0.992
1.003
0.305
0.124
0.074
0.076
0.062
0.07
0.071
0.065
0.112
0.516
0.586
0.33
0.27
0.505
0.907
0.795
1.048
0.812
1.115
1.384
1.14
1.017
1.011
0.994
0.292
0.129
0.084
0.082
0.074
0.08
0.082
0.072
0.119
0.617
0.56
0.316
0.261
0.471
0.86
0.765
1.005
0.795
1.072
1.46
1.094
1.001
1.017
1.026
0.356
0.169
0.093
0.088
0.084
0.09
0.092
0.079
0.153
0.651
0.55
0.304
0.254
0.566
1.006
0.782
0.964
0.788
1.176
1.472
1.058
0.998
1.004
1.022
0.356
0.161
0.09
0.08
0.082
0.087
0.089
0.072
0.144
0.592
0.528
0.311
0.3
0.572
0.945
0.88
0.924
0.76
1.113
1.382
1.172
0.976
0.991
0.96
0.326
0.15
0.087
0.074
0.08
0.084
0.086
0.067
0.135
0.546
0.511
0.319
0.307
0.552
0.891
0.884
0.975
0.76
1.078
1.328
1.135
0.973
1.0
0.987
0.318
0.153
0.094
0.082
0.09
0.094
0.091
0.078
0.139
0.566
0.511
0.305
0.293
0.733
0.934
0.815
0.894
0.7
1.026
1.264
1.088
0.971
0.982
0.987
0.313
0.143
0.091
0.075
0.086
0.091
0.084
0.076
0.131
0.574
0.515
0.299
0.288
0.738
0.856
1.06
0.929
0.662
0.942
1.231
1.082
0.962
0.965
0.96
0.288
0.135
0.083
0.074
0.084
0.083
0.081
0.075
0.17
0.589
0.499
0.28
0.266
0.671
0.897
1.024
0.856
0.599
0.854
1.189
1.174
0.946
0.963
0.944
0.305
0.128
0.077
0.072
0.081
0.081
0.074
0.073
0.172
0.589
0.487
0.293
0.412
0.614
0.831
1.006
0.822
0.721
0.823
1.135
1.137
0.941
0.978
0.931
0.367
0.121
0.075
0.068
0.078
0.079
0.073
0.072
0.157
0.55
0.501
0.284
0.377
0.555
0.831
0.96
0.795
0.797
0.798
1.073
1.078
0.902
0.948
0.932
0.448
0.208
0.085
0.079
0.088
0.089
0.084
0.082
0.162
0.547
0.502
0.381
0.656
0.528
0.766
0.883
0.771
0.781
0.786
1.065
1.035
0.914
0.945
0.955
0.464
0.205
0.094
0.088
0.096
0.098
0.093
0.092
0.164
0.511
0.47
0.416
0.751
0.637
0.727
0.812
0.712
0.721
0.726
0.977
0.963
0.93
0.968
0.944
0.436
0.202
0.102
0.097
0.104
0.104
0.099
0.1
0.165
0.534
0.468
0.399
0.694
0.592
0.681
0.77
0.672
0.748
0.799
1.017
0.95
0.952
0.974
0.958
0.472
0.201
0.11
0.105
0.112
0.112
0.107
0.104
0.17
0.531
0.47
0.423
0.702
0.59
0.685
0.981
0.734
0.752
0.793
0.987
0.951
0.959
0.97
0.962
0.517
0.238
0.117
0.112
0.117
0.117
0.113
0.111
0.17
0.524
0.477
0.427
0.684
0.613
0.734
0.972
0.685
0.702
0.795
0.972
0.945
0.937
0.949
0.938
0.49
0.221
0.112
0.108
0.112
0.112
0.109
0.107
0.159
0.514
0.466
0.42
0.653
0.592
0.721
0.945
0.653
0.674
0.772
0.961
0.912
0.927
0.944
0.926
0.509
0.223
0.108
0.104
0.108
0.108
0.105
0.103
0.157
0.529
0.456
0.39
0.594
0.549
1.033
1.043
0.645
0.644
0.742
1.04
0.927
0.944
0.958
0.926
0.512
0.207
0.103
0.1
0.104
0.103
0.101
0.098
0.159
0.515
0.449
0.418
0.59
0.649
0.936
0.944
0.584
0.587
0.674
0.946
0.867
0.943
0.939
0.912
0.488
0.193
0.099
0.096
0.098
0.096
0.097
0.094
0.149
0.468
0.408
0.382
0.537
0.742
0.887
0.869
0.568
0.542
0.802
0.907
1.053
0.939
0.931
0.928
0.449
0.179
0.095
0.092
0.094
0.093
0.093
0.091
0.136
0.476
0.452
0.494
0.637
0.677
0.87
0.821
0.701
0.549
0.858
0.919
1.002
0.916
0.932
0.958
0.477
0.179
0.104
0.101
0.103
0.102
0.102
0.1
0.141
0.497
0.455
0.465
0.591
0.628
0.808
0.816
0.699
0.669
0.838
0.894
0.968
0.918
0.929
0.979
0.502
0.179
0.112
0.109
0.109
0.108
0.11
0.107
0.144
0.518
0.459
0.451
0.551
0.585
0.79
0.803
0.678
0.651
0.862
0.871
0.97
0.915
0.927
1.003
0.57
0.18
0.119
0.115
0.116
0.115
0.117
0.114
0.148
0.536
0.463
0.426
0.514
0.546
0.833
0.764
0.67
0.629
0.825
0.902
1.015
0.913
0.919
1.003
0.567
0.167
0.112
0.109
0.108
0.109
0.111
0.109
0.139
0.533
0.454
0.433
0.5
0.656
0.919
0.774
0.619
0.573
0.749
0.844
1.072
0.874
0.915
1.01
0.598
0.153
0.106
0.104
0.103
0.104
0.106
0.1
0.131
0.486
0.415
0.396
0.492
0.711
1.074
0.89
0.701
0.574
0.731
0.815
1.048
0.873
0.9
0.998
0.614
0.151
0.101
0.1
0.098
0.097
0.101
0.096
0.124
0.443
0.379
0.375
0.516
0.831
1.026
0.857
0.774
0.584
0.714
0.789
1.014
0.883
0.919
1.005
0.561
0.142
0.097
0.096
0.094
0.093
0.097
0.09
0.115
0.405
0.347
0.343
0.54
0.795
0.979
0.842
0.748
0.735
0.698
0.849
0.967
0.85
0.905
0.988
0.514
0.135
0.095
0.093
0.092
0.091
0.094
0.087
0.107
0.371
0.319
0.374
0.538
0.753
0.916
0.774
0.728
0.729
0.773
0.845
0.932
0.838
0.919
0.973
0.519
0.127
0.091
0.09
0.088
0.088
0.087
0.084
0.103
0.353
0.302
0.382
0.53
0.846
1.006
0.75
0.724
0.844
0.763
0.824
1.013
0.834
0.908
0.98
0.551
0.119
0.085
0.087
0.086
0.085
0.084
0.082
0.099
0.58
0.289
0.35
0.484
0.768
0.912
0.712
0.718
0.802
0.846
0.795
0.991
0.821
0.908
0.969
0.53
0.109
0.085
0.087
0.079
0.085
0.081
0.078
0.135
0.568
0.313
0.361
0.457
0.7
0.838
0.679
0.686
0.775
0.968
0.777
0.942
0.804
0.919
0.977
0.488
0.107
0.078
0.087
0.079
0.079
0.081
0.073
0.131
0.533
0.312
0.385
0.545
0.666
0.806
0.718
0.706
0.749
0.919
0.746
0.898
0.82
0.909
0.921
0.443
0.104
0.077
0.082
0.08
0.073
0.081
0.074
0.122
0.501
0.296
0.402
0.557
0.673
0.778
0.689
0.695
0.719
0.891
0.834
0.884
0.799
0.938
0.838
0.408
0.103
0.071
0.082
0.08
0.067
0.081
0.075
0.111
0.474
0.308
0.394
0.54
0.787
0.878
0.679
0.901
0.705
0.854
0.809
0.878
0.803
0.93
0.796
0.377
0.102
0.071
0.079
0.082
0.07
0.077
0.076
0.11
0.472
0.302
0.364
0.509
0.724
0.824
0.654
0.863
0.692
0.825
0.775
0.859
0.78
0.967
0.733
0.343
0.099
0.073
0.08
0.076
0.071
0.078
0.075
0.102
0.433
0.281
0.337
0.513
0.704
0.78
0.623
0.792
0.64
0.797
0.771
0.821
0.875
0.979
0.669
0.317
0.093
0.072
0.08
0.076
0.065
0.078
0.076
0.093
0.406
0.287
0.353
0.717
0.703
0.711
0.563
0.725
0.615
0.768
0.741
0.798
0.976
0.974
0.698
0.392
0.118
0.067
0.079
0.077
0.067
0.072
0.076
0.092
0.375
0.277
0.39
0.696
0.684
0.679
0.546
0.714
0.587
0.779
0.792
0.767
0.955
0.959
0.714
0.401
0.115
0.067
0.075
0.078
0.069
0.066
0.077
0.091
0.342
0.288
0.481
0.636
0.618
0.621
0.507
0.76
0.645
0.774
0.743
0.703
0.932
0.921
0.723
0.371
0.111
0.063
0.076
0.079
0.064
0.068
0.076
0.085
0.316
0.261
0.448
0.625
0.71
0.58
0.715
0.863
0.604
0.738
0.688
0.677
0.882
0.914
0.702
0.336
0.108
0.065
0.07
0.079
0.061
0.067
0.077
0.14
0.337
0.261
0.412
0.573
0.648
0.604
0.672
0.786
0.562
0.667
0.629
0.661
0.844
0.892
0.725
0.349
0.106
0.06
0.071
0.079
0.057
0.068
0.075
0.183
0.439
0.301
0.383
0.679
0.605
0.558
0.62
0.746
0.521
0.615
0.595
0.634
0.804
0.883
0.737
0.323
0.097
0.062
0.066
0.079
0.059
0.063
0.075
0.167
0.405
0.28
0.347
0.652
0.608
0.508
0.598
0.682
0.482
0.602
0.568
0.609
0.771
0.881
0.757
0.301
0.095
0.059
0.067
0.079
0.055
0.065
0.069
0.159
0.411
0.345
0.468
0.678
0.615
0.463
0.547
0.91
0.572
0.621
0.548
0.583
0.757
0.881
0.76
0.279
0.087
0.061
0.062
0.079
0.056
0.061
0.071
0.171
0.564
0.334
0.43
0.619
0.556
0.449
0.6
0.846
0.559
0.592
0.527
0.552
0.717
0.849
0.74
0.259
0.08
0.063
0.06
0.076
0.059
0.057
0.072
0.155
0.519
0.316
0.437
0.564
0.509
0.411
0.545
0.771
0.512
0.605
0.526
0.532
0.682
0.81
0.667
0.242
0.074
0.065
0.061
0.072
0.061
0.053
0.073
0.141
0.476
0.29
0.415
0.551
0.569
0.503
0.593
0.744
0.493
0.586
0.505
0.518
0.646
0.819
0.686
0.22
0.075
0.061
0.064
0.067
0.064
0.05
0.075
0.184
0.466
0.269
0.38
0.506
0.705
0.596
0.539
0.707
0.474
0.571
0.49
0.498
0.651
0.806
0.708
0.206
0.076
0.063
0.059
0.068
0.063
0.05
0.075
0.168
0.493
0.274
0.59
0.561
0.747
0.631
0.517
0.675
0.464
0.57
0.488
0.519
0.64
0.811
0.713
0.235
0.077
0.058
0.062
0.063
0.065
0.047
0.076
0.195
0.476
0.256
0.533
0.514
0.682
0.715
0.509
0.64
0.562
0.553
0.51
0.53
0.629
0.808
0.684
0.216
0.078
0.054
0.064
0.062
0.063
0.05
0.07
0.235
0.458
0.238
0.489
0.465
0.623
0.664
0.466
0.713
0.526
0.537
0.498
0.549
0.752
0.82
0.713
0.273
0.079
0.057
0.066
0.057
0.066
0.054
0.065
0.263
0.463
0.306
0.448
0.428
0.614
0.796
0.657
0.769
0.52
0.541
0.48
0.58
0.771
0.788
0.738
0.269
0.073
0.06
0.063
0.059
0.068
0.05
0.067
0.238
0.429
0.302
0.549
0.545
0.724
0.737
0.644
0.744
0.525
0.651
0.501
0.582
0.76
0.775
0.759
0.256
0.067
0.063
0.065
0.054
0.07
0.053
0.062
0.223
0.39
0.284
0.545
0.524
0.704
0.725
0.624
0.728
0.622
0.632
0.535
0.579
0.753
0.79
0.736
0.236
0.069
0.064
0.062
0.058
0.07
0.051
0.065
0.243
0.385
0.295
0.509
0.549
0.683
0.671
0.57
0.674
0.627
0.602
0.52
0.553
0.717
0.811
0.704
0.222
0.064
0.066
0.061
0.059
0.072
0.048
0.068
0.264
0.386
0.269
0.467
0.503
0.622
0.946
0.606
0.646
0.6
0.577
0.645
0.546
0.697
0.796
0.69
0.215
0.06
0.068
0.063
0.055
0.073
0.045
0.069
0.338
0.373
0.251
0.432
0.457
0.585
1.026
0.586
0.701
0.585
0.572
0.62
0.63
0.707
0.814
0.68
0.214
0.075
0.074
0.077
0.068
0.082
0.061
0.085
0.371
0.38
0.241
0.409
0.534
0.634
1.023
0.561
0.645
0.547
0.576
0.609
0.633
0.703
0.801
0.629
0.2
0.07
0.075
0.078
0.063
0.082
0.063
0.078
0.392
0.381
0.238
0.374
0.489
0.579
0.966
0.648
0.722
0.55
0.912
0.618
0.602
0.672
0.774
0.627
0.184
0.072
0.072
0.076
0.065
0.075
0.065
0.078
0.355
0.351
0.264
0.391
0.49
0.636
0.9
0.639
0.685
0.538
0.878
0.722
0.591
0.757
0.762
0.632
0.169
0.072
0.073
0.077
0.061
0.075
0.067
0.078
0.321
0.324
0.246
0.353
0.475
0.627
0.903
0.645
0.677
0.61
0.859
0.715
0.577
0.72
0.725
0.616
0.158
0.072
0.074
0.071
0.062
0.076
0.062
0.078
0.297
0.293
0.229
0.334
0.482
0.697
0.852
0.611
0.628
0.601
0.914
0.716
0.58
0.691
0.728
0.599
0.151
0.067
0.075
0.069
0.061
0.076
0.057
0.079
0.271
0.275
0.227
0.306
0.477
0.757
0.983
0.766
0.609
0.672
0.971
0.738
0.58
0.678
0.713
0.626
0.164
0.063
0.075
0.064
0.063
0.077
0.053
0.079
0.425
0.284
0.213
0.284
0.441
0.72
0.936
0.725
0.614
0.691
1.047
0.73
0.583
0.703
0.721
0.648
0.187
0.066
0.074
0.062
0.065
0.076
0.051
0.08
0.45
0.286
0.202
0.265
0.399
0.765
0.957
0.755
0.581
0.692
1.042
0.819
0.588
0.694
0.769
0.662
0.196
0.061
0.075
0.064
0.06
0.076
0.054
0.073
0.465
0.296
0.184
0.247
0.368
0.699
0.876
0.684
0.532
0.632
0.971
0.885
0.568
0.658
0.729
0.671
0.238
0.063
0.075
0.059
0.062
0.07
0.057
0.068
0.426
0.273
0.238
0.376
0.441
0.67
0.928
0.667
0.501
0.584
0.883
0.943
0.55
0.627
0.71
0.703
0.304
0.065
0.069
0.062
0.057
0.071
0.053
0.069
0.386
0.253
0.223
0.369
0.414
0.883
0.871
0.828
0.496
0.589
0.824
0.881
0.534
0.615
0.676
0.679
0.281
0.06
0.07
0.057
0.06
0.07
0.052
0.071
0.349
0.265
0.446
0.497
0.423
0.827
0.932
0.794
0.453
0.563
0.785
0.853
0.527
0.612
0.67
0.639
0.262
0.062
0.066
0.059
0.055
0.071
0.054
0.066
0.322
0.282
0.413
0.457
0.383
0.823
0.918
0.816
0.583
0.546
0.763
0.804
0.514
0.601
0.653
0.622
0.243
0.058
0.067
0.055
0.058
0.072
0.051
0.067
0.316
0.282
0.385
0.413
0.353
0.751
0.929
0.793
0.557
0.531
0.726
0.781
0.629
0.589
0.623
0.588
0.221
0.06
0.068
0.051
0.06
0.066
0.054
0.062
0.351
0.291
0.348
0.381
0.32
0.716
0.955
0.794
0.56
0.529
0.735
0.76
0.623
0.581
0.624
0.596
0.207
0.056
0.07
0.055
0.056
0.068
0.056
0.059
0.376
0.301
0.353
0.564
0.321
0.653
0.868
0.754
0.534
0.524
0.732
0.732
0.6
0.562
0.602
0.606
0.203
0.058
0.065
0.057
0.058
0.063
0.059
0.061
0.34
0.279
0.478
0.828
0.353
0.627
0.813
0.737
0.615
0.52
0.701
0.698
0.652
0.584
0.58
0.554
0.191
0.061
0.06
0.06
0.061
0.058
0.061
0.061
0.31
0.259
0.433
0.751
0.326
0.567
0.762
0.703
0.588
0.506
0.731
0.848
0.711
0.672
0.561
0.527
0.179
0.063
0.058
0.059
0.062
0.054
0.063
0.063
0.329
0.264
0.399
0.678
0.303
0.542
0.818
0.676
0.552
0.503
0.69
0.816
0.758
0.674
0.543
0.498
0.164
0.063
0.061
0.055
0.064
0.057
0.058
0.064
0.368
0.269
0.368
0.619
0.275
0.523
0.791
0.652
0.632
0.602
0.798
0.87
0.721
0.646
0.523
0.487
0.156
0.058
0.063
0.057
0.059
0.059
0.061
0.06
0.383
0.282
0.512
0.597
0.257
0.479
0.794
0.652
0.716
0.559
0.734
0.995
0.682
0.628
0.519
0.5
0.144
0.059
0.065
0.059
0.055
0.061
0.063
0.055
0.406
0.293
0.474
0.541
0.241
0.762
0.863
0.618
0.768
0.557
0.684
1.053
0.652
0.602
0.526
0.489
0.147
0.061
0.066
0.06
0.053
0.063
0.065
0.058
0.4
0.3
0.437
0.496
0.226
0.753
0.793
0.66
0.719
0.512
0.654
0.983
0.642
0.592
0.509
0.497
0.14
0.063
0.066
0.057
0.056
0.065
0.066
0.054
0.368
0.278
0.521
0.473
0.338
0.7
0.755
0.727
0.665
0.5
0.643
0.916
0.634
0.578
0.511
0.485
0.134
0.065
0.067
0.059
0.058
0.066
0.067
0.052
0.337
0.259
0.511
0.446
0.537
0.646
0.817
0.666
0.608
0.457
0.585
0.853
0.609
0.576
0.498
0.453
0.13
0.067
0.069
0.06
0.056
0.068
0.069
0.055
0.348
0.27
0.469
0.414
0.489
0.59
0.841
0.632
0.621
0.428
0.543
0.822
0.73
0.552
0.486
0.456
0.156
0.067
0.066
0.063
0.059
0.07
0.065
0.058
0.377
0.278
0.432
0.469
0.45
0.541
0.77
0.595
0.637
0.395
0.521
0.778
0.696
0.535
0.476
0.451
0.166
0.064
0.068
0.065
0.062
0.069
0.061
0.06
0.388
0.293
0.393
0.43
0.429
0.756
0.855
0.543
0.583
0.364
0.542
0.775
0.684
0.52
0.467
0.419
0.157
0.066
0.066
0.063
0.064
0.07
0.058
0.062
0.413
0.43
0.416
0.396
0.394
0.711
0.818
0.542
0.557
0.379
0.553
0.747
0.699
0.525
0.458
0.42
0.143
0.067
0.068
0.058
0.066
0.071
0.053
0.064
0.411
0.426
0.527
0.51
0.404
0.733
0.805
0.519
0.503
0.369
0.512
0.852
0.695
0.51
0.462
0.429
0.148
0.069
0.063
0.061
0.067
0.066
0.056
0.066
0.371
0.392
0.492
0.535
0.48
0.801
0.768
0.528
0.557
0.395
0.527
0.834
0.694
0.536
0.501
0.477
0.156
0.07
0.065
0.056
0.069
0.067
0.052
0.068
0.407
0.386
0.481
0.518
0.614
0.858
0.733
0.486
0.51
0.369
0.488
0.931
0.663
0.549
0.496
0.484
0.192
0.066
0.065
0.059
0.063
0.069
0.055
0.063
0.524
0.387
0.508
0.691
0.563
0.81
0.689
0.47
0.497
0.361
0.493
0.871
0.65
0.558
0.513
0.473
0.179
0.068
0.066
0.055
0.065
0.07
0.051
0.09
0.508
0.376
0.463
0.631
0.516
0.788
0.728
0.482
0.481
0.362
0.556
0.9
0.616
0.54
0.501
0.463
0.163
0.069
0.068
0.051
0.067
0.071
0.048
0.089
0.509
0.37
0.419
0.576
0.562
0.786
0.773
0.451
0.442
0.35
0.52
0.842
0.609
0.53
0.486
0.478
0.191
0.071
0.067
0.05
0.068
0.072
0.045
0.088
0.474
0.362
0.381
0.527
0.515
0.82
0.741
0.438
0.484
0.325
0.503
0.796
0.581
0.517
0.49
0.514
0.197
0.065
0.069
0.053
0.07
0.067
0.048
0.088
0.456
0.44
0.434
0.509
0.473
0.758
0.708
0.409
0.451
0.307
0.497
0.758
0.562
0.505
0.481
0.518
0.185
0.065
0.072
0.057
0.072
0.069
0.046
0.088
0.42
0.438
0.429
0.726
0.531
0.697
0.744
0.443
0.43
0.288
0.467
0.761
0.545
0.492
0.468
0.5
0.175
0.067
0.073
0.056
0.07
0.071
0.051
0.088
0.38
0.412
0.432
0.799
0.531
0.63
0.682
0.436
0.397
0.273
0.435
0.77
0.525
0.481
0.46
0.514
0.17
0.069
0.075
0.059
0.065
0.073
0.054
0.086
0.346
0.38
0.398
0.786
0.513
0.606
0.653
0.559
0.413
0.285
0.43
0.728
0.533
0.472
0.476
0.557
0.197
0.065
0.076
0.062
0.067
0.067
0.057
0.086
0.318
0.345
0.366
0.774
0.499
0.57
0.597
0.514
0.425
0.293
0.422
0.711
0.52
0.469
0.475
0.567
0.183
0.068
0.077
0.065
0.063
0.07
0.061
0.086
0.424
0.351
0.345
0.706
0.453
0.537
0.571
0.55
0.443
0.299
0.419
0.678
0.507
0.467
0.466
0.569
0.166
0.07
0.078
0.061
0.064
0.071
0.056
0.102
0.422
0.38
0.326
0.644
0.626
0.645
0.714
0.553
0.532
0.307
0.415
0.642
0.515
0.684
0.472
0.569
0.18
0.069
0.078
0.063
0.059
0.072
0.059
0.093
0.42
0.386
0.307
0.582
0.573
0.649
0.731
0.585
0.686
0.305
0.402
0.626
0.498
0.683
0.481
0.568
0.168
0.07
0.079
0.058
0.062
0.073
0.057
0.09
0.386
0.351
0.315
0.579
0.71
0.593
0.664
0.565
0.626
0.29
0.4
0.625
0.491
0.649
0.471
0.553
0.182
0.065
0.079
0.061
0.063
0.069
0.059
0.09
0.349
0.324
0.292
0.584
0.673
0.573
0.692
0.694
0.669
0.301
0.4
0.626
0.474
0.631
0.462
0.535
0.166
0.067
0.08
0.056
0.065
0.07
0.055
0.089
0.38
0.32
0.272
0.535
0.611
0.624
0.935
0.658
0.604
0.28
0.38
0.61
0.462
0.606
0.468
0.543
0.196
0.067
0.08
0.059
0.06
0.071
0.058
0.084
0.39
0.328
0.27
0.566
0.56
0.672
0.855
0.628
0.57
0.259
0.351
0.593
0.45
0.58
0.469
0.529
0.209
0.068
0.08
0.061
0.057
0.071
0.06
0.084
0.385
0.33
0.258
0.519
0.514
0.613
0.873
0.579
0.578
0.263
0.332
0.544
0.453
0.56
0.452
0.513
0.197
0.07
0.081
0.059
0.058
0.072
0.063
0.082
0.385
0.486
0.265
0.476
0.475
0.566
0.811
0.53
0.549
0.25
0.31
0.528
0.444
0.541
0.445
0.501
0.193
0.066
0.082
0.062
0.061
0.069
0.063
0.082
0.397
0.561
0.263
0.435
0.501
0.582
0.788
0.521
0.609
0.251
0.317
0.535
0.439
0.532
0.453
0.49
0.213
0.068
0.082
0.064
0.057
0.07
0.065
0.083
0.359
0.533
0.276
0.43
0.508
0.818
0.933
0.485
0.557
0.257
0.324
0.52
0.433
0.516
0.455
0.482
0.283
0.07
0.082
0.061
0.057
0.072
0.067
0.081
0.327
0.488
0.257
0.445
0.538
0.807
0.922
0.451
0.603
0.242
0.302
0.494
0.416
0.501
0.443
0.479
0.311
0.072
0.083
0.074
0.06
0.073
0.068
0.078
0.321
0.508
0.245
0.41
0.494
0.773
0.908
0.434
0.588
0.248
0.412
0.506
0.412
0.49
0.446
0.48
0.33
0.074
0.083
0.075
0.061
0.069
0.07
0.078
0.315
0.521
0.258
0.551
0.475
0.83
0.863
0.544
0.569
0.283
0.41
0.495
0.409
0.479
0.439
0.471
0.316
0.074
0.084
0.076
0.063
0.071
0.072
0.078
0.323
0.505
0.242
0.505
0.437
0.776
0.798
0.528
0.549
0.308
0.4
0.483
0.407
0.47
0.435
0.539
0.298
0.075
0.079
0.075
0.066
0.073
0.073
0.076
0.362
0.491
0.227
0.464
0.539
0.915
0.858
0.521
0.512
0.287
0.37
0.444
0.53
0.458
0.439
0.544
0.307
0.076
0.08
0.077
0.064
0.071
0.075
0.078
0.392
0.481
0.217
0.424
0.495
0.938
0.794
0.524
0.507
0.296
0.372
0.453
0.516
0.451
0.445
0.523
0.301
0.077
0.081
0.078
0.063
0.068
0.076
0.079
0.361
0.453
0.233
0.474
0.518
0.952
0.755
0.497
0.508
0.302
0.371
0.447
0.503
0.445
0.439
0.495
0.28
0.079
0.082
0.077
0.063
0.068
0.078
0.08
0.334
0.417
0.247
0.489
0.505
0.989
0.803
0.457
0.467
0.288
0.375
0.441
0.489
0.435
0.52
0.511
0.284
0.08
0.082
0.077
0.06
0.07
0.079
0.081
0.363
0.415
0.232
0.445
0.481
1.1
0.762
0.508
0.498
0.325
0.395
0.436
0.479
0.431
0.507
0.564
0.427
0.122
0.086
0.078
0.062
0.071
0.079
0.079
0.376
0.412
0.395
0.429
0.443
1.038
0.703
0.566
0.47
0.332
0.395
0.421
0.462
0.426
0.511
0.561
0.608
0.158
0.085
0.078
0.062
0.073
0.08
0.104
0.378
0.411
0.558
0.453
0.541
0.975
0.663
0.53
0.682
0.373
0.556
0.418
0.47
0.419
0.5
0.786
0.573
0.151
0.086
0.079
0.064
0.07
0.079
0.102
0.426
0.596
0.53
0.418
0.631
1.135
0.715
0.483
0.742
0.39
0.539
0.415
0.489
0.416
0.502
0.757
0.579
0.183
0.086
0.08
0.067
0.069
0.076
0.101
0.431
0.588
0.518
0.417
0.605
1.067
0.708
0.493
0.885
0.402
0.526
0.414
0.482
0.415
0.507
0.728
0.544
0.174
0.086
0.081
0.065
0.067
0.077
0.099
0.396
0.588
0.606
0.431
0.588
1.207
0.831
0.485
0.842
0.417
0.513
0.407
0.477
0.415
0.498
0.712
0.5
0.166
0.087
0.082
0.067
0.066
0.075
0.099
0.403
0.571
0.555
0.398
0.536
1.174
0.917
0.619
0.837
0.419
0.501
0.428
0.468
0.428
0.483
0.699
0.472
0.158
0.087
0.078
0.066
0.068
0.076
0.097
0.364
0.522
0.508
0.424
0.516
1.066
0.891
0.665
0.844
0.412
0.467
0.434
0.463
0.427
0.476
0.712
0.488
0.177
0.087
0.078
0.068
0.064
0.075
0.096
0.336
0.472
0.466
0.429
0.532
0.998
0.839
0.643
0.8
0.429
0.454
0.43
0.457
0.426
0.469
0.702
0.45
0.163
0.086
0.079
0.07
0.064
0.071
0.095
0.311
0.492
0.473
0.424
0.515
0.939
0.814
0.608
0.738
0.421
0.45
0.427
0.451
0.416
0.475
0.675
0.454
0.155
0.083
0.076
0.071
0.066
0.07
0.089
0.289
0.578
0.523
0.384
0.533
1.045
0.743
0.556
0.707
0.421
0.56
0.425
0.477
0.41
0.474
0.695
0.432
0.147
0.077
0.077
0.072
0.068
0.065
0.089
0.298
0.568
0.51
0.381
0.52
0.985
0.712
0.55
0.678
0.45
0.543
0.438
0.477
0.407
0.469
0.693
0.438
0.138
0.074
0.078
0.074
0.064
0.066
0.089
0.277
0.513
0.468
0.401
0.509
1.099
0.721
0.554
0.651
0.46
0.528
0.435
0.471
0.407
0.455
0.698
0.461
0.133
0.075
0.078
0.069
0.064
0.068
0.097
0.288
0.498
0.471
0.403
0.527
1.151
0.806
0.668
0.626
0.45
0.491
0.445
0.46
0.427
0.451
0.686
0.47
0.125
0.076
0.079
0.07
0.06
0.069
0.096
0.266
0.451
0.432
0.387
0.502
1.063
0.998
0.839
0.59
0.448
0.482
0.435
0.47
0.426
0.564
0.713
0.488
0.143
0.076
0.08
0.072
0.06
0.067
0.095
0.248
0.412
0.407
0.412
0.474
0.997
0.938
0.816
0.58
0.442
0.475
0.432
0.465
0.426
0.573
0.686
0.485
0.138
0.077
0.08
0.066
0.063
0.069
0.093
0.226
0.38
0.438
0.413
0.464
0.934
0.881
0.753
0.702
0.502
0.464
0.429
0.478
0.414
0.558
0.68
0.446
0.128
0.078
0.081
0.068
0.063
0.065
0.093
0.212
0.351
0.41
0.492
0.482
0.85
0.802
0.702
0.667
0.493
0.46
0.427
0.468
0.412
0.576
0.683
0.491
0.124
0.073
0.08
0.07
0.066
0.06
0.092
0.199
0.386
0.41
0.449
0.457
0.774
0.737
0.644
0.622
0.493
0.452
0.423
0.464
0.413
0.581
0.664
0.451
0.12
0.074
0.079
0.067
0.067
0.062
0.091
0.224
0.385
0.41
0.445
0.452
0.832
0.809
0.88
0.611
0.452
0.437
0.393
0.468
0.414
0.565
0.689
0.425
0.113
0.075
0.079
0.067
0.064
0.065
0.091
0.207
0.401
0.411
0.442
0.449
0.79
0.764
0.843
0.736
0.444
0.435
0.397
0.464
0.433
0.556
0.687
0.443
0.104
0.077
0.081
0.069
0.06
0.067
0.09
0.193
0.414
0.38
0.408
0.502
0.751
0.791
0.786
0.678
0.417
0.434
0.415
0.458
0.432
0.541
0.683
0.469
0.115
0.077
0.076
0.07
0.062
0.069
0.09
0.177
0.425
0.385
0.407
0.488
0.788
0.743
0.72
0.626
0.397
0.45
0.414
0.455
0.428
0.529
0.683
0.443
0.112
0.078
0.071
0.072
0.065
0.071
0.084
0.219
0.398
0.385
0.408
0.466
0.739
0.71
0.69
0.605
0.398
0.448
0.432
0.447
0.425
0.536
0.681
0.413
0.11
0.079
0.067
0.071
0.067
0.073
0.083
0.234
0.458
0.555
0.44
0.426
0.693
0.684
0.662
0.582
0.396
0.443
0.443
0.438
0.423
0.523
0.666
0.391
0.102
0.077
0.069
0.072
0.064
0.072
0.083
0.267
0.425
0.504
0.405
0.457
0.729
0.69
0.616
0.54
0.396
0.433
0.449
0.436
0.423
0.512
0.662
0.379
0.101
0.078
0.069
0.068
0.066
0.074
0.081
0.244
0.418
0.496
0.405
0.448
0.699
0.662
0.597
0.542
0.377
0.4
0.458
0.432
0.429
0.512
0.662
0.432
0.122
0.074
0.069
0.07
0.068
0.073
0.077
0.228
0.385
0.5
0.405
0.441
0.672
0.639
0.595
0.553
0.381
0.397
0.454
0.449
0.429
0.532
0.661
0.454
0.142
0.076
0.071
0.072
0.07
0.068
0.078
0.214
0.392
0.492
0.401
0.438
0.831
0.66
0.59
0.536
0.383
0.399
0.449
0.446
0.425
0.539
0.659
0.445
0.137
0.076
0.067
0.074
0.072
0.099
0.147
0.229
0.394
0.483
0.403
0.435
0.761
0.627
0.545
0.498
0.387
0.4
0.455
0.438
0.423
0.535
0.657
0.448
0.13
0.072
0.069
0.075
0.073
0.09
0.141
0.215
0.366
0.504
0.403
0.429
0.81
0.714
0.628
0.515
0.386
0.375
0.424
0.432
0.435
0.522
0.652
0.469
0.127
0.068
0.068
0.076
0.074
0.125
0.201
0.225
0.339
0.463
0.384
0.523
0.737
0.652
0.618
0.592
0.36
0.478
0.429
0.431
0.453
0.503
0.649
0.482
0.121
0.07
0.07
0.077
0.076
0.117
0.187
0.219
0.348
0.458
0.388
0.536
0.7
0.629
0.601
0.576
0.385
0.472
0.589
0.452
0.453
0.524
0.65
0.493
0.116
0.067
0.071
0.078
0.077
0.114
0.172
0.203
0.321
0.43
0.419
0.517
0.746
0.611
0.583
0.767
0.435
0.461
0.585
0.448
0.449
0.503
0.647
0.518
0.114
0.062
0.073
0.079
0.075
0.106
0.164
0.214
0.326
0.424
0.419
0.507
0.712
0.588
0.568
0.715
0.44
0.449
0.569
0.445
0.447
0.54
0.647
0.514
0.109
0.064
0.074
0.077
0.072
0.104
0.156
0.198
0.299
0.448
0.392
0.463
0.667
0.554
0.573
0.683
0.438
0.422
0.545
0.443
0.444
0.567
0.647
0.49
0.101
0.066
0.075
0.078
0.067
0.102
0.149
0.187
0.294
0.441
0.392
0.49
0.641
0.555
0.554
0.668
0.503
0.578
0.532
0.441
0.455
0.583
0.646
0.473
0.099
0.068
0.076
0.072
0.069
0.1
0.14
0.172
0.332
0.676
0.386
0.445
0.585
0.509
0.508
0.607
0.459
0.53
0.488
0.402
0.416
0.535
0.591
0.428
0.099
0.071
0.077
0.069
0.072
0.1
0.129
0.165
0.309
0.615
0.352
0.411
0.536
0.461
0.644
0.58
0.482
0.643
0.475
0.38
0.383
0.49
0.538
0.389
0.098
0.074
0.074
0.067
0.073
0.099
0.118
0.187
0.313
0.563
0.322
0.526
0.825
0.654
0.782
0.728
0.485
0.62
0.467
0.533
0.509
0.745
0.597
0.366
0.097
0.071
0.072
0.069
0.074
0.094
0.111
0.177
0.29
0.509
0.32
0.545
0.879
0.632
0.761
0.67
0.481
0.6
0.472
0.516
0.498
0.738
0.601
0.35
0.096
0.066
0.074
0.071
0.076
0.087
0.108
0.168
0.267
0.498
0.33
0.533
0.852
0.61
0.691
0.63
0.475
0.582
0.466
0.527
0.479
0.724
0.594
0.321
0.095
0.068
0.075
0.066
0.077
0.087
0.107
0.154
0.249
0.457
0.364
0.52
0.803
0.587
0.689
0.782
0.485
0.584
0.459
0.513
0.482
0.777
0.599
0.302
0.095
0.066
0.075
0.068
0.079
0.087
0.101
0.279
0.243
0.421
0.338
0.474
0.756
0.57
0.661
0.746
0.472
0.596
0.455
0.607
0.605
0.746
0.593
0.28
0.094
0.068
0.071
0.068
0.08
0.087
0.093
0.299
0.347
0.394
0.31
0.432
0.69
0.523
0.601
0.677
0.437
0.632
0.42
0.555
0.552
0.676
0.542
0.262
0.094
0.07
0.07
0.067
0.081
0.088
0.093
0.272
0.322
0.364
0.289
0.391
0.63
0.48
0.549
0.612
0.402
0.578
0.385
0.505
0.506
0.618
0.492
0.243
0.094
0.072
0.065
0.07
0.082
0.081
0.093
0.254
0.295
0.334
0.269
0.36
0.571
0.441
0.505
0.712
0.4
0.533
0.399
0.496
0.506
0.65
0.525
0.262
0.091
0.069
0.067
0.071
0.08
0.078
0.092
0.237
0.267
0.31
0.251
0.381
0.549
0.438
0.495
0.683
0.4
0.517
0.417
0.487
0.496
0.645
0.535
0.295
0.093
0.071
0.069
0.067
0.081
0.079
0.085
0.222
0.249
0.28
0.235
0.362
0.672
0.444
0.582
0.693
0.412
0.498
0.395
0.664
0.519
0.63
0.548
0.329
0.093
0.072
0.065
0.069
0.081
0.08
0.078
0.209
0.233
0.261
0.214
0.373
0.644
0.47
0.615
0.728
0.413
0.491
0.41
0.636
0.509
0.624
0.563
0.34
0.087
0.073
0.067
0.07
0.076
0.081
0.079
0.3
0.325
0.245
0.202
0.345
0.586
0.442
0.601
0.685
0.379
0.472
0.411
0.617
0.516
0.6
0.566
0.37
0.087
0.075
0.064
0.07
0.077
0.081
0.073
0.279
0.301
0.226
0.186
0.352
0.595
0.439
0.578
0.654
0.484
0.594
0.404
0.608
0.531
0.597
0.575
0.4
0.092
0.073
0.065
0.071
0.078
0.081
0.071
0.255
0.28
0.212
0.176
0.332
0.578
0.477
0.567
0.632
0.476
0.554
0.366
0.589
0.519
0.592
0.591
0.383
0.091
0.074
0.067
0.067
0.077
0.082
0.073
0.231
0.261
0.199
0.166
0.346
0.566
0.47
0.547
0.61
0.443
0.543
0.345
0.671
0.548
0.605
0.597
0.371
0.089
0.075
0.069
0.068
0.071
0.082
0.074
0.215
0.297
0.247
0.173
0.32
0.516
0.427
0.531
0.588
0.411
0.524
0.352
0.659
0.532
0.606
0.6
0.405
0.091
0.076
0.064
0.07
0.073
0.081
0.07
0.202
0.276
0.225
0.164
0.329
0.506
0.437
0.568
0.78
0.563
0.59
0.361
0.631
0.537
0.615
0.577
0.372
0.085
0.078
0.066
0.071
0.068
0.082
0.072
0.188
0.254
0.23
0.188
0.333
0.516
0.436
0.661
0.754
0.533
0.573
0.363
0.61
0.528
0.635
0.583
0.355
0.084
0.074
0.068
0.073
0.07
0.076
0.073
0.177
0.237
0.209
0.178
0.309
0.527
0.419
0.604
0.688
0.487
0.521
0.353
0.592
0.51
0.634
0.575
0.335
0.078
0.075
0.07
0.067
0.072
0.077
0.068
0.168
0.222
0.19
0.169
0.312
0.51
0.418
0.563
0.628
0.461
0.492
0.441
0.582
0.488
0.636
0.553
0.305
0.079
0.076
0.065
0.069
0.072
0.072
0.07
0.156
0.206
0.201
0.193
0.348
0.481
0.531
0.542
0.708
0.436
0.477
0.453
0.566
0.478
0.643
0.554
0.285
0.073
0.077
0.067
0.066
0.071
0.073
0.069
0.159
0.23
0.201
0.178
0.37
0.468
0.506
0.557
0.672
0.408
0.442
0.426
0.549
0.472
0.621
0.553
0.288
0.069
0.078
0.069
0.068
0.066
0.074
0.07
0.146
0.215
0.221
0.203
0.369
0.61
0.465
0.531
0.621
0.397
0.412
0.419
0.529
0.779
0.778
0.591
0.349
0.068
0.077
0.071
0.069
0.062
0.074
0.072
0.139
0.195
0.207
0.191
0.398
0.587
0.439
0.488
0.571
0.39
0.388
0.419
0.518
0.774
0.776
0.595
0.335
0.07
0.078
0.066
0.071
0.065
0.074
0.068
0.134
0.184
0.189
0.181
0.367
0.633
0.445
0.449
0.524
0.353
0.378
0.387
0.642
0.746
0.823
0.597
0.307
0.071
0.079
0.065
0.069
0.067
0.073
0.067
0.186
0.19
0.3
0.196
0.34
0.576
0.479
0.509
0.49
0.327
0.39
0.388
0.617
0.713
0.926
0.599
0.284
0.073
0.08
0.061
0.07
0.069
0.069
0.067
0.231
0.218
0.273
0.186
0.316
0.528
0.496
0.471
0.478
0.366
0.375
0.392
0.565
0.694
0.902
0.587
0.261
0.071
0.081
0.065
0.065
0.072
0.072
0.063
0.253
0.232
0.255
0.171
0.313
0.777
0.579
0.444
0.465
0.366
0.355
0.369
0.548
0.679
0.892
0.591
0.246
0.074
0.083
0.06
0.068
0.074
0.066
0.066
0.287
0.257
0.245
0.164
0.292
0.754
0.61
0.427
0.429
0.369
0.557
0.371
0.529
0.655
0.858
0.546
0.23
0.07
0.084
0.063
0.07
0.069
0.069
0.069
0.264
0.284
0.23
0.157
0.267
0.743
0.616
0.422
0.399
0.338
0.542
0.375
0.528
0.636
0.79
0.496
0.217
0.072
0.085
0.059
0.072
0.072
0.07
0.066
0.247
0.265
0.21
0.15
0.269
0.679
0.559
0.394
0.414
0.346
0.528
0.391
0.528
0.755
0.871
0.516
0.262
0.085
0.086
0.06
0.07
0.074
0.072
0.102
0.292
0.275
0.199
0.144
0.248
0.624
0.519
0.401
0.415
0.371
0.516
0.387
0.528
0.978
0.838
0.476
0.243
0.08
0.087
0.063
0.072
0.069
0.074
0.101
0.27
0.303
0.192
0.14
0.316
0.726
0.528
0.401
0.417
0.367
0.688
0.474
0.516
0.941
0.814
0.453
0.227
0.075
0.087
0.066
0.067
0.071
0.076
0.094
0.313
0.292
0.183
0.128
0.295
0.665
0.522
0.397
0.396
0.37
0.629
0.472
0.504
0.908
0.812
0.439
0.208
0.075
0.088
0.067
0.063
0.073
0.077
0.086
0.333
0.305
0.175
0.119
0.275
0.63
0.52
0.393
0.398
0.387
0.648
0.573
0.497
0.879
0.795
0.435
0.197
0.076
0.088
0.064
0.064
0.075
0.078
0.093
0.39
0.468
0.208
0.116
0.257
0.612
0.507
0.392
0.379
0.387
0.625
0.557
0.475
0.799
0.73
0.406
0.192
0.079
0.084
0.066
0.066
0.075
0.073
0.092
0.36
0.427
0.222
0.113
0.24
0.563
0.491
0.443
0.404
0.532
0.644
0.544
0.465
0.792
0.721
0.385
0.181
0.074
0.084
0.068
0.065
0.073
0.074
0.091
0.326
0.393
0.209
0.104
0.224
0.555
0.483
0.603
0.48
0.536
0.751
0.529
0.462
0.777
0.697
0.355
0.172
0.07
0.082
0.07
0.067
0.067
0.075
0.092
0.389
0.391
0.217
0.103
0.212
0.677
0.557
0.609
0.471
0.65
0.717
0.517
0.481
0.783
0.668
0.329
0.164
0.065
0.084
0.073
0.062
0.07
0.087
0.143
0.436
0.381
0.204
0.096
0.201
0.619
0.504
0.598
0.438
0.609
0.68
0.506
0.475
0.771
0.668
0.324
0.152
0.067
0.084
0.074
0.058
0.071
0.086
0.134
0.478
0.366
0.192
0.089
0.19
0.566
0.459
0.597
0.427
0.564
0.621
0.495
0.504
0.757
0.672
0.312
0.146
0.069
0.077
0.075
0.061
0.068
0.085
0.129
0.487
0.525
0.213
0.089
0.178
0.514
0.449
0.668
0.425
0.523
0.617
0.522
0.495
0.738
0.673
0.308
0.139
0.065
0.078
0.077
0.06
0.067
0.085
0.162
0.499
0.498
0.2
0.086
0.165
0.471
0.413
0.639
0.423
0.486
0.571
0.517
0.488
0.741
0.669
0.288
0.13
0.067
0.079
0.071
0.062
0.069
0.078
0.154
0.461
0.483
0.241
0.086
0.154
0.579
0.536
0.614
0.417
0.605
0.56
0.482
0.448
0.675
0.605
0.281
0.124
0.064
0.08
0.068
0.063
0.07
0.072
0.147
0.458
0.459
0.227
0.087
0.142
0.532
0.53
0.586
0.417
0.586
0.539
0.495
0.454
0.69
0.613
0.269
0.121
0.066
0.074
0.07
0.065
0.065
0.074
0.219
0.561
0.438
0.209
0.088
0.137
0.485
0.482
0.567
0.396
0.567
0.524
0.499
0.457
0.705
0.599
0.248
0.117
0.068
0.069
0.07
0.067
0.066
0.069
0.248
0.555
0.419
0.191
0.088
0.132
0.442
0.44
0.554
0.405
0.534
0.572
0.543
0.47
0.694
0.612
0.24
0.113
0.064
0.071
0.072
0.062
0.068
0.071
0.225
0.565
0.516
0.246
0.441
0.322
0.408
0.442
0.54
0.398
0.545
0.555
0.543
0.466
0.687
0.637
0.283
0.116
0.067
0.067
0.073
0.065
0.07
0.066
0.214
0.591
0.492
0.225
0.406
0.299
0.376
0.401
0.547
0.391
0.505
0.609
0.761
0.481
0.684
0.603
0.264
0.111
0.064
0.069
0.074
0.067
0.069
0.064
0.202
0.607
0.464
0.208
0.371
0.278
0.348
0.367
0.535
0.369
0.486
0.607
0.765
0.501
0.686
0.601
0.273
0.105
0.063
0.07
0.075
0.068
0.065
0.066
0.191
0.59
0.457
0.193
0.363
0.266
0.402
0.453
0.59
0.357
0.471
0.632
0.725
0.484
0.68
0.599
0.254
0.103
0.06
0.07
0.076
0.07
0.064
0.064
0.18
0.539
0.413
0.196
0.363
0.275
0.392
0.473
0.628
0.388
0.46
0.644
0.707
0.513
0.755
0.617
0.302
0.112
0.064
0.068
0.076
0.072
0.067
0.06
0.171
0.666
0.397
0.179
0.336
0.257
0.362
0.468
0.731
0.371
0.445
0.63
0.697
0.563
0.75
0.671
0.34
0.111
0.062
0.069
0.077
0.073
0.069
0.06
0.161
0.666
0.379
0.17
0.308
0.236
0.335
0.437
0.726
0.383
0.44
0.614
0.669
0.573
0.751
0.671
0.37
0.171
0.072
0.071
0.078
0.068
0.071
0.063
0.213
0.655
0.353
0.162
0.287
0.222
0.306
0.402
0.77
0.412
0.444
0.582
0.63
0.742
0.799
0.674
0.354
0.164
0.07
0.07
0.079
0.071
0.072
0.059
0.233
0.649
0.344
0.151
0.265
0.21
0.285
0.386
0.735
0.393
0.432
0.588
0.697
0.75
0.813
0.665
0.334
0.149
0.073
0.073
0.081
0.065
0.074
0.063
0.262
0.726
0.398
0.248
0.249
0.193
0.265
0.358
0.673
0.356
0.399
0.579
0.66
0.734
0.814
0.643
0.315
0.14
0.075
0.074
0.075
0.068
0.076
0.059
0.245
0.663
0.36
0.235
0.275
0.211
0.466
0.352
0.608
0.354
0.434
0.575
0.629
0.723
0.791
0.665
0.334
0.129
0.076
0.076
0.07
0.069
0.077
0.058
0.226
0.605
0.329
0.217
0.306
0.27
0.47
0.352
0.782
0.475
0.431
0.576
0.604
0.732
0.795
0.666
0.336
0.125
0.076
0.071
0.072
0.071
0.072
0.061
0.24
0.612
0.316
0.204
0.282
0.248
0.432
0.352
0.753
0.488
0.441
0.571
0.61
0.725
0.787
0.662
0.354
0.138
0.089
0.079
0.086
0.085
0.085
0.069
0.242
0.637
0.319
0.198
0.275
0.244
0.409
0.354
0.724
0.474
0.428
0.541
0.581
0.761
0.796
0.684
0.35
0.133
0.089
0.08
0.079
0.085
0.085
0.07
0.233
0.628
0.35
0.225
0.479
0.285
0.384
0.328
0.656
0.434
0.394
0.54
0.553
0.73
0.794
0.685
0.327
0.122
0.089
0.08
0.078
0.08
0.085
0.072
0.258
0.635
0.338
0.21
0.435
0.266
0.355
0.299
0.681
0.625
0.39
0.518
0.641
0.707
0.782
0.703
0.318
0.118
0.084
0.079
0.078
0.08
0.08
0.073
0.241
0.618
0.325
0.199
0.4
0.242
0.329
0.29
0.653
0.586
0.366
0.492
0.631
0.714
0.785
0.692
0.341
0.117
0.079
0.078
0.079
0.081
0.08
0.068
0.226
0.565
0.324
0.233
0.417
0.256
0.358
0.271
0.616
0.563
0.382
0.473
0.618
0.707
0.783
0.697
0.365
0.115
0.08
0.08
0.081
0.077
0.08
0.071
0.212
0.513
0.299
0.218
0.384
0.278
0.417
0.417
0.731
0.559
0.384
0.501
0.615
0.713
0.761
0.687
0.35
0.113
0.081
0.077
0.078
0.078
0.081
0.068
0.198
0.541
0.311
0.23
0.378
0.402
0.431
0.412
0.693
0.633
0.398
0.468
0.606
0.787
0.742
0.714
0.383
0.104
0.082
0.078
0.077
0.074
0.081
0.068
0.181
0.575
0.322
0.21
0.35
0.37
0.399
0.424
0.652
0.585
0.374
0.579
0.612
0.779
0.723
0.718
0.389
0.1
0.077
0.079
0.071
0.075
0.078
0.067
0.172
0.52
0.351
0.202
0.325
0.337
0.389
0.442
0.636
0.703
0.464
0.718
0.597
0.774
0.733
0.738
0.358
0.096
0.078
0.089
0.078
0.089
0.091
0.078
0.226
0.559
0.383
0.197
0.313
0.394
0.533
0.446
0.645
0.697
0.478
0.71
0.754
0.804
0.771
0.755
0.426
0.128
0.079
0.086
0.075
0.088
0.09
0.078
0.211
0.58
0.394
0.187
0.291
0.398
0.587
0.448
0.618
0.678
0.481
0.685
0.766
0.797
0.78
0.773
0.502
0.197
0.076
0.086
0.076
0.088
0.089
0.073
0.198
0.531
0.363
0.17
0.309
0.394
0.831
0.467
0.568
0.635
0.442
0.626
0.716
0.776
0.757
0.754
0.541
0.254
0.109
0.084
0.076
0.087
0.082
0.073
0.186
0.479
0.336
0.192
0.281
0.363
0.771
0.453
0.547
0.576
0.407
0.594
0.699
0.796
0.793
0.769
0.552
0.253
0.107
0.078
0.077
0.087
0.078
0.072
0.176
0.528
0.347
0.182
0.262
0.438
0.768
0.462
0.527
0.547
0.419
0.725
0.691
0.794
0.808
0.79
0.518
0.234
0.105
0.078
0.075
0.083
0.079
0.073
0.16
0.519
0.388
0.175
0.239
0.403
0.743
0.446
0.52
0.527
0.616
0.769
0.658
0.814
0.799
0.795
0.536
0.221
0.099
0.079
0.073
0.08
0.08
0.067
0.153
0.545
0.401
0.183
0.235
0.379
0.732
0.587
0.619
0.535
0.622
0.759
0.679
0.938
0.812
0.828
0.549
0.208
0.097
0.074
0.074
0.08
0.074
0.069
0.147
0.564
0.414
0.191
0.22
0.348
0.668
0.532
0.565
0.491
0.607
0.716
0.685
0.943
0.845
0.8
0.501
0.191
0.096
0.074
0.069
0.08
0.074
0.064
0.186
0.599
0.421
0.192
0.213
0.334
0.653
0.516
0.564
0.508
0.606
0.71
0.698
1.115
0.87
0.825
0.546
0.264
0.097
0.07
0.071
0.081
0.07
0.065
0.176
0.553
0.424
0.475
0.228
0.314
0.597
0.473
0.509
0.466
0.554
0.707
0.684
1.088
0.894
0.833
0.549
0.247
0.096
0.064
0.073
0.081
0.07
0.062
0.166
0.504
0.385
0.473
0.218
0.289
0.567
0.472
0.465
0.476
0.554
0.69
0.694
1.053
0.904
0.832
0.504
0.224
0.095
0.067
0.067
0.082
0.071
0.057
0.158
0.461
0.384
0.457
0.199
0.27
0.547
0.469
0.522
0.544
0.551
0.661
0.718
1.097
0.915
0.834
0.463
0.21
0.087
0.068
0.069
0.082
0.066
0.06
0.151
0.418
0.354
0.419
0.201
0.308
0.933
0.58
0.663
0.564
0.633
0.821
0.747
1.09
0.912
0.832
0.484
0.197
0.086
0.064
0.07
0.082
0.068
0.057
0.143
0.385
0.326
0.38
0.217
0.29
0.843
0.563
0.649
0.56
0.618
0.772
0.708
1.08
0.958
0.906
0.511
0.187
0.086
0.064
0.067
0.082
0.07
0.055
0.135
0.355
0.302
0.344
0.207
0.317
0.787
0.543
0.62
0.54
0.585
0.709
0.693
1.1
0.949
0.898
0.502
0.177
0.086
0.066
0.066
0.08
0.071
0.058
0.13
0.322
0.281
0.32
0.332
0.29
0.717
0.497
0.561
0.494
0.535
0.666
0.669
1.087
0.885
0.817
0.461
0.161
0.086
0.068
0.062
0.08
0.07
0.057
0.126
0.292
0.262
0.325
0.308
0.27
0.692
0.493
0.542
0.678
0.681
0.674
0.693
1.089
0.892
0.824
0.455
0.154
0.079
0.077
0.057
0.081
0.072
0.053
0.122
0.271
0.258
0.309
0.286
0.29
0.811
0.486
0.503
0.616
0.622
0.613
0.678
1.072
0.881
0.797
0.418
0.147
0.073
0.071
0.059
0.081
0.066
0.056
0.111
0.252
0.279
0.333
0.286
0.266
0.735
0.479
0.538
0.608
0.612
0.604
0.893
1.07
0.889
0.817
0.48
0.159
0.074
0.072
0.06
0.076
0.068
0.058
0.102
0.235
0.301
0.341
0.268
0.253
0.733
0.482
0.539
0.62
0.586
0.583
0.908
1.057
0.893
0.871
0.562
0.253
0.075
0.073
0.055
0.077
0.069
0.061
0.093
0.219
0.342
0.332
0.243
0.237
0.706
0.479
0.525
0.842
0.649
0.603
0.916
1.062
0.911
0.88
0.595
0.286
0.076
0.074
0.055
0.074
0.071
0.063
0.092
0.204
0.391
0.355
0.258
0.222
0.645
0.457
0.532
0.794
0.62
0.604
1.051
1.032
0.893
0.857
0.616
0.314
0.079
0.075
0.052
0.073
0.072
0.065
0.087
0.189
0.445
0.362
0.241
0.204
0.589
0.466
0.533
0.745
0.594
0.58
0.986
1.02
0.894
0.869
0.646
0.361
0.14
0.077
0.055
0.068
0.073
0.066
0.085
0.173
0.409
0.334
0.254
0.218
0.542
0.422
0.489
0.842
0.596
0.685
1.165
1.016
0.911
0.88
0.676
0.378
0.135
0.079
0.052
0.07
0.074
0.062
0.085
0.164
0.37
0.309
0.237
0.234
0.496
0.389
0.464
0.828
0.587
0.668
1.127
1.164
0.946
0.854
0.668
0.367
0.128
0.078
0.054
0.07
0.068
0.063
0.084
0.154
0.335
0.327
0.222
0.216
0.452
0.504
0.477
0.809
0.576
0.656
1.258
1.14
0.947
0.855
0.655
0.333
0.124
0.078
0.057
0.07
0.065
0.064
0.083
0.143
0.361
0.34
0.216
0.215
0.534
0.613
0.472
0.735
0.655
0.732
1.22
1.097
0.937
0.851
0.679
0.347
0.113
0.078
0.058
0.07
0.06
0.065
0.082
0.135
0.372
0.34
0.202
0.196
0.516
0.681
0.638
0.712
0.607
0.667
1.204
1.134
0.989
0.895
0.709
0.339
0.126
0.093
0.078
0.089
0.079
0.084
0.099
0.146
0.45
0.463
0.239
0.206
0.491
0.639
0.595
0.667
0.572
0.626
1.162
1.138
0.983
0.9
0.665
0.307
0.121
0.091
0.078
0.082
0.079
0.082
0.096
0.133
0.47
0.459
0.223
0.188
0.536
0.739
0.588
0.662
0.566
0.616
1.106
1.172
0.98
0.905
0.688
0.351
0.135
0.09
0.077
0.081
0.074
0.079
0.094
0.127
0.43
0.415
0.241
0.225
0.572
0.829
0.581
0.741
0.515
0.57
1.049
1.188
0.976
0.908
0.712
0.407
0.198
0.09
0.077
0.08
0.07
0.077
0.092
0.122
0.389
0.381
0.224
0.211
0.576
0.888
0.672
0.817
0.549
0.566
1.02
1.175
0.958
0.886
0.671
0.421
0.219
0.087
0.073
0.08
0.071
0.071
0.09
0.117
0.419
0.388
0.21
0.195
0.524
0.938
0.798
0.802
0.672
0.668
1.025
1.144
0.953
0.875
0.623
0.387
0.203
0.083
0.073
0.08
0.066
0.072
0.089
0.107
0.385
0.412
0.2
0.179
0.484
0.892
0.867
0.789
0.657
0.705
1.083
1.143
0.981
0.901
0.67
0.386
0.19
0.082
0.07
0.076
0.067
0.072
0.084
0.102
0.417
0.401
0.186
0.167
0.555
0.838
0.883
0.771
0.658
0.689
1.202
1.135
0.989
0.918
0.668
0.36
0.179
0.082
0.071
0.076
0.062
0.073
0.083
0.099
0.454
0.399
0.176
0.158
0.508
0.758
0.907
0.859
0.864
0.704
1.149
1.262
1.016
0.942
0.694
0.378
0.187
0.1
0.084
0.094
0.081
0.091
0.094
0.115
0.458
0.429
0.186
0.169
0.484
0.747
1.1
0.947
0.861
0.682
1.116
1.261
1.061
0.954
0.716
0.368
0.171
0.097
0.083
0.092
0.08
0.083
0.092
0.11
0.42
0.388
0.249
0.226
0.516
0.713
1.009
0.863
0.811
0.662
1.086
1.392
1.055
0.953
0.728
0.387
0.16
0.09
0.082
0.093
0.095
0.079
0.088
0.106
0.394
0.379
0.259
0.264
0.499
0.764
0.978
0.904
0.797
0.861
1.119
1.347
1.043
0.951
0.749
0.442
0.184
0.088
0.076
0.09
0.093
0.078
0.086
0.097
0.362
0.366
0.301
0.266
0.484
0.807
0.929
0.816
0.769
0.827
1.262
1.299
1.047
0.947
0.761
0.424
0.173
0.081
0.076
0.088
0.09
0.072
0.084
0.094
0.399
0.381
0.279
0.243
0.804
0.882
0.941
0.817
0.726
0.825
1.224
1.283
1.04
0.951
0.764
0.452
0.2
0.077
0.076
0.087
0.089
0.068
0.082
0.092
0.446
0.38
0.272
0.227
0.733
0.942
0.891
0.809
0.851
0.795
1.182
1.265
1.031
0.95
0.766
0.439
0.182
0.077
0.076
0.086
0.084
0.07
0.081
0.091
0.48
0.393
0.254
0.207
0.671
0.887
0.851
0.781
0.818
0.78
1.134
1.248
1.034
0.95
0.765
0.431
0.172
0.076
0.075
0.079
0.083
0.07
0.078
0.086
0.528
0.405
0.231
0.194
0.612
0.895
0.822
0.738
0.739
0.71
1.093
1.213
1.026
0.95
0.779
0.48
0.26
0.189
0.082
0.074
0.082
0.07
0.074
0.082
0.483
0.387
0.24
0.209
0.63
0.87
0.793
0.711
0.72
0.676
1.075
1.187
1.033
0.95
0.795
0.511
0.247
0.176
0.077
0.074
0.081
0.071
0.068
0.081
0.448
0.379
0.252
0.224
0.637
1.037
0.896
0.686
0.722
0.768
1.167
1.156
1.023
0.934
0.804
0.532
0.24
0.166
0.071
0.075
0.077
0.089
0.094
0.095
0.501
0.416
0.28
0.243
0.576
0.942
0.852
0.802
0.712
0.742
1.293
1.131
1.019
0.959
0.806
0.53
0.248
0.175
0.134
0.114
0.101
0.108
0.09
0.12
0.55
0.429
0.258
0.223
0.536
0.895
0.836
0.912
0.724
0.717
1.439
1.106
1.013
1.001
0.854
0.573
0.234
0.159
0.128
0.104
0.098
0.152
0.108
0.139
0.569
0.423
0.235
0.209
0.513
0.884
1.08
0.908
0.782
1.024
1.644
1.088
1.011
0.995
0.864
0.574
0.219
0.152
0.118
0.102
0.091
0.145
0.099
0.136
0.573
0.466
0.217
0.196
0.464
0.913
1.042
0.872
0.751
0.982
1.577
1.088
1.02
1.019
0.889
0.606
0.23
0.158
0.13
0.116
0.103
0.183
0.116
0.146
0.616
0.481
0.204
0.179
0.426
0.888
0.992
0.984
0.743
0.935
1.498
1.08
1.037
1.022
0.922
0.624
0.242
0.144
0.125
0.112
0.094
0.173
0.106
0.139
0.591
0.514
0.253
0.192
0.42
0.861
1.102
1.033
0.732
0.896
1.57
1.065
1.027
1.011
0.916
0.615
0.227
0.135
0.12
0.109
0.106
0.19
0.106
0.146
0.593
0.517
0.287
0.227
0.577
0.842
1.175
1.174
0.884
0.874
1.487
1.054
1.113
1.012
0.904
0.627
0.224
0.127
0.115
0.105
0.097
0.179
0.101
0.171
0.61
0.522
0.267
0.211
0.538
0.851
1.208
1.125
0.876
0.908
1.552
1.042
1.085
0.992
0.894
0.632
0.242
0.122
0.107
0.103
0.089
0.169
0.097
0.159
0.638
0.599
0.262
0.281
0.63
1.104
1.186
1.063
0.838
0.875
1.487
1.026
1.066
0.943
0.9
0.649
0.297
0.135
0.098
0.101
0.086
0.156
0.096
0.144
0.672
0.605
0.289
0.265
0.573
1.003
1.07
1.071
0.802
0.84
1.391
1.016
1.08
0.94
0.895
0.64
0.289
0.124
0.096
0.093
0.085
0.143
0.093
0.134
0.689
0.628
0.271
0.248
0.518
0.985
1.207
1.11
0.784
0.838
1.475
1.052
1.084
0.947
0.9
0.644
0.328
0.119
0.092
0.092
0.079
0.138
0.085
0.129
0.682
0.628
0.268
0.232
0.469
0.918
1.16
1.05
0.757
0.815
1.509
1.185
1.064
0.95
0.871
0.664
0.388
0.149
0.092
0.084
0.081
0.126
0.086
0.118
0.632
0.68
0.28
0.245
0.437
0.846
1.047
0.955
0.729
0.819
1.482
1.172
1.048
0.943
0.873
0.653
0.358
0.143
0.085
0.084
0.081
0.115
0.086
0.108
0.577
0.638
0.282
0.256
0.45
0.952
1.012
1.207
0.796
0.95
1.582
1.161
1.218
0.957
0.869
0.637
0.325
0.137
0.082
0.08
0.081
0.105
0.085
0.103
0.61
0.634
0.259
0.239
0.435
0.934
1.126
1.234
0.917
0.908
1.588
1.131
1.187
0.937
0.848
0.643
0.329
0.128
0.079
0.08
0.078
0.099
0.085
0.094
0.62
0.619
0.239
0.225
0.395
0.883
1.206
1.339
0.878
0.885
1.508
1.105
1.168
0.932
0.84
0.641
0.32
0.121
0.076
0.099
0.089
0.098
0.085
0.086
0.636
0.62
0.224
0.212
0.358
0.824
1.145
1.612
0.896
0.849
1.429
1.096
1.134
0.93
0.851
0.638
0.337
0.162
0.123
0.093
0.089
0.097
0.078
0.086
0.65
0.597
0.214
0.204
0.324
0.813
1.085
1.506
0.987
0.83
1.379
1.077
1.108
0.93
0.855
0.641
0.387
0.222
0.146
0.12
0.116
0.096
0.072
0.086
0.595
0.64
0.222
0.185
0.379
0.774
1.037
1.52
0.892
0.756
1.244
1.115
1.108
0.941
0.88
0.679
0.456
0.261
0.182
0.142
0.128
0.118
0.089
0.107
0.556
0.623
0.262
0.24
0.419
0.772
1.161
1.448
0.871
0.756
1.238
1.118
1.106
0.953
0.891
0.708
0.455
0.277
0.22
0.172
0.135
0.133
0.1
0.123
0.521
0.588
0.256
0.243
0.564
0.847
1.113
1.378
1.001
0.907
1.297
1.301
1.129
0.97
0.921
0.698
0.429
0.279
0.245
0.194
0.143
0.15
0.11
0.137
0.591
0.594
0.351
0.244
0.536
0.847
1.43
1.335
0.938
0.903
1.284
1.275
1.129
0.978
0.948
0.722
0.401
0.273
0.258
0.204
0.166
0.147
0.11
0.127
0.628
0.593
0.365
0.254
0.511
0.784
1.307
1.28
0.901
0.882
1.266
1.528
1.144
1.0
0.996
0.768
0.431
0.283
0.26
0.199
0.151
0.141
0.101
0.118
0.643
0.591
0.338
0.231
0.476
0.741
1.26
1.529
1.132
0.938
1.283
1.478
1.192
1.018
1.008
0.794
0.431
0.28
0.257
0.204
0.156
0.153
0.111
0.137
0.681
0.621
0.557
0.29
0.716
0.779
1.183
1.452
1.151
0.93
1.266
1.52
1.267
1.009
1.004
0.82
0.488
0.273
0.233
0.192
0.142
0.146
0.101
0.128
0.618
0.598
0.555
0.332
0.686
0.749
1.1
1.398
1.1
0.902
1.26
1.495
1.37
0.985
1.05
0.857
0.552
0.304
0.234
0.192
0.153
0.151
0.15
0.179
0.627
0.604
0.571
0.36
0.696
0.732
1.05
1.296
1.014
0.838
1.175
1.456
1.334
0.986
1.037
0.874
0.599
0.378
0.246
0.199
0.161
0.157
0.162
0.18
0.591
0.583
0.541
0.365
0.683
0.747
0.996
1.218
0.968
0.824
1.152
1.576
1.329
1.011
1.051
0.906
0.648
0.437
0.255
0.188
0.146
0.151
0.149
0.169
0.541
0.549
0.576
0.373
0.668
0.724
0.939
1.171
0.938
0.936
1.317
1.662
1.349
1.026
1.071
0.938
0.632
0.402
0.232
0.179
0.135
0.143
0.143
0.154
0.496
0.495
0.535
0.364
0.645
0.69
0.964
1.346
1.198
0.974
1.278
1.621
1.337
1.031
1.089
0.956
0.655
0.398
0.245
0.181
0.125
0.137
0.135
0.143
0.455
0.467
0.53
0.553
0.616
0.663
0.904
1.277
1.132
1.058
1.232
1.543
1.291
1.017
1.094
0.964
0.624
0.394
0.274
0.187
0.118
0.132
0.126
0.134
0.419
0.428
0.511
0.53
0.583
0.674
1.035
1.199
1.028
1.043
1.231
1.506
1.259
1.025
1.104
0.948
0.645
