0.0
0.0
0.0
0.0
0.0
0.0
0.0
0.0
0.0
0.0
0.0
0.0
0.0
0.0
0.0
0.0
0.0
0.0
0.0
0.0
0.0
0.0
0.0
0.0
0.0
0.0
0.0
0.0
0.0
0.0
0.0
0.0
0.0
0.0
0.0
0.0
0.0
0.0
0.0
0.0
0.0
0.0
0.0
0.0
0.0
0.0
0.0
0.0
0.0
0.0
0.0
0.0
0.0
0.0
0.0
0.0
0.0
0.0
0.0
0.0
0.0
0.0
0.0
0.0
0.0
0.0
0.0
0.0
0.0
0.0
0.0
0.0
0.0
0.0
0.0
0.0
0.0
0.0
0.0
0.0
0.0
0.0
0.0
0.0
0.0
0.0
0.0
0.0
0.0
0.0
0.0
0.0
0.0
0.0
0.0
0.0
0.0
0.0
0.0
0.0
0.0
0.0
0.0
0.0
0.0
0.0
0.0
0.0
0.0
0.0
0.0
0.0
0.0
0.0
0.0
0.0
0.0
0.0
0.0
0.0
0.0
0.0
0.0
0.0
0.0
0.0
0.0
0.0
0.0
0.0
0.0
0.0
0.0
0.0
0.0
0.0
0.0
0.0
0.0
0.0
0.0
0.0
0.0
0.0
0.0
0.0
0.0
0.0
0.0
0.0
0.0
0.0
0.0
0.0
0.0
0.0
0.0
0.0
0.0
0.0
0.0
0.0
0.0
0.0
0.0
0.0
0.0
0.0
0.0
0.0
0.0
0.0
0.0
0.0
0.0
0.0
0.0
0.0
0.0
0.0
0.0
0.0
0.0
0.0
0.0
0.0
0.0
0.0
0.0
0.0
0.0
0.0
0.0
0.0
0.0
0.0
0.0
0.0
0.0
0.0
0.0
0.0
0.0
0.0
0.0
0.0
0.0
0.0
0.0
0.0
0.0
0.0
0.0
0.0
0.0
0.0
0.0
0.0
0.0
0.0
0.0
0.0
0.0
0.0
0.0
0.0
0.0
0.0
0.0
0.0
0.0
0.0
0.0
0.0
0.0
0.0
0.0
0.0
0.0
0.0
0.0
0.0
0.0
0.0
0.0
0.0
0.0
0.0
0.0
0.0
0.0
0.0
0.0
0.0
0.0
0.0
0.0
0.0
0.0
0.0
0.0
0.0
0.0
0.0
0.0
0.0
0.0
0.0
0.0
0.0
0.0
0.0
0.0
0.0
0.0
0.0
0.0
0.0
0.0
0.0
0.0
0.0
0.0
0.0
0.0
0.0
0.0
0.0
0.0
0.0
0.0
0.0
0.0
0.0
0.0
0.0
0.0
0.0
0.0
0.0
0.0
0.0
0.0
0.0
0.0
0.0
0.0
0.0
0.0
0.0
0.0
0.0
0.0
0.0
0.0
0.0
0.0
0.0
0.0
0.0
0.0
0.0
0.0
0.0
0.0
0.0
0.0
0.0
0.0
0.0
0.0
0.0
0.0
0.0
0.0
0.0
0.0
0.0
0.0
0.0
0.0
0.0
0.0
0.0
0.0
0.0
0.0
0.0
0.0
0.0
0.0
0.0
0.0
0.0
0.0
0.0
0.0
0.0
0.0
0.0
0.0
0.0
0.0
0.0
0.0
0.0
0.0
0.0
0.0
0.0
0.0
0.0
0.0
0.0
0.0
0.0
0.0
0.0
0.0
0.0
0.0
0.0
0.0
0.0
0.0
0.0
0.0
0.0
0.0
0.0
0.0
0.0
0.0
0.0
0.0
0.0
0.0
0.0
0.0
0.0
0.0
0.0
0.0
0.0
0.0
0.0
0.0
0.0
0.0
0.0
0.0
0.0
0.0
0.0
0.0
0.0
0.0
0.0
0.0
0.0
0.0
0.0
0.0
0.0
0.0
0.0
0.0
0.0
0.0
0.0
0.0
0.0
0.0
0.0
0.0
0.0
0.0
0.0
0.0
0.0
0.0
0.0
0.0
0.0
0.0
0.0
0.0
0.0
0.0
0.0
0.0
0.0
0.0
0.0
0.0
0.0
0.0
0.0
0.0
0.0
0.0
0.0
0.0
0.0
0.0
0.0
0.0
0.0
0.0
0.0
0.0
0.0
0.0
0.0
0.0
0.0
0.0
0.0
0.0
0.0
0.0
0.0
0.0
0.0
0.0
0.0
0.0
0.0
0.0
0.0
0.0
0.0
0.0
0.0
0.0
0.0
0.0
0.0
0.0
0.0
0.0
0.0
0.0
0.0
0.0
0.968
0.2
0.155
0.12
0.143
0.135
0.415
1.056
0.543
0.165
0.278
0.4
0.267
0.231
0.13
0.221
0.368
0.532
0.139
0.229
0.837
0.91
0.876
1.153
0.882
0.228
0.162
0.12
0.164
0.148
0.199
0.915
1.168
0.129
0.243
0.4
0.316
0.281
0.161
0.251
0.3
0.532
0.139
0.302
0.584
0.834
0.84
1.752
1.229
0.293
0.2
0.125
0.164
0.142
0.195
0.64
0.504
0.129
0.22
0.422
0.353
0.296
0.166
0.252
0.369
0.454
0.139
0.301
0.671
0.837
0.901
1.955
1.595
0.349
0.193
0.125
0.164
0.142
0.163
0.463
0.559
0.111
0.22
0.408
0.317
0.211
0.157
0.285
0.377
0.374
0.139
0.312
0.894
0.944
1.18
1.011
0.41
0.959
0.285
0.216
0.139
0.123
0.131
0.455
0.34
0.12
0.213
0.266
0.537
0.524
2.06
0.413
0.674
0.66
0.38
0.33
0.365
0.86
1.137
1.011
0.425
0.844
0.258
0.189
0.139
0.128
0.125
0.677
0.431
0.12
0.172
0.305
0.408
0.473
2.177
0.764
0.299
0.362
0.247
0.323
0.365
0.594
1.03
1.955
1.553
0.367
0.192
0.132
0.159
0.16
0.159
0.479
0.59
0.116
0.234
0.294
0.317
0.211
0.139
0.189
0.384
0.389
0.146
0.221
0.692
0.924
1.18
1.61
1.487
0.488
0.192
0.134
0.154
0.158
0.223
0.527
0.864
0.117
0.229
0.33
0.318
0.22
0.153
0.236
0.49
0.42
0.149
0.247
0.707
0.893
1.126
1.473
1.36
0.45
0.188
0.132
0.153
0.15
0.215
0.521
0.797
0.12
0.239
0.323
0.302
0.208
0.153
0.225
0.454
0.391
0.144
0.267
0.837
0.956
1.05
1.363
1.264
0.419
0.182
0.13
0.152
0.146
0.208
0.573
1.289
0.12
0.231
0.302
0.286
0.225
0.171
0.215
0.446
0.37
0.144
0.256
0.785
0.905
1.019
1.266
1.181
0.398
0.175
0.13
0.151
0.142
0.204
0.714
1.176
0.118
0.235
0.284
0.271
0.214
0.168
0.204
0.654
0.496
0.144
0.253
0.779
0.882
0.983
1.244
1.153
0.392
0.182
0.13
0.147
0.14
0.198
0.656
1.114
0.117
0.227
0.262
0.258
0.207
0.201
0.196
0.602
0.497
0.758
0.302
0.829
0.871
0.939
1.169
1.076
0.415
0.188
0.13
0.148
0.137
0.192
0.602
1.035
0.121
0.233
0.315
0.264
0.213
0.235
0.193
0.554
0.493
0.695
0.29
0.804
0.81
1.086
1.643
1.0
0.416
0.182
0.13
0.146
0.135
0.188
0.552
0.978
0.122
0.221
0.316
0.284
0.253
0.244
0.186
0.512
0.469
0.681
0.287
1.054
0.793
1.041
1.659
0.955
0.413
0.183
0.136
0.156
0.157
0.18
0.517
1.422
0.121
0.213
0.337
0.294
0.241
0.233
0.178
0.475
0.436
0.63
0.271
1.04
0.768
0.98
1.616
0.933
0.41
0.196
0.135
0.155
0.158
0.177
0.512
1.292
0.123
0.204
0.315
0.279
0.228
0.225
0.171
0.44
0.405
0.577
0.318
1.178
0.749
0.922
1.535
0.919
0.497
0.196
0.136
0.154
0.156
0.17
0.473
1.173
0.158
0.195
0.315
0.29
0.226
0.214
0.196
0.448
0.385
0.533
0.306
1.191
0.755
0.893
1.484
0.848
0.471
0.195
0.139
0.149
0.155
0.296
0.804
1.069
0.165
0.201
0.339
0.316
0.235
0.224
0.222
0.887
0.542
0.496
0.301
1.139
0.739
1.015
1.45
0.781
0.437
0.187
0.139
0.147
0.155
0.423
0.771
0.973
0.161
0.195
0.316
0.295
0.221
0.218
0.211
0.81
0.501
0.457
0.293
1.107
0.722
1.004
1.344
0.735
0.558
0.303
0.137
0.143
0.153
0.393
0.705
0.921
0.159
0.186
0.313
0.28
0.21
0.204
0.201
0.776
0.497
0.426
0.592
1.452
0.726
0.999
1.377
0.697
0.518
0.287
0.133
0.141
0.151
0.364
0.799
0.839
0.158
0.178
0.344
0.286
0.226
0.205
0.197
0.728
0.569
0.492
0.585
1.378
0.722
1.008
1.292
0.675
0.485
0.273
0.13
0.138
0.146
0.334
0.733
1.236
0.153
0.189
0.321
0.271
0.216
0.195
0.19
0.668
0.536
0.456
0.599
1.305
0.718
0.955
1.193
0.736
0.495
0.265
0.131
0.137
0.145
0.312
0.901
1.447
0.153
0.195
0.325
0.27
0.208
0.189
0.188
0.852
0.555
0.427
0.621
1.247
0.729
0.941
1.193
0.732
0.494
0.265
0.141
0.138
0.144
0.292
0.844
1.326
0.145
0.19
0.305
0.256
0.198
0.196
0.182
0.779
0.526
0.409
0.655
1.193
0.736
0.934
1.139
0.689
0.465
0.259
0.138
0.135
0.159
0.307
0.815
1.221
0.144
0.182
0.285
0.238
0.195
0.189
0.174
0.735
0.507
0.384
0.622
1.15
0.721
0.972
1.08
0.635
0.441
0.252
0.145
0.143
0.162
0.295
0.751
1.109
0.14
0.216
0.303
0.281
0.21
0.204
0.172
0.678
0.512
0.362
0.987
1.461
0.784
1.001
1.041
0.607
0.457
0.243
0.141
0.145
0.156
0.276
0.692
1.033
0.137
0.208
0.283
0.264
0.201
0.198
0.168
0.661
0.49
0.338
0.905
1.39
0.755
1.035
0.972
0.574
0.424
0.232
0.138
0.142
0.171
0.263
0.775
0.972
0.138
0.251
0.323
0.286
0.593
0.234
0.164
0.613
0.461
0.36
0.871
1.332
0.757
1.127
0.953
0.548
0.418
0.222
0.136
0.143
0.165
0.246
0.736
0.914
0.137
0.251
0.302
0.269
0.549
0.222
0.184
0.579
0.452
0.339
0.826
1.292
0.747
1.083
0.928
0.579
0.407
0.222
0.136
0.145
0.16
0.241
0.677
0.876
0.356
0.415
0.465
0.381
0.63
0.374
0.303
0.673
0.603
0.332
0.765
1.222
0.798
1.209
1.083
0.559
0.391
0.211
0.134
0.143
0.155
0.229
1.053
0.841
0.345
0.393
0.443
0.353
0.578
0.351
0.285
0.617
0.59
0.315
0.743
1.158
1.036
1.176
1.03
0.636
0.376
0.209
0.136
0.14
0.153
0.216
1.055
1.23
0.332
0.525
0.414
0.325
0.533
0.331
0.268
0.567
0.553
0.375
0.737
1.124
0.985
1.122
1.015
0.607
0.38
0.224
0.134
0.139
0.148
0.205
1.038
1.145
0.474
0.661
0.434
0.304
0.49
0.309
0.248
0.527
0.546
0.352
0.707
1.238
1.133
1.262
1.087
0.608
0.399
0.336
0.135
0.138
0.146
0.196
1.036
1.052
0.439
0.626
0.43
0.433
0.75
0.877
0.35
0.597
0.594
0.334
0.697
1.229
1.119
1.205
1.067
0.628
0.389
0.537
0.133
0.136
0.142
0.183
1.058
1.013
0.428
0.579
0.398
0.556
0.831
0.937
0.331
0.55
0.589
0.35
1.221
1.348
1.113
1.127
1.004
0.607
0.385
0.503
0.133
0.135
0.154
0.207
0.996
0.972
0.397
0.551
0.373
0.519
0.763
0.857
0.343
0.524
0.552
0.328
1.164
1.279
1.226
1.243
1.293
0.774
0.368
0.475
0.149
0.137
0.158
0.197
0.907
1.396
0.612
0.554
0.358
0.489
0.704
0.813
0.339
0.5
0.556
0.311
1.079
1.209
1.191
1.181
1.258
1.032
1.095
0.562
0.166
0.174
0.208
0.378
0.872
1.271
0.564
0.514
0.379
0.484
0.661
0.75
0.321
0.474
0.928
0.292
0.985
1.105
1.134
1.193
1.256
1.022
1.025
0.527
0.16
0.171
0.198
0.355
0.852
1.268
0.897
0.472
0.341
0.436
0.595
0.71
0.404
0.478
0.884
0.283
0.93
1.069
1.232
1.29
1.495
1.164
0.941
0.489
0.157
0.165
0.193
0.33
0.889
1.183
0.825
0.438
0.351
0.413
0.916
1.02
0.417
0.49
0.857
0.273
0.888
1.004
1.205
1.236
1.393
1.079
1.07
0.46
0.157
0.156
0.191
0.309
0.812
1.101
0.754
0.409
0.327
0.384
0.839
0.929
0.387
0.909
0.925
0.26
0.869
0.974
1.156
1.197
1.317
1.168
0.99
0.434
0.16
0.162
0.184
0.578
1.209
1.02
0.691
0.416
0.316
0.37
0.818
0.859
0.364
0.83
0.854
0.298
0.83
1.276
1.293
1.172
1.296
1.275
0.912
0.402
0.156
0.16
0.174
0.527
1.122
0.944
0.632
0.388
0.316
0.379
0.785
0.909
0.355
0.775
0.799
0.383
1.011
1.205
1.208
1.141
1.232
1.201
0.843
0.381
0.152
0.158
0.167
0.485
1.776
1.086
0.584
0.36
0.332
0.365
0.742
0.834
0.332
0.752
0.738
0.357
0.925
1.103
1.166
1.108
1.155
1.299
0.865
0.353
0.15
0.155
0.161
0.448
1.658
1.472
0.537
0.353
0.315
0.341
0.679
0.763
0.313
0.687
0.717
0.336
0.865
1.064
1.104
1.333
1.466
1.352
0.971
0.505
0.318
0.319
0.32
0.581
1.545
1.452
0.494
0.346
0.294
0.313
0.627
0.7
0.292
0.771
0.777
0.332
0.839
1.544
1.312
1.388
1.515
1.375
0.905
0.469
0.297
0.303
0.299
0.55
1.513
1.318
0.458
0.346
0.276
0.316
0.577
0.785
0.418
0.858
1.282
0.376
0.786
1.5
1.259
1.349
1.42
1.269
1.007
0.44
0.279
0.287
0.283
0.507
1.372
1.231
0.422
0.323
0.34
0.34
0.541
0.718
0.389
0.845
1.49
0.356
0.73
1.546
1.353
1.434
1.47
1.236
1.0
0.409
0.263
0.27
0.262
0.569
1.502
1.548
0.392
0.342
0.344
0.503
0.622
0.734
0.365
0.822
1.538
0.506
0.811
1.452
1.293
1.378
1.384
1.144
0.934
0.393
0.248
0.257
0.248
0.523
1.512
1.474
0.367
0.319
0.337
0.481
0.583
0.68
0.345
0.752
1.396
0.507
0.787
1.345
1.22
1.513
1.363
1.09
0.874
0.378
0.234
0.244
0.236
0.482
1.547
1.613
0.337
0.303
0.317
0.444
0.539
0.623
0.35
0.689
1.449
0.473
0.757
1.245
1.16
1.403
1.319
1.024
0.804
0.356
0.221
0.231
0.227
0.444
1.404
1.493
0.326
0.294
0.306
0.423
0.507
0.573
0.328
0.635
1.376
0.457
0.718
1.183
1.087
1.303
1.249
0.939
0.746
0.34
0.21
0.218
0.217
0.412
1.274
1.386
0.308
0.276
0.682
0.888
0.577
0.551
0.33
0.59
1.255
0.431
0.789
1.286
1.215
1.329
1.277
0.999
0.794
0.323
0.214
0.215
0.206
0.386
1.174
1.868
0.292
0.27
0.646
0.821
0.532
0.509
0.306
0.549
1.171
0.4
0.747
1.22
1.15
1.238
1.217
0.927
0.753
0.315
0.211
0.216
0.197
0.36
1.07
1.714
0.275
0.484
1.19
0.801
0.618
0.624
0.333
0.534
1.074
0.373
0.697
1.222
1.249
1.325
1.181
0.927
0.691
0.297
0.201
0.205
0.191
0.331
0.979
1.578
0.258
0.46
1.081
0.731
0.57
0.573
0.31
0.493
1.018
0.417
0.708
1.203
1.245
1.251
1.095
0.856
0.641
0.281
0.194
0.196
0.183
0.311
0.89
1.537
0.283
0.452
0.986
0.671
0.524
0.528
0.292
0.483
1.048
0.387
0.701
1.218
1.207
1.65
1.219
0.858
0.595
0.27
0.189
0.187
0.176
0.294
0.861
1.745
0.274
0.43
0.898
0.617
0.484
0.486
0.276
0.448
0.979
0.362
0.69
1.169
1.16
1.6
1.208
0.832
0.587
0.289
0.199
0.18
0.172
0.299
1.239
1.614
0.257
0.399
0.832
0.566
0.45
0.448
0.37
0.688
0.946
0.345
0.677
1.115
1.181
1.543
1.158
0.787
0.564
0.271
0.19
0.176
0.165
0.28
1.13
1.493
0.243
0.373
0.79
0.695
0.417
0.411
0.369
0.645
0.907
0.325
0.633
1.075
1.167
1.493
1.173
0.787
0.549
0.273
0.199
0.19
0.161
0.265
1.028
1.38
0.232
0.513
1.052
0.677
0.396
0.383
0.343
0.608
0.833
0.305
0.58
0.982
1.061
1.354
1.07
0.719
0.505
0.258
0.192
0.181
0.152
0.253
0.936
1.255
0.221
0.472
0.959
0.623
0.367
0.356
0.323
0.558
0.76
0.281
0.537
0.894
0.966
1.232
0.973
0.659
0.465
0.245
0.185
0.173
0.147
0.238
0.867
1.145
0.211
0.438
0.873
0.571
0.34
0.331
0.302
0.779
1.268
0.409
0.553
0.872
0.937
1.179
0.898
0.611
0.436
0.232
0.178
0.17
0.144
0.325
0.912
1.232
0.222
0.407
0.8
0.524
0.346
0.359
0.296
0.73
1.182
0.385
0.535
1.264
1.073
1.263
0.931
0.665
0.534
0.304
0.172
0.164
0.14
0.306
0.833
1.382
0.441
0.609
0.996
0.793
0.51
0.562
0.401
0.805
1.203
0.368
0.512
1.252
1.053
1.218
0.869
0.613
0.501
0.287
0.166
0.158
0.139
0.318
0.904
1.448
0.41
0.559
0.942
0.739
0.49
0.518
0.372
0.736
1.127
0.347
0.491
1.195
1.091
1.215
0.873
0.621
0.467
0.273
0.168
0.151
0.136
0.299
0.825
1.343
0.379
0.515
0.881
0.677
0.452
0.477
0.341
0.704
1.055
0.328
0.477
1.287
1.232
1.341
0.876
0.581
0.434
0.257
0.162
0.165
0.138
0.279
0.822
1.821
0.495
0.641
1.011
0.811
0.576
0.442
0.323
0.644
1.004
0.318
0.464
1.371
1.363
1.392
0.838
0.556
0.559
0.251
0.162
0.162
0.133
0.258
0.826
1.698
0.459
0.602
0.93
0.766
0.532
0.41
0.304
0.596
0.959
0.299
0.637
1.796
1.353
1.474
0.83
0.531
0.523
0.245
0.159
0.156
0.131
0.246
0.755
1.567
0.428
0.589
0.861
0.725
0.504
0.386
0.286
0.553
0.925
0.321
0.605
2.092
1.863
1.608
0.969
0.615
0.494
0.24
0.162
0.151
0.13
0.234
0.689
1.421
0.425
0.56
0.811
0.664
0.468
0.36
0.268
0.552
0.864
0.325
0.598
1.943
1.869
1.532
0.908
0.579
0.455
0.225
0.16
0.148
0.13
0.222
0.73
1.348
0.394
0.51
0.963
1.277
0.802
0.474
0.394
0.701
0.976
0.354
0.598
1.788
1.757
1.475
0.866
0.552
0.435
0.22
0.155
0.144
0.128
0.207
0.671
1.258
0.367
0.473
0.878
1.16
0.735
0.523
0.367
1.002
1.351
0.344
0.678
1.827
1.799
1.549
1.034
0.58
0.414
0.211
0.151
0.14
0.126
0.21
0.722
1.182
0.342
0.437
0.856
1.261
1.394
0.696
0.529
1.124
1.385
0.331
0.638
1.852
1.869
2.254
1.322
0.616
0.392
0.206
0.148
0.137
0.126
0.205
0.871
1.135
0.321
0.637
0.865
1.145
1.268
0.639
0.487
1.055
1.436
0.33
0.699
1.895
2.348
2.233
1.27
0.588
0.409
0.308
0.152
0.136
0.125
0.197
0.795
1.125
0.34
0.58
0.791
1.068
1.17
1.174
0.77
1.197
1.493
0.327
0.773
1.962
2.334
2.14
1.214
0.577
0.386
0.288
0.147
0.135
0.125
0.188
0.73
1.06
0.32
0.533
0.761
1.378
1.369
1.157
0.707
1.315
1.548
0.452
0.848
1.946
2.284
2.087
1.212
0.693
0.354
0.273
0.148
0.134
0.123
0.182
0.76
0.992
0.298
0.491
0.729
1.377
1.437
1.226
0.858
1.398
1.562
0.435
1.1
2.039
2.12
1.925
1.174
0.69
0.338
0.258
0.163
0.134
0.121
0.174
0.791
1.02
0.285
0.455
0.667
1.25
1.304
1.116
0.783
1.354
1.611
0.431
1.104
2.213
2.296
1.843
1.082
0.632
0.317
0.244
0.157
0.131
0.115
0.19
0.873
1.124
0.46
0.609
0.735
1.201
1.224
1.055
0.76
1.281
1.551
0.435
1.044
2.09
2.139
1.752
1.053
0.6
0.311
0.237
0.152
0.129
0.114
0.184
0.825
1.13
0.424
0.646
1.153
1.21
1.199
1.03
0.859
1.35
1.594
0.423
0.995
1.94
1.961
1.59
0.959
0.554
0.291
0.224
0.153
0.137
0.114
0.176
0.755
1.062
0.411
0.93
1.087
1.284
1.096
0.94
0.838
1.427
1.622
0.414
1.009
1.963
1.982
1.675
0.925
0.55
0.348
0.265
0.151
0.138
0.135
0.169
0.867
1.054
0.382
0.847
0.985
1.169
0.997
0.874
0.775
1.635
2.102
0.417
0.953
1.875
1.864
1.598
0.866
0.513
0.327
0.25
0.146
0.135
0.137
0.198
1.321
1.0
0.355
0.795
0.901
1.071
0.94
0.81
0.709
1.565
2.105
0.661
1.193
2.005
2.055
1.789
0.825
0.696
0.34
0.252
0.162
0.155
0.137
0.189
1.199
0.975
0.703
0.757
1.0
1.655
1.382
0.958
0.862
1.614
2.114
0.839
1.113
1.849
2.12
1.792
0.775
0.657
0.337
0.261
0.163
0.147
0.139
0.185
1.094
0.903
0.662
0.694
1.265
1.943
1.321
1.153
0.91
1.632
2.072
0.934
1.046
1.706
1.998
1.745
0.871
0.716
0.386
0.248
0.158
0.146
0.136
0.188
1.004
0.974
0.747
0.635
1.149
1.762
1.2
1.048
0.83
1.482
1.877
0.912
0.986
1.998
2.456
1.735
0.944
0.797
0.581
0.437
0.157
0.142
0.133
0.184
0.915
0.982
0.71
0.585
1.528
1.798
1.093
0.954
0.758
1.344
1.826
0.98
0.934
1.851
2.365
1.76
1.014
0.754
0.553
0.414
0.153
0.142
0.133
0.181
0.839
1.055
0.661
0.533
1.413
1.639
1.12
1.064
0.781
1.222
1.659
1.232
0.943
1.711
2.228
1.69
0.977
0.735
0.534
0.43
0.158
0.143
0.13
0.173
0.769
0.961
0.634
0.492
1.322
1.513
1.033
1.0
0.964
1.393
1.652
1.194
0.877
1.575
2.143
1.679
1.058
0.839
0.508
0.411
0.156
0.139
0.131
0.167
0.703
0.878
0.614
0.453
1.222
1.403
1.498
1.078
0.982
1.317
1.579
1.225
1.033
1.657
2.175
1.712
1.039
0.782
0.47
0.38
0.162
0.144
0.129
0.161
0.759
1.027
0.63
0.419
1.132
1.401
1.832
1.208
0.922
1.221
1.521
1.176
0.957
1.572
2.181
1.754
1.104
0.832
0.443
0.353
0.156
0.14
0.123
0.156
0.727
1.025
0.62
0.39
1.029
1.272
1.659
1.099
0.843
1.111
1.538
1.306
0.928
1.534
2.21
1.826
1.113
0.798
0.417
0.328
0.152
0.137
0.121
0.151
0.764
1.073
0.601
0.363
0.936
1.198
1.555
1.191
0.845
1.21
2.037
1.504
0.946
1.542
2.292
1.82
1.153
0.787
0.418
0.325
0.149
0.133
0.119
0.146
0.698
1.328
0.847
0.352
0.853
1.089
1.444
1.232
0.816
1.193
1.908
1.447
0.893
1.462
2.128
1.732
1.121
0.817
0.397
0.305
0.145
0.131
0.119
0.144
0.64
1.207
0.774
0.354
0.78
0.988
1.317
1.121
0.745
1.084
1.744
1.51
0.905
1.367
2.142
2.35
1.275
0.804
0.406
0.458
0.168
0.132
0.119
0.14
0.587
1.212
0.798
0.329
0.735
1.053
1.33
1.031
0.678
1.016
1.81
1.467
0.847
1.348
2.153
2.338
1.209
0.748
0.384
0.419
0.158
0.126
0.122
0.139
0.545
1.3
0.766
0.314
1.063
1.235
1.368
1.304
0.677
0.926
1.675
1.399
0.857
1.278
2.007
2.131
1.119
0.712
0.366
0.394
0.152
0.12
0.12
0.141
0.505
1.364
0.841
0.293
0.967
1.121
1.241
1.184
0.62
0.844
1.569
1.361
0.804
1.488
2.231
2.056
1.296
0.733
0.352
0.37
0.148
0.118
0.119
0.155
0.468
1.356
0.789
0.274
0.902
1.035
1.148
1.082
0.568
0.773
1.726
1.721
0.75
1.396
2.109
1.939
1.212
0.689
0.328
0.343
0.144
0.117
0.118
0.15
0.471
1.573
1.046
0.379
0.92
0.957
1.043
0.985
0.523
0.73
1.647
1.63
0.708
1.33
1.982
1.792
1.119
0.636
0.306
0.32
0.14
0.117
0.117
0.153
0.441
1.559
0.953
0.513
1.05
0.914
0.976
0.909
0.483
0.724
1.546
1.567
0.679
1.239
1.851
1.649
1.143
0.588
0.3
0.31
0.145
0.12
0.116
0.148
0.41
1.553
0.918
0.473
0.956
0.85
0.892
0.829
0.476
0.873
2.09
1.725
0.642
1.147
1.782
1.592
1.244
0.591
0.3
0.417
0.146
0.123
0.118
0.143
0.38
1.521
1.069
0.437
0.919
0.943
1.031
0.966
0.643
1.07
2.133
1.732
0.63
1.108
1.69
1.493
1.219
0.563
0.291
0.386
0.156
0.127
0.117
0.14
0.45
1.554
1.07
0.404
0.85
0.86
0.939
0.88
0.589
0.973
1.951
1.676
0.758
1.175
1.694
1.55
1.282
0.574
0.293
0.364
0.156
0.125
0.112
0.133
0.412
1.548
1.006
0.374
0.899
0.939
0.998
1.143
0.936
0.93
1.964
1.739
0.927
1.235
1.679
1.586
1.445
0.69
0.286
0.343
0.151
0.123
0.112
0.13
0.377
1.523
0.939
0.356
0.913
1.074
0.943
1.041
0.852
0.847
2.36
2.079
0.919
1.293
1.743
1.662
1.544
0.954
0.403
0.328
0.154
0.123
0.112
0.127
0.35
1.382
0.893
0.338
0.868
1.098
0.982
0.947
0.78
0.798
2.246
2.154
0.996
1.335
1.757
1.735
1.576
0.943
0.432
0.372
0.241
0.226
0.2
0.216
0.399
1.276
0.838
0.314
0.905
1.123
0.896
0.863
0.733
0.78
2.215
2.128
1.086
1.388
1.757
1.683
1.522
0.961
0.434
0.359
0.239
0.224
0.2
0.206
0.37
1.159
0.792
0.294
0.858
1.043
0.84
0.793
0.67
0.778
2.678
2.153
1.023
1.447
1.798
1.736
1.574
0.949
0.424
0.457
0.23
0.222
0.194
0.202
0.348
1.168
0.759
0.276
0.783
0.976
0.805
0.85
1.34
0.98
2.691
2.067
0.979
1.389
1.699
1.628
1.488
0.879
0.407
0.431
0.222
0.207
0.181
0.195
0.325
1.175
0.777
0.258
0.734
0.923
0.892
1.427
1.284
0.894
2.485
1.917
1.11
1.459
1.593
1.512
1.37
0.822
0.385
0.398
0.209
0.196
0.173
0.203
0.306
1.163
0.743
0.242
0.67
0.861
0.86
1.345
1.207
0.884
2.301
1.82
1.036
1.399
1.476
1.402
1.407
0.966
0.565
0.575
0.208
0.188
0.166
0.195
0.295
1.156
0.717
0.233
0.615
0.973
1.485
1.41
1.228
0.932
2.21
1.845
0.978
1.31
1.46
1.505
1.464
1.023
0.645
0.553
0.198
0.188
0.169
0.187
0.276
1.096
0.827
0.307
0.56
0.891
1.349
1.279
1.116
0.854
2.154
1.85
0.91
1.247
1.562
1.469
1.56
1.021
0.613
0.527
0.189
0.18
0.163
0.18
0.261
1.609
0.852
0.287
0.536
1.006
1.351
1.163
1.02
0.784
2.068
2.31
1.402
1.269
1.524
1.601
1.54
1.115
0.567
0.49
0.177
0.177
0.157
0.174
0.248
1.607
0.941
0.269
0.493
0.957
1.43
1.062
0.926
0.843
2.585
2.35
1.378
1.246
1.521
1.658
1.616
1.081
0.542
0.573
0.233
0.173
0.152
0.167
0.234
1.549
0.897
0.252
0.6
1.054
1.446
1.099
1.021
0.916
2.471
2.181
1.295
1.187
1.442
1.558
1.597
1.032
0.505
0.528
0.223
0.166
0.145
0.157
0.289
1.634
0.911
0.238
1.234
1.259
1.495
1.156
1.017
0.838
2.277
2.158
1.383
1.35
1.507
1.586
1.547
1.099
0.479
0.491
0.219
0.158
0.142
0.153
0.268
1.658
0.972
0.253
1.158
1.219
1.407
1.064
0.939
0.785
2.162
2.089
1.291
1.292
1.397
1.504
1.477
1.036
0.447
0.454
0.208
0.152
0.138
0.148
0.252
2.03
1.076
0.248
1.081
1.18
1.317
0.982
0.901
0.777
2.01
1.976
1.195
1.201
1.356
1.416
1.392
1.006
0.433
0.423
0.198
0.148
0.135
0.144
0.237
1.968
1.052
0.233
0.98
1.069
1.192
0.899
0.824
0.72
1.867
1.974
1.12
1.302
1.439
1.483
1.702
1.235
0.42
0.394
0.188
0.143
0.132
0.14
0.224
1.996
1.084
0.23
1.17
1.129
1.14
0.861
0.854
0.882
1.828
2.004
1.046
1.216
1.504
1.58
1.776
1.175
0.394
0.361
0.176
0.135
0.128
0.145
0.249
1.953
1.122
0.217
1.063
1.051
1.036
0.786
0.797
0.806
1.695
2.016
1.006
1.178
1.568
1.681
2.139
1.257
0.4
0.44
0.195
0.148
0.141
0.157
0.255
1.891
1.143
0.207
0.99
0.996
1.044
0.927
0.773
0.795
1.771
1.991
0.938
1.092
1.537
2.06
2.075
1.163
0.393
0.411
0.186
0.144
0.138
0.163
0.248
1.832
1.331
0.42
1.235
1.169
0.987
1.024
0.732
0.727
1.614
1.888
0.909
1.036
1.447
1.919
1.899
1.248
0.388
0.405
0.202
0.147
0.133
0.157
0.233
1.655
1.21
0.419
1.177
1.12
0.949
0.995
0.711
0.705
1.518
1.888
0.858
0.996
1.362
1.802
1.776
1.234
0.381
0.375
0.192
0.143
0.133
0.154
0.403
1.726
1.249
0.391
1.134
1.071
0.913
0.967
0.869
0.862
1.544
1.914
0.944
1.07
1.372
1.768
1.768
1.265
0.593
0.413
0.183
0.139
0.13
0.149
0.373
1.682
1.29
0.378
1.031
0.986
0.84
0.88
0.846
1.006
2.068
1.985
0.888
0.995
1.337
1.823
1.894
1.391
0.757
0.396
0.181
0.134
0.136
0.143
0.348
1.641
1.448
0.351
1.173
1.362
0.822
0.801
0.768
0.949
1.923
1.982
0.869
0.948
1.409
1.823
1.78
1.308
0.796
0.373
0.19
0.135
0.133
0.14
0.324
1.64
1.352
0.326
1.066
1.236
0.75
0.732
0.702
0.861
1.788
2.005
0.865
1.012
1.556
1.869
1.779
1.3
0.797
0.387
0.19
0.138
0.127
0.133
0.299
1.514
1.361
0.305
0.971
1.123
0.685
0.669
0.642
0.795
2.101
1.917
0.906
1.115
1.627
1.873
1.76
1.225
0.888
0.528
0.183
0.135
0.124
0.129
0.275
1.53
1.287
0.283
0.903
1.13
0.867
0.655
0.589
0.728
1.929
1.984
1.06
1.114
1.546
1.779
1.655
1.158
0.825
0.507
0.18
0.132
0.122
0.127
0.257
1.51
1.307
0.447
0.825
1.027
0.791
0.597
0.541
0.673
1.986
1.951
0.984
1.106
1.638
1.84
1.703
1.235
0.887
0.675
0.202
0.138
0.128
0.132
0.25
1.489
1.386
0.478
0.768
0.931
0.718
0.546
0.533
0.616
1.9
1.988
0.923
1.067
1.579
1.922
1.564
1.148
0.817
0.627
0.201
0.142
0.133
0.139
0.244
1.507
1.342
0.441
0.716
0.849
0.672
0.498
0.487
0.563
1.801
2.009
0.866
1.008
1.771
1.995
1.531
1.14
0.948
0.634
0.201
0.143
0.131
0.135
0.233
1.6
1.377
0.435
0.706
0.829
0.655
0.508
0.506
0.596
1.706
1.918
1.025
1.125
1.792
1.974
1.536
1.221
1.033
0.661
0.199
0.315
0.292
0.295
0.381
1.623
1.453
1.132
0.659
0.791
0.635
0.482
0.592
0.765
1.722
1.896
1.113
1.247
1.843
1.999
1.595
1.273
1.086
0.785
0.358
0.459
0.441
0.445
0.536
1.607
1.504
1.145
0.634
0.755
0.645
0.484
0.577
0.702
1.61
1.826
1.058
1.212
1.741
1.997
1.633
1.206
1.103
0.852
0.463
0.537
0.541
0.524
0.636
1.572
1.508
1.096
0.608
0.724
0.667
0.474
0.545
0.643
1.479
1.766
1.098
1.329
1.764
1.99
1.619
1.211
1.22
0.895
0.569
0.63
0.631
0.616
0.717
1.556
1.516
1.096
0.627
0.69
0.639
0.443
0.502
0.594
1.35
1.774
1.074
1.305
1.672
1.986
1.642
1.209
1.302
0.939
0.669
0.719
0.728
0.705
0.792
1.546
1.895
1.208
0.786
0.751
0.623
0.444
0.462
0.546
1.233
1.669
1.172
1.492
1.758
2.046
1.643
1.235
1.339
0.998
0.747
0.795
0.813
0.781
0.873
1.535
1.895
1.219
0.971
0.917
0.839
0.422
0.423
0.593
1.396
1.654
1.122
1.418
1.728
1.971
1.588
1.236
1.319
1.028
0.849
0.869
0.887
0.864
0.951
1.548
1.796
1.118
0.887
0.885
0.768
0.392
0.389
0.576
1.358
1.589
1.229
1.534
1.703
1.849
1.501
1.2
1.259
1.045
0.935
0.954
0.969
0.948
1.017
1.61
1.83
1.113
0.978
0.899
0.73
0.393
0.395
0.561
1.272
1.515
1.203
1.482
1.635
1.763
1.439
1.168
1.17
0.97
0.857
0.871
0.883
0.861
0.922
1.606
1.874
1.242
1.098
1.025
0.882
0.483
0.368
0.658
1.355
1.616
1.255
1.408
1.728
1.834
1.386
1.133
1.208
1.017
0.903
0.935
0.931
0.914
0.971
1.572
1.8
1.163
1.056
0.99
0.869
0.481
0.372
0.605
1.259
1.618
1.364
1.5
1.751
1.811
1.443
1.145
1.249
1.042
0.956
0.965
0.979
0.963
1.014
1.583
1.8
1.198
1.112
1.032
0.947
0.541
0.357
0.56
1.288
1.614
1.429
1.541
1.761
1.808
1.474
1.166
1.227
1.044
1.003
0.999
1.01
1.001
1.029
1.579
1.861
1.235
1.102
1.034
0.997
0.525
0.334
0.601
1.404
1.577
1.324
1.449
1.748
1.782
1.466
1.208
1.274
1.096
0.971
0.913
0.918
0.916
0.936
1.431
1.7
1.293
1.152
1.148
1.158
0.701
0.568
0.699
1.327
1.444
1.217
1.49
1.834
1.67
1.381
1.18
1.37
1.124
0.996
0.964
0.966
0.953
0.986
1.441
1.697
1.201
1.074
1.07
1.083
0.668
0.65
0.854
1.424
1.388
1.128
1.48
1.922
1.75
1.521
1.282
1.309
1.141
1.022
0.987
1.0
0.989
1.028
1.45
1.703
1.161
1.001
0.994
0.984
0.611
0.654
0.801
1.367
1.324
1.082
1.403
1.904
1.673
1.463
1.268
1.314
1.179
1.056
1.042
1.06
1.044
1.076
1.454
1.709
1.234
1.009
0.95
0.902
0.561
0.6
0.733
1.334
1.269
1.034
1.332
1.847
1.789
1.565
1.381
1.454
1.205
1.1
1.09
1.101
1.079
1.112
1.469
1.693
1.375
0.945
0.928
0.878
0.732
0.634
0.671
1.23
1.414
1.104
1.265
1.728
1.854
1.707
1.341
1.439
1.235
1.141
1.131
1.141
1.122
1.147
1.48
1.666
1.479
0.981
1.015
0.849
0.702
0.65
0.642
1.148
1.387
1.058
1.237
1.627
1.79
1.611
1.356
1.416
1.234
1.165
1.149
1.163
1.15
1.15
1.476
1.669
1.596
1.055
0.977
0.854
0.664
0.593
0.585
1.146
1.447
1.127
1.308
1.651
1.759
1.7
1.46
1.457
1.305
1.247
1.226
1.221
1.208
1.214
1.505
1.565
1.446
1.031
0.971
0.82
0.621
0.604
0.652
1.288
1.388
1.082
1.347
1.685
1.743
1.729
1.454
1.492
1.32
1.256
1.24
1.259
1.212
1.231
1.497
1.589
1.419
1.001
0.888
0.747
0.572
0.553
0.601
1.243
1.33
1.084
1.281
1.585
1.634
1.656
1.419
1.531
1.376
1.319
1.307
1.313
1.271
1.298
1.538
1.624
1.472
1.084
0.886
0.715
0.564
0.512
0.587
1.196
1.266
1.05
1.247
1.505
1.553
1.582
1.351
1.56
1.397
1.339
1.332
1.34
1.305
1.33
1.596
1.666
1.485
1.081
0.853
0.692
0.543
0.502
0.623
1.179
1.415
1.069
1.205
1.546
1.486
1.541
1.381
1.613
1.447
1.394
1.392
1.401
1.358
1.375
1.619
1.69
1.504
1.075
0.993
1.065
0.902
0.605
0.601
1.108
1.415
1.427
1.528
1.774
1.418
1.464
1.351
1.658
1.461
1.418
1.423
1.437
1.376
1.419
1.637
1.678
1.434
1.006
0.961
1.005
0.879
0.671
0.626
1.086
1.495
1.483
1.544
1.756
1.35
1.398
1.298
1.579
1.348
1.309
1.313
1.318
1.268
1.315
1.548
1.732
1.46
1.089
1.037
1.058
0.95
0.737
0.711
1.104
1.453
1.467
1.5
1.766
1.296
1.327
1.239
1.561
1.355
1.302
1.196
1.193
1.148
1.192
1.464
1.715
1.433
1.018
0.998
1.024
0.899
0.677
0.675
1.033
1.343
1.355
1.391
1.686
1.233
1.378
1.259
1.564
1.362
1.332
1.216
1.223
1.179
1.219
1.451
1.713
1.415
0.985
0.973
0.966
0.82
0.62
0.661
0.996
1.277
1.384
1.774
1.782
1.183
1.326
1.204
1.439
1.261
1.217
1.111
1.115
1.071
1.108
1.358
1.67
1.318
0.929
0.887
0.88
0.778
0.584
0.664
0.997
1.292
1.34
1.671
1.702
1.172
1.262
1.225
1.332
1.153
1.114
1.019
1.132
1.081
1.126
1.349
1.62
1.296
0.905
0.834
0.839
0.709
0.537
0.633
0.93
1.224
1.267
1.609
1.597
1.121
1.212
1.133
1.226
1.067
1.048
1.104
1.2
1.15
1.196
1.404
1.512
1.176
0.856
0.799
0.857
0.894
0.599
0.582
0.879
1.214
1.297
1.62
1.597
1.116
1.178
1.14
1.118
0.967
0.95
1.003
1.095
1.045
1.162
1.462
1.422
1.077
0.825
0.764
0.826
0.974
0.609
0.58
0.848
1.158
1.23
1.55
1.539
1.037
1.094
1.057
1.041
0.902
0.891
0.923
0.995
0.952
1.249
1.496
1.363
1.061
0.816
0.789
0.805
0.933
0.604
0.574
0.834
1.135
1.142
1.435
1.467
1.006
1.016
0.982
0.971
0.838
0.82
0.845
0.902
0.863
1.131
1.356
1.312
1.015
0.99
0.72
0.737
0.849
0.557
0.526
0.821
1.062
1.055
1.381
1.66
1.002
0.952
0.914
0.912
0.785
0.753
0.77
0.819
0.791
1.039
1.349
1.198
1.0
0.969
0.704
0.71
0.788
0.867
0.961
1.147
1.407
1.144
1.305
1.528
0.933
0.884
0.85
0.848
0.733
0.808
0.838
0.872
0.844
1.079
1.359
1.205
0.953
0.882
0.64
0.646
0.781
0.85
0.886
1.096
1.347
1.092
1.274
1.474
0.907
0.867
0.867
0.822
0.775
0.77
0.766
0.797
0.769
0.983
1.389
1.156
0.868
0.848
0.592
0.588
0.71
0.772
0.807
1.082
1.275
1.013
1.188
1.39
0.952
0.833
0.811
0.759
0.704
0.699
0.696
0.727
0.71
1.06
1.463
1.129
0.791
0.835
0.732
0.661
0.852
0.788
0.74
1.025
1.224
1.004
1.158
1.317
0.993
0.823
0.752
0.695
0.645
0.639
0.633
0.663
0.646
0.964
1.491
1.122
0.723
0.809
0.72
0.646
0.82
0.737
0.728
0.993
1.179
0.958
1.117
1.274
0.961
0.854
0.701
0.643
0.599
0.596
0.585
0.607
0.608
1.097
1.55
1.224
0.764
0.744
0.66
0.592
0.748
0.676
0.715
0.99
1.379
0.89
1.116
1.505
1.134
0.856
0.716
0.705
0.616
0.556
0.536
0.558
0.559
0.997
1.528
1.332
0.763
0.707
0.653
0.558
0.705
0.714
0.849
0.948
1.332
0.862
1.072
1.429
1.08
1.036
0.846
0.824
0.625
0.517
0.494
0.516
0.514
0.908
1.5
1.685
1.023
0.724
0.594
0.512
0.649
0.94
1.244
1.222
1.275
0.833
1.032
1.39
1.063
0.968
0.786
0.758
0.58
0.491
0.483
0.481
0.48
0.833
1.478
1.679
0.943
0.68
0.563
0.476
0.594
0.856
1.133
1.266
1.293
0.982
1.022
1.293
0.994
0.935
0.811
0.735
0.657
0.609
0.619
0.617
0.61
0.928
1.525
1.715
0.953
0.642
0.519
0.438
0.541
0.777
1.026
1.213
1.265
0.931
0.981
1.518
1.109
1.05
0.786
0.691
0.618
0.575
0.575
0.566
0.561
0.955
1.528
1.572
0.869
0.588
0.519
0.449
0.674
0.736
0.93
1.151
1.216
0.909
0.96
1.454
1.027
0.964
0.718
0.64
0.692
0.698
0.698
0.691
0.675
1.024
1.644
1.669
0.881
0.538
0.48
0.414
0.616
0.697
0.908
1.12
1.188
0.859
0.932
1.405
1.08
0.965
0.737
0.661
0.652
0.639
0.776
0.78
0.782
1.091
1.657
1.618
0.827
0.499
0.441
0.384
0.566
0.637
0.87
1.211
1.18
0.813
0.873
1.31
1.093
0.971
0.775
0.687
0.621
0.608
0.73
0.714
0.713
0.995
1.514
1.715
0.859
0.489
0.452
0.393
0.529
0.586
0.797
1.161
1.191
0.832
1.006
1.272
1.067
0.907
0.716
0.637
0.584
0.57
0.674
0.756
0.837
1.083
1.506
1.587
0.783
0.924
0.636
0.401
0.549
0.61
0.83
1.154
1.145
0.848
1.02
1.222
1.04
0.923
0.745
0.619
0.545
0.524
0.619
0.692
0.763
1.076
1.479
1.449
0.715
0.843
0.582
0.367
0.501
0.556
0.813
1.138
1.09
0.795
0.988
1.154
1.007
0.899
0.754
0.593
0.611
0.579
0.565
0.633
0.702
0.979
1.344
1.463
0.79
0.859
0.534
0.347
0.498
0.558
0.814
1.221
1.091
0.768
0.968
1.111
0.981
0.946
0.739
0.586
0.588
0.555
0.535
0.596
0.658
0.912
1.384
1.414
0.737
0.83
0.559
0.373
0.471
0.519
0.744
1.13
1.135
0.828
1.009
1.097
0.958
0.924
0.695
0.629
0.553
0.515
0.491
0.549
0.621
0.832
1.331
1.359
0.673
0.756
0.624
0.523
0.555
0.649
0.857
1.164
1.089
0.854
0.99
1.095
0.951
0.915
0.707
0.693
0.585
0.485
0.459
0.507
0.57
0.759
1.332
1.307
0.612
0.691
0.578
0.484
0.558
0.936
0.933
1.241
1.078
0.84
0.942
1.084
0.932
0.943
0.719
0.667
0.544
0.454
0.431
0.474
0.529
0.693
1.219
1.218
0.658
0.649
0.526
0.451
0.516
0.853
0.852
1.468
1.26
0.84
0.902
1.015
0.957
0.95
0.743
0.634
0.507
0.433
0.409
0.493
0.49
0.638
1.143
1.204
0.639
0.621
0.502
0.417
0.476
0.781
0.778
1.453
1.239
0.839
0.893
1.011
1.099
0.978
0.786
0.639
0.465
0.4
0.381
0.461
0.454
0.587
1.044
1.096
0.978
0.883
0.543
0.385
0.436
0.709
0.917
1.538
1.284
0.799
1.036
1.156
1.238
1.388
0.868
0.619
0.47
0.409
0.367
0.437
0.427
0.541
0.951
0.997
0.929
0.881
0.52
0.401
0.46
0.702
0.873
1.43
1.274
0.841
1.012
1.119
1.248
1.37
0.873
0.574
0.436
0.383
0.342
0.403
0.394
0.496
0.919
0.975
0.852
0.829
0.479
0.37
0.429
0.678
0.798
1.301
1.334
0.849
1.014
1.055
1.153
1.264
0.809
0.527
0.406
0.355
0.318
0.372
0.364
0.457
1.011
0.945
0.834
0.79
0.446
0.346
0.397
0.666
0.778
1.419
1.545
0.801
0.989
1.073
1.062
1.151
0.746
0.489
0.376
0.331
0.297
0.346
0.339
0.52
1.041
0.956
0.811
0.724
0.45
0.387
0.375
0.613
0.802
1.327
1.494
0.754
0.956
1.064
1.06
1.096
0.678
0.45
0.356
0.313
0.44
0.449
0.448
0.613
1.096
0.913
0.74
0.691
0.487
0.395
0.403
0.627
0.861
1.26
1.426
0.708
0.892
1.036
1.06
1.1
0.67
0.429
0.341
0.301
0.407
0.416
0.493
0.723
1.191
1.361
0.734
0.634
0.45
0.364
0.371
0.573
0.786
1.189
1.639
0.688
0.853
1.211
1.055
1.114
0.676
0.514
0.402
0.279
0.373
0.384
0.462
0.665
1.22
1.402
0.724
0.58
0.454
0.625
0.47
0.544
0.719
1.08
1.738
0.7
0.907
1.203
1.058
1.109
0.663
0.489
0.494
0.264
0.343
0.352
0.423
0.609
1.223
1.344
0.682
0.56
0.453
0.987
0.801
0.872
0.828
1.021
1.636
0.678
0.867
1.216
1.063
1.169
0.751
0.597
0.587
0.386
0.461
0.467
0.548
0.713
1.251
1.285
0.653
0.776
0.832
1.313
1.009
0.816
0.757
0.931
1.537
0.687
0.889
1.145
1.003
1.076
0.689
0.548
0.541
0.358
0.424
0.591
0.654
0.788
1.219
1.3
0.616
0.74
0.81
1.583
1.262
0.782
0.767
0.905
1.473
0.67
0.866
1.109
0.986
1.191
0.661
0.512
0.5
0.335
0.392
0.542
0.601
0.752
1.341
1.29
0.582
0.74
0.787
1.451
1.154
0.754
0.738
0.91
1.482
0.707
0.872
1.097
0.986
1.14
0.633
0.474
0.46
0.318
0.365
0.497
0.551
0.688
1.322
1.265
0.533
0.676
1.071
1.387
1.083
0.688
0.723
0.876
1.353
0.658
0.817
1.078
0.973
1.084
0.617
0.437
0.421
0.293
0.338
0.463
0.506
0.782
1.331
1.191
0.517
0.652
1.013
1.263
0.983
0.627
0.658
0.8
1.236
0.661
0.785
1.252
1.02
1.078
0.76
0.415
0.397
0.35
0.487
0.592
0.633
0.878
1.37
1.246
0.478
0.598
0.986
1.201
0.899
0.576
0.6
0.918
1.273
0.661
0.796
1.302
1.061
1.068
0.743
0.406
0.516
0.338
0.449
0.54
0.579
0.966
1.418
1.221
0.44
0.551
0.897
1.091
0.822
0.528
0.55
0.881
1.199
0.648
0.866
1.395
1.186
1.23
0.886
0.402
0.538
0.482
0.583
0.663
0.7
1.043
1.472
1.159
0.406
0.548
0.934
1.238
1.025
0.53
0.509
0.807
1.112
0.652
0.953
1.383
1.144
1.144
0.965
0.397
0.504
0.447
0.535
0.607
0.754
1.102
1.531
1.2
0.424
0.54
0.869
1.13
0.935
0.487
0.471
0.761
1.034
0.617
0.91
1.284
1.232
1.163
1.105
0.506
0.482
0.417
0.493
0.556
0.69
1.003
1.388
1.105
0.391
0.563
1.022
1.421
1.257
0.702
0.603
0.867
1.174
0.641
0.858
1.273
1.188
1.113
1.141
0.506
0.454
0.392
0.454
0.514
0.631
1.04
1.422
1.17
0.529
0.68
1.085
1.312
1.138
0.638
0.576
0.837
1.095
0.61
0.83
1.219
1.337
1.112
1.119
0.609
0.419
0.36
0.415
0.472
0.586
0.963
1.484
1.064
0.537
0.623
0.99
1.19
1.039
0.602
0.528
0.768
1.053
0.586
0.951
1.176
1.283
1.236
1.225
0.625
0.409
0.344
0.38
0.432
0.534
0.876
1.545
1.192
0.659
0.621
0.91
1.081
0.947
0.552
0.539
0.923
1.164
0.567
0.928
1.157
1.225
1.219
1.19
0.61
0.501
0.327
0.356
0.4
0.506
0.921
1.597
1.176
0.604
0.569
0.831
0.984
0.862
0.541
0.51
0.91
1.109
0.563
0.919
1.118
1.19
1.23
1.106
0.643
0.611
0.437
0.476
0.508
0.599
0.987
1.613
1.107
0.55
0.537
0.908
1.218
0.807
0.502
0.47
1.063
1.191
0.617
0.897
1.086
1.183
1.344
1.127
0.6
0.561
0.405
0.44
0.468
0.549
0.901
1.587
1.139
0.517
0.49
0.857
1.205
1.097
0.904
1.234
1.854
1.319
0.586
0.859
1.078
1.519
1.396
1.08
0.748
0.519
0.383
0.408
0.433
0.504
0.871
1.608
1.071
0.475
0.453
0.8
1.095
0.997
0.827
1.145
1.712
1.422
0.554
0.825
1.1
1.485
1.339
1.093
0.689
0.476
0.352
0.379
0.409
0.466
0.798
1.621
1.023
0.439
0.419
0.77
1.009
1.135
1.577
1.139
1.559
1.342
0.544
0.817
1.211
1.7
1.582
1.204
0.772
0.527
0.515
0.513
0.55
0.598
0.904
1.61
0.988
0.434
0.403
0.727
0.919
1.031
1.429
1.032
1.433
1.232
0.521
0.818
1.327
1.704
1.605
1.29
0.707
0.485
0.474
0.472
0.501
0.544
0.821
1.63
1.116
0.405
0.411
0.711
0.837
0.941
1.295
0.964
1.334
1.195
0.502
0.833
1.274
1.602
1.551
1.212
0.67
0.563
0.492
0.437
0.463
0.5
0.745
1.631
1.058
0.374
0.384
0.684
0.799
0.928
1.22
0.92
1.284
1.147
0.479
0.777
1.323
1.623
1.485
1.123
0.62
0.517
0.456
0.404
0.428
0.488
0.892
1.583
1.076
0.349
0.357
0.666
0.839
1.002
1.192
0.839
1.345
1.139
0.496
0.77
1.268
1.546
1.413
1.062
0.694
0.492
0.427
0.374
0.398
0.449
0.813
1.547
1.017
0.323
0.328
0.605
0.761
0.95
1.088
0.768
1.259
1.121
0.493
0.731
1.248
1.514
1.42
1.112
0.67
0.462
0.397
0.347
0.369
0.416
0.742
1.604
0.998
0.301
0.306
0.556
0.692
0.862
1.003
0.731
1.23
1.096
0.482
0.703
1.383
1.558
1.461
1.204
0.786
0.605
0.394
0.318
0.342
0.39
0.746
1.557
0.943
0.284
0.303
0.542
0.693
1.007
0.927
0.671
1.147
1.018
0.677
0.687
1.322
1.543
1.344
1.112
0.732
0.556
0.371
0.32
0.349
0.488
0.864
1.728
0.969
0.323
0.323
0.529
0.709
0.932
0.846
0.624
1.056
1.027
0.671
0.696
1.227
1.54
1.372
1.156
0.678
0.513
0.343
0.301
0.323
0.451
0.789
1.732
1.559
0.333
0.358
0.482
0.659
0.851
0.773
0.573
1.155
1.136
0.634
0.698
1.221
1.464
1.32
1.093
0.643
0.616
0.452
0.288
0.301
0.417
0.723
1.673
1.813
0.536
0.329
0.44
0.599
0.787
0.706
0.552
1.052
1.036
0.643
0.794
1.231
1.471
1.387
1.054
0.605
0.563
0.428
0.27
0.287
0.385
0.666
1.681
1.84
0.658
0.384
0.44
0.588
1.227
0.647
0.512
1.019
1.053
0.647
0.813
1.203
1.423
1.335
1.12
0.66
0.6
0.462
0.25
0.277
0.377
0.699
1.62
1.687
0.666
0.402
0.462
0.579
1.114
0.591
0.48
0.929
0.973
0.656
0.814
1.157
1.343
1.26
1.06
0.666
0.694
0.452
0.238
0.26
0.352
0.64
1.564
1.615
0.609
0.373
0.427
0.531
1.014
0.543
0.438
1.032
0.966
0.607
0.867
1.266
1.341
1.291
1.069
0.667
0.649
0.423
0.225
0.24
0.324
0.582
1.459
1.586
0.56
0.349
0.455
0.513
0.938
0.506
0.532
1.127
1.068
0.601
0.827
1.279
1.297
1.25
1.043
0.667
0.601
0.394
0.213
0.228
0.304
0.531
1.425
1.536
0.554
0.328
0.42
0.475
0.855
0.514
0.531
1.063
1.011
0.562
0.772
1.225
1.229
1.208
0.977
0.62
0.561
0.368
0.202
0.219
0.284
0.496
1.296
1.537
0.517
0.308
0.389
0.438
0.783
0.473
0.491
1.029
0.947
0.56
0.724
1.176
1.172
1.167
0.985
0.591
0.638
0.462
0.196
0.213
0.267
0.52
1.345
1.451
0.478
0.284
0.392
0.423
0.726
0.456
0.453
0.942
0.911
0.538
0.686
1.14
1.195
1.655
0.962
0.668
0.593
0.429
0.187
0.205
0.286
0.664
1.272
1.316
0.486
0.272
0.378
0.422
0.663
0.426
0.423
0.859
0.856
0.58
0.702
1.135
1.163
1.556
1.02
0.764
0.546
0.392
0.175
0.191
0.278
0.713
1.376
1.254
0.53
0.301
0.403
0.393
0.607
0.409
0.397
0.814
0.782
0.578
0.691
1.196
1.113
1.433
0.944
0.707
0.507
0.363
0.165
0.179
0.257
0.743
1.295
1.143
0.487
0.284
0.373
0.364
0.56
0.378
0.449
0.898
0.721
0.586
0.866
1.152
1.105
1.353
0.952
0.712
0.47
0.336
0.158
0.172
0.298
0.846
1.238
1.038
0.451
0.265
0.345
0.338
0.515
0.349
0.449
0.906
0.66
0.582
0.953
1.125
1.193
1.374
0.997
0.676
0.526
0.312
0.155
0.164
0.28
0.958
1.196
0.996
0.436
0.244
0.329
0.314
0.475
0.323
0.42
0.863
0.615
0.543
1.122
1.509
1.301
1.292
1.018
0.624
0.485
0.294
0.152
0.159
0.327
1.059
1.34
1.11
0.429
0.242
0.359
0.299
0.455
0.303
0.389
0.893
0.564
0.524
1.037
1.446
1.247
1.223
0.933
0.575
0.443
0.281
0.151
0.153
0.306
0.964
1.356
1.109
0.403
0.228
0.417
0.329
0.517
0.313
0.361
0.819
0.519
0.56
1.016
1.352
1.341
1.258
0.937
0.527
0.405
0.259
0.143
0.153
0.324
1.03
1.267
1.011
0.405
0.359
0.761
0.384
0.474
0.289
0.332
0.851
0.542
0.704
1.223
1.423
1.296
1.179
0.963
0.496
0.375
0.261
0.144
0.147
0.305
0.936
1.151
1.027
0.514
0.515
0.767
0.368
0.437
0.271
0.307
0.82
0.495
0.658
1.173
1.346
1.319
1.179
0.885
0.456
0.351
0.245
0.14
0.141
0.583
1.564
1.772
1.313
0.676
0.476
0.702
0.341
0.404
0.29
0.314
0.751
0.471
0.733
1.163
1.276
1.22
1.262
0.914
0.431
0.331
0.231
0.137
0.136
0.537
1.413
1.726
1.229
0.623
0.438
0.645
0.346
0.709
0.658
0.454
0.793
0.458
0.749
1.136
1.224
1.214
1.326
1.003
0.556
0.322
0.219
0.134
0.134
0.493
1.413
1.564
1.155
0.576
0.407
0.59
0.331
0.661
0.612
0.474
0.764
0.433
0.7
1.09
1.173
1.16
1.264
0.927
0.525
0.304
0.207
0.132
0.129
0.458
1.427
1.478
1.066
0.563
0.399
0.554
0.313
0.964
1.047
0.45
0.799
0.403
0.658
1.129
1.125
1.135
1.198
0.88
0.615
0.29
0.2
0.131
0.127
0.425
1.389
1.412
0.971
0.517
0.372
0.509
0.289
0.88
0.967
0.51
0.959
0.487
0.624
1.11
1.096
1.16
1.098
0.804
0.564
0.269
0.187
0.125
0.128
0.529
1.4
1.356
0.884
0.511
0.355
0.482
0.358
0.831
0.912
0.485
1.252
0.726
0.645
1.044
1.02
1.065
1.002
0.737
0.518
0.259
0.179
0.119
0.122
0.483
1.444
1.399
0.808
0.534
0.35
0.446
0.335
0.759
0.861
0.47
1.147
0.662
0.632
0.986
1.086
1.109
1.015
0.682
0.486
0.248
0.172
0.119
0.122
0.458
1.446
1.305
0.738
0.508
0.418
0.818
0.312
0.697
0.785
0.46
1.059
0.611
0.596
1.031
1.064
1.019
0.923
0.628
0.448
0.236
0.165
0.118
0.122
0.422
1.786
1.37
0.671
0.465
0.479
0.751
0.334
0.711
0.771
0.472
1.009
0.599
0.647
1.011
1.05
1.031
0.865
0.602
0.435
0.247
0.179
0.12
0.121
0.39
1.805
1.309
0.614
0.444
0.45
0.685
0.318
0.651
0.707
0.487
0.961
0.552
0.768
1.267
1.124
0.968
0.806
0.567
0.407
0.247
0.183
0.119
0.122
0.421
1.74
1.205
0.562
0.413
0.427
0.686
0.348
0.606
0.699
0.501
0.888
0.511
0.711
1.784
1.415
1.077
0.767
0.541
0.499
0.288
0.171
0.114
0.132
0.391
1.58
1.186
0.518
0.44
0.411
0.64
0.333
1.182
0.825
0.53
0.829
0.502
0.737
1.692
1.382
1.034
0.885
0.667
0.633
0.422
0.305
0.274
0.29
0.506
1.573
1.113
0.477
0.409
0.651
0.954
0.529
1.094
0.757
0.512
0.77
0.478
0.685
1.582
1.737
1.189
0.959
0.761
0.703
0.414
0.311
0.438
0.403
0.583
1.551
1.436
0.648
0.407
0.599
0.87
0.489
0.995
0.695
0.491
0.718
0.453
0.652
1.481
1.779
1.237
0.911
0.828
0.668
0.383
0.293
0.405
0.373
0.637
1.454
1.299
0.589
0.381
0.553
0.796
0.451
0.909
0.637
0.456
0.71
0.421
0.618
1.917
1.987
1.212
0.88
0.775
0.619
0.355
0.277
0.375
0.349
0.584
1.503
1.336
0.661
0.36
0.51
0.769
0.433
0.841
0.691
0.455
0.861
0.397
1.012
2.141
1.845
1.134
0.819
0.717
0.566
0.337
0.26
0.35
0.325
0.535
1.463
1.298
0.606
0.424
0.898
0.729
0.41
0.768
0.637
0.455
0.811
0.371
0.974
2.109
1.762
1.036
0.748
0.675
0.525
0.314
0.245
0.328
0.303
0.594
1.33
1.392
1.214
0.53
0.84
0.689
0.395
0.718
0.598
0.492
0.776
0.349
0.915
1.967
1.686
1.028
0.748
0.639
0.646
0.391
0.235
0.303
0.288
0.549
1.297
1.436
1.234
0.732
1.054
0.669
0.398
0.721
0.6
0.498
0.747
0.379
0.871
1.821
1.547
1.058
0.722
0.585
0.588
0.359
0.227
0.284
0.277
0.644
1.302
1.328
1.128
0.69
0.968
0.631
0.425
0.672
0.553
0.486
0.697
0.367
0.809
1.706
1.46
1.107
1.308
0.698
0.548
0.344
0.217
0.268
0.261
0.59
1.363
1.694
1.275
0.714
0.913
0.6
0.396
0.621
0.512
0.453
0.649
0.347
0.752
1.569
1.375
1.616
1.546
0.814
0.512
0.324
0.206
0.255
0.247
0.629
1.303
1.535
1.158
0.649
0.828
0.555
0.371
0.569
0.475
0.457
0.695
0.34
0.736
1.501
1.676
1.55
1.475
0.9
0.526
0.322
0.196
0.242
0.234
0.577
1.313
1.882
1.203
0.661
0.827
0.53
0.346
0.525
0.441
0.454
0.66
0.319
0.802
1.523
1.652
1.53
1.429
0.82
0.48
0.296
0.193
0.228
0.225
0.53
1.286
1.792
1.095
0.609
0.754
0.491
0.318
0.479
0.404
0.452
0.638
0.302
0.781
1.457
1.545
1.425
1.321
0.764
0.445
0.279
0.203
0.219
0.213
0.491
1.72
1.638
1.022
0.581
0.738
0.466
0.309
0.471
0.383
0.439
0.612
0.287
0.767
1.467
1.48
1.4
1.239
0.719
0.528
0.274
0.195
0.207
0.199
0.449
1.561
1.514
0.961
0.576
0.76
0.442
0.289
0.438
0.355
0.435
0.58
0.278
0.71
1.419
1.437
1.288
1.131
0.658
0.489
0.258
0.19
0.197
0.193
0.411
1.539
1.452
0.879
0.547
0.734
0.476
0.302
0.409
0.331
0.41
0.544
0.274
0.659
1.341
1.405
1.208
1.062
0.619
0.454
0.245
0.182
0.189
0.185
0.48
1.517
1.409
0.81
0.554
0.706
0.483
0.325
0.414
0.32
0.394
0.513
0.269
0.645
1.252
1.318
1.175
0.987
0.579
0.42
0.234
0.173
0.183
0.177
0.573
1.422
1.279
0.741
0.508
0.642
0.441
0.305
0.387
0.299
0.374
0.512
0.255
0.593
1.22
1.246
1.137
0.949
0.621
0.544
0.223
0.168
0.177
0.17
0.528
1.387
1.686
0.747
0.52
0.59
0.446
0.298
0.397
0.284
0.386
0.494
0.243
0.576
1.178
1.265
1.042
0.876
0.571
0.5
0.207
0.158
0.175
0.164
0.537
1.386
1.533
0.683
0.502
0.542
0.416
0.28
0.371
0.286
0.363
0.529
0.237
0.531
1.113
1.226
1.024
0.974
0.643
0.469
0.208
0.148
0.164
0.154
0.5
1.499
1.41
0.625
0.466
0.567
0.448
0.278
0.349
0.269
0.338
0.522
0.229
0.498
1.053
1.222
1.025
0.963
0.612
0.582
0.335
0.266
0.285
0.285
0.614
1.496
1.354
0.572
0.433
0.642
0.447
0.574
0.655
0.311
0.376
0.52
0.257
0.494
1.019
1.178
1.016
0.905
0.572
0.536
0.314
0.25
0.267
0.27
0.563
1.497
1.259
0.522
0.423
0.673
0.462
0.569
0.601
0.296
0.35
0.484
0.248
0.506
0.992
1.122
0.968
0.883
0.628
0.496
0.297
0.238
0.251
0.256
0.517
1.436
1.178
0.48
0.387
0.613
0.431
0.527
0.552
0.28
0.334
0.489
0.235
0.475
0.924
1.186
1.382
0.941
0.592
0.466
0.281
0.227
0.238
0.244
0.574
1.433
1.167
0.444
0.387
0.625
0.418
0.492
0.509
0.267
0.316
0.489
0.226
0.469
1.01
1.74
1.358
0.976
0.548
0.426
0.26
0.224
0.225
0.235
0.526
1.429
1.079
0.411
0.36
0.607
0.412
0.453
0.466
0.319
0.554
0.508
0.215
0.466
0.959
1.612
1.284
0.992
0.513
0.397
0.255
0.219
0.221
0.373
0.62
1.39
1.011
0.384
0.334
0.558
0.383
0.418
0.433
0.294
0.505
0.498
0.217
0.437
0.9
1.561
1.275
1.021
0.625
0.499
0.358
0.342
0.32
0.475
0.676
1.384
0.964
0.358
0.314
0.555
0.371
0.445
0.403
0.277
0.487
0.486
0.219
0.871
1.187
1.472
1.215
0.962
0.592
0.56
0.44
0.323
0.3
0.44
0.617
1.348
0.908
0.351
0.308
0.558
0.359
0.438
0.376
0.261
0.498
0.46
0.32
0.85
1.122
1.488
1.302
0.897
0.554
0.523
0.417
0.305
0.281
0.409
0.663
1.34
0.839
0.334
0.292
0.53
0.367
0.416
0.378
0.247
0.521
0.493
0.811
1.022
1.039
1.392
1.255
0.877
0.644
0.49
0.39
0.285
0.268
0.378
0.611
1.366
1.142
0.69
0.381
0.619
0.417
0.389
0.354
0.236
0.484
0.494
0.745
0.961
1.109
1.318
1.152
0.818
0.599
0.455
0.363
0.268
0.254
0.351
0.564
1.239
1.091
0.632
0.354
0.602
0.397
0.413
0.361
0.264
0.487
0.515
0.685
1.084
1.173
1.234
1.068
0.767
0.558
0.42
0.333
0.253
0.243
0.328
0.52
1.127
1.028
0.58
0.332
0.554
0.37
0.383
0.345
0.307
0.464
0.482
0.629
0.991
1.115
1.381
1.489
0.781
0.762
0.592
0.343
0.237
0.226
0.311
0.634
1.17
0.947
0.535
0.311
0.512
0.344
0.359
0.321
0.291
0.452
0.453
0.586
0.905
1.024
1.655
1.765
0.746
0.788
0.552
0.322
0.226
0.217
0.303
0.59
1.069
0.884
0.496
0.3
0.504
0.345
0.38
0.326
0.274
0.61
0.823
0.54
0.84
0.952
1.544
1.634
0.76
0.742
0.624
0.309
0.219
0.206
0.287
0.541
1.109
0.907
0.504
0.305
0.469
0.358
0.381
0.307
0.275
0.563
0.756
0.52
0.792
0.893
1.855
1.925
0.761
0.806
0.624
0.297
0.208
0.199
0.27
0.499
1.011
0.857
0.464
0.3
0.464
0.347
0.549
0.809
0.263
0.518
0.736
0.507
0.743
0.862
1.724
1.862
0.808
0.779
0.583
0.285
0.201
0.191
0.258
0.46
1.193
1.156
0.463
0.281
0.435
0.386
0.537
0.755
0.263
0.507
0.687
0.471
0.688
0.801
1.589
1.727
0.811
0.753
0.675
0.454
0.372
0.351
0.416
0.591
1.172
1.081
0.867
0.395
0.417
0.361
0.494
0.686
0.252
0.47
0.631
0.437
0.657
0.757
1.537
1.645
0.837
0.717
0.632
0.436
0.355
0.332
0.386
0.548
1.066
1.016
0.793
0.371
0.389
0.389
0.473
0.631
0.24
0.431
0.587
0.412
0.625
0.769
1.446
1.562
0.816
0.725
0.587
0.412
0.331
0.31
0.354
0.509
1.124
0.975
0.752
0.356
0.366
0.368
0.441
0.586
0.232
0.415
0.587
0.397
0.591
0.739
1.376
1.451
0.913
0.679
0.543
0.386
0.31
0.291
0.333
0.466
1.127
0.936
0.693
0.744
0.837
0.414
0.474
0.543
0.22
0.415
0.563
0.373
0.566
0.687
1.307
1.349
0.869
0.646
0.631
0.406
0.29
0.275
0.311
0.432
1.108
0.908
0.64
0.706
0.764
0.387
0.437
0.503
0.425
0.984
0.604
0.419
0.573
0.676
1.245
1.329
0.893
0.632
0.588
0.388
0.273
0.264
0.292
0.505
1.113
0.846
0.588
0.647
0.733
0.392
0.445
0.474
0.396
0.927
0.96
0.434
0.552
0.631
1.191
1.323
0.851
0.638
0.589
0.383
0.257
0.261
0.284
0.465
1.016
0.811
0.544
0.597
0.711
0.371
0.448
0.451
0.37
0.886
0.896
0.485
0.562
0.616
1.105
1.254
0.844
0.683
0.671
0.387
0.247
0.247
0.269
0.431
0.927
0.743
0.515
0.592
0.652
0.348
0.415
0.42
0.363
0.835
0.843
0.449
0.522
0.72
1.167
1.378
1.106
0.956
0.657
0.369
0.233
0.229
0.254
0.403
0.939
0.711
0.477
0.56
0.762
0.681
0.592
0.412
0.353
0.774
0.776
0.423
0.524
0.685
1.13
1.293
1.117
0.998
0.611
0.343
0.225
0.217
0.251
0.391
0.885
0.793
1.03
0.626
0.722
0.638
0.56
0.394
0.346
0.762
0.761
0.402
0.493
0.667
1.058
1.209
1.104
1.035
0.567
0.324
0.216
0.209
0.24
0.541
1.354
0.744
0.939
0.579
0.661
0.589
0.515
0.37
0.323
0.706
0.732
0.378
0.467
0.635
1.461
1.332
1.053
0.97
0.625
0.354
0.21
0.2
0.231
0.5
1.344
0.777
0.853
0.548
0.629
0.558
0.49
0.38
0.308
0.678
0.767
0.354
0.436
0.622
1.827
1.553
0.973
0.896
0.585
0.336
0.204
0.191
0.222
0.549
1.307
0.712
0.781
0.536
0.604
0.544
0.481
0.955
0.381
0.683
0.717
0.37
0.434
0.6
1.698
1.425
1.026
0.835
0.544
0.322
0.195
0.186
0.214
0.512
1.198
0.691
0.728
0.536
0.603
0.54
0.479
0.884
0.393
0.69
0.68
0.353
0.41
0.565
1.565
1.376
0.981
0.886
0.597
0.32
0.194
0.184
0.309
0.671
1.685
0.691
0.667
0.498
0.554
0.5
0.444
0.808
0.365
0.639
0.668
0.335
0.412
0.624
1.499
1.271
0.916
0.819
0.551
0.303
0.185
0.176
0.285
0.62
1.535
0.664
0.615
0.478
0.542
0.473
0.462
0.769
0.378
0.661
0.651
0.331
0.393
0.588
1.409
1.2
1.007
0.767
0.509
0.288
0.178
0.174
0.267
0.569
1.39
0.892
0.887
0.441
0.503
0.437
0.431
0.703
0.355
0.632
0.631
0.314
0.373
0.548
1.432
1.312
1.052
0.738
0.475
0.271
0.174
0.171
0.259
0.534
1.288
0.919
0.828
0.424
0.489
0.435
0.417
0.655
0.34
0.614
1.074
0.296
0.357
0.6
1.35
1.208
0.982
0.696
0.545
0.265
0.168
0.167
0.246
0.544
1.239
0.866
0.758
0.39
0.451
0.406
0.387
0.968
0.76
0.578
0.996
0.28
0.362
0.571
1.312
1.177
0.927
0.656
0.511
0.26
0.172
0.165
0.232
0.505
1.239
1.213
0.693
0.383
0.864
0.454
0.399
0.894
0.7
0.547
0.936
0.276
0.35
0.547
1.239
1.175
0.961
0.672
0.488
0.247
0.174
0.159
0.223
0.466
1.136
1.145
0.638
0.357
1.207
0.805
0.384
0.847
0.653
0.511
0.909
0.264
0.33
0.558
1.168
1.231
1.011
0.745
0.46
0.238
0.17
0.156
0.214
0.43
1.036
1.086
0.591
0.335
1.098
0.739
0.358
0.776
0.601
0.501
0.842
0.252
0.32
0.545
1.144
1.187
0.923
0.684
0.427
0.227
0.166
0.152
0.206
0.398
1.096
1.002
0.547
0.363
1.039
0.702
0.337
0.715
0.554
0.468
0.807
0.243
0.763
0.843
1.097
1.109
0.952
0.68
0.402
0.22
0.163
0.177
0.33
0.501
1.131
0.975
0.503
0.333
0.968
0.666
0.316
0.661
0.511
0.439
0.75
0.253
0.744
0.796
1.021
1.077
0.907
1.1
0.561
0.365
0.249
0.171
0.311
0.463
1.152
1.146
0.466
0.327
0.883
0.63
0.302
0.608
0.473
0.41
0.714
0.244
0.717
0.752
0.958
1.095
0.889
1.025
0.527
0.359
0.341
0.165
0.295
0.428
1.153
1.105
0.433
0.306
0.836
0.59
0.286
0.555
0.445
0.388
0.698
0.243
0.673
0.725
0.894
1.329
1.316
1.002
0.502
0.337
0.337
0.167
0.278
0.504
1.169
1.088
0.401
0.313
0.797
0.571
0.669
0.766
0.426
0.361
0.654
0.242
0.653
0.678
0.988
1.614
1.248
1.022
0.468
0.314
0.319
0.161
0.257
0.51
1.539
0.993
0.377
0.293
0.731
0.53
0.616
0.706
0.404
0.351
0.641
0.252
0.715
1.241
1.062
1.642
1.291
1.078
0.472
0.304
0.309
0.165
0.253
0.471
1.391
0.933
0.359
0.313
0.684
0.491
0.577
0.665
0.387
0.541
1.077
0.245
0.693
1.21
1.011
1.533
1.292
1.029
0.446
0.285
0.293
0.16
0.244
0.441
1.766
0.863
0.345
0.296
0.708
0.467
0.555
0.614
0.37
0.963
1.203
0.29
0.707
1.233
1.056
1.429
1.307
1.066
0.435
0.27
0.279
0.155
0.234
0.429
1.62
0.816
0.348
0.315
0.649
0.459
0.516
0.568
0.371
0.905
1.151
0.286
0.669
1.135
1.014
1.372
1.246
1.035
0.415
0.258
0.275
0.155
0.226
0.397
1.474
1.051
0.338
0.327
0.605
0.434
0.48
0.527
0.364
0.84
1.06
0.273
0.619
1.48
1.175
1.264
1.191
0.962
0.512
0.334
0.27
0.162
0.225
0.379
1.347
0.978
0.318
0.329
0.554
0.41
0.444
0.511
0.411
0.912
1.162
0.262
0.575
1.729
1.286
1.188
1.146
0.978
0.485
0.317
0.258
0.158
0.218
0.353
1.229
0.922
0.301
0.307
0.721
0.926
0.675
0.538
0.385
0.837
1.103
0.262
0.544
1.649
1.268
1.292
1.229
0.91
0.453
0.303
0.248
0.153
0.212
0.427
1.243
1.361
0.598
0.393
0.887
0.856
0.641
0.513
0.661
1.002
1.013
0.251
0.501
1.499
1.154
1.664
1.654
1.028
0.482
0.39
0.287
0.229
0.272
0.462
1.202
1.307
0.59
0.369
0.839
0.815
0.596
0.483
0.611
0.917
0.943
0.24
0.505
1.374
1.069
1.635
1.543
0.945
0.458
0.362
0.274
0.217
0.274
0.434
1.095
1.212
0.563
0.346
0.866
0.82
0.577
0.49
0.998
0.839
0.901
0.226
0.482
1.34
1.552
1.525
1.527
0.869
0.435
0.344
0.266
0.205
0.261
0.401
0.991
1.154
0.626
0.361
0.814
0.835
0.568
0.465
0.925
0.778
0.959
0.338
0.736
1.518
1.433
1.403
1.441
0.922
0.513
0.322
0.255
0.195
0.249
0.371
0.906
1.09
0.573
0.341
0.743
0.767
0.522
0.433
0.843
0.715
0.901
0.32
1.062
1.836
1.472
1.321
1.368
0.869
0.573
0.308
0.247
0.186
0.239
0.344
0.829
0.992
0.529
0.836
0.837
0.727
0.499
0.432
0.793
0.668
0.83
0.303
0.969
1.668
1.45
1.315
1.321
0.809
0.551
0.301
0.244
0.181
0.229
0.331
0.913
0.999
0.487
0.766
0.925
0.759
0.502
0.415
0.731
0.616
0.765
0.318
0.897
2.048
1.456
1.233
1.271
0.836
0.565
0.3
0.233
0.177
0.219
0.322
1.496
0.987
0.452
0.716
0.847
0.695
0.467
0.385
0.664
0.57
0.711
0.302
0.827
1.891
1.371
1.198
1.214
0.803
0.525
0.285
0.22
0.166
0.213
0.301
1.362
0.898
0.454
0.655
0.777
0.636
0.436
0.357
0.611
0.562
0.678
0.288
0.791
1.736
1.29
1.119
1.131
0.85
0.487
0.273
0.21
0.165
0.254
0.426
1.282
0.884
0.421
0.604
0.714
0.597
0.42
0.334
0.567
0.518
0.634
0.284
0.816
1.631
1.592
1.541
1.109
0.879
0.457
0.26
0.2
0.162
0.241
0.396
1.175
0.84
0.404
0.571
0.654
0.552
0.389
0.316
0.521
0.517
0.591
0.271
1.002
2.069
1.578
1.455
1.079
0.811
0.428
0.249
0.191
0.161
0.228
0.37
1.07
0.799
0.423
0.521
0.653
0.545
0.366
0.301
0.481
0.53
0.554
0.259
1.311
2.167
1.533
1.471
1.063
0.766
0.411
0.246
0.183
0.161
0.216
0.348
0.974
0.756
0.392
0.505
0.695
0.721
0.39
0.774
0.594
0.557
0.525
0.286
1.23
1.974
1.416
1.396
1.028
0.712
0.384
0.239
0.178
0.159
0.206
0.42
0.913
0.706
0.365
0.47
0.702
0.676
0.508
1.18
0.554
0.524
0.519
0.326
1.14
1.825
1.574
1.674
0.965
0.668
0.359
0.226
0.166
0.161
0.214
0.531
0.961
0.713
0.499
0.875
0.78
0.9
0.579
1.146
0.589
0.573
0.493
0.311
1.074
1.67
1.469
1.653
1.038
0.758
0.467
0.324
0.169
0.168
0.224
0.491
0.878
0.733
0.513
1.177
1.224
1.012
0.551
1.06
0.553
0.569
0.49
0.287
1.018
1.54
1.359
1.565
1.024
0.744
0.432
0.305
0.165
0.164
0.216
0.453
0.796
0.673
0.511
1.074
1.113
1.125
0.531
1.005
0.924
0.915
0.483
0.274
0.957
1.445
1.263
1.467
1.025
0.799
0.53
0.292
0.163
0.161
0.205
0.423
0.728
0.641
0.466
0.998
1.016
1.025
0.491
0.918
0.844
0.872
0.503
0.262
0.913
1.674
1.235
1.383
0.959
0.744
0.5
0.282
0.168
0.165
0.2
0.394
0.666
0.621
0.43
0.914
0.978
1.078
0.489
0.842
0.776
0.798
0.48
0.279
0.868
1.529
1.265
1.918
1.022
0.695
0.483
0.416
0.172
0.159
0.194
0.424
0.709
0.623
0.401
1.067
1.208
0.999
0.453
0.789
0.723
0.782
0.478
0.267
0.822
1.425
1.203
1.819
0.955
0.653
0.448
0.405
0.17
0.154
0.189
0.392
0.652
0.599
0.373
1.023
1.205
0.924
0.482
0.763
0.659
0.721
0.446
0.321
0.763
1.76
1.234
1.711
0.909
0.637
0.58
0.39
0.164
0.146
0.185
0.375
0.624
0.568
0.351
0.955
1.162
1.001
0.479
0.702
0.609
0.684
0.79
0.717
0.741
1.637
1.151
1.656
0.945
0.725
0.651
0.424
0.164
0.142
0.178
0.344
0.578
0.522
0.366
0.881
1.062
0.913
0.446
0.644
0.562
0.631
0.735
0.661
0.772
1.497
1.148
1.564
0.911
0.685
0.621
0.413
0.176
0.148
0.177
0.322
0.541
0.496
0.377
0.809
1.218
0.862
0.579
0.605
0.542
0.585
0.709
0.614
0.761
1.428
1.095
1.529
0.895
0.658
0.591
0.402
0.176
0.144
0.174
0.3
0.502
0.556
0.35
0.766
1.113
0.786
0.536
0.555
0.502
0.562
0.663
0.564
0.743
1.317
1.027
1.522
0.95
0.634
0.548
0.373
0.172
0.141
0.169
0.283
0.462
0.653
0.392
0.715
1.094
0.731
0.562
0.524
0.508
0.537
0.626
0.527
0.721
1.222
0.994
1.486
0.945
0.63
0.528
0.359
0.174
0.138
0.167
0.266
0.517
0.661
0.367
0.654
1.109
0.682
0.535
0.5
0.471
0.558
0.612
0.49
0.671
1.126
0.954
1.94
1.053
0.61
0.502
0.343
0.202
0.205
0.164
0.252
0.479
0.642
0.345
0.615
1.249
0.639
0.506
0.501
0.437
0.51
0.755
0.913
0.645
1.039
0.924
1.82
1.004
0.586
0.472
0.333
0.2
0.199
0.178
0.243
0.444
0.677
0.912
0.591
1.176
0.649
0.673
0.475
0.463
0.493
0.703
0.836
0.638
0.98
0.863
1.708
1.097
0.677
0.442
0.315
0.191
0.196
0.172
0.231
0.641
0.757
0.875
0.613
1.082
0.598
0.62
0.442
0.43
0.463
0.679
0.774
0.599
0.97
0.822
1.582
1.042
0.636
0.417
0.297
0.192
0.197
0.178
0.219
0.592
0.721
0.794
0.569
1.055
0.578
0.595
0.418
0.4
0.441
0.657
0.714
0.587
0.901
0.77
1.467
1.039
0.606
0.405
0.283
0.187
0.189
0.174
0.21
0.545
0.692
0.727
0.586
1.233
0.543
0.551
0.392
0.374
0.414
0.604
0.66
0.542
0.933
0.727
1.401
0.976
0.562
0.391
0.279
0.186
0.184
0.171
0.202
0.6
0.662
0.668
0.616
1.204
0.512
0.515
0.384
0.361
0.396
0.61
0.611
0.51
1.333
0.8
1.334
0.928
0.538
0.387
0.289
0.187
0.177
0.168
0.194
0.556
0.636
0.613
0.581
1.306
0.593
0.506
0.383
0.343
0.388
0.634
1.039
0.484
1.229
0.76
1.266
0.931
0.515
0.362
0.272
0.18
0.166
0.164
0.281
0.569
0.598
0.563
0.537
1.538
0.592
0.51
0.712
0.325
0.614
0.782
1.025
0.578
1.187
0.745
1.191
0.891
0.552
0.421
0.264
0.18
0.161
0.159
0.262
0.535
0.579
0.522
0.72
1.551
0.565
0.487
0.665
0.633
0.952
0.756
0.936
0.57
1.136
0.709
1.132
0.853
0.665
0.503
0.25
0.177
0.156
0.158
0.249
0.625
0.98
0.487
0.81
1.418
0.535
0.461
0.612
0.586
0.869
0.723
0.856
0.576
1.077
0.711
1.602
1.03
0.65
0.544
0.24
0.17
0.155
0.153
0.238
0.675
0.976
0.45
0.763
1.315
0.492
0.43
0.562
0.542
0.801
0.706
0.782
0.534
1.186
1.047
1.48
0.967
0.623
0.523
0.233
0.167
0.151
0.153
0.225
0.768
0.932
0.419
0.717
1.194
0.449
0.404
0.518
0.503
0.739
0.658
0.716
0.599
1.11
0.981
1.384
0.986
0.596
0.498
0.243
0.168
0.149
0.154
0.214
0.711
0.887
0.393
0.657
1.088
0.417
0.375
0.496
0.47
0.704
0.631
0.661
0.879
1.431
1.027
1.479
0.998
0.588
0.509
0.402
0.314
0.15
0.153
0.204
0.655
0.81
0.369
0.667
1.099
0.416
0.352
0.458
0.453
0.652
0.596
0.623
0.814
1.402
0.986
1.38
1.498
0.752
0.62
0.441
0.354
0.215
0.239
0.266
0.808
0.915
0.406
0.767
1.408
0.425
0.341
0.453
0.422
0.61
0.577
0.613
0.761
1.293
0.961
1.311
1.384
0.708
0.587
0.408
0.334
0.205
0.23
0.335
0.846
0.873
0.378
0.706
1.294
0.398
0.318
0.423
0.391
0.602
0.584
0.569
0.708
1.268
0.902
1.283
1.335
0.782
0.573
0.386
0.312
0.198
0.219
0.317
0.9
1.469
0.523
0.652
1.441
0.386
0.311
0.399
0.401
0.566
0.552
0.525
0.686
1.195
0.871
1.218
1.277
0.758
0.557
0.37
0.295
0.193
0.211
0.3
0.824
1.436
0.648
0.652
1.348
0.368
0.296
0.373
0.377
0.541
0.583
0.485
0.714
1.126
1.096
1.481
1.259
0.708
0.525
0.356
0.279
0.188
0.201
0.284
0.754
1.306
0.632
0.608
1.226
0.354
0.275
0.4
0.553
0.606
0.552
0.698
1.108
1.13
1.135
1.469
1.198
0.662
0.493
0.349
0.265
0.182
0.196
0.266
0.694
1.213
0.583
0.571
1.117
0.331
0.26
0.373
0.504
0.56
0.518
0.653
1.125
1.101
1.66
1.39
1.115
0.626
0.551
0.368
0.256
0.17
0.189
0.254
0.636
1.13
0.559
0.53
1.103
0.358
0.275
0.351
0.509
0.572
0.508
0.648
1.038
1.048
1.644
1.793
1.022
0.726
0.589
0.412
0.259
0.212
0.235
0.259
0.654
1.098
0.515
0.582
1.226
0.349
0.273
0.361
0.471
0.537
0.504
0.608
0.952
1.017
1.535
1.7
1.032
0.775
0.606
0.383
0.246
0.204
0.225
0.245
0.79
1.536
0.55
0.54
1.115
0.35
0.26
0.349
0.472
0.53
0.468
0.581
0.911
0.989
1.464
1.626
0.999
0.725
0.568
0.366
0.238
0.196
0.219
0.233
0.764
1.395
0.522
0.495
1.021
0.326
0.249
0.325
0.441
0.488
0.473
0.538
0.867
1.01
1.456
1.482
0.929
0.667
0.523
0.345
0.228
0.192
0.301
0.255
0.735
1.299
0.534
0.658
1.076
0.358
0.246
0.31
0.408
0.455
0.473
0.5
0.953
1.073
1.368
1.375
0.868
0.632
0.484
0.326
0.216
0.188
0.283
0.245
0.687
1.261
0.527
0.607
1.291
1.044
0.322
0.38
0.458
0.422
0.47
0.465
0.909
1.021
1.272
1.384
0.936
0.637
0.45
0.308
0.208
0.19
0.267
0.236
0.63
1.15
0.487
0.56
1.202
0.983
0.319
0.382
0.439
0.407
0.456
0.436
0.941
0.954
1.239
1.682
0.883
0.602
0.526
0.316
0.211
0.183
0.27
0.231
0.579
1.091
0.45
0.519
1.095
0.939
0.374
0.388
0.409
0.645
0.436
0.411
0.949
0.943
1.396
1.989
0.832
0.707
0.501
0.302
0.201
0.18
0.255
0.22
0.61
1.016
0.419
0.481
1.304
0.871
0.385
0.371
0.386
0.974
0.786
0.489
0.953
0.936
1.296
1.857
0.895
0.763
0.594
0.328
0.195
0.176
0.24
0.213
0.56
0.926
0.418
0.449
1.198
0.815
0.387
0.365
0.624
0.917
0.736
0.453
0.935
1.119
1.82
1.769
0.914
0.791
0.661
0.409
0.301
0.236
0.23
0.203
0.595
0.892
0.392
0.416
1.108
0.752
0.364
0.341
0.578
0.873
0.695
0.424
0.878
1.048
1.683
1.65
0.925
0.855
0.612
0.382
0.284
0.225
0.219
0.196
0.628
0.841
0.363
0.389
1.098
0.904
0.35
0.329
0.536
0.799
0.65
0.429
1.312
1.254
1.579
1.518
0.855
0.783
0.561
0.374
0.273
0.213
0.21
0.189
0.671
0.792
0.338
0.365
1.026
0.843
0.329
0.307
0.489
0.736
0.621
0.405
1.203
1.173
1.516
1.478
0.874
0.734
0.523
0.352
0.257
0.199
0.196
0.187
0.743
0.746
0.318
0.341
1.073
0.808
0.318
0.29
0.455
0.685
0.593
0.381
1.51
1.37
1.474
1.395
0.836
0.687
0.659
0.445
0.379
0.302
0.319
0.285
0.806
0.807
0.426
0.667
1.175
0.741
0.303
0.274
0.517
0.676
0.562
0.367
1.378
1.301
1.382
1.32
0.921
0.767
0.609
0.412
0.355
0.283
0.302
0.312
0.874
0.823
0.397
0.614
1.161
0.863
0.32
0.27
0.479
0.641
1.102
0.606
1.266
1.222
1.281
1.332
0.973
0.752
0.569
0.382
0.335
0.266
0.286
0.303
0.929
1.217
0.441
0.586
1.419
0.87
0.305
0.26
0.444
0.591
1.037
0.56
1.182
1.149
1.236
1.27
0.923
0.709
0.545
0.36
0.312
0.254
0.268
0.287
0.848
1.106
0.411
0.622
1.643
1.326
0.417
0.254
0.413
0.58
1.044
0.627
1.224
1.256
1.316
1.304
0.919
0.667
0.502
0.335
0.298
0.24
0.256
0.269
0.778
1.031
0.384
0.757
1.551
1.205
0.392
0.258
0.386
0.541
0.967
0.606
1.442
1.549
1.262
1.232
0.878
0.765
0.515
0.315
0.275
0.222
0.248
0.256
0.712
0.973
0.357
0.697
1.407
1.104
0.366
0.25
0.36
0.5
0.917
0.563
1.376
1.44
1.353
1.493
0.881
0.85
0.531
0.301
0.259
0.217
0.253
0.245
0.653
0.913
0.332
0.643
1.421
1.01
0.344
0.24
0.343
0.5
0.847
0.515
1.266
1.369
1.288
1.449
0.835
0.791
0.509
0.398
0.247
0.209
0.24
0.233
0.598
0.839
0.314
0.592
1.462
1.09
0.396
0.238
0.336
0.472
1.317
0.713
1.252
1.383
1.282
1.386
0.878
0.814
0.48
0.373
0.237
0.201
0.23
0.226
0.553
0.794
0.29
0.583
1.362
1.713
0.504
0.294
0.319
0.456
1.22
0.666
1.202
1.304
1.197
1.316
0.845
0.762
0.455
0.354
0.236
0.2
0.23
0.301
0.654
1.057
0.276
0.554
1.446
1.6
0.471
0.28
0.302
0.448
1.124
0.626
1.128
1.235
1.438
1.622
0.898
0.793
0.441
0.334
0.23
0.193
0.224
0.29
1.167
0.992
0.265
0.513
1.318
1.505
0.444
0.296
0.301
0.432
1.044
0.576
1.065
1.16
1.454
1.56
1.376
0.822
0.526
0.405
0.222
0.185
0.217
0.271
1.066
1.001
0.252
0.499
1.207
1.369
0.411
0.279
0.351
0.416
0.968
0.541
1.007
1.112
1.409
1.474
1.273
0.752
0.485
0.379
0.21
0.173
0.205
0.261
0.984
0.98
0.277
0.587
1.263
1.257
0.383
0.269
0.33
0.388
0.933
0.506
0.944
1.291
1.789
1.59
1.291
0.737
0.45
0.355
0.2
0.171
0.195
0.241
0.908
0.913
0.26
0.687
1.452
1.226
0.386
0.291
0.31
0.374
0.864
0.496
0.907
1.248
1.729
1.561
1.195
0.694
0.542
0.342
0.196
0.166
0.19
0.234
1.175
1.165
0.251
0.63
1.36
1.241
0.388
0.287
0.304
0.361
0.803
0.504
0.864
1.174
1.615
1.686
1.16
0.669
0.507
0.323
0.192
0.17
0.192
0.225
1.072
1.074
0.237
0.612
2.08
1.17
0.418
0.287
0.29
0.356
0.784
0.481
0.868
1.161
1.522
1.59
1.128
0.702
0.479
0.303
0.189
0.167
0.187
0.214
0.979
0.998
0.224
0.623
2.105
1.067
0.789
0.33
0.281
0.338
0.719
0.453
0.838
1.099
1.407
1.487
1.165
0.771
0.462
0.289
0.184
0.164
0.183
0.206
0.896
0.946
0.215
0.574
1.908
0.992
0.724
0.329
0.272
0.323
0.673
0.496
0.786
1.106
1.342
1.419
1.077
0.717
0.434
0.273
0.18
0.255
0.304
0.314
0.937
0.942
0.216
0.659
1.912
1.011
0.668
0.308
0.257
0.325
0.633
0.491
0.744
1.15
1.281
1.571
1.345
0.716
0.488
0.263
0.282
0.318
0.329
0.426
0.98
1.021
0.351
0.653
1.734
0.921
0.615
0.289
0.249
0.316
0.612
0.451
0.722
1.242
1.204
1.557
1.345
0.801
0.585
0.364
0.368
0.306
0.317
0.402
0.888
0.925
0.333
0.727
2.158
1.056
0.913
0.482
0.275
0.351
0.602
0.426
0.692
1.199
1.152
1.469
1.256
0.751
0.581
0.348
0.342
0.291
0.305
0.379
0.897
0.897
0.306
0.661
2.059
1.14
0.918
0.458
0.381
0.391
0.594
0.465
0.717
1.127
1.089
1.389
1.177
0.696
0.539
0.331
0.322
0.277
0.29
0.487
0.955
0.852
0.289
0.605
1.885
1.155
0.884
0.462
0.356
0.376
0.558
0.508
1.154
1.12
1.135
1.358
1.193
0.737
0.509
0.314
0.303
0.262
0.274
0.451
0.872
1.289
0.352
0.632
1.938
1.069
0.831
0.436
0.334
0.356
0.515
0.474
1.097
1.12
1.438
1.278
1.139
0.793
0.477
0.315
0.291
0.249
0.259
0.42
0.796
1.176
0.328
0.607
1.795
0.999
0.761
0.425
0.308
0.339
0.544
0.471
1.059
1.085
1.443
1.224
1.05
0.736
0.445
0.305
0.276
0.231
0.249
0.486
0.885
1.145
0.355
0.626
1.725
0.916
0.702
0.398
0.292
0.4
0.534
0.445
0.989
1.034
1.733
1.593
1.111
0.736
0.431
0.286
0.263
0.219
0.24
0.448
0.863
1.097
0.338
0.577
1.566
0.837
0.645
0.37
0.277
0.372
0.496
0.419
0.975
1.0
1.963
1.782
1.08
0.69
0.406
0.272
0.251
0.208
0.33
0.513
0.85
1.058
0.322
0.68
1.656
0.791
0.612
0.381
0.344
0.387
0.498
0.4
0.946
0.931
1.817
1.651
1.023
0.649
0.478
0.31
0.238
0.203
0.31
0.564
0.9
1.027
0.3
0.618
1.498
0.729
0.563
0.356
0.323
0.46
0.616
0.431
0.94
0.903
1.683
2.082
1.229
0.631
0.545
0.456
0.349
0.35
0.412
0.69
0.94
0.969
0.282
0.567
1.533
1.049
0.625
0.336
0.303
0.43
0.574
0.526
1.467
0.94
1.556
1.941
1.168
0.74
0.56
0.426
0.327
0.328
0.383
0.633
1.327
1.04
0.267
0.62
1.521
1.093
0.8
0.46
0.305
0.435
0.545
0.49
1.356
0.915
1.451
1.809
1.101
0.797
0.628
0.417
0.301
0.302
0.36
0.58
1.209
1.391
0.741
0.595
1.403
1.053
0.795
0.451
0.334
0.536
0.614
0.465
1.281
0.92
1.384
1.748
1.009
0.731
0.575
0.39
0.281
0.283
0.353
0.535
1.099
1.311
0.817
0.582
1.278
0.958
0.73
0.417
0.314
0.503
0.593
0.426
1.182
0.923
1.315
1.666
0.975
0.808
0.625
0.363
0.264
0.267
0.329
0.5
1.268
1.494
0.798
0.537
1.163
0.972
0.783
0.408
0.309
0.476
0.582
0.403
1.104
0.969
1.285
1.545
0.911
0.748
0.573
0.34
0.25
0.251
0.311
0.46
1.152
1.437
0.799
0.53
1.063
0.891
0.716
0.382
0.289
0.451
0.565
0.377
1.027
0.953
1.313
2.013
0.973
0.707
0.635
0.364
0.236
0.238
0.293
0.425
1.173
1.329
0.732
0.488
1.124
0.848
0.67
0.92
0.377
0.444
0.554
0.379
0.976
0.938
1.26
1.88
0.964
0.673
0.599
0.361
0.224
0.232
0.281
0.404
1.071
1.23
0.671
0.475
1.295
0.795
0.611
0.845
0.352
0.415
0.545
0.371
0.923
1.163
1.603
1.762
0.903
0.627
0.557
0.354
0.213
0.222
0.268
0.374
1.064
1.747
0.618
0.512
1.209
0.924
0.608
0.814
0.379
0.423
0.54
0.353
0.883
1.127
1.516
1.651
0.959
0.642
0.52
0.334
0.203
0.206
0.247
0.352
1.004
1.699
0.689
0.49
1.229
0.998
0.574
0.774
0.403
0.41
0.527
0.335
1.011
1.637
1.516
1.561
0.922
0.609
0.483
0.312
0.195
0.196
0.235
0.45
1.026
1.642
0.744
0.547
1.188
0.937
0.529
0.713
0.374
0.387
0.499
0.375
0.981
2.029
1.552
1.515
0.909
0.577
0.448
0.294
0.186
0.19
0.222
0.417
1.021
1.53
0.68
0.507
1.081
0.854
0.49
0.652
0.35
0.401
0.513
0.37
0.915
1.857
1.454
1.424
0.958
0.639
0.415
0.277
0.18
0.182
0.214
0.447
1.245
2.019
0.622
0.462
1.011
0.931
0.468
0.603
0.634
0.722
0.579
0.385
0.912
1.738
1.405
1.347
0.916
0.607
0.419
0.272
0.173
0.178
0.203
0.416
1.132
1.829
0.574
0.456
0.922
0.851
0.438
0.881
1.009
0.805
0.655
0.457
0.872
1.65
1.327
1.266
1.004
0.737
0.549
0.264
0.17
0.174
0.196
0.386
1.41
1.856
0.531
0.431
1.509
0.888
0.514
0.843
0.921
0.74
0.638
0.48
0.861
1.538
1.267
1.213
1.008
0.688
0.517
0.254
0.159
0.165
0.194
0.359
1.366
2.174
0.501
0.424
1.541
0.885
0.489
0.791
0.86
0.701
0.614
0.451
0.806
1.495
1.344
1.284
1.056
0.802
0.673
0.305
0.158
0.158
0.203
0.342
1.348
2.159
0.477
0.392
1.416
1.04
0.467
0.725
0.817
0.877
1.153
0.661
1.048
1.664
1.363
1.197
1.139
0.748
0.617
0.288
0.153
0.154
0.196
0.346
1.388
1.973
0.479
0.376
1.289
0.972
0.435
0.664
0.75
0.827
1.143
1.181
1.087
1.597
1.325
1.206
1.118
0.763
0.65
0.274
0.152
0.149
0.191
0.332
1.385
1.814
0.437
0.345
1.608
1.09
0.455
0.657
0.728
0.793
1.098
1.086
1.012
1.471
1.246
1.128
1.178
0.717
0.596
0.26
0.149
0.145
0.283
0.468
1.404
1.749
0.404
0.325
1.49
0.993
0.423
0.604
0.666
0.752
1.054
1.009
0.983
1.396
1.219
1.105
1.097
0.671
0.66
0.323
0.147
0.144
0.265
0.436
1.273
1.587
0.47
0.443
1.459
1.034
0.5
0.636
0.614
0.693
1.07
0.94
0.934
1.635
1.613
1.083
1.107
0.635
0.618
0.322
0.155
0.148
0.261
0.41
1.287
1.598
0.542
0.501
1.504
1.608
0.607
0.626
0.587
0.69
1.014
0.92
0.902
1.551
1.52
1.018
1.051
0.606
0.579
0.304
0.15
0.149
0.38
0.51
1.263
1.657
0.498
0.465
1.575
1.611
0.57
0.59
0.574
0.662
0.971
0.93
0.888
1.486
1.443
1.018
0.995
0.572
0.54
0.289
0.145
0.146
0.353
0.469
1.151
1.543
0.462
0.669
1.535
1.486
0.536
0.547
0.548
0.738
1.281
0.863
0.835
1.41
1.355
0.989
0.952
0.605
0.58
0.27
0.204
0.295
0.481
0.568
1.215
1.612
1.089
0.736
1.392
1.408
0.512
0.514
0.565
0.683
1.207
0.838
0.814
1.338
1.314
0.97
0.894
0.589
0.54
0.256
0.195
0.278
0.474
0.533
1.109
1.495
0.996
0.68
1.259
1.282
0.471
0.477
0.518
0.654
1.111
0.788
0.803
1.886
1.3
0.935
0.869
0.551
0.509
0.248
0.196
0.269
0.445
0.702
1.139
1.576
1.204
0.735
1.397
1.224
0.478
0.489
0.484
0.602
1.015
0.755
0.801
1.779
1.284
0.922
0.879
0.547
0.485
0.251
0.204
0.279
0.423
0.654
1.19
1.471
1.094
0.674
1.39
1.224
0.453
0.47
0.455
0.554
0.934
0.791
0.802
1.669
1.219
0.897
0.842
0.543
0.455
0.236
0.19
0.257
0.388
0.827
1.256
1.375
0.998
0.617
1.49
1.126
0.448
0.792
0.422
0.506
1.362
0.772
0.761
1.569
1.17
0.88
0.82
0.749
0.601
0.394
0.338
0.406
0.54
0.925
1.312
1.291
0.939
0.602
1.468
1.32
0.454
0.765
0.429
0.467
1.245
0.724
0.759
1.464
1.139
0.838
0.919
0.699
0.558
0.368
0.315
0.376
0.499
0.89
1.36
1.867
0.984
0.646
1.385
1.249
0.468
0.746
0.456
0.714
1.26
0.782
0.902
1.485
1.173
0.86
0.88
0.721
0.552
0.382
0.338
0.398
0.509
0.873
1.27
1.726
0.892
0.588
1.377
1.166
0.437
0.685
0.425
0.656
1.187
0.748
0.862
1.426
1.149
0.888
0.881
0.692
0.519
0.355
0.319
0.369
0.47
0.798
1.154
1.893
0.94
0.547
1.29
1.061
0.407
0.628
0.424
0.617
1.199
0.819
0.913
1.445
1.203
0.85
0.841
0.672
0.485
0.338
0.305
0.344
0.436
0.733
1.05
1.719
1.026
0.756
1.396
1.213
1.052
0.847
0.636
0.647
1.112
0.771
0.901
1.35
1.17
0.84
0.831
0.634
0.466
0.485
0.295
0.321
0.406
0.671
1.12
1.684
0.936
0.69
1.268
1.104
0.957
0.772
0.6
0.75
1.149
0.786
0.984
1.392
1.146
0.858
0.78
0.591
0.434
0.446
0.272
0.295
0.381
0.618
1.367
1.71
0.854
0.633
1.211
1.168
0.89
0.767
0.552
0.747
1.091
0.776
1.103
1.567
1.193
0.86
0.722
0.584
0.417
0.418
0.256
0.285
0.362
0.708
1.41
1.661
0.996
0.91
1.118
1.26
0.844
0.72
0.512
0.694
1.06
0.76
1.022
1.464
1.156
0.852
0.763
0.628
0.5
0.49
0.248
0.267
0.341
0.648
1.286
1.614
0.954
1.069
1.022
1.405
0.787
0.661
0.477
0.668
1.003
0.727
0.95
1.352
1.15
0.838
0.784
0.607
0.535
0.462
0.241
0.261
0.324
0.604
1.176
1.47
1.035
1.083
1.041
1.39
0.788
0.716
0.457
0.69
0.939
1.264
1.086
1.362
1.36
0.901
0.824
0.567
0.492
0.432
0.228
0.246
0.306
0.555
1.079
1.423
1.073
1.037
0.947
1.431
0.855
0.666
0.426
0.635
0.909
1.186
1.006
1.322
1.303
0.874
0.808
0.553
0.47
0.415
0.242
0.237
0.29
0.51
0.985
1.291
1.026
1.441
0.969
1.385
0.82
0.63
0.398
0.582
0.925
1.141
0.993
1.269
1.252
0.887
0.803
0.599
0.466
0.396
0.239
0.225
0.276
0.47
0.901
1.172
0.963
1.307
0.884
1.258
0.748
0.58
0.369
0.53
0.974
1.479
1.293
1.518
1.715
0.905
0.803
0.628
0.461
0.394
0.242
0.213
0.274
0.44
0.822
1.165
0.939
1.188
0.805
1.23
1.227
0.772
0.418
0.532
0.952
1.412
1.409
1.53
1.642
0.914
0.8
0.597
0.432
0.375
0.236
0.208
0.267
0.407
0.747
1.057
1.148
1.113
0.811
1.14
1.228
0.937
0.507
0.549
0.959
1.365
1.4
1.497
1.562
0.91
0.8
0.638
0.421
0.348
0.237
0.205
0.253
0.377
0.686
0.961
1.04
1.008
0.802
1.037
1.122
0.857
0.63
0.521
0.936
1.308
1.363
1.43
1.625
0.918
0.832
0.651
0.425
0.339
0.238
0.203
0.246
0.359
0.654
1.02
1.078
0.97
0.763
0.948
1.049
0.784
0.578
0.481
0.92
1.504
1.529
1.541
1.593
0.905
0.897
0.609
0.4
0.311
0.225
0.2
0.232
0.336
0.6
1.033
1.062
0.912
0.823
1.085
1.008
0.778
0.598
0.513
0.91
1.684
1.506
1.472
1.517
0.93
0.965
0.682
0.383
0.311
0.219
0.191
0.223
0.313
0.551
1.082
1.035
1.094
1.164
1.275
1.045
0.729
0.551
0.522
1.173
1.793
1.548
1.392
1.419
0.923
0.957
0.683
0.386
0.317
0.221
0.184
0.214
0.289
0.509
1.034
1.193
1.226
1.155
1.162
1.165
0.782
0.601
0.542
1.255
1.706
1.426
1.321
1.371
0.92
1.005
0.693
0.418
0.313
0.21
0.182
0.208
0.269
0.465
0.941
1.385
1.22
1.117
1.063
1.059
0.715
0.553
0.498
1.215
1.627
1.343
1.247
1.327
0.886
1.205
0.777
0.503
0.428
0.308
0.306
0.308
0.386
0.545
1.0
1.576
1.148
1.058
1.314
1.079
0.695
0.535
0.53
1.152
1.518
1.259
1.219
1.291
0.915
1.183
0.803
0.602
0.506
0.4
0.409
0.392
0.472
0.605
1.023
1.542
1.108
1.059
1.623
1.384
1.044
0.944
0.978
1.543
1.66
1.246
1.171
1.233
0.918
1.168
0.776
0.578
0.476
0.379
0.476
0.444
0.435
0.554
1.059
1.517
1.055
0.985
1.468
1.252
0.946
0.86
0.958
1.467
1.576
1.386
1.17
1.188
0.916
1.121
0.729
0.542
0.435
0.359
0.441
0.413
0.406
0.638
1.065
1.454
0.959
0.901
1.344
1.15
0.882
0.787
0.875
1.346
1.453
1.302
1.185
1.172
0.959
1.099
0.719
0.548
0.56
0.415
0.403
0.378
0.376
0.59
1.059
1.508
0.899
0.821
1.22
1.048
0.804
0.719
0.794
1.297
1.384
1.207
1.144
1.173
0.953
1.093
0.715
0.52
0.645
0.42
0.378
0.368
0.349
0.542
0.965
1.418
0.91
0.787
1.109
0.954
0.842
0.707
0.768
1.229
1.31
1.139
1.096
1.137
0.921
1.049
0.73
0.635
0.604
0.393
0.351
0.346
0.326
0.602
1.009
1.288
0.829
0.798
1.337
1.065
0.9
0.664
0.705
1.188
1.4
1.292
1.093
1.11
0.932
1.077
0.789
0.717
0.649
0.365
0.328
0.321
0.306
0.625
1.027
1.244
0.753
0.726
1.458
1.013
0.859
0.679
0.71
1.124
1.326
1.215
1.029
1.082
0.914
1.042
0.783
0.729
0.739
0.474
0.433
0.419
0.416
0.703
1.079
1.207
0.687
0.681
1.327
0.922
0.783
0.622
0.651
1.069
1.23
1.145
1.046
1.054
0.995
1.116
0.781
0.663
0.673
0.437
0.408
0.389
0.384
0.716
1.112
1.108
0.63
0.624
1.453
0.885
0.713
0.568
0.597
0.996
1.21
1.078
1.18
1.383
1.319
1.089
0.776
0.785
0.778
0.539
0.509
0.463
0.48
0.757
1.16
1.078
0.593
0.669
1.394
0.847
1.23
1.0
0.961
1.305
1.432
1.012
1.171
1.324
1.301
1.055
0.748
0.791
0.715
0.494
0.465
0.423
0.439
0.692
1.192
1.063
0.563
0.613
1.268
0.772
1.118
0.911
0.875
1.274
1.363
0.945
1.259
1.436
1.415
1.185
0.808
0.734
0.789
0.578
0.543
0.517
0.51
0.758
1.244
1.123
0.518
0.562
1.206
0.71
1.017
0.83
0.986
1.323
1.284
1.207
1.725
1.749
1.73
1.487
1.171
0.913
0.868
0.669
0.615
0.608
0.586
0.835
1.293
1.213
0.476
0.529
1.307
0.662
0.994
0.804
0.899
1.22
1.267
1.153
1.622
1.637
1.704
1.743
1.114
0.994
0.927
0.728
0.704
0.674
0.67
0.893
1.314
1.282
0.462
0.642
1.419
0.673
0.951
0.784
0.899
1.184
1.23
1.612
1.874
1.925
2.004
2.069
1.431
1.039
0.941
0.786
0.747
0.725
0.723
0.913
1.319
1.307
0.462
0.722
1.68
0.659
1.063
0.741
0.84
1.101
1.156
2.065
2.383
2.344
2.396
2.299
1.708
1.07
0.972
0.818
0.785
0.785
0.771
0.936
1.323
1.306
0.518
0.979
1.559
0.603
0.983
0.681
0.787
1.071
1.1
1.931
2.259
2.482
2.423
2.404
1.888
1.022
1.008
0.766
0.731
0.727
0.719
0.874
1.309
1.337
0.61
0.919
1.444
0.581
0.916
0.623
0.715
1.082
1.165
1.836
2.486
2.632
2.585
2.383
1.763
1.094
1.053
0.815
0.664
0.683
0.662
0.798
1.185
1.223
0.75
0.998
1.485
0.573
0.873
0.835
0.804
1.079
1.155
1.733
2.318
2.452
2.418
2.236
1.709
1.164
1.087
0.876
0.735
0.742
0.649
0.734
1.08
1.115
0.823
0.97
1.48
0.918
1.03
0.967
0.904
1.059
1.124
1.646
2.394
2.321
2.266
2.105
1.693
1.183
1.1
0.929
0.79
0.703
0.603
0.678
0.983
1.017
0.89
0.962
1.548
1.075
1.123
0.882
0.957
1.021
1.028
1.625
2.272
2.181
2.142
2.001
1.566
1.188
1.006
0.843
0.718
0.641
0.552
0.632
0.894
1.106
0.982
0.984
1.552
1.248
1.202
0.875
0.926
1.003
1.009
1.562
2.331
2.459
2.391
2.143
1.455
1.174
0.937
0.776
0.656
0.587
0.506
0.576
0.895
1.136
1.069
1.153
1.626
1.351
1.519
1.018
0.926
0.998
0.995
1.508
2.189
2.31
2.237
2.025
1.39
1.242
0.906
0.709
0.6
0.538
0.513
0.644
0.891
1.124
1.045
1.211
1.787
1.488
1.413
0.929
0.868
0.957
0.947
1.514
2.14
2.181
2.232
2.176
1.331
1.228
0.989
0.744
0.553
0.493
0.61
0.614
0.838
1.047
0.976
1.15
1.71
1.604
1.316
0.852
0.792
0.889
0.918
1.457
2.15
2.07
2.105
2.044
1.311
1.171
1.033
0.684
0.507
0.457
0.563
0.563
0.857
1.086
0.93
1.044
1.546
1.45
1.203
0.776
0.719
0.821
0.898
1.619
2.032
2.073
2.218
1.935
1.25
1.154
1.066
0.643
0.47
0.421
0.52
0.524
0.789
1.096
0.915
1.162
1.525
1.377
1.093
0.71
0.672
0.842
0.897
1.534
1.901
1.929
2.265
2.148
1.522
1.338
1.093
0.619
0.429
0.402
0.616
0.65
0.88
1.02
0.835
1.057
1.556
1.394
1.088
0.672
0.619
0.82
0.846
1.432
1.763
1.785
2.117
2.063
1.437
1.344
1.003
0.585
0.401
0.372
0.565
0.596
0.956
1.044
0.779
1.083
1.561
1.384
1.001
0.643
0.672
0.898
0.835
1.354
1.636
1.68
1.986
1.942
1.378
1.293
0.94
0.724
0.38
0.342
0.521
0.551
0.928
1.094
0.76
1.015
1.663
1.264
0.915
0.59
0.616
0.819
0.82
1.262
1.61
1.757
2.063
1.846
1.31
1.217
1.0
0.793
0.496
0.398
0.48
0.502
0.842
1.097
0.84
0.963
1.561
1.146
0.834
0.542
0.565
0.765
1.024
1.266
2.03
2.294
2.375
1.8
1.26
1.152
1.02
0.737
0.47
0.375
0.444
0.462
0.855
1.094
0.816
1.049
1.64
1.08
0.77
0.499
0.522
0.767
1.01
1.398
2.077
2.495
2.547
1.682
1.225
1.108
1.043
0.686
0.436
0.348
0.41
0.426
0.939
1.106
0.761
0.952
1.483
0.986
0.708
0.46
0.506
0.936
1.161
1.496
2.131
2.41
2.428
1.635
1.21
1.169
1.085
0.646
0.403
0.324
0.38
0.392
0.966
1.04
0.81
1.019
1.378
1.309
1.043
0.629
0.51
0.898
1.162
1.819
2.369
2.622
2.468
1.664
1.244
1.099
1.14
0.645
0.37
0.299
0.361
0.362
0.88
1.058
0.923
0.997
1.385
1.335
1.209
1.125
0.867
1.395
1.64
2.052
2.654
2.812
2.673
1.771
1.218
1.134
1.063
0.601
0.341
0.275
0.332
0.333
0.814
1.149
0.904
1.01
1.321
1.47
1.216
1.061
0.881
1.331
1.523
1.92
2.456
2.653
2.733
2.083
1.26
1.196
1.083
0.553
0.322
0.257
0.306
0.526
0.914
1.186
0.979
1.011
1.25
1.385
1.473
1.37
1.361
1.406
1.455
2.117
2.485
2.5
2.632
2.167
1.21
1.239
1.105
0.602
0.405
0.353
0.379
0.578
0.945
1.269
1.004
1.008
1.236
1.319
1.376
1.86
1.64
1.722
1.746
2.379
2.724
2.729
2.852
2.276
1.204
1.168
1.199
0.687
0.494
0.429
0.481
0.639
1.02
1.309
1.234
1.12
1.32
1.464
1.49
1.856
1.652
1.742
1.766
2.339
2.629
2.629
2.742
2.223
1.256
1.226
1.256
0.811
0.624
0.582
0.64
0.774
1.093
1.352
1.28
1.179
1.377
1.498
1.513
1.846
1.657
1.756
1.793
2.306
2.537
2.565
2.661
2.194
1.325
1.296
1.328
0.93
0.761
0.74
0.809
0.918
1.176
1.411
1.339
1.246
1.421
1.54
1.551
1.85
1.678
1.775
1.842
2.291
2.476
2.505
2.586
2.164
1.386
1.372
1.393
1.035
0.887
0.89
0.977
1.051
1.257
1.468
1.402
1.316
1.448
1.412
1.423
1.697
1.564
1.643
1.718
2.13
2.271
2.325
2.365
1.986
1.3
1.28
1.289
0.963
0.842
0.84
0.974
1.008
1.161
1.361
1.29
1.215
1.321
1.28
1.29
1.533
1.417
1.497
1.588
1.954
2.055
2.098
2.134
1.801
1.182
1.164
1.171
0.877
0.764
0.769
0.916
0.946
1.055
1.235
1.171
1.114
1.208
1.174
1.544
1.603
1.43
1.437
1.544
2.009
1.924
1.989
2.01
1.932
1.245
1.132
1.085
0.812
0.712
0.715
0.846
0.874
0.972
1.157
1.24
1.212
1.229
1.315
1.557
1.533
1.346
1.389
1.475
1.887
1.927
1.913
1.933
1.822
1.192
1.117
1.091
0.831
0.663
0.666
0.785
0.799
0.889
1.204
1.184
1.128
1.146
1.246
1.493
1.395
1.224
1.282
1.377
1.767
1.855
1.877
1.844
1.747
