0.0
0.0
0.0
0.0
0.0
0.0
0.0
0.0
0.0
0.0
0.0
0.0
0.0
0.0
0.0
0.0
0.0
0.0
0.0
0.0
0.0
0.0
0.0
0.0
0.0
0.0
0.0
0.0
0.0
0.0
0.0
0.0
0.0
0.0
0.0
0.0
0.0
0.0
0.0
0.0
0.0
0.0
0.0
0.0
0.0
0.0
0.0
0.0
0.0
0.0
0.0
0.0
0.0
0.0
0.0
0.0
0.0
0.0
0.0
0.0
0.0
0.0
0.0
0.0
0.0
0.0
0.0
0.0
0.0
0.0
0.0
0.0
0.0
0.0
0.0
0.0
0.0
0.0
0.0
0.0
0.0
0.0
0.0
0.0
0.0
0.0
0.0
0.0
0.0
0.0
0.0
0.0
0.0
0.0
0.0
0.0
0.0
0.0
0.0
0.0
0.0
0.0
0.0
0.0
0.0
0.0
0.0
0.0
0.0
0.0
0.0
0.0
0.0
0.0
0.0
0.0
0.0
0.0
0.0
0.0
0.0
0.0
0.0
0.0
0.0
0.0
0.0
0.0
0.0
0.0
0.0
0.0
0.0
0.0
0.0
0.0
0.0
0.0
0.0
0.0
0.0
0.0
0.0
0.0
0.0
0.0
0.0
0.0
0.0
0.0
0.0
0.0
0.0
0.0
0.0
0.0
0.0
0.0
0.0
0.0
0.0
0.0
0.0
0.0
0.0
0.0
0.0
0.0
0.0
0.0
0.0
0.0
0.0
0.0
0.0
0.0
0.0
0.0
0.0
0.0
0.0
0.0
0.0
0.0
0.0
0.0
0.0
0.0
0.0
0.0
0.0
0.0
0.0
0.0
0.0
0.0
0.0
0.0
0.0
0.0
0.0
0.0
0.0
0.0
0.0
0.0
0.0
0.0
0.0
0.0
0.0
0.0
0.0
0.0
0.0
0.0
0.0
0.0
0.0
0.0
0.0
0.0
0.0
0.0
0.0
0.0
0.0
0.0
0.0
0.0
0.0
0.0
0.0
0.0
0.0
0.0
0.0
0.0
0.0
0.0
0.0
0.0
0.0
0.0
0.0
0.0
0.0
0.0
0.0
0.0
0.0
0.0
0.0
0.0
0.0
0.0
0.0
0.0
0.0
0.0
0.0
0.0
0.0
0.0
0.0
0.0
0.0
0.0
0.0
0.0
0.0
0.0
0.0
0.0
0.0
0.0
0.0
0.0
0.0
0.0
0.0
0.0
0.0
0.0
0.0
0.0
0.0
0.0
0.0
0.0
0.0
0.0
0.0
0.0
0.0
0.0
0.0
0.0
0.0
0.0
0.0
0.0
0.0
0.0
0.0
0.0
0.0
0.0
0.0
0.0
0.0
0.0
0.0
0.0
0.0
0.0
0.0
0.0
0.0
0.0
0.0
0.0
0.0
0.0
0.0
0.0
0.0
0.0
0.0
0.0
0.0
0.0
0.0
0.0
0.0
0.0
0.0
0.0
0.0
0.0
0.0
0.0
0.0
0.0
0.0
0.0
0.0
0.0
0.0
0.0
0.0
0.0
0.0
0.0
0.0
0.0
0.0
0.0
0.0
0.0
0.0
0.0
0.0
0.0
0.0
0.0
0.0
0.0
0.0
0.0
0.0
0.0
0.0
0.0
0.0
0.0
0.0
0.0
0.0
0.0
0.0
0.0
0.0
0.0
0.0
0.0
0.0
0.0
0.0
0.0
0.0
0.0
0.0
0.0
0.0
0.0
0.0
0.0
0.0
0.0
0.0
0.0
0.0
0.0
0.0
0.0
0.0
0.0
0.0
0.0
0.0
0.0
0.0
0.0
0.0
0.0
0.0
0.0
0.0
0.0
0.0
0.0
0.0
0.0
0.0
0.0
0.0
0.0
0.0
0.0
0.0
0.0
0.0
0.0
0.0
0.0
0.0
0.0
0.0
0.0
0.0
0.0
0.0
0.0
0.0
0.0
0.0
0.0
0.0
0.0
0.0
0.0
0.0
0.0
0.0
0.0
0.0
0.0
0.0
0.0
0.0
0.0
0.0
0.0
0.0
0.0
0.0
0.0
0.0
0.0
0.0
0.0
0.0
0.0
0.0
0.0
0.0
0.0
0.0
0.0
0.0
0.0
0.0
0.0
0.0
0.0
0.0
0.0
0.0
0.0
0.0
0.0
0.0
0.0
0.0
0.0
0.0
0.0
0.0
0.0
0.0
0.0
0.0
0.0
0.0
0.133
0.14
0.146
0.14
0.135
0.139
0.137
0.163
0.534
0.609
1.063
0.824
0.716
0.486
0.505
1.297
0.904
1.014
0.782
0.455
0.421
0.476
0.181
0.122
0.133
0.142
0.146
0.133
0.121
0.134
0.149
0.155
0.492
0.575
0.721
0.801
0.741
0.481
0.519
1.289
1.19
1.014
0.782
0.425
0.433
0.482
0.176
0.13
0.138
0.142
0.149
0.133
0.119
0.134
0.155
0.154
0.834
0.564
0.767
0.879
0.715
0.481
0.687
0.894
1.199
0.942
0.732
0.366
0.444
0.489
0.167
0.142
0.147
0.149
0.149
0.128
0.123
0.141
0.162
0.154
0.493
0.601
1.327
0.879
0.782
0.543
0.772
0.951
1.199
0.881
1.034
0.357
0.479
0.483
0.161
0.215
0.144
0.145
0.148
0.143
0.124
2.254
0.745
0.14
0.409
0.278
0.516
0.801
0.899
0.418
1.366
1.398
0.826
0.975
0.924
0.458
0.512
0.402
0.169
0.187
0.132
0.143
0.149
0.139
0.122
2.011
0.992
0.14
0.147
0.203
0.44
0.597
0.896
0.897
1.544
1.285
1.036
1.053
1.484
0.445
0.519
0.397
0.167
0.132
0.145
0.146
0.147
0.128
0.117
0.8
0.339
0.154
0.439
0.483
1.327
0.94
0.631
0.443
0.49
1.359
1.04
0.81
1.147
0.357
0.47
0.477
0.166
0.132
0.141
0.146
0.146
0.128
0.118
0.73
0.316
0.159
0.44
0.492
1.339
0.9
0.672
0.453
0.511
1.53
0.999
0.803
1.074
0.337
0.466
0.479
0.179
0.14
0.14
0.142
0.142
0.129
0.12
0.672
0.298
0.158
0.446
0.5
1.28
1.042
0.8
0.488
0.57
1.595
0.951
0.774
1.051
0.355
0.473
0.479
0.177
0.146
0.14
0.14
0.143
0.13
0.122
0.62
0.282
0.3
0.681
0.612
1.242
1.057
0.821
0.493
0.785
1.46
0.869
0.71
0.959
0.37
0.474
0.486
0.175
0.148
0.141
0.137
0.14
0.129
0.125
0.571
0.265
0.287
0.654
0.6
1.178
1.015
0.832
0.506
0.768
1.392
0.884
0.706
1.016
0.522
0.462
0.496
0.171
0.146
0.14
0.137
0.138
0.127
0.415
0.632
0.253
0.272
0.601
0.552
1.071
0.924
0.763
0.469
0.76
1.302
0.845
0.758
1.117
0.636
0.468
0.487
0.168
0.145
0.142
0.136
0.141
0.13
0.388
0.581
0.24
0.257
0.715
0.596
1.04
0.887
0.734
0.438
0.702
1.214
0.807
0.857
1.078
0.593
0.464
0.494
0.171
0.143
0.142
0.134
0.137
0.127
0.363
0.536
0.231
0.247
0.681
0.576
0.951
0.836
0.727
0.442
0.676
1.161
0.776
0.885
1.047
0.56
0.467
0.492
0.178
0.14
0.138
0.135
0.138
0.128
0.337
0.496
0.222
0.238
0.657
0.531
0.88
0.809
0.734
0.461
0.655
1.116
0.754
0.928
1.021
0.548
0.447
0.49
0.179
0.141
0.14
0.137
0.139
0.13
0.316
0.459
0.213
0.228
0.642
0.531
0.872
0.807
0.734
0.466
0.656
1.06
0.74
0.943
0.968
0.525
0.45
0.478
0.175
0.14
0.138
0.134
0.136
0.128
0.572
0.553
0.204
0.216
0.588
0.489
0.853
0.79
0.735
0.484
0.652
1.037
0.746
0.973
0.996
0.515
0.451
0.477
0.173
0.142
0.14
0.135
0.138
0.127
0.526
0.512
0.199
0.208
0.593
0.501
0.828
0.771
0.735
0.487
0.635
1.022
0.739
0.965
0.977
0.504
0.449
0.466
0.171
0.139
0.136
0.134
0.139
0.126
0.772
0.552
0.193
0.202
0.544
0.459
0.758
0.707
0.674
0.45
0.631
1.024
0.859
1.134
0.984
0.507
0.455
0.435
0.166
0.135
0.133
0.134
0.139
0.126
1.009
0.583
0.188
0.263
0.643
0.43
0.695
0.689
0.622
0.42
0.612
0.971
0.845
1.092
0.937
0.504
0.434
0.406
0.166
0.141
0.136
0.134
0.135
0.125
1.239
0.622
0.178
0.247
0.592
0.586
0.643
0.646
0.579
0.389
0.615
0.952
0.86
1.074
0.923
0.518
0.424
0.38
0.164
0.144
0.137
0.133
0.133
0.124
1.129
0.575
0.178
0.235
0.58
0.591
0.725
0.666
0.576
0.402
0.739
1.121
0.844
1.078
0.9
0.485
0.428
0.375
0.165
0.144
0.137
0.133
0.13
0.121
1.031
0.531
0.171
0.228
0.578
0.597
0.717
0.659
0.757
0.536
0.72
1.104
0.945
1.066
0.852
0.478
0.43
0.369
0.167
0.143
0.134
0.13
0.13
0.121
0.942
0.488
0.163
0.481
0.707
0.588
0.702
0.673
0.838
0.572
0.755
1.057
0.905
1.045
0.806
0.462
0.449
0.394
0.188
0.149
0.13
0.128
0.131
0.123
0.861
0.448
0.158
0.448
0.687
0.583
0.684
0.659
0.841
0.57
0.73
1.017
0.878
1.019
0.792
0.69
0.638
0.42
0.216
0.148
0.127
0.125
0.132
0.124
1.106
0.494
0.152
0.419
0.633
0.598
0.784
0.641
0.915
0.586
0.726
1.212
0.854
1.124
0.936
0.68
0.621
0.391
0.205
0.159
0.146
0.127
0.133
0.123
1.286
0.534
0.15
0.391
0.685
0.609
0.883
0.596
0.837
0.539
0.699
1.22
0.976
1.104
0.895
0.657
0.607
0.375
0.2
0.155
0.144
0.132
0.13
0.121
1.448
0.583
0.147
0.36
0.632
0.562
0.806
0.548
0.763
0.548
0.71
1.187
0.963
1.09
0.866
0.639
0.595
0.371
0.193
0.158
0.146
0.132
0.128
0.121
1.32
0.54
0.142
0.335
0.609
0.673
0.806
0.571
0.78
0.551
0.693
1.394
0.955
1.077
1.071
0.608
0.58
0.366
0.192
0.156
0.141
0.132
0.13
0.122
1.199
0.495
0.143
0.32
0.586
0.658
0.787
0.573
0.784
0.546
0.686
1.573
0.923
1.069
0.993
0.582
0.567
0.375
0.189
0.154
0.14
0.132
0.127
0.119
1.092
0.461
0.14
0.549
0.691
0.651
0.772
0.571
0.794
0.546
0.673
1.484
0.886
1.074
0.961
0.558
0.577
0.409
0.191
0.15
0.138
0.134
0.126
0.117
0.996
0.429
0.138
0.502
0.67
0.633
0.902
0.573
0.825
0.548
0.661
1.398
0.871
1.035
0.931
0.551
0.57
0.399
0.203
0.15
0.137
0.131
0.126
0.12
1.209
0.502
0.14
0.468
0.613
0.584
0.827
0.543
1.017
0.655
0.829
1.418
0.911
1.027
0.93
0.555
0.561
0.392
0.209
0.149
0.135
0.129
0.125
0.123
1.098
0.775
0.246
0.431
0.561
0.54
0.758
0.497
1.053
0.772
0.807
1.431
0.881
0.994
0.882
0.552
0.55
0.389
0.205
0.143
0.135
0.129
0.123
0.12
1.002
1.021
0.32
0.4
0.519
0.5
0.69
0.462
0.963
0.744
0.796
1.361
0.883
0.987
0.86
0.528
0.549
0.392
0.202
0.145
0.131
0.125
0.126
0.122
0.911
0.93
0.302
0.631
0.552
0.501
0.691
0.496
0.928
0.715
0.78
1.291
0.878
0.958
0.804
0.517
0.543
0.396
0.206
0.155
0.136
0.127
0.128
0.119
0.83
1.198
0.36
0.583
0.509
0.464
0.636
0.455
0.849
0.659
0.714
1.385
0.845
0.954
0.794
0.494
0.534
0.4
0.211
0.154
0.131
0.126
0.131
0.117
0.755
1.092
0.338
0.534
0.51
0.472
0.632
0.461
0.847
0.62
0.656
1.26
0.809
0.949
0.775
0.469
0.539
0.387
0.202
0.149
0.131
0.128
0.129
0.114
0.694
0.998
0.312
0.518
0.478
0.459
0.722
0.467
0.866
0.605
0.64
1.201
0.786
0.911
0.762
0.635
0.658
0.389
0.198
0.147
0.128
0.128
0.13
0.118
0.634
1.225
0.382
0.483
0.438
0.553
0.826
0.5
0.792
0.555
0.589
1.401
0.772
0.896
0.777
0.712
0.683
0.405
0.23
0.153
0.129
0.131
0.129
0.116
0.582
1.305
0.557
0.582
0.515
0.574
0.885
0.521
1.013
0.734
0.644
1.589
0.807
0.92
0.781
0.687
0.957
0.416
0.223
0.156
0.128
0.13
0.129
0.119
0.543
1.186
0.513
0.541
0.502
0.687
0.848
0.521
1.023
0.987
0.66
1.516
0.793
1.092
1.004
0.685
0.913
0.417
0.213
0.152
0.127
0.129
0.131
0.12
0.502
1.082
0.474
0.498
0.506
0.671
0.962
0.528
1.004
0.942
0.657
1.53
0.87
1.091
0.992
0.67
0.861
0.421
0.233
0.152
0.127
0.13
0.128
0.119
0.466
0.989
0.437
0.46
0.507
0.658
0.94
0.527
0.985
0.906
0.645
1.625
0.865
1.067
0.952
0.628
0.817
0.426
0.229
0.149
0.129
0.131
0.126
0.117
0.433
0.904
0.404
0.578
0.707
0.647
0.929
0.557
0.985
0.866
0.631
1.532
0.83
1.029
0.926
0.609
0.849
0.437
0.219
0.15
0.132
0.127
0.125
0.122
0.406
0.825
0.381
0.536
0.682
0.642
0.922
0.58
0.992
0.835
0.621
1.449
0.821
1.024
1.035
0.718
0.818
0.438
0.21
0.144
0.13
0.13
0.125
0.118
0.706
0.828
0.354
0.492
0.63
0.591
0.839
0.691
0.93
0.778
0.613
1.542
1.012
1.007
0.976
0.691
0.787
0.41
0.2
0.145
0.133
0.126
0.122
0.121
0.927
0.832
0.331
0.457
0.582
0.542
0.77
0.634
0.847
0.713
0.62
1.572
0.986
1.002
0.954
0.68
0.764
0.413
0.216
0.181
0.147
0.121
0.128
0.12
0.843
1.049
0.416
0.419
0.536
0.505
0.702
0.687
0.881
0.787
0.7
1.489
0.973
1.125
0.909
0.656
0.75
0.422
0.213
0.175
0.147
0.127
0.127
0.121
0.775
0.958
0.383
0.391
0.532
0.501
0.704
0.677
0.888
0.754
0.697
1.532
1.019
1.107
0.882
0.647
0.723
0.43
0.231
0.17
0.141
0.129
0.131
0.121
0.71
0.879
0.357
0.366
0.527
0.521
0.686
0.664
0.883
0.732
0.671
1.599
1.027
1.072
0.835
0.611
0.7
0.434
0.224
0.168
0.141
0.125
0.128
0.123
0.653
0.799
0.336
0.496
0.735
0.539
0.717
0.682
0.9
0.736
0.667
1.493
0.993
1.057
0.883
0.803
0.683
0.439
0.214
0.168
0.143
0.123
0.125
0.126
0.601
0.727
0.314
0.46
0.701
0.592
0.728
0.694
0.897
0.711
0.652
1.416
0.955
1.038
0.869
0.774
0.661
0.432
0.211
0.165
0.138
0.123
0.127
0.126
0.858
0.765
0.297
0.421
0.65
0.72
0.664
0.638
0.821
0.649
0.699
1.543
0.915
1.037
0.874
0.744
0.652
0.443
0.264
0.184
0.136
0.125
0.129
0.123
1.075
0.784
0.283
0.512
0.734
0.671
0.626
0.613
1.024
0.679
0.841
1.452
0.889
1.031
0.857
0.715
0.632
0.444
0.253
0.178
0.133
0.128
0.129
0.119
1.238
0.805
0.343
0.469
0.675
0.619
0.572
0.568
0.935
0.65
0.768
1.368
0.851
1.01
0.889
0.767
0.618
0.444
0.246
0.176
0.129
0.125
0.13
0.123
1.123
0.734
0.324
0.435
0.654
0.61
0.6
0.589
0.935
0.634
0.743
1.459
1.038
0.997
1.034
0.789
0.6
0.455
0.253
0.173
0.126
0.127
0.132
0.12
1.021
0.676
0.302
0.401
0.647
0.605
0.617
0.613
0.941
0.621
0.732
1.583
1.055
1.006
0.986
0.726
0.59
0.458
0.253
0.172
0.132
0.125
0.131
0.126
0.93
0.623
0.29
0.614
0.731
0.603
0.637
0.629
0.968
0.609
0.714
1.501
1.022
0.968
0.936
0.689
0.587
0.473
0.261
0.176
0.133
0.129
0.126
0.124
0.852
0.571
0.269
0.57
0.703
0.611
0.655
0.643
0.971
0.597
0.713
1.407
0.981
0.972
0.941
0.693
0.591
0.465
0.242
0.176
0.133
0.126
0.129
0.122
0.777
0.845
0.344
0.523
0.769
0.566
0.795
0.596
0.893
0.556
0.651
1.544
1.009
0.97
1.151
0.695
0.567
0.427
0.234
0.176
0.127
0.125
0.132
0.116
0.955
0.885
0.315
0.488
0.705
0.677
0.792
0.726
0.92
0.511
0.75
1.608
1.063
0.997
1.165
0.669
0.559
0.407
0.223
0.178
0.128
0.12
0.143
0.126
1.106
0.841
0.293
0.449
0.661
0.653
0.721
0.789
1.063
0.75
0.769
1.52
1.099
1.013
1.135
0.638
0.554
0.409
0.209
0.174
0.13
0.116
0.138
0.127
1.009
0.765
0.279
0.415
0.639
0.64
0.844
0.87
1.055
0.731
0.771
1.597
1.054
0.994
1.063
0.594
0.542
0.418
0.217
0.173
0.134
0.12
0.133
0.13
0.924
0.697
0.266
0.388
0.614
0.606
0.82
0.834
1.046
0.81
0.78
1.636
1.035
0.998
1.0
0.579
0.528
0.43
0.226
0.166
0.135
0.117
0.131
0.133
0.837
0.643
0.251
0.555
0.763
0.587
0.823
0.803
1.043
0.753
0.713
1.492
0.978
0.986
0.969
0.536
0.539
0.435
0.217
0.164
0.131
0.124
0.125
0.133
0.764
0.588
0.24
0.508
0.745
0.585
0.92
0.787
1.109
0.826
0.732
1.404
0.944
0.989
1.114
0.691
0.549
0.425
0.208
0.156
0.134
0.119
0.127
0.131
0.697
0.776
0.335
0.477
0.677
0.541
0.864
0.75
1.043
0.797
0.675
1.319
0.908
0.973
1.061
0.74
0.635
0.489
0.244
0.18
0.135
0.121
0.121
0.134
0.793
0.787
0.317
0.505
0.765
0.596
0.898
0.768
1.098
0.922
0.999
1.293
0.907
0.963
1.007
0.714
0.612
0.482
0.233
0.177
0.13
0.125
0.122
0.127
0.729
0.998
0.409
0.471
0.699
0.554
0.823
0.701
0.998
0.847
0.917
1.221
0.871
0.965
0.961
0.686
0.614
0.468
0.23
0.172
0.129
0.13
0.116
0.132
0.669
0.91
0.385
0.458
0.674
0.653
0.827
0.737
0.985
0.82
0.892
1.397
0.96
0.949
1.145
0.699
0.593
0.47
0.223
0.169
0.133
0.128
0.119
0.134
0.613
0.836
0.36
0.423
0.671
0.625
0.791
0.721
0.956
0.795
0.867
1.444
1.034
0.939
1.289
0.667
0.584
0.493
0.225
0.167
0.128
0.131
0.117
0.13
0.568
0.757
0.341
0.68
0.743
0.581
0.722
0.71
0.939
0.766
0.847
1.57
1.047
1.023
1.339
0.635
0.572
0.493
0.218
0.165
0.127
0.125
0.123
0.125
0.522
0.697
0.312
0.63
0.715
0.546
0.669
0.651
0.915
0.746
0.826
1.465
1.015
1.111
1.279
0.622
0.566
0.478
0.208
0.156
0.13
0.12
0.123
0.125
0.479
0.941
0.404
0.585
0.657
0.536
0.62
0.591
0.839
0.882
0.768
1.377
1.023
1.094
1.212
0.636
0.557
0.439
0.22
0.147
0.134
0.116
0.123
0.125
0.441
1.061
0.486
0.612
0.69
0.572
0.569
0.584
0.769
0.801
0.707
1.427
1.011
1.099
1.168
0.64
0.54
0.408
0.216
0.141
0.139
0.109
0.13
0.117
0.416
1.266
0.542
0.558
0.634
0.535
0.523
0.542
0.699
0.762
0.683
1.35
1.012
1.077
1.118
0.654
0.51
0.38
0.21
0.134
0.14
0.109
0.128
0.12
0.382
1.156
0.493
0.551
0.588
0.524
0.54
0.537
0.719
0.764
0.708
1.276
0.998
1.087
1.115
0.714
0.588
0.381
0.208
0.13
0.143
0.112
0.125
0.125
0.353
1.055
0.458
0.517
0.584
0.674
0.681
0.541
0.725
0.745
0.699
1.372
1.061
1.056
1.05
0.667
0.575
0.397
0.217
0.129
0.14
0.114
0.117
0.129
0.326
0.964
0.425
0.733
0.706
0.648
0.676
0.536
0.747
0.717
0.678
1.302
1.016
1.108
1.062
0.66
0.583
0.434
0.215
0.13
0.141
0.11
0.118
0.13
0.301
0.881
0.393
0.671
0.693
0.623
0.865
0.646
0.79
0.699
0.66
1.246
0.978
1.108
1.068
0.651
0.572
0.431
0.204
0.126
0.141
0.109
0.116
0.132
0.276
0.809
0.624
0.707
0.632
0.668
0.844
0.852
0.729
0.634
0.615
1.306
1.014
1.111
1.051
0.951
0.743
0.423
0.222
0.127
0.149
0.119
0.135
0.137
0.43
0.829
0.571
0.657
0.702
0.624
0.94
0.786
0.676
0.708
0.607
1.219
1.202
1.124
1.044
1.117
0.776
0.466
0.269
0.213
0.203
0.116
0.132
0.139
0.626
0.806
0.523
0.603
0.651
0.57
0.862
0.732
0.905
0.708
0.619
1.27
1.096
1.019
0.956
1.015
0.71
0.439
0.339
0.294
0.216
0.124
0.128
0.145
0.57
0.741
0.484
0.553
0.602
0.694
1.298
0.793
1.015
0.8
0.767
1.257
1.06
1.024
1.095
1.036
0.696
0.443
0.338
0.274
0.213
0.125
0.124
0.146
0.519
0.682
0.446
0.509
0.555
0.657
1.218
0.785
0.969
0.821
0.745
1.192
1.257
1.153
1.202
1.26
0.656
0.444
0.346
0.275
0.206
0.124
0.127
0.141
0.486
0.628
0.411
0.476
0.668
0.891
1.159
0.762
0.945
0.784
0.724
1.119
1.184
1.291
1.214
1.299
0.674
0.709
0.418
0.262
0.214
0.126
0.126
0.145
0.445
0.583
0.383
0.438
0.632
0.97
1.209
0.76
0.901
0.786
0.705
1.124
1.345
1.28
1.169
1.21
0.657
0.681
0.413
0.258
0.203
0.124
0.129
0.138
0.409
0.541
0.608
0.582
0.587
0.882
1.102
0.696
0.82
0.769
0.682
1.029
1.239
1.238
1.153
1.162
0.775
0.688
0.414
0.28
0.226
0.119
0.129
0.138
0.373
0.805
0.637
0.726
0.706
0.806
1.064
0.67
1.312
1.125
0.914
1.046
1.413
1.207
1.13
1.083
0.746
0.665
0.384
0.267
0.209
0.125
0.124
0.137
0.349
1.061
0.66
0.659
0.656
0.741
0.967
0.617
1.19
1.026
0.835
1.031
1.347
1.223
1.139
1.028
0.729
0.646
0.352
0.257
0.197
0.124
0.125
0.13
0.329
0.96
0.61
0.601
0.605
0.712
1.096
0.61
1.123
1.025
0.801
1.019
1.294
1.255
1.134
1.001
0.695
0.629
0.353
0.25
0.182
0.127
0.122
0.13
0.306
0.874
0.562
0.549
0.556
0.704
1.029
0.609
1.068
1.216
0.949
0.976
1.229
1.242
1.141
1.007
0.675
0.615
0.369
0.233
0.182
0.126
0.122
0.132
0.287
0.801
0.515
0.511
0.652
0.778
1.01
0.623
1.02
1.234
0.903
0.93
1.172
1.233
1.162
1.028
0.951
0.611
0.375
0.225
0.174
0.129
0.115
0.136
0.263
0.739
0.468
0.684
0.638
0.722
0.917
0.573
0.938
1.12
0.825
0.876
1.086
1.191
1.201
1.051
0.872
0.569
0.345
0.216
0.168
0.127
0.118
0.13
0.251
0.671
0.612
0.683
0.591
0.654
0.845
0.52
0.862
1.056
0.767
0.794
1.083
1.172
1.207
0.999
0.81
0.526
0.322
0.209
0.162
0.128
0.114
0.132
0.232
0.621
0.592
0.886
0.541
0.604
0.764
0.482
0.788
0.968
0.699
0.732
1.089
1.129
1.21
0.96
0.744
0.48
0.302
0.198
0.161
0.125
0.114
0.131
0.221
0.752
0.555
0.809
0.498
0.555
0.752
0.444
0.72
0.881
0.641
0.714
1.059
1.136
1.19
0.975
0.698
0.462
0.294
0.199
0.156
0.121
0.122
0.124
0.212
0.689
0.516
0.736
0.466
0.539
0.738
0.455
0.706
0.875
0.634
0.694
1.039
1.191
1.23
0.997
0.69
0.475
0.293
0.192
0.159
0.118
0.126
0.119
0.204
0.629
0.478
0.671
0.433
0.524
0.727
0.462
0.877
0.864
0.722
0.693
0.995
1.165
1.298
1.213
0.674
0.469
0.279
0.191
0.147
0.123
0.119
0.123
0.191
0.583
0.436
0.756
0.524
0.547
0.661
0.431
0.799
0.794
0.655
0.643
0.901
1.102
1.298
1.201
0.688
0.451
0.285
0.192
0.164
0.119
0.125
0.12
0.188
0.535
0.408
0.692
0.484
0.529
0.648
0.446
0.772
0.812
0.642
0.634
0.876
1.132
1.263
1.179
0.675
0.444
0.28
0.185
0.157
0.118
0.124
0.118
0.181
0.493
0.465
0.771
0.447
0.528
0.602
0.447
0.825
0.779
0.589
0.589
1.073
1.131
1.275
1.167
0.707
0.494
0.345
0.254
0.187
0.127
0.125
0.113
0.179
0.449
0.582
0.816
0.508
0.597
0.558
0.416
0.769
0.907
0.941
0.538
1.175
1.109
1.321
1.377
0.687
0.473
0.322
0.241
0.18
0.126
0.123
0.114
0.171
0.592
0.568
0.746
0.468
0.549
0.513
0.387
0.702
0.837
0.853
0.634
1.139
1.126
1.282
1.314
0.677
0.446
0.322
0.232
0.18
0.126
0.123
0.119
0.162
0.552
0.516
0.689
0.428
0.553
0.517
0.629
0.867
0.835
0.815
0.757
1.167
1.143
1.369
1.237
0.672
0.451
0.31
0.213
0.18
0.117
0.129
0.111
0.164
0.501
0.483
0.624
0.406
0.55
0.533
0.642
0.949
0.927
0.968
0.74
1.13
1.105
1.313
1.215
0.651
0.45
0.312
0.202
0.181
0.113
0.134
0.107
0.165
0.459
0.45
0.571
0.469
0.831
0.54
0.645
0.911
0.904
0.957
0.71
1.172
1.156
1.32
1.174
0.624
0.727
0.356
0.2
0.172
0.118
0.126
0.113
0.152
0.431
0.409
0.53
0.428
0.803
0.526
0.648
0.871
0.927
0.941
0.705
1.381
1.17
1.275
1.117
0.62
0.703
0.33
0.196
0.169
0.114
0.13
0.107
0.153
0.526
0.454
0.487
0.396
0.736
0.482
0.693
0.803
0.849
0.858
0.709
1.341
1.156
1.26
1.058
0.6
0.681
0.337
0.194
0.159
0.121
0.122
0.112
0.144
0.488
0.416
0.45
0.396
0.712
0.481
0.677
0.799
0.843
0.862
0.695
1.425
1.263
1.214
1.034
0.621
0.683
0.365
0.24
0.2
0.14
0.132
0.116
0.146
0.457
0.385
0.423
0.368
0.654
0.701
0.838
0.801
0.902
0.997
0.764
1.607
1.822
1.569
1.243
0.814
0.717
0.465
0.278
0.256
0.142
0.134
0.118
0.141
0.427
0.353
0.551
0.356
0.954
0.752
0.841
0.771
0.876
0.962
0.743
1.544
1.799
1.639
1.245
0.984
0.801
0.463
0.323
0.253
0.149
0.14
0.116
0.147
0.397
0.333
0.514
0.33
0.911
0.744
0.85
0.743
0.898
0.923
0.719
1.481
1.9
1.559
1.286
0.936
0.775
0.456
0.306
0.243
0.143
0.141
0.11
0.149
0.362
0.316
0.47
0.377
1.182
0.724
0.961
0.734
0.873
1.051
0.825
1.461
1.798
1.561
1.233
0.886
0.751
0.449
0.298
0.223
0.147
0.131
0.117
0.138
0.343
0.288
0.44
0.345
1.1
0.747
1.009
0.749
0.86
1.018
0.802
1.408
1.873
1.534
1.344
0.981
0.712
0.422
0.278
0.215
0.139
0.132
0.113
0.139
0.428
0.368
0.405
0.324
0.997
0.688
0.912
0.693
0.799
0.933
0.747
1.37
1.818
1.528
1.311
1.002
0.757
0.437
0.31
0.249
0.189
0.124
0.119
0.129
0.485
0.409
0.384
0.43
1.035
0.626
0.869
1.11
1.081
0.848
0.741
1.519
1.772
1.477
1.241
0.93
0.687
0.412
0.285
0.246
0.174
0.129
0.118
0.125
0.446
0.532
0.499
0.397
0.946
0.568
0.801
1.003
1.154
0.881
0.683
1.406
1.701
1.445
1.221
0.904
0.725
0.378
0.27
0.232
0.165
0.136
0.11
0.124
0.405
0.499
0.455
0.369
0.9
0.557
0.831
0.982
1.118
0.856
0.666
1.334
1.901
1.426
1.167
0.856
0.695
0.386
0.269
0.218
0.166
0.126
0.116
0.119
0.375
0.462
0.413
0.352
0.845
0.554
0.799
0.935
1.132
0.93
0.822
1.423
1.804
1.393
1.154
0.806
0.684
0.385
0.26
0.206
0.166
0.12
0.12
0.116
0.355
0.421
0.386
0.327
0.805
0.597
0.893
1.088
1.271
1.011
0.977
1.485
1.714
1.354
1.113
0.786
0.673
0.375
0.257
0.205
0.156
0.125
0.112
0.122
0.324
0.397
0.356
0.347
0.731
0.587
1.066
1.002
1.161
0.915
0.897
1.643
1.674
1.326
1.337
0.752
0.654
0.346
0.25
0.192
0.153
0.122
0.111
0.123
0.298
0.461
0.461
0.329
0.678
0.546
0.963
0.936
1.05
0.886
0.834
1.742
1.617
1.294
1.253
0.725
0.607
0.331
0.24
0.196
0.146
0.13
0.109
0.13
0.279
0.566
0.531
0.311
0.622
0.51
0.876
0.866
1.023
0.819
0.863
1.631
1.551
1.299
1.227
0.692
0.589
0.307
0.229
0.19
0.143
0.13
0.108
0.129
0.26
0.633
0.577
0.296
0.565
0.477
0.792
0.799
0.978
0.793
0.832
1.567
1.489
1.265
1.165
0.677
0.576
0.297
0.217
0.182
0.14
0.125
0.111
0.127
0.244
0.58
0.53
0.27
0.57
0.473
0.811
1.091
1.097
0.799
0.891
1.495
1.433
1.253
1.15
0.666
0.58
0.31
0.225
0.175
0.143
0.119
0.116
0.12
0.233
0.531
0.488
0.256
0.55
0.478
0.795
1.07
1.062
0.979
0.964
1.403
1.352
1.227
1.128
0.667
0.56
0.31
0.223
0.165
0.147
0.113
0.124
0.114
0.23
0.483
0.458
0.358
0.664
0.476
0.852
1.05
0.978
0.889
0.889
1.271
1.328
1.224
1.127
0.661
0.571
0.342
0.252
0.152
0.15
0.106
0.13
0.107
0.225
0.441
0.426
0.331
0.646
0.483
0.897
1.023
0.937
0.874
0.857
1.221
1.522
1.193
1.087
0.643
0.554
0.344
0.231
0.155
0.14
0.111
0.123
0.11
0.211
0.408
0.555
0.413
0.594
0.546
0.823
0.926
0.853
0.801
0.783
1.217
1.577
1.222
1.161
0.978
0.599
0.385
0.279
0.23
0.184
0.11
0.126
0.106
0.206
0.46
0.627
0.51
0.559
0.496
0.752
0.878
1.008
0.852
0.725
1.163
1.633
1.21
1.134
0.945
0.592
0.421
0.303
0.267
0.172
0.117
0.117
0.114
0.189
0.432
0.656
0.577
0.508
0.463
0.82
0.926
0.93
0.78
0.67
1.062
1.601
1.234
1.087
0.913
0.586
0.421
0.283
0.259
0.159
0.118
0.114
0.12
0.175
0.408
0.595
0.529
0.489
0.468
0.819
0.889
0.928
0.851
0.823
1.033
1.523
1.203
1.148
1.162
0.589
0.443
0.263
0.252
0.147
0.122
0.109
0.121
0.167
0.377
0.54
0.494
0.551
0.534
0.819
0.889
0.935
0.814
0.798
1.114
1.464
1.228
1.158
1.137
0.586
0.468
0.258
0.247
0.138
0.131
0.104
0.127
0.163
0.344
0.505
0.448
0.77
0.676
0.852
0.86
0.928
0.795
0.767
1.084
1.395
1.203
1.161
1.101
0.598
0.48
0.26
0.227
0.139
0.125
0.105
0.126
0.153
0.326
0.459
0.424
0.725
0.661
0.837
0.818
0.997
1.011
0.887
1.073
1.349
1.235
1.109
1.054
0.577
0.481
0.264
0.211
0.142
0.117
0.11
0.122
0.146
0.312
0.417
0.39
0.657
0.666
0.844
0.848
0.993
0.955
0.863
1.024
1.453
1.231
1.321
1.047
0.559
0.467
0.253
0.211
0.136
0.115
0.106
0.123
0.15
0.285
0.552
0.395
0.606
0.665
0.764
0.985
0.898
0.986
0.83
0.994
1.448
1.238
1.264
1.023
0.633
0.511
0.247
0.194
0.139
0.116
0.104
0.126
0.139
0.332
0.651
0.366
0.549
0.617
0.699
1.003
0.851
0.912
0.917
0.976
1.623
1.273
1.253
1.001
0.628
0.488
0.231
0.185
0.133
0.116
0.104
0.12
0.192
0.381
0.6
0.341
0.498
0.642
0.746
0.964
0.868
0.864
0.888
0.984
1.57
1.275
1.42
0.986
0.665
0.465
0.216
0.177
0.131
0.112
0.11
0.112
0.19
0.351
0.548
0.323
0.452
0.648
0.772
0.913
0.858
0.85
0.851
0.962
1.498
1.298
1.39
0.988
0.66
0.515
0.222
0.171
0.135
0.106
0.118
0.113
0.182
0.334
0.499
0.307
0.654
0.645
0.792
0.892
0.978
0.894
0.918
1.025
1.44
1.686
1.876
1.214
0.89
0.737
0.237
0.182
0.126
0.109
0.119
0.106
0.183
0.311
0.454
0.327
0.595
0.672
0.735
0.836
0.99
0.948
0.899
1.034
1.53
1.778
1.9
1.26
0.856
0.804
0.345
0.229
0.16
0.12
0.127
0.101
0.179
0.297
0.413
0.305
0.57
0.681
0.712
0.86
1.021
0.969
0.908
1.065
1.548
1.977
1.992
1.288
1.005
0.817
0.359
0.291
0.198
0.152
0.121
0.107
0.169
0.282
0.385
0.287
0.525
0.676
0.734
1.216
1.626
1.052
0.916
1.15
1.585
2.445
2.275
1.266
0.979
0.847
0.355
0.272
0.191
0.144
0.131
0.105
0.172
0.262
0.53
0.4
0.478
0.743
0.812
1.141
1.68
1.54
0.888
1.092
1.559
2.379
2.202
1.294
1.095
0.866
0.384
0.315
0.23
0.147
0.135
0.102
0.17
0.244
0.49
0.369
0.441
0.711
0.84
1.345
2.004
1.445
0.857
1.053
1.551
2.4
2.163
1.268
1.1
0.86
0.423
0.354
0.283
0.199
0.154
0.105
0.171
0.239
0.462
0.354
0.418
0.704
0.851
1.296
1.986
1.453
0.88
1.038
1.563
2.316
2.301
1.395
1.106
0.848
0.458
0.342
0.278
0.186
0.158
0.101
0.173
0.224
0.432
0.33
0.545
0.738
0.822
1.254
2.167
1.678
0.853
1.008
1.52
2.238
2.294
1.379
1.066
0.84
0.421
0.321
0.262
0.175
0.16
0.099
0.17
0.208
0.41
0.303
0.503
0.714
0.825
1.199
2.037
1.806
0.928
1.007
1.473
2.173
2.396
1.509
1.076
0.861
0.427
0.342
0.265
0.171
0.155
0.098
0.169
0.191
0.484
0.395
0.458
0.7
0.869
1.083
2.012
1.749
0.94
1.025
1.468
2.134
2.318
1.526
1.055
0.889
0.455
0.37
0.293
0.175
0.151
0.095
0.172
0.183
0.545
0.476
0.424
0.636
0.795
1.049
1.836
1.662
0.935
0.961
1.462
2.108
2.26
1.503
1.088
0.894
0.441
0.347
0.275
0.171
0.156
0.091
0.166
0.17
0.606
0.52
0.387
0.589
0.754
1.124
1.987
2.058
0.954
0.889
1.418
2.058
2.193
1.518
1.128
0.929
0.46
0.321
0.265
0.163
0.149
0.101
0.157
0.169
0.555
0.473
0.357
0.581
0.757
1.11
1.862
1.941
0.904
0.885
1.4
1.999
2.092
1.416
1.068
0.9
0.472
0.294
0.251
0.15
0.153
0.097
0.153
0.166
0.504
0.444
0.337
0.538
0.722
1.05
1.797
1.798
0.895
0.862
1.381
1.928
1.981
1.334
1.006
0.894
0.455
0.289
0.232
0.153
0.143
0.099
0.152
0.154
0.471
0.408
0.431
0.693
0.834
1.033
1.702
1.678
0.855
0.85
1.375
1.839
1.867
1.432
1.13
0.891
0.454
0.286
0.235
0.151
0.139
0.1
0.15
0.154
0.429
0.386
0.402
0.673
0.817
0.977
1.643
1.564
0.838
0.827
1.363
1.78
1.762
1.374
1.076
0.897
0.437
0.286
0.219
0.147
0.129
0.108
0.146
0.143
0.4
0.352
0.376
0.655
0.794
0.942
1.581
1.488
0.805
0.818
1.35
1.728
1.68
1.327
1.038
0.901
0.422
0.292
0.224
0.138
0.133
0.109
0.136
0.137
0.454
0.431
0.351
0.721
0.954
0.914
1.435
1.428
0.731
0.742
1.283
1.727
1.612
1.245
0.988
0.884
0.409
0.277
0.212
0.138
0.127
0.121
0.143
0.168
0.567
0.428
0.365
0.675
0.87
0.827
1.422
1.368
0.732
0.753
1.233
1.693
1.556
1.169
0.956
0.848
0.395
0.275
0.206
0.13
0.136
0.114
0.144
0.163
0.516
0.406
0.333
0.649
1.037
0.957
1.56
1.319
0.725
0.782
1.217
1.625
1.485
1.102
0.924
0.818
0.385
0.266
0.19
0.137
0.13
0.111
0.148
0.153
0.479
0.37
0.314
0.628
1.015
0.928
1.516
1.256
0.718
0.774
1.246
1.587
1.434
1.04
0.884
0.783
0.363
0.253
0.183
0.129
0.136
0.104
0.149
0.144
0.441
0.346
0.397
0.739
1.012
0.915
1.714
1.235
0.688
0.771
1.194
1.582
1.388
1.026
0.85
0.782
0.342
0.247
0.173
0.128
0.13
0.114
0.14
0.149
0.404
0.325
0.375
0.715
1.002
0.877
1.644
1.167
0.661
0.807
1.165
1.528
1.322
0.995
0.823
0.759
0.321
0.236
0.168
0.122
0.132
0.106
0.137
0.211
0.523
0.326
0.354
0.648
0.914
0.81
1.497
1.056
0.615
0.802
1.217
1.56
1.282
1.041
1.045
0.748
0.36
0.251
0.167
0.117
0.126
0.113
0.128
0.207
0.601
0.525
0.428
0.622
0.889
1.133
1.495
0.981
0.568
0.737
1.192
1.75
1.264
0.98
0.989
0.733
0.358
0.239
0.159
0.112
0.13
0.105
0.137
0.191
0.657
0.62
0.512
0.588
0.817
1.126
1.963
1.296
0.663
0.823
1.148
1.728
1.204
0.97
0.955
0.723
0.36
0.25
0.158
0.112
0.127
0.106
0.133
0.183
0.599
0.572
0.464
0.588
1.005
1.07
1.836
1.425
0.659
0.802
1.123
1.695
1.158
1.038
1.157
0.704
0.366
0.237
0.159
0.108
0.121
0.113
0.127
0.178
0.548
0.525
0.43
0.577
0.942
1.032
1.76
1.335
0.651
0.814
1.17
1.704
1.08
0.984
1.086
0.692
0.349
0.227
0.151
0.112
0.114
0.115
0.119
0.189
0.512
0.502
0.559
0.707
0.911
0.977
1.667
1.254
0.637
0.797
1.148
1.661
1.061
0.924
1.037
0.673
0.352
0.214
0.155
0.106
0.117
0.114
0.123
0.177
0.48
0.459
0.559
0.721
0.911
0.935
1.61
1.186
0.625
0.781
1.136
1.572
1.017
0.92
1.005
0.663
0.343
0.201
0.156
0.102
0.124
0.106
0.13
0.282
0.546
0.418
0.657
0.664
0.831
1.002
1.459
1.083
0.567
0.758
1.107
1.527
1.012
0.927
0.964
0.67
0.34
0.211
0.146
0.107
0.118
0.106
0.121
0.34
0.591
0.394
0.63
0.61
0.758
0.908
1.331
0.979
0.527
0.738
1.101
1.515
1.084
0.885
0.931
0.633
0.336
0.203
0.146
0.101
0.127
0.102
0.12
0.45
0.619
0.375
0.574
0.571
0.69
0.843
1.203
0.893
0.478
0.756
1.11
1.51
1.083
0.854
1.107
0.766
0.321
0.187
0.142
0.102
0.127
0.098
0.129
0.412
0.57
0.348
0.527
0.578
0.693
0.809
1.191
0.848
0.487
0.754
1.083
1.476
1.069
0.831
1.063
0.785
0.325
0.184
0.139
0.103
0.123
0.095
0.132
0.379
0.525
0.405
0.539
0.626
0.639
0.743
1.077
0.781
0.456
0.739
1.092
1.471
1.038
0.768
1.001
0.771
0.32
0.176
0.139
0.099
0.121
0.097
0.131
0.347
0.49
0.399
0.501
0.57
0.586
0.76
1.204
0.76
0.456
0.738
1.066
1.389
0.986
0.731
0.957
0.719
0.304
0.163
0.143
0.095
0.122
0.099
0.13
0.329
0.446
0.38
0.479
0.557
0.582
0.748
1.196
0.76
0.479
0.728
1.033
1.361
1.017
0.952
1.017
0.681
0.283
0.162
0.136
0.099
0.118
0.101
0.174
0.408
0.413
0.35
0.452
0.508
0.54
0.677
1.156
0.688
0.459
0.701
1.011
1.343
1.02
0.952
1.027
0.677
0.312
0.199
0.153
0.096
0.121
0.098
0.172
0.403
0.502
0.447
0.567
0.467
0.593
1.117
1.212
0.663
0.431
0.678
0.977
1.348
1.015
0.899
0.994
0.641
0.31
0.183
0.149
0.098
0.121
0.097
0.168
0.424
0.557
0.406
0.545
0.425
0.593
1.012
1.108
0.607
0.428
0.666
0.954
1.355
0.995
0.868
0.935
0.637
0.299
0.184
0.138
0.105
0.113
0.104
0.158
0.394
0.512
0.373
0.533
0.419
0.603
0.986
1.069
0.601
0.425
0.665
0.942
1.4
0.97
0.856
0.883
0.638
0.289
0.187
0.13
0.111
0.112
0.106
0.156
0.363
0.48
0.342
0.51
0.43
0.76
0.951
1.039
0.646
0.454
0.696
1.222
1.398
0.989
0.812
0.854
0.624
0.29
0.176
0.137
0.106
0.12
0.101
0.16
0.335
0.447
0.317
0.489
0.431
0.784
0.909
1.014
0.638
0.455
0.703
1.168
1.344
0.97
0.808
0.825
0.602
0.288
0.164
0.14
0.1
0.125
0.096
0.16
0.368
0.511
0.292
0.455
0.408
0.723
0.824
0.979
0.615
0.502
0.68
1.137
1.312
0.95
0.777
0.806
0.563
0.279
0.155
0.14
0.099
0.125
0.097
0.154
0.425
0.61
0.277
0.416
0.411
0.766
0.906
0.89
0.569
0.458
0.65
1.094
1.26
0.917
0.768
0.786
0.567
0.276
0.159
0.137
0.099
0.117
0.106
0.144
0.475
0.687
0.259
0.393
0.38
0.703
0.882
0.929
0.545
0.418
0.612
1.045
1.148
0.835
0.702
0.74
0.569
0.271
0.15
0.134
0.103
0.118
0.101
0.147
0.674
0.702
0.239
0.364
0.374
0.741
0.907
0.887
0.503
0.381
0.569
0.944
1.042
0.763
0.768
0.74
0.587
0.253
0.147
0.125
0.113
0.111
0.111
0.146
0.618
0.64
0.227
0.373
0.342
0.725
0.861
0.883
0.499
0.407
0.572
0.912
1.187
0.81
0.727
0.707
0.588
0.244
0.142
0.122
0.117
0.104
0.122
0.141
0.57
0.59
0.21
0.388
0.322
0.66
0.781
0.859
0.497
0.411
0.588
0.884
1.157
0.848
0.73
0.687
0.595
0.238
0.144
0.127
0.111
0.114
0.123
0.133
0.525
0.543
0.304
0.508
0.339
0.65
0.756
0.947
0.568
0.426
0.57
0.858
1.171
0.882
0.74
0.692
0.625
0.233
0.139
0.134
0.11
0.113
0.119
0.136
0.478
0.508
0.29
0.493
0.347
0.646
0.75
0.983
0.569
0.506
0.564
0.861
1.251
0.92
0.987
0.69
0.622
0.231
0.13
0.137
0.109
0.113
0.124
0.126
0.47
0.591
0.28
0.449
0.339
0.586
0.729
1.09
0.536
0.483
0.547
0.844
1.276
0.945
0.957
0.69
0.625
0.232
0.145
0.142
0.114
0.105
0.131
0.145
0.501
0.539
0.263
0.416
0.323
0.619
0.699
1.174
0.503
0.469
0.551
0.842
1.293
0.918
0.916
0.665
0.611
0.248
0.154
0.135
0.116
0.102
0.14
0.139
0.529
0.619
0.241
0.404
0.295
0.731
0.651
1.075
0.457
0.436
0.558
0.859
1.309
0.893
0.893
0.64
0.611
0.242
0.168
0.128
0.124
0.098
0.143
0.135
0.488
0.563
0.237
0.369
0.317
0.73
0.7
1.052
0.469
0.442
0.573
0.846
1.289
0.862
0.853
0.643
0.599
0.24
0.161
0.131
0.122
0.1
0.143
0.128
0.459
0.513
0.228
0.362
0.339
0.706
0.844
1.024
0.507
0.464
0.564
0.828
1.232
0.872
1.006
0.787
0.59
0.24
0.151
0.133
0.122
0.105
0.146
0.122
0.435
0.47
0.295
0.599
0.445
0.708
0.82
1.144
0.5
0.499
0.564
0.814
1.234
0.865
0.951
0.773
0.597
0.244
0.14
0.135
0.119
0.104
0.146
0.114
0.412
0.516
0.377
0.575
0.414
0.668
0.746
1.049
0.486
0.466
0.539
0.791
1.275
0.925
0.956
0.765
0.597
0.251
0.141
0.131
0.122
0.098
0.15
0.109
0.387
0.47
0.358
0.526
0.432
0.654
0.748
1.064
0.493
0.468
0.567
0.771
1.245
0.935
0.989
0.771
0.729
0.299
0.187
0.149
0.125
0.095
0.15
0.103
0.367
0.427
0.452
0.513
0.456
0.673
0.769
1.459
0.55
0.732
0.709
0.802
1.218
0.959
0.941
0.757
0.694
0.301
0.192
0.153
0.117
0.102
0.146
0.103
0.444
0.505
0.424
0.476
0.433
0.654
0.776
1.652
0.645
0.829
0.801
0.787
1.316
0.965
0.899
0.76
0.648
0.296
0.187
0.152
0.11
0.11
0.135
0.132
0.474
0.465
0.387
0.485
0.394
0.604
0.708
1.524
0.589
0.803
0.778
0.791
1.337
0.995
0.887
0.76
0.658
0.294
0.179
0.146
0.111
0.11
0.141
0.125
0.447
0.424
0.364
0.476
0.395
0.61
0.694
1.487
0.579
0.788
0.77
0.814
1.309
0.977
0.871
0.759
0.648
0.283
0.174
0.142
0.116
0.106
0.147
0.118
0.421
0.39
0.341
0.48
0.389
0.647
0.679
1.439
0.58
0.76
0.759
0.81
1.373
0.993
0.848
0.744
0.641
0.285
0.169
0.137
0.118
0.105
0.14
0.124
0.383
0.366
0.318
0.479
0.456
0.653
0.674
1.383
0.574
0.753
0.734
0.796
1.305
1.006
0.833
0.746
0.621
0.281
0.161
0.14
0.113
0.107
0.136
0.186
0.453
0.335
0.294
0.454
0.541
0.63
0.681
1.251
0.533
0.751
0.724
0.771
1.276
1.035
0.83
0.737
0.632
0.278
0.177
0.139
0.115
0.104
0.142
0.173
0.523
0.411
0.294
0.498
0.498
0.577
0.621
1.141
0.486
0.701
0.728
0.783
1.239
1.014
0.822
0.723
0.584
0.275
0.166
0.14
0.112
0.105
0.14
0.231
0.585
0.375
0.283
0.453
0.481
0.529
0.568
1.067
0.442
0.683
0.721
0.793
1.23
1.019
0.801
0.7
0.55
0.268
0.157
0.146
0.107
0.107
0.139
0.223
0.535
0.356
0.267
0.461
0.47
0.576
0.755
1.042
0.452
0.666
0.722
0.78
1.198
1.041
0.791
0.702
0.565
0.258
0.154
0.144
0.109
0.108
0.14
0.21
0.498
0.326
0.254
0.462
0.481
0.744
0.75
1.039
0.467
0.786
0.734
0.768
1.189
1.017
0.781
0.69
0.559
0.253
0.151
0.142
0.106
0.113
0.13
0.207
0.456
0.307
0.24
0.64
0.601
0.746
0.726
1.015
0.465
0.77
0.747
0.756
1.158
1.01
0.754
0.684
0.564
0.268
0.142
0.142
0.104
0.117
0.131
0.197
0.426
0.283
0.235
0.621
0.587
0.749
0.862
1.14
0.477
0.765
0.891
0.741
1.162
0.962
0.76
0.676
0.529
0.255
0.133
0.149
0.102
0.121
0.13
0.31
0.513
0.265
0.219
0.578
0.532
0.686
0.791
1.03
0.444
0.748
0.848
0.735
1.261
0.98
0.963
0.978
0.584
0.307
0.163
0.142
0.107
0.113
0.137
0.284
0.565
0.367
0.201
0.54
0.483
0.631
0.729
0.938
0.412
0.679
0.825
0.721
1.377
0.914
0.946
0.932
0.54
0.294
0.151
0.142
0.101
0.122
0.129
0.268
0.521
0.335
0.201
0.49
0.5
0.588
0.766
1.034
0.552
0.702
0.804
0.712
1.33
0.918
0.906
0.879
0.49
0.283
0.142
0.14
0.104
0.114
0.136
0.246
0.481
0.305
0.197
0.485
0.49
0.593
0.743
1.038
0.558
0.718
0.771
0.707
1.289
0.89
0.907
0.836
0.486
0.261
0.148
0.135
0.102
0.121
0.127
0.238
0.452
0.28
0.191
0.465
0.501
0.594
0.866
1.058
0.547
0.696
0.762
0.721
1.311
0.936
0.894
0.804
0.475
0.253
0.137
0.138
0.102
0.116
0.134
0.228
0.411
0.268
0.248
0.633
0.516
0.595
0.841
1.05
0.54
0.671
0.752
0.705
1.26
0.931
1.142
0.852
0.482
0.259
0.133
0.143
0.098
0.117
0.133
0.21
0.39
0.247
0.246
0.616
0.509
0.803
0.953
1.042
0.542
0.645
0.747
0.721
1.224
0.978
1.105
0.843
0.469
0.256
0.126
0.144
0.097
0.114
0.135
0.193
0.495
0.358
0.236
0.576
0.547
0.727
0.873
0.948
0.533
0.603
0.72
0.725
1.224
0.972
1.063
0.824
0.442
0.254
0.121
0.147
0.091
0.122
0.126
0.275
0.559
0.333
0.225
0.525
0.521
0.659
0.805
0.871
0.494
0.6
0.71
0.751
1.183
0.971
1.024
0.79
0.444
0.256
0.125
0.136
0.101
0.116
0.126
0.388
0.625
0.314
0.206
0.492
0.494
0.611
0.73
0.945
0.56
0.592
0.684
0.751
1.17
0.932
0.984
0.756
0.431
0.238
0.13
0.133
0.102
0.122
0.12
0.369
0.573
0.297
0.201
0.477
0.489
0.619
0.721
0.955
0.809
0.653
0.685
0.745
1.18
0.918
0.928
0.745
0.407
0.228
0.131
0.124
0.112
0.116
0.12
0.345
0.519
0.483
0.265
0.444
0.449
0.621
0.67
0.912
0.785
0.629
0.691
0.728
1.192
0.915
0.916
0.727
0.396
0.239
0.122
0.13
0.112
0.118
0.129
0.317
0.482
0.442
0.256
0.423
0.453
0.64
0.663
0.923
0.763
0.616
0.696
0.718
1.161
0.886
0.876
0.705
0.401
0.22
0.128
0.121
0.119
0.11
0.134
0.289
0.451
0.404
0.248
0.41
0.466
0.716
0.684
0.906
0.739
0.615
0.683
0.708
1.127
0.863
0.876
0.684
0.388
0.205
0.133
0.115
0.124
0.105
0.136
0.272
0.624
0.494
0.233
0.386
0.426
0.71
0.619
0.832
0.68
0.625
0.846
0.822
1.097
0.817
0.839
0.655
0.484
0.23
0.161
0.114
0.131
0.106
0.139
0.274
0.631
0.455
0.228
0.361
0.399
0.655
0.707
1.066
0.758
0.743
0.974
0.974
1.115
1.144
0.859
0.676
0.46
0.221
0.156
0.114
0.13
0.106
0.138
0.256
0.686
0.536
0.218
0.333
0.373
0.598
0.652
1.049
0.951
0.802
0.994
1.018
1.055
1.103
0.827
0.669
0.43
0.226
0.146
0.119
0.123
0.115
0.128
0.249
0.621
0.5
0.2
0.354
0.451
0.606
0.635
1.034
0.903
0.785
0.943
0.984
1.013
1.085
0.783
0.654
0.414
0.221
0.136
0.125
0.115
0.123
0.12
0.242
0.564
0.466
0.195
0.375
0.461
0.65
0.673
1.373
0.923
0.765
0.905
0.948
1.031
1.025
0.9
0.674
0.439
0.223
0.146
0.12
0.119
0.118
0.122
0.227
0.554
0.446
0.307
0.476
0.641
0.805
0.66
1.326
0.881
0.839
0.885
0.908
1.017
1.03
0.862
0.67
0.441
0.219
0.137
0.124
0.114
0.122
0.118
0.223
0.509
0.415
0.284
0.483
0.615
0.886
0.649
1.311
1.007
0.82
1.22
0.925
0.999
0.992
0.825
0.645
0.436
0.207
0.144
0.12
0.117
0.118
0.121
0.208
0.608
0.514
0.275
0.442
0.57
0.919
0.599
1.191
0.918
0.748
1.229
0.946
0.978
0.976
0.812
0.655
0.45
0.264
0.15
0.121
0.116
0.118
0.12
0.199
0.75
0.681
0.356
0.51
0.535
0.953
0.67
1.124
0.935
0.716
1.153
0.913
0.968
0.931
0.769
0.63
0.414
0.26
0.139
0.127
0.112
0.126
0.114
0.347
0.778
0.625
0.334
0.486
0.491
0.884
0.613
1.024
0.854
0.712
1.092
0.879
0.936
0.893
0.743
0.602
0.394
0.255
0.132
0.132
0.109
0.129
0.113
0.326
0.715
0.573
0.343
0.468
0.526
0.845
0.654
0.969
0.829
0.706
1.047
0.937
0.923
0.956
0.933
0.586
0.371
0.239
0.131
0.133
0.106
0.134
0.106
0.314
0.648
0.531
0.352
0.463
0.548
0.909
0.795
1.091
0.802
0.695
1.028
1.19
0.909
0.908
0.882
0.587
0.342
0.235
0.127
0.128
0.114
0.124
0.111
0.301
0.589
0.498
0.587
0.476
0.583
0.873
0.803
1.036
0.777
0.687
1.104
1.166
0.91
0.855
0.869
0.672
0.392
0.246
0.131
0.127
0.111
0.129
0.104
0.289
0.537
0.459
0.58
0.468
0.589
0.875
0.921
1.1
0.792
0.696
1.043
1.105
0.883
0.831
0.838
0.695
0.398
0.261
0.138
0.121
0.115
0.12
0.114
0.388
0.646
0.423
0.535
0.434
0.535
0.802
0.925
1.277
0.723
0.736
1.225
1.074
0.855
0.859
0.846
0.703
0.411
0.274
0.146
0.118
0.116
0.118
0.116
0.401
0.713
0.411
0.635
0.411
0.486
0.737
1.134
1.665
0.828
0.77
1.287
1.083
0.908
0.953
0.87
0.673
0.402
0.269
0.141
0.12
0.119
0.119
0.115
0.415
0.759
0.379
0.585
0.516
0.597
0.696
1.133
1.892
0.801
0.949
1.27
1.253
1.062
1.091
0.87
0.699
0.431
0.299
0.189
0.16
0.132
0.124
0.114
0.389
0.691
0.358
0.558
0.622
0.786
0.753
1.259
2.104
0.794
1.039
1.314
1.21
0.999
1.035
0.823
0.661
0.396
0.288
0.174
0.162
0.122
0.129
0.108
0.365
0.627
0.339
0.546
0.601
1.094
0.827
1.272
2.144
0.792
1.001
1.262
1.171
0.972
0.944
0.793
0.636
0.376
0.266
0.169
0.157
0.118
0.132
0.102
0.348
0.568
0.443
0.717
0.608
1.055
0.83
1.221
2.203
0.847
0.998
1.193
1.114
0.914
0.869
0.757
0.62
0.366
0.263
0.156
0.161
0.11
0.134
0.1
0.324
0.524
0.406
0.696
0.566
1.01
0.795
1.186
2.03
0.829
0.946
1.195
1.14
0.908
0.822
0.74
0.586
0.347
0.241
0.151
0.155
0.112
0.127
0.107
0.444
0.646
0.373
0.64
0.645
1.183
0.769
1.211
1.847
0.752
0.91
1.121
1.131
0.855
0.788
0.706
0.544
0.335
0.247
0.151
0.147
0.114
0.121
0.112
0.616
0.732
0.34
0.594
0.586
1.079
1.0
1.138
1.788
0.776
0.951
1.132
1.119
0.822
0.743
0.642
0.501
0.313
0.237
0.143
0.148
0.107
0.127
0.394
0.681
0.663
0.504
0.547
0.541
1.057
1.182
1.097
1.655
0.818
1.231
1.172
1.177
1.006
0.718
0.624
0.501
0.308
0.223
0.141
0.143
0.109
0.125
0.366
0.624
0.606
0.649
0.669
0.54
1.019
1.121
1.08
1.533
0.798
1.157
1.109
1.13
0.988
0.693
0.62
0.481
0.3
0.207
0.138
0.14
0.105
0.127
0.334
0.582
0.549
0.622
0.635
0.503
0.92
1.025
1.017
1.495
0.966
1.125
1.05
1.119
0.944
0.661
0.772
0.466
0.275
0.208
0.13
0.142
0.102
0.127
0.312
0.534
0.51
0.575
0.615
0.457
0.847
0.94
1.023
1.408
0.921
1.085
0.993
1.081
0.86
0.637
0.726
0.483
0.261
0.204
0.121
0.145
0.095
0.132
0.285
0.495
0.469
0.74
0.706
0.463
0.835
0.912
1.071
1.293
0.842
1.025
0.948
1.049
0.837
0.612
0.711
0.455
0.244
0.195
0.116
0.145
0.09
0.136
0.26
0.768
0.537
0.689
0.642
0.544
0.924
0.844
1.005
1.184
0.824
1.147
1.015
1.05
0.803
0.609
0.719
0.45
0.277
0.186
0.123
0.134
0.099
0.127
0.541
0.81
0.499
0.701
0.673
0.531
0.904
1.025
0.977
1.123
0.842
1.315
0.967
1.16
0.902
0.591
0.674
0.416
0.263
0.179
0.122
0.131
0.1
0.125
0.787
0.832
0.471
0.643
0.624
0.499
0.909
1.026
0.923
1.076
0.952
1.195
0.894
1.063
0.986
0.606
0.65
0.387
0.25
0.17
0.121
0.129
0.1
0.124
0.718
0.762
0.43
0.611
0.654
0.472
1.119
1.015
0.857
1.019
0.922
1.232
0.812
0.972
0.899
0.629
0.634
0.449
0.248
0.166
0.119
0.126
0.103
0.118
0.662
0.689
0.406
0.572
0.604
0.432
1.145
0.928
0.796
0.931
0.838
1.521
0.861
0.981
0.893
0.632
0.63
0.421
0.235
0.161
0.117
0.126
0.101
0.12
0.603
0.635
0.371
0.547
0.575
0.437
1.075
1.011
0.774
1.048
0.802
1.589
0.848
0.959
0.838
0.614
0.612
0.395
0.24
0.151
0.121
0.12
0.105
0.116
0.555
0.582
0.69
0.562
0.522
0.412
0.972
0.927
0.728
1.023
0.775
1.485
0.809
0.993
0.893
0.603
0.57
0.385
0.222
0.15
0.118
0.12
0.104
0.114
0.789
0.636
0.637
0.51
0.488
0.39
0.892
0.838
0.672
0.927
0.744
1.69
0.812
0.957
0.85
0.585
0.574
0.384
0.239
0.149
0.116
0.12
0.099
0.119
1.015
0.678
0.583
0.471
0.49
0.394
0.867
0.777
0.83
0.853
0.815
1.779
0.797
0.957
0.808
0.557
0.52
0.362
0.224
0.154
0.108
0.12
0.099
0.121
0.919
0.628
0.746
0.662
0.445
0.373
0.784
0.714
0.87
0.808
0.801
1.612
0.739
1.099
0.79
0.57
0.505
0.342
0.207
0.151
0.107
0.115
0.104
0.112
0.845
0.568
0.688
0.852
0.567
0.374
0.768
0.694
0.878
0.769
0.776
1.51
0.725
1.056
1.052
0.563
0.479
0.338
0.195
0.155
0.1
0.117
0.102
0.109
0.775
0.515
0.632
0.777
0.551
0.385
0.76
0.676
0.899
0.745
0.762
1.671
0.726
0.999
0.99
0.543
0.462
0.329
0.19
0.152
0.106
0.111
0.11
0.104
0.718
0.469
0.585
0.798
0.815
0.387
0.747
0.662
0.898
0.719
0.759
1.67
0.729
0.978
0.946
0.511
0.451
0.349
0.189
0.156
0.101
0.111
0.102
0.108
0.654
0.436
0.53
0.736
0.773
0.397
0.743
0.657
0.908
0.705
0.751
1.56
0.708
1.051
0.961
0.525
0.465
0.341
0.179
0.151
0.102
0.108
0.109
0.101
0.606
0.603
0.618
0.67
0.734
0.365
0.681
0.601
0.835
0.698
0.733
1.456
0.72
1.183
0.91
0.524
0.425
0.328
0.172
0.159
0.096
0.114
0.103
0.102
0.553
0.734
0.784
0.621
0.664
0.346
0.716
0.566
0.895
0.65
0.664
1.482
0.922
1.145
0.857
0.513
0.403
0.302
0.179
0.149
0.099
0.113
0.1
0.106
0.503
0.822
0.987
0.577
0.607
0.335
0.649
0.527
0.812
0.631
0.606
1.411
0.913
1.164
0.97
0.514
0.371
0.288
0.167
0.15
0.095
0.117
0.097
0.108
0.463
1.058
0.991
0.53
0.565
0.305
0.601
0.504
0.849
0.631
0.66
1.344
1.169
1.108
0.9
0.475
0.341
0.275
0.159
0.157
0.091
0.125
0.093
0.111
0.422
0.968
0.898
0.511
0.523
0.297
0.594
0.518
0.776
0.575
0.608
1.525
1.131
1.262
0.983
0.435
0.347
0.266
0.167
0.15
0.098
0.117
0.102
0.104
0.397
0.877
0.821
0.471
0.515
0.291
0.581
0.53
0.789
0.573
0.59
1.584
1.074
1.247
0.927
0.458
0.347
0.246
0.167
0.145
0.108
0.109
0.108
0.098
0.372
0.797
0.749
0.437
0.504
0.31
0.575
0.648
0.759
0.72
0.589
1.484
1.028
1.202
1.146
0.511
0.347
0.236
0.161
0.141
0.106
0.112
0.104
0.103
0.625
0.811
0.678
0.411
0.548
0.379
0.567
0.661
0.711
0.658
0.586
1.519
0.986
1.366
1.108
0.508
0.318
0.227
0.168
0.149
0.101
0.112
0.102
0.109
0.803
0.854
0.719
0.412
0.497
0.357
0.516
0.608
0.65
0.601
0.591
1.413
0.957
1.323
1.058
0.491
0.321
0.213
0.165
0.141
0.111
0.106
0.111
0.103
0.736
1.122
0.712
0.382
0.455
0.335
0.47
0.563
0.634
0.596
0.587
1.329
1.014
1.372
0.986
0.491
0.315
0.209
0.153
0.144
0.105
0.106
0.108
0.106
0.671
1.026
0.645
0.362
0.45
0.357
0.576
0.575
0.653
0.595
0.581
1.272
0.987
1.319
1.135
0.487
0.323
0.225
0.15
0.144
0.107
0.106
0.111
0.102
0.619
0.928
0.598
0.329
0.458
0.581
0.578
0.566
0.678
0.584
0.628
1.384
0.961
1.263
1.059
0.484
0.343
0.233
0.149
0.141
0.108
0.104
0.108
0.107
0.567
0.967
0.929
0.369
0.437
0.617
0.591
0.597
0.683
0.65
0.619
1.514
0.943
1.409
1.044
0.472
0.324
0.22
0.149
0.136
0.109
0.101
0.111
0.1
0.528
0.873
0.852
0.503
0.44
0.596
0.539
0.569
0.647
0.596
0.572
1.676
0.933
1.407
1.288
0.529
0.341
0.22
0.138
0.14
0.103
0.105
0.109
0.102
0.764
0.892
0.786
0.457
0.412
0.625
0.695
0.67
0.702
0.551
0.547
1.581
0.887
1.344
1.233
0.846
0.381
0.248
0.155
0.137
0.104
0.104
0.112
0.099
0.885
0.925
0.716
0.424
0.404
0.571
0.718
0.875
0.659
0.518
0.553
1.563
0.848
1.309
1.154
0.81
0.365
0.239
0.147
0.137
0.102
0.103
0.113
0.095
1.091
0.926
0.656
0.391
0.5
0.532
0.661
0.791
0.611
0.47
0.562
1.453
0.858
1.26
1.101
0.8
0.36
0.251
0.139
0.133
0.104
0.097
0.12
0.089
0.998
0.84
0.601
0.363
0.493
0.525
0.641
0.772
0.657
0.646
0.681
1.364
0.853
1.218
1.021
0.749
0.372
0.264
0.158
0.13
0.106
0.097
0.114
0.1
0.906
0.772
0.552
0.332
0.507
0.717
0.644
0.745
0.686
0.648
0.683
1.626
0.83
1.15
0.942
0.753
0.378
0.295
0.158
0.136
0.102
0.099
0.113
0.096
0.827
0.704
0.52
0.66
0.552
0.679
0.652
0.743
0.679
0.624
0.687
1.673
0.809
1.103
0.903
0.701
0.366
0.314
0.152
0.135
0.096
0.106
0.104
0.102
0.751
0.641
0.482
0.597
0.551
0.644
0.77
0.844
0.721
0.658
0.759
1.571
0.792
1.068
0.901
0.685
0.374
0.327
0.144
0.138
0.089
0.111
0.097
0.108
0.944
0.691
0.437
0.55
0.51
0.596
0.813
0.847
0.721
0.605
0.728
1.586
0.815
1.025
0.854
0.65
0.37
0.301
0.146
0.133
0.095
0.103
0.103
0.1
1.131
0.728
0.407
0.499
0.471
0.579
0.808
0.77
0.658
0.556
0.702
1.603
0.828
1.16
0.824
0.621
0.375
0.278
0.15
0.13
0.096
0.103
0.1
0.103
1.245
0.739
0.37
0.464
0.432
0.535
0.761
0.714
0.601
0.511
0.684
1.494
0.978
1.228
0.776
0.576
0.361
0.293
0.154
0.126
0.097
0.107
0.093
0.108
1.13
0.678
0.348
0.432
0.433
0.493
0.731
0.7
0.627
0.463
0.631
1.578
0.981
1.25
0.761
0.546
0.355
0.311
0.155
0.116
0.102
0.103
0.093
0.109
1.023
0.625
0.316
0.409
0.43
0.473
0.694
0.692
0.662
0.485
0.744
1.607
0.958
1.173
0.733
0.523
0.347
0.319
0.164
0.126
0.1
0.102
0.097
0.103
0.936
0.565
0.308
0.494
0.67
0.498
0.705
0.679
0.714
0.493
0.738
1.628
0.993
1.096
0.693
0.5
0.333
0.336
0.17
0.132
0.093
0.108
0.09
0.108
0.848
0.529
0.281
0.485
0.633
0.476
0.846
0.697
0.76
0.662
0.715
1.529
0.949
1.16
0.698
0.496
0.337
0.355
0.156
0.132
0.086
0.114
0.084
0.114
0.766
0.492
0.257
0.447
0.616
0.455
1.063
0.691
0.779
0.653
0.708
1.447
0.909
1.115
0.661
0.516
0.353
0.378
0.178
0.141
0.081
0.119
0.078
0.117
0.972
0.561
0.234
0.415
0.557
0.425
1.007
0.755
0.704
0.604
0.682
1.474
0.879
1.075
0.638
0.5
0.363
0.362
0.173
0.138
0.084
0.11
0.083
0.112
1.18
0.606
0.225
0.38
0.511
0.394
0.909
0.698
0.914
0.741
0.778
1.384
0.912
1.041
0.636
0.509
0.364
0.36
0.159
0.14
0.08
0.109
0.086
0.103
1.08
0.548
0.211
0.357
0.495
0.396
0.983
0.681
0.826
0.678
0.703
1.263
0.864
1.014
0.75
0.66
0.377
0.365
0.177
0.133
0.091
0.101
0.09
0.101
0.98
0.512
0.194
0.336
0.495
0.401
0.929
0.692
0.799
0.656
0.787
1.442
0.847
1.002
0.858
0.702
0.378
0.367
0.185
0.127
0.093
0.103
0.085
0.109
0.886
0.477
0.182
0.517
0.624
0.399
0.894
0.703
0.786
0.65
0.77
1.439
0.821
1.162
0.866
0.659
0.357
0.375
0.184
0.126
0.092
0.103
0.083
0.111
0.802
0.449
0.169
0.483
0.606
0.62
0.854
0.691
0.787
0.648
0.758
1.35
0.808
1.203
0.974
0.624
0.362
0.366
0.177
0.126
0.094
0.097
0.092
0.102
0.736
0.639
0.275
0.443
0.554
0.57
0.776
0.639
0.715
0.596
0.697
1.481
0.794
1.146
0.911
0.603
0.366
0.336
0.175
0.123
0.103
0.098
0.091
0.106
0.947
0.66
0.26
0.444
0.506
0.526
0.74
0.59
0.646
0.551
0.675
1.563
0.774
1.096
0.861
0.581
0.361
0.314
0.169
0.126
0.099
0.101
0.086
0.112
1.129
0.701
0.237
0.436
0.591
0.487
0.885
0.779
0.585
0.511
0.61
1.479
0.786
1.1
0.81
0.555
0.384
0.304
0.167
0.117
0.104
0.093
0.094
0.104
1.031
0.633
0.229
0.395
0.582
0.511
1.03
0.753
0.589
0.612
0.622
1.391
0.761
1.125
0.772
0.566
0.382
0.306
0.158
0.115
0.103
0.093
0.093
0.104
0.932
0.586
0.209
0.372
0.569
0.501
0.977
0.73
0.614
0.596
0.624
1.477
0.761
1.091
0.735
0.544
0.376
0.312
0.189
0.113
0.105
0.091
0.095
0.103
0.847
0.539
0.196
0.536
0.716
0.497
0.941
0.776
0.71
0.602
0.626
1.383
0.74
1.041
0.694
0.508
0.368
0.324
0.188
0.113
0.104
0.096
0.09
0.11
0.766
0.503
0.18
0.804
0.657
0.454
0.865
0.741
0.733
0.583
0.625
1.29
0.724
1.022
0.731
0.707
0.379
0.314
0.189
0.109
0.107
0.09
0.097
0.102
0.985
0.541
0.177
0.727
0.658
0.49
0.787
0.691
0.694
0.538
0.602
1.214
0.798
0.996
0.694
0.738
0.379
0.294
0.181
0.114
0.1
0.097
0.09
0.108
1.155
0.593
0.167
0.664
0.748
0.527
0.835
0.774
0.798
0.564
0.64
1.451
0.936
0.977
0.719
0.739
0.393
0.278
0.178
0.111
0.106
0.091
0.096
0.101
1.338
0.626
0.16
0.607
0.684
0.479
0.768
0.739
0.836
0.59
0.915
1.426
0.997
0.981
0.867
0.817
0.397
0.275
0.17
0.11
0.101
0.095
0.09
0.107
1.207
0.578
0.151
0.663
0.662
0.474
0.742
0.717
0.844
0.578
0.88
1.345
0.961
0.952
0.844
0.757
0.384
0.283
0.181
0.105
0.11
0.088
0.093
0.103
1.094
0.532
0.138
0.614
0.626
0.462
0.72
0.739
0.807
0.568
0.844
1.548
0.995
0.982
0.944
0.707
0.368
0.304
0.18
0.111
0.101
0.091
0.092
0.105
0.99
0.492
0.129
0.734
0.765
0.459
0.765
0.736
0.749
0.52
0.796
1.447
1.113
0.949
0.882
0.682
0.355
0.308
0.181
0.131
0.094
0.098
0.085
0.111
0.894
0.458
0.118
0.676
0.72
0.457
0.733
0.72
0.793
0.517
0.772
1.378
1.048
0.936
0.851
0.763
0.355
0.329
0.176
0.133
0.096
0.095
0.093
0.102
0.819
0.418
0.117
0.783
0.832
0.534
0.827
1.071
0.861
0.516
0.728
1.296
1.055
0.939
0.879
0.878
0.472
0.338
0.22
0.143
0.104
0.097
0.094
0.105
0.743
0.39
0.11
0.72
0.784
0.578
0.873
1.032
0.833
0.531
0.703
1.427
1.013
0.89
0.858
0.827
0.462
0.35
0.216
0.161
0.1
0.097
0.099
0.1
0.683
0.354
0.114
0.969
0.732
0.528
0.794
0.942
0.755
0.493
0.636
1.298
0.914
0.836
0.832
0.792
0.46
0.35
0.227
0.156
0.106
0.095
0.098
0.103
0.619
0.334
0.105
0.891
0.69
0.518
0.905
0.923
0.747
0.521
0.621
1.244
0.875
0.819
0.813
0.983
0.471
0.395
0.236
0.159
0.108
0.098
0.102
0.1
0.575
0.305
0.112
0.81
0.657
0.513
0.863
0.886
0.786
0.515
0.613
1.421
0.865
0.831
0.784
0.932
0.456
0.393
0.24
0.149
0.109
0.098
0.1
0.102
0.523
0.288
0.104
0.911
0.778
0.505
0.847
0.848
0.799
0.512
0.606
1.389
0.849
0.836
0.747
0.861
0.449
0.391
0.263
0.144
0.114
0.1
0.098
0.109
0.475
0.278
0.1
0.834
0.749
0.502
0.955
0.846
0.789
0.507
0.615
1.312
0.84
0.81
0.86
0.925
0.448
0.387
0.259
0.138
0.114
0.101
0.095
0.113
0.704
0.321
0.093
0.769
0.739
0.615
0.881
0.982
0.728
0.467
0.603
1.269
0.863
0.802
0.826
0.869
0.429
0.365
0.244
0.139
0.107
0.104
0.089
0.117
0.641
0.301
0.398
0.748
0.679
0.561
0.885
0.898
0.66
0.433
0.567
1.376
0.852
0.773
0.789
0.865
0.429
0.361
0.226
0.14
0.106
0.102
0.092
0.109
0.849
0.345
0.375
0.678
0.639
0.541
0.857
0.997
0.658
0.413
0.514
1.253
0.774
0.704
0.724
0.796
0.435
0.361
0.221
0.133
0.111
0.101
0.096
0.109
0.775
0.322
0.348
0.625
0.613
0.535
0.876
0.981
0.674
0.433
0.514
1.194
0.785
0.86
0.799
0.765
0.432
0.374
0.216
0.132
0.113
0.095
0.1
0.101
0.712
0.297
0.323
0.58
0.854
0.527
0.847
0.939
0.683
0.442
0.531
1.124
0.767
0.849
0.742
0.718
0.422
0.385
0.231
0.131
0.138
0.096
0.097
0.105
0.643
0.281
0.298
0.63
1.057
0.51
0.838
0.891
0.705
0.454
0.548
1.069
0.754
0.866
0.94
0.725
0.419
0.425
0.231
0.129
0.135
0.094
0.101
0.098
0.593
0.257
0.281
0.577
0.988
0.738
0.813
0.869
0.73
0.472
0.546
1.025
0.74
0.859
0.883
0.698
0.412
0.441
0.215
0.128
0.129
0.095
0.099
0.098
0.799
0.284
0.261
0.616
1.032
0.678
0.74
0.791
0.668
0.699
0.557
0.969
0.715
0.858
0.832
0.672
0.405
0.424
0.206
0.135
0.12
0.1
0.092
0.106
0.722
0.538
0.324
0.57
0.932
0.627
0.669
0.732
0.645
0.824
0.514
0.924
0.745
0.84
0.863
0.747
0.408
0.387
0.2
0.131
0.118
0.102
0.095
0.106
0.908
0.595
0.297
0.526
0.843
0.579
0.609
0.681
0.589
0.754
0.534
0.909
0.752
0.815
0.858
0.71
0.417
0.419
0.213
0.133
0.113
0.104
0.093
0.11
0.826
0.545
0.274
0.714
0.819
0.563
0.599
0.668
0.617
0.726
0.535
0.879
0.739
0.793
0.81
0.666
0.426
0.449
0.197
0.14
0.105
0.108
0.09
0.112
0.75
0.502
0.255
0.652
0.784
0.553
0.603
0.663
0.569
0.664
0.683
0.798
0.699
0.816
0.905
0.747
0.427
0.481
0.203
0.138
0.109
0.1
0.096
0.103
0.693
0.454
0.242
0.664
1.022
0.541
0.608
0.654
0.602
0.639
0.845
0.778
0.696
0.813
0.902
0.745
0.428
0.494
0.212
0.135
0.108
0.096
0.098
0.097
0.638
0.411
0.412
0.606
0.97
0.646
0.952
0.667
0.653
0.652
0.851
0.94
0.706
0.823
0.884
0.721
0.405
0.449
0.222
0.15
0.122
0.111
0.104
0.1
0.83
0.499
0.374
0.562
0.883
0.819
0.925
1.133
0.607
0.602
0.813
0.899
0.703
0.91
0.896
0.745
0.436
0.433
0.206
0.149
0.113
0.115
0.096
0.105
0.75
0.745
0.451
0.524
0.797
0.749
0.843
1.029
0.605
0.625
0.748
0.812
0.702
0.999
0.892
0.703
0.401
0.409
0.19
0.151
0.109
0.114
0.1
0.099
0.95
0.773
0.418
0.481
0.72
0.694
0.761
0.935
0.555
0.588
0.734
0.786
0.898
1.006
0.934
0.68
0.398
0.404
0.174
0.153
0.1
0.116
0.096
0.097
0.866
0.699
0.486
0.45
0.774
0.707
0.895
0.951
0.607
0.589
0.886
0.813
0.875
1.004
0.937
0.661
0.467
0.409
0.162
0.156
0.093
0.121
0.089
0.103
0.788
0.637
0.448
0.41
0.746
0.669
0.864
0.909
0.649
0.571
0.851
1.031
0.945
1.078
0.993
0.618
0.498
0.416
0.182
0.148
0.094
0.118
0.087
0.107
0.713
0.591
0.406
0.505
0.944
0.649
0.881
0.933
0.897
0.554
0.847
0.974
0.914
1.212
0.947
0.614
0.459
0.542
0.247
0.179
0.093
0.117
0.087
0.106
0.651
0.541
0.373
0.465
0.934
0.619
0.865
0.938
0.859
0.6
0.812
1.105
0.89
1.236
1.138
0.621
0.462
0.498
0.238
0.173
0.089
0.121
0.081
0.111
0.81
0.554
0.338
0.526
0.953
0.574
1.021
0.869
0.914
0.543
0.79
1.173
0.89
1.187
1.089
0.611
0.435
0.468
0.224
0.175
0.084
0.121
0.079
0.109
0.978
0.617
0.321
0.476
0.951
0.631
0.966
0.785
0.837
0.495
0.781
1.293
0.879
1.13
1.015
0.656
0.424
0.474
0.232
0.174
0.078
0.123
0.074
0.113
1.168
0.645
0.295
0.471
0.885
0.571
1.076
0.718
0.819
0.708
0.773
1.315
0.895
1.149
1.047
0.689
0.608
0.727
0.306
0.233
0.127
0.128
0.082
0.111
1.068
0.59
0.593
0.444
1.083
0.722
1.082
0.719
0.973
0.768
1.002
1.334
0.938
1.364
0.955
0.628
0.563
0.667
0.286
0.242
0.121
0.131
0.083
0.11
0.976
0.539
0.549
0.705
1.087
0.716
1.213
0.844
1.008
0.861
1.044
1.499
0.912
1.305
0.92
0.602
0.557
0.645
0.277
0.221
0.123
0.123
0.086
0.108
0.889
0.494
0.502
0.646
1.021
0.686
1.161
0.814
0.98
1.235
1.081
1.437
0.876
1.254
0.847
0.596
0.54
0.635
0.262
0.22
0.113
0.127
0.08
0.112
0.806
0.452
0.463
0.584
0.974
0.652
1.193
0.871
1.167
1.159
1.049
1.344
0.84
1.198
0.946
0.576
0.531
0.59
0.248
0.206
0.111
0.124
0.084
0.106
0.989
0.517
0.432
0.528
0.892
0.599
1.089
0.787
1.063
1.047
1.002
1.459
0.827
1.143
0.896
0.552
0.51
0.534
0.244
0.192
0.11
0.121
0.083
0.107
0.894
0.755
0.497
0.488
0.807
0.574
0.988
0.72
0.97
0.95
0.912
1.36
0.806
1.148
0.888
0.546
0.486
0.488
0.238
0.183
0.116
0.113
0.092
0.099
1.108
0.749
0.462
0.444
0.738
0.53
0.901
0.655
0.887
0.861
0.88
1.302
0.801
1.182
0.863
0.558
0.487
0.456
0.233
0.17
0.121
0.107
0.102
0.094
1.015
0.679
0.432
0.405
0.719
0.492
0.867
0.639
0.905
0.975
0.959
1.23
0.853
1.201
0.851
0.513
0.496
0.443
0.22
0.165
0.117
0.108
0.1
0.096
0.921
0.624
0.394
0.377
0.684
0.546
0.871
0.633
0.915
0.921
0.933
1.352
0.92
1.185
1.03
0.506
0.474
0.433
0.212
0.159
0.122
0.101
0.106
0.09
0.845
0.565
0.37
0.429
0.913
0.542
0.831
0.658
0.918
0.885
0.9
1.326
0.914
1.121
0.996
0.476
0.451
0.439
0.205
0.158
0.116
0.103
0.105
0.091
0.77
0.517
0.344
0.394
0.864
0.602
0.786
0.603
0.887
0.847
0.88
1.244
0.897
1.078
0.948
0.473
0.446
0.414
0.195
0.15
0.117
0.098
0.108
0.087
0.96
0.56
0.325
0.361
0.791
0.548
0.717
0.568
0.804
0.776
0.852
1.344
0.96
1.05
1.132
0.46
0.407
0.388
0.179
0.171
0.109
0.105
0.1
0.095
1.103
0.608
0.295
0.34
0.715
0.511
0.732
0.617
1.193
0.811
0.855
1.301
1.019
1.051
1.062
0.428
0.381
0.355
0.179
0.167
0.115
0.099
0.107
0.091
1.28
0.632
0.28
0.311
0.656
0.545
0.67
0.561
1.09
0.74
0.828
1.249
1.003
1.146
1.019
0.447
0.379
0.36
0.167
0.166
0.107
0.104
0.1
0.099
1.155
0.581
0.257
0.299
0.638
0.537
0.654
0.555
1.067
0.719
0.98
1.187
0.96
1.19
1.285
0.454
0.404
0.359
0.166
0.152
0.112
0.097
0.106
0.092
1.056
0.525
0.247
0.284
0.632
0.52
0.671
0.549
1.046
0.78
1.036
1.118
0.937
1.145
1.224
0.442
0.398
0.367
0.182
0.14
0.117
0.092
0.108
0.088
0.962
0.48
0.232
0.42
0.799
0.521
1.06
0.547
1.023
0.745
0.986
1.071
0.905
1.091
1.141
0.426
0.379
0.396
0.179
0.144
0.108
0.098
0.1
0.095
0.869
0.444
0.213
0.416
0.747
0.513
1.137
0.596
1.136
0.801
0.949
1.216
0.979
1.058
1.118
0.425
0.379
0.395
0.19
0.149
0.101
0.104
0.097
0.101
1.151
0.412
0.197
0.388
0.678
0.477
1.092
0.568
1.061
0.793
0.998
1.254
1.071
1.005
1.16
0.739
0.45
0.417
0.253
0.177
0.111
0.11
0.09
0.11
1.344
0.385
0.18
0.413
0.629
0.695
1.031
0.569
1.0
0.96
0.952
1.191
1.136
0.962
1.107
0.969
0.439
0.386
0.238
0.181
0.107
0.123
0.092
0.115
1.509
0.355
0.173
0.479
0.587
0.631
0.97
0.627
1.266
0.911
0.962
1.319
1.291
0.952
1.078
0.934
0.453
0.416
0.269
0.179
0.112
0.118
0.092
0.118
1.614
0.398
0.161
0.442
0.541
0.601
1.055
0.857
1.265
0.906
0.951
1.25
1.261
0.965
1.117
0.952
0.513
0.407
0.28
0.169
0.118
0.112
0.099
0.111
1.707
0.486
0.178
0.416
0.495
0.588
1.0
0.817
1.304
0.872
0.895
1.404
1.194
0.928
1.133
1.083
0.494
0.409
0.282
0.198
0.119
0.116
0.093
0.116
1.539
0.455
0.164
0.39
0.488
0.575
1.001
1.061
1.346
0.789
0.825
1.338
1.145
1.118
1.124
1.041
0.491
0.414
0.271
0.191
0.114
0.116
0.093
0.112
1.396
0.416
0.161
0.353
0.496
0.55
0.978
1.002
1.313
0.761
0.8
1.277
1.092
1.2
1.189
1.103
0.488
0.391
0.258
0.175
0.118
0.11
0.1
0.104
1.553
0.486
0.16
0.321
0.458
0.504
0.884
0.919
1.184
0.699
0.776
1.196
1.155
1.19
1.129
0.999
0.456
0.354
0.25
0.16
0.12
0.103
0.102
0.1
1.676
0.548
0.147
0.306
0.415
0.467
0.803
0.835
1.077
0.632
0.77
1.116
1.09
1.263
1.064
0.936
0.421
0.33
0.228
0.162
0.11
0.108
0.097
0.1
1.804
0.581
0.15
0.279
0.387
0.424
0.735
0.762
0.972
0.586
0.744
1.057
1.055
1.369
1.026
0.859
0.415
0.313
0.208
0.162
0.102
0.112
0.092
0.102
1.632
0.532
0.144
0.258
0.389
0.425
0.726
0.737
0.963
0.586
0.738
1.009
1.021
1.438
1.026
0.781
0.41
0.307
0.197
0.156
0.098
0.115
0.086
0.108
1.473
0.498
0.135
0.246
0.388
0.409
0.718
0.718
0.953
0.587
0.751
0.963
0.991
1.484
1.104
0.778
0.395
0.317
0.187
0.152
0.092
0.12
0.08
0.114
1.329
0.46
0.13
0.36
0.611
0.398
0.702
0.694
0.938
0.579
0.735
0.936
0.987
1.421
1.068
0.742
0.38
0.311
0.183
0.143
0.097
0.11
0.089
0.105
1.213
0.417
0.132
0.351
0.569
0.372
0.68
0.678
0.927
0.57
0.725
0.903
1.016
1.403
1.187
0.728
0.355
0.296
0.169
0.141
0.093
0.11
0.092
0.097
1.365
0.467
0.134
0.319
0.526
0.34
0.623
0.619
0.842
0.524
0.686
0.822
0.922
1.273
1.076
0.668
0.366
0.275
0.16
0.137
0.092
0.11
0.088
0.103
1.501
0.501
0.124
0.297
0.481
0.314
0.572
0.56
0.774
0.475
0.676
0.783
0.882
1.3
1.064
0.635
0.372
0.254
0.156
0.132
0.091
0.11
0.086
0.106
1.617
0.556
0.115
0.284
0.436
0.301
0.518
0.518
0.701
0.44
0.655
0.746
0.799
1.183
0.965
0.586
0.39
0.254
0.148
0.13
0.091
0.108
0.091
0.098
1.471
0.503
0.12
0.259
0.441
0.468
0.736
0.561
0.837
0.484
0.617
0.769
0.739
1.394
0.98
0.624
0.453
0.278
0.156
0.121
0.093
0.108
0.085
0.105
1.326
0.469
0.112
0.267
0.434
0.532
0.799
0.559
0.973
0.482
0.737
0.86
0.734
1.342
0.914
0.58
0.446
0.297
0.19
0.12
0.096
0.101
0.093
0.097
1.21
0.425
0.115
0.364
0.652
0.515
0.865
0.57
0.966
0.492
0.917
0.819
0.846
1.289
0.862
0.534
0.452
0.305
0.192
0.117
0.097
0.099
0.092
0.099
1.093
0.398
0.106
0.347
0.635
0.512
0.825
0.574
0.956
0.604
0.994
0.794
0.821
1.248
0.862
0.553
0.46
0.286
0.185
0.112
0.098
0.098
0.092
0.102
1.265
0.444
0.098
0.33
0.575
0.647
0.818
0.694
0.901
0.56
0.954
0.767
0.84
1.196
0.967
0.616
0.42
0.273
0.175
0.114
0.097
0.101
0.086
0.108
1.407
0.513
0.091
0.31
0.52
0.597
0.872
0.679
0.871
0.508
0.928
0.802
0.825
1.168
0.909
0.571
0.386
0.256
0.173
0.111
0.101
0.094
0.094
0.1
1.549
0.571
0.095
0.287
0.477
0.62
0.791
0.624
0.79
0.47
0.896
0.773
0.823
1.233
0.865
0.549
0.379
0.233
0.172
0.103
0.106
0.089
0.098
0.096
1.404
0.524
0.09
0.277
0.462
0.601
0.76
0.623
0.798
0.481
0.866
0.748
0.805
1.353
0.881
0.509
0.382
0.258
0.158
0.108
0.101
0.09
0.098
0.095
1.275
0.477
0.097
0.253
0.47
0.81
0.769
0.606
0.811
0.476
0.844
0.722
0.802
1.288
0.818
0.491
0.383
0.296
0.162
0.116
0.098
0.095
0.099
0.093
1.165
0.433
0.105
0.375
0.625
0.768
0.745
0.6
0.825
0.475
0.842
0.796
0.804
1.341
0.855
0.462
0.381
0.319
0.164
0.121
0.093
0.1
0.092
0.098
1.055
0.407
0.097
0.384
0.59
0.733
0.906
0.556
0.83
0.626
0.845
0.767
0.798
1.285
0.803
0.429
0.391
0.328
0.171
0.116
0.096
0.096
0.094
0.095
0.962
0.373
0.1
0.352
0.581
0.705
0.87
0.551
0.85
0.619
0.816
0.889
0.8
1.229
0.764
0.424
0.402
0.307
0.176
0.124
0.102
0.095
0.094
0.096
1.147
0.433
0.097
0.328
0.533
0.647
0.788
0.515
1.072
0.674
0.797
0.847
0.798
1.186
0.732
0.43
0.378
0.288
0.17
0.132
0.101
0.093
0.098
0.09
1.344
0.447
0.101
0.302
0.49
0.591
0.72
0.475
0.973
0.616
0.791
0.819
0.817
1.309
0.714
0.435
0.356
0.287
0.155
0.135
0.094
0.101
0.095
0.097
1.453
0.513
0.094
0.291
0.444
0.548
0.653
0.443
0.882
0.574
0.759
0.786
0.829
1.313
0.87
0.451
0.352
0.265
0.156
0.125
0.102
0.093
0.101
0.09
1.567
0.552
0.102
0.266
0.416
0.5
0.746
0.528
0.873
0.519
0.739
0.751
0.814
1.292
0.864
0.445
0.362
0.251
0.173
0.122
0.109
0.087
0.107
0.084
1.428
0.499
0.107
0.267
0.432
0.491
0.78
0.522
0.883
0.506
0.733
0.808
0.822
1.207
0.828
0.416
0.371
0.274
0.185
0.118
0.112
0.082
0.114
0.078
1.303
0.453
0.11
0.25
0.443
0.479
0.764
0.544
0.865
0.506
0.728
0.797
0.845
1.207
0.783
0.426
0.38
0.287
0.17
0.122
0.105
0.091
0.105
0.086
1.175
0.424
0.102
0.513
0.544
0.478
0.751
0.559
0.882
0.504
0.786
0.867
0.917
1.138
0.763
0.461
0.411
0.346
0.25
0.157
0.112
0.086
0.111
0.082
1.071
0.391
0.101
0.474
0.547
0.492
0.771
0.616
0.852
0.505
0.785
0.831
0.912
1.346
0.73
0.464
0.4
0.329
0.229
0.17
0.114
0.093
0.117
0.087
0.976
0.649
0.202
0.487
0.509
0.458
0.699
0.573
0.77
0.471
0.758
0.806
0.887
1.395
0.713
0.462
0.387
0.314
0.221
0.157
0.117
0.086
0.121
0.084
1.158
0.666
0.189
0.453
0.465
0.426
0.631
0.578
0.712
0.866
0.793
0.86
0.884
1.353
0.927
0.452
0.381
0.295
0.224
0.153
0.132
0.091
0.129
0.092
1.3
0.714
0.174
0.429
0.423
0.757
0.734
0.542
0.647
0.798
0.772
0.831
0.865
1.334
0.873
0.457
0.437
0.339
0.267
0.205
0.138
0.088
0.133
0.091
1.184
0.656
0.166
0.402
0.738
0.773
0.708
0.561
0.644
0.771
0.744
0.807
0.851
1.352
0.854
0.449
0.48
0.351
0.296
0.203
0.129
0.099
0.123
0.098
1.073
0.598
0.173
0.365
0.707
1.011
0.737
0.627
0.677
0.8
0.754
0.892
0.955
1.308
0.811
0.433
0.469
0.356
0.281
0.191
0.128
0.092
0.13
0.091
0.977
0.552
0.159
0.34
0.681
0.952
0.853
0.731
0.949
0.79
0.797
0.961
0.926
1.251
0.763
0.438
0.431
0.325
0.271
0.181
0.13
0.093
0.12
0.098
1.156
0.604
0.161
0.309
0.621
0.933
0.828
0.674
1.033
0.732
0.78
0.924
0.939
1.178
0.727
0.441
0.398
0.306
0.247
0.182
0.125
0.086
0.127
0.092
1.351
0.637
0.148
0.411
0.569
0.843
0.761
0.612
0.948
0.675
0.788
0.925
1.004
1.19
0.711
0.44
0.381
0.292
0.255
0.167
0.123
0.092
0.117
0.094
1.487
0.685
0.144
0.385
0.518
0.775
0.7
0.624
1.047
0.628
0.759
0.887
0.97
1.151
0.693
0.458
0.361
0.29
0.234
0.164
0.118
0.089
0.12
0.087
1.628
0.705
0.137
0.364
0.469
0.711
0.659
0.592
1.032
0.568
0.781
1.072
0.948
1.114
0.671
0.449
0.345
0.264
0.236
0.151
0.124
0.084
0.12
0.087
1.471
0.648
0.128
0.349
0.45
0.684
0.649
0.689
1.206
0.571
0.756
1.04
0.925
1.252
0.638
0.424
0.36
0.246
0.248
0.141
0.12
0.087
0.11
0.095
1.327
0.599
0.123
0.321
0.456
0.651
0.643
0.669
1.189
0.567
0.743
0.999
0.896
1.486
0.676
0.442
0.347
0.24
0.226
0.143
0.111
0.092
0.108
0.09
1.458
0.643
0.122
0.303
0.524
0.69
0.587
0.606
1.09
0.513
0.716
0.956
0.881
1.525
0.717
0.507
0.407
0.255
0.265
0.188
0.105
0.099
0.102
0.09
1.615
0.691
0.122
0.275
0.528
0.686
0.674
0.612
1.188
0.529
0.871
1.096
0.932
1.673
0.937
0.568
0.406
0.246
0.266
0.187
0.104
0.095
0.1
0.097
1.456
0.633
0.127
0.253
0.51
0.711
0.614
0.602
1.197
0.684
1.066
1.516
0.922
1.576
0.888
0.543
0.413
0.245
0.242
0.187
0.096
0.096
0.103
0.092
1.33
0.582
0.121
0.246
0.494
0.672
0.591
0.587
1.182
0.654
1.1
1.508
0.914
1.63
1.082
0.558
0.439
0.269
0.26
0.174
0.089
0.102
0.096
0.095
1.208
0.526
0.123
0.379
0.723
0.651
0.586
0.589
1.148
0.718
1.345
1.481
0.852
1.547
1.054
0.558
0.426
0.287
0.255
0.165
0.083
0.11
0.09
0.09
1.106
0.48
0.121
0.357
0.69
0.64
0.579
0.604
1.108
0.694
1.312
1.406
0.945
1.676
1.03
0.548
0.402
0.307
0.258
0.151
0.092
0.107
0.084
0.096
1.004
0.435
0.126
0.328
0.665
0.732
0.601
0.762
1.052
0.675
1.234
1.34
0.922
1.592
1.031
0.576
0.415
0.349
0.257
0.145
0.096
0.099
0.089
0.096
0.906
0.408
0.121
0.464
0.855
0.695
0.593
0.812
1.047
0.664
1.183
1.44
0.901
1.675
1.098
0.556
0.4
0.355
0.282
0.138
0.095
0.104
0.083
0.099
0.826
0.37
0.125
0.425
0.809
0.69
0.579
0.783
1.04
0.643
1.128
1.545
0.89
1.621
1.029
0.541
0.399
0.36
0.29
0.127
0.096
0.104
0.077
0.104
0.752
0.336
0.13
0.688
0.873
0.648
0.593
0.82
1.095
0.652
1.154
1.448
0.86
1.594
1.002
0.533
0.413
0.367
0.267
0.131
0.093
0.098
0.087
0.097
0.687
0.314
0.12
0.635
0.834
0.819
0.593
0.787
1.077
0.645
1.098
1.365
0.839
1.52
1.13
0.553
0.409
0.386
0.27
0.13
0.095
0.091
0.094
0.094
0.621
0.301
0.116
0.576
0.803
0.776
0.82
0.795
1.042
0.633
1.027
1.312
0.822
1.466
1.054
0.516
0.416
0.39
0.286
0.123
0.09
0.101
0.087
0.095
0.57
0.276
0.123
0.531
0.769
0.74
0.794
0.781
1.023
0.631
0.965
1.329
0.807
1.589
1.009
0.56
0.412
0.409
0.277
0.125
0.088
0.096
0.095
0.088
0.524
0.259
0.114
0.747
0.81
0.704
0.736
0.731
0.943
0.57
0.876
1.21
0.735
1.573
1.113
0.588
0.465
0.392
0.263
0.12
0.082
0.105
0.088
0.088
0.492
0.238
0.113
0.686
0.77
0.757
0.834
0.719
1.111
0.573
0.847
1.158
0.747
1.5
1.101
0.567
0.446
0.398
0.259
0.134
0.078
0.107
0.092
0.083
0.461
0.22
0.105
0.635
0.715
0.729
0.817
0.771
1.074
0.575
0.833
1.386
0.759
1.434
1.043
0.547
0.434
0.368
0.241
0.141
0.073
0.109
0.086
0.084
0.69
0.305
0.102
0.579
0.66
0.659
0.747
0.763
1.022
0.558
0.797
1.295
0.762
1.648
1.013
0.528
0.403
0.365
0.233
0.138
0.075
0.104
0.092
0.078
0.896
0.348
0.103
0.533
0.597
0.753
0.769
1.048
1.015
0.509
0.784
1.21
0.748
1.815
0.986
0.635
0.431
0.374
0.263
0.2
0.111
0.096
0.102
0.073
1.058
0.427
0.095
0.495
0.652
0.774
0.805
0.947
0.923
0.477
0.879
1.457
0.821
1.757
0.997
0.642
0.415
0.398
0.261
0.209
0.112
0.09
0.109
0.075
0.959
0.404
0.093
0.45
0.64
0.878
0.826
1.133
0.925
0.505
0.854
1.424
0.82
1.883
1.068
0.657
0.472
0.413
0.313
0.228
0.121
0.094
0.11
0.088
1.037
0.468
0.09
0.41
0.593
0.831
0.911
1.065
0.838
0.465
0.778
1.359
0.812
1.827
1.057
0.7
0.506
0.445
0.358
0.254
0.129
0.088
0.109
0.091
0.936
0.603
0.177
0.379
0.546
0.758
0.84
0.975
0.914
0.648
0.89
1.308
0.819
1.757
1.047
0.763
0.556
0.496
0.395
0.31
0.158
0.09
0.105
0.095
0.845
0.56
0.162
0.351
0.539
0.718
0.838
0.938
1.292
0.824
0.996
1.225
0.795
1.933
1.038
0.81
0.53
0.461
0.358
0.295
0.15
0.084
0.114
0.092
0.766
0.521
0.148
0.328
0.498
0.649
0.773
0.868
1.174
0.765
1.157
1.335
0.797
1.881
1.019
0.782
0.505
0.432
0.325
0.279
0.145
0.078
0.122
0.09
0.699
0.482
0.136
0.311
0.486
0.731
0.78
0.862
1.239
0.736
1.095
1.276
0.783
1.771
0.999
0.772
0.519
0.432
0.306
0.254
0.149
0.075
0.12
0.094
0.632
0.452
0.13
0.302
0.483
0.812
0.906
0.828
1.23
0.765
1.037
1.228
0.778
1.683
1.066
0.908
0.536
0.433
0.305
0.232
0.147
0.077
0.115
0.103
0.573
0.423
0.126
0.472
0.604
0.769
0.89
0.793
1.208
0.733
1.002
1.158
0.796
1.601
1.022
0.896
0.537
0.442
0.283
0.223
0.143
0.078
0.12
0.097
0.534
0.386
0.127
0.434
0.591
0.741
0.847
0.814
1.187
0.707
0.947
1.306
0.883
1.553
0.971
0.893
0.529
0.418
0.271
0.211
0.139
0.077
0.123
0.097
0.491
0.567
0.222
0.407
0.548
0.696
0.773
0.894
1.132
0.78
0.868
1.251
0.906
1.588
0.942
0.862
0.485
0.393
0.26
0.209
0.13
0.088
0.115
0.107
0.615
0.628
0.207
0.378
0.506
0.725
0.714
0.813
1.036
0.723
0.835
1.273
0.888
1.532
0.941
0.842
0.448
0.366
0.24
0.215
0.122
0.099
0.11
0.115
0.714
0.676
0.194
0.354
0.6
0.666
0.655
0.863
0.956
0.655
0.809
1.188
0.894
1.584
0.938
0.84
0.436
0.354
0.226
0.209
0.117
0.105
0.111
0.116
0.657
0.774
0.332
0.322
0.557
0.607
0.604
0.805
0.993
0.656
0.801
1.133
0.897
1.499
0.948
0.838
0.459
0.352
0.228
0.193
0.124
0.099
0.118
0.108
0.608
0.7
0.321
0.295
0.56
0.594
0.621
0.774
0.995
0.634
0.949
1.19
0.863
1.434
0.915
0.806
0.47
0.37
0.239
0.189
0.116
0.103
0.116
0.103
0.563
0.633
0.306
0.269
0.558
0.578
0.623
0.752
0.989
0.621
0.915
1.244
0.853
1.38
0.902
0.809
0.476
0.369
0.244
0.174
0.124
0.096
0.12
0.099
0.517
0.581
0.28
0.256
0.539
0.578
0.747
0.764
0.961
0.608
0.891
1.169
0.825
1.458
0.891
0.818
0.481
0.358
0.24
0.162
0.126
0.095
0.119
0.106
0.671
0.655
0.257
0.242
0.497
0.528
0.692
0.69
0.878
0.561
0.85
1.265
0.899
1.525
0.867
0.781
0.49
0.462
0.275
0.21
0.139
0.104
0.11
0.112
0.733
0.699
0.238
0.232
0.457
0.652
0.882
0.707
0.818
0.535
0.853
1.361
1.012
1.756
0.868
0.74
0.503
0.454
0.26
0.204
0.137
0.113
0.108
0.115
0.672
0.637
0.227
0.228
0.464
0.826
1.252
0.809
0.931
0.528
0.883
1.467
1.023
1.823
0.927
0.72
0.504
0.432
0.24
0.192
0.134
0.117
0.102
0.125
0.614
0.583
0.225
0.212
0.435
1.042
1.184
0.794
0.879
0.573
0.87
1.514
0.981
1.849
1.049
0.757
0.542
0.449
0.263
0.198
0.132
0.131
0.107
0.127
0.573
0.533
0.358
0.382
0.417
0.945
1.074
0.729
0.796
0.596
0.828
1.431
1.021
1.765
1.023
0.72
0.568
0.442
0.256
0.201
0.125
0.126
0.112
0.118
0.532
0.488
0.413
0.584
0.379
0.868
1.073
0.663
0.735
0.601
0.804
1.355
0.983
1.773
1.147
0.748
0.552
0.457
0.265
0.187
0.118
0.132
0.103
0.118
0.492
0.443
0.388
0.534
0.346
0.846
1.006
0.658
0.786
0.6
0.772
1.275
0.957
1.7
1.292
0.737
0.547
0.437
0.266
0.171
0.113
0.137
0.096
0.115
0.458
0.675
0.476
0.495
0.326
0.777
0.91
0.606
0.728
0.546
0.708
1.251
1.172
1.629
1.337
0.937
0.558
0.468
0.266
0.189
0.109
0.133
0.101
0.11
0.432
0.619
0.434
0.468
0.299
0.762
0.861
0.582
0.72
0.574
0.696
1.217
1.317
1.608
1.313
0.914
0.57
0.507
0.293
0.181
0.125
0.141
0.095
0.118
0.395
0.569
0.409
0.425
0.283
0.734
0.81
0.549
0.693
0.67
0.853
1.196
1.269
1.514
1.257
0.915
0.584
0.493
0.298
0.174
0.122
0.146
0.089
0.126
0.361
0.526
0.433
0.634
0.274
0.664
0.748
0.522
0.752
0.623
0.818
1.134
1.232
1.498
1.201
0.886
0.616
0.503
0.309
0.181
0.149
0.147
0.094
0.124
0.333
0.488
0.482
0.738
0.252
0.619
0.691
0.575
0.817
0.575
0.791
1.066
1.176
1.449
1.169
0.858
0.605
0.513
0.321
0.181
0.144
0.14
0.102
0.116
0.317
0.449
0.441
0.683
0.305
0.619
0.863
0.546
0.856
0.781
0.973
1.261
1.129
1.41
1.276
0.885
0.619
0.528
0.356
0.18
0.154
0.13
0.104
0.117
0.289
0.423
0.402
0.625
0.302
0.591
0.91
0.682
0.81
0.802
0.919
1.215
1.07
1.469
1.354
0.873
0.597
0.53
0.373
0.168
0.153
0.128
0.1
0.118
0.264
0.401
0.368
0.573
0.297
0.574
0.871
0.693
0.804
1.087
0.878
1.166
1.026
1.415
1.361
0.828
0.591
0.498
0.356
0.182
0.16
0.132
0.096
0.127
0.248
0.499
0.438
0.522
0.299
0.521
0.853
0.632
0.89
1.112
0.794
1.127
1.005
1.377
1.328
0.802
0.58
0.485
0.324
0.193
0.177
0.129
0.103
0.118
0.24
0.551
0.547
0.526
0.276
0.482
0.782
0.572
0.819
1.015
0.765
1.072
1.012
1.454
1.353
0.809
0.602
0.501
0.325
0.186
0.169
0.138
0.101
0.126
0.223
0.506
0.596
0.601
0.267
0.441
0.714
0.601
0.832
1.06
0.754
1.018
0.983
1.532
1.416
0.851
0.606
0.491
0.346
0.202
0.165
0.136
0.097
0.133
0.207
0.471
0.635
0.72
0.258
0.401
0.702
0.559
0.767
0.961
0.737
0.964
0.956
1.642
1.369
0.845
0.625
0.513
0.346
0.195
0.164
0.126
0.105
0.123
0.205
0.525
0.682
0.722
0.266
0.383
0.686
0.585
0.807
0.972
0.678
0.917
0.941
1.668
1.35
0.855
0.66
0.548
0.361
0.215
0.152
0.131
0.1
0.122
0.2
0.48
0.633
0.658
0.246
0.401
0.813
0.585
0.832
0.946
0.66
0.878
0.926
1.687
1.308
0.816
0.629
0.534
0.369
0.202
0.148
0.134
0.094
0.127
0.189
0.438
0.588
0.596
0.235
0.397
0.772
0.608
0.798
0.925
0.657
0.853
0.975
1.614
1.319
0.838
0.66
0.555
0.374
0.246
0.183
0.133
0.103
0.118
0.19
0.528
0.625
0.55
0.229
0.445
0.713
0.623
0.728
0.846
0.605
0.819
1.129
1.512
1.307
0.898
0.683
0.583
0.378
0.25
0.18
0.134
0.103
0.112
0.191
0.479
0.575
0.507
0.213
0.424
0.668
0.576
0.726
0.788
0.565
0.746
1.023
1.47
1.3
0.92
0.696
0.6
0.401
0.271
0.195
0.126
0.108
0.112
0.178
0.452
0.526
0.47
0.21
0.422
0.631
0.605
0.791
0.91
0.578
0.728
0.984
1.416
1.237
0.915
0.703
0.617
0.428
0.272
0.209
0.145
0.101
0.115
0.167
0.419
0.495
0.43
0.196
0.433
0.585
0.562
0.942
0.959
0.574
0.729
0.947
1.35
1.228
0.935
0.69
0.64
0.436
0.257
0.206
0.137
0.099
0.119
0.154
0.395
0.454
0.391
0.352
0.535
0.667
0.624
0.892
0.961
0.57
0.743
0.908
1.315
1.264
0.968
0.695
0.672
0.453
0.284
0.194
0.135
0.1
0.111
0.149
0.359
0.429
0.356
0.325
0.529
0.632
0.635
0.854
0.968
0.562
0.725
0.879
1.288
1.271
0.981
0.687
0.678
0.447
0.274
0.188
0.126
0.111
0.105
0.141
0.34
0.48
0.515
0.306
0.48
0.67
0.716
0.782
0.889
0.52
0.735
0.872
1.567
1.27
0.951
0.666
0.632
0.42
0.271
0.181
0.134
0.106
0.103
0.151
0.313
0.572
0.618
0.282
0.457
0.611
0.654
0.735
0.815
0.483
0.665
0.96
1.54
1.288
0.953
0.682
0.61
0.385
0.259
0.19
0.126
0.106
0.113
0.139
0.42
0.601
0.56
0.262
0.455
0.57
0.618
0.69
0.737
0.468
0.652
0.952
1.488
1.254
0.945
0.698
0.637
0.372
0.255
0.175
0.132
0.103
0.105
0.145
0.389
0.545
0.515
0.24
0.453
0.554
0.64
0.683
0.752
0.465
0.669
0.944
1.459
1.239
0.943
0.708
0.679
0.4
0.28
0.167
0.131
0.108
0.122
0.145
0.359
0.495
0.486
0.223
0.448
0.514
0.602
0.693
0.735
0.475
0.658
0.907
1.478
1.237
0.948
0.727
0.686
0.449
0.279
0.164
0.124
0.108
0.143
0.15
0.329
0.459
0.452
0.205
0.447
0.501
0.59
0.704
0.76
0.491
0.661
0.901
1.477
1.267
0.955
0.756
0.731
0.501
0.298
0.208
0.153
0.127
0.181
0.169
0.32
0.444
0.411
0.28
0.542
0.489
0.617
0.709
0.857
0.463
0.607
0.953
1.465
1.306
0.947
0.754
0.735
0.523
0.296
0.207
0.164
0.148
0.214
0.192
0.318
0.426
0.397
0.262
0.534
0.506
0.602
0.683
0.871
0.462
0.608
0.966
1.436
1.326
0.919
0.72
0.718
0.495
0.307
0.199
0.154
0.151
0.197
0.185
0.298
0.51
0.466
0.246
0.486
0.468
0.568
0.624
0.861
0.444
0.551
0.947
1.385
1.315
0.944
0.749
0.727
0.508
0.282
0.194
0.152
0.149
0.181
0.183
0.277
0.463
0.43
0.228
0.465
0.466
0.531
0.735
0.909
0.597
0.551
0.931
1.445
1.297
0.939
0.757
0.755
0.537
0.3
0.193
0.151
0.142
0.168
0.184
0.253
0.425
0.394
0.218
0.466
0.451
0.517
0.714
0.916
0.591
0.544
0.912
1.436
1.279
0.942
0.74
0.731
0.541
0.324
0.205
0.143
0.144
0.163
0.169
0.246
0.394
0.358
0.213
0.575
0.448
0.528
0.693
0.91
0.744
0.575
0.899
1.387
1.266
0.929
0.739
0.724
0.547
0.33
0.188
0.134
0.139
0.155
0.172
0.231
0.359
0.333
0.196
0.556
0.428
0.539
0.687
0.908
0.714
0.577
0.864
1.361
1.279
0.946
0.749
0.732
0.531
0.319
0.174
0.142
0.149
0.168
0.182
0.235
0.426
0.451
0.18
0.541
0.428
0.539
0.636
0.866
0.708
0.57
0.83
1.361
1.296
0.937
0.728
0.715
0.526
0.293
0.16
0.139
0.138
0.172
0.171
0.216
0.508
0.564
0.166
0.5
0.39
0.496
0.579
0.994
0.644
0.525
0.839
1.326
1.263
0.908
0.703
0.681
0.49
0.273
0.16
0.143
0.132
0.164
0.174
0.199
0.553
0.673
0.153
0.464
0.376
0.45
0.538
0.965
0.584
0.489
0.878
1.316
1.242
0.865
0.681
0.65
0.464
0.262
0.162
0.163
0.129
0.173
0.17
0.189
0.613
0.752
0.143
0.426
0.53
0.465
0.488
0.956
0.711
0.486
0.952
1.32
1.268
0.831
0.671
0.641
0.451
0.263
0.156
0.158
0.129
0.16
0.168
0.179
0.655
0.829
0.133
0.404
0.49
0.44
0.455
0.868
0.643
0.457
0.873
1.265
1.265
0.863
0.681
0.63
0.47
0.272
0.156
0.149
0.123
0.159
0.155
0.176
0.598
0.751
0.164
0.375
0.454
0.408
0.622
0.818
0.593
0.464
0.853
1.196
1.243
0.866
0.679
0.654
0.48
0.258
0.153
0.138
0.128
0.149
0.147
0.174
0.542
0.689
0.151
0.386
0.449
0.4
0.759
0.941
0.749
0.498
0.82
1.178
1.273
0.893
0.667
0.633
0.485
0.264
0.145
0.141
0.119
0.145
0.136
0.168
0.492
0.631
0.145
0.592
0.466
0.427
0.877
0.927
0.704
0.458
0.757
1.14
1.244
0.946
0.677
0.631
0.508
0.261
0.135
0.136
0.117
0.146
0.126
0.165
0.46
0.573
0.146
0.551
0.447
0.423
0.837
0.91
0.681
0.613
0.757
1.116
1.22
0.936
0.666
0.649
0.541
0.28
0.152
0.136
0.109
0.151
0.121
0.152
0.432
0.526
0.138
0.506
0.436
0.431
0.821
1.002
0.662
0.596
0.768
1.12
1.227
0.931
0.663
0.645
0.541
0.307
0.163
0.147
0.105
0.152
0.125
0.141
0.405
0.484
0.128
0.652
0.467
0.441
0.826
1.047
0.649
0.589
0.758
1.123
1.205
0.92
0.669
0.657
0.536
0.294
0.15
0.143
0.098
0.153
0.116
0.14
0.383
0.52
0.257
0.605
0.634
0.425
0.924
1.116
0.593
0.542
0.689
1.077
1.205
0.98
0.707
0.674
0.562
0.323
0.141
0.144
0.127
0.168
0.127
0.153
0.372
0.485
0.239
0.55
0.596
0.405
0.893
1.168
0.617
0.573
0.675
1.15
1.242
1.021
0.73
0.694
0.589
0.321
0.157
0.165
0.153
0.196
0.155
0.172
0.384
0.463
0.235
0.539
0.565
0.421
0.943
1.171
0.611
0.59
0.709
1.251
1.296
1.044
0.753
0.718
0.619
0.342
0.169
0.171
0.173
0.229
0.163
0.18
0.393
0.443
0.281
0.598
0.534
0.423
0.936
1.311
0.752
0.726
0.837
1.268
1.31
1.112
0.853
0.764
0.623
0.356
0.181
0.2
0.198
0.252
0.184
0.201
0.402
0.424
0.285
0.596
0.543
0.556
0.962
1.264
0.731
0.804
0.851
1.282
1.444
1.163
0.891
0.892
0.691
0.416
0.26
0.24
0.225
0.271
0.195
0.207
0.418
0.405
0.29
0.604
0.851
0.52
1.001
1.406
0.934
0.909
0.896
1.308
1.503
1.242
0.982
0.932
0.763
0.634
0.436
0.267
0.213
0.252
0.193
0.191
0.393
0.374
0.269
0.593
0.914
0.701
1.026
1.479
0.969
0.999
0.99
1.39
1.817
1.338
1.026
0.918
0.792
0.625
0.452
0.245
0.21
0.231
0.188
0.18
0.433
0.503
0.313
0.583
1.01
0.659
0.957
1.384
1.106
1.279
0.997
1.396
1.816
1.606
1.167
0.94
0.805
0.571
0.421
0.235
0.193
0.227
0.174
0.182
0.394
0.467
0.292
0.592
0.945
0.649
0.949
1.462
1.087
1.335
1.049
1.467
1.813
1.588
1.157
0.971
0.786
0.578
0.407
0.226
0.181
0.218
0.163
0.181
0.363
0.432
0.271
0.584
0.88
0.611
0.884
1.385
1.229
1.699
1.359
1.529
1.77
1.578
1.156
0.968
0.813
0.582
0.435
0.262
0.224
0.241
0.155
0.177
0.334
0.409
0.256
0.591
0.831
0.752
1.272
1.372
1.325
1.679
1.572
1.533
1.786
1.755
1.277
0.967
0.807
0.553
