0.0
0.0
0.0
0.0
0.0
0.0
0.0
0.0
0.0
0.0
0.0
0.0
0.0
0.0
0.0
0.0
0.0
0.0
0.0
0.0
0.0
0.0
0.0
0.0
0.0
0.0
0.0
0.0
0.0
0.0
0.0
0.0
0.0
0.0
0.0
0.0
0.0
0.0
0.0
0.0
0.0
0.0
0.0
0.0
0.0
0.0
0.0
0.0
0.0
0.0
0.0
0.0
0.0
0.0
0.0
0.0
0.0
0.0
0.0
0.0
0.0
0.0
0.0
0.0
0.0
0.0
0.0
0.0
0.0
0.0
0.0
0.0
0.0
0.0
0.0
0.0
0.0
0.0
0.0
0.0
0.0
0.0
0.0
0.0
0.0
0.0
0.0
0.0
0.0
0.0
0.0
0.0
0.0
0.0
0.0
0.0
0.0
0.0
0.0
0.0
0.0
0.0
0.0
0.0
0.0
0.0
0.0
0.0
0.0
0.0
0.0
0.0
0.0
0.0
0.0
0.0
0.0
0.0
0.0
0.0
0.0
0.0
0.0
0.0
0.0
0.0
0.0
0.0
0.0
0.0
0.0
0.0
0.0
0.0
0.0
0.0
0.0
0.0
0.0
0.0
0.0
0.0
0.0
0.0
0.0
0.0
0.0
0.0
0.0
0.0
0.0
0.0
0.0
0.0
0.0
0.0
0.0
0.0
0.0
0.0
0.0
0.0
0.0
0.0
0.0
0.0
0.0
0.0
0.0
0.0
0.0
0.0
0.0
0.0
0.0
0.0
0.0
0.0
0.0
0.0
0.0
0.0
0.0
0.0
0.0
0.0
0.0
0.0
0.0
0.0
0.0
0.0
0.0
0.0
0.0
0.0
0.0
0.0
0.0
0.0
0.0
0.0
0.0
0.0
0.0
0.0
0.0
0.0
0.0
0.0
0.0
0.0
0.0
0.0
0.0
0.0
0.0
0.0
0.0
0.0
0.0
0.0
0.0
0.0
0.0
0.0
0.0
0.0
0.0
0.0
0.0
0.0
0.0
0.0
0.0
0.0
0.0
0.0
0.0
0.0
0.0
0.0
0.0
0.0
0.0
0.0
0.0
0.0
0.0
0.0
0.0
0.0
0.0
0.0
0.0
0.0
0.0
0.0
0.0
0.0
0.0
0.0
0.0
0.0
0.0
0.0
0.0
0.0
0.0
0.0
0.0
0.0
0.0
0.0
0.0
0.0
0.0
0.0
0.0
0.0
0.0
0.0
0.0
0.0
0.0
0.0
0.0
0.0
0.0
0.0
0.0
0.0
0.0
0.0
0.0
0.0
0.0
0.0
0.0
0.0
0.0
0.0
0.0
0.0
0.0
0.0
0.0
0.0
0.0
0.0
0.0
0.0
0.0
0.0
0.0
0.0
0.0
0.0
0.0
0.0
0.0
0.0
0.0
0.0
0.0
0.0
0.0
0.0
0.0
0.0
0.0
0.0
0.0
0.0
0.0
0.0
0.0
0.0
0.0
0.0
0.0
0.0
0.0
0.0
0.0
0.0
0.0
0.0
0.0
0.0
0.0
0.0
0.0
0.0
0.0
0.0
0.0
0.0
0.0
0.0
0.0
0.0
0.0
0.0
0.0
0.0
0.0
0.0
0.0
0.0
0.0
0.0
0.0
0.0
0.0
0.0
0.0
0.0
0.0
0.0
0.0
0.0
0.0
0.0
0.0
0.0
0.0
0.0
0.0
0.0
0.0
0.0
0.0
0.0
0.0
0.0
0.0
0.0
0.0
0.0
0.0
0.0
0.0
0.0
0.0
0.0
0.0
0.0
0.0
0.0
0.0
0.0
0.0
0.0
0.0
0.0
0.0
0.0
0.0
0.0
0.0
0.0
0.0
0.0
0.0
0.0
0.0
0.0
0.0
0.0
0.0
0.0
0.0
0.0
0.0
0.0
0.0
0.0
0.0
0.0
0.0
0.0
0.0
0.0
0.0
0.0
0.0
0.0
0.0
0.0
0.0
0.0
0.0
0.0
0.0
0.0
0.0
0.0
0.0
0.0
0.0
0.0
0.0
0.0
0.0
0.0
0.0
0.0
0.0
0.0
0.0
0.0
0.0
0.0
0.0
0.0
0.0
0.0
0.0
0.0
0.0
0.0
0.0
0.0
0.0
0.0
0.0
0.0
0.0
0.0
0.0
0.0
0.0
0.0
0.0
0.0
0.0
0.0
0.0
0.0
0.0
0.0
0.0
0.0
0.0
0.408
0.348
0.382
0.274
0.217
0.144
0.247
1.211
0.651
0.841
0.413
0.45
0.906
0.994
0.481
1.647
1.472
1.029
0.529
0.317
0.682
0.819
0.94
1.045
0.487
0.429
0.403
0.299
0.25
0.185
0.374
1.124
0.416
0.77
0.512
0.435
1.051
0.763
0.573
1.647
1.779
1.435
0.604
0.31
0.621
0.717
0.816
1.044
0.521
0.474
0.441
0.359
0.298
0.187
0.423
1.128
0.304
0.81
0.662
0.399
0.89
0.763
0.51
2.072
2.147
1.644
0.521
0.244
0.795
0.719
0.725
1.014
0.528
0.476
0.432
0.327
0.277
0.174
0.322
1.176
0.267
0.92
0.89
0.369
0.735
0.768
0.481
2.072
2.284
1.644
0.461
0.344
0.795
0.764
0.725
0.718
0.809
0.491
0.386
0.275
0.27
0.261
0.205
0.644
0.968
0.642
0.349
0.863
1.005
0.557
0.528
1.394
1.72
1.784
0.561
0.503
0.611
0.687
0.592
0.718
0.899
0.51
0.408
0.306
0.302
0.3
0.229
0.755
0.977
0.521
0.489
0.652
1.451
0.605
1.076
0.913
1.122
1.373
0.56
0.459
0.672
0.654
0.656
1.008
0.647
0.49
0.458
0.353
0.278
0.212
0.231
1.022
0.427
1.011
0.905
0.236
0.53
0.675
0.791
2.118
2.292
1.282
0.301
0.211
0.985
0.95
0.782
0.797
0.755
0.473
0.438
0.347
0.276
0.215
0.234
1.012
0.454
0.955
0.827
0.22
0.485
0.618
0.719
1.928
2.371
1.605
0.528
0.203
1.063
1.104
0.906
0.761
0.748
0.453
0.423
0.337
0.273
0.221
0.225
1.047
0.418
0.936
0.847
0.318
0.463
0.621
0.82
1.944
2.327
1.553
0.508
0.221
1.064
1.11
0.955
0.879
0.806
0.535
0.444
0.33
0.274
0.243
0.221
1.061
0.386
0.916
0.91
0.304
0.442
0.639
0.829
1.961
2.263
1.666
0.489
0.292
1.087
1.154
0.923
0.911
0.905
0.512
0.43
0.323
0.273
0.246
0.3
1.085
0.361
0.908
0.907
0.288
0.412
0.985
0.843
1.947
2.301
1.619
0.56
0.288
1.049
1.15
0.875
0.948
0.933
0.502
0.414
0.316
0.272
0.25
0.369
1.12
0.341
0.95
1.095
0.399
0.502
1.027
0.948
1.961
2.415
1.635
0.6
0.298
1.001
1.089
0.901
0.938
0.921
0.492
0.41
0.317
0.272
0.249
0.36
1.174
0.329
0.863
1.012
0.382
0.469
0.935
0.865
1.858
2.358
1.725
0.607
0.282
0.934
1.019
0.926
1.003
0.915
0.488
0.395
0.31
0.273
0.248
0.338
1.178
0.325
0.783
0.921
0.488
0.445
0.866
0.802
1.85
2.311
1.704
0.603
0.31
0.893
0.968
0.875
0.995
0.869
0.478
0.388
0.305
0.266
0.235
0.33
1.31
0.351
0.785
0.961
0.468
0.431
0.874
0.734
1.86
2.322
1.717
0.668
0.307
0.911
0.988
0.927
1.027
0.837
0.46
0.36
0.285
0.249
0.221
0.307
1.302
0.324
0.776
0.966
0.453
0.426
0.824
0.76
1.919
2.296
1.653
0.618
0.292
0.872
1.014
0.894
1.078
0.895
0.531
0.442
0.295
0.251
0.212
0.285
1.313
0.305
0.788
1.059
0.43
0.414
0.811
0.702
1.9
2.305
1.746
0.736
0.35
0.855
0.994
0.859
1.114
0.848
0.505
0.424
0.276
0.24
0.2
0.276
1.374
0.283
0.783
1.087
0.431
0.406
0.787
0.778
1.747
2.108
1.599
0.672
0.325
0.814
0.97
0.83
1.116
0.839
0.5
0.419
0.284
0.239
0.207
0.268
1.372
0.337
0.789
1.018
0.408
0.407
0.717
0.711
1.605
1.933
1.468
0.613
0.305
0.832
0.96
0.8
1.053
0.837
0.491
0.441
0.275
0.227
0.194
0.25
1.249
0.461
0.781
1.002
0.392
0.378
0.651
0.651
1.45
1.792
1.463
0.699
0.318
0.797
0.907
0.887
1.096
0.814
0.473
0.423
0.309
0.259
0.201
0.253
1.207
0.548
0.732
0.916
0.363
0.374
0.618
0.617
1.35
1.651
1.35
0.676
0.321
0.809
0.867
0.843
1.083
0.838
0.467
0.418
0.319
0.27
0.216
0.306
1.368
0.585
0.744
0.898
0.353
0.384
0.625
0.695
1.256
1.524
1.255
0.672
0.338
0.838
0.899
0.849
1.048
0.771
0.429
0.389
0.298
0.252
0.223
0.292
1.352
0.55
0.696
0.9
0.348
0.378
0.588
0.656
1.179
1.473
1.165
0.637
0.362
0.864
0.99
0.857
1.082
0.731
0.428
0.387
0.305
0.25
0.229
0.345
1.353
0.513
0.656
0.898
0.352
0.367
0.556
0.667
1.232
1.425
1.077
0.602
0.378
0.87
1.055
0.865
1.118
0.687
0.428
0.38
0.303
0.249
0.234
0.333
1.41
0.484
0.619
0.889
0.346
0.36
0.538
0.629
1.274
1.345
1.006
0.572
0.41
0.866
1.062
0.894
1.201
0.743
0.475
0.417
0.353
0.265
0.222
0.323
1.419
0.457
0.589
0.843
0.348
0.344
0.491
0.578
1.156
1.22
0.914
0.524
0.377
0.82
1.147
0.861
1.125
0.801
0.51
0.414
0.354
0.277
0.239
0.313
1.285
0.425
0.599
0.766
0.325
0.587
0.511
0.55
1.199
1.41
1.108
0.555
0.37
0.81
1.072
0.837
1.154
0.814
0.487
0.407
0.35
0.29
0.239
0.307
1.185
0.529
0.547
0.7
0.368
0.556
0.484
0.528
1.126
1.303
1.032
0.521
0.368
0.854
1.012
0.823
1.145
0.78
0.479
0.405
0.355
0.298
0.242
0.309
1.358
0.558
0.591
0.762
0.35
0.532
0.506
0.497
1.211
1.378
1.158
0.629
0.358
0.896
1.017
0.835
1.079
0.762
0.475
0.378
0.329
0.28
0.225
0.289
1.343
0.509
0.616
0.86
0.346
0.503
0.51
0.574
1.319
1.429
1.259
0.781
0.347
0.877
0.977
0.818
1.103
0.857
0.53
0.418
0.312
0.262
0.224
0.277
1.456
0.469
0.628
1.015
0.542
0.632
0.468
0.525
1.339
1.531
1.259
0.782
0.399
0.866
0.999
0.795
1.095
0.87
0.519
0.415
0.304
0.262
0.227
0.333
1.465
0.432
0.669
1.124
0.521
0.599
0.534
0.529
1.251
1.418
1.168
0.712
0.47
0.902
1.025
0.781
1.098
0.83
0.527
0.421
0.301
0.263
0.229
0.323
1.519
0.494
0.765
1.097
0.476
0.55
0.488
0.486
1.134
1.284
1.061
0.648
0.557
0.88
1.054
0.763
1.06
0.84
0.514
0.406
0.298
0.264
0.23
0.314
1.56
0.517
0.777
1.042
0.505
0.902
0.511
0.506
1.063
1.236
1.045
0.601
0.544
0.866
0.989
0.85
1.017
0.801
0.504
0.39
0.294
0.265
0.23
0.306
1.494
0.543
0.708
0.947
0.533
0.834
0.484
0.491
1.017
1.156
0.974
0.603
0.578
0.862
0.977
0.839
0.976
0.75
0.484
0.376
0.291
0.262
0.234
0.317
1.637
0.568
0.684
0.882
0.598
0.783
0.598
0.559
0.962
1.075
0.94
0.597
0.591
0.907
0.973
0.906
0.926
0.71
0.478
0.366
0.286
0.263
0.233
0.312
1.605
0.532
0.705
0.807
0.573
0.752
0.879
0.53
0.878
1.023
0.889
0.579
0.572
0.862
1.0
0.861
0.951
0.672
0.46
0.371
0.284
0.262
0.234
0.29
1.589
0.488
0.642
0.799
0.525
0.685
0.802
0.485
0.8
0.928
0.811
0.635
0.598
0.968
0.963
0.839
0.992
0.73
0.508
0.398
0.292
0.274
0.23
0.331
1.569
0.447
0.589
0.789
0.496
0.629
0.733
0.445
0.728
0.847
0.737
0.581
0.547
0.981
1.135
0.818
1.015
0.697
0.493
0.395
0.295
0.272
0.233
0.389
1.609
0.409
0.54
0.785
0.455
0.576
0.668
0.41
0.664
0.771
0.714
0.738
0.659
1.097
1.352
0.822
0.977
0.762
0.48
0.395
0.302
0.272
0.237
0.439
1.625
0.432
0.511
0.722
0.421
0.894
0.803
0.378
0.614
0.705
0.703
0.801
0.64
1.031
1.262
0.787
1.086
0.724
0.468
0.394
0.31
0.281
0.24
0.505
1.616
0.457
0.468
0.659
0.388
0.815
0.73
0.352
0.562
0.644
0.643
0.728
0.623
1.085
1.204
0.774
1.111
0.762
0.541
0.422
0.31
0.279
0.244
0.524
1.576
0.419
0.432
0.664
0.36
0.742
0.666
0.328
0.515
0.588
0.59
0.663
0.775
1.208
1.323
0.896
1.162
0.726
0.511
0.404
0.306
0.275
0.244
0.498
1.435
0.438
0.398
0.605
0.336
0.676
0.611
0.303
0.473
0.539
0.539
0.608
0.705
1.099
1.327
0.872
1.181
0.71
0.501
0.404
0.311
0.275
0.247
0.536
1.435
0.404
0.366
0.929
0.419
0.616
0.56
0.282
0.434
0.496
0.492
0.601
0.846
1.257
1.253
0.848
1.17
0.706
0.487
0.402
0.317
0.283
0.255
0.515
1.466
0.371
0.34
0.907
0.684
0.666
0.511
0.393
0.498
0.792
0.73
0.561
0.8
1.202
1.215
0.841
1.229
0.758
0.553
0.477
0.426
0.37
0.284
0.497
1.447
0.342
0.353
0.983
0.72
1.075
0.552
0.471
0.504
0.772
0.704
0.572
0.76
1.161
1.207
0.836
1.269
0.918
0.577
0.454
0.41
0.357
0.271
0.458
1.405
0.355
0.464
1.038
0.789
1.312
0.616
0.573
0.504
0.765
0.716
0.533
0.806
1.163
1.132
0.864
1.251
0.87
0.564
0.438
0.392
0.33
0.251
0.423
1.389
0.348
0.424
0.945
0.792
1.205
0.579
0.554
0.631
0.891
0.787
0.487
0.819
1.133
1.095
0.868
1.242
0.796
0.519
0.402
0.363
0.307
0.241
0.467
1.432
0.351
0.463
0.93
0.782
1.15
0.869
0.601
0.789
0.995
1.017
0.507
0.773
1.146
1.073
0.87
1.163
0.758
0.491
0.39
0.35
0.303
0.241
0.491
1.454
0.329
0.52
1.008
1.05
1.197
1.014
0.872
0.919
0.972
1.034
0.476
0.76
1.158
1.018
0.823
1.074
0.704
0.451
0.826
0.395
0.298
0.246
0.464
1.334
0.308
0.551
0.939
0.968
1.107
0.927
1.167
1.105
1.091
0.984
0.511
0.812
1.118
0.978
0.776
0.983
0.643
0.412
0.75
0.366
0.276
0.228
0.424
1.221
0.292
0.56
0.861
0.943
1.026
0.845
1.271
1.209
1.053
0.943
0.474
0.801
1.068
0.925
0.74
0.903
0.587
0.38
0.685
0.336
0.256
0.214
0.388
1.13
0.347
0.624
0.857
0.929
0.959
0.794
1.262
1.271
1.145
0.969
0.439
0.78
1.023
0.96
0.726
0.838
0.568
0.367
0.64
0.339
0.261
0.206
0.359
1.026
0.319
0.661
0.788
0.854
0.896
0.823
1.188
1.283
1.242
0.943
0.433
0.812
1.027
0.917
0.699
0.782
0.534
0.339
0.583
0.315
0.243
0.192
0.333
0.931
0.303
0.613
0.718
0.851
0.829
0.777
1.184
1.343
1.313
0.863
0.399
0.787
0.977
0.88
0.674
0.747
0.491
0.316
0.534
0.29
0.225
0.182
0.308
0.942
0.325
0.626
0.66
0.804
0.776
0.713
1.333
1.432
1.331
0.795
0.422
0.78
0.996
0.873
0.649
0.723
0.487
0.322
0.522
0.298
0.242
0.18
0.288
0.899
0.443
0.623
0.602
1.057
0.832
0.663
1.407
1.362
1.316
0.764
0.423
0.885
1.2
0.849
0.652
0.715
0.547
0.373
0.506
0.304
0.255
0.2
0.348
0.946
0.408
0.573
0.634
0.961
0.757
0.605
1.274
1.235
1.194
0.695
0.486
1.081
1.394
0.999
0.631
0.766
0.532
0.365
0.48
0.297
0.255
0.206
0.404
0.964
0.529
0.546
0.579
0.876
0.689
0.551
1.155
1.122
1.082
0.632
0.446
0.983
1.262
1.181
0.617
0.809
0.536
0.367
0.469
0.304
0.257
0.209
0.396
1.036
0.681
0.69
0.569
0.796
0.628
0.504
1.049
1.018
0.981
0.576
0.409
1.135
1.297
1.105
0.598
0.859
0.557
0.367
0.459
0.301
0.257
0.214
0.391
1.087
0.62
0.63
0.52
0.724
0.573
0.461
0.952
0.924
0.892
0.527
0.464
1.072
1.21
1.05
0.62
1.157
0.835
0.388
0.448
0.306
0.268
0.223
0.378
1.004
0.631
0.575
0.476
0.659
0.523
0.423
0.866
0.84
0.81
0.583
0.581
1.189
1.324
1.001
0.614
1.18
0.949
0.375
0.43
0.301
0.267
0.226
0.364
1.07
0.778
0.664
0.447
0.604
0.489
0.392
0.788
0.765
0.737
0.533
0.531
1.154
1.567
1.253
0.65
1.109
0.901
0.365
0.413
0.297
0.266
0.229
0.353
1.088
0.709
0.605
0.618
0.742
0.91
0.551
0.718
0.696
0.671
0.487
0.619
1.193
1.736
1.341
0.629
1.153
0.893
0.378
0.411
0.305
0.275
0.234
0.39
1.15
0.646
0.553
0.701
0.676
0.826
1.007
0.676
0.644
0.814
0.447
0.649
1.421
1.888
1.315
0.609
1.08
0.954
0.376
0.406
0.31
0.284
0.241
0.455
1.221
0.607
0.513
0.64
0.616
0.751
0.914
0.616
0.587
0.739
0.41
0.826
1.496
1.931
1.379
0.593
1.125
0.95
0.365
0.391
0.305
0.281
0.243
0.468
1.316
0.568
0.474
0.686
0.563
0.684
0.83
0.562
0.536
0.673
0.377
0.752
1.355
1.745
1.453
0.582
1.072
0.899
0.522
0.388
0.311
0.288
0.254
0.456
1.207
0.518
0.499
0.713
1.023
0.747
0.769
0.533
0.513
0.634
0.426
0.741
1.319
1.666
1.392
0.563
1.026
0.83
0.49
0.372
0.288
0.285
0.238
0.421
1.179
0.57
0.457
0.65
0.956
0.682
0.72
0.5
0.66
0.785
0.554
0.759
1.253
1.594
1.318
0.569
0.961
0.806
0.464
0.359
0.282
0.277
0.234
0.394
1.253
0.686
0.528
0.705
0.927
0.644
0.656
0.462
0.82
0.906
0.698
0.804
1.256
1.511
1.46
0.578
0.908
0.772
0.438
0.334
0.262
0.257
0.224
0.546
1.164
0.629
0.549
0.785
0.96
0.641
0.787
0.532
1.048
1.027
0.813
0.833
1.242
1.482
1.395
0.586
0.942
0.819
0.428
0.321
0.261
0.266
0.223
0.5
1.161
0.574
0.592
0.904
0.992
0.617
0.772
0.593
1.199
1.134
0.957
0.858
1.245
1.468
1.427
0.583
1.03
0.78
0.393
0.302
0.243
0.247
0.212
0.589
1.212
0.528
0.616
1.059
0.912
0.581
0.78
0.665
1.335
1.19
0.976
0.968
1.24
1.39
1.366
0.602
1.078
0.752
0.366
0.286
0.226
0.229
0.203
0.64
1.21
0.49
0.715
1.08
0.866
0.553
0.77
0.775
1.518
1.286
1.008
0.968
1.267
1.351
1.366
0.616
1.023
0.752
0.392
0.305
0.232
0.22
0.201
0.786
1.259
0.479
0.86
1.091
0.887
0.664
0.711
0.707
1.399
1.185
0.942
0.945
1.249
1.346
1.332
0.643
0.996
0.747
0.37
0.286
0.216
0.205
0.191
0.716
1.373
0.591
0.785
0.996
0.898
0.618
0.669
0.656
1.303
1.106
0.88
0.89
1.225
1.29
1.267
0.619
0.922
0.902
0.365
0.282
0.221
0.207
0.186
0.797
1.45
0.578
0.752
0.91
0.823
0.579
0.612
0.627
1.349
1.049
0.828
0.839
1.167
1.235
1.27
0.665
1.007
0.846
0.369
0.261
0.208
0.196
0.174
0.789
1.54
0.58
0.689
0.827
0.748
0.532
0.652
0.757
1.625
1.373
0.94
0.839
1.18
1.186
1.228
0.654
0.947
0.893
0.466
0.357
0.31
0.265
0.173
0.721
1.522
0.532
0.702
0.956
0.874
0.726
0.596
0.689
1.547
1.387
0.931
0.812
1.112
1.15
1.185
0.668
0.902
0.859
0.458
0.378
0.315
0.264
0.181
0.763
1.52
0.487
0.661
0.963
0.8
0.681
0.596
0.684
1.727
1.48
0.982
0.79
1.072
1.107
1.16
0.669
0.849
0.944
0.551
0.46
0.397
0.374
0.232
0.772
1.549
0.452
0.637
0.95
0.75
0.658
0.56
0.677
1.595
1.375
0.925
0.765
1.022
1.064
1.164
0.696
0.835
0.982
0.535
0.465
0.368
0.349
0.222
0.706
1.477
0.617
0.615
0.933
0.716
0.644
0.529
0.639
1.617
1.273
0.901
0.796
1.034
1.066
1.138
0.718
0.812
0.939
0.49
0.426
0.342
0.336
0.214
0.646
1.368
0.673
0.562
0.847
0.684
0.62
0.515
0.622
1.494
1.189
0.921
0.833
1.003
1.04
1.098
0.707
0.817
0.88
0.508
0.484
0.328
0.327
0.212
0.598
1.328
0.767
0.539
0.827
0.652
0.738
0.819
0.6
1.382
1.268
0.912
0.84
0.964
1.003
1.136
0.762
0.796
0.934
0.527
0.483
0.319
0.303
0.202
0.547
1.29
0.857
0.493
0.779
0.701
0.7
0.771
0.566
1.279
1.198
0.871
0.831
0.946
0.963
1.093
0.757
0.782
0.956
0.535
0.459
0.311
0.296
0.205
0.517
1.19
0.934
0.458
0.713
0.664
0.665
0.728
0.538
1.188
1.312
0.826
0.816
0.908
0.924
1.071
0.768
0.756
0.901
0.538
0.424
0.294
0.277
0.197
0.472
1.199
1.049
0.422
0.683
0.704
0.612
0.667
0.493
1.078
1.216
0.829
0.848
0.937
0.929
1.072
0.852
0.757
0.937
0.536
0.428
0.289
0.258
0.189
0.433
1.203
1.094
0.471
0.651
0.664
0.593
0.638
0.469
1.009
1.136
0.805
0.904
0.969
0.996
1.124
0.967
0.804
0.901
0.549
0.453
0.288
0.257
0.193
0.405
1.111
1.011
0.461
0.677
0.639
0.771
0.818
0.445
0.971
1.191
0.919
0.969
1.009
1.016
1.147
0.985
0.808
0.867
0.532
0.426
0.27
0.241
0.183
0.375
1.007
0.976
0.511
0.621
0.586
0.746
0.792
0.442
0.915
1.121
0.912
0.992
1.0
1.012
1.222
1.02
0.806
0.84
0.5
0.407
0.28
0.23
0.176
0.347
1.023
1.089
0.665
0.674
0.568
0.682
0.742
0.405
1.109
1.19
1.248
1.364
1.046
1.387
1.648
1.489
0.964
0.82
0.458
0.374
0.262
0.213
0.167
0.321
1.005
1.197
0.787
0.877
0.671
0.848
1.101
0.481
1.236
1.494
1.485
1.461
1.444
1.798
2.091
1.782
1.005
0.896
0.515
0.455
0.351
0.276
0.157
0.298
1.094
1.211
0.889
1.036
0.711
1.008
1.113
0.859
1.293
1.545
1.639
1.672
1.645
2.038
2.236
1.742
0.998
0.97
0.525
0.434
0.341
0.271
0.162
0.289
1.102
1.353
0.88
0.961
0.668
1.178
1.198
0.802
1.214
1.458
1.562
1.598
1.683
1.953
2.115
1.677
0.988
1.041
0.59
0.508
0.406
0.341
0.152
0.283
1.013
1.349
0.824
0.897
0.631
1.084
1.116
0.746
1.126
1.362
1.458
1.54
1.603
1.81
1.977
1.596
0.969
1.097
0.733
0.601
0.516
0.364
0.156
0.275
1.007
1.354
0.783
1.069
0.617
1.014
1.132
0.707
1.056
1.281
1.399
1.516
1.524
1.772
1.885
1.512
0.966
1.075
0.72
0.59
0.484
0.333
0.158
0.267
0.914
1.229
0.871
0.969
0.567
0.944
1.046
0.663
0.99
1.199
1.312
1.505
1.51
1.665
1.784
1.432
0.941
1.017
0.702
0.588
0.455
0.321
0.165
0.253
0.921
1.325
0.835
0.924
0.568
0.887
1.04
0.718
0.925
1.118
1.249
1.668
1.489
1.581
1.675
1.42
0.92
0.984
0.684
0.573
0.437
0.299
0.155
0.235
0.925
1.354
0.772
0.875
0.547
0.832
0.97
0.673
0.865
1.064
1.173
1.638
1.547
1.532
1.607
1.423
0.924
1.016
0.759
0.662
0.514
0.373
0.205
0.224
0.863
1.344
0.725
0.833
0.533
0.779
0.906
0.631
0.816
1.009
1.149
1.662
1.476
1.572
1.668
1.398
0.924
0.987
0.695
0.602
0.471
0.347
0.191
0.209
0.79
1.502
0.692
0.776
0.523
0.763
0.855
0.612
0.772
0.979
1.116
1.655
1.437
1.517
1.618
1.468
0.966
0.962
0.635
0.562
0.441
0.321
0.181
0.195
0.723
1.558
0.878
1.119
0.812
0.988
0.912
0.819
1.015
1.521
1.245
1.855
1.679
1.801
1.922
1.802
1.289
0.941
0.765
0.63
0.521
0.343
0.183
0.194
0.752
1.562
1.005
1.248
0.892
1.149
0.96
0.856
0.922
1.691
1.376
1.972
1.622
1.748
2.032
1.904
1.286
1.007
0.827
0.69
0.594
0.328
0.174
0.181
0.684
1.435
1.014
1.129
0.813
1.308
1.082
0.978
1.05
1.923
1.724
2.28
2.056
2.059
2.389
2.282
1.551
1.076
0.802
0.663
0.565
0.307
0.167
0.173
0.736
1.488
0.975
1.235
1.002
1.576
1.357
1.294
1.324
2.346
2.058
2.644
2.471
2.338
2.683
2.533
1.938
1.184
0.939
0.666
0.515
0.282
0.156
0.163
0.763
1.489
0.888
1.381
1.452
1.781
1.603
1.58
1.731
2.684
2.352
3.023
2.847
2.703
3.007
2.664
2.121
1.098
1.049
0.785
0.651
0.443
0.33
0.214
0.784
1.483
0.812
1.6
1.561
1.802
1.678
1.691
1.781
2.836
2.538
3.095
2.793
2.646
3.063
2.867
2.268
1.084
1.063
0.747
0.593
0.425
0.306
0.203
0.807
1.534
0.792
1.589
1.615
1.828
1.73
1.72
1.806
2.984
2.66
3.179
2.775
2.907
3.411
3.119
2.348
1.174
1.108
0.709
0.542
0.391
0.281
0.192
0.821
1.518
0.796
1.537
1.49
1.678
1.596
1.578
1.667
2.732
2.464
2.949
2.568
2.681
3.164
2.965
2.243
1.168
1.103
0.697
0.539
0.374
0.273
0.186
0.752
1.549
0.763
1.428
1.415
1.671
1.508
1.5
1.537
2.496
2.279
2.758
2.426
2.529
2.979
2.788
2.286
1.138
1.033
0.676
0.495
0.359
0.26
0.175
0.686
1.538
0.823
1.464
1.453
1.586
1.395
1.39
1.423
2.414
2.163
2.587
2.306
2.425
2.818
2.65
2.192
1.097
0.949
0.631
0.459
0.33
0.244
0.164
0.713
1.615
0.869
1.361
1.362
1.473
1.447
1.281
1.427
2.296
2.027
2.447
2.201
2.306
2.7
2.557
2.125
1.058
0.868
0.577
0.424
0.303
0.231
0.184
0.907
1.575
0.949
1.239
1.226
1.325
1.303
1.153
1.284
2.067
1.896
2.377
2.188
2.224
2.607
2.481
2.05
1.044
0.822
0.531
0.405
0.292
0.217
0.199
0.956
1.546
0.934
1.196
1.192
1.266
1.228
1.075
1.232
1.951
1.806
2.264
2.068
2.115
2.484
2.373
1.971
1.036
0.784
0.497
0.388
0.282
0.214
0.189
0.921
1.55
0.875
1.12
1.113
1.2
1.191
1.075
1.174
1.858
1.749
2.14
1.964
2.157
2.394
2.29
1.905
1.037
0.75
0.468
0.37
0.275
0.214
0.179
0.84
1.533
0.829
1.043
1.03
1.112
1.129
0.995
1.094
1.719
1.637
1.999
1.861
2.067
2.29
2.143
1.805
1.014
0.75
0.466
0.391
0.275
0.213
0.173
0.867
1.487
0.879
0.971
0.976
1.047
1.054
0.926
1.017
1.632
1.621
1.999
1.805
1.974
2.141
2.021
1.777
0.953
0.728
0.453
0.379
0.273
0.213
0.178
0.834
1.527
1.131
0.884
0.889
1.278
1.299
0.882
0.992
1.836
1.823
1.953
1.698
1.845
2.011
1.887
1.667
0.995
0.664
0.417
0.35
0.253
0.198
0.165
0.871
1.806
1.503
1.18
1.149
1.498
1.436
0.814
0.901
1.66
1.648
1.764
1.713
1.791
1.961
1.848
1.616
0.97
0.623
0.418
0.336
0.253
0.204
0.172
0.92
1.912
1.36
1.069
1.109
1.355
1.296
0.764
0.845
1.56
1.581
1.651
1.627
1.69
1.964
1.853
1.534
0.921
0.754
0.547
0.421
0.342
0.271
0.197
0.861
1.996
1.267
0.97
1.021
1.256
1.204
0.723
0.798
1.454
1.518
1.582
1.551
1.636
1.866
1.751
1.457
1.0
0.722
0.531
0.397
0.326
0.267
0.191
0.86
2.097
1.148
0.91
1.04
1.168
1.122
0.679
0.755
1.366
1.433
1.531
1.507
1.549
1.829
1.696
1.388
1.073
0.789
0.61
0.452
0.404
0.248
0.179
0.866
2.225
1.056
0.87
1.051
1.087
1.048
0.643
0.72
1.288
1.361
1.457
1.439
1.5
1.776
1.683
1.346
1.031
0.843
0.664
0.447
0.383
0.244
0.17
0.793
2.223
0.975
0.825
0.988
1.023
0.975
0.608
0.686
1.224
1.329
1.423
1.416
1.465
1.71
1.606
1.435
1.103
0.867
0.637
0.409
0.356
0.226
0.161
0.738
2.064
1.194
0.767
0.898
0.953
0.898
0.554
0.626
1.11
1.203
1.319
1.572
1.376
1.622
1.527
1.399
1.026
0.802
0.581
0.376
0.328
0.21
0.151
0.896
2.126
1.138
0.73
0.843
0.905
0.855
0.529
0.597
1.076
1.21
1.325
1.493
1.335
1.589
1.507
1.441
1.018
0.768
0.559
0.374
0.304
0.198
0.144
0.875
2.03
1.305
0.698
0.77
0.89
0.792
0.486
0.547
0.975
1.152
1.33
1.507
1.341
1.577
1.479
1.406
1.093
0.817
0.586
0.358
0.288
0.185
0.139
0.917
2.129
1.234
0.671
0.805
0.838
0.743
0.464
0.542
0.951
1.133
1.325
1.491
1.333
1.544
1.472
1.406
1.083
0.918
0.721
0.38
0.281
0.185
0.145
0.915
2.158
1.152
0.644
0.77
0.813
0.734
0.461
0.543
0.953
1.124
1.313
1.461
1.325
1.531
1.452
1.435
1.079
0.871
0.677
0.367
0.294
0.191
0.146
0.955
2.205
1.083
0.618
0.789
0.774
0.697
0.464
0.533
0.959
1.097
1.294
1.433
1.3
1.488
1.43
1.403
1.092
0.868
0.651
0.372
0.307
0.212
0.173
0.938
2.268
1.065
0.606
0.777
0.735
0.666
0.453
0.515
0.917
1.061
1.242
1.364
1.288
1.443
1.363
1.43
1.138
0.9
0.64
0.361
0.3
0.215
0.17
0.886
2.168
1.237
0.557
0.715
0.7
0.639
0.45
0.503
0.862
1.029
1.385
1.302
1.223
1.393
1.299
1.38
1.182
0.838
0.59
0.341
0.284
0.223
0.308
1.166
1.973
1.125
0.513
0.65
0.807
0.751
0.446
0.49
0.841
0.993
1.319
1.257
1.183
1.354
1.368
1.327
1.133
0.801
0.574
0.318
0.269
0.212
0.288
1.152
2.056
1.054
0.523
0.624
0.764
0.72
0.434
0.477
0.805
0.96
1.326
1.217
1.13
1.327
1.306
1.282
1.107
0.769
0.567
0.313
0.268
0.217
0.285
1.075
2.169
0.994
0.518
0.598
0.729
0.686
0.42
0.478
0.776
0.933
1.28
1.169
1.081
1.358
1.264
1.233
1.136
0.735
0.559
0.32
0.273
0.223
0.299
1.002
2.246
0.93
0.512
0.579
0.692
0.656
0.41
0.469
0.743
0.91
1.288
1.186
1.083
1.308
1.271
1.186
1.209
0.71
0.529
0.314
0.273
0.227
0.297
1.029
2.288
0.895
0.507
0.566
0.75
0.643
0.401
0.51
0.764
0.963
1.255
1.177
1.053
1.259
1.247
1.147
1.243
0.811
0.65
0.43
0.333
0.233
0.309
0.958
2.323
0.931
0.469
0.521
0.684
0.586
0.467
0.63
0.811
0.97
1.557
1.159
0.993
1.191
1.171
1.269
1.283
0.762
0.625
0.423
0.337
0.233
0.309
0.886
2.289
1.415
0.5
0.485
0.636
0.535
0.43
0.577
0.736
1.046
1.484
1.106
1.086
1.241
1.125
1.226
1.292
0.836
0.617
0.41
0.315
0.217
0.289
0.911
2.415
1.382
0.497
0.481
0.615
0.523
0.422
0.561
0.721
1.049
1.542
1.125
1.067
1.233
1.318
1.235
1.222
0.808
0.597
0.395
0.315
0.217
0.29
0.867
2.512
1.326
0.506
0.516
0.717
0.516
0.412
0.542
0.694
1.008
1.452
1.126
1.063
1.416
1.347
1.189
1.25
0.804
0.59
0.395
0.324
0.23
0.289
0.922
2.462
1.381
0.91
0.845
0.81
0.513
0.405
0.562
0.678
1.05
1.402
1.105
1.051
1.393
1.295
1.179
1.175
0.909
0.722
0.513
0.43
0.31
0.276
0.844
2.366
1.537
0.872
0.837
0.996
0.74
0.402
0.572
0.706
1.05
1.391
1.345
1.093
1.369
1.41
1.339
1.219
0.863
0.677
0.49
0.417
0.305
0.275
0.788
2.259
1.759
0.886
0.819
1.238
0.74
0.663
0.748
0.767
1.068
1.416
1.342
1.114
1.365
1.448
1.378
1.218
0.894
0.623
0.456
0.387
0.286
0.259
0.735
2.185
1.703
0.908
0.819
1.159
0.775
0.678
0.807
0.784
1.077
1.393
1.339
1.131
1.355
1.458
1.386
1.218
0.901
0.579
0.424
0.379
0.274
0.248
0.675
2.074
1.643
0.885
0.812
1.143
1.032
0.883
0.989
0.908
1.133
1.417
1.375
1.135
1.337
1.47
1.37
1.157
0.845
0.538
0.393
0.356
0.259
0.236
0.619
1.999
1.54
0.921
0.853
1.12
1.044
0.973
0.965
0.958
1.127
1.373
1.336
1.128
1.335
1.44
1.379
1.245
0.809
0.501
0.366
0.336
0.245
0.223
0.576
1.812
1.502
0.977
0.886
1.066
1.075
1.05
0.961
0.941
1.16
1.378
1.34
1.175
1.474
1.44
1.345
1.18
0.755
0.464
0.343
0.317
0.241
0.222
0.532
1.731
1.537
1.029
0.854
1.004
1.002
0.976
0.902
0.902
1.125
1.325
1.306
1.194
1.458
1.424
1.342
1.179
0.712
0.445
0.335
0.309
0.239
0.212
0.489
1.641
1.522
1.1
0.827
1.0
0.987
0.931
0.88
0.895
1.119
1.347
1.264
1.195
1.453
1.381
1.284
1.113
0.79
0.452
0.326
0.302
0.237
0.203
0.448
1.486
1.481
1.219
0.881
0.956
0.937
1.13
1.146
1.067
1.139
1.369
1.26
1.176
1.424
1.395
1.281
1.045
0.862
0.514
0.325
0.301
0.235
0.207
0.432
1.449
1.493
1.327
0.889
0.937
0.914
1.1
1.095
1.134
1.146
1.369
1.288
1.166
1.421
1.406
1.339
1.027
0.888
0.472
0.304
0.282
0.223
0.197
0.4
1.313
1.526
1.34
0.879
0.934
0.888
1.07
1.174
1.107
1.144
1.351
1.283
1.248
1.428
1.402
1.341
1.026
0.941
0.474
0.319
0.293
0.226
0.199
0.388
1.333
1.524
1.268
0.917
0.94
0.856
1.045
1.12
1.056
1.134
1.346
1.418
1.267
1.424
1.421
1.431
1.035
0.871
0.439
0.299
0.275
0.216
0.191
0.368
1.343
1.498
1.178
0.897
0.882
0.839
1.055
1.067
0.992
1.101
1.416
1.396
1.243
1.429
1.451
1.367
1.133
0.809
0.417
0.292
0.26
0.204
0.183
0.359
1.407
1.557
1.202
0.841
0.847
0.922
1.233
1.003
0.928
1.07
1.367
1.507
1.179
1.371
1.391
1.297
1.057
0.877
0.435
0.302
0.258
0.207
0.179
0.428
1.388
1.497
1.375
0.804
0.805
0.879
1.282
0.948
0.873
1.035
1.355
1.431
1.125
1.299
1.332
1.23
1.102
0.845
0.414
0.292
0.256
0.203
0.186
0.396
1.411
1.492
1.397
0.77
0.768
1.174
1.217
0.89
0.837
0.994
1.321
1.516
1.172
1.25
1.331
1.244
1.067
0.969
0.516
0.421
0.363
0.244
0.187
0.372
1.375
1.523
1.409
0.738
0.731
1.116
1.242
0.868
0.798
0.963
1.31
1.467
1.236
1.228
1.272
1.206
1.126
0.895
0.472
0.392
0.355
0.232
0.175
0.34
1.424
1.617
1.319
0.671
0.808
1.04
1.162
0.821
0.764
0.946
1.352
1.437
1.177
1.246
1.218
1.162
1.063
0.984
0.558
0.487
0.455
0.339
0.271
0.366
1.294
1.475
1.347
0.715
0.929
1.43
1.619
0.8
0.734
0.916
1.349
1.469
1.248
1.271
1.292
1.128
1.201
0.941
0.561
0.448
0.422
0.311
0.258
0.337
1.178
1.465
1.437
0.867
0.999
1.724
1.526
0.772
0.71
0.9
1.447
1.577
1.304
1.227
1.238
1.111
1.297
0.861
0.518
0.414
0.39
0.303
0.249
0.31
1.083
1.522
1.348
0.824
0.939
1.595
1.406
0.735
0.69
0.87
1.392
1.52
1.334
1.264
1.198
1.073
1.3
0.943
0.616
0.512
0.48
0.281
0.238
0.289
1.109
1.639
1.316
0.802
0.887
1.478
1.298
0.7
0.665
0.839
1.317
1.464
1.266
1.217
1.161
1.049
1.345
0.905
0.584
0.466
0.447
0.267
0.219
0.301
1.148
1.609
1.214
0.787
0.843
1.372
1.201
0.739
0.649
0.839
1.301
1.471
1.264
1.189
1.196
1.035
1.305
0.882
0.587
0.458
0.428
0.258
0.209
0.29
1.195
1.596
1.115
0.757
0.799
1.269
1.114
0.697
0.623
0.811
1.251
1.42
1.281
1.258
1.204
1.047
1.347
0.956
0.635
0.425
0.398
0.245
0.199
0.269
1.09
1.586
1.063
0.696
0.761
1.193
1.047
0.664
0.611
0.799
1.189
1.392
1.232
1.222
1.16
1.026
1.281
0.927
0.586
0.409
0.371
0.232
0.19
0.338
1.101
1.494
1.011
0.666
0.716
1.419
0.976
0.639
0.596
0.79
1.243
1.472
1.256
1.189
1.189
1.009
1.263
0.931
0.591
0.411
0.35
0.22
0.184
0.316
1.217
1.363
0.945
0.644
0.69
1.319
0.911
0.606
0.588
0.764
1.182
1.411
1.226
1.286
1.144
0.994
1.221
0.925
0.557
0.395
0.34
0.221
0.189
0.304
1.289
1.373
0.886
0.62
0.661
1.23
0.853
0.584
0.578
0.755
1.162
1.358
1.185
1.265
1.125
0.983
1.214
0.996
0.547
0.403
0.351
0.238
0.188
0.322
1.331
1.44
0.872
0.6
0.689
1.281
1.266
0.645
0.604
0.761
1.106
1.3
1.135
1.224
1.1
0.966
1.169
0.932
0.502
0.375
0.328
0.226
0.18
0.309
1.432
1.308
0.821
0.656
0.672
1.205
1.176
0.625
0.589
0.741
1.166
1.303
1.078
1.198
1.092
0.955
1.186
1.066
0.52
0.413
0.339
0.244
0.185
0.307
1.44
1.402
0.763
0.636
0.645
1.216
1.082
0.576
0.572
0.711
1.136
1.259
1.108
1.205
1.08
0.955
1.314
1.017
0.507
0.412
0.344
0.255
0.205
0.307
1.45
1.453
0.712
0.586
0.625
1.142
1.02
0.564
0.564
0.681
1.137
1.215
1.063
1.172
1.048
0.967
1.396
1.083
0.58
0.452
0.334
0.249
0.198
0.288
1.444
1.45
0.686
0.572
0.609
1.074
0.97
0.546
0.556
0.66
1.097
1.176
1.021
1.228
1.203
1.073
1.351
1.021
0.556
0.419
0.324
0.242
0.185
0.36
1.479
1.31
0.646
0.644
0.586
0.991
0.886
0.502
0.787
0.698
1.061
1.147
0.997
1.195
1.156
1.112
1.357
0.962
0.576
0.401
0.317
0.241
0.178
0.418
1.511
1.203
0.624
0.702
0.571
0.935
0.829
0.491
0.76
0.684
1.036
1.099
0.975
1.166
1.127
1.081
1.394
1.021
0.647
0.385
0.299
0.232
0.175
0.387
1.542
1.1
0.601
0.68
0.853
0.905
0.791
0.488
0.733
0.659
0.996
1.065
0.944
1.13
1.087
1.056
1.286
0.955
0.594
0.36
0.28
0.229
0.173
0.36
1.399
1.0
0.57
0.655
0.809
0.857
0.747
0.479
0.708
0.64
0.965
1.067
0.963
1.087
1.116
1.039
1.229
0.907
0.57
0.357
0.264
0.215
0.167
0.336
1.268
0.912
0.555
0.634
0.768
0.806
0.703
0.461
0.672
0.63
0.941
1.086
1.012
1.124
1.131
1.059
1.14
0.859
0.563
0.334
0.249
0.203
0.162
0.313
1.152
0.833
0.506
0.581
0.727
0.769
0.658
0.446
0.637
0.619
1.01
1.077
0.993
1.095
1.091
1.2
1.282
1.007
0.721
0.322
0.244
0.207
0.157
0.299
1.226
0.837
0.514
0.567
0.693
0.733
0.629
0.482
0.665
0.602
1.051
1.062
0.966
1.062
1.063
1.169
1.223
0.956
0.689
0.317
0.232
0.197
0.152
0.28
1.113
0.765
0.505
0.553
0.667
0.707
0.614
0.483
0.651
0.601
1.016
1.052
0.938
1.032
1.088
1.123
1.145
0.895
0.649
0.296
0.232
0.193
0.15
0.263
1.13
0.724
0.495
0.576
0.642
0.706
0.587
0.473
0.634
0.587
1.013
1.107
0.992
1.045
1.064
1.093
1.072
0.838
0.612
0.278
0.221
0.185
0.148
0.248
1.026
0.675
0.5
0.594
0.628
0.682
0.557
0.466
0.619
0.577
0.987
1.155
1.087
1.045
1.029
1.062
1.07
0.805
0.578
0.275
0.216
0.179
0.145
0.233
1.031
0.704
0.521
0.583
0.879
0.785
0.537
0.467
0.625
0.57
0.963
1.151
1.093
1.044
1.058
1.114
1.043
0.804
0.596
0.435
0.211
0.172
0.153
0.235
0.958
0.754
0.494
0.566
0.815
0.773
0.531
0.606
0.621
0.545
0.966
1.17
1.115
1.077
1.059
1.103
1.031
0.82
0.583
0.419
0.212
0.179
0.152
0.221
1.046
0.878
0.52
0.529
0.784
0.733
0.516
0.588
0.607
0.563
1.003
1.163
1.149
1.185
1.061
1.104
1.051
0.809
0.607
0.436
0.246
0.215
0.18
0.242
1.047
1.028
0.509
0.497
0.745
0.983
0.573
0.569
0.597
0.565
1.034
1.149
1.16
1.155
1.028
1.082
1.099
0.797
0.574
0.406
0.232
0.206
0.174
0.371
1.141
0.931
0.498
0.579
0.708
0.928
0.553
0.55
0.59
0.549
1.012
1.176
1.192
1.152
1.026
1.062
1.211
0.878
0.676
0.497
0.232
0.206
0.177
0.342
1.31
0.849
0.489
0.645
0.691
0.885
0.536
0.536
0.585
0.536
1.016
1.2
1.205
1.142
1.093
1.041
1.312
0.846
0.642
0.506
0.234
0.214
0.187
0.461
1.444
0.839
0.454
0.665
0.647
1.183
0.519
0.524
0.57
0.522
0.974
1.191
1.226
1.167
1.091
1.048
1.427
0.854
0.646
0.523
0.265
0.252
0.219
0.474
1.53
0.786
0.426
0.721
0.601
1.165
0.645
0.492
0.564
0.513
0.955
1.245
1.168
1.126
1.051
1.027
1.351
0.976
0.614
0.484
0.253
0.236
0.209
0.533
1.51
0.95
0.468
0.696
0.567
1.369
0.658
0.498
0.612
0.543
1.107
1.273
1.183
1.14
1.055
1.093
1.436
1.065
0.732
0.497
0.26
0.238
0.199
0.5
1.461
0.989
0.432
0.64
0.563
1.257
0.615
0.501
0.738
0.689
1.079
1.229
1.23
1.116
1.023
1.07
1.358
1.217
0.732
0.459
0.249
0.237
0.205
0.491
1.485
1.08
0.437
0.616
0.548
1.17
0.589
0.488
0.708
0.665
1.015
1.179
1.19
1.105
1.064
1.072
1.29
1.147
0.698
0.448
0.236
0.223
0.196
0.546
1.504
0.982
0.43
0.669
0.514
1.082
0.547
0.557
0.877
0.676
0.993
1.158
1.136
1.068
1.037
1.019
1.337
1.269
0.794
0.429
0.23
0.227
0.195
0.593
1.561
0.902
0.4
0.633
0.492
1.15
0.522
0.548
0.852
0.66
0.998
1.153
1.156
1.075
1.013
0.983
1.257
1.253
0.736
0.411
0.219
0.22
0.198
0.598
1.653
0.819
0.405
0.7
0.486
1.06
0.481
0.505
0.96
0.693
0.973
1.11
1.121
1.053
0.994
0.943
1.299
1.196
0.687
0.39
0.222
0.213
0.188
0.643
1.7
0.743
0.4
0.772
0.481
1.286
0.482
0.492
0.911
0.666
1.016
1.131
1.084
1.053
1.042
0.978
1.299
1.334
0.699
0.371
0.211
0.204
0.181
0.683
1.697
0.748
0.382
0.739
0.473
1.197
0.469
0.473
1.057
0.718
0.972
1.11
1.118
1.064
1.044
0.97
1.379
1.33
0.65
0.347
0.2
0.194
0.17
0.773
1.662
0.796
0.369
0.681
0.467
1.101
0.443
0.465
0.983
0.699
0.925
1.15
1.138
1.082
1.034
0.953
1.318
1.327
0.628
0.35
0.218
0.211
0.19
0.793
1.677
0.968
0.412
0.658
0.479
1.038
0.435
0.457
1.042
0.781
0.912
1.109
1.092
1.049
1.215
1.061
1.266
1.246
0.61
0.345
0.204
0.203
0.182
0.818
1.722
1.013
0.558
0.756
0.801
0.985
0.421
0.543
1.086
0.967
0.902
1.074
1.044
1.022
1.173
1.028
1.351
1.148
0.575
0.334
0.211
0.2
0.178
0.882
1.723
0.925
0.544
0.815
0.761
0.907
0.39
0.502
0.983
0.884
0.82
1.13
1.268
0.991
1.133
0.989
1.269
1.251
0.546
0.326
0.216
0.208
0.223
0.979
1.739
0.849
0.494
0.845
0.698
0.823
0.364
0.485
0.923
1.124
0.799
1.094
1.206
1.057
1.094
0.961
1.354
1.296
0.64
0.422
0.244
0.2
0.208
0.943
1.783
0.814
0.53
0.924
0.694
0.778
0.34
0.457
0.883
1.06
0.775
1.099
1.213
1.048
1.087
0.986
1.323
1.419
0.627
0.414
0.249
0.2
0.215
0.969
1.813
0.828
0.589
1.003
0.857
1.171
0.584
0.643
0.85
0.992
0.763
1.077
1.227
1.05
1.089
0.992
1.269
1.305
0.595
0.384
0.249
0.195
0.202
0.884
1.778
0.898
0.563
0.925
0.805
1.077
0.548
0.616
0.794
0.942
0.743
1.108
1.165
1.03
1.058
0.972
1.301
1.34
0.705
0.485
0.239
0.188
0.194
0.826
1.831
0.992
0.642
1.034
0.787
1.007
0.642
0.684
1.26
1.048
0.737
1.114
1.138
1.097
1.161
0.973
1.214
1.242
0.646
0.449
0.226
0.183
0.18
0.847
1.82
0.903
0.626
1.095
0.781
0.951
0.628
0.677
1.335
1.012
0.744
1.076
1.087
1.058
1.131
0.946
1.344
1.255
0.709
0.527
0.326
0.303
0.201
0.852
1.79
0.82
0.612
1.127
0.742
0.897
0.625
0.683
1.246
0.956
0.719
1.033
1.051
1.056
1.244
0.932
1.389
1.232
0.683
0.501
0.307
0.285
0.192
0.863
1.732
0.75
0.65
1.148
0.676
0.82
0.574
0.625
1.133
0.871
0.661
0.977
1.01
1.017
1.187
0.907
1.443
1.148
0.64
0.475
0.296
0.266
0.184
0.784
1.716
0.83
0.673
1.17
0.706
0.776
0.614
0.677
1.205
1.175
0.726
0.949
0.971
0.985
1.152
0.894
1.335
1.187
0.603
0.45
0.277
0.251
0.19
0.817
1.654
0.926
0.721
1.08
0.803
0.754
0.614
0.633
1.096
1.112
0.698
0.939
1.005
0.987
1.112
0.985
1.295
1.126
0.584
0.423
0.263
0.236
0.178
0.836
1.666
0.941
0.711
0.997
0.84
0.699
0.578
0.605
1.044
1.159
0.68
0.934
1.07
0.974
1.081
0.96
1.36
1.055
0.598
0.424
0.269
0.253
0.191
0.862
1.619
0.945
0.85
1.016
0.775
0.66
0.567
0.559
1.224
1.182
0.657
0.922
1.036
0.97
1.145
0.989
1.259
0.988
0.548
0.392
0.254
0.235
0.183
0.946
1.617
0.857
0.837
1.021
0.787
0.635
0.537
0.607
1.403
1.223
0.64
0.909
0.999
0.968
1.109
0.954
1.287
1.027
0.653
0.445
0.238
0.221
0.176
0.951
1.559
0.817
0.793
1.123
0.742
0.605
0.599
0.617
1.31
1.145
0.616
0.88
0.952
0.948
1.141
0.941
1.349
1.047
0.66
0.457
0.252
0.237
0.187
0.968
1.494
0.787
0.798
1.117
0.695
0.561
0.549
0.566
1.192
1.053
0.587
0.863
0.922
0.931
1.095
0.914
1.385
1.104
0.735
0.552
0.355
0.328
0.181
0.891
1.377
0.803
0.861
1.141
0.787
0.54
0.564
0.548
1.128
0.99
0.578
0.848
0.884
0.937
1.078
0.912
1.324
1.103
0.705
0.528
0.337
0.309
0.178
0.814
1.36
0.742
0.979
1.068
0.752
0.54
0.541
0.596
1.065
0.93
0.672
0.879
0.979
0.995
1.206
0.93
1.293
1.202
0.836
0.696
0.513
0.494
0.376
0.882
1.366
0.758
0.892
0.975
0.837
0.531
0.528
0.579
1.002
0.876
0.678
0.886
1.198
0.982
1.171
0.903
1.252
1.122
0.78
0.648
0.486
0.468
0.387
0.914
1.398
0.705
0.817
1.021
0.845
0.518
0.509
0.613
0.959
0.837
0.67
0.934
1.181
1.083
1.189
0.949
1.21
1.085
0.713
0.597
0.452
0.434
0.359
0.885
1.428
0.673
0.818
1.077
0.796
0.517
0.51
0.588
0.945
0.793
0.697
0.934
1.151
1.165
1.254
0.987
1.318
1.303
0.955
0.606
0.432
0.404
0.34
0.809
1.387
0.8
0.779
1.017
0.827
0.529
0.493
0.568
0.924
0.762
0.748
0.978
1.132
1.221
1.281
0.967
1.263
1.192
0.873
0.559
0.404
0.38
0.317
0.824
1.401
0.909
0.745
0.949
0.778
0.528
0.483
0.548
0.969
0.728
0.715
0.968
1.121
1.215
1.313
0.989
1.244
1.109
0.819
0.528
0.39
0.361
0.298
0.755
1.348
0.849
0.712
1.034
0.736
0.522
0.617
0.629
1.141
0.825
0.745
0.967
1.124
1.229
1.288
0.985
1.144
1.055
0.766
0.499
0.382
0.365
0.294
0.695
1.248
1.061
0.763
1.122
0.7
0.518
0.651
0.611
1.134
0.797
0.753
1.001
1.108
1.207
1.247
0.938
1.104
0.977
0.713
0.482
0.366
0.357
0.288
0.798
1.303
1.018
0.749
1.048
0.76
0.632
0.622
0.574
1.071
0.76
0.722
1.002
1.084
1.199
1.199
0.926
1.087
0.94
0.668
0.461
0.356
0.361
0.295
0.743
1.267
0.96
0.915
0.995
0.724
0.609
0.597
0.573
1.009
0.721
0.689
0.964
1.048
1.163
1.22
0.919
1.051
0.889
0.653
0.455
0.335
0.35
0.285
0.682
1.151
0.876
0.847
0.939
0.687
0.59
0.57
0.56
0.952
0.692
0.67
0.971
1.204
1.243
1.168
0.898
1.004
0.866
0.613
0.436
0.315
0.331
0.267
0.724
1.127
0.804
0.803
0.907
0.658
0.573
0.546
0.539
0.905
0.666
0.649
0.96
1.219
1.239
1.122
0.895
0.973
0.841
0.639
0.421
0.308
0.323
0.253
0.747
1.167
0.735
0.814
0.987
0.676
0.57
0.595
0.536
0.881
0.64
0.625
0.916
1.171
1.199
1.082
0.88
1.021
0.829
0.589
0.392
0.288
0.307
0.249
0.693
1.139
0.771
0.863
1.1
0.654
0.557
0.548
0.529
0.842
0.616
0.6
1.026
1.14
1.194
1.109
0.883
1.015
0.835
0.597
0.391
0.275
0.287
0.27
0.803
1.1
0.705
0.806
1.221
0.788
0.56
0.538
0.614
0.815
0.59
0.589
0.996
1.18
1.176
1.066
0.89
0.982
0.832
0.725
0.452
0.366
0.349
0.258
0.743
1.114
0.691
0.738
1.162
0.733
0.525
0.523
0.592
1.263
0.804
0.587
1.012
1.149
1.135
1.045
0.905
0.962
0.792
0.676
0.435
0.344
0.327
0.242
0.869
1.136
0.816
0.731
1.096
0.808
0.692
0.523
0.589
1.186
0.775
0.611
0.995
1.116
1.147
1.045
0.848
0.902
0.724
0.625
0.402
0.323
0.305
0.228
0.914
1.221
0.794
0.695
1.025
0.777
0.664
0.508
0.577
1.107
0.737
0.584
0.959
1.093
1.113
1.015
0.932
0.859
0.695
0.588
0.407
0.313
0.299
0.221
0.912
1.209
0.9
0.68
0.957
0.742
0.63
0.496
0.562
1.034
0.716
0.584
0.919
1.069
1.169
1.001
0.944
0.848
0.671
0.557
0.38
0.295
0.283
0.21
0.926
1.227
0.953
0.683
0.911
0.752
0.602
0.515
0.594
0.972
0.693
0.568
0.862
1.031
1.148
0.976
0.943
0.806
0.634
0.521
0.367
0.29
0.264
0.203
0.849
1.202
1.023
0.642
0.833
0.833
0.599
0.476
0.596
0.965
0.665
0.552
0.81
1.003
1.194
1.045
0.925
0.738
0.581
0.483
0.341
0.271
0.248
0.211
0.901
1.208
0.969
0.618
0.775
0.82
0.626
0.479
0.577
0.901
0.837
0.538
0.786
1.029
1.234
1.049
0.958
0.8
0.565
0.501
0.329
0.253
0.243
0.197
0.947
1.232
0.905
0.575
0.747
0.774
0.59
0.469
0.548
0.867
0.796
0.513
0.809
1.025
1.194
1.016
0.904
0.752
0.72
0.618
0.434
0.365
0.247
0.191
0.941
1.234
0.981
0.611
0.996
0.747
0.575
0.47
0.543
0.833
0.973
0.519
0.8
1.005
1.21
1.004
0.928
0.74
0.702
0.59
0.416
0.354
0.245
0.273
0.858
1.128
0.964
0.6
0.984
0.712
0.647
0.535
0.839
0.856
0.914
0.504
0.768
0.992
1.153
0.978
0.969
0.697
0.659
0.553
0.412
0.347
0.232
0.258
0.784
1.188
0.914
0.565
0.915
0.756
0.598
0.503
1.048
0.976
1.006
0.576
0.734
1.013
1.184
0.962
0.935
0.73
0.621
0.511
0.383
0.323
0.221
0.244
0.769
1.25
1.004
0.681
0.922
0.732
0.68
0.53
1.327
1.158
1.089
0.603
0.761
1.0
1.135
0.935
0.94
0.695
0.586
0.482
0.37
0.302
0.209
0.232
0.818
1.268
0.988
0.844
0.893
0.732
0.646
0.515
1.577
1.284
1.131
0.56
0.737
1.0
1.181
0.919
0.911
0.729
0.57
0.477
0.356
0.31
0.216
0.235
0.843
1.273
0.92
1.011
0.976
0.713
0.704
0.506
1.528
1.249
1.049
0.544
0.742
0.991
1.158
0.943
0.918
0.731
0.64
0.446
0.335
0.294
0.207
0.225
0.854
1.296
0.847
0.933
0.931
0.659
0.663
0.49
1.611
1.339
1.1
0.536
0.696
0.963
1.119
0.937
0.919
0.756
0.622
0.427
0.321
0.28
0.201
0.213
0.898
1.246
0.912
0.976
0.886
0.627
0.609
0.467
1.565
1.374
1.122
0.545
0.696
0.955
1.09
0.933
0.921
0.738
0.587
0.405
0.304
0.268
0.209
0.286
0.898
1.132
0.94
1.09
0.898
0.601
0.609
0.613
1.691
1.433
1.227
0.539
0.67
1.029
1.057
0.905
1.025
0.799
0.663
0.382
0.287
0.259
0.199
0.308
0.903
1.033
0.951
1.197
0.897
0.693
0.689
0.589
1.769
1.549
1.201
0.518
0.627
1.011
1.126
0.886
1.097
0.761
0.655
0.358
0.275
0.244
0.191
0.409
0.927
0.944
0.937
1.172
0.896
0.714
0.789
0.558
1.917
1.617
1.186
0.478
0.598
0.981
1.16
0.858
1.17
0.708
0.618
0.346
0.271
0.239
0.181
0.472
0.981
0.943
1.012
1.15
0.82
0.656
0.722
0.515
1.737
1.468
1.082
0.581
0.66
1.205
1.336
0.832
1.119
0.851
0.591
0.339
0.272
0.247
0.191
0.456
1.062
0.997
0.967
1.061
1.236
0.627
0.662
0.478
1.578
1.332
1.029
0.588
0.634
1.158
1.267
0.813
1.214
0.965
0.594
0.348
0.282
0.25
0.203
0.439
0.985
1.057
0.909
0.968
1.126
0.577
0.611
0.441
1.433
1.213
0.936
0.542
0.616
1.271
1.243
0.777
1.225
1.092
0.66
0.351
0.293
0.268
0.205
0.495
0.987
0.985
0.836
0.891
1.024
0.533
0.562
0.425
1.519
1.289
1.01
0.501
0.592
1.315
1.309
0.762
1.154
1.001
0.608
0.326
0.277
0.251
0.195
0.535
0.955
0.951
0.862
0.941
1.067
0.518
0.683
0.553
1.588
1.342
1.181
0.632
0.56
1.26
1.252
0.74
1.178
1.069
0.689
0.434
0.292
0.264
0.194
0.58
0.925
0.868
0.929
1.107
1.09
0.574
0.759
0.633
1.758
1.457
1.149
0.609
0.526
1.206
1.282
0.749
1.227
0.998
0.645
0.415
0.288
0.25
0.185
0.552
0.953
0.791
1.131
1.194
1.023
0.562
0.785
0.588
1.878
1.51
1.171
0.581
0.546
1.156
1.302
0.752
1.312
0.949
0.61
0.4
0.285
0.254
0.192
0.523
1.009
0.725
1.097
1.203
0.973
0.534
0.722
0.552
1.707
1.377
1.222
0.549
0.536
1.147
1.235
0.741
1.35
1.05
0.678
0.484
0.373
0.321
0.215
0.487
1.101
0.8
1.089
1.311
1.083
0.588
0.667
0.572
1.629
1.284
1.142
0.524
0.537
1.106
1.202
0.757
1.328
1.176
0.772
0.582
0.476
0.426
0.333
0.539
1.042
0.766
0.991
1.208
1.035
0.555
0.625
0.552
1.559
1.369
1.288
0.482
0.544
1.103
1.174
0.748
1.342
1.188
0.815
0.648
0.485
0.411
0.318
0.497
0.98
0.714
1.0
1.227
1.1
0.665
0.681
0.56
1.798
1.538
1.303
0.563
0.523
1.106
1.387
0.947
1.425
1.285
0.787
0.595
0.452
0.381
0.302
0.561
0.992
0.669
0.998
1.214
1.086
0.634
0.639
0.641
1.915
1.617
1.415
0.549
0.595
1.096
1.343
0.942
1.461
1.298
0.829
0.628
0.53
0.395
0.284
0.533
1.016
0.615
1.015
1.402
1.05
0.604
0.696
0.604
2.075
1.751
1.523
0.506
0.55
1.136
1.305
0.929
1.511
1.209
0.783
0.581
0.492
0.371
0.266
0.562
0.996
0.585
0.994
1.37
0.959
0.559
0.636
0.557
1.884
1.603
1.383
0.467
0.509
1.07
1.322
0.886
1.6
1.264
0.771
0.585
0.506
0.394
0.289
0.594
1.014
0.611
0.952
1.283
0.906
0.531
0.602
0.534
1.751
1.497
1.289
0.453
0.494
1.087
1.446
0.998
1.556
1.416
0.857
0.561
0.479
0.38
0.279
0.545
1.039
0.641
0.96
1.389
1.293
0.503
0.634
0.511
1.591
1.406
1.252
0.425
0.462
1.052
1.367
0.942
1.594
1.302
0.803
0.533
0.456
0.371
0.278
0.525
0.97
0.695
0.875
1.278
1.174
0.464
0.584
0.471
1.445
1.279
1.336
0.407
0.447
1.136
1.303
0.912
1.473
1.363
0.752
0.502
0.434
0.358
0.271
0.495
0.901
0.639
0.939
1.297
1.195
0.811
0.597
0.442
1.56
1.493
1.464
0.512
0.554
1.184
1.313
0.989
1.432
1.263
0.725
0.477
0.407
0.338
0.255
0.54
0.909
0.587
0.921
1.273
1.119
0.764
0.55
0.676
1.807
1.637
1.563
0.607
0.584
1.123
1.289
0.943
1.32
1.163
0.678
0.459
0.391
0.314
0.241
0.495
0.843
0.544
0.935
1.236
1.199
0.731
0.535
0.643
1.684
1.514
1.448
0.558
0.536
1.09
1.243
0.905
1.213
1.058
0.624
0.423
0.362
0.295
0.227
0.455
0.792
0.5
0.976
1.192
1.23
0.703
0.501
0.594
1.565
1.414
1.336
0.518
0.506
1.089
1.154
0.875
1.126
0.965
0.575
0.392
0.353
0.276
0.216
0.422
0.723
0.462
0.974
1.193
1.214
0.67
0.615
0.683
1.461
1.314
1.246
0.487
0.477
1.03
1.176
0.86
1.07
0.911
0.552
0.382
0.342
0.277
0.212
0.389
0.662
0.441
1.045
1.18
1.162
0.636
0.566
0.627
1.574
1.513
1.239
0.451
0.439
0.981
1.153
0.861
1.015
0.836
0.509
0.358
0.319
0.26
0.205
0.361
0.607
0.411
0.952
1.076
1.096
0.592
0.536
0.6
1.465
1.402
1.156
0.473
0.533
0.988
1.137
0.872
1.051
0.812
0.474
0.338
0.306
0.262
0.196
0.34
0.618
0.448
0.892
0.983
1.059
0.574
0.498
0.573
1.51
1.304
1.083
0.472
0.541
0.978
1.141
0.976
1.111
0.87
0.567
0.407
0.307
0.269
0.205
0.332
0.729
0.44
0.848
0.934
0.995
0.555
0.572
0.647
1.42
1.22
1.02
0.468
0.528
0.977
1.2
1.072
1.133
0.834
0.538
0.387
0.292
0.26
0.195
0.429
0.814
0.435
0.803
0.937
0.999
0.598
0.551
0.625
1.33
1.136
0.967
0.609
0.529
0.946
1.195
1.061
1.194
0.764
0.502
0.359
0.278
0.247
0.28
0.512
0.849
0.434
0.76
0.926
0.942
0.575
0.534
0.607
1.241
1.064
0.921
0.579
0.522
1.016
1.188
1.125
1.271
0.714
0.468
0.335
0.267
0.233
0.269
0.619
0.868
0.426
0.717
0.869
0.901
0.699
0.564
0.606
1.158
0.997
0.864
0.558
0.512
0.978
1.152
1.112
1.256
0.725
0.474
0.35
0.284
0.243
0.272
0.631
0.921
0.483
0.679
0.806
0.843
0.951
0.523
0.559
1.281
1.202
0.899
0.569
0.472
0.938
1.09
1.039
1.287
0.697
0.459
0.343
0.28
0.244
0.265
0.591
0.863
0.519
0.626
0.738
0.772
0.869
0.485
0.514
1.17
1.092
0.826
0.523
0.483
0.964
1.217
0.993
1.289
0.801
0.555
0.449
0.392
0.249
0.264
0.556
0.842
0.5
0.668
0.8
0.744
0.824
0.448
0.48
1.202
1.191
1.075
0.574
0.56
0.989
1.237
1.129
1.239
0.754
0.538
0.439
0.369
0.238
0.248
0.593
0.864
0.463
0.718
0.871
0.755
0.781
0.414
0.553
1.138
1.121
1.013
0.531
0.53
1.064
1.224
1.058
1.293
0.701
0.512
0.42
0.356
0.241
0.246
0.562
0.934
0.431
0.751
0.939
0.725
0.738
0.389
0.51
1.066
1.053
0.939
0.496
0.568
1.169
1.24
1.022
1.21
0.838
0.587
0.494
0.417
0.228
0.237
0.52
0.929
0.404
0.786
0.939
0.685
0.713
0.442
0.525
1.203
1.199
1.025
0.467
0.661
1.188
1.191
0.983
1.152
0.798
0.552
0.483
0.415
0.229
0.24
0.531
0.856
0.422
0.777
0.959
0.707
0.683
0.474
0.502
1.344
1.436
1.064
0.449
0.694
1.19
1.286
0.989
1.147
0.884
0.548
0.479
0.412
0.249
0.257
0.502
0.816
0.417
0.901
1.082
0.782
0.677
0.441
0.47
1.244
1.325
0.982
0.432
0.651
1.165
1.232
0.958
1.122
0.842
0.535
0.475
0.411
0.255
0.261
0.479
0.768
0.439
0.825
0.989
0.747
0.641
0.441
0.467
1.261
1.551
1.117
0.44
0.641
1.114
1.192
0.925
1.082
0.807
0.514
0.455
0.396
0.248
0.252
0.444
0.748
0.533
0.85
1.0
0.696
0.618
0.473
0.491
1.357
1.607
1.147
0.476
0.684
1.096
1.264
0.929
1.031
0.755
0.494
0.441
0.387
0.253
0.256
0.422
0.751
0.505
0.87
1.019
0.799
0.697
0.448
0.543
1.44
1.673
1.213
0.603
0.712
1.104
1.294
1.071
1.098
0.747
0.547
0.422
0.365
0.241
0.243
0.398
0.723
0.472
0.877
1.09
0.74
0.664
0.499
0.611
1.504
1.722
1.199
0.556
0.657
1.043
1.313
1.019
1.026
0.861
0.617
0.502
0.449
0.255
0.25
0.374
0.723
0.44
0.875
1.134
0.682
0.641
0.533
0.596
1.656
1.802
1.226
0.552
0.695
1.06
1.3
0.979
1.109
0.822
0.597
0.491
0.447
0.267
0.264
0.442
0.727
0.517
0.886
1.19
0.9
0.64
0.553
0.66
1.771
1.989
1.31
0.547
0.642
1.072
1.428
0.952
1.213
1.059
0.599
0.486
0.448
0.281
0.279
0.434
0.665
0.484
0.894
1.095
0.972
0.898
0.524
0.629
1.645
1.831
1.25
0.514
0.601
1.085
1.385
0.918
1.181
0.995
0.576
0.463
0.428
0.276
0.264
0.419
0.615
0.497
0.817
1.001
0.914
0.831
0.5
0.611
1.546
1.703
1.157
0.478
0.617
1.235
1.375
0.883
1.226
0.944
0.561
0.455
0.428
0.289
0.275
0.411
0.592
0.489
0.924
1.027
0.859
0.801
0.571
0.582
1.683
1.782
1.188
0.53
0.731
1.209
1.358
0.863
1.168
0.893
0.556
0.443
0.398
0.274
0.26
0.383
0.546
0.468
0.964
1.114
0.897
0.76
0.528
0.591
1.771
1.807
1.237
0.616
0.716
1.218
1.282
0.835
1.091
0.833
0.528
0.43
0.384
0.278
0.261
0.362
0.524
0.435
0.965
1.102
0.829
0.725
0.557
0.552
1.761
1.847
1.252
0.569
0.666
1.221
1.274
0.834
1.168
0.798
0.516
0.428
0.389
0.289
0.267
0.445
0.557
0.404
0.956
1.142
0.766
0.71
0.58
0.635
1.873
1.934
1.316
0.595
0.71
1.182
1.368
0.889
1.239
0.761
0.508
0.434
0.399
0.29
0.267
0.496
0.59
0.374
0.971
1.218
0.821
0.685
0.622
0.591
2.008
2.044
1.306
0.555
0.655
1.118
1.383
0.942
1.229
0.862
0.611
0.507
0.482
0.397
0.373
0.465
0.549
0.387
0.978
1.115
0.753
0.646
0.576
0.545
1.953
2.008
1.413
0.56
0.604
1.055
1.312
0.92
1.203
0.827
0.592
0.5
0.477
0.401
0.375
0.447
0.557
0.423
0.89
1.023
0.832
0.611
0.56
0.536
1.9
2.042
1.494
0.549
0.633
1.014
1.251
0.929
1.15
0.795
0.578
0.489
0.474
0.421
0.379
0.419
0.52
0.431
0.83
1.143
0.768
0.586
0.528
0.511
1.926
2.037
1.536
0.67
0.737
1.049
1.297
0.898
1.205
0.769
0.56
0.454
0.44
0.394
0.356
0.389
0.517
0.443
0.815
1.088
0.723
0.553
0.486
0.477
1.746
1.847
1.399
0.615
0.679
0.956
1.332
0.86
1.245
0.843
0.645
0.512
0.436
0.399
0.359
0.385
0.481
0.563
0.804
0.995
0.661
0.515
0.449
0.444
1.585
1.677
1.27
0.571
0.625
0.915
1.348
0.826
1.202
0.795
0.591
0.475
0.409
0.369
0.337
0.361
0.515
0.519
0.818
1.072
0.698
0.508
0.5
0.62
1.667
1.724
1.376
0.531
0.71
0.919
1.325
0.892
1.362
0.972
0.696
0.573
0.415
0.372
0.342
0.428
0.656
0.518
0.819
1.106
0.669
0.475
0.465
0.568
1.518
1.562
1.252
0.492
0.653
0.9
1.333
0.85
1.271
1.08
0.826
0.556
0.414
0.373
0.333
0.402
0.604
0.514
0.76
1.007
0.616
0.44
0.435
0.522
1.383
1.441
1.173
0.486
0.609
0.878
1.349
0.81
1.303
1.025
0.769
0.526
0.399
0.362
0.323
0.379
0.559
0.538
0.699
0.92
0.583
0.426
0.409
0.481
1.256
1.315
1.066
0.45
0.603
0.815
1.255
0.786
1.363
0.991
0.74
0.518
0.4
0.367
0.333
0.36
0.589
0.676
0.716
0.98
0.549
0.419
0.469
0.786
1.607
1.359
1.19
0.543
0.689
0.825
1.277
0.792
1.263
0.947
0.692
0.495
0.387
0.36
0.34
0.349
0.682
0.733
0.789
1.048
0.536
0.409
0.438
0.897
1.653
1.502
1.264
0.628
0.749
0.848
1.202
0.865
1.32
0.885
0.633
0.464
0.36
0.338
0.32
0.405
0.781
0.689
0.796
1.041
0.53
0.409
0.41
0.822
1.677
1.599
1.29
0.579
0.695
0.989
1.275
0.836
1.268
0.839
0.631
0.461
0.356
0.335
0.316
0.38
0.719
0.704
0.833
1.068
0.503
0.407
0.385
0.753
1.617
1.852
1.356
0.632
0.681
1.043
1.309
0.825
1.282
0.791
0.579
0.43
0.336
0.314
0.3
0.469
0.746
0.699
0.861
1.082
0.592
0.406
0.443
0.856
1.711
1.876
1.44
0.584
0.676
1.06
1.298
0.905
1.221
0.776
0.542
0.415
0.315
0.295
0.283
0.437
0.742
0.727
0.893
1.026
0.669
0.519
0.564
0.998
1.708
1.863
1.521
0.619
0.635
1.012
1.268
0.869
1.161
0.746
0.516
0.41
0.316
0.292
0.281
0.407
0.742
0.682
0.815
0.94
0.616
0.48
0.525
0.91
1.551
1.695
1.38
0.625
0.61
0.968
1.237
0.858
1.102
0.738
0.503
0.396
0.31
0.292
0.274
0.379
0.733
0.748
0.932
0.96
0.698
0.483
0.573
0.971
1.625
1.716
1.43
0.579
0.567
0.96
1.213
0.927
1.074
0.77
0.499
0.402
0.312
0.29
0.269
0.36
0.741
0.687
0.944
0.987
0.674
0.477
0.536
0.888
1.484
1.913
1.508
0.54
0.528
0.945
1.253
0.91
1.103
0.781
0.481
0.385
0.31
0.286
0.269
0.404
0.774
0.635
0.943
0.978
0.693
0.462
0.552
0.844
1.533
1.917
1.503
0.505
0.563
0.892
1.227
0.928
1.2
0.737
0.455
0.361
0.292
0.273
0.253
0.381
0.892
0.586
0.892
0.935
0.656
0.448
0.51
0.775
1.392
1.742
1.367
0.465
0.525
0.866
1.379
0.901
1.171
0.758
0.559
0.454
0.396
0.348
0.36
0.399
0.821
0.615
0.817
0.859
0.603
0.418
0.473
0.713
1.265
1.585
1.243
0.432
0.607
0.992
1.396
0.862
1.104
0.773
0.548
0.449
0.396
0.35
0.359
0.383
0.756
0.625
0.755
0.792
0.553
0.392
0.441
0.656
1.15
1.444
1.162
0.457
0.578
0.951
1.31
0.825
1.093
0.792
0.587
0.436
0.387
0.351
0.353
0.367
0.695
0.672
0.691
0.73
0.509
0.367
0.411
0.605
1.046
1.318
1.057
0.425
0.688
0.951
1.23
0.796
1.114
0.845
0.571
0.434
0.389
0.36
0.359
0.358
0.645
0.665
0.643
0.671
0.474
0.341
0.387
0.557
0.972
1.244
1.0
0.402
0.794
0.919
1.241
0.917
1.143
0.828
0.545
0.416
0.375
0.343
0.339
0.334
0.683
0.711
0.671
0.791
0.524
0.344
0.37
0.726
1.135
1.401
1.045
0.45
0.84
0.9
1.205
0.915
1.192
0.892
0.593
0.439
0.365
0.338
0.331
0.318
0.697
0.703
0.652
0.896
0.496
0.36
0.45
0.677
1.255
1.472
1.106
0.422
0.775
0.88
1.306
0.866
1.133
0.902
0.56
0.422
0.364
0.319
0.312
0.305
0.702
0.644
0.669
1.03
0.503
0.383
0.536
0.706
1.35
1.544
1.129
0.467
0.774
0.895
1.42
0.915
1.135
0.879
0.529
0.408
0.351
0.315
0.307
0.289
0.647
0.751
0.765
1.02
0.557
0.45
0.509
0.708
1.45
1.597
1.145
0.435
0.904
0.888
1.409
0.965
1.077
0.895
0.538
0.411
0.341
0.308
0.301
0.271
0.635
0.691
0.887
1.045
0.649
0.482
0.637
0.83
1.58
1.627
1.122
0.559
0.825
0.886
1.357
0.948
1.024
0.848
0.529
0.413
0.345
0.337
0.312
0.26
0.618
0.648
0.811
0.952
0.63
0.458
0.618
0.771
1.672
1.642
1.291
0.594
0.871
0.886
1.305
0.894
0.97
0.79
0.503
0.4
0.334
0.332
0.306
0.27
0.611
0.769
0.847
0.878
0.627
0.482
0.684
0.83
1.718
1.756
1.248
0.57
0.826
0.851
1.3
0.932
0.95
0.736
0.472
0.373
0.317
0.316
0.292
0.257
0.661
0.75
0.791
0.877
0.648
0.452
0.629
0.776
1.566
1.597
1.135
0.557
0.798
0.833
1.276
0.932
0.953
0.682
0.441
0.355
0.303
0.305
0.287
0.339
0.709
0.715
0.755
0.862
0.767
0.688
0.65
0.746
1.526
1.5
1.073
0.527
0.781
0.89
1.275
0.958
0.92
0.643
0.427
0.345
0.299
0.294
0.271
0.318
0.724
0.678
0.825
0.926
0.81
0.665
0.606
0.711
1.573
1.501
1.006
0.515
0.76
0.892
1.253
0.968
0.952
0.607
0.405
0.325
0.283
0.283
0.256
0.395
0.753
0.653
0.777
0.86
0.75
0.711
0.639
0.781
1.61
1.54
0.993
0.526
0.71
0.86
1.201
0.926
0.916
0.602
0.397
0.319
0.283
0.282
0.279
0.454
0.754
0.605
0.805
0.995
0.907
1.003
0.593
0.723
1.682
1.592
1.099
0.529
0.654
0.824
1.144
0.904
0.877
0.594
0.392
0.318
0.286
0.276
0.266
0.422
0.725
0.568
0.736
0.924
0.873
0.932
0.565
0.691
1.657
1.635
1.181
0.494
0.77
0.875
1.085
0.872
0.933
0.57
0.404
0.306
0.269
0.265
0.255
0.391
0.709
0.66
0.873
1.077
0.865
0.889
0.521
0.636
1.734
1.671
1.248
0.555
0.877
0.906
1.072
0.933
0.896
0.547
0.406
0.308
0.272
0.265
0.258
0.399
0.653
0.608
0.885
0.989
0.8
0.839
0.48
0.596
1.805
1.672
1.308
0.582
0.935
0.922
1.004
0.889
0.827
0.507
0.388
0.291
0.259
0.252
0.244
0.372
0.605
0.584
0.871
1.009
0.846
0.8
0.528
0.674
1.836
1.663
1.282
0.536
0.861
0.912
0.942
0.848
0.778
0.468
0.374
0.282
0.248
0.241
0.232
0.349
0.558
0.54
0.89
1.004
0.875
0.761
0.578
0.741
1.692
1.554
1.189
0.502
0.798
0.899
0.886
0.812
0.731
0.434
0.35
0.267
0.235
0.233
0.222
0.332
0.526
0.502
1.012
0.936
0.809
0.72
0.818
0.713
1.749
1.574
1.252
0.467
0.737
0.859
0.9
0.796
0.717
0.431
0.341
0.25
0.23
0.221
0.211
0.312
0.486
0.466
0.988
0.854
0.858
0.733
0.76
0.667
1.741
1.579
1.323
0.447
0.684
0.816
0.894
0.751
0.685
0.484
0.335
0.264
0.24
0.23
0.22
0.307
0.464
0.443
0.9
0.797
0.795
0.68
0.697
0.61
1.582
1.435
1.204
0.592
0.964
0.803
0.856
0.725
0.686
0.482
0.341
0.267
0.245
0.237
0.217
0.287
0.469
0.459
0.829
0.73
0.732
0.628
0.641
0.563
1.436
1.31
1.096
0.548
0.917
0.845
0.939
0.716
0.695
0.544
0.369
0.281
0.265
0.249
0.211
0.27
0.494
0.427
0.758
0.74
0.69
0.578
0.589
0.523
1.307
1.194
0.998
0.508
0.841
0.775
0.971
0.695
0.807
0.529
0.375
0.293
0.283
0.264
0.268
0.344
0.553
0.471
0.828
0.698
0.644
0.83
0.547
0.482
1.197
1.087
0.946
0.476
0.793
0.773
0.933
0.673
0.81
0.517
0.366
0.298
0.287
0.27
0.273
0.395
0.65
0.452
0.76
0.748
0.752
1.191
0.51
0.448
1.09
1.033
0.863
0.444
0.727
0.712
0.945
0.653
0.859
0.506
0.373
0.307
0.298
0.271
0.268
0.39
0.72
0.439
0.699
0.927
0.782
1.133
0.47
0.418
0.992
0.979
0.828
0.42
0.678
0.795
0.901
0.634
0.924
0.529
0.37
0.307
0.297
0.278
0.259
0.425
0.751
0.431
0.652
0.847
0.717
1.035
0.439
0.388
0.924
0.895
0.846
0.409
0.629
0.783
1.107
0.728
0.927
0.536
0.361
0.3
0.295
0.274
0.26
0.398
0.739
0.453
0.602
0.776
0.674
0.946
0.423
0.368
0.844
0.822
0.776
0.381
0.594
0.793
1.079
0.697
0.966
0.603
0.407
0.35
0.293
0.287
0.263
0.377
0.732
0.45
0.65
0.813
0.682
1.14
0.592
0.347
0.982
0.91
0.925
0.373
0.623
0.806
1.052
0.699
0.927
0.587
0.408
0.359
0.306
0.299
0.264
0.369
0.725
0.5
0.651
0.762
0.976
1.221
0.634
0.483
1.118
1.033
0.938
0.489
0.724
0.739
1.073
0.778
0.944
0.616
0.41
0.351
0.3
0.298
0.265
0.414
0.758
0.465
0.682
0.811
0.891
1.629
0.765
0.563
1.224
1.131
0.992
0.492
0.754
0.821
1.054
0.745
0.962
0.577
0.394
0.337
0.281
0.278
0.251
0.457
0.763
0.429
0.695
0.797
0.817
1.591
0.734
0.551
1.388
1.277
1.022
0.454
0.822
0.807
1.099
0.726
1.019
0.601
0.436
0.379
0.331
0.327
0.27
0.423
0.76
0.427
0.685
0.726
0.849
1.488
0.756
0.505
1.608
1.464
1.085
0.42
0.81
0.883
1.122
0.859
0.964
0.597
0.423
0.377
0.318
0.303
0.254
0.389
0.756
0.404
0.792
0.816
0.838
1.526
1.114
0.483
1.637
1.529
1.143
0.446
0.748
0.863
1.098
0.814
0.935
0.582
0.404
0.363
0.306
0.297
0.25
0.366
0.76
0.389
0.723
0.762
0.82
1.398
1.026
0.474
1.599
1.562
1.216
0.419
0.694
0.833
1.089
0.791
0.9
0.567
0.4
0.367
0.298
0.294
0.248
0.347
0.749
0.52
0.743
0.792
1.284
1.535
0.991
0.437
1.62
1.601
1.163
0.505
0.83
0.955
1.165
0.841
0.941
0.554
0.397
0.379
0.283
0.278
0.231
0.323
0.805
0.51
0.737
0.819
1.352
1.905
0.908
0.517
1.658
1.638
1.206
0.481
0.871
0.962
1.108
0.811
0.926
0.534
0.387
0.376
0.283
0.282
0.224
0.397
0.9
0.485
0.745
0.957
1.234
1.78
0.932
0.475
1.646
1.615
1.177
0.448
0.805
0.981
1.109
0.811
0.964
0.54
0.38
0.363
0.274
0.269
0.212
0.435
0.93
0.448
0.712
1.009
1.124
1.642
0.916
0.53
1.725
1.633
1.169
0.51
0.789
0.979
1.061
0.783
0.914
0.625
0.424
0.406
0.371
0.328
0.255
0.639
1.147
0.454
0.704
0.996
1.02
1.489
0.832
0.489
1.56
1.48
1.067
0.486
0.737
0.911
1.045
0.756
0.877
0.64
0.418
0.399
0.371
0.315
0.247
0.59
1.051
0.466
0.66
0.923
0.934
1.349
0.775
0.451
1.674
1.58
1.156
0.485
0.675
0.885
1.021
0.723
0.855
0.636
0.425
0.4
0.374
0.319
0.247
0.558
0.968
0.472
0.606
0.853
0.853
1.222
0.709
0.415
1.52
1.445
1.048
0.584
0.714
1.009
1.069
0.736
0.887
0.648
0.411
0.396
0.365
0.32
0.248
0.533
0.924
0.451
0.592
0.885
0.782
1.137
0.646
0.385
1.751
1.533
1.103
0.537
0.75
1.007
1.237
0.795
0.931
0.602
0.379
0.368
0.338
0.297
0.246
0.49
0.909
0.524
0.628
0.936
0.801
1.073
0.81
0.504
1.73
1.479
1.023
0.52
0.713
0.954
1.153
0.766
0.891
0.574
0.37
0.369
0.328
0.28
0.234
0.453
0.944
0.53
0.58
0.849
0.733
0.973
0.74
0.461
1.568
1.36
0.991
0.508
0.662
0.995
1.093
0.736
0.844
0.527
0.342
0.345
0.304
0.262
0.219
0.418
0.927
0.492
0.616
0.934
0.672
0.909
0.674
0.427
1.767
1.504
1.204
0.5
0.722
0.954
1.143
0.751
0.858
0.518
0.346
0.34
0.299
0.26
0.221
0.491
0.997
0.454
0.631
0.948
0.677
0.878
0.77
0.395
1.907
1.657
1.188
0.461
0.667
0.966
1.114
0.883
0.885
0.529
0.37
0.33
0.304
0.247
0.211
0.45
0.963
0.434
0.665
0.864
0.737
0.86
0.702
0.366
2.006
1.816
1.228
0.569
0.617
0.931
1.092
0.845
0.851
0.518
0.355
0.323
0.292
0.233
0.197
0.417
0.889
0.432
0.613
0.817
0.713
0.795
0.642
0.341
1.814
1.646
1.115
0.521
0.599
0.902
1.018
0.792
0.935
0.609
0.403
0.317
0.288
0.236
0.202
0.396
0.837
0.421
0.56
0.745
0.65
0.725
0.598
0.337
1.769
1.943
1.242
0.653
0.568
0.916
1.071
0.889
0.898
0.608
0.391
0.303
0.275
0.246
0.201
0.437
0.831
0.391
0.571
0.869
0.689
0.688
0.548
0.366
1.996
1.96
1.215
0.609
0.623
0.933
1.056
0.842
0.921
0.583
0.392
0.309
0.286
0.257
0.217
0.503
0.902
0.381
0.62
0.919
0.66
0.667
0.573
0.338
2.186
1.975
1.219
0.559
0.582
0.926
1.247
0.992
0.952
0.569
0.377
0.304
0.284
0.254
0.222
0.56
0.919
0.353
0.665
0.936
0.616
0.647
0.632
0.325
2.242
2.038
1.181
0.514
0.561
0.897
1.236
0.945
0.967
0.553
0.362
0.297
0.275
0.255
0.233
0.513
0.895
0.444
0.723
0.961
0.639
0.738
0.639
0.304
2.295
2.045
1.131
0.475
0.533
0.936
1.302
0.993
0.904
0.546
0.395
0.291
0.27
0.252
0.229
0.47
0.816
0.446
0.72
1.0
0.727
0.758
0.587
0.282
2.49
2.041
1.173
0.478
0.49
0.91
1.247
0.944
0.865
0.566
0.391
0.285
0.266
0.249
0.227
0.439
0.742
0.455
0.656
0.912
0.675
0.694
0.537
0.264
2.252
1.844
1.067
0.437
0.486
1.028
1.256
0.892
0.929
0.555
0.379
0.277
0.248
0.234
0.211
0.408
0.678
0.488
0.683
0.916
0.646
0.673
0.491
0.249
2.162
2.045
1.177
0.413
0.578
1.098
1.339
1.008
0.977
0.571
0.407
0.272
0.239
0.236
0.218
0.436
0.701
0.45
0.723
0.956
0.613
0.635
0.45
0.236
2.413
2.127
1.226
0.384
0.747
1.244
1.36
1.021
1.003
0.6
0.409
0.279
0.254
0.255
0.207
0.506
0.79
0.5
0.687
1.04
0.568
0.6
0.417
0.22
2.574
2.112
1.373
0.362
0.694
1.186
1.461
0.972
1.077
0.639
0.496
0.383
0.26
0.252
0.211
0.54
0.874
0.459
0.706
1.104
0.531
0.582
0.485
0.208
2.525
2.105
1.375
0.34
0.732
1.127
1.378
0.938
1.009
0.628
0.542
0.363
0.254
0.235
0.201
0.609
0.857
0.61
0.774
1.089
0.518
0.566
0.501
0.26
2.505
2.089
1.367
0.321
0.682
1.13
1.415
0.974
0.983
0.616
0.539
0.365
0.266
0.248
0.22
0.569
0.781
0.615
0.755
0.996
0.476
0.533
0.458
0.245
2.436
2.124
1.398
0.305
0.645
1.098
1.352
0.942
0.951
0.595
0.524
0.369
0.274
0.26
0.223
0.538
0.73
0.612
0.691
0.904
0.469
0.503
0.435
0.265
2.396
2.107
1.472
0.282
0.636
1.077
1.307
0.89
0.981
0.577
0.505
0.343
0.255
0.242
0.224
0.719
0.813
0.604
0.705
0.904
0.448
0.497
0.469
0.28
2.363
2.056
1.444
0.363
0.709
1.16
1.418
0.907
0.924
0.558
0.48
0.333
0.256
0.241
0.224
0.847
0.834
0.561
0.715
0.912
0.417
0.459
0.432
0.26
2.138
1.858
1.311
0.44
0.81
1.165
1.603
0.883
0.953
0.541
0.485
0.339
0.253
0.245
0.224
0.924
0.763
0.536
0.804
0.93
0.395
0.442
0.47
0.269
2.137
1.969
1.294
0.406
0.742
1.162
1.605
0.84
0.972
0.524
0.474
0.338
0.254
0.243
0.229
0.963
0.786
0.49
0.82
1.005
0.378
0.427
0.513
0.257
2.158
1.979
1.33
0.374
0.957
1.188
1.528
0.968
0.98
0.51
0.462
0.344
0.263
0.243
0.23
1.008
0.898
0.481
0.877
0.991
0.416
0.421
0.549
0.265
2.188
1.998
1.308
0.344
1.081
1.253
1.504
1.084
1.017
0.508
0.46
0.35
0.262
0.241
0.215
0.92
0.877
0.443
0.864
0.899
0.449
0.451
0.522
0.301
2.007
1.832
1.221
0.341
0.994
1.22
1.422
1.042
1.007
0.519
0.471
0.359
0.283
0.258
0.226
0.842
0.846
0.437
0.788
0.817
0.487
0.43
0.495
0.312
1.864
1.689
1.117
0.335
0.976
1.191
1.372
1.045
0.983
0.479
0.436
0.34
0.267
0.253
0.215
0.791
0.954
0.485
0.738
0.82
0.478
0.427
0.577
0.541
1.816
1.585
1.017
0.338
0.922
1.164
1.421
1.019
0.911
0.441
0.403
0.314
0.256
0.254
0.204
0.723
0.943
0.458
0.693
0.756
0.445
0.477
0.609
0.497
1.834
1.492
1.044
0.328
0.892
1.216
1.337
1.068
0.925
0.43
0.387
0.305
0.257
0.249
0.194
0.66
0.929
0.441
0.666
0.703
0.457
0.462
0.557
0.459
1.661
1.352
0.952
0.304
1.269
1.303
1.353
0.991
0.874
0.507
0.36
0.29
0.242
0.237
0.187
0.675
0.946
0.406
0.609
0.689
0.419
0.427
0.508
0.424
1.502
1.229
0.864
0.284
1.15
1.348
1.315
0.92
0.906
0.482
0.353
0.287
0.245
0.24
0.181
0.705
0.921
0.373
0.558
0.63
0.385
0.397
0.465
0.393
1.359
1.117
0.845
0.319
1.056
1.244
1.383
0.873
0.88
0.47
0.356
0.289
0.246
0.241
0.173
0.646
0.873
0.441
0.525
0.67
0.357
0.364
0.43
0.361
1.235
1.012
0.839
0.434
1.014
1.259
1.291
0.828
0.99
0.649
0.549
0.465
0.261
0.246
0.184
0.604
0.842
0.417
0.482
0.61
0.333
0.335
0.396
0.335
1.118
0.922
0.774
0.404
1.029
1.671
1.297
0.843
1.001
0.623
0.53
0.455
0.273
0.257
0.187
0.552
0.865
0.396
0.445
0.865
0.329
0.312
0.365
0.308
1.018
0.837
0.704
0.512
1.123
1.822
1.212
0.893
0.939
0.595
0.517
0.445
0.273
0.241
0.176
0.508
0.893
0.366
0.412
0.926
0.476
0.298
0.339
0.298
0.93
0.796
0.647
0.468
1.019
1.817
1.137
0.935
0.912
0.562
0.494
0.426
0.273
0.246
0.196
0.518
1.042
0.34
0.378
1.034
0.44
0.276
0.314
0.279
0.844
0.727
0.591
0.435
0.943
1.835
1.24
0.888
0.946
0.532
0.474
0.409
0.271
0.251
0.202
0.562
1.127
0.354
0.35
1.013
0.405
0.256
0.291
0.262
0.767
0.663
0.542
0.399
0.858
1.839
1.283
0.903
0.953
0.504
0.455
0.395
0.269
0.252
0.199
0.596
1.237
0.585
0.475
0.919
0.375
0.237
0.273
0.257
0.705
0.605
0.498
0.444
0.814
1.727
1.193
0.854
1.018
0.489
0.445
0.395
0.278
0.259
0.218
0.562
1.176
0.538
0.511
0.842
0.354
0.24
0.256
0.242
0.664
0.573
0.504
0.432
0.843
1.706
1.133
0.825
0.982
0.499
0.446
0.399
0.291
0.266
0.228
0.531
1.113
0.496
0.467
0.818
0.377
0.236
0.267
0.241
0.804
0.709
0.697
0.407
0.916
1.716
1.113
0.781
1.005
0.524
0.455
0.4
0.301
0.275
0.237
0.494
1.027
0.737
0.474
0.881
0.393
0.237
0.251
0.223
0.735
0.663
0.663
0.496
0.989
1.802
1.048
0.823
0.931
0.514
0.422
0.37
0.278
0.254
0.224
0.464
0.938
0.671
0.515
0.922
0.441
0.266
0.242
0.337
0.955
0.849
0.734
0.473
0.949
1.696
1.081
0.808
0.885
0.498
0.409
0.354
0.275
0.251
0.223
0.439
0.852
0.611
0.581
0.876
0.527
0.279
0.228
0.318
1.094
0.971
0.755
0.437
0.932
1.609
1.021
0.778
0.826
0.464
0.374
0.344
0.258
0.237
0.207
0.408
0.777
0.557
0.612
0.835
0.525
0.286
0.214
0.302
1.227
1.127
0.812
0.405
0.904
1.515
0.972
0.734
0.771
0.444
0.361
0.334
0.256
0.236
0.212
0.381
0.723
0.512
0.65
0.851
0.58
0.294
0.287
0.287
1.317
1.201
0.837
0.373
0.86
1.435
0.993
0.732
0.742
0.433
0.36
0.324
0.255
0.234
0.216
0.359
0.657
0.471
0.69
0.898
0.656
0.296
0.293
0.278
1.384
1.311
0.925
0.347
0.861
1.391
0.947
0.707
0.693
0.421
0.33
0.299
0.24
0.217
0.217
0.331
0.6
0.432
0.629
0.816
0.639
0.287
0.299
0.268
1.375
1.357
1.05
0.33
0.823
1.338
0.908
0.683
0.658
0.408
0.316
0.276
0.224
0.205
0.202
0.307
0.547
0.397
0.644
0.842
0.592
0.292
0.279
0.257
1.278
1.257
0.963
0.306
0.784
1.285
0.903
0.673
0.641
0.417
0.335
0.271
0.226
0.209
0.203
0.297
0.5
0.364
0.67
0.839
0.542
0.292
0.259
0.307
1.201
1.168
0.887
0.285
0.756
1.235
0.885
0.665
0.702
0.496
0.321
0.262
0.211
0.195
0.195
0.294
0.492
0.347
0.693
0.905
0.531
0.301
0.272
0.296
1.114
1.124
0.821
0.269
0.777
1.204
0.866
0.657
0.663
0.61
0.427
0.371
0.32
0.306
0.237
0.281
0.492
0.321
0.714
0.97
0.559
0.304
0.315
0.279
1.039
1.049
0.76
0.251
0.749
1.183
0.871
0.679
0.802
0.703
0.495
0.403
0.307
0.295
0.222
0.261
0.49
0.304
0.732
0.936
0.527
0.301
0.291
0.261
0.945
0.951
0.695
0.236
0.706
1.107
0.987
0.654
0.78
0.749
0.48
0.398
0.315
0.301
0.234
0.254
0.487
0.292
0.769
0.857
0.491
0.316
0.407
0.246
0.878
0.891
0.648
0.253
0.732
1.127
0.961
0.638
0.771
0.722
0.455
0.385
0.306
0.291
0.226
0.236
0.479
0.284
0.699
0.783
0.477
0.309
0.385
0.254
0.982
1.054
0.727
0.266
0.712
1.233
0.939
0.637
0.753
0.688
0.432
0.353
0.285
0.271
0.214
0.364
0.587
0.273
0.648
0.713
0.614
0.853
0.393
0.271
0.927
1.004
0.744
0.29
0.708
1.19
0.917
0.646
0.721
0.666
0.41
0.325
0.268
0.251
0.2
0.433
0.629
0.256
0.668
0.769
0.603
0.804
0.362
0.363
0.877
0.944
0.707
0.286
0.696
1.222
0.894
0.655
0.796
0.639
0.392
0.313
0.263
0.255
0.207
0.478
0.643
0.239
0.676
0.796
0.558
0.755
0.334
0.372
0.82
0.886
0.649
0.278
0.677
1.156
0.863
0.644
0.841
0.643
0.382
0.308
0.262
0.258
0.211
0.451
0.69
0.222
0.703
0.76
0.531
0.719
0.33
0.438
0.824
0.838
0.618
0.307
0.729
1.114
0.843
0.672
0.851
0.647
0.382
0.301
0.258
0.252
0.201
0.488
0.802
0.361
0.718
0.759
0.852
0.866
0.323
0.473
0.814
0.825
0.638
0.355
0.734
1.075
0.822
0.674
0.813
0.687
0.368
0.295
0.253
0.249
0.217
0.452
0.745
0.394
0.688
0.706
0.855
1.21
0.303
0.437
0.76
0.774
0.666
0.384
0.764
1.106
0.846
0.697
0.778
0.652
0.378
0.275
0.24
0.232
0.206
0.418
0.691
0.397
0.628
0.656
0.847
1.104
0.286
0.427
0.826
0.876
0.815
0.394
0.783
1.093
0.834
0.691
0.747
0.627
0.394
0.276
0.237
0.233
0.2
0.416
0.74
0.503
0.709
0.778
0.783
1.02
0.353
0.408
0.951
0.992
0.815
0.382
0.761
1.066
0.858
0.74
0.753
0.636
0.41
0.273
0.237
0.224
0.192
0.381
0.747
0.463
0.732
0.745
0.731
0.953
0.399
0.662
1.208
1.119
0.919
0.366
0.727
1.093
0.91
0.716
0.89
0.716
0.475
0.281
0.254
0.238
0.218
0.414
0.833
0.439
0.737
0.852
0.988
1.005
0.375
0.609
1.26
1.157
1.031
0.373
0.707
1.14
0.94
0.689
0.836
0.763
0.454
0.276
0.254
0.24
0.219
0.429
0.914
0.417
0.819
0.872
0.915
0.932
0.358
0.574
1.168
1.073
0.958
0.367
0.681
1.101
0.994
0.676
0.897
0.731
0.432
0.269
0.252
0.237
0.215
0.409
0.946
0.506
0.834
0.907
0.91
0.875
0.424
0.54
1.085
1.004
0.886
0.361
0.661
1.069
1.003
0.671
0.879
0.728
0.437
0.27
0.249
0.237
0.222
0.397
0.888
0.551
0.813
0.824
0.831
0.795
0.393
0.494
0.987
0.912
0.886
0.575
0.657
1.239
0.968
0.664
0.905
0.978
0.698
0.302
0.261
0.248
0.23
0.382
0.815
0.545
0.739
0.749
0.757
0.726
0.361
0.452
0.896
0.832
0.81
0.61
0.773
1.299
0.972
0.66
0.941
0.919
0.648
0.293
0.255
0.245
0.223
0.357
0.859
0.611
0.705
0.705
0.695
0.683
0.417
0.431
0.838
0.782
0.749
0.597
0.817
1.242
0.985
0.739
0.898
0.879
0.612
0.286
0.249
0.25
0.213
0.337
0.919
0.56
0.676
0.722
0.737
1.039
0.387
0.401
0.839
0.745
0.696
0.598
0.779
1.301
0.986
0.728
0.948
0.837
0.582
0.278
0.237
0.235
0.202
0.331
0.909
0.518
0.651
0.741
0.676
0.962
0.359
0.375
0.958
0.906
0.696
0.691
0.829
1.354
1.032
0.711
0.887
0.869
0.533
0.258
0.222
0.219
0.191
0.392
0.928
0.473
0.664
0.876
0.637
0.9
0.336
0.353
0.894
0.874
0.677
0.677
0.798
1.291
1.11
0.73
0.988
0.923
0.617
0.363
0.215
0.207
0.183
0.449
0.985
0.452
0.67
0.824
0.594
0.839
0.31
0.349
0.844
0.838
0.654
0.681
0.815
1.237
1.084
0.722
1.013
0.885
0.586
0.35
0.214
0.207
0.178
0.498
0.994
0.503
0.642
0.77
0.572
0.793
0.392
0.358
0.8
0.861
0.622
0.665
0.846
1.247
1.12
0.748
0.969
0.837
0.564
0.339
0.213
0.206
0.18
0.456
0.909
0.51
0.585
0.701
0.56
0.744
0.363
0.332
0.728
0.782
0.586
0.641
0.822
1.226
1.081
0.73
0.906
0.914
0.644
0.438
0.313
0.305
0.281
0.524
0.93
0.618
0.574
0.743
0.54
0.705
0.352
0.333
0.68
0.742
0.581
0.651
0.803
1.218
1.118
0.808
0.92
0.859
0.61
0.402
0.292
0.282
0.262
0.563
0.956
0.567
0.559
0.786
0.515
0.668
0.346
0.329
0.648
0.699
0.581
0.658
0.786
1.169
1.08
0.786
0.995
0.922
0.673
0.484
0.378
0.367
0.252
0.591
0.983
0.529
0.541
0.802
0.498
0.634
0.342
0.329
0.624
0.665
0.575
0.656
0.829
1.204
1.067
0.762
1.02
0.853
0.613
0.448
0.347
0.341
0.244
0.633
1.001
0.487
0.523
0.855
0.477
0.605
0.336
0.329
0.591
0.632
0.566
0.675
0.813
1.208
1.021
0.766
1.007
0.826
0.589
0.424
0.335
0.318
0.229
0.656
1.017
0.558
0.515
0.826
0.475
0.616
0.328
0.332
0.567
0.609
0.57
0.758
0.779
1.166
1.01
0.771
1.07
0.867
0.599
0.437
0.33
0.315
0.237
0.63
0.947
0.604
0.526
0.792
0.464
0.796
0.543
0.495
0.567
0.608
0.585
0.798
0.806
1.17
1.016
0.797
1.033
0.814
0.564
0.416
0.323
0.307
0.249
0.597
0.864
0.617
0.481
0.719
0.453
0.737
0.498
0.453
0.53
0.609
0.574
0.785
0.801
1.131
0.985
0.791
0.966
0.787
0.55
0.402
0.303
0.287
0.235
0.545
0.803
0.624
0.459
0.656
0.416
0.699
0.488
0.438
0.506
0.591
0.608
0.794
0.813
1.152
0.98
0.785
0.932
0.765
0.534
0.386
0.292
0.278
0.234
0.503
0.735
0.599
0.426
0.679
0.406
0.671
0.482
0.424
0.481
0.573
0.599
0.773
0.802
1.096
0.998
0.778
0.915
0.767
0.538
0.403
0.308
0.271
0.23
0.473
0.68
0.549
0.453
0.661
0.399
0.634
0.47
0.409
0.465
0.547
0.607
0.765
0.839
1.097
0.99
0.762
0.885
0.739
0.507
0.374
0.288
0.253
0.216
0.436
0.631
0.582
0.417
0.686
0.415
0.6
0.461
0.395
0.454
0.52
0.596
0.745
0.826
1.051
0.965
0.86
0.873
0.782
0.503
0.38
0.298
0.261
0.22
0.415
0.697
0.601
0.383
0.658
0.473
0.579
0.462
0.381
0.44
0.505
0.585
0.747
0.794
0.994
0.999
0.855
0.885
0.768
0.545
0.414
0.323
0.265
0.223
0.4
0.651
0.614
0.413
0.648
0.456
0.634
0.466
0.383
0.486
0.487
0.578
0.76
0.815
1.027
1.012
0.871
0.869
0.757
0.535
0.417
0.323
0.262
0.227
0.384
0.611
0.651
0.419
0.591
0.419
0.614
0.459
0.381
0.475
0.488
0.577
0.787
0.811
0.983
0.991
0.854
0.879
0.748
0.516
0.407
0.315
0.255
0.218
0.353
0.567
0.599
0.422
0.737
0.414
0.583
0.464
0.372
0.459
0.469
0.57
0.774
0.807
0.945
1.003
0.84
0.872
0.748
0.502
0.395
0.303
0.245
0.205
0.327
0.53
0.762
0.389
0.697
0.478
0.559
0.45
0.365
0.443
0.46
0.552
0.771
0.801
0.906
0.973
0.899
0.849
0.781
0.577
0.479
0.394
0.344
0.306
0.403
0.507
0.827
0.375
0.667
0.532
0.535
0.442
0.354
0.43
0.45
0.552
0.774
0.782
0.874
1.027
0.905
0.837
0.827
0.539
0.439
0.362
0.322
0.29
0.372
0.582
0.858
0.37
0.653
0.521
0.523
0.499
0.372
0.431
0.444
0.591
0.777
0.788
0.845
1.037
0.878
0.828
0.82
0.52
0.428
0.348
0.327
0.29
0.357
0.538
0.934
0.342
0.627
0.578
0.501
0.483
0.363
0.422
0.436
0.582
0.776
0.786
0.815
1.009
0.899
0.818
0.804
0.525
0.432
0.322
0.301
0.269
0.33
0.5
0.853
0.365
0.606
0.556
0.481
0.47
0.368
0.447
0.421
0.573
0.79
0.795
0.864
1.021
0.907
0.835
0.8
0.535
0.442
0.311
0.286
0.251
0.306
0.458
0.81
0.373
0.564
0.509
0.473
0.462
0.37
0.454
0.425
0.568
0.771
0.837
0.833
0.997
0.898
0.817
0.773
0.506
0.414
0.29
0.268
0.236
0.299
0.455
0.757
0.509
0.707
0.498
0.46
0.449
0.365
0.44
0.414
0.556
0.787
0.86
0.813
1.031
0.891
0.806
0.738
0.471
0.384
0.268
0.248
0.22
0.279
0.418
0.716
0.638
0.696
0.494
0.456
0.998
0.357
0.432
0.465
0.621
0.769
0.842
0.794
0.997
0.875
0.784
0.713
0.439
0.371
0.25
0.232
0.208
0.259
0.385
0.795
0.593
0.668
0.499
0.462
0.969
0.348
0.42
0.52
0.632
0.766
0.9
0.777
1.047
0.858
0.768
0.682
0.427
0.347
0.237
0.219
0.202
0.243
0.367
0.757
0.7
0.65
0.486
0.857
1.06
0.349
0.463
0.516
0.636
0.759
0.872
0.761
1.055
0.844
0.794
0.748
0.413
0.346
0.221
0.206
0.191
0.226
0.355
0.747
0.729
0.626
0.479
0.786
0.963
0.322
0.425
0.476
0.58
0.698
0.957
0.92
1.181
0.936
0.764
0.79
0.532
0.337
0.222
0.208
0.195
0.226
0.34
0.695
0.679
0.618
0.452
0.715
0.874
0.301
0.414
0.486
0.599
0.693
0.916
0.96
1.17
0.947
0.793
0.771
0.517
0.35
0.238
0.222
0.198
0.227
0.334
0.632
0.661
0.565
0.42
0.683
0.825
0.308
0.408
0.477
0.597
0.723
0.902
0.915
1.14
0.929
0.775
0.744
0.476
0.323
0.222
0.208
0.187
0.21
0.315
0.671
0.754
0.701
0.417
0.717
1.336
0.291
0.376
0.438
0.546
0.751
0.873
0.886
1.141
1.008
0.762
0.816
0.467
0.324
0.23
0.212
0.187
0.212
0.416
0.714
0.685
0.671
0.469
0.676
1.24
0.288
0.368
0.43
0.559
0.74
0.872
0.859
1.099
0.974
0.756
0.87
0.442
0.312
0.227
0.206
0.174
0.199
0.438
0.909
0.619
0.645
0.535
0.641
1.15
0.287
0.361
0.412
0.555
0.748
0.914
0.904
1.078
0.959
0.736
0.937
0.446
0.302
0.222
0.195
0.164
0.189
0.407
0.959
0.703
0.63
0.517
0.615
1.459
0.485
0.36
0.402
0.625
0.733
0.89
0.874
1.08
0.942
0.748
0.995
0.471
0.287
0.224
0.184
0.156
0.179
0.46
0.97
0.672
0.609
0.577
0.589
1.35
0.512
0.435
0.399
0.629
0.735
0.861
0.839
1.045
0.941
0.732
0.95
0.545
0.266
0.21
0.174
0.144
0.169
0.423
0.93
0.705
0.669
0.554
0.603
1.745
0.614
0.606
0.457
0.635
0.842
0.852
0.884
1.04
0.965
0.728
1.024
0.612
0.379
0.253
0.166
0.139
0.155
0.39
0.842
0.857
0.641
0.506
0.586
1.624
0.589
0.585
0.456
0.638
0.862
0.907
0.881
1.037
0.979
0.767
1.084
0.56
0.351
0.233
0.156
0.132
0.145
0.436
0.988
0.819
0.604
0.487
0.804
1.548
0.582
0.604
0.488
0.65
0.862
0.888
0.875
1.047
0.996
0.883
1.013
0.512
0.323
0.217
0.145
0.134
0.147
0.531
1.16
0.82
0.574
0.47
0.748
1.429
0.557
0.586
0.514
0.71
1.06
0.975
0.922
1.049
1.016
0.909
1.09
0.588
0.434
0.305
0.15
0.14
0.152
0.503
1.301
0.908
0.555
0.456
0.701
1.313
0.527
0.553
0.488
0.734
1.05
0.955
0.902
1.118
1.014
0.916
1.15
0.573
0.419
0.297
0.156
0.152
0.157
0.471
1.37
0.937
0.534
0.447
0.667
1.231
0.657
0.55
0.506
0.796
1.066
0.989
0.899
1.112
1.02
0.946
1.186
0.538
0.399
0.289
0.154
0.142
0.167
0.472
1.384
1.054
0.612
0.439
0.638
1.163
0.644
0.544
0.549
0.829
1.073
0.965
0.901
1.108
1.099
0.952
1.184
0.504
0.379
0.28
0.158
0.135
0.158
0.435
1.261
1.155
0.6
0.435
0.633
1.111
0.625
0.555
0.82
0.908
1.078
0.99
0.909
1.117
1.109
0.941
1.171
0.5
0.367
0.259
0.149
0.13
0.15
0.4
1.138
1.069
0.7
0.661
0.69
1.04
0.59
0.528
0.763
0.859
1.05
0.972
0.903
1.072
1.08
0.921
1.142
0.53
0.359
0.254
0.154
0.135
0.139
0.374
1.043
1.07
0.784
0.827
0.659
0.978
0.561
0.529
0.769
0.867
1.091
0.955
0.88
1.092
1.059
0.924
1.187
0.519
0.363
0.242
0.147
0.128
0.131
0.343
1.086
1.147
0.862
0.784
0.622
0.918
0.55
0.513
0.745
0.844
1.072
0.951
0.928
1.069
1.018
0.894
1.205
0.658
0.505
0.357
0.288
0.208
0.12
0.311
0.989
1.119
0.87
0.717
0.608
0.844
0.499
0.468
0.679
0.761
0.985
0.941
1.042
1.075
0.983
0.865
1.118
0.719
0.476
0.336
0.28
0.202
0.129
0.295
1.043
1.18
0.845
0.681
0.582
0.801
0.478
0.458
0.657
0.744
0.948
0.926
1.011
1.065
0.982
0.876
1.146
0.686
0.45
0.315
0.27
0.194
0.132
0.283
1.133
1.24
0.802
0.642
0.552
0.756
0.459
0.457
0.642
0.733
0.928
0.967
1.051
1.103
0.943
0.87
1.093
0.681
0.449
0.312
0.263
0.201
0.149
0.273
1.119
1.27
0.828
0.606
0.535
0.72
0.442
0.435
0.61
0.723
0.911
0.967
1.082
1.092
0.913
0.849
1.028
0.74
0.446
0.316
0.27
0.212
0.17
0.275
1.032
1.277
0.89
0.57
0.522
0.688
0.436
0.429
0.593
0.704
0.879
0.998
1.056
1.063
0.893
0.837
1.052
0.721
0.426
0.301
0.258
0.196
0.16
0.275
0.942
1.197
1.132
0.568
0.577
1.238
0.445
0.427
0.601
0.738
0.914
0.969
1.031
1.075
0.879
0.869
1.138
0.701
0.428
0.292
0.254
0.196
0.151
0.277
1.07
1.096
1.056
0.658
0.575
1.15
0.466
0.418
0.606
0.722
0.885
0.971
0.99
1.071
0.881
0.861
1.153
0.677
0.421
0.282
0.246
0.183
0.143
0.282
1.194
1.356
1.097
0.651
0.591
1.124
0.472
0.443
0.627
0.774
0.924
1.016
0.948
1.038
0.887
0.855
1.108
0.661
0.427
0.295
0.243
0.183
0.147
0.275
1.194
1.434
1.131
0.642
0.605
1.313
0.472
0.454
0.619
0.828
0.908
0.989
0.923
1.003
0.874
0.844
1.033
0.768
0.421
0.301
0.254
0.186
0.145
0.263
1.107
1.491
1.249
0.63
0.597
1.294
0.473
0.516
0.631
0.858
0.942
0.941
0.894
1.025
0.86
0.822
1.01
0.8
0.514
0.304
0.259
0.196
0.158
0.266
1.024
1.526
1.275
0.645
0.603
1.25
0.486
0.518
0.686
0.968
0.984
0.94
0.948
1.032
0.872
0.861
0.949
0.855
0.494
0.312
0.264
0.195
0.169
0.257
0.935
1.38
1.188
0.731
0.724
1.361
0.478
0.508
0.662
1.094
0.964
0.924
1.058
1.08
0.856
0.837
0.984
0.959
0.614
0.303
0.258
0.193
0.177
0.246
0.867
1.403
1.318
1.095
0.71
1.369
0.482
0.508
0.655
1.12
1.021
0.98
1.25
1.103
0.843
0.872
1.057
1.029
0.702
0.404
0.249
0.18
0.167
0.232
0.856
1.451
1.415
1.073
0.735
1.313
0.534
0.602
0.653
1.118
1.067
1.074
1.297
1.097
0.847
0.844
1.003
1.206
0.65
0.388
0.254
0.194
0.171
0.216
0.795
1.417
2.008
1.966
1.467
1.396
0.514
0.582
0.631
1.383
1.984
1.856
2.001
1.823
0.847
0.841
1.004
1.103
0.597
0.473
0.247
0.196
0.172
0.213
0.748
1.426
2.146
2.148
1.481
1.539
0.888
1.007
1.283
1.996
2.552
2.814
2.682
2.524
1.492
1.181
1.361
1.115
0.571
0.448
0.239
0.195
0.172
0.206
0.686
1.443
2.24
2.613
2.327
2.265
1.589
1.861
2.033
3.007
3.337
3.457
3.166
2.421
2.085
1.606
1.517
1.05
0.548
0.418
0.228
0.193
0.172
0.202
0.63
1.314
2.217
2.634
2.418
2.218
2.288
2.166
1.95
2.802
3.068
3.517
3.14
2.53
2.106
1.663
1.406
0.978
0.497
0.383
0.219
0.18
0.16
0.287
0.733
1.586
2.049
2.388
2.474
2.692
2.627
2.043
1.884
2.611
2.903
3.411
2.892
2.525
2.311
1.832
1.322
1.019
0.574
0.371
0.214
0.184
0.168
0.277
0.683
1.457
2.024
2.399
2.272
2.656
2.503
2.373
1.833
2.468
2.758
3.204
2.738
2.408
2.237
1.856
1.307
0.93
0.532
0.346
0.222
0.182
0.164
0.26
0.708
1.451
1.941
2.263
2.207
2.515
2.338
2.172
1.688
2.324
2.67
3.103
2.633
2.286
2.192
1.859
1.359
0.936
0.491
0.326
0.212
0.179
0.16
0.247
0.74
1.449
1.878
2.08
2.07
2.338
2.165
2.054
1.579
2.285
2.528
2.888
2.562
2.273
2.127
1.8
1.319
0.964
0.467
0.321
0.209
0.176
0.158
0.234
0.789
1.424
1.807
2.036
1.97
2.232
2.013
1.92
1.511
2.295
2.404
2.748
2.416
2.153
2.042
1.767
