0.0
0.0
0.0
0.0
0.0
0.0
0.0
0.0
0.0
0.0
0.0
0.0
0.0
0.0
0.0
0.0
0.0
0.0
0.0
0.0
0.0
0.0
0.0
0.0
0.0
0.0
0.0
0.0
0.0
0.0
0.0
0.0
0.0
0.0
0.0
0.0
0.0
0.0
0.0
0.0
0.0
0.0
0.0
0.0
0.0
0.0
0.0
0.0
0.0
0.0
0.0
0.0
0.0
0.0
0.0
0.0
0.0
0.0
0.0
0.0
0.0
0.0
0.0
0.0
0.0
0.0
0.0
0.0
0.0
0.0
0.0
0.0
0.0
0.0
0.0
0.0
0.0
0.0
0.0
0.0
0.0
0.0
0.0
0.0
0.0
0.0
0.0
0.0
0.0
0.0
0.0
0.0
0.0
0.0
0.0
0.0
0.0
0.0
0.0
0.0
0.0
0.0
0.0
0.0
0.0
0.0
0.0
0.0
0.0
0.0
0.0
0.0
0.0
0.0
0.0
0.0
0.0
0.0
0.0
0.0
0.0
0.0
0.0
0.0
0.0
0.0
0.0
0.0
0.0
0.0
0.0
0.0
0.0
0.0
0.0
0.0
0.0
0.0
0.0
0.0
0.0
0.0
0.0
0.0
0.0
0.0
0.0
0.0
0.0
0.0
0.0
0.0
0.0
0.0
0.0
0.0
0.0
0.0
0.0
0.0
0.0
0.0
0.0
0.0
0.0
0.0
0.0
0.0
0.0
0.0
0.0
0.0
0.0
0.0
0.0
0.0
0.0
0.0
0.0
0.0
0.0
0.0
0.0
0.0
0.0
0.0
0.0
0.0
0.0
0.0
0.0
0.0
0.0
0.0
0.0
0.0
0.0
0.0
0.0
0.0
0.0
0.0
0.0
0.0
0.0
0.0
0.0
0.0
0.0
0.0
0.0
0.0
0.0
0.0
0.0
0.0
0.0
0.0
0.0
0.0
0.0
0.0
0.0
0.0
0.0
0.0
0.0
0.0
0.0
0.0
0.0
0.0
0.0
0.0
0.0
0.0
0.0
0.0
0.0
0.0
0.0
0.0
0.0
0.0
0.0
0.0
0.0
0.0
0.0
0.0
0.0
0.0
0.0
0.0
0.0
0.0
0.0
0.0
0.0
0.0
0.0
0.0
0.0
0.0
0.0
0.0
0.0
0.0
0.0
0.0
0.0
0.0
0.0
0.0
0.0
0.0
0.0
0.0
0.0
0.0
0.0
0.0
0.0
0.0
0.0
0.0
0.0
0.0
0.0
0.0
0.0
0.0
0.0
0.0
0.0
0.0
0.0
0.0
0.0
0.0
0.0
0.0
0.0
0.0
0.0
0.0
0.0
0.0
0.0
0.0
0.0
0.0
0.0
0.0
0.0
0.0
0.0
0.0
0.0
0.0
0.0
0.0
0.0
0.0
0.0
0.0
0.0
0.0
0.0
0.0
0.0
0.0
0.0
0.0
0.0
0.0
0.0
0.0
0.0
0.0
0.0
0.0
0.0
0.0
0.0
0.0
0.0
0.0
0.0
0.0
0.0
0.0
0.0
0.0
0.0
0.0
0.0
0.0
0.0
0.0
0.0
0.0
0.0
0.0
0.0
0.0
0.0
0.0
0.0
0.0
0.0
0.0
0.0
0.0
0.0
0.0
0.0
0.0
0.0
0.0
0.0
0.0
0.0
0.0
0.0
0.0
0.0
0.0
0.0
0.0
0.0
0.0
0.0
0.0
0.0
0.0
0.0
0.0
0.0
0.0
0.0
0.0
0.0
0.0
0.0
0.0
0.0
0.0
0.0
0.0
0.0
0.0
0.0
0.0
0.0
0.0
0.0
0.0
0.0
0.0
0.0
0.0
0.0
0.0
0.0
0.0
0.0
0.0
0.0
0.0
0.0
0.0
0.0
0.0
0.0
0.0
0.0
0.0
0.0
0.0
0.0
0.0
0.0
0.0
0.0
0.0
0.0
0.0
0.0
0.0
0.0
0.0
0.0
0.0
0.0
0.0
0.0
0.0
0.0
0.0
0.0
0.0
0.0
0.0
0.0
0.0
0.0
0.0
0.0
0.0
0.0
0.0
0.0
0.0
0.0
0.0
0.0
0.0
0.0
0.0
0.0
0.0
0.0
0.0
0.0
0.0
0.0
0.0
0.0
0.0
0.0
0.0
0.0
0.0
0.0
0.0
0.0
0.0
0.0
0.0
0.0
0.0
0.0
0.0
0.0
0.362
0.204
0.339
0.217
1.085
1.531
0.421
1.052
0.391
0.331
0.218
0.301
0.221
0.292
0.359
0.277
0.417
3.136
0.351
0.665
0.994
1.123
0.799
0.293
0.331
0.18
0.322
0.223
1.007
1.578
0.372
0.846
0.424
0.585
0.237
0.301
0.238
0.297
0.343
0.47
0.471
2.977
0.338
0.574
1.086
0.982
0.65
0.33
0.298
0.204
0.288
0.585
0.757
1.195
0.278
0.548
0.678
0.593
0.309
0.279
0.262
0.289
0.335
0.667
0.77
2.493
0.381
0.509
1.117
0.916
0.619
0.33
0.254
0.244
0.26
0.964
0.516
0.953
0.293
0.449
0.48
0.592
0.35
0.241
0.279
0.281
0.318
0.871
1.119
1.787
0.338
0.453
0.941
0.756
0.6
0.299
0.332
0.322
0.393
0.39
0.693
1.067
0.333
0.312
0.326
0.851
0.829
0.986
1.299
0.705
0.493
0.357
0.554
1.679
0.809
0.758
0.586
0.534
0.62
0.284
0.3
0.303
0.244
0.39
0.667
1.055
0.218
0.294
0.282
0.767
0.582
0.748
1.025
0.538
0.416
0.414
0.698
0.942
0.408
0.638
0.523
0.386
0.509
0.328
0.254
0.261
0.243
1.337
0.279
0.6
0.278
0.412
0.526
0.548
0.395
0.207
0.301
0.271
0.326
1.044
1.186
1.135
0.341
0.337
0.781
0.644
0.484
0.324
0.256
0.25
0.256
1.35
0.285
0.599
0.28
0.45
0.508
0.524
0.372
0.225
0.286
0.276
0.316
1.03
1.216
1.056
0.362
0.344
0.781
0.783
0.483
0.31
0.268
0.24
0.262
1.421
0.28
0.567
0.273
0.454
0.476
0.501
0.359
0.225
0.291
0.261
0.324
1.017
1.27
0.978
0.374
0.384
0.802
0.789
0.495
0.3
0.266
0.244
0.248
1.491
0.27
0.529
0.28
0.441
0.459
0.488
0.338
0.23
0.292
0.252
0.326
1.007
1.34
0.908
0.357
0.378
1.003
0.783
0.509
0.294
0.267
0.245
0.247
1.571
0.261
0.552
0.29
0.441
0.434
0.466
0.328
0.231
0.289
0.25
0.324
0.997
1.399
0.84
0.362
0.507
1.023
0.811
0.525
0.301
0.259
0.253
0.238
1.701
0.249
0.533
0.279
0.447
0.411
0.448
0.32
0.232
0.289
0.241
0.326
0.983
1.459
0.832
0.342
0.494
0.945
0.757
0.511
0.289
0.259
0.257
0.231
1.745
0.249
0.495
0.285
0.422
0.388
0.434
0.313
0.226
0.298
0.229
0.327
0.976
1.398
0.781
0.348
0.463
0.896
0.7
0.501
0.278
0.274
0.273
0.243
1.804
0.243
0.523
0.272
0.412
0.371
0.417
0.307
0.316
0.42
0.293
0.333
0.972
1.477
0.895
0.458
0.523
0.931
0.741
0.561
0.285
0.269
0.28
0.253
1.912
0.258
0.539
0.272
0.425
0.355
0.406
0.303
0.309
0.409
0.285
0.323
0.988
1.571
0.838
0.503
0.549
0.896
0.802
0.621
0.306
0.266
0.272
0.264
2.021
0.267
0.546
0.274
0.52
0.358
0.384
0.305
0.297
0.404
0.27
0.32
0.983
1.694
0.843
0.485
0.528
0.834
0.744
0.624
0.31
0.261
0.277
0.255
2.009
0.3
0.537
0.27
0.504
0.341
0.375
0.302
0.284
0.399
0.261
0.317
0.978
1.734
0.852
0.52
0.515
0.798
0.706
0.652
0.361
0.255
0.296
0.249
2.028
0.321
0.542
0.302
0.513
0.323
0.373
0.296
0.287
0.381
0.27
0.307
0.986
1.798
0.807
0.632
0.54
0.783
0.697
0.658
0.368
0.25
0.301
0.245
2.166
0.317
0.558
0.306
0.517
0.326
0.414
0.348
0.324
0.477
0.334
0.322
0.994
1.894
0.816
0.641
0.507
0.75
0.652
0.674
0.364
0.258
0.302
0.24
2.145
0.306
0.599
0.3
0.484
0.334
0.515
0.357
0.313
0.503
0.364
0.374
1.07
2.012
0.828
0.892
0.745
0.82
0.734
0.7
0.352
0.26
0.298
0.247
2.225
0.3
0.63
0.305
0.458
0.327
0.719
0.512
0.537
0.944
0.729
0.772
1.384
1.931
0.789
0.888
0.946
0.877
0.837
0.774
0.358
0.348
0.301
0.258
2.085
0.304
0.687
0.305
0.469
0.307
0.683
0.477
0.512
0.873
0.685
0.709
1.348
1.901
0.775
0.83
0.967
0.89
0.894
0.774
0.378
0.34
0.299
0.259
2.172
0.313
0.681
0.307
0.499
0.301
0.643
0.452
0.488
0.804
0.646
0.657
1.314
1.988
0.715
0.78
1.015
0.907
0.937
0.748
0.372
0.328
0.298
0.255
2.175
0.406
0.643
0.295
0.483
0.288
0.615
0.422
0.475
0.74
0.608
0.617
1.269
2.037
0.667
0.765
0.965
1.089
1.026
0.805
0.412
0.316
0.306
0.255
2.235
0.389
0.736
0.327
0.472
0.29
0.574
0.413
0.449
0.697
0.57
0.587
1.242
2.102
0.715
0.814
1.106
1.179
1.091
0.8
0.39
0.32
0.297
0.256
2.354
0.394
0.764
0.342
0.48
0.516
0.569
0.392
0.431
0.651
0.535
0.55
1.222
2.176
0.712
0.765
1.021
1.086
1.011
0.752
0.368
0.318
0.289
0.256
2.302
0.376
0.759
0.323
0.462
0.486
0.538
0.371
0.411
0.613
0.505
0.515
1.206
2.071
0.666
0.713
0.95
1.001
0.939
0.708
0.351
0.311
0.283
0.26
2.258
0.362
0.71
0.308
0.441
0.461
0.512
0.352
0.399
0.577
0.491
0.524
1.22
2.0
0.701
0.754
0.992
1.024
0.894
0.665
0.347
0.295
0.287
0.256
2.258
0.359
0.72
0.293
0.46
0.428
0.499
0.331
0.396
0.535
0.476
0.489
1.203
2.073
0.661
0.734
1.093
1.013
0.91
0.654
0.348
0.296
0.289
0.254
2.355
0.343
0.763
0.284
0.452
0.408
0.478
0.323
0.386
0.502
0.462
0.456
1.191
2.102
0.811
0.875
1.164
1.058
0.96
0.67
0.36
0.304
0.308
0.256
2.442
0.35
0.77
0.298
0.546
0.412
0.447
0.326
0.371
0.482
0.438
0.445
1.167
2.166
0.79
0.881
1.198
1.097
0.996
0.653
0.353
0.295
0.298
0.259
2.393
0.374
0.745
0.349
0.655
0.407
0.433
0.309
0.366
0.461
0.424
0.416
1.152
2.189
0.741
0.809
1.119
1.133
1.122
0.655
0.341
0.299
0.285
0.262
2.427
0.357
0.757
0.36
0.611
0.397
0.407
0.308
0.35
0.445
0.402
0.402
1.135
2.447
0.715
1.019
1.138
1.145
1.123
0.767
0.357
0.285
0.287
0.257
2.387
0.35
0.732
0.386
0.606
0.431
0.398
0.31
0.347
0.435
0.392
0.397
1.127
2.469
0.672
0.954
1.056
1.073
1.044
0.75
0.373
0.301
0.294
0.274
2.395
0.353
0.743
0.382
0.59
0.419
0.543
0.365
0.351
0.41
0.41
0.549
1.318
2.607
0.853
0.978
1.091
1.086
1.026
0.732
0.357
0.302
0.29
0.271
2.487
0.34
0.86
0.37
0.748
0.406
0.52
0.351
0.343
0.402
0.387
0.523
1.28
2.623
0.792
0.939
1.103
1.121
1.055
0.717
0.375
0.308
0.283
0.278
2.447
0.331
0.891
0.423
0.737
0.403
0.493
0.353
0.342
0.384
0.37
0.488
1.248
2.691
0.906
0.906
1.026
1.058
0.989
0.72
0.361
0.309
0.277
0.279
2.406
0.333
0.913
0.421
0.831
0.391
0.473
0.341
0.335
0.372
0.359
0.47
1.219
2.712
0.927
0.885
1.006
1.051
1.121
0.711
0.36
0.294
0.286
0.267
2.436
0.327
0.958
0.446
0.784
0.383
0.449
0.336
0.323
0.365
0.342
0.455
1.194
2.689
0.971
0.846
1.033
1.097
1.232
0.705
0.348
0.296
0.279
0.273
2.362
0.317
1.014
0.447
0.747
0.49
0.442
0.329
0.32
0.349
0.34
0.426
1.187
2.686
1.017
0.835
0.97
1.013
1.172
0.689
0.352
0.289
0.282
0.275
2.339
0.32
0.936
0.43
0.706
0.494
0.439
0.339
0.348
0.386
0.359
0.444
1.195
2.8
0.951
0.885
1.036
1.009
1.142
0.698
0.347
0.293
0.28
0.276
2.446
0.308
0.88
0.41
0.658
0.491
0.502
0.349
0.337
0.379
0.487
0.508
1.192
2.78
0.904
0.988
1.027
1.032
1.118
0.673
0.343
0.29
0.286
0.271
2.549
0.349
0.819
0.4
0.625
0.488
0.469
0.35
0.324
0.377
0.464
0.488
1.176
2.732
0.924
1.028
1.001
1.018
1.169
0.704
0.346
0.289
0.286
0.274
2.54
0.351
0.837
0.39
0.598
0.528
0.459
0.338
0.325
0.359
0.451
0.454
1.175
2.749
0.868
0.944
1.027
1.053
1.18
0.742
0.347
0.296
0.281
0.283
2.424
0.347
0.827
0.376
0.602
0.532
0.556
0.354
0.351
0.374
0.469
0.56
1.212
2.766
0.874
0.896
0.996
1.055
1.176
0.748
0.376
0.3
0.274
0.294
2.413
0.338
0.783
0.376
0.594
0.503
0.527
0.343
0.349
0.357
0.452
0.53
1.162
2.739
0.808
0.855
1.026
1.089
1.178
0.809
0.418
0.307
0.307
0.284
2.314
0.337
0.775
0.361
0.65
0.646
0.513
0.337
0.342
0.344
0.445
0.498
1.139
2.791
0.853
0.822
0.97
1.031
1.111
0.774
0.422
0.34
0.381
0.37
2.24
0.331
0.778
0.354
0.603
0.615
0.486
0.394
0.49
0.333
0.438
0.526
1.168
2.783
0.836
0.833
0.943
1.012
1.13
0.784
0.444
0.343
0.367
0.351
2.19
0.328
0.756
0.341
0.587
0.571
0.614
0.464
0.471
0.342
0.417
0.501
1.157
2.736
0.801
0.804
0.889
0.934
1.058
0.737
0.419
0.422
0.387
0.381
2.087
0.346
0.737
0.348
0.559
0.564
0.61
0.463
0.442
0.342
0.399
0.48
1.133
2.507
0.776
0.832
1.053
1.054
1.092
0.726
0.423
0.42
0.393
0.377
2.1
0.347
0.755
0.349
0.541
0.706
0.584
0.462
0.422
0.336
0.399
0.493
1.263
2.521
0.855
0.843
0.998
1.022
1.045
0.7
0.433
0.404
0.381
0.379
2.084
0.463
0.765
0.357
0.539
0.883
0.629
0.681
0.41
0.334
0.39
0.462
1.255
2.407
0.831
0.837
1.037
1.171
1.095
0.805
0.441
0.388
0.36
0.379
2.136
0.434
0.761
0.357
0.611
1.079
0.673
0.63
0.454
0.432
0.574
0.498
1.156
2.25
0.857
0.895
0.986
1.11
1.053
0.771
0.47
0.403
0.361
0.382
2.135
0.417
0.74
0.359
0.617
1.04
0.653
0.698
0.429
0.416
0.548
0.465
1.154
2.288
0.789
0.833
0.926
1.022
0.982
0.727
0.442
0.395
0.349
0.362
2.13
0.394
0.758
0.353
0.573
0.969
0.608
0.653
0.416
0.395
0.528
0.435
1.145
2.151
0.726
0.773
0.876
0.947
0.905
0.696
0.42
0.376
0.348
0.346
2.085
0.388
0.738
0.354
0.534
0.899
0.576
0.609
0.408
0.376
0.583
0.422
1.149
2.088
0.688
0.741
0.904
1.082
1.028
0.729
0.411
0.366
0.332
0.384
2.2
0.407
0.719
0.386
0.543
0.862
0.578
0.616
0.417
0.404
0.587
0.432
1.107
1.935
0.681
0.731
0.874
1.043
0.994
0.71
0.444
0.382
0.356
0.414
2.034
0.429
0.712
0.399
0.553
0.835
0.572
0.627
0.427
0.427
0.59
0.441
1.068
1.795
0.678
0.72
0.844
1.019
0.952
0.709
0.458
0.398
0.389
0.428
1.888
0.451
0.69
0.429
0.551
0.808
0.581
0.618
0.449
0.443
0.59
0.461
1.011
1.685
0.666
0.701
0.839
0.978
0.916
0.713
0.472
0.411
0.424
0.439
1.756
0.473
0.68
0.436
0.565
0.783
0.579
0.623
0.457
0.449
0.678
0.574
1.012
1.576
0.632
0.676
0.787
0.909
0.872
0.67
0.453
0.417
0.41
0.426
1.624
0.461
0.638
0.442
0.539
0.885
0.65
0.62
0.461
0.471
0.66
0.574
0.972
1.465
0.64
0.654
0.766
0.875
0.837
0.662
0.465
0.422
0.443
0.431
1.515
0.48
0.627
0.453
0.546
0.847
0.643
0.618
0.46
0.493
0.642
0.572
0.937
1.369
0.632
0.648
0.739
0.841
0.814
0.643
0.473
0.443
0.453
0.435
1.43
0.487
0.611
0.458
0.558
0.816
0.624
0.622
0.465
0.49
0.645
0.562
0.901
1.292
0.621
0.635
0.726
0.805
0.779
0.646
0.472
0.452
0.465
0.454
1.336
0.486
0.618
0.458
0.554
0.788
0.62
0.599
0.459
0.475
0.611
0.571
0.955
1.214
0.593
0.617
0.703
0.733
0.716
0.612
0.444
0.422
0.458
0.419
1.217
0.463
0.564
0.431
0.517
0.724
0.579
0.559
0.421
0.457
0.561
0.526
0.886
1.102
0.554
0.58
0.654
0.668
0.676
0.567
0.415
0.398
0.448
0.393
1.105
0.424
0.525
0.413
0.473
0.664
0.529
0.529
0.391
0.42
0.528
0.485
0.809
1.02
0.513
0.536
0.603
0.631
0.619
0.521
0.403
0.381
0.423
0.365
1.019
0.396
0.48
0.381
0.454
0.609
0.487
0.496
0.366
0.389
0.502
0.448
0.739
0.952
0.493
0.513
0.591
0.599
0.581
0.484
0.398
0.36
0.397
0.352
0.935
0.365
0.45
0.381
0.442
0.579
0.467
0.455
0.343
0.375
0.461
0.419
0.689
1.008
0.807
0.568
0.622
0.634
0.612
0.505
0.474
0.421
0.374
0.347
0.937
0.345
0.437
0.386
0.437
0.569
0.449
0.43
0.342
0.446
0.503
0.48
0.743
0.984
0.78
0.629
0.717
0.626
0.602
0.514
0.473
0.439
0.422
0.325
0.96
0.329
0.443
0.381
0.408
0.528
0.432
0.4
0.503
0.51
0.523
0.473
0.772
1.29
1.332
0.737
0.837
0.699
0.66
0.504
0.448
0.429
0.404
0.311
0.981
0.321
0.455
0.396
0.396
0.491
0.454
0.551
0.511
0.491
0.504
0.45
0.813
1.296
1.246
0.704
0.792
0.751
0.719
0.566
0.462
0.417
0.392
0.299
1.0
0.355
0.429
0.386
0.374
0.467
0.435
0.719
0.492
0.473
0.512
0.553
0.882
1.397
1.37
0.773
0.825
0.914
0.75
0.57
0.449
0.403
0.38
0.296
1.162
0.344
0.52
0.374
0.362
0.646
0.507
0.796
0.497
0.456
0.491
0.529
0.906
1.507
1.433
0.865
0.88
0.958
0.809
0.584
0.441
0.39
0.368
0.3
1.188
0.341
0.527
0.365
0.346
0.612
0.513
0.75
0.462
0.444
0.488
0.503
0.936
1.744
1.549
0.891
0.971
0.996
0.818
0.615
0.428
0.382
0.361
0.29
1.255
0.332
0.54
0.42
0.373
0.621
0.539
0.773
0.441
0.433
0.49
0.496
0.946
1.695
1.455
0.836
0.945
1.009
0.818
0.635
0.439
0.375
0.348
0.294
1.217
0.321
0.568
0.395
0.36
0.686
0.508
0.72
0.424
0.419
0.463
0.479
0.961
1.738
1.351
0.806
0.893
0.935
0.827
0.656
0.451
0.362
0.335
0.301
1.202
0.316
0.576
0.376
0.358
0.637
0.495
1.007
0.465
0.411
0.452
0.456
1.222
2.122
1.628
0.947
0.985
1.005
0.878
0.657
0.445
0.357
0.333
0.306
1.213
0.32
0.696
0.488
0.4
0.607
0.468
0.942
0.44
0.404
0.427
0.444
1.203
2.079
1.51
1.009
1.079
1.073
0.955
0.654
0.442
0.35
0.345
0.304
1.181
0.323
0.836
0.579
0.458
0.583
0.457
0.87
0.428
0.384
0.417
0.418
1.198
2.007
1.413
1.007
1.14
1.086
1.056
0.639
0.418
0.348
0.328
0.306
1.147
0.318
0.815
0.624
0.596
0.581
0.482
0.827
0.465
0.542
0.476
0.444
1.306
2.025
1.421
1.077
1.126
1.064
1.108
0.679
0.411
0.349
0.317
0.313
1.17
0.322
0.866
0.664
0.568
0.549
0.456
0.768
0.443
0.509
0.457
0.419
1.296
2.001
1.434
1.09
1.249
1.08
1.116
0.646
0.399
0.347
0.308
0.319
1.216
0.323
0.856
0.732
0.706
0.522
0.444
0.713
0.43
0.48
0.441
0.401
1.286
2.014
1.626
1.119
1.215
1.063
1.163
0.699
0.433
0.379
0.298
0.32
1.195
0.325
0.791
0.692
0.655
0.53
0.553
0.736
0.425
0.459
0.499
0.501
1.293
2.17
1.784
1.182
1.165
1.01
1.107
0.685
0.436
0.39
0.305
0.34
1.113
0.31
0.741
0.646
0.615
0.531
0.716
0.851
0.616
0.625
0.653
0.712
1.369
2.212
1.816
1.16
1.136
1.029
1.08
0.663
0.448
0.373
0.306
0.328
1.175
0.305
0.688
0.613
0.571
0.51
0.7
1.045
0.821
0.626
0.674
0.718
1.371
2.284
1.697
1.123
1.087
1.005
1.038
0.672
0.503
0.439
0.297
0.33
1.123
0.309
0.677
0.586
0.541
0.557
0.674
1.002
0.8
0.625
0.729
0.775
1.374
2.254
1.648
1.074
1.021
0.987
1.068
0.72
0.489
0.417
0.296
0.323
1.103
0.301
0.675
0.632
0.573
0.546
0.633
0.926
0.751
0.582
0.689
0.72
1.356
2.217
1.529
1.298
1.102
1.039
1.066
0.756
0.624
0.422
0.289
0.319
1.144
0.3
0.676
0.598
0.66
0.614
0.669
0.937
0.758
0.615
0.732
0.731
1.384
2.24
1.495
1.252
1.14
1.08
1.084
0.774
0.612
0.399
0.291
0.304
1.148
0.288
0.638
0.565
0.679
0.757
0.647
0.872
0.71
0.588
0.679
0.695
1.347
2.239
1.485
1.211
1.203
1.135
1.071
0.784
0.618
0.384
0.292
0.299
1.161
0.283
0.646
0.532
0.652
0.754
0.718
0.847
0.698
0.608
0.665
0.787
1.546
2.345
1.383
1.153
1.141
1.085
1.013
0.75
0.611
0.407
0.288
0.303
1.132
0.288
0.608
0.508
0.614
0.704
0.678
0.846
0.818
0.68
0.681
0.762
1.566
2.295
1.657
1.254
1.145
1.066
1.061
0.785
0.595
0.386
0.288
0.3
1.168
0.288
0.62
0.476
0.627
0.736
0.688
0.794
0.792
0.645
0.838
0.734
1.562
2.153
1.589
1.195
1.109
1.084
1.071
0.812
0.605
0.39
0.28
0.3
1.146
0.285
0.629
0.448
0.605
0.706
0.642
0.744
0.731
0.614
0.773
0.693
1.509
2.135
1.47
1.213
1.148
1.142
1.221
0.864
0.57
0.377
0.292
0.291
1.093
0.294
0.62
0.455
0.652
0.77
0.632
0.739
0.697
0.598
0.745
0.665
1.454
1.963
1.369
1.165
1.142
1.119
1.174
0.934
0.626
0.369
0.285
0.297
1.033
0.289
0.592
0.502
0.692
0.749
0.59
0.692
0.657
0.559
0.706
0.619
1.426
1.883
1.263
1.107
1.071
1.058
1.138
0.893
0.624
0.354
0.28
0.301
1.021
0.29
0.61
0.509
0.684
0.72
0.577
0.683
0.637
0.563
0.681
0.613
1.43
1.835
1.236
1.087
1.036
1.034
1.086
0.874
0.639
0.358
0.29
0.319
1.023
0.29
0.614
0.502
0.651
0.677
0.553
0.659
0.727
0.566
0.646
0.579
1.526
1.777
1.228
1.104
1.092
1.283
1.204
0.872
0.647
0.399
0.326
0.359
1.032
0.293
0.625
0.494
0.622
0.64
0.531
0.678
0.858
0.639
0.889
0.817
1.691
1.796
1.21
1.13
1.284
1.28
1.218
0.908
0.632
0.384
0.33
0.355
1.014
0.286
0.585
0.484
0.662
0.741
0.586
0.672
0.804
0.633
0.904
0.782
1.63
1.69
1.193
1.127
1.297
1.432
1.427
0.956
0.663
0.392
0.337
0.345
1.006
0.289
0.596
0.524
0.691
0.727
0.568
0.63
0.762
0.594
0.848
0.731
1.583
1.743
1.109
1.075
1.311
1.416
1.442
0.993
0.662
0.388
0.336
0.335
1.038
0.302
0.563
0.497
0.696
0.75
0.538
0.591
0.715
0.566
0.786
0.695
1.541
1.718
1.04
1.098
1.331
1.397
1.425
1.02
0.701
0.394
0.329
0.34
0.965
0.298
0.548
0.554
0.778
0.745
0.508
0.561
0.673
0.533
0.744
0.648
1.516
1.782
1.086
1.07
1.24
1.312
1.42
1.003
0.73
0.395
0.32
0.346
1.09
0.293
0.589
0.551
0.742
0.895
0.51
0.529
0.643
0.505
0.697
0.655
1.513
1.938
1.212
1.114
1.268
1.303
1.391
1.017
0.761
0.473
0.395
0.42
1.053
0.309
0.588
0.541
0.718
0.852
0.483
0.544
0.655
0.524
0.744
0.625
1.491
1.946
1.158
1.112
1.316
1.281
1.352
0.991
0.77
0.467
0.382
0.405
1.048
0.305
0.62
0.525
0.687
0.794
0.512
0.935
0.836
0.806
0.795
0.626
1.445
1.835
1.259
1.074
1.234
1.221
1.401
1.015
0.747
0.449
0.391
0.389
1.053
0.3
0.645
0.508
0.744
0.839
0.49
0.881
0.779
0.757
0.749
0.587
1.433
1.786
1.17
1.234
1.337
1.248
1.441
1.033
0.775
0.433
0.396
0.381
1.063
0.311
0.611
0.49
0.761
0.818
0.468
0.832
0.73
0.713
0.71
0.555
1.422
1.758
1.112
1.189
1.253
1.309
1.471
1.07
0.814
0.435
0.398
0.37
1.041
0.314
0.695
0.496
0.733
0.775
0.557
0.851
0.795
0.815
0.761
0.592
1.627
1.658
1.058
1.391
1.374
1.297
1.418
1.06
0.83
0.432
0.401
0.374
1.032
0.323
0.715
0.487
0.758
0.757
0.529
0.797
0.742
0.767
0.711
0.568
1.574
1.719
0.977
1.31
1.28
1.312
1.397
1.154
0.777
0.496
0.392
0.445
0.954
0.33
0.724
0.492
0.796
0.799
0.509
0.8
0.704
0.753
0.721
0.532
1.453
1.732
0.965
1.311
1.499
1.438
1.373
1.152
0.809
0.511
0.383
0.478
0.884
0.333
0.716
0.473
1.018
0.809
0.507
0.75
0.724
0.712
0.696
0.548
1.359
1.653
1.084
1.328
1.502
1.461
1.422
1.209
0.832
0.488
0.39
0.488
0.833
0.346
0.706
0.456
0.954
0.791
0.49
0.766
1.002
0.784
0.759
0.805
1.413
1.547
1.254
1.448
1.521
1.438
1.392
1.179
0.836
0.475
0.458
0.481
0.778
0.336
0.675
0.552
0.945
0.871
0.485
0.784
0.949
0.821
0.739
0.768
1.329
1.474
1.183
1.415
1.52
1.507
1.473
1.201
0.801
0.454
0.496
0.536
0.833
0.456
0.893
0.553
0.914
0.906
0.462
0.743
0.88
0.775
0.691
0.727
1.308
1.566
1.097
1.325
1.702
1.491
1.46
1.164
0.754
0.455
0.472
0.511
0.881
0.439
0.871
0.558
0.873
0.864
0.444
0.698
0.813
0.731
0.646
0.676
1.304
1.527
1.014
1.355
1.639
1.435
1.421
1.142
0.711
0.45
0.448
0.481
0.887
0.416
0.841
0.611
0.945
0.849
0.441
0.686
0.773
0.702
0.632
0.649
1.323
1.479
0.994
1.289
1.789
1.669
1.54
1.149
0.784
0.435
0.429
0.477
0.881
0.399
0.817
0.595
0.932
0.86
0.443
0.676
0.74
0.68
0.623
0.629
1.25
1.378
1.048
1.527
1.785
1.596
1.494
1.176
0.782
0.417
0.411
0.471
0.869
0.385
0.761
0.579
0.89
0.93
0.616
1.011
1.141
0.798
0.705
0.844
1.283
1.326
1.039
1.466
1.714
1.526
1.434
1.214
0.82
0.451
0.452
0.475
0.815
0.406
0.726
0.547
0.839
0.877
0.926
1.034
1.125
0.783
0.77
0.881
1.344
1.269
1.018
1.632
1.666
1.494
1.429
1.192
0.78
0.434
0.494
0.453
0.759
0.391
0.679
0.519
0.859
0.858
0.957
0.976
1.081
0.729
0.728
0.89
1.28
1.177
0.943
1.587
1.673
1.687
1.416
1.199
0.744
0.418
0.507
0.435
0.711
0.413
0.638
0.559
0.864
0.871
0.985
0.902
1.043
0.696
0.678
0.905
1.187
1.083
0.884
1.478
1.551
1.59
1.357
1.185
0.734
0.402
0.55
0.431
0.666
0.448
0.607
0.531
0.852
0.928
1.004
0.866
1.026
0.684
0.666
0.942
1.205
1.044
0.873
1.399
1.471
1.547
1.324
1.17
0.719
0.391
0.566
0.415
0.646
0.48
0.574
0.504
0.876
0.926
1.113
0.807
0.999
0.655
0.624
0.943
1.23
1.059
0.941
1.35
1.416
1.5
1.31
1.145
0.74
0.431
0.64
0.399
0.612
0.458
0.542
0.479
0.913
1.062
1.541
0.781
0.993
0.622
0.588
1.029
1.137
1.053
0.973
1.348
1.424
1.459
1.283
1.141
0.769
0.502
0.72
0.393
0.586
0.439
0.534
0.461
0.869
1.001
1.504
0.735
1.007
0.714
0.762
1.11
1.171
1.26
1.234
1.424
1.367
1.426
1.276
1.138
0.8
0.551
0.838
0.411
0.561
0.429
0.506
0.45
0.853
1.131
1.468
0.714
1.044
0.731
0.783
1.065
1.09
1.178
1.134
1.341
1.273
1.324
1.194
1.049
0.765
0.586
0.811
0.395
0.538
0.407
0.476
0.444
0.975
1.141
1.418
0.664
1.014
0.683
0.727
1.04
1.002
1.126
1.054
1.377
1.278
1.365
1.189
1.048
0.744
0.554
0.796
0.399
0.51
0.431
0.472
0.491
0.994
1.144
1.456
0.618
0.99
0.639
0.681
1.041
0.927
1.043
0.972
1.293
1.349
1.458
1.21
1.142
0.767
0.531
0.878
0.384
0.496
0.414
0.451
0.481
0.949
1.16
1.506
0.583
0.976
0.601
0.653
1.019
0.894
0.984
0.911
1.47
1.344
1.403
1.212
1.16
0.749
0.503
0.901
0.372
0.516
0.41
0.439
0.46
0.996
1.137
1.62
0.55
0.93
0.565
0.615
1.057
0.83
0.926
0.848
1.37
1.396
1.415
1.263
1.216
0.804
0.493
0.951
0.361
0.505
0.398
0.42
0.453
1.047
1.154
1.648
0.519
0.925
0.535
0.593
1.043
0.841
1.172
1.018
1.382
1.381
1.36
1.216
1.158
0.848
0.529
0.918
0.37
0.482
0.405
0.422
0.437
0.988
1.103
1.607
0.772
0.886
0.506
0.556
1.075
0.781
1.081
0.951
1.288
1.288
1.282
1.129
1.067
0.804
0.5
0.9
0.371
0.456
0.386
0.406
0.429
0.924
1.017
1.539
0.73
0.876
0.478
0.533
0.989
0.764
1.003
0.879
1.24
1.371
1.263
1.13
1.058
0.86
0.556
0.948
0.358
0.473
0.392
0.39
0.412
0.878
1.022
1.609
0.71
0.997
0.557
0.551
1.331
0.83
0.995
0.864
1.218
1.416
1.274
1.15
1.102
0.913
0.552
0.917
0.373
0.566
0.403
0.409
0.424
0.853
1.058
1.577
0.85
1.049
0.647
0.624
1.637
0.842
0.982
0.906
1.167
1.337
1.217
1.163
1.122
0.911
0.521
0.866
0.367
0.537
0.415
0.397
0.409
0.79
0.973
1.727
0.951
0.979
0.626
0.653
1.559
0.972
1.067
1.032
1.284
1.397
1.292
1.244
1.174
0.983
0.562
0.846
0.38
0.555
0.397
0.396
0.395
0.77
0.936
1.739
0.9
1.14
0.707
0.702
1.578
1.208
1.065
1.0
1.227
1.336
1.241
1.203
1.217
1.013
0.558
0.794
0.366
0.56
0.383
0.386
0.488
0.778
1.001
1.646
0.838
1.047
0.657
0.653
1.506
1.133
1.413
0.986
1.338
1.465
1.289
1.18
1.151
0.962
0.552
0.799
0.373
0.58
0.384
0.387
0.476
0.74
0.938
1.556
0.86
0.988
0.63
0.631
1.414
1.059
1.312
0.93
1.461
1.404
1.244
1.149
1.13
0.942
0.531
0.738
0.355
0.541
0.364
0.368
0.45
0.698
0.863
1.472
1.136
1.015
0.629
0.606
1.364
1.043
1.294
1.019
1.502
1.487
1.307
1.183
1.143
0.967
0.501
0.686
0.367
0.514
0.348
0.351
0.437
0.776
0.924
1.423
1.111
1.015
0.619
0.591
1.329
0.997
1.233
0.972
1.407
1.469
1.305
1.184
1.175
1.004
0.534
0.643
0.355
0.487
0.384
0.342
0.432
0.743
0.957
1.501
1.068
1.054
0.623
0.618
1.407
1.05
1.321
1.076
1.463
1.412
1.248
1.143
1.149
0.975
0.549
0.747
0.402
0.508
0.388
0.351
0.434
0.696
0.883
1.373
1.163
1.175
0.707
0.64
1.345
0.985
1.238
1.118
1.436
1.368
1.285
1.429
1.162
0.991
0.573
0.705
0.419
0.489
0.399
0.341
0.415
0.651
0.861
1.556
1.144
1.48
0.753
0.616
1.463
1.251
1.447
1.304
1.374
1.312
1.238
1.366
1.127
0.972
0.676
0.729
0.419
0.482
0.4
0.348
0.41
0.637
0.823
1.652
1.365
1.761
0.997
0.853
1.655
1.442
1.452
1.322
1.396
1.338
1.275
1.43
1.164
1.011
0.706
0.769
0.442
0.499
0.474
0.378
0.451
0.763
0.887
1.581
1.542
1.749
1.074
0.867
1.825
1.558
1.782
1.646
1.564
1.466
1.496
1.477
1.228
1.111
0.775
0.916
0.467
0.504
0.485
0.401
0.487
0.774
0.963
1.643
1.518
1.74
1.055
0.883
1.734
1.456
1.675
1.541
1.467
1.386
1.412
1.388
1.164
1.06
0.752
0.986
0.568
0.548
0.494
0.417
0.505
0.769
0.935
1.588
1.43
1.662
0.995
0.865
1.693
1.823
1.635
1.507
1.439
1.367
1.389
1.357
1.156
1.073
0.81
0.909
0.532
0.543
0.474
0.406
0.486
0.741
0.895
1.511
1.669
1.943
0.933
0.798
1.639
1.71
1.568
1.39
1.322
1.269
1.31
1.271
1.077
1.001
0.764
0.929
0.497
0.56
0.451
0.384
0.47
0.718
0.83
1.431
1.521
1.825
0.859
0.735
1.545
1.571
1.448
1.285
1.218
1.186
1.24
1.194
1.006
0.933
0.723
0.962
0.469
0.523
0.479
0.364
0.452
0.685
0.783
1.373
1.386
1.659
0.805
0.682
1.469
1.432
1.375
1.199
1.123
1.1
1.161
1.124
0.941
0.866
0.673
0.999
0.441
0.488
0.448
0.346
0.435
0.654
0.727
1.312
1.266
1.555
0.755
0.632
1.38
1.308
1.306
1.11
1.034
1.024
1.093
1.06
0.883
0.806
0.625
1.043
0.415
0.458
0.422
0.329
0.417
0.625
0.677
1.256
1.158
1.451
0.694
0.587
1.3
1.195
1.246
1.028
0.956
0.956
1.075
1.225
0.974
0.861
0.59
0.983
0.395
0.463
0.404
0.332
0.402
0.607
0.652
1.169
1.062
1.446
0.754
0.601
1.238
1.13
1.19
0.996
0.925
1.014
1.34
1.249
1.001
0.885
0.572
0.903
0.403
0.437
0.386
0.339
0.417
0.63
0.754
1.162
0.975
1.321
0.698
0.559
1.178
1.054
1.141
0.949
0.88
0.965
1.263
1.3
1.12
0.934
0.559
0.845
0.41
0.47
0.377
0.335
0.417
0.632
0.909
1.19
0.92
1.228
0.667
0.544
1.102
0.99
1.086
0.914
0.89
1.215
1.425
1.286
1.129
0.964
0.533
0.854
0.391
0.446
0.406
0.323
0.404
0.618
0.952
1.168
0.869
1.147
0.642
0.529
1.032
0.932
1.103
1.175
1.369
1.311
1.498
1.337
1.157
0.978
0.519
0.793
0.397
0.42
0.423
0.311
0.402
0.882
0.956
1.205
0.871
1.201
0.654
0.557
1.055
0.936
1.064
1.388
1.458
1.356
1.551
1.309
1.139
0.978
0.558
0.838
0.416
0.402
0.404
0.302
0.407
0.858
0.911
1.314
0.985
1.2
0.661
0.553
1.091
1.0
1.083
1.367
1.411
1.321
1.492
1.273
1.172
0.99
0.611
0.86
0.406
0.383
0.384
0.293
0.414
0.827
0.862
1.219
0.979
1.218
0.789
0.556
1.214
1.0
1.027
1.284
1.319
1.245
1.401
1.204
1.146
1.214
0.689
0.909
0.475
0.367
0.413
0.286
0.405
0.789
0.82
1.147
0.904
1.358
0.834
0.721
1.177
0.965
0.972
1.381
1.549
1.24
1.38
1.202
1.137
1.158
0.643
0.87
0.449
0.353
0.405
0.285
0.393
0.754
0.866
1.083
0.853
1.268
0.772
0.67
1.139
0.895
0.902
1.291
1.546
1.342
1.458
1.262
1.121
1.134
0.614
0.844
0.429
0.351
0.437
0.282
0.389
0.761
0.947
1.051
0.786
1.223
0.716
0.624
1.087
0.841
0.883
1.208
1.486
1.334
1.549
1.296
1.139
1.087
0.578
0.845
0.412
0.343
0.415
0.285
0.421
0.76
0.961
1.02
0.743
1.12
0.664
0.593
1.07
0.775
0.874
1.143
1.384
1.262
1.479
1.36
1.128
1.058
0.542
0.78
0.389
0.374
0.395
0.277
0.409
0.789
0.936
1.045
0.686
1.026
0.63
0.553
1.057
0.732
0.864
1.077
1.303
1.247
1.677
1.342
1.187
1.047
0.552
0.791
0.376
0.367
0.387
0.275
0.416
0.761
0.976
1.035
0.641
0.999
0.59
0.528
1.022
0.687
0.835
1.156
1.49
1.375
1.635
1.322
1.184
1.062
0.603
0.837
0.45
0.366
0.383
0.275
0.412
0.712
0.907
1.051
0.609
1.252
0.679
0.628
1.079
0.719
0.838
1.554
1.802
1.387
1.614
1.32
1.22
1.072
0.645
0.813
0.431
0.371
0.37
0.27
0.402
0.7
0.858
1.246
0.631
1.268
0.631
0.596
1.151
0.721
0.797
1.445
1.707
1.589
1.567
1.285
1.186
1.052
0.609
0.828
0.407
0.365
0.353
0.263
0.406
0.712
0.898
1.211
0.588
1.172
0.586
0.562
1.132
0.671
0.763
1.349
1.592
1.491
1.727
1.35
1.208
1.053
0.6
0.802
0.399
0.354
0.343
0.272
0.402
0.7
0.938
1.182
0.555
1.124
0.564
0.53
1.083
0.641
0.724
1.268
1.525
1.477
1.717
1.365
1.245
1.0
0.581
0.804
0.379
0.345
0.379
0.265
0.395
0.711
1.055
1.185
0.587
1.148
0.582
0.616
1.141
0.806
0.792
1.228
1.461
1.454
1.671
1.395
1.245
0.937
0.55
0.798
0.373
0.332
0.362
0.27
0.392
0.807
1.254
1.156
0.551
1.068
0.547
0.575
1.119
0.747
0.75
1.159
1.364
1.372
1.553
1.368
1.222
0.929
0.551
0.818
0.368
0.322
0.347
0.28
0.385
0.779
1.394
1.178
0.529
1.033
0.525
0.539
1.2
0.695
0.705
1.142
1.582
1.426
1.522
1.342
1.194
0.905
0.542
0.812
0.356
0.314
0.377
0.282
0.393
0.746
1.297
1.14
0.588
1.29
0.578
0.566
1.159
0.765
0.726
1.153
1.871
1.42
1.436
1.264
1.131
0.921
0.561
0.848
0.348
0.311
0.376
0.277
0.384
0.716
1.213
1.103
0.568
1.421
0.601
0.598
1.19
0.75
0.702
1.092
1.965
1.524
1.442
1.277
1.154
0.887
0.529
0.816
0.334
0.317
0.45
0.272
0.378
0.697
1.192
1.069
0.545
1.308
0.56
0.563
1.174
0.697
0.662
1.048
1.828
1.47
1.468
1.292
1.14
0.854
0.508
0.796
0.323
0.329
0.46
0.27
0.42
0.705
1.174
1.065
0.519
1.208
0.524
0.532
1.152
0.646
0.631
1.001
1.797
1.527
1.615
1.329
1.141
0.821
0.481
0.776
0.324
0.375
0.434
0.271
0.415
0.696
1.189
1.049
0.489
1.119
0.496
0.5
1.131
0.603
0.607
0.959
1.745
1.51
1.596
1.294
1.123
0.792
0.454
0.788
0.312
0.398
0.418
0.269
0.402
0.76
1.158
1.119
0.461
1.035
0.474
0.469
1.092
0.568
0.574
0.927
1.633
1.417
1.613
1.332
1.134
0.816
0.444
0.782
0.321
0.428
0.411
0.279
0.396
0.742
1.198
1.136
0.437
0.997
0.464
0.444
1.048
0.541
0.624
0.897
1.539
1.344
1.535
1.268
1.089
0.848
0.446
0.744
0.318
0.424
0.435
0.275
0.381
0.698
1.125
1.275
0.85
0.984
0.519
0.438
1.07
0.586
0.808
0.893
1.462
1.388
1.645
1.341
1.128
0.857
0.434
0.697
0.355
0.407
0.422
0.273
0.377
0.672
1.116
1.277
0.863
1.129
0.601
0.524
1.045
0.589
0.989
1.033
1.468
1.455
1.622
1.355
1.14
0.838
0.419
0.762
0.347
0.393
0.406
0.271
0.391
0.688
1.101
1.228
0.796
1.037
0.57
0.501
1.02
0.556
0.922
0.979
1.435
1.416
1.613
1.654
1.166
0.799
0.401
0.78
0.338
0.43
0.399
0.269
0.433
0.706
1.106
1.203
0.748
1.003
0.539
0.48
0.987
0.535
0.854
0.933
1.36
1.332
1.567
1.812
1.191
0.761
0.403
0.776
0.327
0.419
0.412
0.263
0.463
0.727
1.091
1.134
0.697
0.938
0.512
0.454
0.975
0.513
0.793
0.901
1.334
1.347
1.54
1.877
1.183
0.727
0.4
0.781
0.318
0.401
0.42
0.268
0.52
0.823
1.058
1.126
0.661
0.893
0.495
0.446
0.968
0.495
0.766
0.876
1.274
1.298
1.456
1.759
1.124
0.737
0.477
0.764
0.31
0.396
0.409
0.263
0.503
0.918
1.036
1.098
0.7
0.85
0.479
0.445
1.013
0.494
0.775
0.887
1.264
1.263
1.405
1.695
1.114
0.756
0.481
0.748
0.31
0.392
0.402
0.264
0.496
0.89
0.986
1.076
0.674
0.844
0.502
0.454
1.032
0.637
0.767
0.905
1.478
1.266
1.441
1.654
1.136
0.784
0.509
0.734
0.309
0.388
0.385
0.261
0.478
0.855
0.927
1.022
0.873
0.841
0.507
0.737
1.199
0.78
0.742
0.894
1.404
1.213
1.475
1.601
1.136
0.8
0.494
0.739
0.32
0.375
0.37
0.262
0.493
0.899
0.936
0.988
0.826
0.803
0.477
0.69
1.158
0.725
0.695
0.863
1.349
1.462
1.478
1.536
1.122
0.793
0.471
0.759
0.311
0.453
0.372
0.257
0.552
0.875
0.968
0.971
0.773
0.742
0.448
0.645
1.139
0.673
0.65
0.842
1.567
1.566
1.497
1.501
1.11
0.763
0.45
0.769
0.304
0.429
0.355
0.252
0.55
0.859
0.976
0.958
0.718
0.705
0.43
0.602
1.127
0.628
0.618
0.821
1.567
1.518
1.454
1.458
1.105
0.761
0.43
0.741
0.294
0.409
0.357
0.25
0.565
0.936
0.932
0.984
0.669
0.657
0.424
0.573
1.09
0.6
0.583
0.792
1.47
1.426
1.367
1.36
1.195
0.965
0.47
0.692
0.329
0.392
0.342
0.245
0.541
0.886
0.885
1.049
0.702
0.997
0.419
0.54
1.123
0.561
0.56
0.761
1.39
1.347
1.552
1.293
1.132
0.901
0.444
0.683
0.342
0.465
0.325
0.24
0.508
0.861
0.875
1.028
0.916
0.934
0.398
0.512
1.097
0.522
0.538
0.736
1.309
1.285
1.455
1.21
1.056
0.845
0.423
0.663
0.328
0.439
0.31
0.233
0.477
0.805
0.83
0.975
0.841
0.869
0.39
0.481
1.072
0.49
0.549
0.757
1.272
1.332
1.414
1.203
1.034
0.802
0.41
0.646
0.328
0.417
0.297
0.238
0.453
0.776
0.81
0.983
0.774
0.809
0.372
0.49
1.06
0.496
0.549
0.747
1.267
1.304
1.423
1.191
1.021
0.807
0.392
0.603
0.346
0.407
0.29
0.237
0.491
0.79
0.827
0.967
0.717
0.769
0.356
0.467
1.049
0.473
0.524
0.725
1.311
1.452
1.402
1.189
1.024
0.84
0.435
0.591
0.334
0.389
0.286
0.239
0.513
0.769
0.819
0.983
0.667
0.723
0.359
0.444
1.103
0.447
0.508
0.706
1.332
1.45
1.527
1.301
1.005
0.795
0.419
0.6
0.326
0.375
0.321
0.236
0.494
0.826
0.818
0.957
0.623
0.671
0.355
0.431
1.099
0.437
0.484
0.692
1.327
1.421
1.485
1.315
1.009
0.766
0.398
0.559
0.345
0.358
0.31
0.233
0.509
0.816
0.826
0.959
0.584
0.627
0.356
0.42
1.076
0.416
0.481
0.676
1.353
1.626
1.414
1.249
0.985
0.773
0.424
0.55
0.342
0.352
0.313
0.242
0.5
0.786
0.798
0.942
0.585
0.826
0.419
0.425
1.053
0.422
0.475
0.67
1.276
1.523
1.375
1.263
1.028
0.822
0.422
0.519
0.334
0.373
0.308
0.243
0.485
0.75
0.752
0.996
0.618
0.773
0.432
0.44
0.99
0.59
0.529
0.701
1.228
1.622
1.437
1.275
1.045
0.779
0.402
0.489
0.365
0.357
0.297
0.239
0.488
0.77
0.767
0.963
0.575
0.716
0.409
0.416
0.987
0.567
0.5
0.682
1.26
1.605
1.418
1.261
1.049
0.779
0.39
0.513
0.353
0.346
0.293
0.24
0.513
0.765
0.76
0.935
0.547
0.679
0.389
0.395
0.979
0.531
0.492
0.664
1.272
1.622
1.52
1.279
1.042
0.747
0.375
0.511
0.339
0.348
0.285
0.237
0.51
0.762
0.787
0.904
0.528
0.634
0.381
0.378
0.963
0.5
0.479
0.65
1.271
1.702
1.623
1.261
1.03
0.71
0.363
0.536
0.344
0.336
0.305
0.236
0.49
0.775
0.765
0.893
0.498
0.598
0.38
0.363
0.949
0.503
0.482
0.636
1.366
1.993
1.797
1.266
1.056
0.729
0.351
0.647
0.33
0.323
0.295
0.233
0.488
0.772
0.755
0.894
0.5
0.577
0.382
0.38
0.894
0.576
0.504
0.621
1.321
1.934
1.703
1.21
1.021
0.724
0.381
0.722
0.348
0.364
0.289
0.23
0.461
0.717
0.704
0.939
0.481
0.624
0.369
0.373
1.038
0.594
0.543
0.632
1.25
1.812
1.588
1.166
0.99
0.677
0.366
0.711
0.346
0.353
0.282
0.225
0.444
0.686
0.677
1.041
0.616
0.894
0.474
0.358
1.017
0.587
0.556
0.63
1.188
1.702
1.485
1.102
1.011
0.658
0.352
0.662
0.373
0.339
0.275
0.221
0.428
0.68
0.681
0.982
0.576
0.845
0.446
0.355
1.0
0.587
0.558
0.63
1.126
1.601
1.39
1.089
1.006
0.637
0.343
0.622
0.361
0.356
0.27
0.221
0.484
0.678
0.674
1.029
0.539
0.787
0.438
0.34
0.972
0.568
0.556
0.613
1.11
1.7
1.512
1.152
1.074
0.619
0.332
0.772
0.358
0.389
0.268
0.227
0.541
0.676
0.658
1.012
0.516
0.729
0.425
0.326
0.965
0.551
0.549
0.605
1.108
1.627
1.496
1.117
1.049
0.613
0.333
0.719
0.379
0.373
0.264
0.227
0.54
0.675
0.676
1.004
0.493
0.692
0.406
0.325
0.993
0.556
0.541
0.594
1.073
1.565
1.5
1.175
1.024
0.657
0.395
0.698
0.361
0.356
0.258
0.225
0.516
0.65
0.709
0.977
0.464
0.727
0.39
0.324
0.96
0.53
0.562
0.733
1.073
1.53
1.457
1.176
1.028
0.743
0.464
0.668
0.346
0.34
0.266
0.223
0.495
0.623
0.696
0.957
0.613
0.71
0.397
0.328
1.126
0.791
0.586
0.734
1.03
1.44
1.453
1.24
1.172
0.765
0.547
0.646
0.342
0.345
0.268
0.229
0.483
0.617
0.671
0.967
0.693
0.749
0.409
0.352
1.389
0.762
0.587
0.709
0.984
1.597
1.456
1.259
1.188
0.811
0.53
0.605
0.329
0.333
0.26
0.224
0.465
0.598
0.666
0.937
0.643
0.754
0.405
0.338
1.355
0.707
0.561
0.669
0.95
1.573
1.462
1.275
1.145
0.824
0.537
0.576
0.327
0.335
0.291
0.234
0.462
0.59
0.668
0.893
0.602
0.71
0.402
0.328
1.32
0.661
0.534
0.644
0.91
1.465
1.365
1.185
1.143
0.808
0.508
0.581
0.316
0.348
0.295
0.229
0.446
0.575
0.662
0.887
0.569
0.722
0.384
0.33
1.251
0.627
0.502
0.625
0.982
1.465
1.348
1.155
1.096
0.787
0.517
0.563
0.307
0.335
0.287
0.227
0.432
0.609
0.651
0.842
0.574
0.69
0.369
0.33
1.248
0.596
0.472
0.601
0.929
1.374
1.313
1.137
1.067
0.777
0.496
0.556
0.304
0.325
0.293
0.227
0.43
0.592
0.739
0.842
0.62
0.672
0.481
0.337
1.212
0.626
0.559
0.604
0.965
1.321
1.242
1.08
1.018
0.753
0.494
0.619
0.306
0.405
0.297
0.228
0.425
0.582
0.724
0.842
0.589
0.909
0.515
0.339
1.229
0.598
0.55
0.614
0.97
1.321
1.201
1.053
0.997
0.755
0.52
0.623
0.313
0.387
0.296
0.239
0.444
0.567
0.7
0.791
0.553
0.867
0.558
0.329
1.172
0.571
0.516
0.629
0.949
1.36
1.235
1.083
1.034
0.731
0.495
0.597
0.34
0.374
0.3
0.265
0.456
0.592
0.694
0.769
0.524
0.81
0.559
0.326
1.08
0.578
0.495
0.638
0.907
1.269
1.231
1.068
1.023
0.747
0.534
0.572
0.327
0.424
0.29
0.257
0.44
0.574
0.722
0.751
0.515
0.832
0.562
0.361
1.03
0.579
0.532
0.639
0.893
1.263
1.186
1.05
0.999
0.76
0.555
0.645
0.323
0.469
0.289
0.31
0.439
0.552
0.732
0.724
0.55
1.036
0.713
0.407
0.992
0.581
0.585
0.675
0.848
1.236
1.117
1.092
1.002
0.736
0.558
0.618
0.323
0.505
0.297
0.306
0.441
0.544
0.743
0.677
0.566
0.964
0.708
0.413
0.917
0.594
0.558
0.628
0.889
1.253
1.128
1.114
1.021
0.735
0.551
0.616
0.318
0.521
0.293
0.357
0.425
0.545
0.88
0.721
0.635
0.913
0.775
0.429
1.035
0.565
0.542
0.756
0.878
1.212
1.101
1.261
1.011
0.763
0.571
0.683
0.325
0.497
0.298
0.349
0.422
0.545
0.946
0.748
0.672
1.034
0.736
0.412
1.125
0.547
0.522
0.72
0.825
1.146
1.034
1.212
1.018
0.798
0.593
0.686
0.317
0.484
0.292
0.34
0.41
0.527
0.877
0.785
0.691
1.007
0.815
0.541
1.279
0.684
0.549
0.724
1.128
1.193
0.999
1.176
1.057
0.789
0.563
0.728
0.305
0.46
0.286
0.324
0.398
0.492
0.854
1.035
0.666
0.934
0.766
0.52
1.271
0.648
0.556
0.696
1.163
1.215
1.052
1.215
1.14
0.804
0.559
0.721
0.307
0.451
0.288
0.33
0.386
0.481
0.809
1.161
0.638
0.987
0.743
0.515
1.221
0.631
0.543
0.684
1.121
1.262
1.115
1.269
1.188
0.837
0.541
0.724
0.308
0.449
0.29
0.34
0.379
0.475
0.872
1.301
0.599
1.011
0.689
0.495
1.206
0.623
0.59
0.67
1.104
1.283
1.171
1.275
1.193
0.821
0.52
0.727
0.307
0.429
0.287
0.331
0.374
0.481
0.829
1.233
0.559
0.943
0.649
0.469
1.167
0.581
0.563
0.638
1.045
1.276
1.185
1.262
1.16
0.784
0.508
0.748
0.31
0.407
0.291
0.316
0.374
0.479
0.809
1.288
0.536
0.871
0.615
0.442
1.147
0.553
0.529
0.615
1.048
1.254
1.172
1.22
1.105
0.792
0.512
0.7
0.301
0.398
0.282
0.315
0.368
0.46
0.779
1.307
0.572
0.952
0.598
0.473
1.094
0.536
0.51
0.715
1.12
1.23
1.203
1.193
1.091
0.81
0.507
0.668
0.298
0.396
0.283
0.312
0.377
0.462
0.756
1.262
0.574
0.907
0.624
0.503
1.051
0.52
0.501
0.773
1.319
1.234
1.216
1.169
1.05
0.755
0.491
0.626
0.304
0.377
0.286
0.319
0.38
0.471
0.7
1.163
0.535
0.843
0.58
0.477
0.968
0.489
0.517
0.779
1.287
1.223
1.217
1.214
1.017
0.72
0.464
0.597
0.297
0.369
0.283
0.321
0.399
0.504
0.649
1.064
0.497
0.793
0.61
0.484
0.927
0.535
0.554
0.934
1.261
1.236
1.224
1.211
0.975
0.678
0.444
0.564
0.295
0.373
0.28
0.332
0.402
0.638
0.659
1.004
0.513
0.75
0.609
0.579
0.915
0.532
0.581
0.912
1.196
1.199
1.33
1.219
0.95
0.675
0.448
0.536
0.297
0.371
0.281
0.34
0.426
0.621
0.637
0.949
0.53
0.743
0.593
0.56
0.867
0.523
0.562
0.877
1.14
1.151
1.278
1.234
0.992
0.755
0.452
0.507
0.29
0.356
0.292
0.328
0.417
0.585
0.633
1.107
0.598
0.738
0.561
0.522
0.805
0.491
0.53
0.812
1.054
1.064
1.182
1.133
0.929
0.699
0.433
0.474
0.287
0.338
0.28
0.323
0.393
0.541
0.588
1.025
0.561
0.683
0.531
0.493
0.743
0.47
0.493
0.76
0.973
0.987
1.092
1.042
0.87
0.647
0.42
0.442
0.275
0.32
0.269
0.307
0.37
0.506
0.562
0.938
0.531
0.639
0.495
0.469
0.692
0.442
0.472
0.7
0.91
0.91
1.018
0.96
0.815
0.603
0.401
0.419
0.27
0.31
0.264
0.297
0.356
0.475
0.531
0.862
0.504
0.594
0.469
0.45
0.637
0.426
0.447
0.653
0.854
0.845
0.952
0.998
0.863
0.64
0.413
0.399
0.27
0.299
0.262
0.302
0.361
0.506
0.507
0.801
0.473
0.562
0.442
0.451
0.597
0.417
0.427
0.622
0.814
0.801
0.948
1.01
0.899
0.646
0.409
0.384
0.269
0.304
0.259
0.314
0.369
0.496
0.493
0.786
0.581
0.555
0.481
0.443
0.582
0.421
0.432
0.793
0.867
0.876
1.078
1.058
0.921
0.628
0.398
0.379
0.267
0.31
0.256
0.327
0.378
0.498
0.469
0.753
0.56
0.545
0.48
0.432
0.553
0.413
0.429
0.842
0.918
0.875
1.062
1.041
0.913
0.682
0.514
0.465
0.311
0.312
0.255
0.335
0.386
0.528
0.647
0.741
0.54
0.535
0.543
0.45
0.562
0.44
0.457
0.839
0.922
0.88
1.091
1.037
0.934
0.685
0.493
0.458
0.312
0.308
0.27
0.33
0.383
0.507
0.629
0.902
0.759
0.71
0.607
0.455
0.609
0.5
0.527
0.953
0.904
0.857
1.042
1.08
0.966
0.774
0.494
0.527
0.319
0.301
0.276
0.373
0.38
0.487
0.631
0.841
0.767
0.827
0.571
0.5
0.599
0.485
0.504
1.028
0.914
0.858
1.03
1.062
0.943
0.767
0.47
0.512
0.31
0.308
0.272
0.378
0.388
0.479
0.644
0.806
0.732
0.8
0.555
0.491
0.586
0.469
0.497
0.983
1.042
0.858
1.001
1.036
0.927
0.726
0.458
0.486
0.307
0.308
0.268
0.396
0.406
0.548
0.625
0.903
0.777
0.892
0.546
0.482
0.567
0.464
0.497
0.954
1.0
0.856
0.966
0.995
0.944
0.743
0.441
0.469
0.299
0.312
0.263
0.402
0.413
0.54
0.6
0.853
0.725
0.834
0.534
0.576
0.557
0.462
0.5
0.913
0.977
1.009
0.988
1.001
0.9
0.709
0.422
0.46
0.293
0.307
0.27
0.393
0.427
0.536
0.584
0.849
0.699
0.786
0.526
0.553
0.575
0.637
0.518
0.87
0.94
0.971
0.948
0.946
0.862
0.713
0.445
0.441
0.346
0.348
0.268
0.397
0.426
0.545
0.694
0.913
0.738
0.75
0.559
0.594
0.561
0.693
0.526
0.891
0.892
0.981
1.003
1.102
0.888
0.72
0.475
0.452
0.353
0.39
0.429
0.375
0.464
0.507
0.7
0.844
0.687
0.747
0.524
0.654
0.534
0.64
0.502
0.818
0.882
0.915
0.991
1.032
0.881
0.681
0.453
0.555
0.346
0.368
0.415
0.353
0.442
0.512
0.654
0.82
0.646
0.739
0.496
0.614
0.544
0.742
0.503
0.774
0.849
0.877
0.978
1.027
0.905
0.663
0.435
0.527
0.388
0.349
0.402
0.335
0.521
0.478
0.692
0.848
0.67
0.759
0.611
0.592
0.59
0.711
0.61
0.853
0.892
0.873
0.953
1.062
0.927
0.637
0.428
0.498
0.383
0.339
0.386
0.348
0.513
0.473
0.789
0.932
0.681
0.746
0.637
0.611
0.627
0.723
0.631
1.146
0.966
0.876
0.929
1.045
0.918
0.623
0.414
0.481
0.374
0.328
0.38
0.348
0.506
0.459
0.791
0.88
0.65
0.718
0.627
0.59
0.606
0.697
0.625
1.29
1.008
0.878
0.931
1.049
0.92
0.609
0.398
0.463
0.366
0.318
0.374
0.351
0.497
0.444
0.999
0.827
0.613
0.669
0.589
0.559
0.571
0.647
0.602
1.356
0.995
0.903
0.938
1.051
0.956
0.628
0.389
0.445
0.361
0.31
0.371
0.37
0.522
0.439
1.102
0.784
0.595
0.712
0.623
0.554
0.547
0.608
0.626
1.347
0.958
0.915
1.162
1.1
0.942
0.634
0.412
0.442
0.376
0.411
0.365
0.351
0.496
0.42
1.014
0.73
0.565
0.66
0.588
0.527
0.513
0.575
0.591
1.232
0.902
0.86
1.087
1.037
0.882
0.613
0.394
0.422
0.368
0.387
0.359
0.335
0.473
0.406
0.931
0.687
0.533
0.616
0.56
0.499
0.484
0.548
0.557
1.131
0.85
0.811
1.019
0.981
0.829
0.594
0.379
0.405
0.36
0.366
0.354
0.321
0.454
0.386
0.865
0.646
0.501
0.581
0.533
0.469
0.465
0.521
0.519
1.05
0.792
0.772
0.954
0.933
0.784
0.575
0.37
0.384
0.355
0.347
0.347
0.308
0.437
0.369
0.805
0.607
0.471
0.553
0.505
0.444
0.447
0.497
0.487
0.977
0.747
0.73
0.907
0.879
0.749
0.56
0.35
0.378
0.343
0.336
0.341
0.296
0.422
0.353
0.75
0.576
0.446
0.521
0.484
0.42
0.431
0.465
0.47
0.899
0.709
0.692
0.861
0.83
0.72
0.545
0.334
0.371
0.332
0.327
0.334
0.288
0.407
0.337
0.705
0.54
0.427
0.499
0.456
0.404
0.418
0.437
0.452
0.84
0.663
0.667
0.816
0.787
0.696
0.522
0.33
0.353
0.328
0.312
0.331
0.277
0.395
0.323
0.66
0.51
0.408
0.477
0.429
0.391
0.406
0.412
0.433
0.784
0.628
0.641
0.771
0.756
0.664
0.508
0.321
0.341
0.318
0.305
0.316
0.279
0.372
0.322
0.612
0.488
0.391
0.452
0.413
0.373
0.393
0.39
0.417
0.726
0.603
0.613
0.736
0.723
0.638
0.494
0.313
0.407
0.316
0.295
0.31
0.282
0.38
0.309
0.582
0.457
0.673
0.65
0.52
0.415
0.441
0.426
0.613
1.061
0.726
0.658
0.728
0.756
0.629
0.547
0.403
0.406
0.373
0.307
0.372
0.348
0.399
0.324
0.721
0.61
0.738
0.636
0.565
0.444
0.496
0.431
0.647
1.023
0.722
0.672
0.722
0.796
0.684
0.604
0.392
0.4
0.394
0.302
0.402
0.338
0.453
0.445
0.861
0.736
0.802
0.611
0.591
0.489
0.476
0.464
0.618
1.123
0.746
0.705
0.802
0.859
0.704
0.672
0.395
0.413
0.434
0.363
0.405
0.363
0.474
0.497
0.928
0.684
0.75
0.618
0.562
0.514
0.45
0.508
0.614
1.118
0.889
0.734
0.93
0.892
0.783
0.646
0.436
0.394
0.464
0.346
0.513
0.359
0.472
0.642
0.88
0.695
0.695
0.645
0.53
0.501
0.516
0.495
0.662
1.127
1.082
0.832
1.088
0.947
0.849
0.628
0.421
0.389
0.487
0.343
0.493
0.402
0.465
0.662
0.869
0.651
0.649
0.649
0.54
0.542
0.513
0.482
0.686
1.056
1.095
0.848
1.079
0.997
0.858
0.753
0.459
0.526
0.557
0.391
0.481
0.395
0.501
0.643
0.893
1.003
0.79
0.717
0.578
0.636
0.527
0.542
0.739
1.331
1.037
0.872
1.019
1.003
0.819
0.77
0.459
0.537
0.533
0.445
0.543
0.397
0.544
0.63
0.9
0.949
0.83
0.695
0.618
0.605
0.554
0.556
0.765
1.231
1.035
0.834
1.112
1.013
0.815
0.74
0.478
0.515
0.518
0.477
0.521
0.404
0.537
0.714
0.829
0.899
0.809
0.655
0.622
0.573
0.578
0.523
0.774
1.203
1.028
1.022
1.171
1.085
0.79
0.792
0.451
0.485
0.497
0.496
0.493
0.433
0.593
0.808
0.768
0.88
0.752
0.654
0.589
0.579
0.549
0.495
0.778
1.174
1.111
1.118
1.197
1.111
0.799
0.799
0.432
0.453
0.568
0.465
0.463
0.43
0.569
0.818
0.717
0.867
0.695
0.66
0.552
0.588
0.52
0.489
0.766
1.158
1.153
1.094
1.237
1.208
0.839
0.785
0.413
0.444
0.569
0.447
0.484
0.421
0.595
0.938
0.784
0.81
0.648
0.619
0.527
0.595
0.493
0.471
0.757
1.094
1.085
1.057
1.212
1.19
0.85
0.733
0.41
0.424
0.549
0.432
0.471
0.413
0.588
0.892
0.733
0.759
0.603
0.584
0.505
0.6
0.584
0.451
0.718
1.132
1.398
1.174
1.245
1.218
0.837
0.695
0.401
0.404
0.521
0.411
0.453
0.399
0.615
0.85
0.696
0.71
0.677
0.573
0.496
0.561
0.556
0.434
0.68
1.062
1.299
1.097
1.159
1.246
0.881
0.705
0.389
0.384
0.499
0.391
0.433
0.384
0.572
0.795
0.652
0.66
1.133
0.74
0.487
0.602
0.675
0.551
0.669
1.198
1.425
1.298
1.119
1.226
0.844
0.669
0.379
0.365
0.481
0.369
0.42
0.377
0.559
0.746
0.696
0.659
1.059
0.692
0.469
0.576
0.63
0.532
0.645
1.124
1.592
1.453
1.125
1.202
0.856
0.639
0.372
0.36
0.454
0.363
0.404
0.365
0.534
0.753
0.678
0.66
0.995
0.676
0.485
0.555
0.614
0.518
0.624
1.083
1.547
1.377
1.306
1.207
0.849
0.62
0.366
0.36
0.438
0.358
0.398
0.364
0.56
0.764
0.653
0.657
0.946
0.655
0.476
0.547
0.6
0.513
0.604
1.043
1.468
1.291
1.241
1.172
0.854
0.607
0.542
0.412
0.484
0.355
0.389
0.363
0.541
0.726
0.86
0.621
0.877
0.612
0.459
0.585
0.565
0.535
0.566
0.998
1.377
1.258
1.196
1.155
0.867
0.616
0.623
0.421
0.489
0.363
0.401
0.387
0.55
0.72
1.076
0.604
0.868
0.582
0.439
0.603
0.541
0.549
0.553
0.956
1.29
1.195
1.122
1.082
0.828
0.589
0.828
0.505
0.531
0.36
0.388
0.38
0.528
0.671
1.123
0.663
0.867
0.551
0.448
0.675
0.767
0.631
0.538
0.892
1.327
1.149
1.076
1.098
0.83
0.568
0.963
0.539
0.514
0.351
0.379
0.374
0.499
0.639
1.596
0.82
0.823
0.737
0.562
0.842
0.721
0.605
0.514
0.964
1.244
1.167
1.117
1.068
0.846
0.558
1.09
0.636
0.54
0.341
0.371
0.37
0.475
0.621
1.752
0.763
0.819
0.696
0.535
0.832
0.68
0.612
0.491
0.937
1.156
1.098
1.051
1.059
0.884
0.598
1.197
0.596
0.565
0.33
0.363
0.357
0.658
0.633
1.817
0.718
0.822
0.651
0.512
0.826
0.631
0.641
0.488
0.896
1.138
1.073
1.007
0.992
0.843
0.579
1.283
0.657
0.576
0.327
0.347
0.353
0.613
0.614
1.915
0.675
0.77
0.607
0.487
0.854
0.597
0.688
0.536
1.018
1.08
1.027
1.002
0.964
0.83
0.56
1.361
0.7
0.603
0.325
0.333
0.347
0.574
0.582
2.077
0.7
0.78
0.57
0.467
0.874
0.604
0.646
0.511
0.944
1.045
1.087
0.979
0.993
0.843
0.573
1.319
0.653
0.604
0.318
0.325
0.332
0.548
0.548
2.163
0.663
0.772
0.538
0.449
0.87
0.567
0.686
0.489
0.878
1.172
1.172
0.98
0.982
0.879
0.565
1.3
0.618
0.574
0.365
0.313
0.327
0.523
0.516
2.041
1.017
0.863
0.511
0.431
0.877
0.601
0.691
0.485
0.865
1.115
1.108
0.94
0.93
0.828
0.55
1.375
0.607
0.582
0.35
0.314
0.325
0.523
0.486
1.925
1.078
0.832
0.499
0.429
0.946
0.683
0.68
0.492
0.824
1.064
1.062
0.909
0.932
0.785
0.537
1.496
0.621
0.602
0.337
0.313
0.315
0.502
0.49
2.057
0.998
0.824
0.482
0.411
0.935
0.646
0.652
0.474
0.767
1.056
1.06
0.91
1.047
0.752
0.521
1.592
0.58
0.626
0.322
0.311
0.303
0.494
0.514
2.175
0.935
0.796
0.474
0.397
0.992
0.606
0.623
0.466
0.772
0.993
1.009
0.861
0.997
0.726
0.561
1.7
0.572
0.594
0.32
0.326
0.302
0.478
0.489
2.256
0.869
0.808
0.46
0.384
0.977
0.573
0.617
0.444
0.733
1.084
0.981
0.918
1.008
0.712
0.548
1.759
0.552
0.559
0.322
0.317
0.308
0.46
0.48
2.295
0.801
0.809
0.434
0.376
0.961
0.54
0.582
0.456
0.703
1.01
0.925
0.874
0.945
0.726
0.531
1.814
0.528
0.573
0.322
0.307
0.311
0.438
0.507
2.102
0.742
0.762
0.408
0.376
0.884
0.521
0.545
0.446
0.658
0.951
0.868
0.831
0.889
0.698
0.51
1.663
0.495
0.551
0.309
0.309
0.299
0.428
0.482
1.92
0.698
0.71
0.402
0.359
0.83
0.49
0.526
0.42
0.626
0.884
0.831
0.781
0.846
0.66
0.506
1.517
0.473
0.518
0.307
0.305
0.3
0.406
0.467
1.752
0.655
0.669
0.385
0.356
0.767
0.471
0.505
0.399
0.596
0.832
0.789
0.747
0.795
0.641
0.493
1.389
0.458
0.487
0.307
0.298
0.298
0.396
0.439
1.609
0.612
0.629
0.377
0.342
0.722
0.447
0.482
0.39
0.557
0.79
0.744
0.717
0.75
0.62
0.554
1.287
0.444
0.46
0.307
0.619
0.301
0.377
0.425
1.475
0.576
0.595
0.36
0.499
0.67
0.473
0.555
0.396
0.595
0.754
0.76
0.76
0.792
0.628
0.529
1.192
0.424
0.439
0.306
0.645
0.301
0.37
0.429
1.351
0.545
0.566
0.344
0.644
0.63
0.506
0.529
0.388
0.772
0.807
0.799
0.796
0.92
0.651
0.537
1.109
0.433
0.431
0.322
0.705
0.326
0.405
0.422
1.245
0.513
0.541
0.328
0.765
0.587
0.541
0.496
0.384
0.755
0.838
0.878
0.844
0.945
0.676
0.515
1.032
0.411
0.416
0.319
0.873
0.336
0.452
0.444
1.141
0.491
0.51
0.331
0.831
0.564
0.745
0.521
0.395
0.986
0.827
0.828
0.808
0.892
0.677
0.509
0.966
0.39
0.409
0.308
0.964
0.321
0.491
0.418
1.06
0.463
0.66
0.353
1.03
0.557
0.802
0.51
0.389
1.188
1.024
0.835
0.786
0.889
0.669
0.5
0.894
0.383
0.392
0.306
1.215
0.32
0.465
0.407
0.979
0.612
0.791
0.624
1.21
0.569
0.794
0.482
0.425
1.137
0.96
0.844
0.802
0.908
0.704
0.494
0.848
0.373
0.396
0.304
1.335
0.319
0.585
0.414
0.911
0.591
0.742
0.602
1.414
0.578
0.75
0.469
0.421
1.174
0.994
0.802
0.833
0.925
0.807
0.559
0.821
0.382
0.411
0.317
1.478
0.417
0.582
0.425
0.848
0.557
0.699
0.566
1.524
0.549
0.735
0.457
0.397
1.186
0.975
0.805
0.851
0.891
0.8
0.532
0.782
0.36
0.404
0.306
1.564
0.517
0.554
0.419
0.798
0.519
0.664
0.532
1.65
0.521
0.689
0.441
0.405
1.317
0.959
0.844
0.856
0.868
0.8
0.511
0.74
0.345
0.385
0.309
1.638
0.502
0.563
0.424
0.739
0.5
0.623
0.51
1.735
0.506
0.686
0.431
0.388
1.263
1.027
0.884
0.916
0.895
0.805
0.496
0.697
0.334
0.382
0.297
1.751
0.569
0.55
0.445
0.697
0.479
0.587
0.49
1.799
0.485
0.792
0.539
0.42
1.43
0.998
0.938
1.059
0.964
0.895
0.573
0.74
0.345
0.378
0.292
1.844
0.631
0.516
0.438
0.651
0.466
0.569
0.468
1.769
0.461
0.822
0.512
0.4
1.318
0.963
0.893
0.986
0.919
0.892
0.575
0.685
0.345
0.36
0.291
1.815
0.585
0.538
0.412
0.624
0.481
0.654
0.475
1.822
0.437
0.773
0.484
0.392
1.288
0.908
0.876
0.962
0.878
0.875
0.583
0.639
0.353
0.348
0.297
1.791
0.56
0.553
0.403
0.588
0.462
0.617
0.457
1.861
0.419
0.774
0.463
0.383
1.316
0.882
0.842
0.922
0.838
0.827
0.591
0.6
0.344
0.342
0.284
1.892
0.526
0.536
0.405
0.558
0.442
0.591
0.429
1.976
0.395
0.786
0.439
0.38
1.29
0.934
0.885
0.898
0.828
0.808
0.578
0.558
0.348
0.325
0.283
1.988
0.604
0.572
0.407
0.525
0.432
0.554
0.418
1.977
0.385
0.779
0.423
0.372
1.243
0.933
0.925
0.87
0.877
0.806
0.547
0.54
0.329
0.326
0.275
1.986
0.593
0.581
0.406
0.506
0.412
0.534
0.394
2.055
0.368
0.779
0.405
0.363
1.504
0.994
0.944
0.85
0.894
0.78
0.542
0.507
0.336
0.323
0.279
2.025
0.569
0.678
0.415
0.471
0.407
0.504
0.384
2.087
0.36
0.838
0.395
0.459
1.451
0.912
0.885
0.852
0.987
0.743
0.527
0.485
0.321
0.327
0.273
2.152
0.583
0.637
0.407
0.445
0.402
0.473
0.384
2.022
0.36
0.815
0.393
0.432
1.389
0.845
0.847
0.798
0.923
0.711
0.496
0.474
0.304
0.331
0.263
2.085
0.554
0.593
0.401
0.42
0.399
0.449
0.38
1.957
0.357
0.765
0.385
0.414
1.35
0.789
0.79
0.756
0.864
0.708
0.645
0.467
0.299
0.328
0.261
2.03
0.531
0.592
0.398
0.395
0.39
0.429
0.368
1.944
0.343
0.765
0.366
0.409
1.42
0.893
0.733
0.723
0.859
0.74
0.624
0.465
0.287
0.33
0.26
2.051
0.509
0.666
0.401
0.388
0.378
0.41
0.364
2.038
0.335
0.741
0.398
0.434
1.469
0.832
0.748
0.678
0.843
0.758
0.62
0.461
0.304
0.342
0.278
2.033
0.502
0.653
0.413
0.382
0.366
0.398
0.356
2.108
0.333
0.751
0.38
0.473
1.495
0.847
0.714
0.662
0.835
0.766
0.586
0.45
0.293
0.335
0.279
1.97
0.491
0.646
0.42
0.364
0.362
0.383
0.351
2.135
0.327
0.71
0.364
0.459
1.435
0.821
0.744
0.708
0.872
0.756
0.561
0.423
0.3
0.316
0.289
2.001
0.475
0.61
0.455
0.44
0.351
0.372
0.512
2.072
0.326
0.666
0.38
0.53
1.319
0.823
0.718
0.687
0.862
0.773
0.547
0.401
0.307
0.306
0.447
1.827
0.503
0.569
0.445
0.416
0.467
0.408
0.654
1.958
0.371
0.627
0.373
0.598
1.22
0.823
0.706
0.671
0.849
0.762
0.537
0.387
0.297
0.301
0.561
1.676
0.511
0.547
0.424
0.402
0.519
0.405
0.788
1.799
0.412
0.589
0.365
0.626
1.128
0.804
0.697
0.714
0.869
0.774
0.525
0.387
0.284
0.313
0.697
1.537
0.531
0.518
0.446
0.39
0.497
0.388
0.904
1.742
0.456
0.547
0.359
0.65
1.045
0.954
0.684
0.682
0.845
0.777
0.493
0.389
0.274
0.312
0.908
1.412
0.56
0.541
0.503
0.4
0.477
0.375
1.007
1.672
0.499
0.52
0.352
0.673
0.957
1.022
0.721
0.715
0.848
0.784
0.521
0.396
0.298
0.308
1.057
1.31
0.52
0.519
0.48
0.392
0.456
0.371
1.091
1.673
0.511
0.506
0.335
0.705
0.885
1.027
0.732
0.731
0.832
0.763
0.501
0.376
0.304
0.296
1.27
1.206
0.497
0.498
0.47
0.38
0.438
0.366
1.165
1.686
0.523
0.49
0.323
0.726
0.822
1.018
0.712
0.7
0.877
0.808
0.522
0.367
0.303
0.293
1.351
1.106
0.528
0.469
0.523
0.489
0.439
0.36
1.238
1.686
0.489
0.478
0.31
0.818
0.978
0.947
0.669
0.711
0.891
0.788
0.514
0.349
0.306
0.288
1.458
1.025
0.543
0.456
0.492
0.474
0.441
0.504
1.355
1.566
0.764
0.716
0.304
0.834
0.898
0.936
0.619
0.731
0.993
0.792
0.58
0.337
0.36
0.285
1.389
0.95
0.558
0.441
0.503
0.461
0.53
0.551
1.287
1.734
0.959
0.757
0.336
0.938
1.167
0.873
0.641
0.688
1.004
0.892
0.689
0.336
0.343
0.331
1.269
0.931
0.56
0.429
0.702
0.442
0.569
0.517
1.238
1.636
0.895
0.702
0.385
0.87
1.221
0.911
0.711
0.723
1.198
0.878
0.694
0.383
0.328
0.371
1.168
0.923
0.532
0.409
0.678
0.416
0.548
0.481
1.32
1.556
0.888
0.647
0.379
0.86
1.124
0.938
0.706
0.744
1.161
0.882
0.662
0.372
0.323
0.365
1.287
0.851
0.565
0.387
0.642
0.407
0.519
0.458
1.383
1.563
0.881
0.62
0.366
0.841
1.051
0.921
0.701
0.858
1.102
0.873
0.617
0.365
0.32
0.359
1.379
0.801
0.538
0.372
0.635
0.386
0.5
0.443
1.439
1.529
0.868
0.587
0.357
0.885
1.132
0.865
0.673
0.799
1.025
0.839
0.583
0.362
0.31
0.357
1.429
0.751
0.558
0.356
0.621
0.367
0.485
0.421
1.499
1.521
0.819
0.612
0.37
0.919
1.121
0.808
0.639
0.793
1.034
0.85
0.616
0.343
0.319
0.34
1.539
0.705
0.568
0.347
0.587
0.391
0.457
0.428
1.774
1.535
0.863
0.605
0.522
1.036
1.289
0.749
0.608
0.749
0.978
0.96
0.651
0.345
0.329
0.325
1.65
0.664
0.585
0.34
0.557
0.391
0.439
0.652
1.843
1.524
0.993
0.577
0.492
1.084
1.41
0.86
0.626
0.762
0.951
0.945
0.624
0.331
0.332
0.314
1.737
0.635
0.542
0.339
0.536
0.384
0.41
0.622
1.845
1.577
1.101
0.566
0.455
1.09
1.293
0.858
0.593
0.729
0.944
0.956
0.591
0.329
0.325
0.307
1.808
0.603
0.592
0.337
0.519
0.381
0.387
0.597
1.844
1.577
1.011
0.547
0.425
1.096
1.221
0.911
0.576
0.87
0.944
0.928
0.553
0.322
0.32
0.312
1.879
0.572
0.614
0.323
0.498
0.367
0.385
0.565
1.847
1.556
1.02
0.509
0.413
1.061
1.137
0.884
0.575
0.841
0.933
0.887
0.577
0.33
0.316
0.306
1.924
0.544
0.607
0.328
0.49
0.362
0.374
0.529
1.864
1.552
0.952
0.545
0.389
1.077
1.071
0.847
0.595
0.93
1.064
0.895
0.556
0.326
0.311
0.306
1.95
0.529
0.563
0.325
0.466
0.359
0.357
0.51
1.87
1.47
0.939
0.511
0.375
1.099
1.014
0.895
0.554
0.872
1.012
0.883
0.53
0.324
0.304
0.304
1.942
0.51
0.591
0.324
0.445
0.354
0.343
0.493
1.876
1.41
0.919
0.482
0.369
1.073
0.942
0.87
0.524
0.823
0.944
0.843
0.5
0.325
0.296
0.305
1.955
0.497
0.551
0.33
0.422
0.345
0.341
0.466
1.806
1.289
0.914
0.457
0.365
1.019
0.885
0.834
0.513
0.762
0.899
0.793
0.51
0.346
0.3
0.293
1.941
0.468
0.528
0.32
0.41
0.364
0.328
0.457
1.81
1.258
0.903
0.468
0.345
0.958
0.856
0.789
0.491
0.846
0.991
0.821
0.501
0.33
0.317
0.285
1.958
0.455
0.539
0.319
0.418
0.35
0.323
0.449
1.812
1.218
0.887
0.444
0.35
0.951
0.809
0.735
0.466
0.82
1.009
0.825
0.497
0.316
0.323
0.277
1.993
0.433
0.576
0.314
0.403
0.465
0.329
0.441
1.815
1.232
0.867
0.435
0.343
0.934
0.767
0.738
0.45
0.772
0.943
0.809
0.484
0.302
0.328
0.272
1.953
0.421
0.59
0.32
0.396
0.458
0.316
0.432
1.816
1.269
0.844
0.43
0.331
0.93
0.724
0.725
0.439
0.746
0.95
0.825
0.472
0.294
0.333
0.273
1.982
0.413
0.563
0.323
0.469
0.476
0.303
0.43
1.817
1.181
0.833
0.406
0.335
0.92
0.693
0.877
0.45
0.731
1.047
0.791
0.457
0.289
0.33
0.268
2.027
0.395
0.532
0.32
0.446
0.604
0.374
0.449
1.819
1.252
0.835
0.396
0.329
0.893
0.659
0.859
0.427
0.695
0.976
0.76
0.439
0.294
0.317
0.273
1.982
0.381
0.542
0.318
0.427
0.565
0.373
0.425
1.827
1.267
0.994
0.41
0.417
0.983
0.624
0.858
0.699
0.69
0.973
0.754
0.436
0.289
0.315
0.273
1.991
0.376
0.547
0.324
0.402
0.604
0.354
0.413
1.669
1.167
0.925
0.395
0.402
0.913
0.586
0.804
0.654
0.663
0.915
0.717
0.428
0.282
0.317
0.267
1.82
0.363
0.522
0.315
0.395
0.561
0.357
0.388
1.542
1.068
0.865
0.379
0.394
0.847
0.56
0.744
0.625
0.629
0.878
0.675
0.428
0.271
0.319
0.263
1.666
0.346
0.499
0.308
0.381
0.536
0.343
0.384
1.402
0.997
0.799
0.364
0.391
0.777
0.543
0.69
0.586
0.614
0.824
0.656
0.408
0.281
0.307
0.265
1.526
0.335
0.482
0.297
0.371
0.508
0.338
0.374
1.293
0.912
0.758
0.345
0.385
0.726
0.509
0.657
0.549
0.587
0.787
0.627
0.4
0.284
0.302
0.264
1.402
0.327
0.465
0.294
0.359
0.487
0.327
0.372
1.186
0.855
0.698
0.348
0.368
0.679
0.492
0.606
0.535
0.555
0.742
0.615
0.38
0.294
0.293
0.265
1.289
0.32
0.451
0.289
0.347
0.469
0.319
0.369
1.094
0.789
0.665
0.328
0.368
0.633
0.466
0.581
0.5
0.536
0.711
0.591
0.381
0.287
0.295
0.259
1.195
0.308
0.437
0.283
0.34
0.452
0.313
0.358
1.006
0.744
0.622
0.326
0.36
0.592
0.454
0.542
0.488
0.514
0.678
0.579
0.365
0.29
0.291
0.257
1.109
0.3
0.426
0.275
0.342
0.426
0.322
0.346
0.936
0.704
0.578
0.329
0.347
0.561
0.438
0.507
0.478
0.494
0.645
0.573
0.35
0.302
0.28
0.262
1.022
0.296
0.415
0.266
0.341
0.401
0.326
0.335
0.878
0.655
0.552
0.32
0.337
0.537
0.417
0.487
0.459
0.471
0.638
0.544
0.356
0.293
0.278
0.264
0.94
0.303
0.389
0.271
0.329
0.39
0.32
0.333
0.811
0.617
0.526
0.312
0.336
0.507
0.399
0.469
0.434
0.462
0.619
0.522
0.366
0.28
0.284
0.258
0.878
0.297
0.381
0.264
0.327
0.372
0.323
0.321
0.762
0.579
0.503
0.309
0.33
0.486
0.387
0.445
0.425
0.447
0.606
0.506
0.362
0.278
0.278
0.267
0.806
0.303
0.361
0.271
0.317
0.363
0.313
0.322
0.708
0.549
0.482
0.298
0.329
0.459
0.374
0.431
0.407
0.438
0.592
0.487
0.364
0.272
0.283
0.265
0.754
0.294
0.35
0.27
0.31
0.36
0.298
0.331
0.652
0.534
0.455
0.294
0.328
0.429
0.377
0.405
0.397
0.432
0.572
0.483
0.361
0.272
0.281
0.265
0.705
0.294
0.339
0.273
0.305
0.349
0.299
0.32
0.629
0.496
0.451
0.287
0.326
0.417
0.362
0.4
0.384
0.423
0.564
0.518
0.424
0.277
0.272
0.269
0.673
0.288
0.335
0.28
0.296
0.52
0.323
0.309
0.781
0.633
0.466
0.314
0.353
0.607
0.432
0.459
0.447
0.763
0.74
0.671
0.429
0.265
0.268
0.39
0.631
0.326
0.328
0.297
0.286
0.514
0.323
0.422
0.988
0.602
0.435
0.313
0.445
0.629
0.448
0.451
0.486
0.775
0.793
0.708
0.433
0.261
0.267
0.574
0.592
0.368
0.312
0.303
0.297
0.516
0.315
0.536
1.065
0.557
0.476
0.309
0.494
0.709
0.625
0.483
0.619
0.874
0.818
0.712
0.457
0.279
0.267
0.782
0.566
0.376
0.31
0.291
0.301
0.494
0.314
0.631
1.151
0.53
0.512
0.299
0.524
0.676
0.616
0.465
0.581
0.89
0.927
0.769
0.468
0.27
0.275
0.976
0.585
0.359
0.317
0.291
0.308
0.511
0.335
0.718
1.215
0.504
0.54
0.294
0.554
0.647
0.639
0.483
0.572
0.915
0.97
0.822
0.486
0.295
0.32
1.129
0.592
0.423
0.363
0.285
0.523
0.926
0.763
0.677
1.175
0.487
0.561
0.324
0.659
0.68
0.738
0.528
0.693
1.04
1.004
0.871
0.504
0.29
0.327
1.284
0.573
0.449
0.365
0.276
0.505
0.888
0.906
0.872
1.707
0.637
0.524
0.329
0.694
0.633
0.755
0.495
0.653
0.978
1.014
0.902
0.487
0.283
0.33
1.341
0.549
0.481
0.359
0.278
0.485
0.832
0.835
0.948
1.644
0.716
0.492
0.331
0.647
0.649
0.701
0.482
0.722
1.089
1.018
1.098
0.475
0.285
0.329
1.489
0.532
0.455
0.357
0.276
0.61
0.814
0.779
1.086
1.628
0.729
0.463
0.335
0.668
0.618
0.699
0.488
0.935
1.262
1.119
1.251
0.452
0.339
0.363
1.365
0.547
0.463
0.36
0.428
0.875
0.772
0.717
1.017
1.483
0.81
0.436
0.382
0.624
0.594
0.83
0.599
0.866
1.293
1.165
1.192
0.436
0.329
0.359
1.254
0.53
0.642
0.407
0.407
0.814
0.728
0.666
0.949
1.357
1.04
0.414
0.38
0.582
0.719
0.974
0.786
0.828
1.282
1.163
1.15
0.432
0.327
0.35
1.17
0.505
0.79
0.439
0.391
0.772
0.861
0.658
0.878
1.255
1.281
0.393
0.382
0.543
0.727
1.087
0.783
0.784
1.185
1.088
1.117
0.464
0.371
0.369
1.085
0.48
0.927
0.434
0.371
0.719
0.81
0.622
0.888
1.197
1.562
0.445
0.445
0.524
0.678
1.095
0.817
0.847
1.208
1.097
1.129
0.492
0.358
0.363
0.998
0.466
1.148
0.431
0.4
0.671
0.765
0.673
0.859
1.16
1.75
0.427
0.53
0.513
0.667
1.3
0.761
0.99
1.204
1.105
1.109
0.482
0.354
0.343
0.931
0.443
1.052
0.693
0.456
0.87
0.719
0.631
0.797
1.082
1.769
0.412
0.501
0.482
0.635
1.261
0.774
1.061
1.411
1.104
1.049
0.457
0.352
0.332
0.863
0.425
1.047
0.895
0.537
0.99
0.674
0.594
0.752
1.002
1.736
0.44
0.487
0.453
0.67
1.159
0.757
1.032
1.451
1.172
1.085
0.44
0.354
0.32
0.805
0.408
1.044
1.066
0.547
1.195
0.631
0.563
0.707
0.924
1.702
0.461
0.467
0.435
0.682
1.142
1.028
1.039
1.482
1.142
1.025
0.437
0.34
0.319
0.752
0.389
1.056
1.127
0.647
1.303
0.607
0.58
0.714
0.883
1.788
0.501
0.461
0.424
0.705
1.088
1.017
0.959
1.363
1.079
0.963
0.522
0.432
0.305
0.715
0.367
1.061
1.119
0.601
1.254
0.598
0.708
0.703
0.839
1.918
0.479
0.448
0.4
0.737
1.027
0.949
0.935
1.256
1.019
0.905
0.492
0.422
0.3
0.674
0.356
1.066
1.103
0.57
1.158
0.561
0.671
0.653
0.791
1.841
0.545
0.421
0.419
0.747
0.981
0.913
1.033
1.235
1.033
0.921
0.537
0.399
0.303
0.626
0.356
1.056
1.21
0.53
1.086
0.573
0.836
0.697
0.809
1.935
0.701
0.54
0.426
1.05
1.484
1.105
1.03
1.208
1.041
0.932
0.51
0.401
0.29
0.6
0.344
1.066
1.298
0.559
1.218
0.602
0.841
0.657
0.765
1.994
0.666
0.56
0.413
1.032
1.375
1.108
1.034
1.194
1.075
0.948
0.492
0.396
0.279
0.579
0.329
1.074
1.416
0.689
1.307
0.558
0.795
0.608
0.73
1.944
0.681
0.522
0.409
1.008
1.287
1.068
1.076
1.19
1.094
0.991
0.478
0.391
0.268
0.56
0.313
1.08
1.485
0.789
1.483
0.524
0.749
0.57
0.69
1.896
0.737
0.495
0.4
0.93
1.258
1.123
1.225
1.276
1.101
1.003
0.535
0.39
0.271
0.538
0.312
1.092
1.47
0.883
1.381
0.502
0.696
0.544
0.648
1.84
0.737
0.493
0.399
0.948
1.21
1.102
1.142
1.184
1.029
0.952
0.517
0.389
0.264
0.524
0.306
1.027
1.504
0.873
1.276
0.495
0.842
0.678
0.667
1.684
0.688
0.48
0.379
0.886
1.115
1.013
1.066
1.096
0.963
0.906
0.495
0.37
0.274
0.495
0.294
0.964
1.373
0.82
1.172
0.474
0.785
0.639
0.63
1.534
0.658
0.45
0.362
0.837
1.021
0.94
0.992
1.018
0.918
0.849
0.489
0.353
0.278
0.469
0.285
0.904
1.254
0.769
1.077
0.447
0.739
0.595
0.607
1.398
0.631
0.446
0.392
0.791
0.953
0.867
1.05
1.036
0.945
0.813
0.478
0.347
0.273
0.459
0.277
0.844
1.47
0.732
1.251
0.427
0.739
0.562
0.586
1.572
0.636
0.426
0.383
0.743
1.093
0.851
1.132
1.029
1.038
0.808
0.476
0.351
0.279
0.451
0.286
0.792
1.605
0.8
1.279
0.402
0.691
0.543
0.571
1.611
0.596
0.477
0.4
0.704
1.1
0.847
1.101
1.033
1.031
0.764
0.472
0.341
0.278
0.44
0.281
0.734
1.696
0.834
1.422
0.511
0.696
0.523
0.556
1.794
0.607
0.573
0.4
0.702
1.134
0.876
1.169
1.108
1.039
0.745
0.458
0.337
0.272
0.425
0.277
0.684
1.843
0.903
1.493
0.495
0.68
0.511
0.55
1.887
0.598
0.625
0.409
0.661
1.264
0.951
1.29
1.374
1.501
0.798
0.523
0.325
0.286
0.404
0.287
0.642
1.849
0.858
1.692
0.488
0.641
0.484
0.526
1.859
0.568
0.661
0.511
0.65
1.273
0.92
1.191
1.305
1.446
0.818
0.553
0.313
0.279
0.392
0.279
0.612
1.88
0.892
1.573
0.469
0.88
0.481
0.542
2.021
0.585
0.714
0.506
0.694
1.481
1.208
1.145
1.332
1.398
0.84
0.576
0.318
0.268
0.391
0.268
0.584
1.836
0.851
1.461
0.455
1.13
0.566
0.529
2.046
0.66
0.887
0.525
0.674
1.817
1.555
1.172
1.337
1.371
0.898
0.579
0.31
0.279
0.368
0.281
0.547
2.004
0.803
1.712
0.468
1.038
0.537
0.512
2.021
0.631
0.92
0.489
0.643
1.69
1.679
1.186
1.38
1.352
0.88
0.566
0.307
0.288
0.358
0.292
0.523
2.066
0.755
2.153
0.491
0.957
0.529
0.493
1.982
0.613
0.893
0.476
0.621
1.605
1.576
1.182
1.417
1.346
0.847
0.553
0.313
0.287
0.37
0.289
0.508
2.142
0.716
2.204
0.634
0.924
0.552
0.497
2.043
0.582
0.88
0.445
0.596
1.534
1.517
1.447
1.474
1.337
0.895
0.575
0.314
0.284
0.36
0.29
0.477
2.176
0.762
2.018
0.594
0.997
0.56
0.476
1.989
0.541
0.895
0.455
0.577
1.481
1.417
1.345
1.356
1.247
0.846
0.561
0.32
0.283
0.348
0.292
0.446
2.21
0.708
1.836
0.567
0.921
0.525
0.464
1.996
0.54
0.831
0.447
0.554
1.499
1.3
1.252
1.246
1.168
0.802
0.534
0.305
0.328
0.331
0.284
0.418
2.216
0.654
1.713
0.528
0.896
0.52
0.615
2.079
0.505
0.911
0.451
0.539
1.554
1.231
1.235
1.235
1.228
0.864
0.6
0.303
0.313
0.317
0.29
0.394
2.107
0.692
1.561
0.493
1.194
0.531
0.59
2.238
0.5
1.087
0.684
0.636
1.773
1.324
1.395
1.246
1.234
0.845
0.57
0.298
0.314
0.311
0.277
0.394
2.038
0.652
1.624
0.469
1.096
0.509
0.548
2.195
0.467
1.069
0.633
0.603
1.708
1.354
1.454
1.289
1.295
0.826
0.547
0.288
0.317
0.296
0.287
0.372
1.976
0.612
1.714
0.454
1.007
0.491
0.511
2.148
0.437
1.042
0.586
0.704
1.745
1.475
1.437
1.323
1.486
0.878
0.524
0.292
0.306
0.295
0.288
0.354
1.967
0.683
1.854
0.425
0.938
0.469
0.481
2.109
0.426
1.006
0.56
0.655
1.659
1.409
1.673
1.371
1.452
0.849
0.499
0.303
0.295
0.29
0.291
0.34
2.005
0.885
1.803
0.418
0.864
0.443
0.463
2.067
0.411
0.973
0.539
0.607
1.585
1.321
1.687
1.59
1.447
0.828
0.485
0.297
0.3
0.29
0.281
0.352
1.925
0.916
1.754
0.407
0.797
0.427
0.45
2.068
0.435
0.949
0.511
0.703
1.636
1.418
1.606
1.51
1.389
0.821
0.498
0.352
0.338
0.292
0.295
0.336
1.972
0.947
1.601
0.4
0.783
0.482
0.471
2.172
0.609
1.002
0.547
0.862
1.843
1.546
1.555
1.461
1.371
0.842
0.473
0.357
0.321
0.297
0.29
0.321
1.903
0.869
1.525
0.464
0.729
0.486
0.44
2.209
0.569
1.016
0.56
0.806
1.862
1.614
1.521
1.427
1.337
0.796
0.455
0.355
0.306
0.299
0.286
0.313
1.914
0.854
1.471
0.49
0.766
0.488
0.472
2.367
0.597
1.022
0.576
0.775
1.853
1.616
1.476
1.421
1.357
0.791
0.474
0.366
0.325
0.323
0.305
0.335
1.868
0.831
1.43
0.527
0.766
0.503
0.516
2.402
0.588
0.947
0.589
0.799
1.825
1.536
1.617
1.417
1.344
0.82
0.476
0.362
0.326
0.316
0.315
0.326
1.794
0.779
1.348
0.562
0.726
0.535
0.714
2.474
0.671
0.962
0.591
0.757
1.841
1.511
1.578
1.376
1.335
0.83
0.494
0.35
0.317
0.316
0.3
0.336
1.739
0.827
1.384
0.523
0.687
0.507
0.678
2.335
0.645
0.921
0.57
0.723
1.813
1.471
1.525
1.347
1.313
0.854
0.492
0.344
0.309
0.319
0.287
0.346
1.704
0.827
1.291
0.5
0.638
0.495
0.632
2.261
0.616
0.884
0.556
0.685
1.892
1.798
1.441
1.299
1.264
0.858
0.538
0.326
0.314
0.312
0.289
0.341
1.745
0.772
1.25
0.481
0.914
0.53
0.654
2.358
0.702
1.033
0.677
0.719
1.949
1.725
1.385
1.276
1.288
0.877
0.544
0.343
0.357
0.333
0.278
0.34
1.67
0.734
1.178
0.469
0.906
0.567
0.663
2.38
0.651
0.961
0.632
0.685
1.988
1.836
1.385
1.243
1.236
0.886
0.526
0.337
0.346
0.328
0.282
0.323
1.642
0.71
1.394
0.615
0.923
0.566
0.634
2.635
0.667
0.991
0.617
0.658
1.997
1.735
1.315
1.201
1.238
0.891
0.505
0.346
0.332
0.317
0.298
0.318
1.66
0.677
1.545
0.61
0.858
0.552
0.656
2.654
0.651
0.972
0.602
0.632
1.961
1.879
1.415
1.302
1.268
0.866
0.484
0.351
0.33
0.305
0.308
0.313
1.76
0.68
1.711
0.585
0.808
0.513
0.618
2.587
0.603
0.954
0.569
0.588
1.878
1.872
1.424
1.365
1.25
0.889
0.531
0.339
0.316
0.311
0.295
0.298
1.814
0.851
1.663
0.609
0.755
0.478
0.59
2.549
0.559
0.947
0.533
0.547
1.92
1.971
1.502
1.489
1.284
0.941
0.631
0.337
0.302
0.318
0.284
0.294
1.717
0.928
1.743
0.609
0.708
0.457
0.558
2.486
0.533
0.932
0.496
0.681
2.18
1.964
1.492
1.43
1.243
0.944
0.599
0.336
0.294
0.302
0.293
0.284
1.765
0.99
1.682
0.751
0.719
0.446
0.526
2.466
0.646
1.032
0.513
0.885
2.14
1.949
1.507
1.448
1.249
0.954
0.595
0.327
0.299
0.307
0.307
0.302
1.699
0.963
1.549
0.719
0.778
0.664
0.671
2.52
0.599
1.014
0.478
0.828
2.035
1.828
1.49
1.424
1.214
0.896
0.562
0.328
0.284
0.309
0.303
0.289
1.654
0.933
1.743
0.764
0.91
0.73
0.685
2.441
0.635
1.073
0.513
0.801
1.95
1.724
1.663
1.509
1.294
0.925
0.537
0.323
0.29
0.299
0.306
0.285
1.935
0.952
1.923
0.74
0.844
0.684
0.632
2.346
0.587
1.057
0.481
0.742
1.831
1.629
1.674
1.561
1.317
0.903
0.52
0.312
0.281
0.285
0.301
0.286
1.872
0.872
2.049
0.716
0.794
0.636
0.592
2.231
0.551
1.02
0.448
0.705
1.901
1.646
1.772
1.57
1.336
0.929
0.522
0.318
0.283
0.304
0.308
0.288
1.822
1.012
1.984
0.668
0.745
0.586
0.565
2.115
0.516
0.993
0.418
0.687
2.016
1.664
1.867
1.554
1.349
0.959
0.575
0.342
0.275
0.303
0.298
0.317
1.721
0.985
2.083
0.657
0.697
0.547
0.546
1.92
0.521
1.006
0.426
0.673
1.862
1.558
1.782
1.565
1.372
0.996
0.565
0.325
0.266
0.297
0.292
0.35
1.63
0.948
1.931
0.651
0.78
0.537
0.526
1.783
1.026
1.022
0.934
0.929
1.887
1.741
1.807
1.79
1.524
1.098
0.664
0.383
0.33
0.365
0.383
0.358
1.482
0.869
1.753
0.608
0.739
0.776
0.696
1.96
0.954
1.03
0.856
0.918
1.728
1.66
1.815
1.809
1.5
1.105
0.694
0.408
0.325
0.433
0.36
0.342
1.415
0.796
1.608
0.614
0.724
0.966
0.756
1.9
0.892
0.955
0.791
0.855
1.606
1.782
1.775
1.74
1.493
1.099
0.647
0.393
0.318
0.408
0.357
0.367
1.363
0.734
1.763
0.569
0.683
0.886
0.713
1.727
0.835
0.876
0.832
1.055
1.608
1.741
1.722
1.69
1.478
1.106
0.623
0.379
0.314
0.389
0.355
0.391
1.371
0.682
1.849
0.611
0.63
0.832
0.656
1.589
0.766
0.823
0.765
0.989
1.49
1.712
1.661
1.608
1.428
1.093
0.605
0.369
0.299
0.385
0.336
0.415
1.355
0.678
1.776
0.596
0.605
0.809
0.625
1.472
0.73
0.779
0.729
0.938
1.402
1.655
1.858
1.763
1.528
1.106
0.579
0.351
0.305
0.363
0.336
0.43
1.476
0.894
1.662
0.608
0.571
0.792
0.631
1.353
0.676
0.732
0.7
0.907
1.325
1.587
1.762
1.667
1.477
1.095
0.581
0.345
0.292
0.347
0.329
0.448
1.682
0.866
1.516
0.572
0.54
0.745
0.588
1.25
0.633
0.691
0.656
0.858
1.235
1.494
1.671
1.612
1.4
1.052
0.604
0.331
0.294
0.332
0.371
0.476
1.55
0.829
1.387
0.54
0.672
0.846
0.608
1.319
0.642
0.692
0.664
0.862
1.188
1.435
1.583
1.593
1.38
1.001
0.561
0.336
0.284
0.33
0.36
0.494
1.489
0.797
1.269
0.54
0.631
0.782
0.575
1.208
0.598
0.647
0.62
0.812
1.114
1.351
1.48
1.711
1.505
1.008
0.549
0.333
0.28
0.331
0.346
0.517
1.516
0.768
1.206
0.565
0.596
0.726
0.548
1.111
0.569
0.604
0.586
0.763
1.059
1.3
1.65
1.648
1.485
1.036
0.617
0.395
0.286
0.318
0.335
0.533
1.587
0.744
1.129
0.671
0.594
0.685
0.516
1.023
0.537
0.563
0.555
0.717
1.007
1.361
1.636
1.764
1.515
1.084
0.605
0.377
0.284
0.309
0.327
0.547
1.535
0.75
1.19
0.654
0.559
0.639
0.497
0.937
0.516
0.528
0.525
0.684
0.947
1.288
1.525
1.643
1.471
1.063
0.586
0.361
0.291
0.299
0.328
0.552
1.535
0.693
1.099
0.621
0.623
0.617
0.471
0.87
0.486
0.504
0.491
0.647
0.872
1.205
1.405
1.648
1.472
1.031
0.589
0.368
0.379
0.309
0.34
0.589
1.5
0.669
1.219
0.645
0.64
0.602
0.586
0.864
0.524
0.63
0.533
0.658
0.912
1.206
1.394
1.6
1.451
1.096
0.619
0.357
0.364
0.321
0.327
0.598
1.372
0.647
1.177
0.607
0.638
0.613
0.766
0.84
0.548
0.647
0.573
0.703
0.885
1.166
1.664
1.702
1.493
1.098
0.596
0.348
0.349
0.311
0.327
0.596
1.331
0.611
1.111
0.606
0.592
0.584
0.705
0.778
0.52
0.604
0.54
0.667
0.838
1.235
1.689
1.713
1.594
1.211
0.561
0.337
0.35
0.303
0.31
0.57
1.219
0.584
1.076
0.624
0.552
0.548
0.663
0.717
0.501
0.567
0.504
0.631
0.865
1.212
1.655
1.844
1.603
1.214
0.551
0.336
0.334
0.294
0.301
0.535
1.133
0.551
1.007
0.625
0.517
0.521
0.627
0.662
0.486
0.529
0.512
0.63
0.895
1.175
1.578
1.758
1.532
1.173
0.575
0.359
0.322
0.298
0.298
0.5
1.055
0.531
1.058
0.6
0.487
0.5
0.586
0.622
0.463
0.492
0.497
0.585
0.85
1.115
1.5
1.74
1.562
1.211
0.601
0.344
0.308
0.307
0.289
0.475
0.978
0.514
1.021
0.633
0.567
0.482
0.55
0.584
0.448
0.464
0.478
0.545
0.975
1.407
1.63
1.812
1.528
1.211
0.632
0.351
0.292
0.298
0.299
0.441
0.897
0.507
0.939
0.77
0.59
0.501
0.568
0.59
0.42
0.678
0.709
0.592
0.996
1.379
1.619
1.862
1.649
1.194
0.674
0.416
0.354
0.327
0.346
0.454
0.863
0.521
0.913
0.75
0.593
0.512
0.776
0.665
0.56
0.689
0.733
0.612
0.955
1.312
1.549
2.172
1.618
1.231
0.651
0.406
0.337
0.33
0.333
0.429
0.797
0.502
0.885
0.759
0.551
0.49
0.725
0.615
0.536
0.652
0.673
0.582
0.895
1.23
1.585
2.302
1.693
1.247
0.661
0.4
0.328
0.328
0.327
0.419
0.74
0.482
0.836
0.79
0.528
0.454
0.68
0.573
0.498
0.621
0.634
0.544
0.847
1.157
1.489
2.168
1.639
1.242
0.672
0.412
0.336
0.33
0.34
0.408
0.716
0.475
0.805
0.934
0.507
0.445
0.629
0.536
0.472
0.574
0.642
0.547
0.886
1.131
1.464
2.085
1.595
1.224
0.65
0.396
0.336
0.323
0.331
0.403
0.665
0.473
0.82
1.071
0.508
0.417
0.599
0.498
0.454
0.535
0.603
0.551
0.901
1.149
1.679
2.242
1.641
1.33
0.726
0.437
0.354
0.339
0.34
0.395
0.635
0.469
0.808
1.099
0.498
0.392
0.578
0.467
0.43
0.51
0.558
0.532
0.845
1.086
1.573
2.07
1.516
1.231
0.681
0.426
0.38
0.344
0.327
0.373
0.599
0.451
0.756
1.014
0.485
0.37
0.743
0.518
0.469
0.556
0.567
0.55
0.866
1.247
1.593
2.015
1.494
1.249
0.745
0.437
0.393
0.364
0.349
0.382
0.586
0.491
0.785
1.02
0.754
0.51
0.91
0.673
0.845
0.779
0.675
0.622
0.878
1.216
1.526
1.918
1.451
1.218
0.803
0.427
0.392
0.35
0.339
0.363
0.557
0.472
0.725
0.967
0.71
0.591
1.041
0.648
0.977
0.769
0.671
0.671
0.904
1.272
1.516
1.928
1.537
1.255
0.848
0.439
0.379
0.338
0.338
0.351
0.516
0.46
0.689
0.916
0.728
0.574
0.989
0.605
1.002
0.805
0.715
0.729
1.075
1.371
1.5
1.921
1.515
1.36
0.847
0.477
0.389
0.332
0.329
0.332
0.478
0.438
0.669
0.927
0.697
0.546
0.918
0.684
0.932
0.745
0.658
0.692
1.002
1.6
1.507
1.799
1.483
1.347
0.842
0.458
0.376
0.314
0.309
0.314
0.448
0.424
0.687
0.887
0.664
0.518
0.856
0.644
0.864
0.77
0.682
0.723
0.976
1.519
1.577
1.823
1.478
1.297
0.84
0.499
0.38
0.305
0.298
0.308
0.422
0.427
0.671
0.901
0.616
0.485
0.802
0.609
0.821
0.717
0.632
0.981
1.222
1.598
1.625
1.934
1.486
1.278
0.866
0.545
0.452
0.34
0.292
0.299
0.398
0.416
0.634
0.903
0.618
0.541
1.015
0.789
0.789
0.697
0.621
0.923
1.148
1.561
1.569
1.881
1.462
1.252
0.862
0.523
0.463
0.323
0.282
0.283
0.379
0.401
0.598
0.829
0.681
0.683
1.137
0.873
0.787
0.712
0.644
0.872
1.088
1.781
1.535
1.813
1.471
1.244
0.877
0.513
0.44
0.309
0.279
0.273
0.361
0.387
0.587
0.91
0.696
0.675
1.183
0.842
0.774
0.715
0.664
0.902
1.106
1.759
1.583
1.776
1.494
1.241
0.879
0.503
0.418
0.309
0.273
0.277
0.367
0.398
0.61
1.077
0.782
0.694
1.259
0.846
0.767
0.738
0.651
0.869
1.086
1.749
1.611
1.823
1.526
1.219
0.829
0.471
0.395
0.308
0.265
0.268
0.351
0.385
0.583
1.14
0.848
0.706
1.205
0.868
0.783
0.704
0.627
0.851
1.16
1.933
1.657
1.795
1.538
1.215
0.836
0.454
0.411
0.319
0.266
0.268
0.333
0.374
0.656
1.101
0.839
0.681
1.154
0.857
0.773
0.726
0.634
0.907
1.167
1.956
1.688
1.794
1.59
1.171
0.776
0.431
0.4
0.326
0.278
0.276
0.343
0.371
0.652
1.281
0.823
0.66
1.071
0.811
0.805
0.766
0.697
0.922
1.167
2.123
1.639
1.743
1.538
1.148
0.771
0.414
0.393
0.336
0.286
0.283
0.349
0.371
0.605
1.167
0.798
0.817
1.111
0.777
0.774
0.763
0.769
0.941
1.166
2.023
1.623
1.702
1.509
1.131
0.808
0.466
0.432
0.322
0.284
0.277
0.341
0.356
0.569
1.077
0.743
0.969
1.089
0.878
0.807
0.75
0.728
0.888
1.47
2.313
1.639
1.67
1.464
1.108
0.772
0.441
0.415
0.313
0.28
0.276
0.329
0.35
0.621
1.034
0.718
0.925
1.035
0.906
1.003
0.743
0.728
0.9
1.583
2.422
1.644
1.648
1.505
1.142
0.769
0.445
0.421
0.325
0.3
0.291
0.343
0.366
0.611
1.028
0.803
1.083
1.022
0.901
0.978
0.849
0.726
0.893
1.514
2.26
1.555
1.565
1.451
1.124
0.777
0.462
0.421
0.316
0.295
0.282
0.33
0.358
0.593
0.967
0.823
1.204
1.015
0.916
0.944
0.811
0.724
0.909
1.676
2.229
1.536
1.55
1.445
1.138
0.748
0.441
0.423
0.326
0.31
0.296
0.339
0.366
0.574
0.912
0.801
1.328
0.991
0.882
0.917
0.811
0.714
0.907
1.764
2.162
1.512
1.485
1.399
1.122
0.801
0.427
0.403
0.321
0.301
0.301
0.34
0.365
0.556
0.86
0.78
1.245
0.924
0.874
0.896
0.792
0.866
0.906
1.776
2.138
1.571
1.488
1.395
1.137
0.854
0.502
0.413
0.389
0.303
0.311
0.353
0.366
0.547
0.831
0.746
1.157
0.988
0.998
0.883
0.755
0.813
1.042
2.014
2.332
1.614
1.507
1.391
1.141
0.859
0.483
0.404
0.373
0.294
0.306
0.339
0.359
0.538
0.789
0.714
1.254
0.993
1.02
0.895
0.936
0.759
0.967
1.876
2.173
1.521
1.422
1.335
1.167
0.852
0.477
0.384
0.36
0.284
0.309
0.333
0.359
0.529
0.831
0.723
1.158
0.921
0.944
0.91
0.919
0.749
0.921
1.765
2.042
1.513
1.429
1.328
1.193
0.816
0.449
0.374
0.359
0.282
0.302
0.318
0.352
0.526
0.857
0.672
1.07
0.867
0.928
0.883
0.886
0.728
0.906
1.677
1.926
1.477
1.439
1.39
1.279
0.804
0.429
0.36
0.355
0.287
0.293
0.305
0.346
0.587
1.219
0.692
1.037
0.874
0.965
1.015
0.874
0.711
0.882
1.595
1.807
1.489
1.48
1.401
1.257
0.82
0.422
0.356
0.345
0.281
0.294
0.307
0.342
0.645
1.186
0.659
0.977
0.862
0.924
0.954
0.833
0.716
0.868
1.56
1.842
1.439
1.438
1.36
1.225
0.839
0.501
0.371
0.345
0.274
0.287
0.299
0.341
0.618
1.11
0.683
0.917
0.828
0.901
0.928
0.801
0.708
0.874
1.544
1.826
1.383
1.378
1.301
1.177
0.821
0.511
0.396
0.392
0.307
0.289
0.305
0.348
0.61
1.05
0.646
0.864
0.843
0.885
1.179
0.861
0.736
0.928
1.486
1.736
1.343
1.332
1.305
1.195
0.859
0.539
0.384
0.374
0.299
0.278
0.297
0.341
0.592
0.984
0.618
0.86
1.004
0.851
1.105
0.815
0.714
0.974
1.467
1.651
1.297
1.273
1.258
1.14
0.84
0.588
0.417
0.378
0.301
0.29
0.302
0.347
0.589
1.158
0.603
0.792
0.923
0.787
1.129
0.906
0.717
0.935
1.394
1.554
1.235
1.214
1.198
1.197
0.887
0.575
0.408
0.363
0.296
0.287
0.291
0.357
0.589
1.251
0.61
0.745
0.918
0.772
1.127
0.893
0.735
0.916
1.331
1.573
1.353
1.263
1.25
1.373
0.927
0.608
0.443
0.351
0.291
0.279
0.287
0.356
0.569
1.284
0.595
0.752
0.898
0.824
1.08
0.847
0.709
0.934
1.314
1.499
1.294
1.213
1.501
1.385
0.977
0.62
0.431
0.345
0.285
0.274
0.362
0.425
0.565
1.207
0.604
0.726
1.234
0.832
0.995
0.816
0.703
0.97
1.279
1.434
1.237
1.163
1.438
1.318
1.05
0.598
0.416
0.34
0.288
0.284
0.355
0.446
0.583
1.154
0.635
0.865
1.284
0.853
1.0
0.81
0.889
1.095
1.367
1.624
1.212
1.141
1.398
1.442
1.109
0.649
0.404
0.328
0.308
0.307
0.384
0.466
0.583
1.308
0.674
0.824
1.155
0.767
0.9
0.729
0.855
1.433
1.731
1.686
1.211
1.15
1.342
1.383
1.083
0.705
0.456
0.335
0.31
0.297
0.368
0.443
0.552
1.204
0.733
1.0
1.174
0.847
1.261
0.986
1.011
1.619
1.943
1.867
1.342
1.308
1.428
1.468
1.171
0.858
0.622
0.377
0.313
0.306
0.356
0.452
0.54
1.46
0.993
0.93
1.092
0.863
1.358
1.096
1.0
1.534
1.815
1.748
1.279
1.306
1.409
1.477
1.151
0.83
0.609
0.376
0.321
0.302
0.349
0.43
0.525
1.346
0.946
1.029
1.076
0.943
1.288
1.012
0.934
1.534
1.732
1.666
1.252
1.33
1.422
1.43
1.127
0.792
0.576
0.371
0.32
0.303
0.344
0.412
0.515
1.388
0.946
1.046
1.125
0.905
1.19
0.957
0.876
1.665
2.182
1.73
1.267
1.518
1.504
1.451
1.184
0.791
0.558
0.362
0.318
0.303
0.335
0.398
0.497
1.296
0.896
1.065
1.047
0.841
1.1
0.886
0.812
1.532
1.995
1.615
1.204
1.423
1.404
1.358
1.118
