0.0
0.0
0.0
0.0
0.0
0.0
0.0
0.0
0.0
0.0
0.0
0.0
0.0
0.0
0.0
0.0
0.0
0.0
0.0
0.0
0.0
0.0
0.0
0.0
0.0
0.0
0.0
0.0
0.0
0.0
0.0
0.0
0.0
0.0
0.0
0.0
0.0
0.0
0.0
0.0
0.0
0.0
0.0
0.0
0.0
0.0
0.0
0.0
0.0
0.0
0.0
0.0
0.0
0.0
0.0
0.0
0.0
0.0
0.0
0.0
0.0
0.0
0.0
0.0
0.0
0.0
0.0
0.0
0.0
0.0
0.0
0.0
0.0
0.0
0.0
0.0
0.0
0.0
0.0
0.0
0.0
0.0
0.0
0.0
0.0
0.0
0.0
0.0
0.0
0.0
0.0
0.0
0.0
0.0
0.0
0.0
0.0
0.0
0.0
0.0
0.0
0.0
0.0
0.0
0.0
0.0
0.0
0.0
0.0
0.0
0.0
0.0
0.0
0.0
0.0
0.0
0.0
0.0
0.0
0.0
0.0
0.0
0.0
0.0
0.0
0.0
0.0
0.0
0.0
0.0
0.0
0.0
0.0
0.0
0.0
0.0
0.0
0.0
0.0
0.0
0.0
0.0
0.0
0.0
0.0
0.0
0.0
0.0
0.0
0.0
0.0
0.0
0.0
0.0
0.0
0.0
0.0
0.0
0.0
0.0
0.0
0.0
0.0
0.0
0.0
0.0
0.0
0.0
0.0
0.0
0.0
0.0
0.0
0.0
0.0
0.0
0.0
0.0
0.0
0.0
0.0
0.0
0.0
0.0
0.0
0.0
0.0
0.0
0.0
0.0
0.0
0.0
0.0
0.0
0.0
0.0
0.0
0.0
0.0
0.0
0.0
0.0
0.0
0.0
0.0
0.0
0.0
0.0
0.0
0.0
0.0
0.0
0.0
0.0
0.0
0.0
0.0
0.0
0.0
0.0
0.0
0.0
0.0
0.0
0.0
0.0
0.0
0.0
0.0
0.0
0.0
0.0
0.0
0.0
0.0
0.0
0.0
0.0
0.0
0.0
0.0
0.0
0.0
0.0
0.0
0.0
0.0
0.0
0.0
0.0
0.0
0.0
0.0
0.0
0.0
0.0
0.0
0.0
0.0
0.0
0.0
0.0
0.0
0.0
0.0
0.0
0.0
0.0
0.0
0.0
0.0
0.0
0.0
0.0
0.0
0.0
0.0
0.0
0.0
0.0
0.0
0.0
0.0
0.0
0.0
0.0
0.0
0.0
0.0
0.0
0.0
0.0
0.0
0.0
0.0
0.0
0.0
0.0
0.0
0.0
0.0
0.0
0.0
0.0
0.0
0.0
0.0
0.0
0.0
0.0
0.0
0.0
0.0
0.0
0.0
0.0
0.0
0.0
0.0
0.0
0.0
0.0
0.0
0.0
0.0
0.0
0.0
0.0
0.0
0.0
0.0
0.0
0.0
0.0
0.0
0.0
0.0
0.0
0.0
0.0
0.0
0.0
0.0
0.0
0.0
0.0
0.0
0.0
0.0
0.0
0.0
0.0
0.0
0.0
0.0
0.0
0.0
0.0
0.0
0.0
0.0
0.0
0.0
0.0
0.0
0.0
0.0
0.0
0.0
0.0
0.0
0.0
0.0
0.0
0.0
0.0
0.0
0.0
0.0
0.0
0.0
0.0
0.0
0.0
0.0
0.0
0.0
0.0
0.0
0.0
0.0
0.0
0.0
0.0
0.0
0.0
0.0
0.0
0.0
0.0
0.0
0.0
0.0
0.0
0.0
0.0
0.0
0.0
0.0
0.0
0.0
0.0
0.0
0.0
0.0
0.0
0.0
0.0
0.0
0.0
0.0
0.0
0.0
0.0
0.0
0.0
0.0
0.0
0.0
0.0
0.0
0.0
0.0
0.0
0.0
0.0
0.0
0.0
0.0
0.0
0.0
0.0
0.0
0.0
0.0
0.0
0.0
0.0
0.0
0.0
0.0
0.0
0.0
0.0
0.0
0.0
0.0
0.0
0.0
0.0
0.0
0.0
0.0
0.0
0.0
0.0
0.0
0.0
0.0
0.0
0.0
0.0
0.0
0.0
0.0
0.0
0.0
0.0
0.0
0.0
0.0
0.0
0.0
0.0
0.0
0.0
0.0
0.0
0.0
0.0
0.0
0.0
0.0
0.0
0.0
0.0
0.0
0.0
0.0
0.0
0.0
0.0
0.0
0.0
0.0
0.094
0.054
0.182
0.07
0.083
0.09
0.383
0.221
0.147
0.154
0.28
0.304
0.331
0.297
0.073
0.052
0.233
0.374
0.256
0.151
0.062
0.058
0.252
0.318
0.161
0.054
0.104
0.106
0.083
0.089
0.37
0.18
0.128
0.135
0.241
0.313
0.328
0.301
0.07
0.056
0.233
0.329
0.297
0.187
0.062
0.054
0.187
0.254
0.191
0.068
0.089
0.096
0.128
0.089
0.316
0.14
0.099
0.127
0.334
0.347
0.332
0.291
0.07
0.059
0.19
0.283
0.326
0.191
0.065
0.054
0.174
0.286
0.163
0.068
0.091
0.102
0.178
0.093
0.305
0.117
0.12
0.145
0.396
0.348
0.333
0.309
0.076
0.061
0.175
0.287
0.326
0.236
0.06
0.057
0.225
0.273
0.163
0.07
0.057
0.201
0.113
0.139
0.237
0.35
0.217
0.22
0.258
0.125
0.297
0.349
0.1
0.062
0.144
0.346
0.304
0.162
0.058
0.077
0.182
0.248
0.218
0.12
0.068
0.144
0.176
0.143
0.207
0.319
0.217
0.218
0.208
0.166
0.304
0.336
0.125
0.062
0.136
0.299
0.264
0.129
0.058
0.084
0.23
0.287
0.119
0.064
0.137
0.107
0.12
0.108
0.274
0.117
0.134
0.121
0.388
0.354
0.34
0.302
0.076
0.061
0.151
0.287
0.323
0.183
0.059
0.062
0.178
0.285
0.123
0.062
0.133
0.101
0.115
0.138
0.285
0.228
0.163
0.177
0.393
0.349
0.342
0.301
0.075
0.063
0.152
0.284
0.308
0.169
0.058
0.062
0.189
0.267
0.136
0.061
0.138
0.098
0.117
0.159
0.288
0.231
0.169
0.199
0.386
0.348
0.339
0.304
0.074
0.062
0.153
0.283
0.295
0.158
0.059
0.061
0.198
0.26
0.126
0.086
0.139
0.093
0.144
0.176
0.296
0.254
0.173
0.197
0.395
0.343
0.338
0.305
0.072
0.061
0.156
0.28
0.283
0.151
0.059
0.06
0.199
0.267
0.13
0.082
0.134
0.09
0.16
0.171
0.298
0.253
0.163
0.185
0.401
0.34
0.344
0.306
0.073
0.06
0.148
0.276
0.284
0.168
0.087
0.077
0.204
0.272
0.124
0.081
0.126
0.086
0.177
0.183
0.305
0.255
0.178
0.197
0.407
0.337
0.344
0.307
0.072
0.062
0.156
0.276
0.261
0.156
0.086
0.076
0.189
0.273
0.139
0.078
0.119
0.104
0.172
0.179
0.31
0.304
0.214
0.183
0.387
0.318
0.366
0.316
0.077
0.061
0.151
0.269
0.248
0.148
0.083
0.073
0.196
0.279
0.132
0.075
0.127
0.129
0.161
0.166
0.286
0.309
0.22
0.188
0.374
0.296
0.363
0.315
0.078
0.059
0.155
0.28
0.254
0.167
0.106
0.078
0.182
0.259
0.15
0.098
0.119
0.122
0.179
0.16
0.302
0.285
0.214
0.217
0.369
0.296
0.357
0.33
0.075
0.058
0.147
0.27
0.237
0.155
0.103
0.076
0.19
0.266
0.157
0.093
0.112
0.136
0.168
0.154
0.289
0.399
0.411
0.228
0.387
0.304
0.364
0.328
0.075
0.058
0.152
0.269
0.221
0.147
0.097
0.076
0.197
0.253
0.148
0.089
0.125
0.137
0.158
0.144
0.305
0.389
0.377
0.211
0.353
0.278
0.354
0.314
0.075
0.058
0.15
0.274
0.21
0.139
0.092
0.075
0.198
0.259
0.174
0.102
0.119
0.129
0.15
0.14
0.319
0.617
0.392
0.23
0.361
0.281
0.357
0.316
0.078
0.059
0.158
0.273
0.195
0.132
0.089
0.076
0.208
0.264
0.162
0.096
0.127
0.138
0.14
0.132
0.307
0.583
0.376
0.254
0.368
0.283
0.357
0.302
0.075
0.06
0.152
0.271
0.209
0.141
0.085
0.074
0.216
0.279
0.176
0.094
0.122
0.131
0.135
0.123
0.3
0.574
0.364
0.234
0.349
0.267
0.341
0.307
0.073
0.059
0.153
0.279
0.203
0.132
0.081
0.073
0.201
0.272
0.19
0.093
0.115
0.123
0.139
0.124
0.292
0.523
0.347
0.239
0.348
0.253
0.341
0.307
0.074
0.058
0.146
0.285
0.192
0.123
0.078
0.073
0.198
0.275
0.2
0.088
0.108
0.115
0.137
0.123
0.305
0.493
0.332
0.249
0.346
0.269
0.346
0.307
0.071
0.057
0.138
0.279
0.191
0.118
0.076
0.071
0.215
0.257
0.185
0.085
0.131
0.109
0.128
0.116
0.317
0.471
0.331
0.265
0.343
0.275
0.343
0.292
0.069
0.058
0.157
0.273
0.196
0.114
0.074
0.069
0.217
0.262
0.183
0.082
0.123
0.103
0.141
0.126
0.329
0.438
0.325
0.295
0.342
0.288
0.34
0.295
0.068
0.057
0.155
0.272
0.192
0.107
0.074
0.067
0.233
0.252
0.172
0.091
0.128
0.097
0.141
0.121
0.341
0.422
0.322
0.308
0.369
0.29
0.341
0.315
0.07
0.056
0.152
0.269
0.186
0.104
0.072
0.066
0.236
0.258
0.174
0.087
0.121
0.093
0.143
0.126
0.357
0.413
0.311
0.325
0.381
0.294
0.337
0.316
0.068
0.058
0.15
0.274
0.183
0.101
0.07
0.064
0.218
0.266
0.177
0.084
0.13
0.108
0.134
0.119
0.365
0.423
0.344
0.412
0.375
0.304
0.331
0.325
0.069
0.058
0.149
0.279
0.176
0.097
0.069
0.065
0.203
0.284
0.19
0.081
0.123
0.117
0.132
0.113
0.347
0.448
0.352
0.394
0.344
0.28
0.347
0.325
0.072
0.06
0.139
0.286
0.185
0.098
0.067
0.065
0.189
0.285
0.2
0.077
0.117
0.112
0.143
0.106
0.318
0.432
0.35
0.422
0.342
0.3
0.349
0.326
0.071
0.06
0.149
0.279
0.193
0.094
0.068
0.066
0.176
0.284
0.205
0.075
0.11
0.106
0.152
0.109
0.317
0.412
0.353
0.459
0.342
0.312
0.345
0.328
0.07
0.058
0.149
0.275
0.201
0.089
0.066
0.064
0.164
0.261
0.228
0.081
0.106
0.106
0.142
0.118
0.321
0.416
0.35
0.437
0.359
0.314
0.346
0.331
0.068
0.058
0.156
0.276
0.213
0.097
0.064
0.063
0.151
0.269
0.234
0.078
0.1
0.101
0.143
0.12
0.345
0.398
0.337
0.439
0.386
0.329
0.347
0.331
0.067
0.058
0.159
0.279
0.206
0.094
0.064
0.062
0.163
0.277
0.218
0.078
0.101
0.096
0.134
0.136
0.363
0.393
0.325
0.416
0.395
0.331
0.342
0.328
0.066
0.057
0.164
0.275
0.201
0.093
0.063
0.06
0.151
0.289
0.224
0.085
0.096
0.091
0.14
0.127
0.347
0.415
0.332
0.417
0.395
0.315
0.364
0.329
0.071
0.059
0.156
0.273
0.196
0.09
0.062
0.059
0.143
0.303
0.221
0.082
0.091
0.087
0.149
0.127
0.326
0.401
0.339
0.418
0.362
0.301
0.359
0.33
0.074
0.059
0.145
0.282
0.186
0.086
0.061
0.06
0.136
0.293
0.23
0.085
0.087
0.084
0.15
0.137
0.341
0.39
0.337
0.401
0.368
0.303
0.364
0.327
0.074
0.061
0.136
0.298
0.198
0.109
0.066
0.059
0.128
0.301
0.237
0.111
0.119
0.08
0.14
0.14
0.341
0.396
0.318
0.395
0.378
0.303
0.36
0.325
0.074
0.059
0.145
0.304
0.209
0.116
0.065
0.059
0.15
0.302
0.226
0.105
0.112
0.077
0.151
0.144
0.337
0.386
0.315
0.377
0.383
0.306
0.376
0.323
0.073
0.06
0.152
0.286
0.204
0.11
0.064
0.061
0.14
0.277
0.208
0.123
0.134
0.082
0.141
0.135
0.342
0.371
0.322
0.412
0.396
0.307
0.372
0.322
0.072
0.059
0.165
0.281
0.198
0.104
0.064
0.06
0.16
0.254
0.207
0.142
0.127
0.08
0.151
0.135
0.319
0.361
0.319
0.408
0.388
0.309
0.365
0.32
0.071
0.061
0.182
0.277
0.191
0.1
0.065
0.08
0.176
0.238
0.192
0.164
0.119
0.077
0.169
0.13
0.305
0.374
0.33
0.406
0.375
0.299
0.359
0.333
0.075
0.06
0.173
0.272
0.184
0.098
0.065
0.077
0.164
0.257
0.198
0.153
0.13
0.081
0.158
0.122
0.28
0.375
0.345
0.4
0.373
0.275
0.364
0.335
0.081
0.059
0.168
0.281
0.198
0.121
0.075
0.075
0.153
0.237
0.201
0.168
0.135
0.079
0.148
0.146
0.312
0.368
0.344
0.4
0.381
0.287
0.467
0.347
0.081
0.059
0.171
0.283
0.185
0.114
0.073
0.074
0.176
0.237
0.187
0.156
0.147
0.076
0.158
0.144
0.331
0.379
0.343
0.384
0.39
0.289
0.457
0.345
0.078
0.058
0.165
0.287
0.184
0.107
0.071
0.072
0.163
0.242
0.202
0.164
0.139
0.074
0.147
0.158
0.342
0.385
0.346
0.391
0.397
0.294
0.452
0.341
0.081
0.057
0.166
0.293
0.175
0.103
0.072
0.07
0.152
0.223
0.226
0.168
0.13
0.072
0.164
0.149
0.355
0.38
0.348
0.397
0.406
0.297
0.443
0.319
0.078
0.068
0.219
0.288
0.165
0.099
0.069
0.07
0.143
0.206
0.209
0.156
0.124
0.071
0.153
0.139
0.324
0.347
0.343
0.386
0.406
0.32
0.442
0.318
0.077
0.069
0.213
0.281
0.164
0.096
0.068
0.068
0.163
0.215
0.193
0.151
0.134
0.085
0.144
0.131
0.334
0.371
0.349
0.353
0.389
0.294
0.439
0.337
0.083
0.068
0.204
0.28
0.158
0.093
0.068
0.066
0.152
0.224
0.199
0.142
0.127
0.083
0.153
0.13
0.31
0.364
0.341
0.343
0.383
0.278
0.425
0.339
0.081
0.067
0.192
0.264
0.162
0.088
0.066
0.065
0.142
0.221
0.195
0.151
0.124
0.08
0.166
0.122
0.303
0.353
0.33
0.344
0.398
0.281
0.417
0.338
0.078
0.066
0.184
0.264
0.157
0.085
0.064
0.065
0.134
0.225
0.18
0.141
0.117
0.077
0.192
0.115
0.306
0.339
0.325
0.344
0.389
0.286
0.408
0.346
0.08
0.066
0.175
0.262
0.146
0.081
0.062
0.063
0.126
0.234
0.194
0.14
0.129
0.087
0.183
0.109
0.32
0.33
0.319
0.36
0.4
0.302
0.401
0.344
0.078
0.065
0.167
0.247
0.141
0.078
0.064
0.063
0.134
0.241
0.189
0.131
0.121
0.099
0.187
0.108
0.295
0.331
0.311
0.367
0.419
0.318
0.408
0.34
0.075
0.063
0.162
0.232
0.143
0.076
0.065
0.063
0.146
0.226
0.175
0.138
0.139
0.094
0.174
0.106
0.333
0.329
0.303
0.372
0.41
0.318
0.41
0.355
0.097
0.092
0.178
0.239
0.187
0.104
0.082
0.082
0.156
0.228
0.184
0.151
0.151
0.11
0.182
0.12
0.325
0.321
0.297
0.36
0.394
0.302
0.39
0.344
0.112
0.109
0.186
0.241
0.193
0.119
0.099
0.099
0.166
0.23
0.192
0.161
0.161
0.125
0.189
0.134
0.318
0.33
0.302
0.36
0.365
0.276
0.359
0.316
0.106
0.105
0.175
0.236
0.23
0.12
0.096
0.094
0.154
0.212
0.195
0.156
0.17
0.14
0.184
0.126
0.291
0.343
0.295
0.347
0.374
0.287
0.354
0.315
0.103
0.099
0.164
0.228
0.219
0.113
0.093
0.091
0.157
0.205
0.18
0.16
0.184
0.138
0.171
0.133
0.298
0.338
0.29
0.336
0.374
0.295
0.349
0.316
0.101
0.094
0.155
0.27
0.276
0.111
0.089
0.087
0.164
0.217
0.194
0.151
0.185
0.128
0.16
0.13
0.292
0.327
0.285
0.328
0.384
0.297
0.346
0.317
0.099
0.09
0.149
0.267
0.278
0.13
0.104
0.084
0.152
0.228
0.195
0.142
0.173
0.121
0.183
0.125
0.279
0.313
0.285
0.327
0.398
0.318
0.347
0.317
0.102
0.09
0.141
0.246
0.258
0.126
0.099
0.081
0.143
0.211
0.181
0.133
0.161
0.134
0.179
0.118
0.257
0.307
0.284
0.324
0.388
0.292
0.318
0.291
0.096
0.087
0.137
0.251
0.279
0.161
0.11
0.093
0.16
0.22
0.194
0.155
0.165
0.145
0.18
0.133
0.249
0.296
0.282
0.317
0.371
0.303
0.322
0.305
0.119
0.111
0.142
0.244
0.267
0.151
0.104
0.089
0.15
0.204
0.18
0.145
0.154
0.152
0.193
0.15
0.253
0.303
0.278
0.306
0.355
0.295
0.333
0.322
0.139
0.112
0.15
0.241
0.248
0.143
0.099
0.085
0.14
0.189
0.213
0.152
0.144
0.147
0.18
0.166
0.264
0.301
0.274
0.297
0.373
0.314
0.332
0.342
0.157
0.134
0.144
0.233
0.259
0.153
0.095
0.082
0.151
0.213
0.215
0.161
0.134
0.137
0.167
0.186
0.254
0.291
0.272
0.307
0.385
0.333
0.34
0.341
0.19
0.172
0.151
0.237
0.265
0.155
0.09
0.079
0.141
0.197
0.218
0.177
0.135
0.129
0.159
0.197
0.265
0.284
0.273
0.314
0.407
0.346
0.338
0.338
0.177
0.182
0.169
0.236
0.243
0.145
0.086
0.076
0.132
0.212
0.228
0.179
0.127
0.122
0.148
0.226
0.284
0.282
0.272
0.328
0.428
0.36
0.334
0.337
0.206
0.211
0.178
0.225
0.231
0.138
0.083
0.074
0.137
0.212
0.21
0.169
0.128
0.115
0.143
0.208
0.293
0.289
0.272
0.33
0.448
0.371
0.34
0.335
0.22
0.223
0.179
0.221
0.217
0.131
0.082
0.072
0.129
0.196
0.218
0.182
0.147
0.125
0.138
0.229
0.303
0.285
0.266
0.319
0.441
0.349
0.33
0.334
0.211
0.207
0.174
0.23
0.225
0.148
0.094
0.07
0.144
0.209
0.214
0.169
0.158
0.127
0.129
0.216
0.3
0.283
0.284
0.305
0.404
0.321
0.303
0.306
0.195
0.192
0.162
0.226
0.236
0.145
0.091
0.068
0.136
0.212
0.224
0.164
0.146
0.128
0.122
0.229
0.322
0.292
0.284
0.296
0.412
0.33
0.32
0.313
0.181
0.181
0.163
0.226
0.246
0.163
0.092
0.067
0.128
0.216
0.23
0.153
0.167
0.121
0.117
0.217
0.317
0.285
0.284
0.288
0.411
0.328
0.325
0.315
0.172
0.168
0.163
0.24
0.236
0.152
0.088
0.065
0.121
0.231
0.236
0.171
0.171
0.12
0.11
0.226
0.33
0.305
0.296
0.288
0.422
0.337
0.341
0.324
0.163
0.191
0.187
0.254
0.224
0.146
0.085
0.064
0.114
0.215
0.244
0.185
0.183
0.126
0.104
0.214
0.322
0.299
0.297
0.31
0.44
0.335
0.34
0.324
0.158
0.18
0.187
0.234
0.208
0.139
0.084
0.065
0.108
0.199
0.225
0.172
0.195
0.125
0.099
0.205
0.303
0.275
0.304
0.315
0.427
0.323
0.35
0.335
0.175
0.193
0.201
0.227
0.215
0.136
0.087
0.062
0.1
0.185
0.208
0.191
0.203
0.118
0.092
0.19
0.303
0.288
0.296
0.314
0.416
0.349
0.365
0.344
0.191
0.209
0.223
0.238
0.207
0.127
0.083
0.062
0.135
0.195
0.193
0.178
0.188
0.112
0.089
0.196
0.294
0.268
0.284
0.291
0.408
0.392
0.374
0.355
0.206
0.223
0.217
0.22
0.192
0.12
0.08
0.062
0.129
0.182
0.18
0.167
0.175
0.106
0.085
0.181
0.269
0.264
0.287
0.267
0.386
0.359
0.377
0.349
0.203
0.207
0.201
0.203
0.178
0.115
0.077
0.059
0.148
0.192
0.191
0.162
0.163
0.101
0.079
0.182
0.273
0.25
0.279
0.276
0.39
0.371
0.389
0.359
0.214
0.22
0.214
0.243
0.191
0.109
0.075
0.058
0.139
0.178
0.189
0.175
0.162
0.097
0.077
0.196
0.277
0.262
0.283
0.285
0.41
0.383
0.388
0.354
0.224
0.238
0.253
0.262
0.193
0.103
0.089
0.058
0.13
0.165
0.176
0.163
0.152
0.127
0.102
0.182
0.268
0.281
0.277
0.289
0.431
0.392
0.388
0.349
0.234
0.249
0.266
0.264
0.178
0.098
0.085
0.057
0.122
0.186
0.19
0.153
0.141
0.119
0.096
0.183
0.251
0.315
0.285
0.302
0.439
0.419
0.411
0.344
0.244
0.264
0.275
0.29
0.196
0.107
0.082
0.059
0.116
0.173
0.199
0.169
0.148
0.112
0.104
0.17
0.27
0.333
0.28
0.289
0.413
0.398
0.401
0.345
0.254
0.268
0.3
0.311
0.185
0.103
0.082
0.058
0.109
0.16
0.199
0.182
0.148
0.106
0.099
0.19
0.258
0.315
0.275
0.281
0.392
0.394
0.392
0.333
0.256
0.268
0.32
0.318
0.177
0.1
0.079
0.057
0.127
0.15
0.21
0.19
0.139
0.117
0.111
0.177
0.238
0.303
0.253
0.291
0.508
0.433
0.394
0.331
0.259
0.247
0.293
0.328
0.208
0.125
0.077
0.058
0.12
0.141
0.221
0.203
0.141
0.109
0.104
0.165
0.225
0.3
0.251
0.289
0.501
0.436
0.4
0.332
0.263
0.23
0.286
0.353
0.227
0.132
0.075
0.057
0.113
0.133
0.205
0.205
0.159
0.108
0.1
0.154
0.217
0.287
0.249
0.283
0.483
0.456
0.391
0.335
0.271
0.238
0.308
0.402
0.256
0.129
0.072
0.06
0.109
0.125
0.218
0.219
0.15
0.103
0.101
0.145
0.229
0.284
0.252
0.289
0.466
0.465
0.383
0.34
0.279
0.221
0.283
0.409
0.276
0.15
0.071
0.059
0.104
0.118
0.232
0.229
0.141
0.103
0.097
0.137
0.212
0.3
0.261
0.282
0.452
0.457
0.383
0.346
0.282
0.246
0.322
0.435
0.303
0.166
0.095
0.061
0.099
0.131
0.242
0.229
0.133
0.099
0.093
0.138
0.197
0.3
0.284
0.276
0.429
0.432
0.396
0.325
0.29
0.27
0.334
0.463
0.344
0.186
0.115
0.062
0.095
0.124
0.252
0.239
0.133
0.095
0.117
0.146
0.183
0.276
0.262
0.273
0.418
0.425
0.378
0.323
0.293
0.277
0.331
0.501
0.375
0.174
0.11
0.062
0.091
0.136
0.253
0.229
0.126
0.091
0.115
0.138
0.167
0.311
0.269
0.276
0.397
0.452
0.388
0.34
0.308
0.256
0.314
0.509
0.379
0.191
0.112
0.061
0.088
0.148
0.259
0.232
0.119
0.091
0.119
0.129
0.154
0.321
0.283
0.27
0.391
0.428
0.373
0.354
0.307
0.273
0.344
0.554
0.412
0.205
0.119
0.061
0.084
0.156
0.262
0.23
0.113
0.088
0.113
0.14
0.149
0.33
0.288
0.27
0.403
0.451
0.372
0.355
0.309
0.294
0.376
0.586
0.42
0.19
0.114
0.063
0.083
0.147
0.279
0.227
0.108
0.084
0.106
0.157
0.14
0.343
0.29
0.267
0.406
0.457
0.384
0.354
0.308
0.272
0.351
0.591
0.423
0.202
0.126
0.062
0.081
0.138
0.257
0.232
0.127
0.081
0.099
0.144
0.151
0.35
0.306
0.262
0.387
0.468
0.38
0.356
0.309
0.252
0.328
0.597
0.425
0.214
0.124
0.062
0.078
0.129
0.253
0.238
0.12
0.079
0.096
0.139
0.141
0.346
0.347
0.267
0.386
0.441
0.383
0.395
0.336
0.26
0.347
0.62
0.443
0.222
0.13
0.06
0.076
0.123
0.233
0.22
0.149
0.103
0.09
0.129
0.133
0.357
0.339
0.261
0.37
0.419
0.367
0.373
0.333
0.243
0.318
0.577
0.456
0.235
0.123
0.06
0.074
0.117
0.216
0.201
0.173
0.122
0.088
0.118
0.126
0.37
0.34
0.258
0.368
0.426
0.377
0.373
0.332
0.225
0.292
0.544
0.44
0.221
0.116
0.059
0.073
0.11
0.199
0.2
0.185
0.122
0.084
0.112
0.119
0.378
0.328
0.271
0.36
0.41
0.388
0.368
0.341
0.242
0.297
0.524
0.438
0.213
0.109
0.058
0.071
0.105
0.209
0.194
0.172
0.116
0.108
0.104
0.113
0.371
0.319
0.264
0.359
0.417
0.406
0.377
0.352
0.253
0.296
0.499
0.428
0.198
0.104
0.058
0.069
0.1
0.22
0.177
0.16
0.111
0.111
0.098
0.103
0.36
0.353
0.26
0.344
0.396
0.386
0.36
0.338
0.278
0.298
0.473
0.421
0.209
0.115
0.059
0.068
0.095
0.203
0.18
0.17
0.12
0.105
0.094
0.099
0.383
0.34
0.27
0.478
0.412
0.4
0.355
0.337
0.3
0.298
0.473
0.415
0.194
0.109
0.059
0.067
0.091
0.186
0.183
0.182
0.114
0.101
0.09
0.106
0.365
0.356
0.272
0.452
0.409
0.381
0.356
0.351
0.309
0.281
0.461
0.408
0.208
0.128
0.071
0.066
0.114
0.2
0.179
0.17
0.106
0.094
0.087
0.101
0.334
0.359
0.28
0.434
0.409
0.369
0.346
0.351
0.29
0.258
0.451
0.416
0.194
0.121
0.069
0.064
0.137
0.197
0.167
0.159
0.114
0.09
0.082
0.122
0.326
0.329
0.266
0.42
0.416
0.383
0.37
0.351
0.302
0.274
0.45
0.401
0.179
0.115
0.068
0.063
0.129
0.181
0.181
0.166
0.108
0.087
0.079
0.112
0.347
0.339
0.261
0.415
0.436
0.395
0.374
0.347
0.279
0.262
0.462
0.405
0.182
0.118
0.066
0.062
0.146
0.194
0.184
0.155
0.103
0.081
0.075
0.127
0.355
0.337
0.262
0.399
0.437
0.403
0.394
0.345
0.289
0.265
0.444
0.397
0.196
0.153
0.092
0.088
0.138
0.18
0.172
0.154
0.099
0.079
0.074
0.145
0.354
0.328
0.27
0.394
0.444
0.399
0.387
0.345
0.294
0.271
0.444
0.407
0.206
0.167
0.103
0.085
0.129
0.167
0.16
0.178
0.112
0.077
0.072
0.162
0.344
0.331
0.265
0.393
0.45
0.399
0.379
0.341
0.274
0.282
0.456
0.417
0.221
0.169
0.099
0.081
0.122
0.173
0.177
0.189
0.117
0.073
0.07
0.151
0.336
0.349
0.27
0.377
0.427
0.395
0.373
0.338
0.285
0.281
0.458
0.435
0.231
0.17
0.094
0.079
0.115
0.162
0.187
0.2
0.115
0.068
0.068
0.142
0.347
0.34
0.262
0.363
0.422
0.391
0.384
0.333
0.29
0.29
0.476
0.451
0.222
0.159
0.09
0.075
0.107
0.166
0.197
0.208
0.109
0.065
0.065
0.133
0.348
0.343
0.256
0.366
0.43
0.399
0.391
0.332
0.271
0.266
0.466
0.457
0.232
0.161
0.086
0.073
0.113
0.175
0.202
0.191
0.101
0.065
0.067
0.126
0.315
0.357
0.283
0.377
0.395
0.367
0.394
0.359
0.285
0.282
0.448
0.475
0.227
0.151
0.084
0.072
0.129
0.185
0.187
0.196
0.099
0.064
0.064
0.144
0.316
0.357
0.285
0.38
0.405
0.379
0.391
0.355
0.309
0.3
0.452
0.476
0.237
0.153
0.082
0.071
0.123
0.173
0.205
0.197
0.096
0.064
0.063
0.132
0.291
0.372
0.295
0.363
0.414
0.387
0.4
0.361
0.285
0.279
0.452
0.476
0.246
0.164
0.078
0.069
0.116
0.189
0.215
0.209
0.097
0.064
0.062
0.12
0.305
0.38
0.288
0.35
0.396
0.395
0.397
0.369
0.304
0.288
0.453
0.475
0.227
0.152
0.076
0.068
0.11
0.195
0.224
0.195
0.094
0.064
0.058
0.127
0.315
0.388
0.282
0.339
0.377
0.389
0.4
0.382
0.312
0.307
0.47
0.497
0.219
0.142
0.073
0.066
0.118
0.207
0.225
0.177
0.09
0.063
0.057
0.117
0.323
0.399
0.282
0.331
0.361
0.391
0.41
0.368
0.291
0.321
0.48
0.498
0.208
0.134
0.071
0.064
0.123
0.214
0.216
0.165
0.101
0.068
0.068
0.11
0.297
0.399
0.291
0.334
0.375
0.403
0.423
0.381
0.274
0.299
0.505
0.5
0.221
0.13
0.072
0.065
0.12
0.202
0.205
0.185
0.127
0.081
0.067
0.11
0.325
0.396
0.301
0.335
0.399
0.408
0.438
0.373
0.255
0.274
0.511
0.501
0.204
0.122
0.07
0.064
0.125
0.211
0.216
0.175
0.117
0.077
0.066
0.122
0.344
0.55
0.314
0.325
0.423
0.414
0.429
0.368
0.238
0.252
0.51
0.509
0.185
0.116
0.07
0.059
0.145
0.219
0.204
0.164
0.107
0.075
0.1
0.111
0.347
0.534
0.304
0.328
0.448
0.419
0.434
0.377
0.251
0.272
0.525
0.502
0.197
0.118
0.068
0.059
0.166
0.223
0.194
0.153
0.102
0.087
0.107
0.106
0.345
0.518
0.319
0.323
0.448
0.44
0.441
0.376
0.263
0.303
0.552
0.498
0.194
0.112
0.067
0.058
0.155
0.223
0.203
0.155
0.125
0.095
0.102
0.1
0.335
0.534
0.312
0.316
0.438
0.416
0.433
0.389
0.28
0.317
0.565
0.505
0.185
0.106
0.066
0.058
0.169
0.225
0.2
0.145
0.118
0.102
0.11
0.096
0.312
0.537
0.302
0.308
0.415
0.396
0.431
0.38
0.283
0.339
0.583
0.488
0.174
0.101
0.064
0.058
0.157
0.222
0.205
0.144
0.112
0.093
0.105
0.098
0.326
0.508
0.299
0.318
0.432
0.386
0.419
0.371
0.263
0.31
0.58
0.496
0.173
0.096
0.064
0.055
0.145
0.206
0.222
0.152
0.104
0.09
0.118
0.099
0.333
0.487
0.287
0.312
0.441
0.381
0.406
0.376
0.28
0.316
0.578
0.491
0.182
0.092
0.063
0.055
0.152
0.211
0.229
0.166
0.104
0.087
0.112
0.095
0.33
0.482
0.289
0.313
0.418
0.393
0.4
0.369
0.262
0.324
0.596
0.485
0.194
0.096
0.063
0.056
0.167
0.221
0.226
0.154
0.097
0.084
0.131
0.096
0.328
0.477
0.3
0.316
0.444
0.399
0.407
0.385
0.273
0.333
0.591
0.483
0.204
0.097
0.062
0.055
0.172
0.23
0.21
0.144
0.107
0.094
0.124
0.099
0.342
0.471
0.301
0.316
0.432
0.405
0.417
0.385
0.284
0.351
0.595
0.477
0.216
0.104
0.062
0.056
0.192
0.234
0.199
0.135
0.1
0.087
0.124
0.094
0.328
0.486
0.297
0.31
0.412
0.404
0.422
0.394
0.304
0.354
0.603
0.492
0.217
0.099
0.058
0.056
0.211
0.236
0.202
0.124
0.096
0.084
0.118
0.087
0.299
0.491
0.308
0.304
0.397
0.386
0.399
0.385
0.304
0.354
0.619
0.488
0.224
0.112
0.059
0.056
0.195
0.217
0.222
0.122
0.093
0.082
0.107
0.108
0.329
0.487
0.303
0.293
0.408
0.383
0.411
0.375
0.279
0.328
0.641
0.48
0.225
0.106
0.058
0.056
0.2
0.222
0.236
0.117
0.089
0.08
0.1
0.108
0.332
0.468
0.3
0.305
0.442
0.39
0.403
0.368
0.299
0.339
0.65
0.49
0.207
0.1
0.057
0.056
0.204
0.229
0.222
0.108
0.086
0.101
0.103
0.098
0.319
0.463
0.296
0.31
0.445
0.396
0.412
0.381
0.277
0.31
0.623
0.5
0.217
0.121
0.057
0.053
0.189
0.245
0.231
0.12
0.082
0.094
0.097
0.123
0.318
0.456
0.291
0.311
0.455
0.407
0.411
0.379
0.301
0.335
0.629
0.504
0.223
0.114
0.056
0.053
0.175
0.253
0.23
0.121
0.08
0.09
0.089
0.115
0.336
0.442
0.289
0.328
0.462
0.429
0.422
0.391
0.278
0.329
0.654
0.503
0.225
0.107
0.055
0.053
0.181
0.257
0.211
0.114
0.077
0.085
0.109
0.11
0.319
0.469
0.305
0.325
0.463
0.414
0.438
0.399
0.3
0.365
0.686
0.531
0.217
0.102
0.056
0.053
0.196
0.238
0.193
0.108
0.093
0.097
0.103
0.1
0.306
0.481
0.329
0.325
0.446
0.402
0.423
0.388
0.31
0.37
0.673
0.533
0.226
0.111
0.055
0.053
0.181
0.216
0.19
0.123
0.113
0.113
0.119
0.096
0.3
0.487
0.339
0.331
0.461
0.418
0.433
0.398
0.289
0.356
0.666
0.555
0.228
0.105
0.055
0.053
0.168
0.199
0.199
0.14
0.108
0.103
0.113
0.115
0.324
0.48
0.348
0.336
0.479
0.427
0.467
0.409
0.301
0.375
0.685
0.563
0.229
0.103
0.055
0.053
0.17
0.207
0.19
0.138
0.098
0.098
0.117
0.119
0.359
0.468
0.36
0.333
0.478
0.437
0.474
0.415
0.311
0.377
0.671
0.564
0.237
0.099
0.056
0.055
0.159
0.22
0.198
0.137
0.095
0.097
0.106
0.118
0.396
0.476
0.352
0.341
0.496
0.444
0.478
0.42
0.337
0.382
0.646
0.551
0.256
0.132
0.093
0.088
0.185
0.242
0.222
0.165
0.131
0.128
0.141
0.151
0.398
0.474
0.357
0.351
0.485
0.443
0.47
0.42
0.347
0.382
0.627
0.535
0.277
0.159
0.127
0.121
0.205
0.264
0.24
0.194
0.16
0.157
0.174
0.177
0.399
0.475
0.362
0.36
0.481
0.439
0.469
0.418
0.352
0.39
0.604
0.52
0.295
0.182
0.156
0.153
0.224
0.283
0.257
0.216
0.192
0.182
0.198
0.207
0.4
0.468
0.374
0.364
0.492
0.457
0.469
0.441
0.363
0.4
0.608
0.513
0.285
0.172
0.143
0.143
0.207
0.26
0.256
0.221
0.2
0.165
0.185
0.196
0.396
0.476
0.362
0.371
0.514
0.463
0.473
0.446
0.332
0.365
0.596
0.531
0.287
0.184
0.158
0.155
0.199
0.24
0.236
0.22
0.204
0.164
0.172
0.176
0.411
0.486
0.462
0.469
0.539
0.467
0.481
0.451
0.338
0.381
0.62
0.547
0.281
0.187
0.174
0.153
0.206
0.221
0.234
0.209
0.192
0.161
0.16
0.16
0.409
0.472
0.444
0.47
0.539
0.473
0.489
0.458
0.36
0.404
0.642
0.563
0.285
0.199
0.188
0.149
0.212
0.229
0.218
0.196
0.177
0.153
0.171
0.197
0.425
0.474
0.426
0.454
0.535
0.476
0.493
0.458
0.356
0.391
0.605
0.533
0.284
0.204
0.197
0.162
0.214
0.234
0.224
0.201
0.189
0.163
0.184
0.202
0.413
0.452
0.414
0.433
0.512
0.487
0.499
0.487
0.374
0.405
0.606
0.543
0.286
0.19
0.184
0.153
0.195
0.233
0.225
0.196
0.172
0.154
0.168
0.224
0.391
0.471
0.436
0.421
0.506
0.469
0.515
0.491
0.39
0.422
0.628
0.547
0.263
0.177
0.171
0.144
0.193
0.238
0.214
0.203
0.161
0.145
0.157
0.231
0.378
0.455
0.434
0.404
0.504
0.453
0.508
0.505
0.385
0.391
0.616
0.544
0.243
0.166
0.161
0.136
0.18
0.221
0.196
0.217
0.177
0.151
0.144
0.213
0.386
0.467
0.422
0.398
0.5
0.452
0.506
0.501
0.353
0.358
0.597
0.565
0.23
0.156
0.147
0.128
0.169
0.202
0.2
0.223
0.169
0.167
0.132
0.2
0.407
0.459
0.433
0.385
0.495
0.468
0.5
0.495
0.363
0.353
0.587
0.554
0.252
0.187
0.176
0.131
0.158
0.205
0.188
0.207
0.155
0.162
0.124
0.181
0.392
0.477
0.446
0.393
0.466
0.427
0.451
0.451
0.333
0.319
0.535
0.499
0.26
0.193
0.171
0.12
0.143
0.209
0.185
0.189
0.147
0.146
0.112
0.201
0.412
0.486
0.449
0.376
0.464
0.427
0.456
0.45
0.346
0.337
0.529
0.517
0.272
0.177
0.159
0.114
0.135
0.189
0.192
0.199
0.16
0.138
0.102
0.209
0.431
0.477
0.433
0.369
0.484
0.429
0.47
0.449
0.358
0.337
0.525
0.513
0.273
0.176
0.149
0.123
0.131
0.171
0.179
0.215
0.164
0.153
0.095
0.195
0.404
0.483
0.449
0.359
0.474
0.406
0.47
0.466
0.371
0.353
0.511
0.525
0.278
0.179
0.14
0.115
0.121
0.16
0.203
0.209
0.152
0.144
0.093
0.211
0.387
0.49
0.462
0.357
0.471
0.399
0.473
0.467
0.368
0.355
0.523
0.527
0.281
0.169
0.132
0.11
0.115
0.174
0.213
0.192
0.142
0.136
0.105
0.209
0.411
0.464
0.455
0.36
0.49
0.409
0.481
0.453
0.339
0.325
0.515
0.532
0.264
0.157
0.124
0.104
0.128
0.183
0.209
0.175
0.131
0.135
0.095
0.194
0.419
0.468
0.439
0.351
0.488
0.413
0.48
0.438
0.318
0.329
0.523
0.534
0.268
0.151
0.117
0.099
0.129
0.192
0.203
0.162
0.121
0.132
0.087
0.181
0.42
0.456
0.421
0.365
0.5
0.416
0.465
0.435
0.331
0.346
0.521
0.516
0.27
0.141
0.111
0.093
0.144
0.184
0.188
0.148
0.114
0.125
0.091
0.169
0.389
0.476
0.412
0.334
0.452
0.381
0.423
0.421
0.504
0.374
0.521
0.514
0.253
0.134
0.104
0.087
0.135
0.195
0.195
0.165
0.114
0.117
0.103
0.185
0.415
0.451
0.398
0.328
0.428
0.386
0.428
0.42
0.485
0.371
0.536
0.516
0.237
0.127
0.099
0.083
0.149
0.197
0.183
0.153
0.108
0.111
0.134
0.193
0.443
0.466
0.401
0.319
0.399
0.353
0.426
0.428
0.473
0.363
0.553
0.515
0.221
0.119
0.095
0.08
0.14
0.183
0.193
0.18
0.108
0.102
0.127
0.179
0.429
0.47
0.404
0.314
0.381
0.339
0.4
0.405
0.451
0.343
0.543
0.517
0.204
0.112
0.09
0.078
0.16
0.191
0.178
0.168
0.102
0.098
0.12
0.165
0.406
0.463
0.408
0.312
0.4
0.35
0.402
0.393
0.413
0.316
0.533
0.511
0.19
0.105
0.087
0.076
0.149
0.177
0.172
0.17
0.117
0.094
0.111
0.173
0.403
0.456
0.392
0.316
0.391
0.365
0.405
0.382
0.405
0.319
0.532
0.503
0.177
0.099
0.081
0.073
0.157
0.188
0.16
0.157
0.108
0.091
0.13
0.171
0.408
0.465
0.379
0.309
0.408
0.368
0.4
0.401
0.42
0.324
0.543
0.497
0.171
0.096
0.08
0.072
0.149
0.176
0.181
0.165
0.104
0.088
0.148
0.193
0.432
0.456
0.375
0.31
0.415
0.378
0.394
0.39
0.414
0.343
0.556
0.511
0.171
0.092
0.077
0.07
0.138
0.19
0.178
0.152
0.099
0.085
0.142
0.18
0.444
0.56
0.393
0.312
0.421
0.397
0.389
0.382
0.403
0.344
0.541
0.503
0.159
0.088
0.075
0.069
0.125
0.177
0.191
0.166
0.09
0.106
0.134
0.163
0.445
0.556
0.409
0.313
0.426
0.405
0.388
0.382
0.408
0.359
0.545
0.511
0.161
0.086
0.073
0.067
0.118
0.163
0.2
0.177
0.091
0.101
0.126
0.195
0.428
0.626
0.411
0.31
0.412
0.386
0.388
0.373
0.403
0.37
0.556
0.523
0.15
0.082
0.072
0.067
0.132
0.152
0.189
0.162
0.085
0.097
0.119
0.19
0.429
0.616
0.397
0.309
0.432
0.392
0.396
0.381
0.374
0.338
0.539
0.521
0.161
0.079
0.07
0.066
0.154
0.154
0.174
0.149
0.082
0.095
0.11
0.176
0.448
0.579
0.399
0.313
0.448
0.411
0.403
0.384
0.368
0.344
0.547
0.523
0.164
0.076
0.068
0.064
0.143
0.17
0.174
0.139
0.079
0.091
0.101
0.163
0.453
0.543
0.397
0.316
0.437
0.427
0.395
0.387
0.372
0.349
0.535
0.538
0.196
0.08
0.066
0.063
0.134
0.18
0.176
0.128
0.075
0.104
0.096
0.153
0.445
0.522
0.393
0.312
0.442
0.452
0.415
0.393
0.373
0.351
0.545
0.527
0.201
0.08
0.066
0.063
0.126
0.194
0.17
0.143
0.073
0.099
0.093
0.14
0.447
0.497
0.389
0.324
0.446
0.454
0.407
0.384
0.384
0.368
0.552
0.521
0.201
0.078
0.064
0.063
0.132
0.205
0.174
0.132
0.07
0.095
0.12
0.131
0.426
0.504
0.405
0.315
0.43
0.453
0.407
0.394
0.39
0.361
0.536
0.541
0.199
0.075
0.063
0.062
0.142
0.213
0.172
0.125
0.068
0.09
0.126
0.142
0.417
0.511
0.406
0.305
0.408
0.428
0.387
0.376
0.376
0.364
0.549
0.517
0.209
0.099
0.074
0.061
0.133
0.197
0.16
0.123
0.063
0.087
0.119
0.131
0.435
0.511
0.388
0.306
0.426
0.432
0.379
0.372
0.345
0.361
0.554
0.517
0.22
0.111
0.072
0.06
0.125
0.181
0.147
0.14
0.078
0.083
0.108
0.142
0.44
0.488
0.391
0.307
0.445
0.421
0.371
0.364
0.347
0.374
0.557
0.516
0.204
0.105
0.07
0.059
0.118
0.168
0.138
0.169
0.094
0.084
0.101
0.147
0.446
0.508
0.377
0.321
0.45
0.434
0.368
0.36
0.345
0.379
0.567
0.524
0.192
0.103
0.071
0.061
0.113
0.18
0.144
0.158
0.09
0.08
0.096
0.139
0.455
0.487
0.378
0.32
0.451
0.435
0.368
0.354
0.353
0.389
0.573
0.514
0.179
0.099
0.069
0.06
0.106
0.194
0.155
0.148
0.087
0.077
0.117
0.134
0.439
0.479
0.365
0.317
0.454
0.428
0.361
0.348
0.326
0.356
0.567
0.511
0.166
0.095
0.067
0.058
0.101
0.18
0.16
0.16
0.085
0.075
0.109
0.15
0.432
0.489
0.366
0.311
0.432
0.403
0.355
0.343
0.341
0.375
0.562
0.522
0.168
0.091
0.066
0.058
0.096
0.198
0.17
0.149
0.082
0.073
0.103
0.138
0.44
0.479
0.352
0.327
0.427
0.39
0.35
0.351
0.349
0.378
0.562
0.532
0.161
0.086
0.064
0.057
0.112
0.207
0.164
0.139
0.079
0.078
0.099
0.129
0.439
0.467
0.339
0.332
0.431
0.39
0.347
0.346
0.323
0.362
0.547
0.546
0.171
0.084
0.062
0.056
0.105
0.211
0.171
0.131
0.076
0.075
0.09
0.132
0.444
0.468
0.328
0.33
0.434
0.398
0.358
0.342
0.337
0.377
0.543
0.55
0.184
0.081
0.062
0.056
0.101
0.212
0.184
0.134
0.073
0.072
0.088
0.139
0.449
0.462
0.32
0.336
0.438
0.408
0.5
0.348
0.352
0.391
0.527
0.548
0.176
0.079
0.062
0.055
0.096
0.197
0.173
0.127
0.091
0.084
0.087
0.13
0.461
0.447
0.325
0.337
0.44
0.431
0.484
0.344
0.358
0.403
0.534
0.532
0.175
0.077
0.06
0.053
0.109
0.206
0.161
0.12
0.085
0.079
0.084
0.143
0.462
0.45
0.318
0.355
0.443
0.435
0.474
0.338
0.368
0.396
0.522
0.529
0.169
0.074
0.059
0.053
0.103
0.217
0.168
0.112
0.082
0.077
0.081
0.141
0.441
0.467
0.334
0.345
0.413
0.424
0.473
0.354
0.379
0.482
0.522
0.56
0.19
0.073
0.058
0.053
0.098
0.211
0.179
0.125
0.079
0.075
0.078
0.13
0.416
0.461
0.327
0.349
0.394
0.413
0.444
0.36
0.389
0.485
0.523
0.567
0.19
0.07
0.057
0.053
0.107
0.217
0.174
0.126
0.085
0.072
0.072
0.122
0.409
0.458
0.317
0.355
0.4
0.416
0.435
0.354
0.36
0.442
0.515
0.574
0.19
0.069
0.058
0.053
0.101
0.2
0.16
0.139
0.106
0.078
0.071
0.115
0.422
0.44
0.316
0.366
0.406
0.433
0.424
0.362
0.359
0.449
0.52
0.555
0.176
0.069
0.059
0.05
0.108
0.21
0.16
0.127
0.102
0.076
0.066
0.137
0.427
0.417
0.327
0.357
0.415
0.425
0.456
0.374
0.364
0.448
0.524
0.571
0.187
0.067
0.058
0.052
0.105
0.196
0.15
0.12
0.097
0.089
0.088
0.132
0.411
0.404
0.338
0.357
0.434
0.418
0.45
0.372
0.377
0.451
0.528
0.562
0.182
0.066
0.058
0.052
0.099
0.18
0.167
0.124
0.093
0.086
0.081
0.144
0.42
0.39
0.347
0.355
0.439
0.434
0.45
0.379
0.37
0.453
0.539
0.546
0.168
0.064
0.057
0.052
0.094
0.184
0.18
0.13
0.085
0.082
0.079
0.134
0.428
0.412
0.4
0.343
0.417
0.435
0.448
0.376
0.379
0.456
0.544
0.537
0.162
0.064
0.057
0.053
0.089
0.168
0.17
0.155
0.081
0.08
0.072
0.127
0.429
0.408
0.383
0.333
0.411
0.431
0.412
0.344
0.345
0.413
0.495
0.489
0.149
0.063
0.07
0.048
0.087
0.157
0.155
0.163
0.083
0.079
0.066
0.121
0.412
0.427
0.368
0.324
0.432
0.421
0.404
0.341
0.317
0.377
0.49
0.519
0.155
0.062
0.068
0.049
0.083
0.147
0.143
0.18
0.094
0.077
0.06
0.115
0.427
0.414
0.371
0.326
0.435
0.426
0.411
0.352
0.324
0.382
0.498
0.516
0.149
0.061
0.066
0.048
0.078
0.137
0.134
0.19
0.115
0.076
0.06
0.13
0.434
0.424
0.343
0.317
0.447
0.429
0.403
0.346
0.324
0.397
0.506
0.527
0.158
0.065
0.068
0.052
0.08
0.156
0.151
0.184
0.114
0.077
0.077
0.138
0.439
0.543
0.396
0.334
0.467
0.431
0.396
0.341
0.342
0.404
0.496
0.523
0.158
0.064
0.067
0.054
0.077
0.143
0.158
0.195
0.116
0.076
0.076
0.126
0.458
0.528
0.379
0.337
0.468
0.445
0.394
0.352
0.352
0.4
0.482
0.527
0.158
0.064
0.067
0.054
0.075
0.135
0.148
0.222
0.131
0.074
0.071
0.148
0.449
0.526
0.386
0.326
0.458
0.437
0.391
0.348
0.362
0.402
0.467
0.531
0.155
0.063
0.066
0.054
0.074
0.127
0.157
0.227
0.131
0.073
0.07
0.151
0.425
0.509
0.37
0.315
0.438
0.434
0.387
0.361
0.359
0.398
0.455
0.538
0.158
0.062
0.065
0.055
0.086
0.142
0.165
0.211
0.124
0.07
0.071
0.142
0.441
0.477
0.358
0.305
0.416
0.448
0.379
0.369
0.365
0.41
0.459
0.537
0.153
0.063
0.066
0.057
0.115
0.152
0.155
0.192
0.13
0.076
0.069
0.152
0.424
0.472
0.346
0.3
0.434
0.44
0.37
0.361
0.371
0.42
0.456
0.532
0.143
0.062
0.065
0.057
0.109
0.143
0.146
0.179
0.121
0.096
0.085
0.144
0.418
0.467
0.335
0.303
0.456
0.443
0.381
0.371
0.367
0.412
0.445
0.544
0.147
0.063
0.066
0.058
0.105
0.16
0.148
0.168
0.116
0.089
0.083
0.136
0.409
0.452
0.339
0.304
0.468
0.43
0.373
0.432
0.47
0.424
0.436
0.551
0.143
0.063
0.066
0.058
0.097
0.15
0.14
0.153
0.14
0.104
0.085
0.127
0.433
0.449
0.36
0.297
0.46
0.435
0.368
0.418
0.43
0.387
0.418
0.547
0.137
0.062
0.065
0.058
0.093
0.172
0.136
0.144
0.132
0.097
0.099
0.12
0.428
0.463
0.358
0.29
0.436
0.441
0.361
0.407
0.418
0.395
0.427
0.548
0.141
0.062
0.065
0.058
0.091
0.159
0.129
0.169
0.146
0.106
0.096
0.11
0.438
0.448
0.357
0.283
0.434
0.421
0.359
0.396
0.409
0.407
0.437
0.536
0.132
0.062
0.064
0.057
0.086
0.149
0.176
0.178
0.154
0.123
0.117
0.118
0.446
0.429
0.358
0.286
0.437
0.426
0.369
0.4
0.377
0.372
0.416
0.548
0.142
0.062
0.064
0.056
0.083
0.175
0.168
0.167
0.144
0.116
0.112
0.149
0.439
0.425
0.361
0.293
0.456
0.416
0.364
0.389
0.37
0.382
0.427
0.547
0.142
0.063
0.064
0.056
0.079
0.162
0.182
0.172
0.136
0.111
0.107
0.156
0.449
0.407
0.363
0.3
0.457
0.43
0.357
0.379
0.368
0.393
0.427
0.543
0.148
0.062
0.062
0.056
0.077
0.152
0.185
0.177
0.128
0.101
0.104
0.154
0.457
0.388
0.374
0.298
0.458
0.435
0.372
0.392
0.361
0.384
0.434
0.529
0.139
0.062
0.062
0.056
0.076
0.176
0.175
0.161
0.121
0.097
0.099
0.144
0.497
0.39
0.359
0.298
0.47
0.437
0.37
0.382
0.355
0.377
0.438
0.538
0.136
0.061
0.061
0.056
0.074
0.186
0.187
0.156
0.114
0.094
0.096
0.156
0.484
0.41
0.354
0.294
0.448
0.437
0.395
0.374
0.362
0.386
0.432
0.536
0.143
0.061
0.061
0.057
0.073
0.19
0.195
0.144
0.109
0.091
0.116
0.148
0.438
0.411
0.342
0.287
0.434
0.44
0.395
0.371
0.361
0.382
0.424
0.528
0.133
0.06
0.061
0.057
0.07
0.176
0.18
0.166
0.112
0.087
0.11
0.153
0.445
0.426
0.345
0.298
0.449
0.435
0.401
0.363
0.332
0.348
0.402
0.536
0.136
0.059
0.06
0.056
0.069
0.164
0.2
0.179
0.106
0.084
0.104
0.169
0.428
0.424
0.34
0.293
0.429
0.423
0.406
0.36
0.348
0.365
0.402
0.535
0.134
0.061
0.062
0.057
0.068
0.153
0.224
0.175
0.101
0.081
0.1
0.186
0.422
0.399
0.341
0.287
0.422
0.433
0.398
0.356
0.344
0.36
0.396
0.531
0.146
0.056
0.061
0.058
0.067
0.14
0.207
0.164
0.109
0.098
0.096
0.186
0.411
0.408
0.35
0.28
0.439
0.42
0.391
0.353
0.34
0.358
0.393
0.51
0.144
0.055
0.06
0.057
0.066
0.132
0.222
0.166
0.102
0.091
0.091
0.203
0.399
0.389
0.351
0.279
0.51
0.424
0.386
0.348
0.312
0.328
0.382
0.524
0.138
0.055
0.059
0.057
0.08
0.146
0.208
0.174
0.097
0.088
0.086
0.189
0.408
0.397
0.358
0.274
0.495
0.427
0.393
0.344
0.311
0.306
0.348
0.5
0.194
0.1
0.064
0.056
0.077
0.136
0.193
0.161
0.123
0.091
0.083
0.2
0.421
0.377
0.361
0.263
0.463
0.393
0.372
0.343
0.29
0.292
0.345
0.511
0.187
0.096
0.063
0.055
0.088
0.148
0.178
0.15
0.114
0.113
0.089
0.188
0.427
0.373
0.347
0.247
0.424
0.36
0.341
0.314
0.266
0.267
0.317
0.466
0.179
0.092
0.062
0.055
0.098
0.143
0.164
0.141
0.109
0.107
0.086
0.172
0.44
0.358
0.348
0.251
0.433
0.355
0.339
0.311
0.27
0.28
0.333
0.48
0.17
0.088
0.06
0.054
0.092
0.156
0.153
0.132
0.103
0.102
0.096
0.168
0.423
0.358
0.347
0.25
0.431
0.35
0.336
0.308
0.272
0.282
0.334
0.481
0.168
0.084
0.06
0.054
0.088
0.146
0.171
0.14
0.098
0.095
0.089
0.181
0.43
0.345
0.335
0.248
0.434
0.346
0.333
0.326
0.273
0.286
0.333
0.478
0.17
0.081
0.059
0.054
0.085
0.137
0.19
0.141
0.109
0.091
0.086
0.177
0.425
0.347
0.351
0.235
0.431
0.341
0.328
0.313
0.251
0.263
0.304
0.465
0.206
0.101
0.082
0.061
0.08
0.148
0.192
0.133
0.103
0.087
0.083
0.19
0.416
0.363
0.346
0.217
0.406
0.326
0.327
0.318
0.232
0.26
0.305
0.466
0.201
0.097
0.079
0.06
0.078
0.172
0.201
0.144
0.098
0.083
0.08
0.215
0.402
0.364
0.334
0.206
0.386
0.302
0.325
0.317
0.243
0.266
0.301
0.424
0.186
0.092
0.077
0.057
0.074
0.175
0.209
0.158
0.097
0.078
0.112
0.249
0.385
0.362
0.325
0.227
0.387
0.313
0.298
0.291
0.224
0.242
0.3
0.414
0.175
0.089
0.075
0.054
0.084
0.163
0.196
0.163
0.097
0.076
0.125
0.306
0.367
0.352
0.314
0.226
0.37
0.303
0.29
0.284
0.223
0.239
0.291
0.393
0.192
0.086
0.072
0.051
0.079
0.164
0.183
0.153
0.088
0.086
0.145
0.328
0.366
0.349
0.309
0.262
0.363
0.302
0.291
0.288
0.249
0.259
0.296
0.362
0.178
0.082
0.069
0.069
0.095
0.157
0.17
0.142
0.088
0.097
0.145
0.343
0.35
0.337
0.312
0.278
0.387
0.304
0.291
0.484
0.281
0.279
0.306
0.355
0.173
0.078
0.067
0.09
0.112
0.147
0.159
0.13
0.083
0.093
0.157
0.343
0.35
0.335
0.312
0.295
0.398
0.303
0.291
0.469
0.288
0.284
0.34
0.344
0.164
0.077
0.068
0.107
0.108
0.139
0.15
0.127
0.082
0.088
0.164
0.375
0.372
0.353
0.325
0.287
0.396
0.33
0.293
0.462
0.299
0.292
0.338
0.319
0.152
0.075
0.067
0.102
0.102
0.156
0.14
0.119
0.092
0.09
0.16
0.366
0.372
0.349
0.314
0.28
0.377
0.318
0.284
0.437
0.29
0.284
0.327
0.31
0.157
0.087
0.081
0.112
0.113
0.163
0.148
0.128
0.103
0.102
0.167
0.364
0.371
0.344
0.293
0.257
0.345
0.291
0.261
0.398
0.266
0.261
0.3
0.284
0.161
0.083
0.078
0.106
0.107
0.167
0.148
0.121
0.098
0.11
0.153
0.36
0.357
0.34
0.269
0.278
0.356
0.297
0.261
0.364
0.247
0.246
0.302
0.264
0.15
0.08
0.075
0.1
0.114
0.176
0.155
0.139
0.099
0.105
0.177
0.366
0.354
0.33
0.253
0.279
0.349
0.298
0.279
0.373
0.256
0.253
0.306
0.268
0.146
0.077
0.073
0.099
0.136
0.175
0.175
0.132
0.093
0.098
0.19
0.379
0.346
0.327
0.26
0.286
0.348
0.311
0.297
0.366
0.262
0.259
0.305
0.248
0.136
0.074
0.071
0.113
0.151
0.17
0.163
0.149
0.104
0.096
0.207
0.382
0.329
0.304
0.244
0.274
0.343
0.322
0.312
0.364
0.268
0.278
0.308
0.254
0.143
0.072
0.069
0.107
0.171
0.173
0.152
0.154
0.115
0.092
0.213
0.491
0.341
0.302
0.241
0.256
0.316
0.312
0.31
0.334
0.246
0.277
0.309
0.245
0.134
0.07
0.067
0.101
0.177
0.184
0.168
0.147
0.114
0.088
0.217
0.47
0.344
0.301
0.226
0.238
0.304
0.292
0.307
0.332
0.252
0.28
0.322
0.227
0.125
0.068
0.065
0.096
0.178
0.194
0.157
0.138
0.126
0.091
0.222
0.461
0.348
0.301
0.223
0.244
0.306
0.294
0.305
0.328
0.258
0.285
0.32
0.209
0.118
0.066
0.064
0.091
0.189
0.199
0.147
0.129
0.119
0.108
0.236
0.458
0.345
0.293
0.23
0.225
0.28
0.297
0.304
0.343
0.27
0.292
0.32
0.198
0.111
0.065
0.063
0.087
0.209
0.197
0.15
0.127
0.112
0.114
0.255
0.474
0.366
0.286
0.23
0.232
0.287
0.332
0.331
0.34
0.285
0.293
0.314
0.183
0.106
0.065
0.062
0.084
0.193
0.182
0.164
0.144
0.125
0.114
0.325
0.475
0.362
0.292
0.232
0.258
0.305
0.347
0.327
0.337
0.287
0.297
0.317
0.185
0.101
0.063
0.062
0.079
0.193
0.18
0.172
0.135
0.118
0.113
0.323
0.471
0.358
0.285
0.237
0.276
0.319
0.342
0.327
0.334
0.288
0.298
0.329
0.175
0.096
0.062
0.061
0.076
0.179
0.185
0.161
0.141
0.109
0.105
0.344
0.48
0.377
0.283
0.22
0.266
0.306
0.334
0.324
0.343
0.296
0.304
0.332
0.172
0.092
0.061
0.06
0.077
0.18
0.172
0.151
0.135
0.104
0.1
0.341
0.467
0.377
0.287
0.206
0.246
0.291
0.319
0.323
0.316
0.27
0.301
0.34
0.164
0.088
0.06
0.059
0.075
0.181
0.184
0.164
0.127
0.099
0.115
0.36
0.485
0.373
0.361
0.299
0.317
0.337
0.338
0.322
0.293
0.249
0.311
0.361
0.179
0.1
0.059
0.059
0.073
0.191
0.192
0.153
0.119
0.094
0.132
0.328
0.491
0.37
0.346
0.29
0.306
0.325
0.35
0.318
0.294
0.272
0.312
0.359
0.174
0.095
0.058
0.071
0.094
0.201
0.193
0.143
0.113
0.09
0.124
0.325
0.518
0.36
0.353
0.281
0.285
0.322
0.336
0.355
0.312
0.293
0.317
0.362
0.191
0.095
0.061
0.072
0.095
0.228
0.192
0.136
0.121
0.091
0.12
0.354
0.525
0.347
0.332
0.259
0.263
0.334
0.342
0.367
0.324
0.295
0.319
0.362
0.19
0.091
0.061
0.071
0.091
0.211
0.195
0.151
0.139
0.086
0.115
0.389
0.517
0.352
0.332
0.255
0.274
0.334
0.351
0.362
0.301
0.277
0.319
0.362
0.189
0.088
0.06
0.07
0.088
0.224
0.204
0.162
0.131
0.084
0.112
0.375
0.572
0.362
0.342
0.252
0.274
0.321
0.345
0.373
0.321
0.285
0.319
0.381
0.184
0.085
0.06
0.068
0.086
0.209
0.19
0.152
0.145
0.099
0.114
0.38
0.558
0.361
0.329
0.235
0.254
0.311
0.316
0.367
0.298
0.262
0.316
0.387
0.196
0.082
0.059
0.067
0.084
0.195
0.202
0.166
0.14
0.095
0.109
0.37
0.541
0.357
0.303
0.223
0.273
0.311
0.329
0.455
0.281
0.243
0.293
0.385
0.193
0.079
0.059
0.068
0.082
0.181
0.214
0.173
0.136
0.091
0.125
0.383
0.549
0.344
0.281
0.206
0.298
0.311
0.326
0.439
0.284
0.249
0.299
0.38
0.181
0.077
0.059
0.067
0.104
0.194
0.223
0.162
0.145
0.09
0.12
0.402
0.555
0.35
0.259
0.192
0.299
0.311
0.34
0.424
0.285
0.261
0.303
0.377
0.172
0.075
0.059
0.066
0.098
0.181
0.223
0.172
0.143
0.112
0.113
0.413
0.567
0.338
0.239
0.179
0.276
0.29
0.345
0.429
0.288
0.266
0.311
0.374
0.163
0.073
0.059
0.066
0.114
0.17
0.21
0.161
0.134
0.108
0.126
0.423
0.589
0.318
0.245
0.186
0.278
0.305
0.34
0.415
0.289
0.27
0.325
0.374
0.152
0.072
0.059
0.064
0.138
0.169
0.195
0.151
0.127
0.125
0.131
0.444
0.601
0.309
0.226
0.173
0.256
0.283
0.332
0.418
0.293
0.291
0.327
0.371
0.155
0.071
0.061
0.065
0.13
0.158
0.181
0.163
0.14
0.123
0.124
0.432
0.581
0.32
0.233
0.162
0.262
0.266
0.335
0.424
0.305
0.294
0.344
0.366
0.148
0.071
0.06
0.064
0.122
0.178
0.204
0.164
0.135
0.131
0.126
0.44
0.648
0.391
0.236
0.162
0.256
0.268
0.332
0.422
0.321
0.301
0.357
0.356
0.148
0.071
0.058
0.062
0.14
0.191
0.216
0.157
0.128
0.125
0.122
0.471
0.62
0.412
0.232
0.153
0.263
0.288
0.347
0.408
0.34
0.306
0.352
0.352
0.165
0.077
0.058
0.062
0.131
0.194
0.224
0.151
0.121
0.118
0.133
0.468
0.605
0.405
0.26
0.164
0.279
0.294
0.345
0.399
0.35
0.318
0.352
0.352
0.16
0.076
0.059
0.062
0.144
0.183
0.21
0.154
0.115
0.112
0.14
0.459
0.603
0.4
0.27
0.164
0.295
0.296
0.343
0.389
0.349
0.321
0.353
0.353
0.151
0.074
0.059
0.061
0.171
0.19
0.196
0.145
0.11
0.131
0.143
0.466
0.589
0.394
0.256
0.161
0.311
0.298
0.341
0.381
0.359
0.325
0.353
0.353
0.166
0.096
0.064
0.061
0.183
0.177
0.182
0.137
0.105
0.144
0.135
0.425
0.58
0.419
0.275
0.181
0.298
0.275
0.339
0.389
0.356
0.33
0.354
0.346
0.168
0.092
0.065
0.062
0.171
0.192
0.188
0.148
0.1
0.136
0.131
0.388
0.558
0.411
0.272
0.177
0.274
0.265
0.315
0.379
0.331
0.303
0.327
0.376
0.158
0.089
0.064
0.061
0.185
0.178
0.176
0.142
0.097
0.128
0.124
0.381
0.534
0.407
0.267
0.193
0.308
0.274
0.31
0.349
0.305
0.279
0.32
0.38
0.165
0.085
0.062
0.059
0.173
0.179
0.186
0.143
0.092
0.119
0.141
0.373
0.515
0.402
0.262
0.21
0.319
0.288
0.309
0.348
0.322
0.283
0.323
0.375
0.155
0.082
0.061
0.059
0.162
0.195
0.188
0.135
0.089
0.111
0.13
0.388
0.517
0.399
0.258
0.209
0.33
0.29
0.311
0.343
0.322
0.304
0.334
0.372
0.169
0.08
0.066
0.068
0.152
0.203
0.175
0.127
0.095
0.106
0.141
0.397
0.523
0.381
0.263
0.202
0.302
0.268
0.309
0.339
0.327
0.317
0.344
0.371
0.157
0.077
0.065
0.067
0.142
0.188
0.163
0.12
0.112
0.112
0.152
0.384
0.529
0.384
0.245
0.215
0.319
0.285
0.31
0.335
0.326
0.317
0.363
0.366
0.149
0.077
0.066
0.067
0.153
0.186
0.154
0.114
0.109
0.107
0.142
0.384
0.534
0.403
0.267
0.205
0.297
0.286
0.305
0.335
0.311
0.316
0.362
0.364
0.158
0.075
0.066
0.079
0.152
0.174
0.144
0.108
0.133
0.107
0.132
0.35
0.503
0.387
0.264
0.207
0.291
0.265
0.31
0.334
0.291
0.305
0.373
0.362
0.151
0.074
0.065
0.077
0.143
0.171
0.159
0.103
0.125
0.102
0.125
0.334
0.507
0.383
0.26
0.216
0.299
0.268
0.309
0.331
0.275
0.288
0.367
0.359
0.15
0.073
0.065
0.076
0.134
0.18
0.163
0.098
0.119
0.101
0.119
0.307
0.496
0.376
0.24
0.201
0.299
0.271
0.309
0.334
0.291
0.292
0.364
0.356
0.148
0.074
0.066
0.075
0.126
0.168
0.152
0.095
0.115
0.096
0.136
0.296
0.49
0.371
0.253
0.201
0.302
0.285
0.307
0.346
0.294
0.295
0.359
0.346
0.14
0.073
0.066
0.074
0.139
0.159
0.143
0.091
0.109
0.121
0.13
0.278
0.484
0.381
0.254
0.191
0.309
0.286
0.309
0.344
0.296
0.297
0.358
0.344
0.131
0.071
0.065
0.074
0.133
0.159
0.154
0.088
0.104
0.114
0.124
0.259
0.478
0.352
0.235
0.178
0.314
0.3
0.31
0.34
0.277
0.273
0.329
0.36
0.132
0.071
0.065
0.072
0.125
0.168
0.145
0.085
0.099
0.124
0.135
0.239
0.461
0.378
0.254
0.166
0.293
0.305
0.326
0.324
0.255
0.255
0.301
0.329
0.127
0.07
0.063
0.07
0.12
0.158
0.136
0.082
0.095
0.117
0.129
0.222
0.421
0.346
0.253
0.166
0.271
0.282
0.308
0.327
0.261
0.262
0.324
0.328
0.122
0.069
0.063
0.072
0.115
0.162
0.148
0.082
0.091
0.111
0.123
0.208
0.423
0.331
0.247
0.178
0.288
0.283
0.316
0.302
0.24
0.248
0.329
0.327
0.14
0.078
0.064
0.07
0.109
0.166
0.149
0.081
0.089
0.106
0.117
0.226
0.404
0.347
0.387
0.176
0.287
0.3
0.318
0.3
0.249
0.256
0.328
0.328
0.142
0.076
0.064
0.07
0.104
0.156
0.141
0.108
0.105
0.101
0.111
0.209
0.408
0.347
0.373
0.175
0.292
0.299
0.318
0.299
0.255
0.262
0.331
0.329
0.144
0.075
0.064
0.069
0.1
0.159
0.147
0.115
0.101
0.097
0.108
0.192
0.4
0.348
0.357
0.19
0.311
0.31
0.319
0.3
0.262
0.268
0.331
0.329
0.143
0.074
0.063
0.068
0.095
0.148
0.169
0.114
0.097
0.093
0.105
0.186
0.42
0.336
0.346
0.188
0.33
0.308
0.318
0.299
0.266
0.275
0.33
0.346
0.143
0.073
0.063
0.067
0.092
0.17
0.172
0.109
0.096
0.09
0.1
0.173
0.407
0.348
0.363
0.188
0.304
0.319
0.317
0.304
0.275
0.275
0.334
0.347
0.141
0.072
0.062
0.067
0.09
0.16
0.172
0.123
0.092
0.087
0.096
0.162
0.371
0.346
0.35
0.192
0.304
0.292
0.302
0.303
0.257
0.255
0.327
0.334
0.15
0.073
0.061
0.067
0.089
0.149
0.183
0.129
0.089
0.084
0.092
0.169
0.365
0.349
0.333
0.182
0.299
0.309
0.304
0.302
0.239
0.235
0.323
0.331
0.142
0.073
0.062
0.067
0.086
0.171
0.171
0.122
0.089
0.081
0.091
0.159
0.372
0.337
0.308
0.177
0.315
0.309
0.306
0.302
0.245
0.243
0.323
0.332
0.142
0.072
0.062
0.067
0.084
0.16
0.161
0.13
0.106
0.079
0.088
0.151
0.374
0.32
0.301
0.171
0.3
0.328
0.337
0.29
0.231
0.229
0.304
0.326
0.162
0.076
0.066
0.07
0.084
0.168
0.154
0.124
0.103
0.078
0.087
0.157
0.365
0.321
0.279
0.162
0.297
0.325
0.335
0.29
0.24
0.239
0.305
0.345
0.168
0.073
0.064
0.068
0.083
0.157
0.167
0.141
0.122
0.097
0.088
0.151
0.361
0.309
0.611
0.207
0.31
0.325
0.332
0.29
0.226
0.232
0.304
0.357
0.168
0.072
0.062
0.067
0.08
0.146
0.177
0.14
0.114
0.092
0.114
0.154
0.356
0.325
0.575
0.194
0.299
0.339
0.332
0.292
0.237
0.239
0.306
0.358
0.176
0.07
0.061
0.067
0.078
0.157
0.188
0.133
0.11
0.09
0.118
0.144
0.329
0.332
0.547
0.189
0.29
0.32
0.329
0.295
0.246
0.245
0.309
0.352
0.188
0.075
0.062
0.067
0.075
0.162
0.192
0.125
0.104
0.086
0.121
0.156
0.31
0.325
0.516
0.2
0.295
0.317
0.327
0.295
0.251
0.255
0.31
0.347
0.181
0.073
0.061
0.065
0.073
0.151
0.204
0.117
0.099
0.083
0.115
0.173
0.31
0.33
0.6
0.205
0.299
0.316
0.328
0.295
0.257
0.262
0.312
0.347
0.167
0.071
0.06
0.065
0.071
0.155
0.203
0.111
0.094
0.102
0.114
0.163
0.312
0.319
0.705
0.412
0.316
0.377
0.328
0.296
0.261
0.271
0.317
0.355
0.164
0.07
0.061
0.063
0.087
0.148
0.188
0.105
0.09
0.106
0.108
0.168
0.31
0.322
0.656
0.392
0.308
0.371
0.329
0.295
0.269
0.274
0.317
0.354
0.16
0.069
0.061
0.063
0.098
0.164
0.178
0.1
0.086
0.1
0.102
0.156
0.318
0.303
0.627
0.384
0.293
0.362
0.325
0.296
0.274
0.279
0.316
0.364
0.155
0.067
0.06
0.062
0.094
0.174
0.19
0.099
0.083
0.102
0.1
0.146
0.311
0.303
0.595
0.389
0.275
0.331
0.313
0.299
0.276
0.284
0.317
0.36
0.157
0.066
0.06
0.061
0.094
0.162
0.176
0.094
0.08
0.097
0.124
0.15
0.285
0.29
0.565
0.369
0.255
0.308
0.303
0.317
0.281
0.289
0.324
0.359
0.157
0.064
0.059
0.062
0.092
0.174
0.185
0.09
0.077
0.093
0.117
0.17
0.287
0.274
0.545
0.355
0.286
0.308
0.304
0.316
0.285
0.291
0.325
0.356
0.155
0.063
0.059
0.06
0.088
0.163
0.172
0.105
0.099
0.09
0.111
0.177
0.289
0.265
0.513
0.342
0.263
0.297
0.307
0.314
0.289
0.295
0.325
0.353
0.167
0.061
0.058
0.061
0.087
0.152
0.16
0.116
0.118
0.088
0.106
0.18
0.284
0.263
0.469
0.327
0.283
0.297
0.323
0.314
0.304
0.297
0.327
0.353
0.164
0.06
0.059
0.06
0.083
0.168
0.167
0.109
0.111
0.085
0.111
0.187
0.319
0.258
0.427
0.309
0.283
0.299
0.335
0.313
0.307
0.301
0.33
0.352
0.163
0.059
0.058
0.06
0.082
0.158
0.155
0.134
0.12
0.082
0.107
0.194
0.308
0.25
0.392
0.296
0.266
0.303
0.335
0.311
0.308
0.302
0.328
0.36
0.164
0.06
0.057
0.058
0.096
0.171
0.148
0.125
0.114
0.087
0.103
0.18
0.315
0.264
0.404
0.278
0.248
0.304
0.348
0.311
0.307
0.307
0.33
0.359
0.162
0.059
0.057
0.06
0.092
0.159
0.138
0.118
0.139
0.09
0.099
0.178
0.305
0.27
0.37
0.256
0.23
0.284
0.347
0.343
0.281
0.281
0.304
0.329
0.151
0.059
0.064
0.059
0.088
0.163
0.131
0.113
0.131
0.093
0.102
0.167
0.305
0.267
0.34
0.237
0.235
0.287
0.356
0.337
0.283
0.29
0.307
0.33
0.142
0.058
0.063
0.062
0.1
0.157
0.123
0.116
0.125
0.089
0.097
0.173
0.3
0.262
0.314
0.22
0.24
0.288
0.354
0.351
0.286
0.291
0.307
0.327
0.135
0.057
0.063
0.062
0.095
0.181
0.123
0.109
0.117
0.087
0.099
0.167
0.311
0.242
0.304
0.217
0.247
0.302
0.351
0.348
0.286
0.297
0.312
0.328
0.153
0.059
0.063
0.061
0.091
0.169
0.118
0.119
0.133
0.084
0.094
0.184
0.319
0.537
0.334
0.354
0.505
0.364
0.378
0.342
0.289
0.299
0.317
0.328
0.151
0.06
0.061
0.06
0.087
0.16
0.137
0.133
0.124
0.08
0.094
0.174
0.329
0.491
0.317
0.36
0.488
0.357
0.373
0.338
0.291
0.3
0.33
0.331
0.142
0.059
0.061
0.063
0.112
0.157
0.13
0.127
0.119
0.077
0.09
0.179
0.327
0.471
0.291
0.334
0.474
0.338
0.397
0.337
0.292
0.305
0.33
0.331
0.144
0.058
0.06
0.064
0.124
0.171
0.125
0.119
0.115
0.08
0.086
0.185
0.324
0.448
0.271
0.309
0.435
0.369
0.437
0.425
0.307
0.309
0.333
0.348
0.16
0.065
0.059
0.066
0.132
0.187
0.125
0.112
0.116
0.077
0.087
0.183
0.327
0.424
0.249
0.289
0.416
0.375
0.426
0.415
0.305
0.312
0.344
0.351
0.162
0.064
0.058
0.065
0.145
0.189
0.119
0.107
0.112
0.074
0.1
0.194
0.312
0.404
0.245
0.266
0.386
0.37
0.416
0.405
0.305
0.313
0.361
0.356
0.178
0.088
0.064
0.066
0.152
0.201
0.114
0.101
0.125
0.096
0.095
0.185
0.313
0.382
0.31
0.268
0.371
0.366
0.411
0.398
0.306
0.319
0.364
0.357
0.181
0.089
0.066
0.065
0.145
0.215
0.131
0.1
0.119
0.091
0.108
0.187
0.297
0.367
0.315
0.252
0.356
0.361
0.399
0.389
0.305
0.317
0.363
0.354
0.187
0.084
0.066
0.065
0.156
0.199
0.131
0.098
0.112
0.093
0.103
0.173
0.305
0.351
0.288
0.232
0.328
0.33
0.378
0.381
0.284
0.303
0.37
0.354
0.177
0.081
0.065
0.066
0.146
0.217
0.15
0.098
0.105
0.11
0.118
0.166
0.3
0.347
0.266
0.221
0.3
0.323
0.353
0.374
0.285
0.307
0.365
0.355
0.185
0.078
0.067
0.065
0.136
0.201
0.165
0.112
0.1
0.104
0.114
0.156
0.278
0.335
0.247
0.283
0.29
0.3
0.339
0.369
0.315
0.31
0.366
0.35
0.178
0.077
0.066
0.064
0.13
0.208
0.178
0.115
0.097
0.099
0.111
0.152
0.284
0.322
0.229
0.263
0.267
0.3
0.337
0.363
0.316
0.31
0.364
0.348
0.178
0.076
0.064
0.062
0.149
0.209
0.165
0.109
0.093
0.095
0.109
0.144
0.288
0.308
0.212
0.245
0.284
0.299
0.335
0.357
0.318
0.31
0.359
0.349
0.179
0.073
0.063
0.061
0.139
0.227
0.178
0.123
0.089
0.109
0.106
0.154
0.295
0.284
0.25
0.227
0.274
0.314
0.331
0.352
0.319
0.309
0.358
0.349
0.174
0.072
0.064
0.061
0.131
0.21
0.197
0.133
0.104
0.106
0.118
0.145
0.294
0.275
0.239
0.242
0.28
0.289
0.321
0.351
0.319
0.31
0.356
0.351
0.186
0.078
0.066
0.061
0.122
0.212
0.21
0.125
0.099
0.117
0.117
0.15
0.295
0.265
0.221
0.226
0.266
0.301
0.323
0.348
0.318
0.332
0.365
0.35
0.2
0.083
0.065
0.06
0.115
0.196
0.218
0.144
0.112
0.115
0.113
0.145
0.286
0.314
0.235
0.211
0.246
0.291
0.339
0.347
0.318
0.33
0.362
0.362
0.208
0.081
0.063
0.058
0.108
0.202
0.203
0.136
0.13
0.112
0.108
0.139
0.277
0.302
0.218
0.213
0.266
0.282
0.339
0.341
0.32
0.327
0.36
0.355
0.194
0.078
0.065
0.057
0.103
0.215
0.206
0.127
0.125
0.108
0.109
0.13
0.275
0.294
0.204
0.199
0.244
0.259
0.31
0.355
0.321
0.346
0.357
0.354
0.19
0.078
0.065
0.057
0.098
0.198
0.216
0.136
0.136
0.113
0.103
0.133
0.277
0.466
0.318
0.25
0.284
0.263
0.313
0.348
0.322
0.344
0.352
0.354
0.177
0.075
0.064
0.058
0.095
0.207
0.224
0.13
0.127
0.124
0.101
0.147
0.267
0.436
0.306
0.231
0.279
0.265
0.314
0.343
0.387
0.382
0.354
0.352
0.192
0.084
0.063
0.057
0.091
0.221
0.209
0.124
0.124
0.117
0.096
0.157
0.266
0.413
0.292
0.23
0.282
0.269
0.315
0.341
0.379
0.377
0.354
0.353
0.204
0.093
0.062
0.057
0.089
0.225
0.218
0.126
0.117
0.111
0.103
0.162
0.269
0.379
0.284
0.212
0.278
0.271
0.328
0.336
0.373
0.372
0.349
0.351
0.214
0.097
0.061
0.058
0.103
0.208
0.202
0.135
0.119
0.105
0.098
0.178
0.383
0.407
0.282
0.207
0.259
0.255
0.333
0.331
0.367
0.368
0.351
0.353
0.227
0.096
0.061
0.058
0.117
0.193
0.188
0.154
0.114
0.1
0.097
0.165
0.368
0.384
0.283
0.499
0.24
0.237
0.326
0.328
0.362
0.366
0.348
0.35
0.234
0.118
0.072
0.057
0.11
0.179
0.197
0.165
0.11
0.095
0.092
0.174
0.545
0.514
0.264
0.457
0.236
0.24
0.337
0.327
0.358
0.36
0.344
0.347
0.221
0.114
0.072
0.057
0.104
0.166
0.202
0.178
0.107
0.09
0.098
0.168
0.585
0.503
0.246
0.431
0.228
0.257
0.334
0.34
0.355
0.355
0.344
0.345
0.232
0.111
0.07
0.057
0.099
0.188
0.209
0.167
0.103
0.088
0.093
0.178
0.555
0.5
0.26
0.44
0.212
0.259
0.344
0.336
0.351
0.35
0.341
0.359
0.239
0.131
0.081
0.057
0.095
0.195
0.194
0.156
0.099
0.085
0.09
0.167
0.527
0.467
0.245
0.402
0.204
0.28
0.341
0.332
0.346
0.345
0.341
0.357
0.228
0.124
0.079
0.056
0.091
0.212
0.2
0.145
0.095
0.082
0.086
0.18
0.499
0.489
0.228
0.386
0.196
0.293
0.337
0.331
0.342
0.341
0.34
0.374
0.236
0.136
0.076
0.058
0.089
0.209
0.209
0.141
0.09
0.08
0.09
0.183
0.465
0.501
0.218
0.356
0.184
0.301
0.328
0.355
0.315
0.315
0.339
0.375
0.243
0.155
0.093
0.061
0.085
0.193
0.217
0.156
0.091
0.079
0.089
0.187
0.44
0.479
0.223
0.338
0.177
0.277
0.334
0.349
0.319
0.316
0.336
0.372
0.236
0.144
0.092
0.06
0.082
0.184
0.232
0.146
0.089
0.078
0.087
0.202
0.425
0.448
0.209
0.311
0.165
0.294
0.335
0.345
0.358
0.317
0.332
0.368
0.235
0.138
0.089
0.059
0.08
0.18
0.238
0.159
0.088
0.081
0.084
0.208
0.409
0.412
0.196
0.285
0.18
0.294
0.332
0.344
0.354
0.315
0.334
0.383
0.235
0.129
0.086
0.06
0.079
0.168
0.241
0.161
0.084
0.078
0.081
0.212
0.387
0.39
0.183
0.262
0.202
0.293
0.332
0.342
0.349
0.313
0.334
0.382
0.227
0.121
0.082
0.06
0.1
0.161
0.221
0.155
0.081
0.076
0.098
0.201
0.379
0.368
0.171
0.241
0.189
0.306
0.329
0.336
0.319
0.287
0.327
0.382
0.22
0.114
0.081
0.061
0.095
0.15
0.227
0.168
0.082
0.075
0.095
0.191
0.375
0.387
0.177
0.226
0.192
0.309
0.329
0.334
0.32
0.29
0.328
0.386
0.218
0.108
0.079
0.063
0.091
0.14
0.232
0.173
0.097
0.077
0.091
0.194
0.357
0.379
0.187
0.229
0.204
0.302
0.323
0.332
0.321
0.294
0.328
0.384
0.22
0.103
0.077
0.062
0.089
0.134
0.227
0.183
0.095
0.074
0.087
0.192
0.332
0.383
0.193
0.217
0.201
0.283
0.329
0.321
0.294
0.272
0.301
0.351
0.204
0.098
0.083
0.065
0.087
0.127
0.21
0.17
0.105
0.075
0.084
0.182
0.325
0.371
0.211
0.21
0.192
0.283
0.33
0.331
0.293
0.278
0.308
0.348
0.213
0.117
0.095
0.065
0.085
0.133
0.218
0.166
0.1
0.073
0.081
0.188
0.306
0.352
0.223
0.208
0.192
0.285
0.34
0.34
0.294
0.279
0.314
0.346
0.224
0.113
0.091
0.063
0.082
0.125
0.219
0.166
0.096
0.071
0.078
0.178
0.309
0.342
0.235
0.203
0.195
0.285
0.336
0.338
0.294
0.284
0.316
0.347
0.217
0.106
0.087
0.062
0.079
0.13
0.227
0.167
0.093
0.091
0.075
0.168
0.316
0.331
0.236
0.193
0.199
0.302
0.335
0.332
0.298
0.288
0.315
0.341
0.202
0.103
0.086
0.061
0.076
0.122
0.239
0.177
0.09
0.087
0.073
0.159
0.309
0.332
0.231
0.179
0.184
0.306
0.336
0.329
0.298
0.292
0.314
0.348
0.19
0.101
0.082
0.06
0.074
0.115
0.22
0.188
0.104
0.083
0.071
0.164
0.302
0.356
0.213
0.17
0.189
0.314
0.334
0.328
0.298
0.295
0.318
0.347
0.202
0.115
0.082
0.061
0.073
0.11
0.232
0.186
0.099
0.08
0.073
0.154
0.296
0.355
0.214
0.164
0.177
0.301
0.322
0.326
0.302
0.297
0.32
0.36
0.19
0.109
0.08
0.063
0.072
0.104
0.232
0.192
0.094
0.077
0.071
0.144
0.299
0.343
0.312
0.169
0.186
0.299
0.323
0.323
0.301
0.361
0.366
0.407
0.197
0.105
0.077
0.062
0.089
0.101
0.214
0.178
0.09
0.075
0.072
0.15
0.29
0.349
0.304
0.167
0.19
0.299
0.322
0.319
0.301
0.359
0.366
0.399
0.19
0.1
0.075
0.063
0.086
0.096
0.217
0.19
0.087
0.072
0.07
0.141
0.3
0.335
0.287
0.186
0.186
0.313
0.319
0.319
0.302
0.355
0.363
0.392
0.185
0.097
0.073
0.062
0.103
0.092
0.201
0.176
0.084
0.071
0.071
0.132
0.304
0.342
0.286
0.179
0.173
0.323
0.32
0.317
0.303
0.352
0.359
0.386
0.179
0.094
0.071
0.061
0.098
0.114
0.201
0.193
0.092
0.069
0.069
0.148
0.304
0.344
0.281
0.205
0.185
0.32
0.322
0.314
0.302
0.35
0.353
0.391
0.173
0.09
0.069
0.06
0.108
0.112
0.187
0.179
0.089
0.072
0.067
0.138
0.337
0.371
0.277
0.205
0.173
0.32
0.295
0.317
0.302
0.348
0.35
0.387
0.177
0.086
0.067
0.061
0.104
0.106
0.198
0.184
0.094
0.072
0.069
0.13
0.322
0.393
0.272
0.207
0.161
0.311
0.285
0.319
0.281
0.335
0.345
0.383
0.173
0.085
0.065
0.06
0.102
0.101
0.197
0.186
0.091
0.072
0.069
0.126
0.329
0.377
0.274
0.196
0.163
0.308
0.29
0.317
0.262
0.307
0.33
0.422
0.178
0.081
0.063
0.058
0.097
0.096
0.2
0.19
0.09
0.07
0.068
0.119
0.326
0.372
0.263
0.186
0.184
0.306
0.294
0.315
0.265
0.308
0.332
0.413
0.177
0.078
0.063
0.06
0.094
0.092
0.209
0.188
0.086
0.068
0.066
0.133
0.318
0.373
0.261
0.182
0.181
0.319
0.297
0.312
0.27
0.309
0.33
0.403
0.169
0.077
0.062
0.059
0.089
0.088
0.194
0.204
0.101
0.071
0.065
0.143
0.308
0.372
0.261
0.177
0.184
0.316
0.301
0.314
0.283
0.315
0.332
0.41
0.17
0.077
0.063
0.058
0.086
0.104
0.189
0.19
0.098
0.069
0.064
0.134
0.301
0.34
0.271
0.172
0.183
0.315
0.302
0.313
0.285
0.317
0.342
0.399
0.158
0.074
0.062
0.059
0.084
0.098
0.175
0.206
0.095
0.067
0.076
0.129
0.298
0.364
0.25
0.16
0.193
0.307
0.286
0.315
0.287
0.318
0.338
0.39
0.153
0.072
0.061
0.06
0.082
0.093
0.163
0.225
0.11
0.066
0.074
0.141
0.3
0.361
0.233
0.155
0.18
0.286
0.305
0.315
0.289
0.321
0.34
0.398
0.152
0.071
0.059
0.059
0.082
0.097
0.178
0.208
0.105
0.067
0.075
0.136
0.303
0.358
0.224
0.148
0.183
0.3
0.307
0.315
0.29
0.323
0.336
0.404
0.147
0.071
0.059
0.059
0.079
0.092
0.165
0.216
0.11
0.067
0.073
0.131
0.315
0.358
0.224
0.156
0.188
0.31
0.307
0.315
0.292
0.321
0.335
0.394
0.151
0.07
0.059
0.059
0.077
0.089
0.169
0.212
0.104
0.065
0.07
0.136
0.32
0.451
0.299
0.158
0.177
0.326
0.308
0.314
0.297
0.32
0.332
0.396
0.153
0.07
0.059
0.058
0.097
0.11
0.169
0.201
0.099
0.064
0.071
0.128
0.331
0.486
0.306
0.157
0.182
0.322
0.309
0.314
0.279
0.31
0.332
0.396
0.144
0.069
0.06
0.058
0.093
0.129
0.174
0.197
0.094
0.063
0.088
0.123
0.326
0.472
0.282
0.148
0.196
0.336
0.322
0.31
0.28
0.31
0.333
0.409
0.136
0.069
0.06
0.059
0.09
0.122
0.181
0.203
0.09
0.062
0.084
0.136
0.31
0.483
0.278
0.147
0.184
0.326
0.311
0.319
0.293
0.294
0.329
0.399
0.138
0.067
0.059
0.059
0.086
0.115
0.203
0.204
0.105
0.061
0.081
0.149
0.321
0.477
0.28
0.159
0.175
0.328
0.304
0.326
0.309
0.323
0.348
0.393
0.132
0.068
0.058
0.059
0.083
0.109
0.188
0.219
0.117
0.06
0.078
0.144
0.335
0.456
0.288
0.178
0.167
0.339
0.303
0.324
0.321
0.331
0.343
0.398
0.132
0.067
0.059
0.059
0.08
0.126
0.192
0.206
0.111
0.06
0.076
0.135
0.349
0.432
0.281
0.182
0.17
0.34
0.305
0.321
0.322
0.331
0.348
0.397
0.15
0.072
0.059
0.058
0.077
0.12
0.201
0.214
0.105
0.059
0.076
0.145
0.355
0.424
0.273
0.177
0.157
0.337
0.304
0.32
0.338
0.331
0.357
0.4
0.143
0.07
0.058
0.057
0.075
0.115
0.211
0.22
0.11
0.062
0.074
0.139
0.372
0.414
0.253
0.174
0.152
0.323
0.306
0.32
0.337
0.328
0.356
0.399
0.16
0.094
0.059
0.057
0.073
0.109
0.222
0.223
0.115
0.063
0.076
0.148
0.36
0.397
0.257
0.171
0.17
0.32
0.305
0.317
0.337
0.327
0.358
0.403
0.152
0.092
0.059
0.057
0.088
0.127
0.205
0.206
0.113
0.063
0.074
0.141
0.35
0.406
0.256
0.199
0.177
0.309
0.303
0.316
0.332
0.331
0.371
0.405
0.158
0.09
0.061
0.057
0.099
0.143
0.201
0.191
0.108
0.063
0.078
0.132
0.321
0.383
0.25
0.2
0.167
0.325
0.308
0.319
0.329
0.327
0.38
0.417
0.148
0.086
0.06
0.056
0.095
0.159
0.2
0.178
0.103
0.07
0.076
0.126
0.339
0.375
0.253
0.301
0.199
0.323
0.309
0.318
0.341
0.354
0.389
0.437
0.168
0.094
0.06
0.056
0.091
0.168
0.212
0.165
0.098
0.071
0.073
0.118
0.348
0.375
0.242
0.283
0.184
0.336
0.309
0.33
0.343
0.348
0.391
0.436
0.18
0.1
0.059
0.058
0.105
0.181
0.214
0.16
0.093
0.069
0.075
0.112
0.346
0.372
0.251
0.262
0.194
0.334
0.308
0.329
0.341
0.343
0.389
0.434
0.193
0.122
0.063
0.059
0.1
0.168
0.212
0.174
0.1
0.068
0.073
0.11
0.363
0.37
0.241
0.246
0.182
0.344
0.31
0.328
0.351
0.339
0.387
0.434
0.186
0.114
0.063
0.061
0.113
0.169
0.196
0.161
0.096
0.072
0.072
0.106
0.376
0.346
0.256
0.231
0.169
0.335
0.325
0.327
0.348
0.337
0.395
0.444
0.2
0.12
0.086
0.064
0.108
0.159
0.216
0.157
0.091
0.071
0.077
0.109
0.374
0.371
0.246
0.218
0.162
0.323
0.32
0.325
0.356
0.335
0.4
0.441
0.211
0.113
0.083
0.062
0.103
0.149
0.236
0.153
0.088
0.07
0.075
0.105
0.379
0.371
0.246
0.238
0.162
0.314
0.308
0.33
0.369
0.333
0.425
0.429
0.221
0.108
0.081
0.061
0.125
0.158
0.218
0.143
0.085
0.068
0.076
0.1
0.391
0.366
0.23
0.242
0.163
0.339
0.321
0.326
0.361
0.335
0.43
0.443
0.206
0.102
0.078
0.062
0.119
0.148
0.222
0.158
0.081
0.066
0.073
0.096
0.393
0.369
0.222
0.307
0.187
0.348
0.32
0.34
0.369
0.332
0.426
0.441
0.218
0.113
0.075
0.062
0.113
0.139
0.206
0.168
0.105
0.068
0.072
0.097
0.411
0.368
0.23
0.303
0.199
0.35
0.32
0.338
0.366
0.34
0.416
0.427
0.208
0.11
0.075
0.061
0.107
0.155
0.216
0.157
0.1
0.067
0.071
0.111
0.413
0.367
0.229
0.295
0.192
0.344
0.321
0.335
0.373
0.343
0.422
0.422
0.219
0.115
0.073
0.06
0.101
0.145
0.233
0.161
0.096
0.066
0.069
0.13
0.45
0.365
0.229
0.296
0.196
0.352
0.318
0.333
0.37
0.355
0.42
0.42
0.208
0.111
0.072
0.06
0.097
0.136
0.231
0.174
0.092
0.064
0.067
0.127
0.452
0.385
0.228
0.293
0.224
0.348
0.321
0.349
0.362
0.356
0.423
0.42
0.207
0.107
0.071
0.061
0.093
0.128
0.213
0.173
0.112
0.068
0.066
0.12
0.459
0.389
0.228
0.287
0.241
0.346
0.329
0.346
0.357
0.35
0.436
0.434
0.205
0.102
0.07
0.06
0.089
0.12
0.222
0.175
0.105
0.067
0.065
0.115
0.465
0.394
0.23
0.286
0.246
0.351
0.325
0.344
0.351
0.356
0.438
0.427
0.19
0.098
0.069
0.061
0.086
0.113
0.205
0.187
0.116
0.065
0.063
0.11
0.464
0.385
0.23
0.291
0.25
0.36
0.323
0.341
0.356
0.353
0.434
0.424
0.18
0.093
0.068
0.06
0.108
0.108
0.191
0.174
0.119
0.064
0.062
0.104
0.465
0.376
0.251
0.271
0.246
0.351
0.323
0.338
0.349
0.351
0.425
0.42
0.168
0.091
0.067
0.059
0.103
0.126
0.188
0.162
0.118
0.063
0.061
0.102
0.469
0.381
0.256
0.274
0.239
0.363
0.321
0.336
0.346
0.358
0.428
0.417
0.167
0.088
0.067
0.059
0.1
0.138
0.199
0.152
0.11
0.062
0.061
0.098
0.47
0.386
0.264
0.282
0.275
0.373
0.32
0.334
0.319
0.336
0.435
0.433
0.181
0.11
0.07
0.059
0.112
0.154
0.205
0.143
0.105
0.06
0.058
0.094
0.459
0.448
0.269
0.277
0.27
0.357
0.297
0.308
0.293
0.308
0.403
0.43
0.227
0.105
0.068
0.057
0.105
0.161
0.214
0.137
0.101
0.056
0.058
0.092
0.421
0.422
0.276
0.273
0.268
0.376
0.299
0.32
0.309
0.323
0.413
0.431
0.208
0.1
0.066
0.057
0.1
0.15
0.221
0.13
0.095
0.053
0.058
0.09
0.431
0.417
0.271
0.269
0.264
0.369
0.277
0.295
0.283
0.296
0.409
0.427
0.21
0.095
0.065
0.057
0.095
0.141
0.21
0.154
0.097
0.05
0.059
0.087
0.44
0.401
0.267
0.263
0.272
0.361
0.281
0.296
0.285
0.298
0.411
0.427
0.196
0.092
0.064
0.057
0.091
0.137
0.193
0.143
0.123
0.05
0.058
0.091
0.456
0.37
0.247
0.263
0.29
0.381
0.286
0.299
0.286
0.298
0.416
0.421
0.182
0.088
0.063
0.056
0.087
0.128
0.18
0.135
0.116
0.051
0.08
0.109
0.43
0.374
0.259
0.267
0.285
0.373
0.304
0.314
0.293
0.299
0.428
0.425
0.177
0.087
0.063
0.056
0.083
0.139
0.184
0.127
0.115
0.052
0.078
0.106
0.445
0.38
0.257
0.274
0.288
0.386
0.304
0.311
0.293
0.299
0.431
0.419
0.166
0.083
0.063
0.056
0.08
0.131
0.171
0.152
0.121
0.049
0.074
0.103
0.459
0.416
0.266
0.269
0.284
0.401
0.295
0.314
0.31
0.309
0.436
0.438
0.162
0.082
0.063
0.056
0.078
0.141
0.184
0.142
0.113
0.048
0.072
0.098
0.442
0.406
0.273
0.26
0.261
0.366
0.271
0.288
0.308
0.307
0.438
0.435
0.155
0.079
0.062
0.056
0.076
0.133
0.198
0.141
0.109
0.048
0.068
0.093
0.463
0.545
0.29
0.26
0.278
0.378
0.274
0.289
0.318
0.318
0.441
0.449
0.154
0.077
0.061
0.055
0.074
0.124
0.201
0.157
0.112
0.052
0.066
0.09
0.471
0.531
0.286
0.261
0.263
0.383
0.282
0.289
0.333
0.322
0.445
0.46
0.154
0.075
0.062
0.056
0.072
0.116
0.223
0.152
0.113
0.053
0.066
0.088
0.481
0.512
0.283
0.266
0.292
0.396
0.285
0.292
0.331
0.319
0.443
0.455
0.163
0.074
0.062
0.056
0.071
0.11
0.205
0.143
0.146
0.055
0.065
0.085
0.489
0.505
0.28
0.274
0.269
0.361
0.284
0.294
0.339
0.334
0.447
0.462
0.152
0.072
0.062
0.056
0.069
0.104
0.22
0.148
0.137
0.054
0.062
0.083
0.494
0.492
0.305
0.29
0.266
0.371
0.287
0.295
0.335
0.37
0.448
0.451
0.145
0.07
0.061
0.056
0.067
0.1
0.222
0.163
0.143
0.055
0.061
0.082
0.49
0.492
0.292
0.278
0.251
0.375
0.295
0.297
0.332
0.371
0.453
0.467
0.155
0.069
0.06
0.056
0.065
0.094
0.24
0.16
0.132
0.054
0.06
0.079
0.466
0.486
0.31
0.276
0.248
0.343
0.298
0.307
0.327
0.363
0.442
0.482
0.145
0.067
0.06
0.057
0.065
0.091
0.241
0.171
0.136
0.055
0.061
0.08
0.484
0.473
0.3
0.284
0.247
0.352
0.298
0.305
0.324
0.367
0.444
0.493
0.15
0.067
0.06
0.054
0.063
0.117
0.236
0.159
0.124
0.056
0.061
0.076
0.507
0.474
0.293
0.287
0.258
0.342
0.301
0.311
0.327
0.363
0.446
0.495
0.162
0.065
0.059
0.054
0.062
0.135
0.243
0.161
0.117
0.056
0.061
0.075
0.533
0.483
0.304
0.301
0.279
0.337
0.301
0.327
0.331
0.37
0.45
0.495
0.175
0.088
0.058
0.055
0.061
0.127
0.254
0.171
0.113
0.055
0.061
0.074
0.53
0.466
0.318
0.306
0.299
0.35
0.304
0.33
0.33
0.376
0.457
0.506
0.163
0.104
0.057
0.052
0.06
0.145
0.234
0.157
0.104
0.055
0.061
0.071
0.546
0.469
0.314
0.299
0.33
0.371
0.304
0.337
0.343
0.369
0.467
0.53
0.156
0.1
0.057
0.052
0.059
0.159
0.215
0.146
0.099
0.061
0.06
0.069
0.54
0.473
0.322
0.304
0.331
0.357
0.316
0.335
0.339
0.38
0.477
0.538
0.149
0.095
0.057
0.053
0.059
0.149
0.199
0.138
0.095
0.081
0.056
0.068
0.516
0.464
0.328
0.296
0.321
0.359
0.3
0.328
0.311
0.372
0.485
0.564
0.143
0.091
0.057
0.052
0.056
0.139
0.185
0.165
0.099
0.078
0.052
0.069
0.523
0.459
0.318
0.294
0.319
0.377
0.299
0.325
0.286
0.372
0.5
0.568
0.137
0.087
0.057
0.052
0.055
0.129
0.193
0.153
0.095
0.076
0.053
0.065
0.524
0.437
0.31
0.298
0.309
0.381
0.316
0.333
0.288
0.377
0.502
0.57
0.129
0.083
0.056
0.052
0.055
0.121
0.179
0.143
0.115
0.087
0.054
0.065
0.495
0.441
0.302
0.292
0.307
0.388
0.345
0.333
0.299
0.372
0.504
0.578
0.142
0.082
0.057
0.053
0.054
0.112
0.187
0.159
0.11
0.082
0.055
0.062
0.457
0.446
0.314
0.304
0.316
0.396
0.347
0.329
0.316
0.394
0.502
0.576
0.157
0.1
0.056
0.051
0.054
0.106
0.193
0.173
0.106
0.08
0.055
0.06
0.444
0.442
0.322
0.314
0.324
0.435
0.353
0.326
0.334
0.395
0.518
0.565
0.148
0.097
0.056
0.052
0.054
0.102
0.202
0.181
0.11
0.078
0.055
0.06
0.456
0.454
0.327
0.315
0.302
0.432
0.337
0.326
0.334
0.414
0.533
0.554
0.14
0.092
0.054
0.05
0.055
0.098
0.207
0.164
0.104
0.077
0.052
0.06
0.417
0.477
0.336
0.307
0.308
0.428
0.327
0.333
0.347
0.429
0.544
0.53
0.134
0.09
0.054
0.051
0.054
0.092
0.191
0.154
0.1
0.099
0.052
0.06
0.379
0.48
0.338
0.298
0.304
0.408
0.317
0.323
0.351
0.426
0.536
0.509
0.139
0.087
0.051
0.051
0.06
0.089
0.173
0.145
0.097
0.09
0.058
0.061
0.369
0.474
0.342
0.294
0.304
0.398
0.332
0.32
0.362
0.417
0.55
0.504
0.131
0.083
0.051
0.052
0.059
0.087
0.161
0.136
0.092
0.108
0.074
0.061
0.361
0.479
0.336
0.299
0.296
0.395
0.336
0.335
0.363
0.427
0.561
0.501
0.127
0.08
0.05
0.051
0.059
0.108
0.169
0.128
0.088
0.098
0.071
0.061
0.38
0.473
0.351
0.295
0.303
0.413
0.351
0.346
0.359
0.429
0.562
0.491
0.121
0.079
0.051
0.051
0.059
0.125
0.181
0.121
0.085
0.094
0.07
0.06
0.415
0.486
0.349
0.376
0.305
0.433
0.347
0.367
0.372
0.424
0.58
0.517
0.125
0.076
0.051
0.052
0.059
0.118
0.169
0.115
0.083
0.088
0.068
0.061
0.418
0.515
0.36
0.374
0.313
0.413
0.347
0.361
0.375
0.429
0.589
0.541
0.135
0.075
0.052
0.052
0.059
0.111
0.158
0.109
0.105
0.094
0.064
0.061
0.439
0.508
0.351
0.366
0.303
0.413
0.34
0.359
0.37
0.456
0.611
0.537
0.127
0.073
0.052
0.053
0.059
0.105
0.147
0.1
0.131
0.112
0.064
0.056
0.409
0.528
0.344
0.364
0.298
0.411
0.356
0.371
0.373
0.446
0.597
0.549
0.17
0.074
0.052
0.053
0.059
0.1
0.138
0.096
0.122
0.104
0.064
0.057
0.393
0.533
0.349
0.354
0.299
0.395
0.35
0.384
0.37
0.45
0.599
0.565
0.201
0.074
0.053
0.054
0.058
0.094
0.129
0.093
0.116
0.1
0.061
0.092
0.365
0.534
0.336
0.339
0.292
0.399
0.354
0.378
0.364
0.447
0.58
0.572
0.231
0.073
0.054
0.053
0.058
0.089
0.119
0.088
0.109
0.096
0.06
0.102
0.358
0.517
0.335
0.328
0.289
0.381
0.349
0.362
0.36
0.433
0.569
0.587
0.282
0.074
0.054
0.053
0.057
0.086
0.113
0.085
0.104
0.096
0.059
0.097
0.327
0.507
0.338
0.318
0.284
0.377
0.376
0.358
0.36
0.422
0.566
0.604
0.285
0.072
0.054
0.054
0.058
0.083
0.108
0.079
0.098
0.092
0.06
0.093
0.296
0.497
0.352
0.327
0.279
0.363
0.381
0.349
0.365
0.428
0.564
0.62
0.309
0.078
0.054
0.055
0.056
0.079
0.103
0.078
0.093
0.086
0.061
0.123
0.272
0.455
0.337
0.328
0.276
0.35
0.364
0.354
0.367
0.421
0.569
0.628
0.329
0.092
0.056
0.055
0.054
0.075
0.1
0.077
0.084
0.084
0.061
0.113
0.284
0.453
0.331
0.32
0.272
0.351
0.374
0.365
0.364
0.424
0.568
0.632
0.337
0.089
0.055
0.053
0.053
0.073
0.097
0.074
0.077
0.082
0.065
0.103
0.279
0.458
0.338
0.31
0.276
0.352
0.382
0.374
0.371
0.416
0.551
0.634
0.358
0.099
0.054
0.051
0.054
0.072
0.093
0.068
0.076
0.108
0.075
0.099
0.258
0.413
0.35
0.301
0.274
0.343
0.39
0.386
0.38
0.405
0.545
0.635
0.388
0.108
0.052
0.051
0.055
0.071
0.085
0.068
0.075
0.099
0.075
0.093
0.261
0.424
0.357
0.308
0.294
0.368
0.397
0.394
0.392
0.397
0.548
0.64
0.402
0.113
0.053
0.051
0.054
0.069
0.082
0.067
0.074
0.093
0.069
0.089
0.243
0.455
0.344
0.301
0.288
0.38
0.403
0.388
0.386
0.389
0.541
0.638
0.398
0.109
0.054
0.052
0.054
0.068
0.077
0.064
0.073
0.09
0.068
0.082
0.252
0.45
0.366
0.293
0.282
0.367
0.419
0.376
0.39
0.386
0.532
0.628
0.401
0.104
0.053
0.054
0.055
0.067
0.075
0.059
0.071
0.087
0.066
0.075
0.233
0.409
0.395
0.304
0.281
0.359
0.422
0.387
0.381
0.382
0.529
0.633
0.41
0.119
0.054
0.053
0.056
0.067
0.074
0.056
0.068
0.086
0.06
0.075
0.254
0.414
0.396
0.297
0.271
0.351
0.44
0.394
0.388
0.375
0.514
0.637
0.411
0.119
0.054
0.055
0.057
0.066
0.07
0.055
0.068
0.078
0.061
0.072
0.232
0.414
0.384
0.292
0.267
0.348
0.442
0.415
0.388
0.366
0.51
0.626
0.41
0.12
0.055
0.056
0.056
0.062
0.07
0.056
0.063
0.077
0.089
0.067
0.214
0.433
0.374
0.285
0.271
0.369
0.447
0.404
0.397
0.37
0.512
0.618
0.407
0.113
0.055
0.057
0.057
0.062
0.067
0.054
0.063
0.077
0.081
0.097
0.202
0.418
0.385
0.281
0.281
0.349
0.444
0.395
0.399
0.38
0.501
0.609
0.406
0.129
0.055
0.058
0.057
0.062
0.066
0.055
0.059
0.073
0.079
0.111
0.191
0.418
0.401
0.28
0.276
0.349
0.599
0.421
0.4
0.371
0.5
0.61
0.412
0.127
0.054
0.057
0.057
0.062
0.066
0.053
0.057
0.072
0.078
0.101
0.197
0.415
0.418
0.274
0.28
0.341
0.566
0.417
0.405
0.384
0.503
0.603
0.416
0.145
0.068
0.057
0.056
0.061
0.066
0.054
0.058
0.071
0.072
0.132
0.192
0.376
0.399
0.286
0.275
0.34
0.523
0.399
0.401
0.401
0.509
0.6
0.419
0.138
0.068
0.057
0.054
0.06
0.066
0.055
0.055
0.068
0.072
0.137
0.208
0.386
0.38
0.293
0.276
0.334
0.518
0.408
0.384
0.383
0.503
0.593
0.429
0.154
0.068
0.057
0.055
0.056
0.064
0.057
0.056
0.062
0.071
0.13
0.188
0.403
0.373
0.301
0.274
0.337
0.526
0.397
0.374
0.394
0.51
0.586
0.429
0.156
0.068
0.056
0.052
0.056
0.064
0.055
0.055
0.062
0.066
0.122
0.198
0.41
0.388
0.315
0.269
0.335
0.533
0.403
0.385
0.387
0.505
0.595
0.43
0.152
0.068
0.057
0.052
0.053
0.065
0.055
0.053
0.059
0.068
0.111
0.185
0.421
0.372
0.321
0.27
0.326
0.502
0.386
0.369
0.398
0.505
0.589
0.431
0.143
0.067
0.053
0.054
0.055
0.059
0.057
0.054
0.055
0.069
0.101
0.175
0.427
0.386
0.313
0.267
0.329
0.515
0.396
0.379
0.393
0.504
0.609
0.414
0.135
0.066
0.054
0.053
0.052
0.06
0.058
0.05
0.056
0.065
0.096
0.184
0.435
0.421
0.307
0.273
0.338
0.503
0.413
0.39
0.397
0.501
0.601
0.415
0.131
0.066
0.055
0.05
0.053
0.06
0.054
0.052
0.052
0.066
0.088
0.193
0.416
0.407
0.326
0.269
0.327
0.502
0.422
0.404
0.405
0.502
0.608
0.416
0.139
0.065
0.055
0.051
0.053
0.057
0.055
0.048
0.055
0.061
0.086
0.177
0.415
0.397
0.333
0.272
0.327
0.514
0.427
0.413
0.413
0.501
0.617
0.417
0.13
0.065
0.056
0.053
0.049
0.058
0.052
0.049
0.052
0.06
0.099
0.201
0.441
0.406
0.33
0.277
0.32
0.508
0.433
0.402
0.394
0.484
0.611
0.421
0.13
0.064
0.054
0.051
0.05
0.059
0.05
0.049
0.054
0.056
0.096
0.182
0.435
0.421
0.324
0.281
0.323
0.517
0.438
0.408
0.402
0.487
0.601
0.425
0.13
0.065
0.05
0.054
0.05
0.056
0.053
0.045
0.056
0.051
0.12
0.203
0.451
0.425
0.316
0.283
0.326
0.528
0.441
0.415
0.403
0.489
0.594
0.416
0.123
0.061
0.051
0.055
0.047
0.056
0.052
0.045
0.052
0.055
0.109
0.242
0.45
0.433
0.31
0.278
0.339
0.539
0.446
0.424
0.408
0.487
0.597
0.408
0.117
0.061
0.052
0.055
0.044
0.058
0.052
0.043
0.054
0.05
0.135
0.26
0.449
0.457
0.319
0.277
0.331
0.525
0.45
0.433
0.418
0.494
0.593
0.411
0.119
0.06
0.051
0.054
0.046
0.058
0.049
0.044
0.055
0.046
0.129
0.271
0.442
0.455
0.319
0.273
0.32
0.499
0.448
0.426
0.413
0.501
0.599
0.416
0.113
0.06
0.052
0.055
0.048
0.054
0.051
0.044
0.053
0.047
0.118
0.285
0.44
0.462
0.311
0.269
0.322
0.498
0.439
0.404
0.394
0.512
0.595
0.409
0.108
0.057
0.052
0.056
0.047
0.053
0.053
0.041
0.056
0.044
0.133
0.3
0.455
0.475
0.306
0.278
0.331
0.493
0.441
0.41
0.403
0.526
0.59
0.41
0.125
0.056
0.05
0.056
0.048
0.054
0.049
0.044
0.053
0.045
0.124
0.297
0.476
0.489
0.314
0.29
0.341
0.509
0.462
0.433
0.425
0.527
0.588
0.409
0.117
0.056
0.051
0.055
0.047
0.056
0.066
0.072
0.049
0.046
0.116
0.272
0.494
0.465
0.307
0.289
0.344
0.51
0.466
0.585
0.455
0.532
0.591
0.42
0.115
0.056
0.051
0.052
0.049
0.057
0.063
0.07
0.051
0.042
0.151
0.29
0.488
0.452
0.304
0.285
0.339
0.526
0.471
0.579
0.46
0.533
0.598
0.423
0.118
0.057
0.049
0.052
0.05
0.058
0.06
0.104
0.057
0.047
0.139
0.268
0.491
0.466
0.302
0.28
0.329
0.497
0.446
0.557
0.466
0.546
0.6
0.436
0.141
0.057
0.05
0.052
0.048
0.058
0.062
0.099
0.054
0.072
0.133
0.276
0.464
0.448
0.297
0.279
0.32
0.473
0.409
0.53
0.459
0.542
0.604
0.453
0.163
0.064
0.051
0.053
0.049
0.059
0.061
0.09
0.079
0.073
0.121
0.267
0.482
0.443
0.297
0.274
0.34
0.488
0.418
0.525
0.471
0.542
0.599
0.452
0.18
0.073
0.05
0.05
0.05
0.059
0.062
0.082
0.107
0.078
0.11
0.247
0.474
0.431
0.292
0.283
0.343
0.489
0.426
0.533
0.474
0.542
0.615
0.453
0.186
0.072
0.051
0.049
0.051
0.06
0.062
0.076
0.103
0.077
0.124
0.259
0.491
0.426
0.291
0.279
0.336
0.503
0.432
0.545
0.471
0.506
0.562
0.417
0.194
0.132
0.078
0.05
0.049
0.058
0.063
0.075
0.094
0.076
0.118
0.254
0.498
0.452
0.297
0.276
0.336
0.501
0.441
0.509
0.43
0.461
0.533
0.437
0.228
0.138
0.077
0.05
0.048
0.059
0.063
0.072
0.087
0.09
0.132
0.252
0.515
0.451
0.302
0.27
0.342
0.506
0.451
0.513
0.45
0.476
0.553
0.431
0.23
0.132
0.074
0.048
0.051
0.054
0.064
0.068
0.114
0.089
0.123
0.228
0.512
0.475
0.328
0.292
0.368
0.505
0.478
0.523
0.472
0.493
0.561
0.438
0.241
0.128
0.074
0.047
0.055
0.05
0.067
0.092
0.123
0.081
0.123
0.206
0.503
0.49
0.355
0.309
0.367
0.485
0.468
0.506
0.487
0.508
0.572
0.461
0.229
0.121
0.072
0.048
0.055
0.061
0.09
0.092
0.113
0.079
0.113
0.204
0.521
0.491
0.372
0.311
0.37
0.507
0.475
0.512
0.493
0.531
0.587
0.464
0.24
0.124
0.067
0.05
0.056
0.056
0.087
0.119
0.11
0.073
0.108
0.198
0.553
0.48
0.376
0.316
0.375
0.511
0.486
0.515
0.504
0.54
0.59
0.464
0.248
0.118
0.066
0.047
0.055
0.057
0.102
0.132
0.099
0.077
0.098
0.228
0.562
0.464
0.383
0.315
0.381
0.515
0.495
0.518
0.51
0.546
0.613
0.473
0.227
0.11
0.065
0.049
0.051
0.058
0.092
0.162
0.089
0.077
0.089
0.238
0.554
0.475
0.377
0.325
0.373
0.531
0.502
0.522
0.516
0.554
0.62
0.471
0.21
0.102
0.066
0.051
0.047
0.059
0.105
0.171
0.093
0.072
0.081
0.266
0.563
0.461
0.37
0.324
0.367
0.521
0.48
0.499
0.493
0.528
0.582
0.453
0.213
0.122
0.083
0.077
0.067
0.077
0.128
0.179
0.109
0.099
0.098
0.264
0.532
0.449
0.357
0.316
0.354
0.493
0.463
0.479
0.469
0.5
0.548
0.432
0.218
0.14
0.107
0.094
0.085
0.094
0.14
0.186
0.123
0.114
0.113
0.263
0.503
0.429
0.346
0.309
0.343
0.468
0.441
0.455
0.448
0.49
0.518
0.413
0.22
0.151
0.121
0.109
0.101
0.114
0.162
0.193
0.136
0.128
0.127
0.262
0.483
0.42
0.336
0.302
0.354
0.501
0.472
0.48
0.48
0.52
0.544
0.421
0.206
0.141
0.115
0.099
0.098
0.104
0.176
0.193
0.151
0.136
0.142
0.256
0.513
0.42
0.337
0.318
0.375
0.498
0.472
0.487
0.47
0.527
0.557
0.439
0.219
0.148
0.107
0.095
0.094
0.094
0.165
0.197
0.153
0.129
0.129
0.237
0.529
0.426
0.331
0.493
0.407
0.503
0.483
0.496
0.467
0.536
0.563
0.439
0.203
0.14
0.101
0.089
0.092
0.085
0.155
0.182
0.14
0.149
0.121
0.22
0.476
0.449
0.338
0.497
0.41
0.509
0.474
0.489
0.471
0.556
0.568
0.456
0.195
0.132
0.094
0.085
0.089
