0.0
0.0
0.0
0.0
0.0
0.0
0.0
0.0
0.0
0.0
0.0
0.0
0.0
0.0
0.0
0.0
0.0
0.0
0.0
0.0
0.0
0.0
0.0
0.0
0.0
0.0
0.0
0.0
0.0
0.0
0.0
0.0
0.0
0.0
0.0
0.0
0.0
0.0
0.0
0.0
0.0
0.0
0.0
0.0
0.0
0.0
0.0
0.0
0.0
0.0
0.0
0.0
0.0
0.0
0.0
0.0
0.0
0.0
0.0
0.0
0.0
0.0
0.0
0.0
0.0
0.0
0.0
0.0
0.0
0.0
0.0
0.0
0.0
0.0
0.0
0.0
0.0
0.0
0.0
0.0
0.0
0.0
0.0
0.0
0.0
0.0
0.0
0.0
0.0
0.0
0.0
0.0
0.0
0.0
0.0
0.0
0.0
0.0
0.0
0.0
0.0
0.0
0.0
0.0
0.0
0.0
0.0
0.0
0.0
0.0
0.0
0.0
0.0
0.0
0.0
0.0
0.0
0.0
0.0
0.0
0.0
0.0
0.0
0.0
0.0
0.0
0.0
0.0
0.0
0.0
0.0
0.0
0.0
0.0
0.0
0.0
0.0
0.0
0.0
0.0
0.0
0.0
0.0
0.0
0.0
0.0
0.0
0.0
0.0
0.0
0.0
0.0
0.0
0.0
0.0
0.0
0.0
0.0
0.0
0.0
0.0
0.0
0.0
0.0
0.0
0.0
0.0
0.0
0.0
0.0
0.0
0.0
0.0
0.0
0.0
0.0
0.0
0.0
0.0
0.0
0.0
0.0
0.0
0.0
0.0
0.0
0.0
0.0
0.0
0.0
0.0
0.0
0.0
0.0
0.0
0.0
0.0
0.0
0.0
0.0
0.0
0.0
0.0
0.0
0.0
0.0
0.0
0.0
0.0
0.0
0.0
0.0
0.0
0.0
0.0
0.0
0.0
0.0
0.0
0.0
0.0
0.0
0.0
0.0
0.0
0.0
0.0
0.0
0.0
0.0
0.0
0.0
0.0
0.0
0.0
0.0
0.0
0.0
0.0
0.0
0.0
0.0
0.0
0.0
0.0
0.0
0.0
0.0
0.0
0.0
0.0
0.0
0.0
0.0
0.0
0.0
0.0
0.0
0.0
0.0
0.0
0.0
0.0
0.0
0.0
0.0
0.0
0.0
0.0
0.0
0.0
0.0
0.0
0.0
0.0
0.0
0.0
0.0
0.0
0.0
0.0
0.0
0.0
0.0
0.0
0.0
0.0
0.0
0.0
0.0
0.0
0.0
0.0
0.0
0.0
0.0
0.0
0.0
0.0
0.0
0.0
0.0
0.0
0.0
0.0
0.0
0.0
0.0
0.0
0.0
0.0
0.0
0.0
0.0
0.0
0.0
0.0
0.0
0.0
0.0
0.0
0.0
0.0
0.0
0.0
0.0
0.0
0.0
0.0
0.0
0.0
0.0
0.0
0.0
0.0
0.0
0.0
0.0
0.0
0.0
0.0
0.0
0.0
0.0
0.0
0.0
0.0
0.0
0.0
0.0
0.0
0.0
0.0
0.0
0.0
0.0
0.0
0.0
0.0
0.0
0.0
0.0
0.0
0.0
0.0
0.0
0.0
0.0
0.0
0.0
0.0
0.0
0.0
0.0
0.0
0.0
0.0
0.0
0.0
0.0
0.0
0.0
0.0
0.0
0.0
0.0
0.0
0.0
0.0
0.0
0.0
0.0
0.0
0.0
0.0
0.0
0.0
0.0
0.0
0.0
0.0
0.0
0.0
0.0
0.0
0.0
0.0
0.0
0.0
0.0
0.0
0.0
0.0
0.0
0.0
0.0
0.0
0.0
0.0
0.0
0.0
0.0
0.0
0.0
0.0
0.0
0.0
0.0
0.0
0.0
0.0
0.0
0.0
0.0
0.0
0.0
0.0
0.0
0.0
0.0
0.0
0.0
0.0
0.0
0.0
0.0
0.0
0.0
0.0
0.0
0.0
0.0
0.0
0.0
0.0
0.0
0.0
0.0
0.0
0.0
0.0
0.0
0.0
0.0
0.0
0.0
0.0
0.0
0.0
0.0
0.0
0.0
0.0
0.0
0.0
0.0
0.0
0.0
0.0
0.0
0.0
0.0
0.0
0.0
0.0
0.0
0.0
0.0
0.0
0.0
0.0
0.0
0.0
0.0
0.0
0.0
0.0
0.0
0.0
0.0
0.0
0.0
0.0
0.0
0.0
0.097
0.108
0.112
0.11
0.092
0.097
0.125
0.77
0.39
0.461
0.725
0.169
0.358
0.117
0.114
0.165
0.28
0.92
0.762
1.512
1.416
0.601
0.201
0.117
0.098
0.108
0.115
0.11
0.093
0.097
0.138
0.785
0.348
0.338
0.629
0.243
0.317
0.146
0.13
0.118
0.342
0.908
0.768
1.512
1.059
0.547
0.229
0.116
0.107
0.11
0.116
0.11
0.091
0.104
0.161
0.775
0.324
0.307
0.663
0.243
0.699
0.148
0.213
0.16
0.355
0.94
0.768
1.237
0.999
0.529
0.237
0.117
0.106
0.114
0.116
0.11
0.09
0.111
0.181
0.755
0.345
0.349
0.663
0.337
0.699
0.148
0.212
0.336
0.417
1.0
0.638
0.958
0.7
0.507
0.2
0.11
0.101
0.129
0.102
0.094
0.109
0.107
0.198
0.724
0.547
0.358
1.478
3.064
1.722
0.153
0.289
0.386
0.359
1.162
1.106
1.026
0.863
0.678
0.26
0.112
0.1
0.121
0.104
0.094
0.1
0.106
0.203
0.767
0.38
0.358
1.522
3.255
1.071
0.136
0.338
0.386
0.431
1.189
1.106
0.897
0.817
0.643
0.245
0.117
0.095
0.117
0.118
0.106
0.087
0.121
0.211
0.71
0.326
0.243
0.594
0.337
0.867
0.138
0.175
0.708
0.432
0.666
0.564
0.774
0.66
0.387
0.178
0.116
0.098
0.115
0.115
0.11
0.088
0.119
0.202
0.72
0.311
0.322
0.722
0.314
0.834
0.139
0.173
0.674
0.405
0.664
0.694
0.763
0.702
0.391
0.174
0.117
0.098
0.116
0.116
0.109
0.09
0.118
0.21
0.793
0.292
0.341
0.698
0.329
0.796
0.156
0.173
0.671
0.395
0.653
0.671
0.839
0.688
0.39
0.174
0.118
0.1
0.115
0.114
0.111
0.091
0.116
0.202
0.831
0.277
0.318
0.691
0.713
0.901
0.196
0.243
0.617
0.37
0.649
0.661
0.796
0.666
0.415
0.18
0.12
0.099
0.117
0.113
0.109
0.094
0.117
0.209
0.819
0.281
0.37
0.654
0.888
0.973
0.188
0.233
0.567
0.344
0.622
0.76
0.912
0.793
0.429
0.195
0.118
0.1
0.118
0.111
0.11
0.094
0.115
0.216
0.82
0.3
0.387
0.635
0.817
1.121
0.211
0.236
0.553
0.332
0.655
0.753
0.885
0.782
0.461
0.201
0.12
0.099
0.12
0.111
0.109
0.096
0.116
0.203
0.802
0.342
0.422
0.977
1.147
1.129
0.256
0.252
0.547
0.312
0.611
0.728
0.88
1.216
0.454
0.209
0.119
0.101
0.118
0.113
0.107
0.099
0.115
0.213
0.814
0.353
0.397
0.91
1.098
1.04
0.251
0.237
0.619
0.505
0.839
0.838
1.02
1.311
0.44
0.21
0.123
0.102
0.115
0.116
0.107
0.099
0.116
0.223
0.809
0.336
0.372
0.83
1.033
0.988
0.239
0.228
0.584
0.508
0.801
0.769
0.941
1.255
0.444
0.229
0.125
0.104
0.113
0.118
0.106
0.099
0.115
0.212
0.808
0.331
0.382
0.81
1.113
1.119
0.24
0.234
0.694
0.592
0.793
0.742
0.873
1.189
0.434
0.218
0.125
0.104
0.112
0.119
0.106
0.1
0.113
0.204
0.797
0.324
0.359
0.771
1.277
1.13
0.249
0.233
0.639
0.549
0.78
0.701
0.84
1.143
0.432
0.229
0.159
0.104
0.114
0.116
0.108
0.102
0.111
0.215
0.78
0.301
0.335
0.739
1.161
1.28
0.256
0.223
0.591
0.507
0.74
0.737
0.925
1.245
0.453
0.221
0.153
0.108
0.114
0.113
0.106
0.105
0.113
0.223
0.778
0.293
0.314
0.708
1.056
1.163
0.242
0.233
0.541
0.49
0.726
0.672
0.862
1.199
0.446
0.222
0.147
0.107
0.118
0.111
0.105
0.106
0.113
0.23
0.779
0.277
0.345
0.677
1.411
1.131
0.276
0.335
0.527
0.479
0.751
0.68
0.973
1.33
0.44
0.225
0.145
0.107
0.116
0.11
0.107
0.106
0.112
0.216
0.782
0.282
0.359
0.666
1.32
1.043
0.271
0.355
0.619
0.783
0.824
0.645
0.92
1.279
0.429
0.213
0.141
0.109
0.113
0.109
0.107
0.106
0.11
0.227
0.774
0.273
0.508
0.718
1.406
1.004
0.257
0.333
0.589
0.72
0.797
0.592
0.858
1.236
0.405
0.204
0.135
0.108
0.114
0.109
0.106
0.105
0.109
0.235
0.76
0.269
0.605
0.825
1.316
0.914
0.243
0.309
0.542
0.66
0.766
0.574
0.833
1.189
0.39
0.195
0.134
0.106
0.111
0.112
0.105
0.104
0.108
0.242
0.76
0.272
0.591
0.776
1.326
1.061
0.429
0.33
0.676
0.754
0.716
0.53
0.804
1.124
0.415
0.208
0.149
0.109
0.111
0.109
0.105
0.103
0.108
0.249
0.709
0.292
0.546
0.743
1.371
1.315
0.399
0.467
0.764
0.735
0.72
0.506
0.767
1.088
0.409
0.206
0.146
0.108
0.109
0.11
0.104
0.102
0.106
0.256
0.667
0.328
0.505
0.722
1.265
1.192
0.368
0.431
0.702
0.704
0.695
0.523
0.766
1.063
0.405
0.201
0.145
0.108
0.108
0.109
0.105
0.1
0.104
0.259
0.675
0.354
0.48
0.693
1.328
1.36
0.355
0.436
0.789
0.823
0.689
0.524
1.197
1.053
0.404
0.197
0.141
0.109
0.106
0.108
0.104
0.103
0.104
0.264
0.68
0.352
0.466
0.939
1.551
1.355
0.357
0.404
0.747
0.78
0.67
0.536
1.131
1.023
0.402
0.192
0.137
0.108
0.107
0.108
0.104
0.103
0.104
0.267
0.685
0.355
0.434
0.886
1.46
1.283
0.461
0.549
0.684
0.714
0.661
0.518
1.091
1.019
0.397
0.194
0.136
0.109
0.106
0.109
0.105
0.102
0.102
0.253
0.678
0.35
0.408
0.84
1.324
1.166
0.425
0.521
0.666
0.679
0.651
0.497
1.05
1.032
0.417
0.197
0.133
0.108
0.106
0.11
0.104
0.101
0.101
0.261
0.681
0.35
0.421
0.768
1.203
1.059
0.391
0.478
0.611
0.62
0.626
0.458
1.001
1.063
0.42
0.204
0.131
0.106
0.104
0.108
0.106
0.101
0.1
0.264
0.69
0.486
0.604
0.759
1.102
0.965
0.363
0.44
0.585
0.567
0.623
0.427
0.964
1.004
0.444
0.202
0.127
0.106
0.106
0.107
0.104
0.1
0.101
0.283
0.681
0.469
0.625
0.697
1.008
1.119
0.34
0.407
0.537
0.597
0.739
0.419
0.919
0.964
0.47
0.213
0.126
0.107
0.104
0.108
0.107
0.1
0.1
0.284
0.691
0.452
0.718
0.958
1.207
1.26
0.316
0.38
0.492
0.548
0.701
0.4
0.893
0.949
0.442
0.201
0.126
0.106
0.103
0.106
0.108
0.099
0.101
0.264
0.717
0.454
0.659
0.871
1.11
1.219
0.333
0.391
0.495
0.535
0.673
0.468
0.868
0.934
0.469
0.198
0.124
0.107
0.103
0.108
0.106
0.098
0.101
0.321
0.681
0.433
0.735
0.924
1.014
1.109
0.309
0.361
0.456
0.502
0.688
0.473
0.913
1.097
0.527
0.192
0.123
0.106
0.104
0.106
0.104
0.098
0.104
0.355
0.649
0.422
0.713
0.868
1.193
1.09
0.294
0.335
0.444
0.475
0.69
0.485
0.88
1.069
0.522
0.185
0.12
0.109
0.104
0.104
0.103
0.101
0.103
0.391
0.617
0.404
0.653
0.949
1.208
0.997
0.274
0.337
0.409
0.474
0.647
0.458
0.897
1.065
0.491
0.176
0.121
0.109
0.102
0.102
0.103
0.101
0.103
0.383
0.626
0.484
0.821
0.985
1.39
1.144
0.257
0.317
0.397
0.438
0.667
0.454
0.86
1.01
0.51
0.178
0.119
0.107
0.104
0.103
0.103
0.101
0.103
0.374
0.64
0.45
0.755
0.924
1.283
1.117
0.273
0.296
0.37
0.453
0.668
0.474
0.897
0.997
0.507
0.183
0.119
0.106
0.104
0.104
0.104
0.102
0.103
0.35
0.661
0.565
1.355
0.888
1.208
1.02
0.26
0.279
0.645
0.901
0.719
0.574
0.909
1.021
0.537
0.185
0.12
0.106
0.105
0.105
0.104
0.102
0.105
0.347
0.712
0.523
1.37
1.265
1.549
0.996
0.258
0.311
0.594
0.835
0.695
0.538
1.128
0.963
0.526
0.182
0.118
0.107
0.104
0.106
0.103
0.102
0.105
0.322
0.694
0.479
1.476
1.353
1.465
0.986
0.275
0.445
0.756
0.792
0.702
0.536
1.258
0.947
0.509
0.196
0.116
0.107
0.104
0.106
0.103
0.104
0.106
0.332
0.685
0.459
1.374
1.269
1.424
1.117
0.339
0.467
0.735
0.745
0.718
0.531
1.196
0.918
0.501
0.195
0.113
0.109
0.105
0.106
0.102
0.103
0.106
0.309
0.665
0.426
1.374
1.375
1.297
1.017
0.314
0.432
0.7
0.843
0.777
0.531
1.155
0.89
0.514
0.184
0.111
0.112
0.103
0.106
0.102
0.101
0.105
0.303
0.66
0.414
1.273
1.299
1.195
0.925
0.291
0.397
0.692
0.79
0.751
0.542
1.099
0.87
0.498
0.179
0.113
0.113
0.103
0.105
0.1
0.1
0.106
0.305
0.673
0.404
1.212
1.199
1.106
0.842
0.274
0.366
0.633
0.721
0.985
0.616
1.089
0.851
0.48
0.175
0.111
0.11
0.103
0.104
0.099
0.1
0.105
0.306
0.68
0.392
1.234
1.215
1.182
1.125
0.258
0.342
0.605
0.662
1.099
0.589
1.036
0.826
0.494
0.181
0.111
0.108
0.103
0.102
0.099
0.101
0.105
0.305
0.69
0.382
1.135
1.327
1.394
1.162
0.264
0.317
0.557
0.663
1.015
0.541
0.977
0.812
0.469
0.173
0.11
0.109
0.102
0.101
0.098
0.101
0.107
0.304
0.708
0.386
1.204
1.293
1.287
1.1
0.253
0.297
0.533
0.607
1.066
0.754
0.925
0.963
0.661
0.18
0.109
0.11
0.104
0.099
0.099
0.103
0.107
0.303
0.71
0.381
1.099
1.172
1.168
1.001
0.238
0.278
0.49
0.558
0.97
0.737
0.889
0.962
0.628
0.18
0.111
0.11
0.103
0.098
0.103
0.104
0.104
0.29
0.712
0.374
1.015
1.065
1.062
0.913
0.223
0.288
0.45
0.514
0.966
0.74
0.907
0.941
0.624
0.2
0.109
0.107
0.102
0.101
0.104
0.103
0.102
0.291
0.718
0.368
0.943
1.021
1.003
0.876
0.209
0.373
0.606
0.518
0.916
0.722
0.849
0.918
0.589
0.198
0.107
0.107
0.101
0.099
0.102
0.104
0.104
0.271
0.728
0.363
0.881
0.946
1.039
0.948
0.208
0.347
0.585
0.482
0.911
0.706
0.815
0.972
0.566
0.203
0.108
0.109
0.102
0.099
0.104
0.104
0.103
0.276
0.735
0.359
0.822
1.021
1.232
1.204
0.207
0.358
0.696
0.611
0.862
0.66
0.8
0.931
0.526
0.195
0.107
0.107
0.1
0.103
0.106
0.103
0.102
0.299
0.705
0.356
0.751
0.929
1.176
1.119
0.223
0.393
0.673
0.633
0.802
0.604
0.732
0.889
0.501
0.187
0.107
0.108
0.1
0.103
0.106
0.104
0.103
0.281
0.712
0.353
0.715
0.881
1.26
1.116
0.211
0.363
0.681
0.624
0.789
0.677
0.892
0.893
0.473
0.181
0.106
0.108
0.1
0.102
0.105
0.105
0.102
0.265
0.741
0.353
0.676
0.879
1.19
1.015
0.201
0.337
0.649
0.579
0.829
0.673
0.898
0.857
0.499
0.197
0.106
0.109
0.102
0.101
0.106
0.104
0.102
0.27
0.748
0.347
0.641
0.86
1.364
1.234
0.193
0.315
0.626
0.534
0.8
0.681
0.881
0.837
0.518
0.204
0.104
0.112
0.106
0.1
0.105
0.105
0.101
0.273
0.742
0.466
0.802
0.8
1.269
1.153
0.184
0.297
0.581
0.51
0.802
0.662
0.876
0.832
0.504
0.201
0.102
0.111
0.105
0.1
0.105
0.103
0.1
0.274
0.753
0.465
0.769
0.786
1.152
1.049
0.174
0.278
0.531
0.5
0.816
0.656
0.842
0.849
0.513
0.223
0.103
0.109
0.104
0.102
0.106
0.101
0.099
0.276
0.756
0.452
0.724
0.737
1.092
0.981
0.168
0.263
0.626
0.632
0.843
0.642
0.82
0.851
0.499
0.221
0.105
0.108
0.103
0.101
0.104
0.102
0.098
0.272
0.756
0.438
0.684
0.85
1.285
1.167
0.159
0.268
0.759
0.794
0.835
0.627
0.799
0.819
0.514
0.216
0.105
0.106
0.106
0.101
0.101
0.101
0.097
0.274
0.759
0.427
0.723
0.975
1.364
1.207
0.172
0.266
0.692
0.73
0.909
0.755
0.983
0.865
0.497
0.207
0.105
0.104
0.105
0.1
0.104
0.099
0.095
0.278
0.776
0.428
0.694
0.888
1.475
1.144
0.165
0.25
0.632
0.688
0.897
0.74
0.949
0.881
0.487
0.198
0.104
0.105
0.104
0.1
0.1
0.1
0.095
0.28
0.783
0.418
0.637
0.808
1.335
1.038
0.16
0.233
0.579
0.625
0.866
0.718
0.926
0.88
0.47
0.187
0.102
0.105
0.104
0.096
0.102
0.096
0.095
0.284
0.764
0.406
0.732
1.195
1.215
1.046
0.178
0.236
0.556
0.581
0.793
0.658
0.924
0.843
0.459
0.183
0.104
0.104
0.104
0.095
0.101
0.095
0.094
0.285
0.756
0.41
0.708
1.158
1.125
0.95
0.17
0.223
0.553
0.57
0.975
0.643
0.898
0.842
0.458
0.2
0.108
0.102
0.104
0.095
0.101
0.095
0.095
0.287
0.755
0.4
0.799
1.43
1.325
1.098
0.165
0.208
0.508
0.53
0.95
0.634
0.864
0.833
0.447
0.194
0.106
0.1
0.104
0.097
0.101
0.095
0.095
0.29
0.773
0.399
0.728
1.297
1.382
1.206
0.181
0.219
0.476
0.559
0.887
0.59
0.858
0.828
0.436
0.185
0.105
0.102
0.105
0.097
0.098
0.096
0.094
0.29
0.768
0.389
0.682
1.186
1.284
1.126
0.173
0.208
0.439
0.552
0.85
0.581
1.001
0.969
0.435
0.191
0.105
0.103
0.104
0.096
0.097
0.095
0.093
0.292
0.768
0.379
0.645
1.082
1.167
1.022
0.168
0.221
0.404
0.538
0.805
0.623
1.025
0.942
0.428
0.186
0.105
0.104
0.103
0.096
0.097
0.094
0.096
0.357
0.744
0.359
0.595
1.034
1.075
0.928
0.16
0.209
0.386
0.546
1.06
0.622
0.981
0.938
0.424
0.179
0.103
0.106
0.105
0.095
0.096
0.093
0.098
0.352
0.744
0.352
0.548
0.974
0.98
0.844
0.153
0.199
0.358
0.499
1.008
0.611
0.95
0.916
0.416
0.175
0.103
0.106
0.104
0.096
0.095
0.094
0.099
0.347
0.738
0.345
0.66
1.103
0.901
0.77
0.147
0.191
0.357
0.46
0.98
0.599
0.923
0.888
0.482
0.218
0.105
0.107
0.102
0.096
0.094
0.095
0.098
0.341
0.744
0.342
0.628
1.051
0.942
0.703
0.141
0.183
0.412
0.656
1.042
0.615
0.889
1.397
0.521
0.212
0.104
0.107
0.101
0.095
0.091
0.094
0.098
0.338
0.752
0.356
0.615
1.209
1.252
0.741
0.176
0.225
0.401
0.665
0.981
0.619
0.881
1.318
0.535
0.21
0.103
0.106
0.101
0.098
0.092
0.093
0.095
0.336
0.753
0.352
0.697
1.206
1.155
0.72
0.173
0.215
0.371
0.623
0.982
0.607
0.85
1.266
0.515
0.211
0.105
0.105
0.1
0.097
0.092
0.091
0.097
0.333
0.756
0.355
0.659
1.094
1.051
0.656
0.164
0.203
0.342
0.57
0.927
0.612
0.951
1.388
0.526
0.217
0.106
0.109
0.1
0.096
0.092
0.092
0.095
0.329
0.745
0.362
0.623
1.091
1.345
0.899
0.16
0.192
0.316
0.525
0.885
0.589
0.911
1.351
0.541
0.226
0.114
0.107
0.099
0.093
0.091
0.091
0.095
0.324
0.744
0.356
0.584
0.991
1.218
0.817
0.153
0.184
0.294
0.481
0.806
0.608
0.872
1.313
0.514
0.213
0.113
0.104
0.1
0.094
0.092
0.088
0.096
0.321
0.742
0.35
0.555
0.966
1.267
0.814
0.232
0.375
0.347
0.458
0.818
0.595
0.841
1.266
0.505
0.233
0.112
0.102
0.099
0.094
0.091
0.089
0.103
0.319
0.729
0.362
0.531
0.9
1.378
0.932
0.254
0.387
0.404
0.473
0.866
0.569
0.79
1.185
0.557
0.233
0.11
0.102
0.099
0.093
0.09
0.093
0.107
0.321
0.728
0.357
0.66
1.265
1.659
0.89
0.287
0.417
0.393
0.483
0.914
0.584
0.779
1.125
0.577
0.231
0.11
0.101
0.101
0.094
0.09
0.093
0.106
0.305
0.686
0.404
0.624
1.696
1.55
1.027
0.346
0.388
0.44
0.466
0.905
0.612
0.89
1.242
0.569
0.268
0.117
0.105
0.1
0.095
0.09
0.096
0.106
0.29
0.648
0.438
0.593
1.561
1.427
0.984
0.325
0.359
0.407
0.466
0.846
0.637
0.873
1.173
0.587
0.286
0.159
0.108
0.102
0.096
0.091
0.097
0.107
0.275
0.616
0.469
0.567
1.443
1.37
0.916
0.304
0.333
0.409
0.492
0.819
0.655
0.839
1.095
0.562
0.316
0.173
0.108
0.104
0.097
0.092
0.096
0.108
0.263
0.587
0.488
0.538
1.451
1.41
0.835
0.284
0.311
0.389
0.488
0.787
0.739
0.822
1.042
0.578
0.316
0.177
0.119
0.108
0.099
0.094
0.098
0.109
0.247
0.537
0.518
0.517
1.343
1.457
1.095
0.614
0.319
0.372
0.454
0.754
0.755
0.8
0.995
0.595
0.342
0.189
0.121
0.11
0.099
0.094
0.1
0.109
0.239
0.515
0.539
0.496
1.221
1.361
1.006
0.563
0.298
0.346
0.418
0.737
0.767
0.766
0.953
0.567
0.362
0.22
0.122
0.109
0.101
0.094
0.099
0.108
0.231
0.498
0.572
0.498
1.12
1.25
1.115
0.712
0.328
0.37
0.409
0.73
0.771
0.752
0.922
0.566
0.385
0.226
0.149
0.173
0.129
0.096
0.106
0.113
0.223
0.482
0.549
0.457
1.106
1.243
1.016
0.647
0.305
0.402
0.408
0.717
0.746
0.761
0.876
0.524
0.36
0.218
0.142
0.169
0.125
0.099
0.106
0.114
0.214
0.482
0.529
0.437
1.003
1.127
0.925
0.589
0.283
0.371
0.374
0.675
0.744
0.97
1.047
0.616
0.388
0.228
0.141
0.167
0.119
0.097
0.111
0.119
0.216
0.578
0.544
0.412
0.911
1.021
0.844
0.536
0.267
0.341
0.347
0.616
0.735
0.947
1.026
0.604
0.365
0.214
0.14
0.163
0.116
0.099
0.108
0.123
0.208
0.555
0.561
0.403
0.847
0.95
0.786
0.513
0.258
0.317
0.324
0.592
0.715
0.962
1.217
0.806
0.593
0.388
0.162
0.159
0.113
0.096
0.11
0.117
0.204
0.531
0.581
0.398
0.773
0.862
0.714
0.471
0.243
0.294
0.304
0.59
0.745
1.106
1.28
0.796
0.57
0.356
0.157
0.151
0.113
0.093
0.105
0.112
0.201
0.51
0.618
0.396
0.702
0.782
0.649
0.437
0.225
0.322
0.335
0.598
0.732
1.123
1.233
0.92
0.801
0.34
0.154
0.143
0.11
0.093
0.101
0.107
0.193
0.529
0.619
0.387
0.66
0.721
0.598
0.401
0.301
0.583
0.428
0.621
0.779
1.099
1.188
0.932
0.801
0.316
0.153
0.139
0.11
0.091
0.1
0.108
0.186
0.51
0.602
0.47
1.132
0.742
0.723
0.635
0.449
0.624
0.435
0.648
0.792
1.095
1.354
1.051
0.749
0.293
0.149
0.133
0.135
0.122
0.102
0.104
0.179
0.506
0.639
0.504
1.046
0.676
0.661
0.583
0.413
0.57
0.46
0.862
0.78
1.087
1.289
1.034
0.752
0.297
0.151
0.15
0.141
0.119
0.144
0.15
0.222
0.577
0.747
0.646
1.172
0.677
0.626
0.583
0.535
0.542
0.437
0.801
0.749
1.033
1.214
1.03
0.711
0.283
0.142
0.145
0.135
0.115
0.143
0.142
0.211
0.549
0.898
0.818
1.098
0.69
0.6
0.531
0.488
0.497
0.4
0.758
0.918
1.28
1.916
1.065
0.683
0.313
0.137
0.142
0.129
0.11
0.143
0.134
0.213
0.526
0.895
0.765
0.998
0.656
0.564
0.491
0.446
0.457
0.368
0.723
0.891
1.207
1.775
1.063
0.671
0.296
0.13
0.135
0.124
0.112
0.135
0.128
0.214
0.543
0.84
0.717
0.929
0.618
0.557
0.455
0.409
0.418
0.348
0.706
0.874
1.372
1.855
1.223
0.713
0.315
0.126
0.135
0.118
0.107
0.128
0.122
0.221
0.518
0.979
0.858
0.871
0.621
0.628
0.46
0.392
0.397
0.332
0.678
0.941
1.469
1.925
1.171
0.695
0.308
0.121
0.133
0.112
0.108
0.121
0.121
0.227
0.498
0.941
0.825
0.991
0.702
0.619
0.438
0.363
0.364
0.308
0.621
0.91
1.36
1.777
1.089
0.674
0.323
0.122
0.127
0.114
0.104
0.118
0.115
0.233
0.559
0.914
0.783
0.936
0.702
0.583
0.406
0.333
0.337
0.284
0.573
0.865
1.285
1.874
1.224
0.66
0.339
0.119
0.128
0.109
0.101
0.113
0.111
0.237
0.543
0.872
0.789
0.882
0.683
0.559
0.371
0.306
0.317
0.263
0.549
0.829
1.245
1.74
1.139
0.627
0.336
0.166
0.138
0.108
0.099
0.113
0.108
0.244
0.518
0.863
0.761
0.814
0.656
0.538
0.343
0.288
0.292
0.245
0.504
0.809
1.228
1.628
1.057
0.593
0.331
0.159
0.135
0.107
0.099
0.108
0.108
0.23
0.475
0.942
0.91
0.95
0.679
0.498
0.317
0.268
0.274
0.23
0.477
0.773
1.161
1.746
1.293
0.691
0.351
0.155
0.132
0.107
0.095
0.106
0.103
0.239
0.512
0.896
0.882
0.919
0.635
0.458
0.295
0.251
0.254
0.216
0.5
0.786
1.097
2.119
1.25
0.66
0.325
0.149
0.128
0.107
0.092
0.106
0.111
0.251
0.492
0.896
0.843
0.866
0.614
0.511
0.286
0.236
0.236
0.203
0.463
0.798
1.11
1.969
1.187
0.712
0.332
0.144
0.125
0.102
0.093
0.108
0.117
0.258
0.471
0.836
0.831
0.821
0.65
0.556
0.28
0.395
0.385
0.197
0.648
0.835
1.058
1.823
1.143
0.673
0.308
0.142
0.122
0.102
0.09
0.11
0.126
0.264
0.456
0.82
0.822
0.787
0.623
0.529
0.323
0.403
0.58
0.213
0.642
0.943
1.039
1.678
1.065
0.687
0.287
0.136
0.12
0.108
0.111
0.105
0.122
0.244
0.422
0.95
1.091
0.87
0.614
0.652
0.528
0.429
0.571
0.242
0.637
0.966
1.0
1.603
1.023
0.668
0.276
0.133
0.118
0.104
0.113
0.102
0.127
0.254
0.448
0.921
1.035
0.821
0.604
0.831
0.626
0.421
0.551
0.294
0.679
0.997
0.959
1.529
0.994
0.664
0.265
0.132
0.114
0.103
0.109
0.098
0.132
0.26
0.438
0.952
0.976
0.791
0.604
0.778
0.598
0.444
0.532
0.306
0.655
0.994
0.917
1.463
0.926
0.626
0.246
0.128
0.114
0.1
0.106
0.095
0.138
0.266
0.474
1.199
1.167
0.825
0.597
0.728
0.813
0.466
0.516
0.316
0.655
1.009
0.884
1.364
0.864
0.628
0.236
0.171
0.158
0.146
0.151
0.14
0.179
0.295
0.553
1.313
1.32
0.982
0.818
0.755
0.778
0.469
0.532
0.342
0.698
1.187
0.905
1.438
1.008
0.612
0.221
0.161
0.15
0.137
0.153
0.183
0.333
0.481
0.711
1.582
1.465
1.068
0.838
0.728
0.881
0.6
0.491
0.403
0.869
1.369
1.065
1.419
0.99
0.623
0.256
0.201
0.191
0.18
0.194
0.22
0.457
0.688
0.878
1.66
1.798
1.38
1.048
0.783
1.03
0.778
0.697
0.603
0.967
1.369
1.014
1.335
0.956
0.589
0.245
0.188
0.178
0.168
0.18
0.275
0.59
0.958
0.908
1.545
1.688
1.27
0.994
0.722
1.096
0.934
0.837
0.588
0.916
1.334
0.972
1.474
1.124
0.568
0.242
0.175
0.172
0.258
0.298
0.411
0.678
1.046
0.986
1.649
1.717
1.239
0.96
0.692
1.144
0.909
0.832
0.585
0.878
1.268
0.96
1.388
1.075
0.542
0.248
0.172
0.167
0.288
0.422
0.555
0.806
1.142
1.045
1.828
1.924
1.467
1.138
0.811
1.174
0.959
0.868
0.58
0.969
1.39
1.021
1.305
1.055
0.544
0.243
0.165
0.158
0.269
0.405
0.51
0.748
1.057
0.975
1.678
1.829
1.372
1.156
0.977
1.206
0.905
0.825
0.557
0.919
1.354
0.973
1.249
0.986
0.562
0.25
0.161
0.151
0.254
0.371
0.471
0.818
1.123
1.041
1.71
1.929
1.475
1.244
1.132
1.523
0.885
0.776
0.618
1.095
1.5
1.176
1.378
1.01
0.539
0.252
0.156
0.147
0.238
0.345
0.433
0.803
1.183
1.102
1.606
1.832
1.367
1.208
1.073
1.459
0.841
0.787
0.626
1.083
1.424
1.166
1.288
0.939
0.552
0.381
0.271
0.26
0.338
0.436
0.512
0.793
1.145
1.082
1.605
1.787
1.386
1.144
1.016
1.407
0.794
0.739
0.594
1.033
1.439
1.126
1.357
1.069
0.535
0.367
0.253
0.246
0.316
0.4
0.468
0.734
1.06
1.009
1.52
1.674
1.322
1.053
0.925
1.308
0.939
0.944
0.605
0.998
1.466
1.078
1.297
1.049
0.528
0.358
0.236
0.228
0.296
0.368
0.429
0.679
0.986
0.94
1.451
1.62
1.269
0.995
0.897
1.21
0.875
0.882
0.613
0.946
1.432
1.058
1.285
1.196
0.593
0.348
0.219
0.211
0.327
0.388
0.446
0.681
0.979
0.938
1.434
1.54
1.218
0.979
0.836
1.162
0.824
0.828
0.582
0.938
1.343
1.005
1.24
1.103
0.546
0.324
0.207
0.203
0.301
0.358
0.408
0.719
0.972
0.932
1.41
1.43
1.171
0.949
0.825
1.126
0.808
0.815
0.641
1.025
1.35
1.091
1.394
1.031
0.529
0.406
0.283
0.303
0.427
0.463
0.508
0.82
1.054
1.002
1.412
1.375
1.171
0.937
0.819
1.081
0.795
0.765
0.617
0.979
1.458
1.271
1.589
1.282
0.641
0.505
0.393
0.43
0.546
0.573
0.604
0.905
1.145
1.081
1.471
1.334
1.342
1.145
1.017
1.212
0.795
0.748
0.62
0.954
1.606
1.339
1.674
1.471
0.682
0.542
0.458
0.493
0.581
0.605
0.655
0.925
1.145
1.136
1.397
1.251
1.292
1.064
0.949
1.297
0.904
0.705
0.602
0.935
1.527
1.343
1.562
1.44
0.768
0.602
0.517
0.536
0.609
0.639
0.699
0.925
1.143
1.153
1.369
1.19
1.21
1.019
0.898
1.466
0.996
0.69
0.595
0.896
1.487
1.26
1.448
1.408
0.825
0.669
0.549
0.566
0.648
0.673
0.724
0.921
1.114
1.139
1.582
1.395
1.482
1.183
0.863
1.387
0.936
0.718
0.589
0.871
1.425
1.185
1.375
1.297
0.807
0.61
0.529
0.565
0.66
0.759
0.809
0.992
1.159
1.198
1.613
1.576
1.624
1.199
0.851
1.326
0.902
0.726
0.592
0.845
1.462
1.457
1.415
1.333
0.911
0.724
0.623
0.645
0.739
0.839
0.894
1.083
1.245
1.263
1.705
1.819
1.804
1.512
1.158
1.547
1.189
0.729
0.583
0.836
1.411
1.665
1.725
1.455
1.178
0.886
0.724
0.744
0.834
0.932
0.98
1.157
1.306
1.317
1.759
1.975
2.051
1.663
1.689
1.78
1.117
0.828
0.681
1.097
1.63
1.787
1.662
1.385
1.165
0.913
0.844
0.832
0.916
1.007
1.057
1.229
1.375
1.374
1.78
1.997
2.129
1.819
1.774
1.86
1.237
0.831
0.663
1.038
1.704
1.704
1.729
1.71
1.512
0.979
0.916
0.906
0.963
1.05
1.121
1.283
1.402
1.417
1.771
2.034
2.195
1.879
1.676
1.768
1.169
0.776
0.639
1.031
1.61
1.655
1.673
1.666
1.46
1.021
0.976
0.965
1.003
1.095
1.168
1.313
1.42
1.454
1.944
2.051
2.065
1.985
1.785
1.946
1.195
0.867
0.786
1.12
1.877
1.863
1.936
2.078
1.831
1.109
1.046
1.032
1.051
1.166
1.197
1.36
1.449
1.484
1.951
2.003
2.099
2.173
1.958
2.116
1.279
0.933
1.056
1.408
2.081
2.112
2.165
2.288
1.856
1.14
1.1
1.087
1.085
1.243
1.299
1.378
1.493
1.61
2.161
2.225
2.265
2.555
2.402
2.531
1.958
1.374
1.183
1.538
2.093
2.17
2.179
2.292
1.808
1.177
1.148
1.117
1.124
1.284
1.31
1.401
1.528
1.621
2.353
2.411
2.455
2.659
2.247
2.701
1.99
1.4
1.296
1.633
2.228
2.488
2.313
2.432
1.809
1.158
1.134
1.106
1.137
1.302
1.329
1.359
1.496
1.579
2.27
2.394
2.363
2.502
2.093
2.546
1.841
1.31
1.237
1.548
2.13
2.33
2.245
2.535
1.987
1.203
1.149
1.134
1.177
1.316
1.33
1.387
1.518
1.583
2.212
2.381
2.401
2.591
2.402
2.722
1.991
1.35
1.252
1.505
2.169
2.396
2.389
2.385
1.892
1.14
1.089
1.076
1.116
1.241
1.253
1.316
1.447
1.502
2.083
2.305
2.265
2.614
2.742
2.617
1.878
1.29
1.204
1.496
2.067
2.259
2.301
2.239
1.764
1.041
1.019
1.024
1.064
1.173
1.184
1.252
1.382
1.43
1.966
2.279
2.248
2.54
2.753
2.541
1.784
1.198
1.132
1.427
2.022
2.168
2.234
2.139
1.715
0.993
0.972
0.977
1.014
1.111
1.119
1.194
1.329
1.367
1.848
2.197
2.13
2.615
2.772
2.407
1.753
1.13
1.051
1.381
1.964
2.054
2.154
2.089
1.649
0.978
0.931
0.934
0.968
1.055
1.063
1.141
1.276
1.309
1.744
2.124
2.036
2.548
2.604
2.352
1.826
1.15
1.072
1.349
1.918
1.956
2.105
2.16
1.686
1.031
1.0
0.986
1.015
1.112
1.124
1.191
1.32
1.37
1.752
2.032
1.909
2.553
2.815
2.457
1.752
1.094
1.004
1.29
1.913
1.914
2.083
2.147
1.852
1.102
1.057
1.024
1.058
1.161
1.144
1.24
1.36
1.392
1.791
1.96
1.85
2.605
2.969
2.491
1.659
1.064
1.019
1.278
1.902
1.856
2.008
2.09
1.801
1.081
1.008
0.977
1.008
1.103
1.087
1.182
1.304
1.337
1.753
1.869
1.847
2.664
3.136
2.618
1.826
1.236
1.039
1.295
2.057
1.962
2.174
2.15
1.706
1.03
0.962
0.935
0.963
1.048
1.034
1.132
1.253
1.286
1.722
1.785
1.822
2.806
3.137
2.557
1.91
1.416
1.221
1.401
2.156
2.053
2.29
2.184
1.619
1.09
1.015
0.984
1.028
1.109
1.078
1.179
1.316
1.317
1.686
1.764
1.935
2.802
3.125
2.585
1.935
1.351
1.173
1.382
2.2
2.13
2.563
2.442
1.65
1.043
0.97
0.942
0.981
1.053
1.025
1.127
1.265
1.265
1.655
1.698
1.895
2.792
3.344
2.692
1.998
1.295
1.259
1.523
2.337
2.272
2.557
2.38
1.714
1.152
1.01
1.003
1.04
1.086
1.09
1.185
1.308
1.331
1.654
1.831
1.987
2.771
3.278
2.818
1.897
1.244
1.218
1.49
2.253
2.158
2.415
2.31
1.632
1.164
1.074
1.059
1.089
1.142
1.151
1.247
1.372
1.374
1.84
2.061
2.168
2.925
3.741
3.222
1.976
1.296
1.399
1.445
2.148
2.199
2.356
2.271
1.641
1.251
1.135
1.11
1.132
1.191
1.208
1.304
1.407
1.432
1.84
2.096
2.344
3.007
3.658
3.273
2.19
1.412
1.374
1.437
2.103
2.333
2.421
2.37
1.789
1.212
1.076
1.055
1.074
1.128
1.142
1.239
1.345
1.368
1.734
2.153
2.398
3.162
3.971
3.302
2.071
1.347
1.267
1.338
2.029
2.202
2.336
2.287
1.79
1.3
1.111
1.117
1.124
1.155
1.194
1.285
1.384
1.419
1.722
2.14
2.258
2.984
4.013
3.273
1.968
1.364
1.254
1.384
2.096
2.276
2.462
2.349
1.881
1.253
1.056
1.06
1.067
1.098
1.13
1.228
1.329
1.356
1.634
2.085
2.163
2.98
3.756
3.025
1.834
1.453
1.367
1.421
2.171
2.341
2.454
2.354
1.867
1.221
1.065
1.054
1.056
1.103
1.117
1.215
1.333
1.329
1.545
1.973
1.997
2.773
3.437
2.84
1.706
1.359
1.283
1.371
2.137
2.381
2.516
2.339
1.849
1.133
0.965
0.956
0.957
1.0
1.014
1.112
1.229
1.224
1.418
1.857
1.846
2.736
3.325
2.647
1.6
1.271
1.229
1.329
2.039
2.219
2.361
2.174
1.71
1.044
0.877
0.879
0.867
0.924
0.92
1.028
1.145
1.132
1.315
1.753
1.692
2.498
3.027
2.463
1.475
1.176
1.134
1.251
1.942
2.053
2.212
2.07
1.575
0.973
0.798
0.804
0.787
0.839
0.835
0.951
1.06
1.047
1.213
1.659
1.555
2.31
2.758
2.531
1.504
1.086
1.062
1.189
1.861
1.931
2.129
1.899
1.457
0.889
0.732
0.73
0.714
0.762
0.766
0.877
0.989
0.979
1.189
1.627
1.715
2.374
2.651
2.421
1.408
1.057
1.009
1.131
1.772
1.798
2.028
1.789
1.384
0.816
0.67
0.664
0.655
0.692
0.696
0.814
0.921
0.91
1.105
1.57
1.594
2.196
2.414
2.268
1.294
1.135
1.132
1.058
1.687
1.683
1.906
1.68
1.285
0.745
0.619
0.604
0.595
0.629
0.633
0.749
0.858
0.847
1.051
1.47
1.466
2.096
2.206
2.289
1.199
1.049
1.052
1.008
1.61
1.614
1.83
1.571
1.202
0.706
0.564
0.551
0.543
0.573
0.576
0.691
0.801
0.79
0.974
1.432
1.372
1.943
2.261
2.419
1.132
1.007
1.041
0.979
1.725
1.688
1.762
1.628
1.304
0.659
0.526
0.507
0.498
0.523
0.525
0.647
0.751
0.738
0.961
1.336
1.279
1.823
2.338
2.356
1.06
0.962
0.977
0.972
1.628
1.581
1.731
1.505
1.252
0.604
0.479
0.511
0.505
0.528
0.527
0.649
0.754
0.741
0.985
1.383
1.251
1.807
2.16
2.321
1.009
0.946
0.932
1.078
1.805
1.498
1.851
1.555
1.188
0.577
0.439
0.467
0.461
0.481
0.482
0.602
0.716
0.746
0.973
1.417
1.261
1.737
2.071
2.413
1.121
0.913
0.927
1.039
1.755
1.423
1.745
1.499
1.094
0.527
0.401
0.457
0.47
0.488
0.49
0.61
0.723
0.749
0.953
1.411
1.266
1.936
2.07
2.231
1.038
0.853
0.867
1.017
1.683
1.34
1.711
1.44
1.067
0.538
0.416
0.468
0.481
0.495
0.497
0.615
0.729
0.752
0.935
1.417
1.228
1.844
2.23
2.247
0.973
0.815
0.808
0.967
1.65
1.279
1.738
1.362
1.027
0.491
0.381
0.427
0.439
0.452
0.459
0.572
0.686
0.712
0.876
1.379
1.224
1.921
2.139
2.21
0.93
0.787
0.788
0.96
1.574
1.245
1.654
1.263
0.949
0.448
0.355
0.393
0.406
0.414
0.423
0.533
0.652
0.669
0.822
1.319
1.136
1.862
2.345
2.215
0.87
0.74
0.742
0.913
1.507
1.206
1.55
1.235
0.893
0.423
0.328
0.366
0.374
0.383
0.387
0.502
0.616
0.637
0.815
1.264
1.106
1.949
2.235
2.267
0.821
0.698
0.7
0.872
1.449
1.14
1.501
1.149
0.827
0.387
0.304
0.375
0.392
0.401
0.404
0.519
0.634
0.65
0.823
1.275
1.071
1.97
2.336
2.345
0.775
0.663
0.661
0.841
1.392
1.087
1.467
1.121
0.778
0.392
0.328
0.4
0.409
0.417
0.42
0.534
0.65
0.663
0.818
1.282
1.042
1.809
2.539
2.378
0.731
0.631
0.658
0.821
1.367
1.067
1.46
1.057
0.748
0.375
0.303
0.404
0.426
0.432
0.435
0.547
0.662
0.675
0.871
1.23
1.122
1.76
2.49
2.218
0.706
0.597
0.627
0.793
1.332
1.037
1.424
0.998
0.708
0.351
0.28
0.376
0.392
0.397
0.402
0.51
0.625
0.644
0.812
1.197
1.088
1.856
2.446
2.166
0.678
0.569
0.595
0.805
1.252
1.024
1.353
0.965
0.647
0.325
0.265
0.346
0.366
0.366
0.37
0.479
0.592
0.615
0.761
1.155
1.007
1.734
2.44
2.1
0.644
0.542
0.57
0.765
1.244
1.027
1.314
0.908
0.62
0.301
0.248
0.318
0.337
0.335
0.339
0.45
0.563
0.595
0.783
1.083
1.093
1.797
2.266
1.934
0.618
0.539
0.551
0.781
1.185
0.984
1.277
0.873
0.577
0.299
0.233
0.294
0.314
0.308
0.316
0.422
0.537
0.567
0.739
1.049
1.014
1.676
2.076
1.88
0.598
0.528
0.531
0.784
1.132
0.956
1.234
0.868
0.586
0.306
0.232
0.275
0.293
0.283
0.307
0.447
0.561
0.593
0.745
1.08
0.992
1.77
2.495
2.087
0.622
0.505
0.512
0.754
1.102
0.936
1.551
0.888
0.746
0.3
0.221
0.256
0.274
0.263
0.286
0.42
0.534
0.566
0.699
1.07
1.032
1.695
2.554
1.989
0.613
0.514
0.514
0.752
1.08
0.91
1.489
0.871
0.707
0.308
0.23
0.236
0.252
0.251
0.263
0.398
0.51
0.538
0.661
1.031
0.96
1.71
2.56
1.872
0.584
0.496
0.49
0.725
1.083
0.909
1.42
0.852
0.675
0.289
0.219
0.22
0.233
0.24
0.243
0.375
0.489
0.511
0.632
1.012
0.897
1.6
2.334
1.786
0.553
0.48
0.487
0.703
1.073
0.902
1.331
0.82
0.728
0.316
0.251
0.254
0.265
0.274
0.274
0.405
0.519
0.537
0.709
0.998
0.903
1.56
2.128
1.64
0.556
0.467
0.501
0.674
1.061
0.872
1.33
0.816
0.761
0.356
0.281
0.287
0.294
0.302
0.301
0.43
0.545
0.559
0.714
1.023
0.891
1.749
2.104
1.818
0.532
0.455
0.482
0.642
1.07
0.845
1.321
0.775
0.729
0.378
0.309
0.317
0.319
0.33
0.327
0.455
0.569
0.578
0.767
0.997
0.887
1.68
1.972
1.724
0.516
0.459
0.462
0.616
1.038
0.803
1.33
0.79
0.702
0.371
0.338
0.34
0.343
0.353
0.354
0.477
0.59
0.598
0.772
1.089
1.037
2.069
2.253
1.647
0.533
0.486
0.444
0.687
1.103
0.828
1.345
1.063
0.783
0.408
0.359
0.36
0.365
0.378
0.378
0.489
0.601
0.617
0.787
1.25
1.23
2.43
2.294
1.678
0.56
0.497
0.445
0.68
1.087
0.819
1.306
1.055
0.779
0.397
0.331
0.337
0.336
0.355
0.353
0.446
0.56
0.586
0.775
1.177
1.239
2.77
2.436
1.582
0.559
0.545
0.458
0.657
1.085
0.804
1.366
1.049
0.75
0.376
0.313
0.312
0.311
0.327
0.323
0.44
0.57
0.606
0.772
1.188
1.146
2.592
2.225
1.477
0.542
0.518
0.447
0.633
1.074
0.777
1.319
0.994
0.77
0.351
0.288
0.287
0.287
0.301
0.297
0.403
0.53
0.574
0.722
1.149
1.059
2.508
2.301
1.421
0.523
0.493
0.43
0.636
1.056
0.767
1.281
0.946
0.774
0.377
0.314
0.314
0.314
0.325
0.322
0.417
0.544
0.595
0.763
1.128
1.039
2.353
2.099
1.333
0.52
0.456
0.425
0.619
1.053
0.776
1.212
0.939
0.765
0.36
0.29
0.318
0.338
0.348
0.344
0.43
0.556
0.614
0.813
1.101
0.99
2.157
1.947
1.287
0.542
0.45
0.573
0.802
1.038
0.776
1.17
0.905
0.727
0.417
0.321
0.342
0.368
0.369
0.366
0.443
0.568
0.634
0.866
1.077
0.984
2.027
1.93
1.39
0.567
0.436
0.556
0.814
1.049
0.809
1.165
0.913
0.74
0.486
0.345
0.362
0.386
0.388
0.384
0.453
0.577
0.649
0.856
1.078
0.961
1.915
1.85
1.656
0.567
0.658
0.636
0.778
1.033
0.794
1.134
0.923
0.773
0.526
0.366
0.384
0.402
0.404
0.401
0.463
0.586
0.662
0.858
1.089
0.942
1.803
1.732
1.531
0.581
0.675
0.618
0.739
1.216
0.961
1.305
1.019
0.768
0.483
0.34
0.378
0.416
0.419
0.417
0.471
0.594
0.681
0.912
1.06
0.932
1.737
1.592
1.537
0.767
0.956
0.761
0.724
1.188
0.948
1.246
0.986
0.739
0.508
0.323
0.396
0.432
0.432
0.431
0.48
0.603
0.693
0.908
0.999
0.918
1.601
1.496
1.52
0.765
0.899
0.737
0.685
1.17
0.911
1.207
0.94
0.706
0.523
0.302
0.398
0.449
0.446
0.442
0.487
0.609
0.701
0.901
1.028
0.915
1.471
1.418
1.481
0.737
0.838
0.697
0.651
1.156
1.057
1.373
0.929
0.673
0.48
0.281
0.37
0.41
0.408
0.405
0.445
0.566
0.668
0.837
1.001
0.857
1.391
1.304
1.577
0.711
0.784
0.657
0.629
1.136
1.013
1.356
0.927
0.681
0.454
0.262
0.343
0.381
0.375
0.37
0.407
0.527
0.63
0.786
0.975
0.84
1.379
1.61
1.632
0.671
0.755
0.62
0.596
1.165
0.98
1.355
0.914
0.658
0.428
0.245
0.32
0.349
0.343
0.341
0.373
0.497
0.602
0.812
1.135
1.129
1.458
1.488
1.602
0.642
0.726
0.629
0.564
1.357
1.116
1.306
0.908
0.644
0.404
0.237
0.345
0.37
0.365
0.363
0.391
0.515
0.62
0.858
1.135
1.133
1.457
1.409
1.514
0.627
0.667
0.576
0.535
1.326
1.062
1.264
0.944
0.649
0.386
0.237
0.372
0.389
0.383
0.382
0.407
0.53
0.637
0.894
1.105
1.06
1.393
1.333
1.466
0.767
0.821
0.549
0.521
1.319
1.008
1.234
0.925
0.614
0.369
0.224
0.341
0.355
0.35
0.349
0.372
0.495
0.602
0.881
1.053
1.005
1.281
1.247
1.363
0.728
0.766
0.522
0.5
1.31
0.984
1.213
0.9
0.585
0.364
0.214
0.313
0.326
0.336
0.369
0.39
0.511
0.619
0.867
1.077
0.965
1.339
1.329
1.454
0.676
0.701
0.478
0.475
1.283
0.944
1.183
0.899
0.56
0.343
0.2
0.338
0.348
0.358
0.388
0.406
0.526
0.634
0.855
1.09
0.926
1.287
1.224
1.357
0.642
0.66
0.461
0.462
1.246
0.906
1.125
0.954
0.558
0.35
0.193
0.311
0.323
0.328
0.36
0.372
0.491
0.6
0.804
1.051
0.867
1.556
1.657
1.383
0.606
0.627
0.462
0.464
1.215
0.877
1.141
0.918
0.55
0.326
0.18
0.292
0.298
0.304
0.33
0.341
0.459
0.569
0.75
1.019
0.797
1.438
1.538
1.337
0.624
0.579
0.444
0.462
1.145
0.909
1.078
1.124
0.684
0.306
0.215
0.318
0.326
0.33
0.353
0.362
0.481
0.592
0.752
1.047
0.769
1.332
1.458
1.228
0.567
0.527
0.462
0.448
1.123
0.913
1.066
1.097
0.672
0.316
0.219
0.342
0.351
0.351
0.372
0.381
0.5
0.61
0.75
1.127
0.744
1.254
1.326
1.112
0.517
0.484
0.426
0.434
1.107
0.894
1.292
1.199
0.638
0.298
0.215
0.364
0.372
0.371
0.39
0.398
0.516
0.626
0.788
1.184
0.748
1.206
1.221
1.013
0.471
0.466
0.419
0.419
1.098
0.943
1.244
1.176
0.608
0.302
0.2
0.367
0.391
0.389
0.406
0.413
0.532
0.642
0.829
1.143
0.739
1.104
1.155
0.988
0.453
0.452
0.409
0.411
1.071
0.916
1.246
1.113
0.614
0.29
0.19
0.339
0.364
0.356
0.377
0.38
0.496
0.607
0.783
1.098
0.837
1.217
1.124
0.985
0.442
0.438
0.398
0.405
1.063
0.919
1.195
1.102
0.613
0.3
0.18
0.315
0.338
0.332
0.348
0.351
0.464
0.578
0.781
1.04
0.812
1.371
1.419
1.139
0.45
0.427
0.41
0.383
1.059
0.957
1.411
1.301
0.616
0.305
0.168
0.296
0.316
0.304
0.324
0.322
0.443
0.552
0.729
1.029
0.808
1.29
1.861
1.265
0.437
0.417
0.419
0.39
1.071
0.933
1.349
1.249
0.604
0.299
0.159
0.275
0.296
0.282
0.301
0.3
0.416
0.528
0.732
0.976
0.911
1.36
1.722
1.151
0.401
0.405
0.409
0.382
1.062
0.909
1.304
1.197
0.571
0.277
0.151
0.258
0.276
0.262
0.28
0.28
0.392
0.507
0.729
0.915
1.088
1.487
1.743
1.066
0.389
0.393
0.401
0.381
1.029
0.905
1.238
1.162
0.55
0.285
0.152
0.24
0.258
0.245
0.257
0.261
0.372
0.492
0.688
0.894
1.012
1.435
1.648
0.971
0.359
0.394
0.395
0.384
0.988
0.918
1.199
1.119
0.558
0.277
0.147
0.227
0.241
0.23
0.241
0.246
0.358
0.511
0.663
0.84
0.932
1.346
1.558
0.909
0.504
0.555
0.387
0.433
0.963
0.883
1.165
1.067
0.513
0.26
0.141
0.215
0.226
0.218
0.228
0.232
0.344
0.492
0.656
0.791
0.848
1.248
1.413
0.827
0.462
0.511
0.362
0.421
0.965
0.911
1.125
1.049
0.483
0.246
0.135
0.204
0.212
0.205
0.217
0.216
0.331
0.502
0.634
0.731
0.775
1.182
1.298
0.777
0.448
0.502
0.336
0.438
0.933
1.087
1.268
1.037
0.471
0.233
0.133
0.19
0.203
0.192
0.203
0.208
0.304
0.462
0.818
0.779
0.733
1.126
1.243
0.764
0.425
0.485
0.337
0.442
0.935
1.071
1.241
0.987
0.472
0.275
0.132
0.182
0.188
0.185
0.194
0.196
0.304
0.447
0.763
0.778
0.693
1.034
1.126
0.7
0.397
0.467
0.337
0.414
0.902
1.033
1.173
0.979
0.461
0.263
0.131
0.174
0.177
0.174
0.187
0.183
0.301
0.435
0.714
0.771
0.69
1.185
1.134
0.859
0.391
0.448
0.336
0.418
0.89
0.972
1.191
0.995
0.475
0.272
0.127
0.167
0.171
0.162
0.176
0.18
0.299
0.419
0.726
0.752
0.675
1.093
1.034
0.784
0.36
0.429
0.329
0.413
0.879
0.944
1.114
0.956
0.459
0.272
0.123
0.163
0.16
0.153
0.17
0.167
0.298
0.411
0.681
0.749
0.639
1.038
0.957
0.738
0.354
0.418
0.322
0.407
0.846
0.882
1.065
0.957
0.452
0.265
0.118
0.159
0.149
0.144
0.164
0.158
0.3
0.399
0.64
0.751
0.606
1.15
1.357
1.038
0.372
0.399
0.301
0.376
0.828
0.831
1.02
0.946
0.445
0.288
0.129
0.156
0.144
0.139
0.163
0.148
0.279
0.377
0.656
0.71
0.577
1.112
1.255
0.948
0.344
0.371
0.298
0.371
0.826
0.804
1.011
0.972
0.438
0.268
0.127
0.152
0.139
0.135
0.162
0.142
0.283
0.367
0.672
0.666
0.53
1.043
1.17
0.872
0.443
0.453
0.492
0.608
0.922
0.825
1.198
1.019
0.417
0.252
0.123
0.147
0.135
0.132
0.156
0.135
0.288
0.357
0.685
0.691
0.686
0.992
1.082
0.814
0.45
0.436
0.478
0.641
0.923
0.815
1.135
1.017
0.398
0.239
0.122
0.148
0.135
0.133
0.154
0.135
0.295
0.398
0.654
0.65
0.682
1.012
1.153
0.778
0.446
0.482
0.474
0.662
0.918
0.938
1.305
0.959
0.382
0.222
0.116
0.139
0.127
0.161
0.198
0.178
0.342
0.433
0.701
0.615
0.679
0.977
1.32
0.9
0.435
0.462
0.459
0.657
0.856
0.898
1.285
0.903
0.383
0.22
0.111
0.134
0.123
0.192
0.232
0.216
0.386
0.465
0.71
0.58
0.707
1.251
1.398
0.846
0.419
0.427
0.424
0.675
0.803
0.971
1.469
0.933
0.389
0.234
0.109
0.131
0.119
0.184
0.216
0.2
0.375
0.446
0.741
0.569
0.665
1.546
1.437
0.808
0.405
0.417
0.439
0.7
0.785
0.927
1.442
0.885
0.359
0.221
0.11
0.123
0.113
0.174
0.202
0.187
0.366
0.436
0.769
0.752
1.003
1.912
1.768
0.82
0.405
0.392
0.401
0.674
0.764
0.899
1.416
0.9
0.351
0.21
0.108
0.12
0.111
0.162
0.193
0.174
0.357
0.474
0.725
0.705
0.956
1.792
1.657
0.768
0.514
0.441
0.418
0.706
0.757
0.9
1.373
0.855
0.328
0.2
0.104
0.115
0.108
0.152
0.187
0.163
0.349
0.497
0.72
0.802
1.092
1.913
1.613
0.73
0.493
0.454
0.414
0.76
0.778
0.886
1.384
0.816
0.327
0.191
0.105
0.114
0.108
0.144
0.179
0.159
0.342
0.479
0.722
0.785
1.017
2.144
1.586
0.672
0.491
0.444
0.419
0.755
0.733
1.004
1.535
0.776
0.304
0.184
0.107
0.112
0.11
0.142
0.179
0.161
0.345
0.5
0.686
0.723
1.003
1.966
1.588
0.635
0.477
0.458
0.403
0.771
0.68
1.025
1.433
0.731
0.285
0.176
0.106
0.109
0.108
0.139
0.173
0.155
0.346
0.48
0.692
0.671
0.974
2.249
1.664
0.593
0.452
0.424
0.411
0.767
0.787
1.152
1.362
0.708
0.292
0.167
0.106
0.108
0.108
0.135
0.167
0.146
0.321
0.451
0.704
0.635
0.919
2.078
1.574
0.58
0.441
0.393
0.385
0.769
0.74
1.13
1.286
0.681
0.332
0.166
0.107
0.107
0.107
0.132
0.161
0.142
0.318
0.436
0.707
0.603
0.879
1.99
1.605
0.658
0.633
0.419
0.409
0.747
0.678
1.064
1.256
0.657
0.334
0.159
0.11
0.107
0.107
0.129
0.156
0.138
0.318
0.464
0.665
0.583
0.855
1.821
1.487
0.612
0.836
0.473
0.432
0.744
0.682
1.066
1.245
0.641
0.342
0.153
0.112
0.106
0.111
0.125
0.151
0.135
0.317
0.496
0.623
0.833
1.055
1.711
1.409
0.566
0.766
0.457
0.443
0.748
0.646
1.044
1.216
0.629
0.337
0.152
0.112
0.106
0.109
0.124
0.147
0.132
0.316
0.477
0.63
0.767
0.959
1.582
1.288
0.537
0.702
0.424
0.409
0.729
0.606
0.998
1.165
0.694
0.322
0.149
0.112
0.105
0.11
0.125
0.144
0.129
0.315
0.46
0.648
0.835
1.08
1.441
1.218
0.494
0.647
0.394
0.411
0.724
0.578
0.964
1.121
0.665
0.363
0.145
0.116
0.106
0.111
0.122
0.139
0.125
0.316
0.444
0.641
0.763
1.016
1.306
1.107
0.46
0.618
0.386
0.414
0.7
0.607
0.958
1.088
0.649
0.361
0.145
0.115
0.106
0.11
0.122
0.134
0.123
0.315
0.471
0.606
0.698
0.924
1.189
1.006
0.422
0.567
0.356
0.4
0.692
0.556
1.018
1.227
0.622
0.373
0.142
0.112
0.104
0.108
0.12
0.131
0.12
0.293
0.484
0.589
0.676
0.947
1.102
0.92
0.389
0.54
0.331
0.371
0.698
0.531
0.97
1.184
0.673
0.359
0.139
0.113
0.103
0.106
0.117
0.129
0.12
0.292
0.508
0.572
0.645
0.925
1.348
1.078
0.363
0.497
0.31
0.379
0.697
0.523
0.943
1.154
0.651
0.346
0.136
0.112
0.104
0.105
0.116
0.126
0.118
0.294
0.487
0.722
0.781
0.899
1.233
0.98
0.337
0.484
0.29
0.473
0.732
0.496
0.931
1.131
0.626
0.338
0.132
0.114
0.104
0.104
0.117
0.12
0.115
0.294
0.469
0.727
0.736
0.858
1.119
0.894
0.314
0.494
0.291
0.485
0.684
0.456
1.013
1.263
0.607
0.32
0.132
0.114
0.104
0.102
0.115
0.12
0.112
0.298
0.492
0.708
0.671
0.983
1.377
0.871
0.332
0.46
0.301
0.462
0.67
0.628
1.287
1.38
0.62
0.299
0.13
0.112
0.103
0.101
0.117
0.116
0.112
0.295
0.474
0.711
0.636
0.93
1.267
0.863
0.312
0.423
0.317
0.482
0.649
0.633
1.24
1.309
0.608
0.283
0.126
0.111
0.101
0.103
0.117
0.113
0.108
0.297
0.49
0.683
0.603
0.896
1.166
0.788
0.288
0.406
0.317
0.485
0.653
0.608
1.175
1.31
0.593
0.279
0.127
0.112
0.099
0.104
0.117
0.11
0.106
0.298
0.496
0.64
0.7
0.997
1.086
0.816
0.29
0.4
0.316
0.47
0.664
0.586
1.138
1.248
0.577
0.274
0.123
0.109
0.102
0.103
0.115
0.112
0.104
0.298
0.523
0.616
0.659
0.969
1.006
0.871
0.278
0.373
0.296
0.472
0.642
0.596
1.07
1.212
0.592
0.274
0.123
0.109
0.105
0.103
0.113
0.111
0.104
0.298
0.549
0.575
0.687
1.014
0.92
0.793
0.261
0.379
0.279
0.574
0.791
0.579
1.047
1.15
0.574
0.264
0.123
0.111
0.103
0.103
0.113
0.11
0.104
0.299
0.595
0.573
0.67
0.999
0.839
0.723
0.25
0.373
0.28
0.552
0.783
0.586
0.981
1.135
0.577
0.268
0.123
0.113
0.102
0.106
0.111
0.108
0.11
0.303
0.675
0.646
0.606
0.899
0.755
0.651
0.225
0.336
0.252
0.574
0.778
0.603
0.944
1.098
0.558
0.267
0.121
0.112
0.106
0.104
0.11
0.109
0.11
0.282
0.808
0.645
0.581
1.05
0.823
0.595
0.215
0.329
0.244
0.574
0.903
0.575
0.915
1.06
0.592
0.299
0.135
0.113
0.104
0.103
0.11
0.108
0.118
0.283
0.759
0.655
0.542
0.995
0.751
0.548
0.203
0.313
0.242
0.564
0.866
0.541
0.868
0.993
0.612
0.307
0.131
0.115
0.104
0.104
0.109
0.108
0.117
0.59
0.788
0.663
0.563
1.313
1.058
0.825
0.205
0.315
0.376
0.719
0.804
0.545
1.187
1.01
0.62
0.333
0.142
0.115
0.103
0.105
0.108
0.107
0.115
0.543
0.73
0.801
0.544
1.269
1.008
0.898
0.25
0.338
0.403
0.711
0.8
0.521
1.097
1.0
0.599
0.312
0.141
0.113
0.104
0.105
0.108
0.106
0.11
0.498
1.058
0.977
0.773
1.546
1.503
0.972
0.246
0.335
0.406
0.652
0.787
0.499
1.02
0.957
0.616
0.307
0.14
0.111
0.103
0.106
0.107
0.107
0.112
0.481
1.011
0.912
0.729
1.443
1.398
0.926
0.245
0.313
0.391
0.621
0.774
0.563
1.106
0.976
0.684
0.296
0.138
0.11
0.105
0.108
0.105
0.105
0.112
0.442
1.108
1.016
0.872
1.536
1.307
0.844
0.231
0.294
0.381
0.582
0.772
0.541
1.023
0.923
0.685
0.304
0.154
0.113
0.105
0.107
0.104
0.108
0.111
0.407
1.071
0.955
0.817
1.414
1.245
0.825
0.241
0.297
0.398
0.535
0.762
0.522
0.933
1.036
0.666
0.294
0.148
0.11
0.107
0.105
0.102
0.107
0.113
0.377
1.197
1.047
0.914
1.499
1.132
0.752
0.229
0.326
0.386
0.58
0.821
0.527
0.922
1.04
0.648
0.297
0.144
0.111
0.11
0.103
0.101
0.106
0.112
0.49
1.18
0.999
0.876
1.413
1.029
0.687
0.216
0.302
0.383
0.533
0.789
0.49
0.878
1.091
0.659
0.308
0.139
0.113
0.109
0.104
0.103
0.105
0.11
0.45
1.3
0.929
0.799
1.376
0.956
0.678
0.246
0.326
0.387
0.567
0.751
0.454
0.885
1.051
0.723
0.326
0.138
0.112
0.111
0.104
0.104
0.107
0.108
0.527
1.222
0.907
0.835
1.523
1.042
0.62
0.231
0.306
0.499
0.612
0.789
0.445
0.889
1.045
0.736
0.307
0.136
0.114
0.112
0.103
0.104
0.107
0.108
0.504
1.131
0.893
0.769
1.416
0.977
0.587
0.24
0.306
0.48
0.582
0.786
0.414
0.884
0.994
0.7
0.294
0.135
0.114
0.11
0.101
0.106
0.108
0.104
0.464
1.209
0.9
0.758
1.337
0.988
0.645
0.228
0.286
0.473
0.539
0.786
0.407
0.842
1.143
0.881
0.281
0.131
0.116
0.11
0.101
0.106
0.106
0.102
0.431
1.168
0.842
0.731
1.304
0.933
0.61
0.235
0.286
0.456
0.523
0.773
0.404
0.833
1.136
0.862
0.276
0.128
0.114
0.111
0.1
0.105
0.103
0.105
0.421
1.083
0.836
0.685
1.194
0.887
0.572
0.232
0.274
0.422
0.544
0.754
0.386
0.801
1.11
0.892
0.305
0.138
0.119
0.11
0.1
0.104
0.101
0.104
0.391
1.008
0.832
0.762
1.515
1.242
0.686
0.233
0.264
0.398
0.555
0.729
0.394
0.801
1.087
0.874
0.294
0.134
0.121
0.111
0.099
0.106
0.1
0.102
0.362
1.108
0.964
0.704
1.412
1.162
0.627
0.24
0.307
0.387
0.525
0.712
0.383
0.814
1.069
0.836
0.299
0.133
0.12
0.109
0.1
0.106
0.1
0.101
0.335
1.06
0.912
0.704
1.511
1.177
0.576
0.228
0.287
0.377
0.483
0.725
0.382
0.754
0.978
0.818
0.304
0.134
0.119
0.107
0.103
0.106
0.099
0.102
0.326
0.983
0.894
0.657
1.408
1.102
0.579
0.237
0.269
0.354
0.463
0.706
0.521
0.763
0.983
0.795
0.31
0.131
0.12
0.109
0.104
0.106
0.101
0.104
0.302
0.929
0.857
0.746
1.468
1.203
0.625
0.23
0.281
0.34
0.429
0.732
0.535
0.734
0.952
0.758
0.301
0.134
0.119
0.107
0.109
0.105
0.1
0.104
0.285
0.902
0.797
0.699
1.333
1.132
0.574
0.219
0.3
0.317
0.426
0.714
0.526
0.702
0.921
0.734
0.31
0.134
0.117
0.109
0.11
0.104
0.104
0.105
0.269
0.888
0.754
0.666
1.301
1.041
0.528
0.21
0.281
0.297
0.4
0.7
0.485
0.66
1.031
0.884
0.319
0.138
0.118
0.112
0.11
0.105
0.105
0.106
0.257
0.881
0.702
0.612
1.215
0.949
0.485
0.205
0.264
0.298
0.375
0.762
0.533
0.678
0.943
0.808
0.301
0.138
0.116
0.116
0.111
0.103
0.109
0.107
0.241
0.862
0.655
0.583
1.174
0.866
0.473
0.197
0.256
0.284
0.438
0.871
0.519
0.663
0.922
0.781
0.305
0.135
0.118
0.119
0.111
0.107
0.108
0.107
0.253
0.844
0.719
0.781
1.231
0.843
0.496
0.193
0.244
0.27
0.406
0.85
0.482
0.616
0.844
0.784
0.321
0.133
0.119
0.118
0.111
0.109
0.108
0.106
0.26
0.792
0.705
0.727
1.117
0.8
0.466
0.226
0.372
0.258
0.378
0.833
0.467
0.601
0.826
0.75
0.343
0.135
0.116
0.119
0.11
0.108
0.109
0.106
0.256
0.808
0.668
0.812
1.195
0.765
0.469
0.358
0.347
0.245
0.392
0.828
0.438
0.581
0.835
0.739
0.33
0.132
0.119
0.118
0.11
0.11
0.11
0.104
0.253
0.807
0.632
0.762
1.128
0.699
0.434
0.334
0.321
0.23
0.371
0.79
0.412
0.584
0.806
0.774
0.336
0.136
0.117
0.118
0.11
0.109
0.11
0.104
0.238
0.788
0.615
0.813
1.28
0.644
0.399
0.31
0.301
0.222
0.393
0.734
0.466
0.578
0.89
0.933
0.355
0.141
0.117
0.117
0.109
0.108
0.113
0.103
0.25
0.743
0.631
0.788
1.201
0.59
0.369
0.292
0.281
0.255
0.416
0.788
0.508
0.565
0.999
1.058
0.365
0.139
0.117
0.117
0.11
0.108
0.11
0.103
0.237
0.697
0.647
0.977
1.509
0.806
0.406
0.308
0.326
0.246
0.395
0.795
0.503
0.559
0.987
1.007
0.356
0.142
0.126
0.124
0.108
0.112
0.109
0.109
0.247
0.704
0.613
0.947
1.394
0.739
0.573
0.456
0.307
0.236
0.381
0.799
0.507
0.57
1.007
0.958
0.341
0.143
0.124
0.122
0.112
0.112
0.107
0.108
0.234
0.663
0.653
0.887
1.318
0.703
0.528
0.423
0.286
0.249
0.354
0.761
0.491
0.531
0.928
0.895
0.372
0.139
0.122
0.121
0.113
0.112
0.106
0.106
0.221
0.63
0.658
0.83
1.232
0.643
0.489
0.391
0.266
0.238
0.328
0.744
0.48
0.529
0.898
0.847
0.364
0.138
0.121
0.123
0.113
0.113
0.118
0.127
0.232
0.609
0.633
0.763
1.337
0.788
0.453
0.403
0.256
0.225
0.308
0.727
0.455
0.523
0.83
0.792
0.355
0.139
0.12
0.123
0.111
0.116
0.115
0.143
0.24
0.578
0.63
0.701
1.248
0.722
0.419
0.376
0.263
0.216
0.289
0.705
0.421
0.54
0.788
0.792
0.413
0.135
0.122
0.123
0.11
0.119
0.115
0.154
0.228
0.532
0.634
0.685
1.484
1.19
0.68
0.41
0.321
0.206
0.281
0.788
0.393
0.574
0.802
0.766
0.426
0.131
0.124
0.124
0.109
0.121
0.115
0.15
0.493
0.708
0.683
0.653
1.666
1.453
0.661
0.384
0.303
0.23
0.284
0.785
0.383
0.957
0.784
0.728
0.398
0.13
0.124
0.124
0.109
0.122
0.112
0.147
0.475
0.708
0.63
0.725
1.71
1.335
0.658
0.38
0.331
0.224
0.273
0.765
0.367
0.897
0.763
0.693
0.369
0.128
0.125
0.121
0.11
0.122
0.113
0.168
0.456
0.669
0.639
0.665
1.588
1.261
0.611
0.357
0.31
0.25
0.273
0.875
0.408
0.87
0.759
0.681
0.383
0.127
0.127
0.119
0.109
0.124
0.111
0.16
0.423
0.615
0.653
0.631
1.644
1.288
0.561
0.334
0.297
0.257
0.277
0.84
0.378
0.815
0.738
0.65
0.371
0.142
0.127
0.117
0.109
0.125
0.11
0.176
0.391
0.564
0.639
0.578
1.629
1.228
0.581
0.314
0.304
0.287
0.268
0.84
0.362
0.798
0.706
0.604
0.398
0.142
0.124
0.118
0.11
0.124
0.11
0.19
0.361
0.517
0.636
0.535
1.629
1.291
0.536
0.299
0.312
0.273
0.253
0.836
0.372
0.802
0.769
0.582
0.383
0.141
0.123
0.119
0.111
0.121
0.112
0.206
0.355
0.495
0.637
0.495
1.524
1.201
0.493
0.281
0.312
0.257
0.251
1.003
0.366
0.795
0.73
0.561
0.377
0.142
0.123
0.118
0.113
0.121
0.111
0.197
0.339
0.55
0.622
0.478
1.466
1.45
0.66
0.267
0.323
0.253
0.244
0.974
0.349
0.743
0.751
0.562
0.37
0.161
0.124
0.118
0.112
0.121
0.112
0.187
0.314
0.551
0.579
0.545
1.468
1.317
0.606
0.253
0.3
0.239
0.233
0.911
0.325
0.684
0.691
0.563
0.353
0.158
0.121
0.123
0.11
0.12
0.113
0.178
0.304
0.536
0.583
0.6
1.444
1.343
0.794
0.264
0.314
0.253
0.253
0.884
0.333
0.66
0.702
0.576
0.328
0.154
0.123
0.122
0.113
0.122
0.116
0.174
0.285
0.544
0.544
0.553
1.348
1.222
0.726
0.249
0.296
0.237
0.244
0.979
0.421
0.609
0.693
0.557
0.315
0.151
0.123
0.122
0.114
0.122
0.114
0.171
0.266
0.752
0.594
0.523
1.486
1.27
0.704
0.242
0.281
0.223
0.234
0.93
0.408
0.564
0.685
0.543
0.35
0.157
0.126
0.121
0.115
0.123
0.113
0.166
0.252
0.697
0.584
0.485
1.358
1.168
0.699
0.247
0.293
0.23
0.257
1.069
0.395
0.557
0.64
0.54
0.387
0.155
0.125
0.121
0.113
0.126
0.111
0.161
0.238
0.638
0.574
0.466
1.52
1.633
1.227
0.276
0.299
0.256
0.246
1.018
0.412
0.536
0.689
0.526
0.387
0.209
0.125
0.12
0.116
0.122
0.11
0.158
0.223
0.589
0.935
0.444
1.417
1.48
1.15
0.261
0.326
0.24
0.248
0.984
0.38
0.602
0.864
0.546
0.416
0.2
0.124
0.12
0.118
0.12
0.108
0.157
0.21
0.579
0.852
0.444
1.295
1.423
1.051
0.251
0.305
0.229
0.24
0.943
0.357
0.559
0.797
0.581
0.403
0.194
0.125
0.123
0.119
0.118
0.11
0.153
0.2
0.53
0.835
0.412
1.21
1.291
0.961
0.235
0.288
0.218
0.229
0.904
0.331
0.519
0.77
0.576
0.388
0.186
0.123
0.124
0.118
0.117
0.109
0.15
0.191
0.496
0.829
0.403
1.112
1.175
0.877
0.224
0.27
0.223
0.235
0.985
0.418
0.559
0.915
0.647
0.405
0.179
0.122
0.125
0.117
0.117
0.12
0.17
0.201
0.515
0.772
0.378
1.052
1.071
0.801
0.215
0.256
0.213
0.224
0.943
0.389
0.519
0.836
0.597
0.423
0.189
0.121
0.125
0.116
0.119
0.117
0.165
0.193
0.474
0.751
0.352
0.991
0.975
0.796
0.248
0.343
0.211
0.314
0.878
0.362
0.487
0.838
0.58
0.421
0.181
0.123
0.123
0.117
0.117
0.12
0.317
0.319
0.484
0.787
0.331
1.108
1.062
0.73
0.235
0.32
0.204
0.297
0.831
0.354
0.454
0.78
0.596
0.418
0.189
0.123
0.124
0.118
0.118
0.119
0.299
0.302
0.506
0.742
0.316
1.014
1.005
0.877
0.253
0.302
0.219
0.317
0.795
0.389
0.431
0.764
0.629
0.411
0.185
0.125
0.124
0.122
0.118
0.117
0.283
0.29
0.533
0.68
0.442
0.987
1.121
0.957
0.259
0.409
0.387
0.298
0.876
0.518
0.424
0.758
0.605
0.406
0.178
0.125
0.124
0.121
0.121
0.127
0.286
0.293
0.542
0.628
0.411
0.974
1.073
0.877
0.246
0.379
0.364
0.3
0.958
0.478
0.397
0.754
0.591
0.397
0.175
0.127
0.122
0.121
0.124
0.124
0.27
0.275
0.502
0.617
0.447
1.152
1.046
0.801
0.234
0.354
0.341
0.298
0.917
0.453
0.432
0.754
0.568
0.368
0.172
0.127
0.119
0.123
0.124
0.137
0.274
0.279
0.483
0.612
0.417
1.048
0.987
0.733
0.222
0.329
0.341
0.286
0.851
0.474
0.403
0.735
0.582
0.357
0.166
0.13
0.118
0.123
0.125
0.134
0.257
0.265
0.489
0.562
0.505
1.154
1.075
0.886
0.235
0.326
0.321
0.286
0.822
0.46
0.395
0.727
0.569
0.365
0.17
0.129
0.121
0.122
0.122
0.134
0.243
0.25
0.485
0.531
0.473
1.136
1.005
0.828
0.225
0.306
0.303
0.425
0.87
0.443
0.681
0.769
0.602
0.381
0.17
0.127
0.125
0.12
0.124
0.134
0.228
0.237
0.447
0.564
0.484
1.146
0.969
0.746
0.335
0.398
0.313
0.412
0.83
0.416
0.643
0.759
0.597
0.381
0.169
0.127
0.123
0.122
0.124
0.13
0.218
0.242
0.434
0.586
0.452
1.077
0.888
0.924
0.315
0.419
0.33
0.399
0.802
0.387
0.597
0.742
0.591
0.371
0.162
0.129
0.124
0.121
0.122
0.132
0.207
0.228
0.418
0.613
0.424
1.006
0.836
0.865
0.314
0.409
0.323
0.373
0.778
0.383
0.746
0.905
0.572
0.361
0.156
0.129
0.126
0.118
0.122
0.164
0.263
0.256
0.399
0.713
0.53
0.943
0.763
0.789
0.297
0.433
0.388
0.554
1.111
0.565
0.871
0.956
0.588
0.339
0.153
0.127
0.127
0.118
0.121
0.161
0.246
0.241
0.415
0.953
0.49
0.894
0.698
0.722
0.279
0.399
0.363
0.536
1.051
0.518
0.81
0.931
0.571
0.334
0.15
0.126
0.128
0.117
0.121
0.158
0.23
0.228
0.4
0.898
0.51
0.837
0.684
0.69
0.286
0.391
0.337
0.498
0.99
0.5
0.768
0.925
0.574
0.334
0.147
0.126
0.125
0.121
0.118
0.155
0.259
0.425
0.459
0.873
0.491
0.768
0.767
0.701
0.273
0.38
0.317
0.463
1.098
0.502
0.731
0.893
0.559
0.391
0.168
0.126
0.123
0.123
0.118
0.151
0.243
0.397
0.447
0.868
0.476
0.746
0.703
0.642
0.257
0.405
0.325
0.442
1.066
0.486
0.687
0.838
0.581
0.385
0.163
0.128
0.123
0.12
0.121
0.146
0.229
0.388
0.551
0.865
0.525
0.805
0.648
0.59
0.243
0.379
0.429
0.743
1.033
0.453
0.674
0.791
0.587
0.369
0.156
0.132
0.12
0.122
0.121
0.142
0.216
0.374
0.529
0.834
0.49
0.767
0.595
0.545
0.229
0.354
0.423
0.716
1.005
0.453
0.649
0.768
0.59
0.424
0.171
0.133
0.121
0.122
0.119
0.143
0.204
0.361
0.508
0.817
0.458
0.704
0.546
0.505
0.216
0.33
0.395
0.706
0.986
0.495
0.644
0.809
0.577
0.402
0.166
0.134
0.12
0.122
0.117
0.143
0.193
0.336
0.472
0.817
0.431
0.791
0.659
0.467
0.204
0.313
0.389
0.648
0.982
0.572
0.663
0.844
0.576
0.392
0.163
0.133
0.121
0.12
0.12
0.14
0.185
0.327
0.493
0.749
0.425
0.74
0.63
0.433
0.196
0.325
0.366
0.599
0.927
0.578
0.637
0.881
0.651
0.398
0.169
0.132
0.121
0.119
0.123
0.136
0.179
0.304
0.475
0.764
0.418
1.025
1.045
0.691
0.19
0.345
0.34
0.552
0.874
0.564
0.917
0.866
0.683
0.39
0.168
0.13
0.122
0.118
0.124
0.134
0.171
0.304
0.459
0.762
0.44
0.967
0.966
0.692
0.185
0.325
0.351
0.522
0.813
0.564
0.842
0.848
0.794
0.372
0.166
0.128
0.123
0.12
0.125
0.133
0.166
0.301
0.446
0.751
0.427
0.915
0.881
0.732
0.182
0.309
0.328
0.486
0.758
0.556
0.781
0.946
0.933
0.349
0.16
0.128
0.123
0.12
0.122
0.134
0.16
0.282
0.413
0.76
0.425
0.839
0.806
0.701
0.184
0.295
0.309
0.451
0.895
0.543
0.739
0.905
0.919
0.352
0.168
0.128
0.125
0.118
0.123
0.133
0.156
0.263
0.385
0.74
0.396
0.784
0.89
0.767
0.199
0.293
0.304
0.454
0.891
0.534
0.711
0.909
0.864
0.341
0.165
0.128
0.123
0.118
0.123
0.13
0.152
0.247
0.357
0.719
0.373
0.747
0.811
0.7
0.194
0.273
0.284
0.434
1.043
0.596
0.65
0.881
0.823
0.377
0.162
0.128
0.12
0.119
0.122
0.129
0.146
0.25
0.385
0.678
0.349
0.71
0.857
0.718
0.184
0.257
0.267
0.403
1.023
0.581
0.641
0.853
0.852
0.39
0.172
0.138
0.13
0.124
0.123
0.125
0.142
0.252
0.422
0.66
0.334
0.703
0.786
0.696
0.181
0.247
0.268
0.43
1.06
0.535
0.784
0.796
0.808
0.369
0.169
0.137
0.128
0.127
0.121
0.126
0.14
0.24
0.397
0.689
0.348
0.818
1.035
0.973
0.36
0.277
0.268
0.529
1.016
0.57
0.765
0.898
0.898
0.367
0.162
0.138
0.129
0.127
0.119
0.126
0.138
0.226
0.418
0.652
0.374
0.923
0.949
0.929
0.34
0.264
0.255
0.488
0.984
0.56
0.738
0.904
0.861
0.368
0.165
0.139
0.126
0.127
0.121
0.125
0.134
0.218
0.388
0.663
0.368
0.99
1.035
0.85
0.318
0.25
0.243
0.454
0.954
0.538
0.702
0.878
0.811
0.342
0.164
0.136
0.127
0.128
0.119
0.125
0.131
0.208
0.395
0.64
0.37
0.945
0.943
0.974
0.301
0.239
0.23
0.431
0.904
0.5
0.702
0.888
0.773
0.339
0.159
0.139
0.125
0.127
0.119
0.126
0.128
0.198
0.381
0.649
0.366
0.919
0.863
0.887
0.283
0.227
0.219
0.693
1.025
0.655
0.694
0.891
0.736
0.341
0.156
0.136
0.126
0.127
0.117
0.127
0.128
0.188
0.411
0.645
0.484
1.046
0.998
0.98
0.268
0.221
0.21
0.635
0.971
0.623
0.736
0.859
0.715
0.364
0.155
0.135
0.124
0.127
0.119
0.123
0.126
0.448
0.433
0.646
0.553
1.148
1.231
1.134
0.257
0.214
0.202
0.588
0.921
0.606
1.2
1.064
0.693
0.341
0.153
0.131
0.129
0.125
0.12
0.123
0.125
0.416
0.4
0.655
0.535
1.093
1.177
1.073
0.246
0.211
0.218
0.58
0.901
0.559
1.184
1.04
0.678
0.348
0.175
0.158
0.127
0.127
0.121
0.123
0.123
0.386
0.389
0.62
0.571
1.024
1.208
1.138
0.239
0.244
0.209
0.543
0.876
0.661
1.287
1.079
0.656
0.342
0.168
0.156
0.125
0.126
0.121
0.124
0.121
0.358
0.518
0.81
0.575
0.945
1.15
1.039
0.228
0.231
0.219
0.552
0.841
0.606
1.199
1.029
0.687
0.365
0.172
0.157
0.122
0.123
0.124
0.123
0.118
0.333
0.546
0.769
0.549
0.909
1.05
0.945
0.215
0.267
0.392
0.713
1.009
0.579
1.161
1.062
0.661
0.362
0.168
0.154
0.12
0.123
0.125
0.12
0.119
0.311
0.503
0.771
0.528
1.034
1.322
1.071
0.216
0.257
0.367
0.657
0.954
0.537
1.109
1.051
0.653
0.341
0.166
0.151
0.12
0.123
0.126
0.118
0.12
0.293
0.475
0.778
0.499
0.946
1.228
0.997
0.211
0.247
0.345
0.7
1.083
0.677
1.215
1.021
0.653
0.328
0.159
0.151
0.121
0.121
0.126
0.12
0.119
0.275
0.438
0.785
0.483
1.06
1.278
0.91
0.203
0.236
0.323
0.642
1.021
0.622
1.121
0.98
0.636
0.325
0.155
0.149
0.118
0.124
0.124
0.12
0.116
0.261
0.405
0.766
0.471
0.984
1.201
0.859
0.216
0.228
0.314
0.627
0.987
0.587
1.096
0.974
0.629
0.307
0.15
0.147
0.116
0.123
0.122
0.12
0.117
0.244
0.375
0.745
0.5
1.022
1.106
0.948
0.241
0.22
0.438
0.738
0.93
0.563
1.213
1.07
0.607
0.288
0.145
0.148
0.116
0.122
0.123
0.12
0.115
0.243
0.459
0.707
0.481
0.955
1.028
1.113
0.415
0.232
0.414
0.68
0.893
0.524
1.107
1.014
0.605
0.334
0.149
0.145
0.116
0.123
0.121
0.123
0.114
0.231
0.428
0.706
0.462
0.926
0.947
1.248
0.386
0.223
0.385
0.762
1.018
0.574
1.173
1.045
0.57
0.315
0.145
0.142
0.118
0.124
0.119
0.122
0.117
0.217
0.398
0.726
0.458
0.898
0.899
1.138
0.36
0.242
0.358
0.699
0.969
0.545
1.118
1.039
0.569
0.331
0.145
0.14
0.116
0.126
0.118
0.12
0.117
0.207
0.378
0.735
0.467
1.099
0.905
1.041
0.336
0.228
0.336
0.762
1.026
0.698
1.306
1.218
0.659
0.326
0.143
0.139
0.117
0.127
0.116
0.122
0.117
0.196
0.443
0.741
0.602
1.391
0.892
1.011
0.367
0.324
0.653
1.143
1.036
0.676
1.291
1.157
0.653
0.342
0.145
0.137
0.115
0.127
0.115
0.122
0.118
0.242
0.46
0.711
0.687
1.469
0.817
0.924
0.342
0.334
0.606
1.055
0.987
0.659
1.183
1.088
0.633
0.32
0.144
0.137
0.114
0.128
0.115
0.123
0.116
0.231
0.457
0.737
0.668
1.558
0.82
0.916
0.324
0.314
0.708
1.188
1.086
0.647
1.167
1.041
0.622
0.307
0.14
0.138
0.114
0.127
0.114
0.123
0.117
0.217
0.421
0.735
0.643
1.449
0.767
0.838
0.304
0.294
0.672
1.097
1.078
0.684
1.119
1.036
0.63
0.317
0.141
0.134
0.116
0.126
0.116
0.121
0.117
0.207
0.428
0.725
0.653
1.665
0.789
0.829
0.298
0.276
0.618
1.121
1.228
0.665
1.068
1.06
0.64
0.343
0.145
0.132
0.117
0.126
0.118
0.119
0.115
0.201
0.41
0.732
0.623
1.658
0.813
0.759
0.281
0.258
0.571
1.023
1.155
0.648
1.017
1.044
0.614
0.341
0.141
0.133
0.117
0.124
0.117
0.118
0.119
0.19
0.389
0.735
0.576
1.596
0.772
0.759
0.275
0.27
0.528
0.935
1.091
0.646
0.957
1.031
0.594
0.323
0.139
0.132
0.118
0.124
0.115
0.119
0.118
0.184
0.392
1.084
0.733
1.685
0.734
0.694
0.262
0.272
0.49
0.862
1.185
0.774
0.927
1.001
0.565
0.302
0.137
0.131
0.119
0.123
0.113
0.122
0.117
0.175
0.386
1.047
0.732
1.73
0.986
0.882
0.262
0.286
0.463
0.818
1.125
0.789
0.905
1.008
0.561
0.286
0.135
0.133
0.117
0.124
0.114
0.119
0.117
0.17
0.405
1.014
0.927
1.85
0.946
0.887
0.247
0.303
0.43
0.762
1.074
1.068
0.887
1.027
0.566
0.331
0.133
0.132
0.117
0.121
0.115
0.119
0.115
0.166
0.438
0.967
0.869
1.727
0.888
1.04
0.275
0.293
0.401
0.701
1.019
0.987
1.017
1.067
0.63
0.344
0.13
0.131
0.117
0.118
0.112
0.119
0.114
0.168
0.478
0.904
0.835
1.566
0.812
0.947
0.258
0.273
0.373
0.802
1.103
0.926
0.964
1.047
0.619
0.332
0.13
0.127
0.115
0.12
0.112
0.116
0.114
0.16
0.45
0.876
0.777
1.456
0.795
0.877
0.243
0.257
0.367
0.76
1.059
0.846
0.947
1.009
0.598
0.312
0.127
0.126
0.113
0.119
0.111
0.117
0.113
0.165
0.435
0.86
0.732
1.355
0.761
0.858
0.23
0.262
0.351
0.951
1.131
0.796
0.923
1.127
0.695
0.295
0.124
0.126
0.115
0.116
0.111
0.116
0.112
0.161
0.46
0.824
0.691
1.344
0.751
0.803
0.246
0.287
0.413
0.875
1.123
0.774
1.147
1.134
0.667
0.284
0.12
0.127
0.114
0.116
0.11
0.117
0.111
0.154
0.439
0.816
0.656
1.42
1.056
0.872
0.282
0.516
0.452
0.818
1.049
0.711
1.091
1.07
0.659
0.273
0.119
0.125
0.113
0.116
0.109
0.114
0.111
0.167
0.477
0.759
0.615
1.402
0.967
0.84
0.278
0.492
0.422
0.781
0.973
0.67
1.06
1.013
0.626
0.259
0.116
0.125
0.113
0.112
0.109
0.157
0.119
0.167
0.454
0.764
0.579
1.315
0.889
0.768
0.26
0.452
0.421
0.715
0.928
0.621
1.007
1.177
0.643
0.3
0.113
0.126
0.111
0.11
0.109
0.153
0.115
0.16
0.442
0.782
0.621
1.392
1.005
0.735
0.248
0.418
0.389
0.657
0.887
0.568
0.946
1.167
0.65
0.291
0.113
0.126
0.11
0.111
0.11
0.149
0.114
0.158
0.537
0.761
0.673
1.356
0.93
0.897
0.235
0.391
0.363
0.631
0.859
0.529
1.032
1.249
0.613
0.271
0.116
0.122
0.111
0.11
0.111
0.144
0.115
0.15
0.501
0.932
0.69
1.288
0.963
0.819
0.22
0.367
0.336
0.585
0.815
0.486
1.009
1.178
0.623
0.291
0.115
0.122
0.111
0.111
0.111
0.14
0.113
0.148
0.466
0.92
0.648
1.202
0.885
0.748
0.22
0.358
0.35
0.557
0.801
0.448
0.951
1.164
0.602
0.293
0.117
0.121
0.112
0.111
0.111
0.139
0.112
0.145
0.443
0.904
0.611
1.131
1.028
1.096
0.299
0.349
0.362
0.529
0.931
0.565
0.924
1.146
0.588
0.304
0.126
0.118
0.112
0.111
0.112
0.134
0.113
0.141
0.406
0.892
0.572
1.037
0.936
0.998
0.286
0.38
0.355
0.603
0.917
0.562
0.92
1.077
0.601
0.295
0.124
0.118
0.113
0.109
0.112
0.132
0.111
0.137
0.4
0.875
0.547
1.127
0.992
0.908
0.27
0.356
0.509
0.807
0.873
0.553
0.942
1.019
0.572
0.278
0.125
0.115
0.113
0.108
0.111
0.131
0.111
0.139
0.391
0.864
0.525
1.145
0.917
0.829
0.254
0.331
0.493
0.773
1.096
0.647
0.89
1.013
0.56
0.272
0.123
0.116
0.111
0.106
0.113
0.128
0.109
0.148
0.426
0.799
0.488
1.08
0.876
0.811
0.244
0.43
0.612
0.733
1.038
0.611
0.842
1.0
0.585
0.299
0.122
0.116
0.112
0.108
0.11
0.128
0.111
0.144
0.46
0.749
0.471
1.188
0.895
0.79
0.235
0.421
0.564
0.724
1.073
0.629
0.8
0.942
0.604
0.288
0.124
0.113
0.112
0.109
0.108
0.127
0.111
0.145
0.445
0.753
0.444
1.105
0.815
0.724
0.221
0.423
0.538
0.667
1.014
0.586
0.953
1.058
0.609
0.273
0.125
0.116
0.11
0.11
0.109
0.124
0.111
0.14
0.474
0.94
0.461
1.033
1.018
0.839
0.224
0.42
0.494
0.625
0.966
0.588
0.953
1.011
0.588
0.266
0.123
0.117
0.107
0.109
0.112
0.121
0.11
0.135
0.513
0.913
0.479
0.96
0.929
0.765
0.213
0.391
0.475
0.624
0.93
0.663
1.114
1.148
0.623
0.272
0.122
0.12
0.106
0.108
0.116
0.12
0.108
0.134
0.482
0.921
0.489
0.92
0.848
0.751
0.209
0.384
0.473
0.603
0.908
0.648
1.065
1.083
0.632
0.266
0.12
0.119
0.105
0.108
0.114
0.12
0.107
0.129
0.463
0.904
0.579
1.045
0.796
0.705
0.217
0.359
0.458
0.555
1.062
0.788
1.033
1.067
0.608
0.259
0.12
0.118
0.105
0.11
0.112
0.116
0.108
0.137
0.497
0.847
0.552
1.01
0.732
0.645
0.207
0.333
0.436
0.546
1.195
0.763
1.028
1.019
0.596
0.261
0.119
0.117
0.105
0.11
0.111
0.113
0.107
0.135
0.459
0.842
0.528
0.974
0.704
0.609
0.217
0.32
0.402
0.522
1.132
0.707
0.997
0.993
0.604
0.252
0.12
0.114
0.106
0.108
0.109
0.115
0.106
0.14
0.512
0.853
0.598
1.347
1.13
0.638
0.234
0.309
0.393
0.599
1.095
0.717
0.973
0.979
0.654
0.266
0.134
0.123
0.107
0.106
0.108
0.115
0.105
0.135
0.471
0.848
0.603
1.241
1.162
0.73
0.229
0.359
0.388
0.564
1.063
0.721
1.071
0.968
0.678
0.273
0.133
0.122
0.108
0.107
0.107
0.113
0.105
0.135
0.508
0.836
0.788
1.483
1.057
0.7
0.218
0.339
0.362
0.541
1.041
0.705
1.054
0.939
0.646
0.255
0.132
0.121
0.108
0.105
0.11
0.112
0.382
0.299
0.49
0.789
0.726
1.347
0.962
0.638
0.209
0.315
0.354
0.546
0.986
0.734
1.009
0.911
0.654
0.242
0.128
0.119
0.113
0.104
0.111
0.113
0.353
0.278
0.516
0.743
0.675
1.321
1.104
0.719
0.232
0.412
0.517
0.548
0.926
0.753
0.979
0.901
0.63
0.232
0.127
0.119
0.112
0.105
0.109
0.115
0.33
0.264
0.54
0.701
0.637
1.243
1.021
0.708
0.232
0.399
0.495
0.566
0.938
0.738
0.93
0.889
0.613
0.232
0.13
0.118
0.11
0.104
0.11
0.113
0.308
0.247
0.547
0.663
0.635
1.191
0.93
0.649
0.217
0.387
0.477
0.539
0.902
0.711
1.0
1.123
0.591
0.259
0.127
0.118
0.111
0.102
0.108
0.114
0.289
0.233
0.504
0.673
0.604
1.141
0.868
0.597
0.206
0.376
0.484
0.516
0.886
0.695
0.995
1.05
0.586
0.25
0.126
0.118
0.11
0.101
0.109
0.113
0.27
0.218
0.533
0.643
0.577
1.078
0.822
0.624
0.219
0.397
0.523
0.538
0.878
0.86
1.11
1.005
0.603
0.243
0.122
0.115
0.108
0.102
0.104
0.111
0.253
0.23
0.539
0.61
0.551
1.029
0.761
0.571
0.21
0.381
0.502
0.547
0.842
0.83
1.088
1.006
0.593
0.231
0.121
0.114
0.105
0.101
0.104
0.109
0.238
0.215
0.509
0.636
0.529
0.998
0.931
0.623
0.22
0.404
0.517
0.504
0.816
0.785
1.099
0.961
0.593
0.235
0.118
0.115
0.105
0.101
0.103
0.108
0.223
0.211
0.489
0.645
0.55
1.174
0.943
0.575
0.207
0.373
0.5
0.463
0.968
0.84
1.095
0.944
0.586
0.222
0.117
0.117
0.104
0.101
0.104
0.106
0.21
0.227
0.516
0.625
0.525
1.109
0.872
0.526
0.224
0.369
0.479
0.474
0.927
0.811
1.045
0.941
0.571
0.24
0.117
0.117
0.104
0.101
0.103
0.105
0.203
0.215
0.483
0.644
0.502
1.107
0.829
0.485
0.212
0.351
0.448
0.488
0.878
0.791
1.035
0.933
0.567
0.228
0.115
0.115
0.104
0.101
0.102
0.104
0.198
0.381
0.573
0.637
0.512
1.328
0.95
0.47
0.23
0.359
0.432
0.497
0.894
0.764
1.016
0.921
0.554
0.231
0.112
0.114
0.106
0.099
0.101
0.106
0.188
0.357
0.594
0.604
0.49
1.275
1.125
0.514
0.221
0.345
0.416
0.488
0.885
0.773
0.982
0.939
0.553
0.257
0.111
0.113
0.107
0.1
0.1
0.107
0.178
0.339
0.584
0.599
0.544
1.267
1.081
0.474
0.207
0.369
0.533
0.639
0.874
0.729
0.923
0.886
0.575
0.248
0.11
0.112
0.107
0.098
0.1
0.109
0.169
0.312
0.539
0.62
0.522
1.169
1.1
0.484
0.197
0.344
0.524
0.604
0.868
0.721
0.903
0.912
0.555
0.242
0.109
0.111
0.105
0.101
0.098
0.107
0.16
0.291
0.549
0.6
0.506
1.12
1.003
0.447
0.186
0.32
0.505
0.746
0.97
0.704
0.911
0.879
0.553
0.245
0.107
0.108
0.106
0.1
0.097
0.107
0.154
0.283
0.524
0.611
0.488
1.076
0.931
0.48
0.199
0.322
0.483
0.71
0.941
0.689
0.88
0.896
0.571
0.246
0.107
0.109
0.107
0.1
0.099
0.106
0.149
0.269
0.494
0.719
0.49
1.029
0.86
0.441
0.19
0.321
0.462
0.693
0.989
0.877
0.902
0.915
0.724
0.263
0.109
0.108
0.106
0.1
0.099
0.106
0.144
0.252
0.468
0.72
0.476
0.992
0.802
0.407
0.189
0.321
0.444
0.661
0.95
0.825
0.891
0.898
0.689
0.251
0.112
0.106
0.107
0.102
0.099
0.106
0.152
0.239
0.449
0.728
0.468
1.079
1.09
0.53
0.286
0.544
0.458
0.622
1.145
0.856
0.875
0.913
0.688
0.262
0.114
0.104
0.109
0.102
0.104
0.107
0.147
0.223
0.433
0.731
0.435
1.012
0.993
0.505
0.27
0.503
0.447
0.581
1.285
0.849
0.85
0.907
0.708
0.261
0.113
0.102
0.11
0.102
0.104
0.139
0.146
0.21
0.411
0.733
0.423
0.94
0.916
0.529
0.254
0.466
0.429
0.726
1.374
0.829
0.866
0.873
0.673
0.244
0.114
0.1
0.11
0.104
0.104
0.135
0.139
0.199
0.398
0.753
0.437
0.931
0.873
0.49
0.238
0.444
0.531
0.724
1.338
0.871
0.873
0.882
0.667
0.246
0.115
0.101
0.107
0.105
0.105
0.13
0.137
0.19
0.441
0.742
0.443
0.903
0.809
0.451
0.224
0.426
0.509
0.71
1.253
0.984
1.042
0.865
0.662
0.274
0.139
0.103
0.108
0.105
0.102
0.128
0.133
0.181
0.443
0.741
0.44
0.882
0.756
0.425
0.211
0.399
0.628
0.691
1.236
0.955
0.989
0.951
0.682
0.286
0.139
0.106
0.105
0.105
0.101
0.124
0.131
0.173
0.414
0.73
0.425
0.822
0.848
0.452
0.204
0.37
0.613
0.653
1.2
0.912
0.952
1.091
0.819
0.275
0.136
0.104
0.106
0.105
0.1
0.119
0.125
0.169
0.391
0.72
0.411
0.811
0.793
0.462
0.238
0.484
0.592
0.624
1.359
1.06
0.947
1.089
0.806
0.262
0.133
0.102
0.106
0.105
0.1
0.116
0.122
0.173
0.383
0.734
0.536
0.952
0.808
0.56
0.272
0.51
0.603
0.766
1.448
1.012
0.959
1.049
0.781
0.265
0.132
0.104
0.104
0.105
0.101
0.112
0.118
0.373
0.553
0.839
0.547
0.886
0.792
0.528
0.254
0.499
0.66
0.775
1.404
1.086
1.004
1.013
0.746
0.262
0.13
0.104
0.101
0.107
0.099
0.11
0.114
0.354
0.548
0.811
0.527
0.861
0.802
0.506
0.237
0.461
0.625
0.74
1.36
1.037
1.094
1.183
0.705
0.264
0.137
0.103
0.102
0.107
0.098
0.106
0.112
0.333
0.5
0.801
0.504
0.805
0.746
0.467
0.222
0.424
0.594
0.697
1.316
0.977
1.046
1.156
0.733
0.29
0.137
0.103
0.101
0.108
0.097
0.106
0.111
0.309
0.483
0.798
0.483
0.755
0.772
0.461
0.247
0.414
0.611
0.682
1.254
1.035
1.001
1.127
0.75
0.297
0.132
0.104
0.1
0.106
0.099
0.104
0.108
0.287
0.593
0.903
0.5
0.889
0.903
0.695
0.257
0.401
0.581
0.651
1.27
1.0
0.992
1.093
0.768
0.302
0.13
0.103
0.099
0.105
0.101
0.131
0.159
0.335
0.611
0.953
0.489
1.131
1.175
0.96
0.255
0.425
0.576
0.629
1.251
0.975
0.964
1.127
0.743
0.279
0.128
0.103
0.097
0.103
0.125
0.18
0.198
0.371
0.639
0.984
0.518
1.203
1.292
0.928
0.27
0.42
0.583
0.617
1.219
0.927
1.067
1.318
0.732
0.286
0.126
0.1
0.099
0.099
0.121
0.174
0.185
0.343
0.587
1.04
0.681
1.122
1.203
1.128
0.281
0.43
0.603
0.609
1.201
0.895
1.072
1.276
0.702
0.277
0.123
0.103
0.099
0.098
0.118
0.17
0.177
0.317
0.764
1.078
0.667
1.042
1.091
1.025
0.263
0.474
0.758
0.601
1.188
0.868
1.157
1.413
0.729
0.263
0.121
0.101
0.1
0.098
0.112
0.161
0.173
0.299
0.888
1.202
0.964
1.101
1.045
0.953
0.264
0.469
0.731
0.585
1.162
0.851
1.128
1.402
0.716
0.254
0.121
0.099
0.099
0.098
0.108
0.153
0.165
0.28
0.827
1.156
0.901
1.021
1.146
1.125
0.291
0.473
0.749
0.583
1.273
0.874
1.331
1.4
0.731
0.265
0.131
0.109
0.109
0.103
0.109
0.145
0.158
0.262
0.776
1.136
0.854
0.944
1.094
1.075
0.314
0.601
0.878
0.568
1.24
0.842
1.253
1.341
0.702
0.279
0.175
0.109
0.107
0.101
0.109
0.136
0.148
0.263
0.772
1.053
0.798
0.916
1.018
1.281
0.517
0.757
0.992
0.58
1.21
0.819
1.199
1.31
0.706
0.28
0.165
0.104
0.107
0.097
0.108
0.129
0.141
0.247
0.707
1.111
1.009
1.037
1.115
1.29
0.736
0.791
0.947
0.579
1.18
0.887
1.155
1.258
0.734
0.287
0.159
0.102
0.106
0.097
0.103
0.128
0.133
0.233
0.662
1.027
0.981
0.966
1.053
1.191
0.675
0.722
0.899
0.596
1.113
0.893
1.094
1.235
0.735
0.316
0.179
0.1
0.103
0.1
0.103
0.124
0.129
0.222
0.628
0.953
0.952
0.901
1.143
1.284
0.69
0.692
0.86
0.616
1.126
0.903
1.042
1.218
0.72
0.34
0.213
0.104
0.102
0.098
0.102
0.119
0.125
0.21
0.576
0.88
0.944
0.866
1.1
1.196
0.634
0.632
0.801
0.612
1.084
0.915
0.998
1.187
0.756
0.361
0.212
0.106
0.1
0.099
0.102
0.116
0.12
0.206
0.548
0.818
0.923
0.814
1.029
1.103
0.583
0.578
0.747
0.585
1.048
1.03
0.956
1.167
0.751
0.412
0.229
0.105
0.101
0.098
0.1
0.111
0.12
0.194
0.508
0.766
0.962
0.882
1.66
1.252
0.674
0.616
0.766
0.656
1.252
1.133
0.958
1.148
0.816
0.459
0.318
0.125
0.104
0.095
0.101
0.107
0.115
0.18
0.51
1.131
1.217
0.832
1.78
1.535
0.804
0.667
0.765
0.669
1.185
1.106
0.946
1.088
0.776
0.472
0.293
0.125
0.099
0.091
0.098
0.107
0.122
0.189
0.486
1.16
1.375
0.881
1.76
1.466
0.738
0.61
0.694
0.641
1.113
1.132
1.084
1.204
0.81
0.501
0.34
0.124
0.097
0.093
0.094
0.102
0.123
0.194
0.465
1.072
1.316
0.827
1.649
1.339
0.676
0.558
0.635
0.785
1.085
1.123
1.049
1.174
0.79
0.5
0.331
0.121
0.096
0.097
0.094
0.1
0.117
0.188
0.471
1.04
1.438
0.988
1.571
1.261
0.717
0.531
0.605
0.755
1.054
1.066
0.988
1.126
0.759
0.502
0.381
0.119
0.097
0.095
0.092
0.099
0.113
0.175
0.437
0.972
1.71
1.293
1.529
1.181
0.916
0.525
0.614
0.728
1.063
1.024
0.998
1.196
0.778
0.732
0.362
0.116
0.099
0.092
0.092
0.098
0.108
0.169
0.399
0.901
1.611
1.201
1.406
1.091
0.853
0.504
0.582
0.695
1.005
1.016
0.954
1.159
0.752
0.732
0.336
0.117
0.098
0.089
0.094
0.094
0.103
0.164
0.373
0.839
1.528
1.107
1.298
1.016
0.799
0.48
0.553
0.665
0.956
0.986
0.906
1.344
0.975
0.786
0.348
0.118
0.096
0.086
0.091
0.096
0.099
0.154
0.355
1.01
1.686
1.234
1.396
1.168
1.0
0.466
0.529
0.644
0.919
1.067
1.077
1.444
1.02
0.776
0.346
0.117
0.141
0.133
0.136
0.141
0.144
0.193
0.392
1.069
1.759
1.401
1.579
1.187
0.928
0.449
0.503
0.609
0.87
1.09
1.014
1.553
1.189
0.755
0.335
0.112
0.134
0.126
0.128
0.134
0.135
0.18
0.366
0.989
1.828
1.466
1.652
1.265
0.862
0.43
0.501
0.609
0.859
1.056
0.966
1.523
1.131
0.733
0.333
0.113
0.127
0.125
0.124
0.127
0.128
0.186
0.357
0.955
1.679
1.382
1.527
1.181
0.809
0.418
0.502
0.612
0.988
1.213
1.091
1.59
1.3
0.749
0.323
0.112
0.12
0.123
0.118
0.124
0.122
0.177
0.327
0.892
1.774
1.461
1.624
1.215
0.766
0.414
0.584
0.818
1.079
1.187
1.029
1.511
1.247
0.739
0.302
0.111
0.114
0.121
0.113
0.119
0.119
0.165
0.313
1.004
1.827
1.551
1.893
1.375
0.699
0.381
0.636
0.884
1.113
1.284
0.976
1.524
1.198
0.773
0.326
0.12
0.109
0.12
0.108
0.117
0.113
0.161
0.288
0.992
1.896
1.626
2.027
1.572
0.894
0.369
0.646
0.841
1.047
1.256
0.931
1.78
1.179
0.757
0.36
0.116
0.111
0.113
0.103
0.117
0.109
0.151
0.273
0.921
1.799
1.491
2.179
1.805
1.0
0.673
0.977
0.873
1.01
1.371
1.059
1.839
1.221
0.752
0.374
0.118
0.109
0.161
0.153
0.161
0.153
0.191
0.3
0.946
1.907
1.738
2.211
1.821
1.126
0.808
1.082
0.843
0.998
1.301
1.006
1.744
1.207
0.828
0.45
0.216
0.255
0.301
0.275
0.302
0.301
0.318
0.415
1.192
2.101
1.729
2.075
1.67
1.039
0.788
1.184
0.978
1.175
1.387
1.12
1.817
1.309
0.791
0.502
0.306
0.313
0.381
0.355
0.364
0.363
0.433
0.54
1.284
2.182
1.961
2.299
1.547
0.964
0.738
1.206
1.128
1.278
1.614
1.269
1.877
1.387
0.758
0.49
0.33
0.336
0.399
0.374
0.382
0.381
0.444
0.548
1.233
2.216
2.017
2.334
1.425
0.896
0.693
1.12
1.058
1.229
1.511
1.225
1.801
1.315
0.743
0.479
0.412
0.398
0.469
0.43
0.437
0.454
0.508
0.584
1.197
2.063
1.849
2.16
1.324
0.866
0.657
1.052
0.997
1.271
1.603
1.364
1.901
1.48
0.81
0.527
0.529
0.504
0.579
0.523
0.544
0.573
0.598
0.674
1.256
2.11
1.91
2.559
1.903
1.187
0.792
1.191
1.159
1.341
1.706
1.479
1.997
1.644
0.949
0.622
0.614
0.624
0.674
0.614
0.658
0.674
0.682
0.774
1.313
2.206
2.055
2.677
2.181
1.537
1.068
1.423
1.387
1.584
1.947
1.669
2.093
1.695
0.99
0.695
0.707
0.697
0.762
0.717
0.735
0.763
0.779
0.874
1.359
2.255
2.199
2.752
2.339
1.599
1.24
1.51
1.543
1.713
2.042
1.785
2.209
1.841
1.181
0.748
0.798
0.793
0.843
0.797
0.821
0.853
0.867
0.964
1.432
2.387
2.33
2.852
2.432
1.834
1.493
1.69
1.75
1.941
2.124
1.891
2.354
1.943
1.446
0.914
0.872
0.879
0.908
0.87
0.911
0.947
0.938
1.035
1.466
2.406
2.346
2.996
2.788
2.077
1.474
1.77
1.871
2.025
2.264
1.992
2.566
2.196
1.49
1.088
0.943
0.958
0.963
0.94
0.99
1.01
0.997
1.111
1.52
2.473
2.485
3.048
2.867
2.235
1.683
1.95
2.071
2.179
2.346
2.109
2.584
2.247
1.76
1.36
1.018
1.004
1.011
1.011
1.045
1.053
1.063
1.165
1.616
2.638
2.63
3.178
2.944
2.578
1.866
2.099
2.144
2.24
2.425
2.168
2.831
2.493
1.801
1.347
1.071
1.062
1.049
1.054
1.103
1.094
1.097
1.234
1.825
2.769
2.72
3.247
2.938
2.559
1.774
2.114
2.188
2.261
2.498
2.239
2.882
2.552
1.9
1.445
1.024
1.01
0.999
1.004
1.048
1.039
1.041
1.191
1.764
2.756
2.694
3.393
3.227
2.564
1.803
2.134
2.192
2.264
2.542
2.293
2.874
2.65
1.854
1.38
0.978
0.963
0.954
0.957
0.997
1.003
0.991
1.128
1.668
2.737
2.665
3.34
3.15
2.598
1.865
2.181
2.236
2.299
2.656
2.703
3.241
3.216
2.376
1.682
1.089
0.922
0.913
0.918
0.952
0.958
0.947
1.08
1.579
2.661
2.727
3.251
3.326
2.619
1.92
2.205
2.295
2.386
2.711
2.743
3.221
3.141
2.241
1.589
1.035
0.884
0.877
0.881
0.912
1.016
1.02
1.146
1.639
2.787
2.705
3.172
3.267
2.838
1.971
2.197
2.336
2.457
2.736
2.728
3.234
3.32
2.25
1.54
0.99
0.851
0.844
0.847
0.876
0.97
0.971
1.084
1.691
2.781
2.696
3.206
3.088
2.908
1.857
2.088
2.161
2.299
2.733
2.687
3.182
3.19
2.088
1.42
0.898
0.774
0.765
0.852
0.885
0.988
0.997
1.103
1.753
2.936
2.815
3.181
2.873
2.649
1.697
2.06
2.169
2.302
2.735
2.658
2.934
2.952
1.91
1.285
0.819
0.702
0.697
0.772
0.809
0.895
0.903
1.004
1.723
2.892
2.843
3.189
2.854
2.706
1.56
1.992
2.173
2.312
2.734
2.623
2.943
2.909
1.947
1.334
0.747
0.64
0.655
0.751
0.784
0.86
0.866
0.959
1.77
2.901
2.803
3.135
3.178
2.764
1.644
2.214
2.123
2.15
2.72
2.614
2.961
2.876
1.847
1.282
0.735
0.631
0.645
0.731
0.761
0.83
0.835
0.917
1.667
2.734
2.669
3.221
3.06
2.521
1.506
2.195
2.138
2.153
2.625
2.599
2.983
2.91
1.945
1.3
0.72
0.628
0.635
0.713
0.74
0.802
0.806
0.892
1.578
2.937
2.831
3.186
3.117
2.752
1.787
2.224
2.302
2.32
2.714
2.639
2.878
2.824
1.928
1.226
0.654
0.571
0.577
0.649
0.672
0.727
0.73
0.817
1.448
2.919
2.766
3.44
3.296
2.592
1.636
2.069
2.182
2.396
2.842
2.754
3.01
2.844
1.979
1.224
0.599
0.524
0.528
0.594
0.613
0.66
0.668
0.741
1.41
2.878
2.663
3.283
3.197
2.505
1.621
2.064
2.19
2.385
2.796
2.718
2.982
2.824
2.003
1.205
0.606
0.53
0.533
0.591
0.612
0.649
0.656
0.746
1.414
2.888
2.644
3.448
3.446
2.522
1.71
2.093
2.393
2.584
2.921
2.855
2.908
2.772
1.909
1.155
0.606
0.533
0.535
0.587
0.606
0.64
0.646
0.737
1.349
2.846
2.62
3.387
3.378
2.515
1.758
2.147
2.561
2.75
3.12
3.006
3.029
2.98
2.093
1.19
0.599
0.534
0.537
0.582
0.6
0.632
0.636
0.748
1.466
2.898
2.627
3.491
3.746
2.88
1.855
2.229
2.579
2.705
3.094
3.011
3.042
3.035
2.052
1.131
0.594
0.535
0.538
0.578
0.595
0.622
0.632
0.754
1.429
2.898
2.637
3.39
3.632
2.872
1.917
2.277
2.582
2.699
3.096
2.999
3.049
3.04
2.089
1.207
0.705
0.648
0.639
0.684
0.708
0.734
0.739
0.848
1.563
2.93
2.908
3.461
3.752
3.002
2.064
2.268
2.717
2.813
3.066
3.17
3.243
3.202
2.227
1.213
0.829
0.748
0.741
0.785
0.815
0.836
0.84
0.957
1.587
3.048
3.139
3.647
3.854
3.296
2.245
2.447
2.883
2.963
3.219
3.305
3.335
3.175
2.212
1.233
0.912
0.843
0.838
0.878
0.902
0.925
0.929
1.036
1.762
3.255
3.252
3.696
3.88
3.415
2.417
2.619
3.022
3.089
3.372
3.409
3.533
3.559
2.474
1.34
0.992
0.932
0.929
0.969
0.996
1.021
1.01
1.109
1.758
3.258
3.368
3.774
4.185
3.369
2.4
2.72
3.155
3.201
3.505
3.482
3.671
3.668
2.41
1.299
1.088
1.009
1.011
1.046
1.072
1.109
1.101
1.186
1.754
3.399
3.589
3.935
4.41
3.892
2.716
3.023
3.361
3.4
3.762
3.674
3.933
4.075
2.614
1.455
1.176
1.069
1.067
1.111
1.136
1.186
1.17
1.232
1.766
3.398
4.101
4.291
4.912
4.078
2.959
3.234
3.521
3.591
3.899
3.74
3.937
4.081
2.387
1.379
1.172
1.079
1.057
1.106
1.142
1.188
1.165
1.238
1.714
3.139
4.138
4.135
4.641
3.94
2.788
3.212
3.606
3.435
3.578
3.471
3.649
3.769
2.209
1.299
1.065
0.982
0.958
1.006
1.034
1.095
1.077
1.146
1.572
2.966
4.021
3.944
4.717
3.93
2.84
3.169
3.478
3.335
3.531
3.391
3.39
3.486
2.029
1.205
0.969
0.89
0.872
0.918
0.938
1.01
1.002
1.058
1.446
2.756
3.703
3.654
4.578
3.868
2.616
2.976
3.179
3.074
3.267
3.405
3.495
3.349
1.903
1.122
0.903
0.812
0.797
0.835
0.852
0.934
0.934
0.983
1.42
2.723
3.393
3.538
4.382
3.74
2.478
2.707
2.986
2.854
3.094
3.297
3.425
3.228
1.942
1.06
