0.0
0.0
0.0
0.0
0.0
0.0
0.0
0.0
0.0
0.0
0.0
0.0
0.0
0.0
0.0
0.0
0.0
0.0
0.0
0.0
0.0
0.0
0.0
0.0
0.0
0.0
0.0
0.0
0.0
0.0
0.0
0.0
0.0
0.0
0.0
0.0
0.0
0.0
0.0
0.0
0.0
0.0
0.0
0.0
0.0
0.0
0.0
0.0
0.0
0.0
0.0
0.0
0.0
0.0
0.0
0.0
0.0
0.0
0.0
0.0
0.0
0.0
0.0
0.0
0.0
0.0
0.0
0.0
0.0
0.0
0.0
0.0
0.0
0.0
0.0
0.0
0.0
0.0
0.0
0.0
0.0
0.0
0.0
0.0
0.0
0.0
0.0
0.0
0.0
0.0
0.0
0.0
0.0
0.0
0.0
0.0
0.0
0.0
0.0
0.0
0.0
0.0
0.0
0.0
0.0
0.0
0.0
0.0
0.0
0.0
0.0
0.0
0.0
0.0
0.0
0.0
0.0
0.0
0.0
0.0
0.0
0.0
0.0
0.0
0.0
0.0
0.0
0.0
0.0
0.0
0.0
0.0
0.0
0.0
0.0
0.0
0.0
0.0
0.0
0.0
0.0
0.0
0.0
0.0
0.0
0.0
0.0
0.0
0.0
0.0
0.0
0.0
0.0
0.0
0.0
0.0
0.0
0.0
0.0
0.0
0.0
0.0
0.0
0.0
0.0
0.0
0.0
0.0
0.0
0.0
0.0
0.0
0.0
0.0
0.0
0.0
0.0
0.0
0.0
0.0
0.0
0.0
0.0
0.0
0.0
0.0
0.0
0.0
0.0
0.0
0.0
0.0
0.0
0.0
0.0
0.0
0.0
0.0
0.0
0.0
0.0
0.0
0.0
0.0
0.0
0.0
0.0
0.0
0.0
0.0
0.0
0.0
0.0
0.0
0.0
0.0
0.0
0.0
0.0
0.0
0.0
0.0
0.0
0.0
0.0
0.0
0.0
0.0
0.0
0.0
0.0
0.0
0.0
0.0
0.0
0.0
0.0
0.0
0.0
0.0
0.0
0.0
0.0
0.0
0.0
0.0
0.0
0.0
0.0
0.0
0.0
0.0
0.0
0.0
0.0
0.0
0.0
0.0
0.0
0.0
0.0
0.0
0.0
0.0
0.0
0.0
0.0
0.0
0.0
0.0
0.0
0.0
0.0
0.0
0.0
0.0
0.0
0.0
0.0
0.0
0.0
0.0
0.0
0.0
0.0
0.0
0.0
0.0
0.0
0.0
0.0
0.0
0.0
0.0
0.0
0.0
0.0
0.0
0.0
0.0
0.0
0.0
0.0
0.0
0.0
0.0
0.0
0.0
0.0
0.0
0.0
0.0
0.0
0.0
0.0
0.0
0.0
0.0
0.0
0.0
0.0
0.0
0.0
0.0
0.0
0.0
0.0
0.0
0.0
0.0
0.0
0.0
0.0
0.0
0.0
0.0
0.0
0.0
0.0
0.0
0.0
0.0
0.0
0.0
0.0
0.0
0.0
0.0
0.0
0.0
0.0
0.0
0.0
0.0
0.0
0.0
0.0
0.0
0.0
0.0
0.0
0.0
0.0
0.0
0.0
0.0
0.0
0.0
0.0
0.0
0.0
0.0
0.0
0.0
0.0
0.0
0.0
0.0
0.0
0.0
0.0
0.0
0.0
0.0
0.0
0.0
0.0
0.0
0.0
0.0
0.0
0.0
0.0
0.0
0.0
0.0
0.0
0.0
0.0
0.0
0.0
0.0
0.0
0.0
0.0
0.0
0.0
0.0
0.0
0.0
0.0
0.0
0.0
0.0
0.0
0.0
0.0
0.0
0.0
0.0
0.0
0.0
0.0
0.0
0.0
0.0
0.0
0.0
0.0
0.0
0.0
0.0
0.0
0.0
0.0
0.0
0.0
0.0
0.0
0.0
0.0
0.0
0.0
0.0
0.0
0.0
0.0
0.0
0.0
0.0
0.0
0.0
0.0
0.0
0.0
0.0
0.0
0.0
0.0
0.0
0.0
0.0
0.0
0.0
0.0
0.0
0.0
0.0
0.0
0.0
0.0
0.0
0.0
0.0
0.0
0.0
0.0
0.0
0.0
0.0
0.0
0.0
0.0
0.0
0.0
0.0
0.0
0.0
0.0
0.0
0.0
0.0
0.0
0.0
0.0
0.0
0.0
0.0
0.0
0.0
0.0
0.0
0.0
0.0
0.0
0.291
0.285
0.283
0.199
0.186
0.225
0.308
0.419
0.212
0.085
0.079
0.447
0.166
0.113
0.115
0.191
0.133
0.244
0.244
0.194
0.313
0.772
0.55
0.475
0.19
0.181
0.181
0.182
0.192
0.226
0.418
0.449
0.356
0.141
0.083
0.367
0.175
0.121
0.154
0.4
0.192
0.426
0.244
0.196
0.347
0.706
0.548
0.523
0.192
0.179
0.181
0.184
0.191
0.226
0.377
0.428
0.458
0.151
0.099
0.221
0.175
0.21
0.188
0.433
0.226
0.987
0.263
0.198
0.399
0.704
0.584
0.555
0.29
0.24
0.181
0.182
0.189
0.225
0.353
0.362
0.555
0.149
0.109
0.246
0.211
0.169
0.188
0.279
0.572
0.953
0.272
0.214
0.439
0.644
0.648
0.541
0.471
0.308
0.197
0.179
0.165
0.188
0.192
0.226
0.243
0.194
0.146
0.131
0.232
0.184
0.418
0.438
0.529
0.391
0.257
0.263
0.388
0.463
0.502
0.515
0.366
0.204
0.187
0.176
0.163
0.183
0.188
0.293
0.256
0.187
0.204
0.165
0.208
0.184
0.426
0.455
0.213
0.338
0.702
0.811
0.607
0.583
0.553
0.555
0.29
0.238
0.178
0.177
0.185
0.184
0.293
0.339
0.557
0.149
0.118
0.23
0.219
0.204
0.258
0.313
0.603
0.955
0.272
0.295
0.428
0.605
0.607
0.573
0.322
0.275
0.22
0.206
0.174
0.174
0.27
0.313
0.531
0.156
0.128
0.228
0.218
0.21
0.244
0.3
0.564
0.914
0.423
0.287
0.465
0.605
0.606
0.575
0.35
0.29
0.214
0.202
0.173
0.173
0.26
0.315
0.518
0.155
0.131
0.229
0.256
0.213
0.237
0.289
0.823
0.967
0.405
0.281
0.459
0.607
0.606
0.577
0.375
0.319
0.21
0.199
0.173
0.173
0.252
0.301
0.483
0.167
0.139
0.216
0.258
0.214
0.235
0.359
0.786
0.894
0.387
0.276
0.453
0.609
0.606
0.58
0.362
0.304
0.206
0.196
0.172
0.173
0.242
0.288
0.489
0.231
0.22
0.238
0.258
0.447
0.256
0.354
0.918
0.844
0.371
0.27
0.461
0.607
0.605
0.541
0.343
0.289
0.201
0.194
0.172
0.172
0.234
0.275
0.47
0.255
0.231
0.222
0.24
0.409
0.245
0.34
0.903
0.782
0.359
0.265
0.474
0.609
0.578
0.511
0.332
0.284
0.205
0.192
0.172
0.172
0.227
0.27
0.459
0.238
0.225
0.221
0.236
0.557
0.243
0.328
0.835
0.726
0.345
0.259
0.482
0.588
0.562
0.515
0.358
0.279
0.201
0.19
0.17
0.171
0.221
0.26
0.43
0.23
0.219
0.216
0.23
0.518
0.24
0.317
0.773
0.708
0.46
0.353
0.69
0.787
0.679
0.74
0.398
0.314
0.201
0.186
0.169
0.17
0.216
0.251
0.404
0.225
0.219
0.219
0.23
0.499
0.411
0.308
0.718
0.658
0.436
0.339
0.671
0.762
0.67
0.726
0.384
0.301
0.198
0.184
0.169
0.168
0.212
0.243
0.383
0.225
0.22
0.205
0.215
0.491
0.414
0.299
0.667
0.615
0.415
0.337
0.654
0.75
0.664
0.714
0.388
0.291
0.197
0.183
0.168
0.167
0.207
0.236
0.362
0.22
0.214
0.201
0.21
0.459
0.39
0.286
0.666
0.576
0.395
0.329
0.63
0.74
0.657
0.702
0.41
0.305
0.194
0.182
0.168
0.167
0.204
0.229
0.353
0.212
0.2
0.23
0.211
0.434
0.388
0.303
0.644
0.564
0.4
0.51
0.6
0.711
0.637
0.669
0.395
0.296
0.192
0.18
0.167
0.166
0.2
0.224
0.332
0.209
0.199
0.23
0.223
0.397
0.358
0.291
0.71
0.605
0.382
0.483
0.642
0.907
0.763
0.645
0.401
0.316
0.195
0.18
0.167
0.164
0.198
0.227
0.324
0.197
0.195
0.255
0.22
0.369
0.334
0.28
0.661
0.604
0.496
0.462
0.603
0.841
0.71
0.596
0.378
0.302
0.191
0.178
0.167
0.164
0.192
0.228
0.526
0.407
0.32
0.246
0.216
0.358
0.322
0.273
0.646
0.565
0.468
0.435
0.575
0.776
0.658
0.554
0.356
0.289
0.187
0.177
0.167
0.163
0.19
0.22
0.509
0.388
0.31
0.243
0.244
0.349
0.313
0.271
0.607
0.775
0.446
0.413
0.544
0.721
0.615
0.528
0.344
0.277
0.188
0.176
0.166
0.164
0.186
0.216
0.474
0.367
0.321
0.238
0.244
0.34
0.323
0.324
0.817
0.734
0.423
0.398
0.536
0.7
0.604
0.525
0.359
0.294
0.205
0.186
0.169
0.164
0.186
0.218
0.475
0.379
0.311
0.221
0.227
0.351
0.351
0.312
0.769
0.688
0.405
0.427
0.539
0.678
0.617
0.513
0.353
0.284
0.205
0.185
0.172
0.163
0.4
0.298
0.45
0.358
0.296
0.217
0.243
0.343
0.344
0.316
0.717
0.643
0.395
0.432
0.538
0.659
0.604
0.517
0.353
0.279
0.203
0.184
0.174
0.162
0.378
0.284
0.423
0.341
0.303
0.233
0.268
0.325
0.316
0.415
0.699
0.599
0.377
0.407
0.523
0.631
0.583
0.504
0.355
0.276
0.199
0.181
0.174
0.161
0.355
0.283
0.398
0.316
0.278
0.259
0.262
0.314
0.304
0.394
0.648
0.581
0.36
0.389
0.494
0.592
0.546
0.489
0.353
0.267
0.196
0.178
0.174
0.159
0.337
0.27
0.375
0.31
0.268
0.249
0.251
0.3
0.287
0.422
0.603
0.544
0.343
0.37
0.468
0.567
0.536
0.484
0.361
0.268
0.199
0.18
0.171
0.161
0.525
0.295
0.379
0.315
0.25
0.23
0.235
0.276
0.267
0.416
0.564
0.512
0.365
0.354
0.448
0.545
0.507
0.455
0.344
0.266
0.201
0.181
0.169
0.163
0.488
0.283
0.356
0.313
0.24
0.226
0.227
0.261
0.358
0.393
0.529
0.483
0.349
0.351
0.477
0.547
0.531
0.446
0.339
0.257
0.199
0.178
0.169
0.161
0.454
0.279
0.371
0.302
0.222
0.21
0.212
0.241
0.33
0.36
0.491
0.454
0.367
0.338
0.454
0.514
0.501
0.431
0.329
0.249
0.195
0.175
0.167
0.161
0.426
0.266
0.349
0.3
0.218
0.205
0.209
0.238
0.365
0.496
0.464
0.436
0.543
0.548
0.565
0.686
0.641
0.429
0.331
0.243
0.204
0.183
0.17
0.161
0.4
0.256
0.347
0.308
0.202
0.19
0.197
0.22
0.335
0.455
0.423
0.401
0.534
0.514
0.545
0.659
0.619
0.427
0.337
0.238
0.198
0.182
0.168
0.16
0.375
0.267
0.345
0.283
0.19
0.187
0.225
0.218
0.32
0.43
0.399
0.382
0.535
0.486
0.515
0.616
0.598
0.426
0.348
0.256
0.223
0.206
0.171
0.165
0.357
0.259
0.341
0.275
0.195
0.206
0.223
0.217
0.308
0.504
0.434
0.37
0.535
0.466
0.487
0.582
0.556
0.41
0.333
0.248
0.216
0.201
0.17
0.163
0.349
0.261
0.313
0.255
0.2
0.21
0.228
0.201
0.286
0.492
0.544
0.39
0.502
0.438
0.463
0.564
0.542
0.412
0.341
0.266
0.209
0.198
0.169
0.164
0.336
0.273
0.29
0.236
0.225
0.224
0.224
0.189
0.266
0.458
0.51
0.373
0.55
0.55
0.467
0.537
0.507
0.388
0.327
0.256
0.207
0.192
0.168
0.164
0.324
0.293
0.267
0.218
0.211
0.208
0.21
0.176
0.248
0.434
0.588
0.57
0.659
0.666
0.673
0.539
0.488
0.385
0.311
0.245
0.203
0.188
0.169
0.172
0.314
0.298
0.247
0.202
0.347
0.202
0.206
0.165
0.231
0.406
0.547
0.533
0.616
0.62
0.63
0.527
0.456
0.366
0.294
0.237
0.197
0.186
0.167
0.17
0.321
0.302
0.229
0.191
0.318
0.191
0.372
0.171
0.228
0.386
0.514
0.499
0.576
0.595
0.61
0.517
0.475
0.349
0.28
0.231
0.192
0.185
0.165
0.168
0.306
0.286
0.234
0.187
0.304
0.195
0.373
0.17
0.212
0.356
0.468
0.466
0.64
0.571
0.591
0.509
0.513
0.369
0.299
0.236
0.201
0.181
0.165
0.167
0.29
0.285
0.225
0.183
0.291
0.191
0.354
0.168
0.408
0.552
0.448
0.44
0.597
0.535
0.601
0.499
0.506
0.381
0.345
0.233
0.197
0.182
0.165
0.169
0.296
0.291
0.211
0.171
0.27
0.199
0.339
0.161
0.378
0.508
0.42
0.438
0.558
0.504
0.596
0.493
0.498
0.395
0.329
0.232
0.21
0.181
0.165
0.172
0.301
0.297
0.197
0.16
0.251
0.213
0.325
0.154
0.352
0.466
0.4
0.414
0.521
0.5
0.582
0.492
0.494
0.406
0.336
0.23
0.206
0.18
0.165
0.172
0.295
0.312
0.184
0.152
0.232
0.201
0.299
0.154
0.368
0.453
0.379
0.418
0.5
0.541
0.782
0.559
0.492
0.421
0.325
0.224
0.203
0.181
0.167
0.172
0.284
0.321
0.172
0.143
0.217
0.263
0.371
0.148
0.337
0.414
0.354
0.393
0.478
0.517
0.759
0.524
0.48
0.406
0.309
0.218
0.199
0.182
0.167
0.173
0.286
0.323
0.161
0.137
0.202
0.243
0.496
0.156
0.313
0.379
0.326
0.372
0.449
0.485
0.704
0.491
0.458
0.394
0.296
0.215
0.199
0.18
0.167
0.172
0.275
0.322
0.179
0.132
0.19
0.225
0.488
0.166
0.307
0.586
0.338
0.355
0.43
0.46
0.658
0.465
0.437
0.378
0.29
0.217
0.202
0.184
0.172
0.175
0.267
0.309
0.191
0.137
0.19
0.222
0.461
0.171
0.296
0.765
0.632
0.553
0.472
0.456
0.635
0.461
0.435
0.37
0.277
0.214
0.199
0.183
0.172
0.175
0.263
0.32
0.18
0.13
0.178
0.227
0.434
0.162
0.273
0.695
0.653
0.737
0.599
0.46
0.619
0.463
0.436
0.375
0.305
0.22
0.199
0.182
0.172
0.176
0.256
0.335
0.169
0.124
0.166
0.23
0.41
0.168
0.265
0.647
0.634
0.736
0.601
0.466
0.598
0.459
0.435
0.368
0.293
0.219
0.197
0.182
0.171
0.179
0.251
0.343
0.159
0.118
0.159
0.214
0.375
0.158
0.248
0.601
0.593
0.681
0.562
0.455
0.577
0.452
0.422
0.351
0.283
0.215
0.195
0.181
0.172
0.18
0.248
0.353
0.15
0.113
0.151
0.305
0.406
0.149
0.233
0.548
0.54
0.633
0.529
0.429
0.539
0.428
0.405
0.334
0.271
0.21
0.195
0.18
0.172
0.18
0.256
0.352
0.142
0.11
0.145
0.281
0.422
0.157
0.229
0.516
0.506
0.59
0.5
0.409
0.509
0.409
0.392
0.327
0.269
0.213
0.195
0.182
0.172
0.181
0.249
0.334
0.219
0.294
0.149
0.303
0.421
0.171
0.238
0.492
0.501
0.671
0.532
0.411
0.501
0.411
0.397
0.337
0.284
0.214
0.193
0.179
0.172
0.182
0.24
0.317
0.226
0.283
0.151
0.289
0.398
0.171
0.232
0.596
0.525
0.622
0.504
0.4
0.607
0.448
0.405
0.348
0.298
0.215
0.19
0.178
0.175
0.181
0.234
0.317
0.239
0.27
0.153
0.302
0.379
0.162
0.216
0.546
0.504
0.593
0.483
0.391
0.583
0.441
0.406
0.336
0.288
0.214
0.187
0.185
0.179
0.181
0.23
0.315
0.222
0.249
0.148
0.296
0.36
0.152
0.203
0.498
0.496
0.552
0.475
0.402
0.591
0.443
0.415
0.329
0.275
0.212
0.185
0.183
0.181
0.18
0.227
0.31
0.224
0.268
0.159
0.273
0.334
0.143
0.191
0.461
0.466
0.507
0.434
0.369
0.556
0.424
0.396
0.319
0.27
0.206
0.183
0.184
0.181
0.18
0.239
0.307
0.209
0.249
0.152
0.304
0.331
0.136
0.181
0.422
0.429
0.608
0.645
0.521
0.584
0.641
0.471
0.306
0.262
0.205
0.187
0.189
0.21
0.18
0.234
0.323
0.196
0.233
0.143
0.298
0.473
0.145
0.184
0.406
0.408
0.567
0.602
0.494
0.557
0.619
0.467
0.321
0.253
0.201
0.184
0.188
0.21
0.18
0.229
0.322
0.201
0.219
0.136
0.307
0.46
0.153
0.191
0.392
0.41
0.538
0.584
0.496
0.584
0.607
0.468
0.339
0.277
0.231
0.215
0.245
0.216
0.188
0.231
0.308
0.198
0.215
0.141
0.294
0.476
0.158
0.192
0.377
0.393
0.509
0.553
0.476
0.564
0.609
0.519
0.372
0.296
0.282
0.225
0.238
0.212
0.187
0.226
0.307
0.204
0.216
0.202
0.386
0.449
0.149
0.179
0.346
0.363
0.471
0.508
0.439
0.581
0.569
0.486
0.354
0.283
0.271
0.22
0.233
0.21
0.188
0.236
0.313
0.187
0.195
0.182
0.347
0.409
0.145
0.169
0.319
0.345
0.726
0.634
0.447
0.567
0.557
0.48
0.389
0.272
0.261
0.215
0.228
0.208
0.187
0.363
0.515
0.209
0.249
0.187
0.32
0.375
0.169
0.191
0.307
0.338
0.664
0.582
0.413
0.578
0.529
0.451
0.368
0.259
0.25
0.211
0.223
0.206
0.186
0.343
0.508
0.196
0.231
0.176
0.329
0.363
0.163
0.183
0.287
0.321
0.621
0.566
0.419
0.568
0.541
0.493
0.419
0.322
0.322
0.225
0.225
0.199
0.187
0.335
0.504
0.182
0.214
0.167
0.399
0.409
0.162
0.173
0.268
0.324
0.592
0.586
0.419
0.553
0.529
0.487
0.422
0.335
0.332
0.258
0.241
0.197
0.185
0.32
0.471
0.191
0.222
0.193
0.4
0.409
0.186
0.196
0.281
0.332
0.578
0.703
0.398
0.518
0.497
0.458
0.4
0.326
0.325
0.259
0.244
0.202
0.185
0.305
0.44
0.199
0.223
0.198
0.383
0.391
0.191
0.375
0.292
0.338
0.574
0.695
0.431
0.736
0.689
0.475
0.434
0.364
0.482
0.482
0.268
0.207
0.182
0.307
0.421
0.187
0.208
0.193
0.374
0.369
0.195
0.355
0.282
0.326
0.541
0.651
0.414
0.738
0.65
0.464
0.413
0.348
0.45
0.45
0.258
0.203
0.181
0.296
0.409
0.23
0.237
0.394
0.604
0.521
0.182
0.326
0.26
0.3
0.494
0.773
0.414
0.7
0.606
0.437
0.392
0.332
0.423
0.425
0.251
0.203
0.183
0.284
0.399
0.244
0.266
0.385
0.562
0.486
0.182
0.33
0.252
0.294
0.491
0.765
0.443
0.701
0.61
0.433
0.385
0.318
0.399
0.403
0.248
0.202
0.182
0.274
0.377
0.267
0.256
0.355
0.514
0.474
0.586
0.528
0.453
0.501
0.498
0.754
0.475
0.675
0.581
0.415
0.363
0.301
0.373
0.378
0.239
0.197
0.178
0.262
0.371
0.277
0.257
0.326
0.47
0.434
0.534
0.482
0.417
0.465
0.492
0.722
0.454
0.629
0.543
0.394
0.349
0.288
0.351
0.36
0.231
0.194
0.179
0.256
0.379
0.272
0.238
0.303
0.438
0.441
0.488
0.44
0.382
0.426
0.621
0.669
0.428
0.585
0.509
0.446
0.369
0.29
0.34
0.34
0.226
0.193
0.234
0.462
0.576
0.319
0.251
0.305
0.419
0.413
0.456
0.414
0.371
0.391
0.791
0.915
0.525
0.593
0.479
0.426
0.359
0.287
0.332
0.332
0.231
0.199
0.228
0.444
0.568
0.325
0.233
0.282
0.386
0.443
0.428
0.389
0.352
0.384
0.782
0.893
0.542
0.648
0.466
0.408
0.343
0.279
0.319
0.316
0.224
0.197
0.223
0.417
0.547
0.312
0.23
0.274
0.391
0.42
0.392
0.357
0.324
0.353
0.747
0.823
0.507
0.602
0.44
0.387
0.33
0.27
0.306
0.303
0.218
0.194
0.219
0.393
0.512
0.311
0.437
0.313
0.396
0.41
0.36
0.328
0.299
0.324
0.725
0.795
0.511
0.62
0.458
0.389
0.329
0.267
0.298
0.294
0.219
0.193
0.215
0.397
0.499
0.303
0.417
0.295
0.51
0.418
0.33
0.303
0.276
0.346
0.673
0.734
0.479
0.577
0.432
0.378
0.317
0.265
0.301
0.298
0.22
0.191
0.211
0.375
0.478
0.311
0.474
0.464
0.492
0.383
0.305
0.279
0.262
0.329
0.623
0.678
0.448
0.584
0.413
0.358
0.305
0.257
0.289
0.288
0.217
0.189
0.207
0.356
0.446
0.317
0.461
0.452
0.474
0.374
0.291
0.263
0.243
0.305
0.667
0.63
0.426
0.545
0.392
0.342
0.293
0.25
0.279
0.279
0.216
0.188
0.204
0.337
0.418
0.313
0.432
0.424
0.444
0.354
0.455
0.277
0.237
0.293
0.619
0.587
0.402
0.523
0.379
0.333
0.282
0.251
0.277
0.277
0.22
0.196
0.211
0.331
0.403
0.307
0.412
0.406
0.428
0.335
0.426
0.268
0.241
0.655
0.792
0.736
0.551
0.721
0.389
0.325
0.28
0.274
0.269
0.267
0.215
0.192
0.207
0.315
0.393
0.313
0.379
0.373
0.392
0.312
0.421
0.258
0.235
0.623
0.741
0.733
0.564
0.72
0.478
0.368
0.285
0.266
0.26
0.258
0.21
0.191
0.206
0.302
0.377
0.328
0.348
0.342
0.36
0.287
0.41
0.241
0.218
0.568
0.686
0.753
0.534
0.669
0.45
0.35
0.276
0.259
0.255
0.25
0.207
0.19
0.203
0.29
0.375
0.331
0.321
0.316
0.332
0.308
0.51
0.253
0.224
0.543
0.662
0.763
0.5
0.62
0.424
0.34
0.274
0.259
0.253
0.247
0.206
0.193
0.202
0.28
0.357
0.32
0.308
0.303
0.316
0.294
0.476
0.244
0.22
0.509
0.616
0.706
0.471
0.577
0.403
0.325
0.266
0.252
0.246
0.242
0.206
0.192
0.201
0.27
0.339
0.305
0.307
0.294
0.31
0.285
0.454
0.241
0.219
0.479
0.615
0.666
0.443
0.538
0.382
0.312
0.26
0.249
0.244
0.243
0.208
0.196
0.199
0.26
0.324
0.294
0.293
0.292
0.295
0.273
0.425
0.261
0.214
0.454
0.577
0.63
0.423
0.643
0.579
0.422
0.488
0.34
0.286
0.244
0.202
0.193
0.198
0.251
0.311
0.308
0.268
0.27
0.274
0.274
0.538
0.259
0.218
0.441
0.563
0.639
0.45
0.648
0.613
0.413
0.46
0.325
0.276
0.238
0.201
0.189
0.198
0.245
0.299
0.293
0.271
0.262
0.265
0.263
0.529
0.249
0.221
0.405
0.548
0.602
0.43
0.619
0.576
0.392
0.438
0.317
0.285
0.229
0.199
0.186
0.196
0.238
0.291
0.315
0.248
0.244
0.246
0.24
0.663
0.252
0.225
0.384
0.536
0.629
0.478
0.643
0.647
0.407
0.443
0.331
0.297
0.239
0.217
0.203
0.215
0.251
0.298
0.344
0.227
0.228
0.229
0.22
0.625
0.244
0.22
0.362
0.546
0.668
0.626
0.705
0.616
0.386
0.419
0.313
0.287
0.232
0.216
0.205
0.211
0.245
0.292
0.359
0.211
0.209
0.215
0.202
0.643
0.419
0.227
0.353
0.589
0.653
0.608
0.672
0.591
0.384
0.418
0.318
0.299
0.236
0.214
0.198
0.208
0.235
0.282
0.338
0.209
0.207
0.245
0.221
0.613
0.409
0.227
0.339
0.573
0.627
0.585
0.676
0.571
0.404
0.426
0.326
0.314
0.255
0.24
0.207
0.201
0.226
0.275
0.319
0.359
0.412
0.458
0.346
0.675
0.387
0.228
0.324
0.558
0.81
0.552
0.629
0.557
0.398
0.403
0.309
0.302
0.244
0.235
0.2
0.196
0.224
0.265
0.343
0.328
0.375
0.422
0.315
0.677
0.382
0.237
0.327
0.578
0.805
0.572
0.636
0.588
0.39
0.392
0.298
0.291
0.236
0.232
0.196
0.196
0.216
0.264
0.354
0.303
0.342
0.385
0.292
0.619
0.36
0.396
0.329
0.557
0.758
0.534
0.602
0.592
0.415
0.413
0.331
0.306
0.249
0.233
0.192
0.2
0.209
0.27
0.383
0.277
0.312
0.355
0.286
0.621
0.345
0.37
0.316
0.533
0.754
0.557
0.613
0.648
0.405
0.388
0.319
0.295
0.241
0.227
0.187
0.198
0.205
0.259
0.398
0.253
0.288
0.326
0.263
0.566
0.328
0.361
0.49
0.735
0.892
0.699
0.821
0.989
0.436
0.367
0.306
0.285
0.233
0.224
0.19
0.235
0.208
0.254
0.398
0.237
0.263
0.297
0.245
0.514
0.304
0.371
0.51
0.73
0.874
0.705
0.809
0.962
0.467
0.401
0.335
0.305
0.23
0.228
0.2
0.245
0.203
0.246
0.379
0.227
0.268
0.286
0.245
0.48
0.298
0.454
0.571
0.696
0.822
0.657
0.755
0.892
0.464
0.4
0.346
0.312
0.239
0.237
0.213
0.26
0.214
0.238
0.358
0.221
0.265
0.28
0.239
0.458
0.289
0.438
0.538
0.667
0.832
0.857
0.94
0.87
0.433
0.382
0.328
0.312
0.226
0.223
0.195
0.243
0.196
0.248
0.359
0.214
0.244
0.26
0.219
0.421
0.266
0.4
0.51
0.686
0.821
0.837
0.917
1.094
0.616
0.378
0.349
0.291
0.212
0.204
0.184
0.223
0.18
0.253
0.38
0.209
0.224
0.238
0.205
0.384
0.248
0.414
0.488
0.657
0.763
0.769
0.846
1.0
0.575
0.357
0.337
0.28
0.203
0.188
0.174
0.205
0.171
0.245
0.397
0.198
0.21
0.219
0.193
0.349
0.231
0.378
0.469
0.663
0.757
0.759
0.829
0.991
0.541
0.337
0.323
0.272
0.201
0.196
0.175
0.203
0.168
0.247
0.404
0.216
0.233
0.242
0.22
0.517
0.256
0.394
0.504
0.666
0.721
0.72
0.771
0.916
0.512
0.325
0.316
0.262
0.199
0.196
0.177
0.202
0.169
0.239
0.384
0.238
0.257
0.264
0.272
0.492
0.26
0.388
0.505
0.632
0.68
0.669
0.71
0.844
0.48
0.31
0.3
0.254
0.197
0.19
0.177
0.2
0.166
0.234
0.392
0.234
0.237
0.247
0.302
0.46
0.252
0.364
0.474
0.605
0.648
0.802
0.671
0.796
0.469
0.315
0.303
0.264
0.228
0.184
0.179
0.197
0.167
0.23
0.38
0.249
0.219
0.236
0.281
0.461
0.252
0.356
0.635
0.563
0.707
0.759
0.639
0.75
0.491
0.325
0.306
0.268
0.246
0.197
0.19
0.192
0.175
0.222
0.401
0.266
0.246
0.242
0.253
0.415
0.227
0.361
0.635
0.578
0.713
0.751
0.652
0.774
0.473
0.319
0.292
0.258
0.242
0.196
0.185
0.188
0.183
0.259
0.406
0.288
0.272
0.262
0.27
0.564
0.237
0.373
0.63
0.596
0.727
0.745
0.665
0.765
0.57
0.354
0.296
0.263
0.233
0.2
0.182
0.184
0.18
0.257
0.421
0.263
0.249
0.24
0.272
0.712
0.41
0.622
0.758
0.573
0.715
0.748
0.795
0.883
0.808
0.43
0.29
0.27
0.265
0.194
0.185
0.183
0.177
0.248
0.424
0.241
0.239
0.22
0.249
0.645
0.439
0.593
0.703
0.534
0.675
0.694
0.736
0.815
0.748
0.408
0.288
0.26
0.254
0.189
0.182
0.18
0.175
0.248
0.451
0.24
0.235
0.217
0.243
0.6
0.418
0.562
0.652
0.571
0.689
0.674
0.678
0.75
0.701
0.385
0.276
0.252
0.246
0.187
0.18
0.178
0.174
0.239
0.421
0.23
0.276
0.216
0.276
0.565
0.394
0.537
0.623
0.543
0.641
0.626
0.838
0.725
0.652
0.368
0.27
0.247
0.242
0.235
0.188
0.174
0.172
0.23
0.393
0.221
0.262
0.208
0.262
0.522
0.369
0.73
0.638
0.526
0.607
0.585
0.776
0.674
0.608
0.386
0.263
0.242
0.236
0.281
0.192
0.172
0.17
0.258
0.392
0.203
0.24
0.191
0.29
0.508
0.417
0.886
0.6
0.532
0.611
0.595
0.766
0.699
0.58
0.372
0.254
0.234
0.228
0.283
0.201
0.171
0.168
0.248
0.369
0.244
0.246
0.19
0.275
0.471
0.554
0.817
0.578
0.548
0.629
0.642
0.738
0.663
0.559
0.371
0.264
0.256
0.256
0.298
0.209
0.181
0.179
0.251
0.395
0.237
0.238
0.187
0.3
0.643
0.544
0.782
0.584
0.541
0.642
0.659
0.747
0.705
0.546
0.377
0.279
0.259
0.256
0.295
0.215
0.19
0.188
0.272
0.443
0.244
0.245
0.199
0.307
0.62
0.521
0.729
0.553
0.666
0.828
0.846
0.919
0.886
0.759
0.421
0.311
0.291
0.287
0.303
0.221
0.197
0.196
0.272
0.44
0.283
0.268
0.225
0.308
0.578
0.484
0.671
0.67
0.725
0.777
0.796
0.858
0.825
0.704
0.399
0.297
0.277
0.275
0.289
0.216
0.201
0.191
0.261
0.425
0.288
0.313
0.204
0.447
0.781
0.701
0.89
0.98
0.862
0.916
0.927
0.97
0.825
0.667
0.385
0.285
0.265
0.262
0.273
0.207
0.195
0.187
0.25
0.397
0.273
0.34
0.203
0.421
0.721
0.649
0.953
0.901
0.813
0.857
0.858
0.894
0.764
0.621
0.367
0.277
0.259
0.265
0.332
0.218
0.2
0.182
0.247
0.406
0.25
0.31
0.186
0.468
0.895
0.693
0.879
0.883
0.799
0.842
0.839
0.914
0.754
0.591
0.347
0.265
0.248
0.252
0.313
0.209
0.196
0.179
0.238
0.381
0.262
0.324
0.208
0.454
0.838
0.656
0.813
0.798
0.738
0.831
0.817
1.086
0.727
0.552
0.329
0.254
0.238
0.242
0.297
0.205
0.205
0.175
0.237
0.414
0.241
0.296
0.197
0.452
0.79
0.613
0.756
0.733
0.69
0.826
0.802
1.046
0.752
0.527
0.311
0.245
0.23
0.233
0.291
0.206
0.199
0.172
0.228
0.423
0.223
0.277
0.186
0.481
0.834
0.582
0.71
0.684
0.653
0.801
0.961
1.178
0.909
0.742
0.351
0.252
0.251
0.231
0.275
0.199
0.195
0.178
0.223
0.44
0.205
0.256
0.177
0.437
0.754
0.536
0.642
0.62
0.617
0.806
0.902
1.076
0.84
0.684
0.332
0.242
0.245
0.214
0.265
0.209
0.199
0.176
0.219
0.416
0.198
0.291
0.175
0.409
0.703
0.499
0.599
0.579
0.576
0.746
0.842
1.011
0.791
0.645
0.38
0.255
0.247
0.212
0.259
0.207
0.195
0.175
0.21
0.388
0.234
0.278
0.192
0.398
0.652
0.467
0.739
0.567
0.554
0.692
0.779
0.928
0.731
0.596
0.357
0.31
0.286
0.22
0.262
0.202
0.19
0.172
0.208
0.408
0.217
0.254
0.176
0.391
0.63
0.45
0.688
0.526
0.515
0.639
0.766
0.861
0.69
0.562
0.337
0.295
0.273
0.212
0.251
0.196
0.186
0.17
0.208
0.585
0.217
0.233
0.162
0.357
0.581
0.419
0.626
0.477
0.468
0.836
0.975
1.05
0.873
0.711
0.568
0.35
0.275
0.241
0.252
0.201
0.191
0.177
0.214
0.56
0.202
0.214
0.15
0.325
0.527
0.383
0.591
0.489
0.454
0.818
0.945
1.013
0.891
0.68
0.527
0.332
0.263
0.232
0.244
0.198
0.19
0.176
0.319
0.723
0.187
0.196
0.139
0.297
0.697
0.386
0.555
0.455
0.426
0.753
0.867
0.927
0.857
0.627
0.491
0.315
0.252
0.224
0.237
0.195
0.197
0.189
0.305
0.788
0.172
0.181
0.13
0.272
0.637
0.352
0.586
0.536
0.436
0.72
0.983
0.951
0.803
0.581
0.458
0.301
0.243
0.219
0.23
0.192
0.193
0.187
0.291
0.724
0.169
0.177
0.192
0.274
0.591
0.331
0.553
0.498
0.412
0.731
0.921
0.893
0.759
0.56
0.436
0.288
0.233
0.211
0.223
0.188
0.19
0.184
0.277
0.666
0.166
0.22
0.187
0.261
0.546
0.312
0.677
0.723
0.745
1.193
1.368
1.165
1.101
0.839
0.669
0.332
0.239
0.206
0.214
0.183
0.187
0.181
0.267
0.711
0.153
0.202
0.173
0.239
0.496
0.331
0.639
0.681
0.688
1.099
1.259
1.064
1.013
0.772
0.626
0.332
0.247
0.217
0.216
0.179
0.184
0.178
0.256
0.67
0.211
0.224
0.203
0.369
0.453
0.316
0.586
0.619
0.921
1.052
1.194
1.014
0.958
0.743
0.609
0.339
0.251
0.224
0.224
0.189
0.234
0.202
0.274
0.662
0.563
0.743
0.753
0.74
0.598
0.553
0.737
0.572
1.083
1.507
1.561
1.336
1.247
1.05
0.921
0.646
0.241
0.217
0.216
0.185
0.225
0.366
0.437
0.784
0.703
0.873
0.998
1.112
0.758
0.502
0.667
0.519
1.054
1.654
1.659
1.452
1.648
1.305
1.221
0.931
0.531
0.486
0.262
0.219
0.242
0.364
0.428
0.74
0.667
0.883
1.359
1.639
1.295
0.699
0.649
0.515
0.997
1.537
1.541
1.356
1.597
1.206
1.12
0.853
0.494
0.453
0.251
0.255
0.418
0.522
0.578
0.857
0.835
0.984
1.445
1.675
1.356
0.634
0.588
0.468
0.991
1.573
1.574
1.4
1.476
1.101
1.023
0.784
0.466
0.426
0.24
0.244
0.392
0.484
0.536
0.789
0.785
0.919
1.334
1.541
1.254
0.631
0.543
0.436
0.909
1.433
1.432
1.275
1.345
1.007
0.962
0.812
0.463
0.417
0.251
0.255
0.39
0.47
0.517
0.746
0.741
0.913
1.41
1.586
1.323
0.583
0.503
0.551
0.865
1.336
1.331
1.182
1.242
0.938
0.897
0.763
0.486
0.411
0.26
0.264
0.386
0.458
0.5
0.703
0.708
0.84
1.285
1.465
1.235
0.736
0.457
0.5
0.806
1.267
1.23
1.087
1.139
0.86
0.824
0.702
0.459
0.384
0.248
0.251
0.362
0.428
0.465
0.647
0.651
0.961
1.396
1.366
1.356
0.941
0.642
0.488
0.811
1.205
1.149
0.999
1.041
0.79
0.756
0.648
0.432
0.377
0.242
0.24
0.341
0.401
0.434
0.597
0.645
0.878
1.27
1.243
1.243
0.882
0.588
0.461
0.818
1.195
1.461
1.158
1.197
0.952
0.783
0.67
0.476
0.461
0.283
0.266
0.353
0.408
0.437
0.583
0.658
1.111
1.403
1.164
1.152
0.82
0.795
0.462
0.779
1.12
1.407
1.092
1.12
0.899
0.747
0.646
0.538
0.63
0.456
0.441
0.519
0.569
0.591
0.616
0.646
1.055
1.308
1.092
1.141
0.783
0.743
0.441
0.729
1.036
1.301
1.023
1.114
0.858
0.719
0.628
0.53
0.612
0.455
0.444
0.514
0.558
0.662
0.789
0.783
1.141
1.355
1.274
1.415
1.735
1.51
1.264
1.53
1.785
1.84
1.372
1.462
1.218
1.217
0.949
0.707
0.647
0.446
0.436
0.501
0.539
0.632
0.797
1.028
1.29
1.464
1.427
1.562
1.82
1.403
1.154
1.421
1.685
1.684
1.259
1.329
1.108
1.117
0.976
0.704
0.634
0.451
0.426
0.486
0.52
0.605
0.792
1.089
1.436
1.59
1.544
1.663
1.752
1.267
1.043
1.432
1.929
1.708
1.315
1.212
1.013
1.022
0.895
0.65
0.587
0.422
0.4
0.468
0.503
0.58
0.748
1.015
1.379
1.485
1.409
1.511
1.704
1.232
0.943
1.431
2.246
1.91
1.553
1.454
1.014
0.972
0.857
0.636
0.58
0.431
0.411
0.461
0.487
0.557
0.709
0.949
1.316
1.555
1.468
1.549
1.594
1.177
0.862
1.313
2.073
1.77
1.5
1.36
0.95
0.955
0.807
0.608
0.556
0.422
0.404
0.45
0.473
0.679
0.848
1.074
1.548
1.763
1.611
1.411
1.451
1.076
0.887
1.31
1.951
1.672
1.454
1.302
0.94
0.971
1.044
0.839
0.774
0.425
0.397
0.44
0.46
0.665
1.093
1.346
1.83
1.947
1.792
1.333
1.446
1.109
0.853
1.256
1.821
1.556
1.361
1.266
0.897
0.924
0.991
0.806
0.747
0.539
0.567
0.607
0.608
0.825
1.202
1.421
1.717
1.98
1.821
1.42
1.494
1.2
0.804
1.189
1.736
1.482
1.269
1.177
0.847
0.873
0.933
0.776
0.71
0.52
0.544
0.582
0.583
0.834
1.266
1.507
1.776
1.829
1.687
1.327
1.728
1.313
1.052
1.476
1.877
1.46
1.429
1.18
0.829
0.847
0.873
0.767
0.683
0.5
0.507
0.566
0.56
0.796
1.169
1.385
1.626
1.688
1.61
1.253
1.593
1.29
1.03
1.36
1.726
1.336
1.307
1.084
0.767
0.784
0.81
0.724
0.639
0.464
0.472
0.524
0.52
0.93
1.335
1.25
1.468
1.524
1.508
1.158
1.458
1.165
0.97
1.36
1.586
1.225
1.193
0.992
0.706
0.722
0.745
0.667
0.591
0.442
0.448
0.488
0.483
0.853
1.386
1.138
1.325
1.375
1.562
1.071
1.317
1.053
0.877
1.262
1.641
1.17
1.142
0.962
0.757
0.683
0.693
0.617
0.549
0.414
0.421
0.462
0.454
0.8
1.303
1.029
1.197
1.242
1.41
0.968
1.189
1.026
0.821
1.157
1.493
1.069
1.044
0.894
0.715
0.647
0.657
0.588
0.525
0.403
0.41
0.444
0.437
0.786
1.213
0.954
1.105
1.144
1.295
0.898
1.181
0.948
0.799
1.065
1.365
0.983
0.961
0.826
0.7
0.603
0.626
0.567
0.509
0.429
0.405
0.43
0.41
0.723
1.107
0.874
1.02
1.044
1.303
1.171
1.206
0.985
0.766
1.054
1.494
1.136
1.105
0.998
0.728
0.798
0.663
0.569
0.488
0.416
0.395
0.409
0.385
0.667
1.048
0.791
0.922
0.943
1.21
1.081
1.089
0.891
0.71
0.996
1.413
1.125
1.026
0.915
0.671
0.735
0.613
0.532
0.454
0.388
0.37
0.383
0.362
0.617
1.123
0.731
0.849
0.868
1.163
0.99
0.985
0.806
0.643
0.958
1.594
1.327
1.219
0.897
0.62
0.678
0.567
0.5
0.44
0.381
0.352
0.361
0.341
0.584
1.22
0.662
0.769
0.786
1.126
1.076
1.094
0.845
0.705
0.906
1.508
1.263
1.165
1.05
0.853
0.672
0.543
0.479
0.409
0.357
0.331
0.34
0.323
0.571
1.252
0.6
0.696
0.711
1.096
1.011
1.004
0.772
0.639
0.855
1.669
1.21
1.118
1.014
0.863
0.636
0.519
0.447
0.387
0.354
0.329
0.323
0.307
0.532
1.221
0.545
0.631
0.645
1.046
0.94
0.919
0.715
0.594
0.827
1.585
1.174
1.118
0.951
0.813
0.601
0.485
0.418
0.363
0.332
0.31
0.307
0.293
0.495
1.113
0.504
0.593
0.636
0.981
0.866
0.895
0.69
0.75
0.793
1.464
1.148
1.06
0.881
0.753
0.561
0.472
0.402
0.343
0.323
0.293
0.292
0.279
0.46
1.018
0.529
0.569
0.593
0.904
0.8
1.075
1.034
0.801
0.81
1.403
1.245
1.178
1.012
0.886
0.717
0.519
0.379
0.329
0.307
0.278
0.278
0.267
0.431
0.972
0.48
0.516
0.539
1.112
0.951
0.972
0.935
0.725
0.769
1.338
1.195
1.146
0.999
0.83
0.671
0.482
0.358
0.312
0.29
0.264
0.266
0.256
0.403
0.892
0.515
0.497
0.503
1.015
0.87
1.03
0.89
0.69
0.77
1.293
1.162
1.107
1.024
0.779
0.636
0.458
0.338
0.297
0.276
0.254
0.254
0.245
0.395
0.943
0.468
0.451
0.457
1.031
1.047
1.171
0.999
0.649
0.867
1.237
1.122
1.071
1.17
0.952
0.725
0.467
0.33
0.293
0.264
0.244
0.251
0.252
0.388
0.889
0.425
0.41
0.415
0.964
0.969
1.058
0.903
0.588
0.857
1.356
1.097
1.035
1.124
0.94
0.684
0.443
0.329
0.294
0.261
0.234
0.242
0.243
0.366
0.846
0.387
0.374
0.378
0.872
0.876
0.957
0.943
0.671
0.807
1.257
1.025
0.962
1.044
0.878
0.647
0.433
0.327
0.294
0.262
0.23
0.232
0.234
0.345
0.789
0.449
0.34
0.344
0.789
0.793
0.865
0.899
0.634
0.761
1.164
0.947
0.89
0.961
0.848
0.603
0.41
0.315
0.285
0.253
0.222
0.224
0.227
0.324
0.74
0.44
0.379
0.347
0.736
0.734
0.8
0.828
0.757
0.732
1.08
0.874
0.817
0.909
0.79
0.564
0.395
0.316
0.276
0.242
0.215
0.217
0.22
0.333
0.994
0.4
0.345
0.316
0.74
0.684
0.725
0.749
0.686
0.881
1.042
0.858
0.807
0.922
0.743
0.534
0.372
0.3
0.263
0.232
0.208
0.21
0.212
0.32
1.112
0.364
0.315
0.289
0.726
0.641
0.66
0.696
0.639
0.877
1.024
0.828
0.773
0.868
0.698
0.511
0.364
0.298
0.265
0.238
0.216
0.218
0.22
0.325
1.04
0.382
0.334
0.317
0.698
0.613
0.706
0.88
0.947
0.841
0.994
0.815
0.767
1.09
0.906
0.507
0.365
0.309
0.253
0.228
0.209
0.211
0.213
0.309
1.022
0.348
0.305
0.289
0.687
0.578
0.639
0.796
0.856
0.794
1.021
0.806
0.761
1.051
0.919
0.489
0.347
0.294
0.241
0.219
0.202
0.205
0.207
0.299
0.979
0.317
0.279
0.265
0.622
0.525
0.58
0.779
0.968
0.769
0.964
0.749
0.707
0.964
0.843
0.456
0.331
0.302
0.251
0.221
0.198
0.201
0.202
0.284
0.897
0.312
0.265
0.252
0.606
0.487
0.541
0.9
0.922
0.771
0.904
0.697
0.658
0.89
0.781
0.432
0.362
0.285
0.239
0.213
0.192
0.194
0.196
0.271
0.823
0.342
0.272
0.261
0.58
0.461
0.617
0.837
0.869
0.774
0.879
0.917
0.811
0.841
0.739
0.411
0.364
0.272
0.229
0.206
0.187
0.189
0.191
0.261
0.795
0.312
0.249
0.239
0.598
0.452
0.56
0.758
0.786
0.729
0.86
0.896
0.801
0.869
0.698
0.403
0.345
0.26
0.222
0.201
0.187
0.202
0.202
0.262
0.824
0.285
0.228
0.219
0.736
0.435
0.508
0.686
0.712
0.66
0.824
0.901
0.77
0.816
0.652
0.382
0.335
0.264
0.218
0.197
0.198
0.211
0.21
0.265
0.807
0.333
0.236
0.288
0.894
0.632
0.602
0.662
0.658
0.618
0.804
0.88
0.763
0.978
0.882
0.438
0.362
0.253
0.211
0.193
0.194
0.205
0.205
0.26
0.818
0.304
0.217
0.263
1.024
0.595
0.546
0.6
0.596
0.579
0.765
0.862
0.756
0.952
0.91
0.426
0.346
0.249
0.205
0.188
0.189
0.2
0.199
0.265
0.886
0.278
0.199
0.241
0.926
0.54
0.609
0.682
0.565
0.536
0.704
0.792
0.697
0.888
0.858
0.42
0.332
0.245
0.212
0.2
0.188
0.194
0.194
0.255
0.954
0.45
0.199
0.237
0.938
0.541
0.61
0.662
0.545
0.52
0.659
0.736
0.662
0.875
0.795
0.403
0.335
0.256
0.226
0.217
0.215
0.221
0.206
0.258
0.886
0.431
0.208
0.309
0.886
0.522
0.575
0.657
0.505
0.514
0.626
0.685
0.612
0.804
0.735
0.387
0.332
0.247
0.232
0.227
0.225
0.218
0.2
0.248
0.814
0.406
0.25
0.293
0.918
0.737
0.792
0.961
0.795
0.633
0.672
0.732
0.581
0.741
0.678
0.365
0.317
0.238
0.225
0.219
0.218
0.212
0.196
0.24
0.749
0.445
0.472
0.506
0.97
0.833
0.878
0.931
0.75
0.591
0.659
0.731
0.595
0.794
0.644
0.362
0.307
0.23
0.217
0.212
0.21
0.205
0.192
0.345
0.942
0.405
0.43
0.461
0.878
0.754
1.064
0.886
0.713
0.562
0.625
0.689
0.567
0.749
0.619
0.356
0.35
0.252
0.228
0.217
0.216
0.213
0.201
0.344
1.058
0.381
0.403
0.431
0.864
0.719
0.974
0.814
0.658
0.73
0.842
0.701
0.593
0.756
0.906
0.616
0.598
0.37
0.233
0.223
0.223
0.22
0.207
0.338
1.086
0.359
0.379
0.403
0.793
0.663
1.137
0.763
0.621
0.672
0.784
0.647
0.549
0.697
0.832
0.571
0.555
0.349
0.227
0.218
0.215
0.212
0.202
0.32
0.994
0.338
0.36
0.393
0.744
0.639
1.089
0.717
0.589
0.696
0.723
0.604
0.517
0.649
0.77
0.535
0.548
0.352
0.242
0.233
0.228
0.211
0.199
0.305
0.911
0.326
0.396
0.453
0.917
0.772
1.235
0.938
0.643
0.699
0.718
0.628
0.611
0.656
0.714
0.503
0.515
0.338
0.252
0.236
0.219
0.204
0.195
0.292
0.984
0.298
0.361
0.412
0.913
0.723
1.116
0.849
0.584
0.635
0.713
0.637
0.622
0.709
0.675
0.477
0.482
0.32
0.241
0.226
0.212
0.2
0.191
0.285
0.977
0.273
0.329
0.376
0.881
0.68
1.009
0.768
0.53
0.595
0.761
0.645
0.63
0.716
1.011
0.703
0.542
0.304
0.232
0.219
0.205
0.194
0.188
0.272
0.896
0.262
0.349
0.37
0.814
0.78
1.203
0.953
0.582
0.724
0.799
0.664
0.65
0.936
1.175
0.705
0.519
0.3
0.235
0.223
0.212
0.203
0.197
0.275
0.903
0.355
0.33
0.367
0.821
0.73
1.087
0.862
0.529
0.824
0.992
0.68
0.656
0.915
1.208
0.668
0.497
0.286
0.227
0.216
0.207
0.199
0.193
0.265
1.014
0.324
0.302
0.335
0.743
0.662
0.983
0.781
0.547
0.773
0.924
0.634
0.607
0.84
1.104
0.618
0.466
0.276
0.223
0.212
0.211
0.209
0.196
0.257
0.947
0.315
0.287
0.316
0.683
0.666
0.908
0.724
0.512
0.716
0.854
0.593
0.569
0.998
1.025
0.594
0.463
0.281
0.232
0.211
0.204
0.204
0.192
0.247
1.093
0.518
0.332
0.333
0.766
0.604
0.822
0.716
0.498
0.679
0.793
0.555
0.533
0.915
1.02
0.568
0.449
0.287
0.23
0.205
0.197
0.199
0.189
0.334
1.226
0.471
0.304
0.305
0.894
0.559
0.745
0.649
0.453
0.615
0.778
0.569
0.549
0.946
0.951
0.536
0.421
0.275
0.222
0.199
0.193
0.195
0.186
0.317
1.151
0.429
0.278
0.279
0.884
0.527
0.675
0.588
0.412
0.606
0.751
0.55
0.528
0.884
0.966
0.514
0.409
0.277
0.229
0.209
0.202
0.203
0.195
0.313
1.103
0.402
0.267
0.267
1.164
0.722
0.845
0.654
0.547
0.78
0.754
0.528
0.508
0.841
0.886
0.479
0.385
0.335
0.222
0.202
0.197
0.198
0.192
0.299
1.108
0.367
0.245
0.245
1.115
0.682
0.765
0.593
0.497
0.723
0.71
0.506
0.473
0.773
0.813
0.449
0.363
0.318
0.216
0.199
0.194
0.193
0.188
0.295
1.227
0.335
0.225
0.225
1.009
0.619
0.693
0.538
0.452
0.71
0.724
0.496
0.458
0.727
0.75
0.423
0.343
0.303
0.21
0.194
0.188
0.189
0.185
0.281
1.165
0.315
0.222
0.222
0.926
0.577
0.644
0.505
0.423
0.654
0.994
0.483
0.45
0.692
0.711
0.416
0.34
0.303
0.219
0.205
0.2
0.198
0.194
0.28
1.083
0.35
0.231
0.253
0.872
0.58
0.626
0.485
0.412
0.62
0.927
0.468
0.439
0.686
0.709
0.488
0.428
0.319
0.242
0.224
0.206
0.204
0.202
0.279
1.009
0.359
0.24
0.277
0.836
0.729
0.813
0.493
0.422
0.658
0.931
0.526
0.499
0.774
0.704
0.492
0.434
0.337
0.267
0.251
0.235
0.234
0.231
0.301
0.957
0.404
0.287
0.292
0.829
0.703
0.769
0.479
0.416
0.661
0.884
0.573
0.698
0.93
0.838
0.516
0.509
0.336
0.271
0.258
0.243
0.235
0.222
0.299
0.947
0.385
0.278
0.283
0.766
0.653
0.712
0.451
0.443
0.615
0.841
0.57
0.688
0.898
0.787
0.493
0.476
0.32
0.261
0.249
0.236
0.228
0.216
0.285
0.869
0.404
0.266
0.298
0.712
0.611
0.656
0.421
0.413
0.813
0.959
0.558
0.701
1.098
0.859
0.467
0.476
0.313
0.267
0.247
0.227
0.221
0.21
0.283
0.832
0.368
0.244
0.272
0.721
0.597
0.635
0.408
0.395
0.76
0.921
0.528
0.659
1.01
0.794
0.441
0.46
0.353
0.261
0.237
0.219
0.215
0.204
0.271
0.782
0.341
0.292
0.293
0.693
0.567
0.63
0.382
0.371
0.713
0.858
0.499
0.614
0.93
0.736
0.418
0.434
0.341
0.267
0.236
0.212
0.208
0.2
0.259
0.718
0.322
0.29
0.336
0.677
0.763
0.818
0.514
0.373
0.797
0.821
0.495
0.588
0.858
0.682
0.397
0.411
0.338
0.258
0.226
0.205
0.203
0.196
0.271
0.77
0.294
0.266
0.321
0.695
0.732
0.766
0.477
0.351
0.734
0.789
0.499
0.583
0.871
0.647
0.379
0.388
0.338
0.264
0.234
0.213
0.211
0.205
0.282
0.765
0.297
0.271
0.321
0.657
0.748
0.756
0.461
0.342
0.688
0.738
0.477
0.554
0.812
0.61
0.369
0.377
0.332
0.265
0.239
0.22
0.219
0.21
0.28
0.714
0.331
0.315
0.314
0.617
0.7
0.706
0.533
0.419
0.644
0.69
0.452
0.522
0.806
0.806
0.483
0.435
0.333
0.263
0.235
0.217
0.216
0.208
0.271
0.662
0.33
0.315
0.302
0.575
0.648
0.654
0.508
0.409
0.61
0.651
0.437
0.499
0.753
0.754
0.463
0.419
0.328
0.267
0.248
0.224
0.23
0.223
0.273
0.626
0.332
0.3
0.288
0.533
0.614
0.621
0.486
0.389
0.566
0.602
0.409
0.465
0.694
0.694
0.436
0.409
0.326
0.27
0.253
0.305
0.244
0.23
0.275
0.592
0.326
0.286
0.275
0.496
0.569
0.576
0.454
0.367
0.529
0.586
0.412
0.448
0.654
0.654
0.42
0.397
0.321
0.271
0.255
0.302
0.247
0.236
0.276
0.561
0.334
0.285
0.276
0.476
0.527
0.533
0.423
0.382
0.713
0.769
0.544
0.561
0.81
0.644
0.461
0.405
0.319
0.273
0.257
0.299
0.251
0.242
0.278
0.535
0.334
0.28
0.286
0.446
0.496
0.512
0.416
0.374
0.672
0.721
0.539
0.522
0.76
0.599
0.434
0.382
0.305
0.267
0.264
0.301
0.258
0.251
0.295
0.539
0.33
0.281
0.297
0.433
0.463
0.476
0.39
0.353
0.655
0.683
0.534
0.506
0.715
0.57
0.421
0.374
0.305
0.271
0.273
0.314
0.262
0.255
0.295
0.514
0.327
0.32
0.297
0.418
0.444
0.457
0.494
0.359
0.62
0.653
0.502
0.475
0.661
0.544
0.407
0.359
0.301
0.29
0.296
0.353
0.268
0.259
0.286
0.482
0.311
0.304
0.285
0.398
0.479
0.441
0.466
0.339
0.574
0.611
0.49
0.484
0.638
0.524
0.39
0.359
0.295
0.279
0.286
0.348
0.272
0.264
0.297
0.505
0.319
0.282
0.358
0.405
0.455
0.412
0.435
0.337
0.719
0.569
0.476
0.453
0.599
0.49
0.371
0.362
0.295
0.27
0.273
0.33
0.261
0.254
0.297
0.48
0.304
0.271
0.445
0.608
0.474
0.401
0.437
0.39
0.748
0.546
0.447
0.437
0.599
0.459
0.366
0.348
0.296
0.274
0.287
0.319
0.253
0.246
0.302
0.448
0.289
0.269
0.438
0.563
0.556
0.388
0.42
0.405
0.708
0.513
0.444
0.449
0.609
0.434
0.346
0.341
0.293
0.261
0.273
0.303
0.245
0.254
0.342
0.448
0.297
0.257
0.409
0.538
0.527
0.376
0.417
0.402
0.666
0.505
0.493
0.435
0.568
0.416
0.338
0.329
0.28
0.251
0.271
0.291
0.238
0.244
0.357
0.661
0.501
0.451
0.387
0.594
0.486
0.376
0.425
0.394
0.632
0.48
0.468
0.412
0.545
0.395
0.32
0.314
0.273
0.241
0.258
0.277
0.23
0.236
0.347
0.627
0.466
0.42
0.41
0.565
0.462
0.409
0.419
0.371
0.588
0.457
0.455
0.403
0.512
0.376
0.323
0.319
0.277
0.246
0.257
0.271
0.222
0.243
0.339
0.609
0.435
0.393
0.397
0.567
0.587
0.402
0.397
0.35
0.555
0.445
0.453
0.385
0.477
0.356
0.307
0.304
0.266
0.239
0.249
0.261
0.216
0.236
0.336
0.587
0.432
0.418
0.385
0.524
0.542
0.38
0.383
0.352
0.514
0.445
0.451
0.377
0.462
0.36
0.347
0.301
0.266
0.242
0.251
0.262
0.222
0.24
0.33
0.705
0.623
0.509
0.367
0.503
0.538
0.545
0.396
0.346
0.481
0.416
0.434
0.363
0.435
0.34
0.329
0.301
0.254
0.232
0.24
0.25
0.216
0.231
0.327
0.66
0.623
0.476
0.354
0.508
0.514
0.505
0.38
0.339
0.46
0.394
0.411
0.347
0.421
0.343
0.341
0.319
0.263
0.248
0.256
0.253
0.222
0.236
0.321
0.621
0.618
0.457
0.345
0.484
0.489
0.482
0.679
0.459
0.445
0.385
0.388
0.342
0.411
0.34
0.338
0.31
0.254
0.237
0.245
0.243
0.215
0.23
0.321
0.588
0.573
0.429
0.327
0.486
0.478
0.488
0.662
0.462
0.445
0.391
0.424
0.356
0.411
0.352
0.343
0.312
0.255
0.24
0.248
0.246
0.221
0.235
0.331
0.602
0.548
0.412
0.31
0.452
0.61
0.524
0.611
0.444
0.428
0.379
0.404
0.342
0.396
0.376
0.399
0.316
0.278
0.241
0.247
0.256
0.229
0.228
0.313
0.56
0.542
0.395
0.31
0.442
0.589
0.491
0.568
0.416
0.441
0.36
0.388
0.333
0.381
0.355
0.39
0.315
0.28
0.247
0.252
0.26
0.235
0.233
0.31
0.533
0.525
0.382
0.307
0.428
0.583
0.493
0.704
0.39
0.412
0.338
0.365
0.316
0.372
0.344
0.372
0.305
0.274
0.258
0.262
0.261
0.239
0.236
0.295
0.506
0.497
0.358
0.302
0.415
0.56
0.471
0.661
0.383
0.402
0.323
0.345
0.306
0.352
0.334
0.365
0.304
0.275
0.26
0.259
0.25
0.23
0.228
0.28
0.543
0.679
0.563
0.428
0.528
0.729
0.507
0.628
0.374
0.414
0.341
0.369
0.349
0.383
0.376
0.35
0.302
0.277
0.276
0.262
0.254
0.236
0.241
0.31
0.506
0.628
0.524
0.419
0.49
0.661
0.461
0.569
0.35
0.382
0.319
0.336
0.388
0.376
0.368
0.341
0.288
0.265
0.265
0.254
0.246
0.232
0.257
0.333
0.473
0.583
0.489
0.435
0.466
0.6
0.419
0.517
0.323
0.372
0.315
0.325
0.4
0.389
0.382
0.341
0.29
0.269
0.269
0.257
0.25
0.237
0.266
0.36
0.443
0.541
0.445
0.435
0.434
0.617
0.613
0.548
0.33
0.341
0.3
0.338
0.4
0.38
0.375
0.342
0.297
0.269
0.268
0.247
0.24
0.229
0.268
0.356
0.403
0.499
0.417
0.566
0.405
0.566
0.571
0.512
0.322
0.336
0.31
0.361
0.39
0.371
0.368
0.349
0.301
0.268
0.268
0.249
0.244
0.233
0.27
0.378
0.379
0.466
0.392
0.632
0.466
0.554
0.528
0.48
0.317
0.343
0.298
0.349
0.372
0.355
0.352
0.335
0.287
0.258
0.259
0.249
0.239
0.225
0.259
0.355
0.41
0.441
0.381
0.573
0.439
0.516
0.493
0.651
0.306
0.324
0.289
0.341
0.366
0.343
0.333
0.325
0.28
0.266
0.262
0.253
0.237
0.232
0.256
0.355
0.384
0.429
0.375
0.55
0.414
0.493
0.769
0.902
0.384
0.372
0.504
0.438
0.361
0.347
0.336
0.317
0.269
0.277
0.263
0.252
0.233
0.224
0.281
0.362
0.35
0.391
0.352
0.542
0.394
0.448
0.708
0.816
0.382
0.347
0.458
0.434
0.382
0.354
0.332
0.302
0.259
0.267
0.268
0.25
0.225
0.217
0.274
0.372
0.328
0.37
0.321
0.529
0.376
0.414
0.642
0.74
0.364
0.365
0.427
0.419
0.366
0.354
0.328
0.299
0.257
0.278
0.264
0.242
0.221
0.216
0.283
0.397
0.307
0.338
0.294
0.684
0.375
0.407
0.595
0.682
0.349
0.339
0.404
0.402
0.419
0.351
0.328
0.296
0.255
0.277
0.259
0.238
0.214
0.224
0.279
0.398
0.281
0.309
0.277
0.662
0.353
0.387
0.548
0.619
0.325
0.333
0.401
0.387
0.392
0.336
0.327
0.302
0.258
0.273
0.266
0.248
0.227
0.229
0.284
0.414
0.267
0.282
0.254
0.684
0.38
0.392
0.522
0.584
0.317
0.334
0.387
0.361
0.37
0.32
0.322
0.305
0.263
0.278
0.258
0.241
0.221
0.222
0.271
0.395
0.281
0.29
0.253
0.653
0.357
0.391
0.509
0.559
0.331
0.342
0.386
0.363
0.384
0.361
0.353
0.33
0.309
0.27
0.252
0.231
0.218
0.23
0.274
0.384
0.319
0.538
0.46
0.674
0.447
0.659
0.476
0.532
0.319
0.349
0.377
0.361
0.378
0.378
0.338
0.328
0.322
0.3
0.245
0.241
0.23
0.245
0.281
0.404
0.295
0.489
0.423
0.649
0.426
0.598
0.436
0.499
0.314
0.322
0.348
0.379
0.371
0.357
0.321
0.314
0.321
0.3
0.248
0.233
0.227
0.238
0.296
0.465
0.307
0.461
0.399
0.614
0.415
0.557
0.626
0.478
0.31
0.305
0.329
0.381
0.371
0.351
0.331
0.308
0.312
0.302
0.258
0.239
0.232
0.235
0.283
0.46
0.285
0.434
0.375
0.557
0.413
0.528
0.579
0.45
0.309
0.292
0.301
0.356
0.398
0.335
0.315
0.304
0.312
0.292
0.247
0.231
0.24
0.241
0.279
0.461
0.266
0.41
0.356
0.674
0.386
0.493
0.535
0.409
0.298
0.292
0.287
0.335
0.387
0.33
0.3
0.29
0.312
0.29
0.239
0.225
0.243
0.245
0.269
0.445
0.255
0.385
0.325
0.645
0.386
0.454
0.486
0.381
0.33
0.282
0.272
0.326
0.378
0.316
0.286
0.28
0.312
0.285
0.23
0.217
0.242
0.251
0.267
0.448
0.261
0.361
0.311
0.588
0.363
0.647
0.502
0.387
0.312
0.273
0.265
0.313
0.358
0.307
0.28
0.268
0.302
0.277
0.225
0.218
0.235
0.249
0.256
0.424
0.29
0.346
0.298
0.552
0.36
0.64
0.768
0.503
0.352
0.485
0.481
0.52
0.35
0.318
0.485
0.504
0.532
0.453
0.224
0.243
0.227
0.24
0.252
0.41
0.286
0.326
0.288
0.528
0.37
0.597
0.716
0.485
0.336
0.456
0.466
0.537
0.34
0.311
0.47
0.474
0.505
0.442
0.236
0.24
0.219
0.232
0.245
0.452
0.285
0.31
0.279
0.509
0.359
0.575
0.673
0.451
0.332
0.46
0.458
0.517
0.332
0.32
0.47
0.492
0.469
0.421
0.233
0.23
0.213
0.239
0.239
0.425
0.322
0.304
0.284
0.476
0.354
0.535
0.762
0.604
0.355
0.437
0.438
0.493
0.322
0.314
0.445
0.463
0.45
0.394
0.226
0.239
0.207
0.23
0.248
0.448
0.295
0.278
0.273
0.643
0.349
0.494
0.694
0.556
0.336
0.414
0.411
0.467
0.313
0.299
0.43
0.432
0.425
0.382
0.22
0.233
0.207
0.223
0.253
0.447
0.27
0.27
0.25
0.589
0.328
0.449
0.64
0.521
0.317
0.4
0.385
0.438
0.312
0.288
0.403
0.412
0.412
0.36
0.212
0.229
0.216
0.215
0.244
0.419
0.283
0.259
0.242
0.751
0.316
0.423
0.592
0.474
0.3
0.394
0.364
0.427
0.372
0.285
0.393
0.394
0.386
0.339
0.218
0.225
0.21
0.21
0.247
0.397
0.269
0.262
0.248
0.71
0.319
0.404
0.567
0.46
0.289
0.445
0.569
0.625
0.583
0.348
0.578
0.611
0.371
0.353
0.218
0.223
0.205
0.22
0.253
0.416
0.247
0.248
0.242
0.832
0.314
0.382
0.529
0.427
0.27
0.406
0.551
0.604
0.594
0.35
0.556
0.596
0.368
0.355
0.223
0.215
0.2
0.214
0.276
0.413
0.226
0.228
0.226
0.859
0.32
0.361
0.494
0.402
0.261
0.425
0.523
0.559
0.551
0.331
0.517
0.552
0.347
0.339
0.242
0.227
0.208
0.221
0.282
0.432
0.221
0.218
0.208
0.908
0.347
0.342
0.461
0.382
0.305
0.443
0.501
0.54
0.565
0.384
0.51
0.521
0.329
0.322
0.234
0.221
0.204
0.214
0.291
0.42
0.203
0.212
0.206
0.868
0.349
0.327
0.429
0.348
0.287
0.416
0.473
0.757
0.774
0.469
0.503
0.514
0.325
0.347
0.238
0.226
0.2
0.209
0.279
0.422
0.187
0.195
0.189
0.797
0.333
0.312
0.404
0.367
0.286
0.391
0.44
0.695
0.711
0.436
0.478
0.491
0.32
0.34
0.243
0.231
0.209
0.218
0.282
0.409
0.224
0.222
0.215
0.745
0.316
0.313
0.453
0.445
0.316
0.397
0.428
0.653
0.687
0.459
0.456
0.472
0.317
0.325
0.233
0.223
0.203
0.225
0.283
0.405
0.236
0.235
0.241
0.717
0.538
0.464
0.439
0.421
0.316
0.389
0.405
0.606
0.662
0.522
0.434
0.452
0.324
0.328
0.234
0.225
0.2
0.234
0.287
0.408
0.217
0.227
0.233
0.673
0.504
0.436
0.403
0.383
0.307
0.37
0.378
0.572
0.676
0.705
0.499
0.437
0.33
0.31
0.239
0.222
0.195
0.232
0.289
0.409
0.2
0.222
0.22
0.641
0.483
0.399
0.368
0.364
0.297
0.366
0.445
0.754
0.843
0.779
0.494
0.424
0.324
0.321
0.247
0.237
0.21
0.233
0.289
0.405
0.188
0.219
0.205
0.759
0.455
0.382
0.345
0.336
0.281
0.338
0.409
0.691
0.771
0.765
0.477
0.404
0.315
0.311
0.244
0.235
0.209
0.23
0.281
0.416
0.178
0.206
0.194
0.815
0.454
0.353
0.321
0.313
0.267
0.327
0.387
0.648
0.819
0.954
0.545
0.388
0.321
0.306
0.239
0.231
0.209
0.229
0.286
0.415
0.168
0.197
0.183
0.748
0.436
0.331
0.301
0.298
0.287
0.347
0.372
0.604
0.759
0.879
0.512
0.372
0.309
0.296
0.234
0.229
0.209
0.225
0.277
0.392
0.182
0.196
0.211
0.763
0.437
0.49
0.313
0.353
0.286
0.345
0.357
0.563
0.708
0.814
0.481
0.357
0.297
0.286
0.231
0.222
0.205
0.223
0.268
0.371
0.183
0.194
0.217
0.708
0.409
0.679
0.52
0.353
0.28
0.33
0.51
0.745
0.844
0.77
0.674
0.376
0.288
0.278
0.225
0.221
0.202
0.221
0.261
0.378
0.173
0.182
0.205
0.672
0.387
0.62
0.475
0.328
0.266
0.316
0.478
0.688
0.781
0.734
0.626
0.369
0.287
0.284
0.233
0.226
0.208
0.218
0.259
0.391
0.164
0.172
0.195
0.658
0.366
0.57
0.436
0.304
0.247
0.306
0.45
0.653
0.723
0.695
0.588
0.352
0.278
0.276
0.23
0.224
0.206
0.216
0.253
0.381
0.159
0.163
0.184
0.782
0.355
0.533
0.409
0.288
0.236
0.295
0.429
0.627
0.678
0.646
0.553
0.338
0.271
0.269
0.228
0.224
0.214
0.214
0.251
0.391
0.152
0.156
0.175
0.735
0.338
0.488
0.377
0.267
0.254
0.311
0.629
0.81
0.842
0.616
0.726
0.503
0.277
0.27
0.226
0.242
0.208
0.212
0.249
0.402
0.145
0.149
0.166
0.715
0.329
0.456
0.349
0.279
0.247
0.299
0.584
0.748
0.788
0.586
0.677
0.473
0.268
0.262
0.227
0.238
0.208
0.211
0.242
0.38
0.148
0.166
0.179
0.663
0.336
0.443
0.333
0.269
0.24
0.297
0.556
0.7
0.736
0.555
0.638
0.455
0.269
0.257
0.225
0.234
0.205
0.209
0.238
0.382
0.162
0.17
0.191
0.627
0.329
0.426
0.326
0.575
0.378
0.294
0.535
0.651
0.682
0.52
0.594
0.428
0.262
0.252
0.222
0.231
0.204
0.208
0.236
0.385
0.154
0.161
0.18
0.595
0.318
0.392
0.301
0.526
0.357
0.283
0.509
0.619
0.641
0.49
0.555
0.406
0.257
0.247
0.219
0.227
0.201
0.206
0.244
0.384
0.148
0.156
0.17
0.583
0.306
0.362
0.279
0.483
0.4
0.486
0.479
0.576
0.595
0.48
0.522
0.386
0.251
0.246
0.216
0.223
0.201
0.205
0.246
0.396
0.142
0.149
0.164
0.712
0.298
0.442
0.327
0.557
0.42
0.459
0.452
0.543
0.556
0.474
0.502
0.368
0.254
0.25
0.227
0.228
0.199
0.203
0.243
0.401
0.138
0.142
0.156
0.697
0.287
0.406
0.305
0.51
0.393
0.435
0.425
0.499
0.511
0.437
0.725
0.576
0.346
0.262
0.228
0.236
0.201
0.202
0.254
0.399
0.136
0.137
0.148
0.677
0.275
0.374
0.286
0.468
0.366
0.401
0.392
0.461
0.477
0.416
0.672
0.538
0.336
0.258
0.227
0.233
0.205
0.202
0.248
0.379
0.144
0.15
0.155
0.628
0.257
0.549
0.585
0.448
0.352
0.403
0.373
0.456
0.451
0.429
0.669
0.529
0.336
0.264
0.237
0.239
0.213
0.202
0.243
0.362
0.153
0.163
0.159
0.587
0.256
0.532
0.594
0.425
0.329
0.372
0.344
0.423
0.43
0.411
0.623
0.499
0.325
0.259
0.233
0.237
0.212
0.201
0.239
0.346
0.177
0.185
0.181
0.578
0.268
0.49
0.545
0.562
0.32
0.354
0.341
0.412
0.417
0.399
0.591
0.479
0.321
0.262
0.235
0.233
0.209
0.201
0.251
0.35
0.168
0.175
0.172
0.568
0.26
0.45
0.5
0.516
0.306
0.338
0.337
0.403
0.441
0.379
0.552
0.45
0.311
0.27
0.243
0.232
0.208
0.2
0.252
0.365
0.161
0.167
0.166
0.52
0.242
0.413
0.458
0.507
0.515
0.542
0.395
0.598
0.514
0.363
0.517
0.426
0.325
0.265
0.236
0.228
0.205
0.201
0.248
0.373
0.154
0.159
0.157
0.645
0.237
0.381
0.423
0.465
0.479
0.507
0.376
0.556
0.489
0.355
0.493
0.414
0.322
0.266
0.234
0.223
0.203
0.2
0.254
0.384
0.147
0.151
0.15
0.589
0.222
0.517
0.399
0.436
0.449
0.477
0.359
0.519
0.458
0.337
0.463
0.393
0.311
0.259
0.229
0.219
0.202
0.2
0.249
0.38
0.172
0.173
0.151
0.541
0.209
0.487
0.384
0.417
0.536
0.473
0.347
0.53
0.432
0.323
0.44
0.375
0.3
0.252
0.224
0.215
0.202
0.201
0.244
0.361
0.173
0.174
0.164
0.508
0.207
0.456
0.364
0.648
0.735
0.48
0.353
0.512
0.435
0.314
0.419
0.369
0.299
0.255
0.225
0.212
0.2
0.2
0.25
0.364
0.165
0.166
0.156
0.488
0.204
0.419
0.339
0.592
0.676
0.452
0.339
0.48
0.428
0.314
0.411
0.363
0.29
0.248
0.221
0.21
0.198
0.2
0.251
0.377
0.157
0.157
0.149
0.489
0.202
0.389
0.314
0.541
0.638
0.553
0.549
0.683
0.508
0.318
0.414
0.365
0.291
0.244
0.233
0.207
0.197
0.199
0.258
0.386
0.149
0.153
0.142
0.463
0.202
0.361
0.293
0.495
0.594
0.516
0.521
0.647
0.499
0.317
0.4
0.349
0.286
0.24
0.231
0.207
0.196
0.198
0.253
0.409
0.143
0.146
0.139
0.609
0.199
0.338
0.272
0.455
0.554
0.485
0.497
0.613
0.639
0.494
0.405
0.335
0.299
0.238
0.226
0.206
0.198
0.197
0.254
0.421
0.138
0.139
0.136
0.557
0.188
0.316
0.253
0.419
0.508
0.448
0.468
0.57
0.597
0.474
0.384
0.325
0.289
0.234
0.226
0.205
0.197
0.197
0.249
0.427
0.155
0.133
0.134
0.509
0.177
0.309
0.246
0.399
0.478
0.423
0.442
0.532
0.556
0.452
0.366
0.311
0.281
0.228
0.221
0.206
0.196
0.196
0.244
0.407
0.183
0.156
0.16
0.475
0.168
0.328
0.287
0.381
0.45
0.403
0.432
0.51
0.529
0.436
0.358
0.31
0.279
0.225
0.219
0.204
0.198
0.195
0.24
0.415
0.173
0.15
0.154
0.475
0.172
0.303
0.27
0.351
0.422
0.381
0.411
0.478
0.5
0.411
0.343
0.303
0.283
0.233
0.22
0.202
0.197
0.198
0.24
0.422
0.167
0.143
0.148
0.598
0.174
0.286
0.251
0.326
0.51
0.58
0.61
0.487
0.538
0.609
0.499
0.322
0.293
0.227
0.219
0.201
0.196
0.198
0.251
0.418
0.159
0.14
0.141
0.546
0.168
0.301
0.257
0.313
0.478
0.555
0.58
0.466
0.513
0.589
0.49
0.327
0.307
0.23
0.216
0.2
0.198
0.197
0.255
0.426
0.152
0.134
0.138
0.534
0.173
0.279
0.242
0.292
0.44
0.523
0.542
0.44
0.481
0.552
0.464
0.318
0.299
0.236
0.216
0.198
0.2
0.198
0.254
0.438
0.146
0.13
0.137
0.489
0.164
0.263
0.227
0.275
0.413
0.493
0.518
0.431
0.452
0.52
0.437
0.308
0.288
0.231
0.215
0.197
0.199
0.201
0.248
0.437
0.165
0.125
0.131
0.453
0.173
0.258
0.225
0.267
0.396
0.473
0.497
0.417
0.427
0.491
0.414
0.3
0.281
0.227
0.215
0.197
0.198
0.2
0.248
0.412
0.167
0.132
0.139
0.427
0.176
0.253
0.222
0.256
0.559
0.669
0.651
0.472
0.626
0.536
0.415
0.323
0.296
0.231
0.225
0.199
0.2
0.199
0.243
0.394
0.171
0.148
0.16
0.395
0.167
0.236
0.212
0.308
0.6
0.626
0.597
0.436
0.576
0.504
0.396
0.312
0.285
0.229
0.224
0.198
0.198
0.198
0.24
0.376
0.173
0.161
0.167
0.374
0.169
0.235
0.21
0.341
0.56
0.583
0.558
0.411
0.541
0.473
0.377
0.305
0.285
0.23
0.223
0.201
0.199
0.199
0.245
0.368
0.184
0.165
0.172
0.359
0.18
0.231
0.362
0.331
0.523
0.545
0.522
0.392
0.507
0.45
0.36
0.295
0.277
0.229
0.222
0.201
0.198
0.199
0.24
0.351
0.186
0.168
0.185
0.345
0.182
0.227
0.402
0.317
0.494
0.623
0.705
0.589
0.705
0.613
0.422
0.285
0.278
0.241
0.232
0.221
0.196
0.198
0.238
0.339
0.188
0.191
0.205
0.349
0.174
0.213
0.371
0.296
0.627
0.581
0.654
0.552
0.655
0.579
0.413
0.288
0.281
0.244
0.229
0.219
0.198
0.198
0.236
0.327
0.189
0.198
0.203
0.333
0.179
0.212
0.361
0.286
0.587
0.543
0.743
0.539
0.608
0.545
0.398
0.29
0.281
0.242
0.225
0.216
0.197
0.198
0.235
0.316
0.189
0.198
0.201
0.33
0.181
0.209
0.516
0.28
0.549
0.508
0.688
0.507
0.565
0.51
0.389
0.294
0.281
0.245
0.234
0.215
0.195
0.198
0.232
0.308
0.216
0.216
0.22
0.327
0.176
0.21
0.501
0.274
0.515
0.481
0.643
0.481
0.533
0.483
0.372
0.298
0.287
0.253
0.241
0.22
0.198
0.197
0.228
0.3
0.214
0.221
0.22
0.313
0.178
0.21
0.486
0.353
0.498
0.494
0.61
0.468
0.542
0.47
0.368
0.289
0.278
0.251
0.239
0.22
0.199
0.198
0.225
0.291
0.215
0.218
0.218
0.307
0.182
0.209
0.473
0.34
0.469
0.463
0.572
0.439
0.508
0.459
0.352
0.289
0.286
0.257
0.239
0.216
0.2
0.199
0.222
0.281
0.217
0.215
0.223
0.297
0.193
0.219
0.573
0.398
0.451
0.44
0.535
0.416
0.589
0.663
0.554
0.489
0.362
0.271
0.247
0.213
0.2
0.202
0.22
0.274
0.223
0.24
0.228
0.295
0.22
0.234
0.542
0.37
0.414
0.405
0.5
0.395
0.548
0.616
0.519
0.464
0.345
0.263
0.24
0.209
0.201
0.202
0.218
0.266
0.22
0.246
0.227
0.285
0.217
0.229
0.506
0.369
0.404
0.394
0.47
0.387
0.527
0.586
0.495
0.446
0.341
0.265
0.242
0.208
0.2
0.202
0.216
0.262
0.227
0.24
0.222
0.279
0.215
0.225
0.476
0.359
0.396
0.385
0.454
0.395
0.505
0.559
0.466
0.422
0.338
0.271
0.237
0.205
0.199
0.201
0.216
0.258
0.232
0.235
0.221
0.27
0.213
0.222
0.581
0.343
0.384
0.371
0.431
0.377
0.479
0.545
0.478
0.4
0.326
0.276
0.249
0.215
0.207
0.21
0.216
0.252
0.23
0.233
0.227
0.261
0.21
0.223
0.574
0.339
0.372
0.356
0.406
0.361
0.451
0.511
0.451
0.381
0.314
0.272
0.248
0.213
0.206
0.209
0.214
0.246
0.227
0.231
0.234
0.254
0.209
0.225
0.589
0.325
0.354
0.34
0.387
0.344
0.424
0.499
0.428
0.364
0.315
0.276
0.251
0.214
0.206
0.207
0.213
0.241
0.224
0.239
0.231
0.247
0.364
0.368
0.768
0.485
0.499
0.36
0.374
0.328
0.404
0.471
0.409
0.35
0.304
0.267
0.246
0.212
0.205
0.206
0.212
0.237
0.222
0.234
0.238
0.244
0.348
0.523
0.71
0.479
0.474
0.365
0.36
0.318
0.385
0.464
0.393
0.352
0.294
0.258
0.239
0.209
0.205
0.206
0.211
0.233
0.231
0.231
0.234
0.239
0.343
0.489
0.659
0.452
0.474
0.35
0.35
0.323
0.393
0.444
0.389
0.347
0.293
0.26
0.244
0.216
0.203
0.204
0.209
0.23
0.226
0.227
0.242
0.235
0.327
0.463
0.615
0.502
0.463
0.336
0.337
0.315
0.376
0.42
0.372
0.347
0.3
0.263
0.244
0.214
0.202
0.204
0.22
0.224
0.213
0.25
0.241
0.278
0.578
0.478
0.578
0.51
0.43
0.317
0.322
0.317
0.372
0.407
0.365
0.344
0.298
0.261
0.239
0.212
0.202
0.202
0.218
0.222
0.224
0.247
0.262
0.272
0.563
0.474
0.543
0.484
0.409
0.311
0.355
0.306
0.359
0.41
0.387
0.38
0.334
0.262
0.237
0.212
0.201
0.201
0.216
0.221
0.224
0.255
0.257
0.264
0.553
0.445
0.509
0.623
0.393
0.326
0.34
0.296
0.349
0.409
0.382
0.36
0.322
0.257
0.233
0.211
0.2
0.2
0.215
0.221
0.231
0.249
0.251
0.258
0.519
0.574
0.478
0.583
0.372
0.33
0.545
0.509
0.518
0.392
0.364
0.354
0.332
0.259
0.236
0.199
0.189
0.188
0.21
0.242
0.252
0.239
0.235
0.24
0.476
0.528
0.441
0.533
0.355
0.319
0.51
0.477
0.488
0.377
0.361
0.35
0.324
0.258
0.241
0.207
0.189
0.189
0.209
0.249
0.238
0.226
0.221
0.225
0.444
0.525
0.418
0.501
0.343
0.31
0.48
0.451
0.463
0.366
0.344
0.333
0.309
0.251
0.238
0.204
0.188
0.189
0.208
0.245
0.235
0.232
0.218
0.221
0.526
0.529
0.398
0.472
0.331
0.305
0.454
0.427
0.514
0.401
0.336
0.32
0.311
0.262
0.245
0.206
0.193
0.191
0.207
0.242
0.234
0.237
0.216
0.22
0.544
0.526
0.384
0.471
0.32
0.334
0.445
0.432
0.484
0.387
0.337
0.321
0.311
0.255
0.24
0.208
0.193
0.192
0.21
0.238
0.231
0.344
0.359
0.218
0.535
0.51
0.368
0.44
0.306
0.325
0.432
0.436
0.46
0.388
0.352
0.31
0.314
0.262
0.238
0.209
0.193
0.191
0.211
0.237
0.228
0.339
0.342
0.205
0.491
0.473
0.518
0.417
0.301
0.315
0.409
0.417
0.436
0.373
0.342
0.303
0.316
0.265
0.246
0.217
0.192
0.191
0.213
0.234
0.224
0.333
0.332
0.199
0.451
0.435
0.489
0.399
0.293
0.306
0.397
0.395
0.43
0.382
0.333
0.293
0.308
0.258
0.241
0.215
0.195
0.192
0.212
0.231
0.234
0.321
0.325
0.214
0.443
0.422
0.469
0.387
0.283
0.299
0.377
0.377
0.411
0.367
0.329
0.296
0.31
0.264
0.24
0.212
0.195
0.193
0.213
0.227
0.239
0.31
0.305
0.202
0.407
0.494
0.626
0.434
0.342
0.311
0.364
0.387
0.541
0.58
0.446
0.544
0.45
0.274
0.251
0.21
0.196
0.193
0.215
0.224
0.243
0.302
0.294
0.229
0.388
0.467
0.574
0.402
0.316
0.304
0.349
0.39
0.511
0.545
0.42
0.51
0.422
0.265
0.246
0.208
0.195
0.193
0.213
0.22
0.24
0.291
0.282
0.225
0.515
0.514
0.54
0.385
0.307
0.294
0.336
0.376
0.512
0.515
0.402
0.479
0.398
0.256
0.239
0.21
0.197
0.194
0.22
0.217
0.255
0.286
0.277
0.309
0.486
0.489
0.508
0.369
0.298
0.29
0.549
0.583
0.609
0.515
0.4
0.45
0.377
0.25
0.235
0.21
0.197
0.195
0.22
0.216
0.26
0.279
0.27
0.356
0.466
0.461
0.482
0.353
0.29
0.287
0.515
0.546
0.572
0.488
0.385
0.43
0.356
0.245
0.231
0.208
0.197
0.196
0.217
0.216
0.264
0.27
0.263
0.341
0.486
0.439
0.455
0.341
0.282
0.282
0.485
0.512
0.564
0.464
0.37
0.409
0.341
0.24
0.226
0.206
0.198
0.198
0.217
0.221
0.257
0.262
0.291
0.353
0.632
0.417
0.43
0.356
0.282
0.279
0.46
0.482
0.595
0.479
0.36
0.387
0.326
0.233
0.224
0.204
0.197
0.198
0.215
0.222
0.41
0.474
0.525
0.338
0.581
0.385
0.433
0.345
0.274
0.273
0.44
0.456
0.574
0.457
0.348
0.372
0.311
0.227
0.222
0.205
0.197
0.198
0.213
0.219
0.391
0.446
0.491
0.33
0.545
0.365
0.408
0.464
0.294
0.323
0.428
0.438
0.548
0.434
0.335
0.358
0.301
0.223
0.221
0.204
0.195
0.198
0.214
0.226
0.38
0.477
0.465
0.341
0.53
0.35
0.392
0.439
0.29
0.312
0.412
0.422
0.524
0.417
0.325
0.342
0.295
0.223
0.217
0.203
0.197
0.2
0.213
0.222
0.362
0.458
0.448
0.328
0.495
0.336
0.366
0.514
0.367
0.303
0.394
0.404
0.495
0.397
0.316
0.326
0.284
0.221
0.217
0.203
0.197
0.2
0.211
0.227
0.341
0.422
0.415
0.353
0.471
0.323
0.368
0.491
0.352
0.294
0.38
0.383
0.466
0.376
0.304
0.313
0.276
0.219
0.215
0.202
0.199
0.201
0.21
0.225
0.354
0.4
0.393
0.349
0.445
0.507
0.353
0.462
0.335
0.284
0.371
0.363
0.445
0.373
0.307
0.315
0.271
0.219
0.217
0.205
0.202
0.203
0.214
0.228
0.355
0.598
0.519
0.333
0.422
0.489
0.326
0.425
0.313
0.481
0.353
0.349
0.428
0.369
0.31
0.317
0.277
0.233
0.23
0.22
0.217
0.212
0.212
0.225
0.339
0.557
0.494
0.328
0.462
0.47
0.311
0.403
0.331
0.451
0.34
0.38
0.444
0.376
0.32
0.319
0.285
0.245
0.233
0.218
0.215
0.21
0.211
0.222
0.332
0.52
0.467
0.316
0.435
0.45
0.302
0.381
0.316
0.52
0.354
0.428
0.437
0.395
0.322
0.322
0.28
0.239
0.228
0.215
0.212
0.211
0.22
0.219
0.317
0.51
0.441
0.299
0.424
0.427
0.311
0.374
0.308
0.492
0.36
0.42
0.438
0.39
0.323
0.326
0.281
0.233
0.224
0.215
0.21
0.209
0.218
0.224
0.307
0.479
0.415
0.296
0.444
0.403
0.291
0.359
0.299
0.466
0.347
0.399
0.421
0.384
0.325
0.327
0.286
0.244
0.24
0.226
0.208
0.207
0.216
0.353
0.524
0.64
0.393
0.285
0.418
0.542
0.287
0.345
0.292
0.463
0.342
0.381
0.424
0.365
0.311
0.312
0.279
0.241
0.235
0.223
0.206
0.205
0.214
0.337
0.491
0.605
0.373
0.306
0.398
0.654
0.305
0.334
0.284
0.438
0.328
0.366
0.415
0.372
0.314
0.315
0.284
0.248
0.233
0.221
0.203
0.205
0.392
0.546
0.508
0.565
0.375
0.294
0.404
0.61
0.293
0.324
0.273
0.404
0.311
0.357
0.406
0.373
0.317
0.318
0.274
0.244
0.23
0.218
0.204
0.208
0.374
0.512
0.484
0.53
0.358
0.284
0.382
0.57
0.394
0.311
0.325
0.396
0.301
0.341
0.417
0.397
0.314
0.308
0.266
0.24
0.226
0.213
0.205
0.206
0.356
0.481
0.462
0.497
0.344
0.272
0.365
0.549
0.372
0.34
0.331
0.421
0.328
0.334
0.411
0.394
0.317
0.302
0.257
0.236
0.221
0.213
0.202
0.207
0.347
0.453
0.433
0.467
0.326
0.264
0.377
0.524
0.492
0.346
0.361
0.407
0.312
0.321
0.39
0.377
0.305
0.294
0.252
0.232
0.215
0.211
0.199
0.205
0.332
0.424
0.416
0.442
0.31
0.272
0.563
0.492
0.461
0.33
0.345
0.438
0.311
0.318
0.395
0.389
0.298
0.286
0.249
0.228
0.215
0.21
0.196
0.21
0.32
0.399
0.392
0.419
0.316
0.289
0.54
0.478
0.436
0.315
0.331
0.412
0.433
0.523
0.62
0.451
0.311
0.282
0.255
0.235
0.211
0.206
0.194
0.209
0.307
0.376
0.381
0.389
0.291
0.267
0.496
0.437
0.402
0.291
0.318
0.389
0.41
0.488
0.607
0.429
0.298
0.273
0.251
0.23
0.209
0.205
0.193
0.206
0.295
0.357
0.372
0.394
0.283
0.263
0.517
0.418
0.382
0.284
0.306
0.374
0.383
0.452
0.558
0.433
0.29
0.265
0.245
0.228
0.208
0.204
0.196
0.208
0.286
0.35
0.346
0.364
0.262
0.249
0.516
0.395
0.363
0.276
0.296
0.357
0.366
0.429
0.524
0.411
0.281
0.259
0.242
0.222
0.207
0.2
0.197
0.206
0.278
0.333
0.33
0.355
0.255
0.243
0.483
0.42
0.348
0.265
0.286
0.34
0.349
0.404
0.497
0.407
0.288
0.303
0.242
0.218
0.204
0.199
0.196
0.204
0.271
0.331
0.318
0.339
0.242
0.226
0.448
0.398
0.331
0.257
0.276
0.324
0.519
0.6
0.587
0.623
0.334
0.297
0.236
0.213
0.202
0.201
0.205
0.217
0.251
0.305
0.293
0.312
0.228
0.211
0.41
0.365
0.308
0.249
0.269
0.309
0.486
0.557
0.554
0.584
0.324
0.291
0.229
0.209
0.202
0.199
0.202
0.214
0.247
0.292
0.29
0.299
0.225
0.238
0.394
0.351
0.317
0.246
0.266
0.3
0.459
0.527
0.521
0.549
0.319
0.297
0.234
0.208
0.203
0.196
0.2
0.215
0.242
0.293
0.277
0.279
0.214
0.237
0.528
0.339
0.299
0.232
0.248
0.286
0.436
0.515
0.492
0.513
0.31
0.287
0.245
0.223
0.218
0.216
0.214
0.212
0.289
0.306
0.304
0.337
0.211
0.233
0.519
0.314
0.28
0.219
0.233
0.304
0.476
0.525
0.588
0.483
0.301
0.279
0.244
0.22
0.214
0.215
0.212
0.262
0.503
0.518
0.307
0.465
0.379
0.227
0.594
0.371
0.274
0.227
0.248
0.29
0.438
0.495
0.555
0.455
0.295
0.271
0.242
0.218
0.216
0.212
0.21
0.257
0.472
0.488
0.303
0.438
0.36
0.222
0.589
0.354
0.347
0.286
0.256
0.301
0.415
0.486
0.54
0.434
0.287
0.269
0.251
0.217
0.215
0.209
0.208
0.254
0.446
0.47
0.281
0.405
0.466
0.238
0.548
0.33
0.32
0.268
0.241
0.288
0.424
0.458
0.51
0.414
0.279
0.273
0.258
0.219
0.215
0.209
0.207
0.25
0.422
0.46
0.264
0.372
0.463
0.237
0.513
0.306
0.296
0.256
0.236
0.279
0.4
0.46
0.48
0.465
0.271
0.266
0.254
0.217
0.211
0.209
0.205
0.245
0.405
0.453
0.245
0.343
0.433
0.442
0.548
0.298
0.283
0.255
0.234
0.276
0.381
0.445
0.49
0.458
0.277
0.268
0.255
0.219
0.212
0.21
0.21
0.243
0.397
0.443
0.234
0.32
0.407
0.447
0.516
0.281
0.266
0.244
0.228
0.278
0.583
0.646
0.577
0.669
0.512
0.372
0.279
0.222
0.22
0.213
0.21
0.243
0.389
0.431
0.223
0.302
0.378
0.416
0.475
0.267
0.251
0.233
0.224
0.268
0.546
0.609
0.557
0.636
0.483
0.354
0.274
0.219
0.221
0.21
0.21
0.238
0.371
0.427
0.216
0.282
0.347
0.422
0.45
0.283
0.247
0.23
0.237
0.263
0.512
0.572
0.522
0.594
0.461
0.338
0.268
0.214
0.219
0.206
0.209
0.233
0.352
0.415
0.212
0.272
0.333
0.397
0.424
0.274
0.374
0.525
0.374
0.257
0.48
0.537
0.489
0.558
0.437
0.407
0.268
0.212
0.214
0.204
0.21
0.229
0.337
0.412
0.199
0.254
0.309
0.389
0.402
0.254
0.346
0.481
0.352
0.253
0.449
0.505
0.463
0.525
0.415
0.386
0.264
0.208
0.21
0.205
0.208
0.225
0.326
0.407
0.186
0.24
0.286
0.402
0.382
0.236
0.322
0.441
0.332
0.246
0.418
0.463
0.426
0.538
0.396
0.367
0.256
0.208
0.206
0.202
0.209
0.222
0.32
0.402
0.177
0.227
0.265
0.518
0.446
0.23
0.31
0.413
0.319
0.241
0.393
0.602
0.699
0.69
0.4
0.372
0.284
0.207
0.203
0.199
0.206
0.221
0.33
0.385
0.167
0.212
0.247
0.516
0.42
0.216
0.287
0.383
0.299
0.237
0.373
0.561
0.65
0.643
0.38
0.354
0.276
0.208
0.206
0.2
0.205
0.218
0.317
0.383
0.158
0.199
0.231
0.476
0.402
0.217
0.278
0.367
0.292
0.233
0.356
0.559
0.608
0.598
0.361
0.342
0.268
0.206
0.206
0.201
0.204
0.215
0.306
0.364
0.169
0.196
0.271
0.445
0.379
0.216
0.31
0.346
0.284
0.228
0.339
0.593
0.575
0.557
0.345
0.33
0.258
0.203
0.203
0.199
0.202
0.213
0.294
0.346
0.171
0.205
0.274
0.409
0.449
0.309
0.308
0.333
0.277
0.225
0.335
0.578
0.565
0.568
0.333
0.317
0.253
0.202
0.202
0.199
0.202
0.211
0.287
0.351
0.161
0.193
0.257
0.399
0.422
0.289
0.285
0.308
0.266
0.22
0.352
0.539
0.764
0.666
0.334
0.328
0.248
0.215
0.203
0.198
0.201
0.211
0.278
0.352
0.153
0.184
0.241
0.4
0.4
0.27
0.264
0.287
0.254
0.219
0.344
0.52
0.714
0.63
0.321
0.315
0.245
0.212
0.204
0.198
0.2
0.211
0.278
0.356
0.148
0.174
0.224
0.402
0.379
0.262
0.258
0.278
0.25
0.217
0.336
0.491
0.662
0.588
0.308
0.305
0.24
0.212
0.198
0.207
0.202
0.21
0.281
0.352
0.142
0.165
0.211
0.535
0.36
0.246
0.24
0.26
0.24
0.216
0.363
0.492
0.715
0.553
0.299
0.294
0.236
0.245
0.197
0.204
0.2
0.208
0.286
0.346
0.135
0.156
0.198
0.495
0.355
0.242
0.231
0.251
0.235
0.213
0.35
0.493
0.692
0.575
0.289
0.285
0.23
0.238
0.194
0.202
0.198
0.206
0.277
0.35
0.145
0.15
0.234
0.58
0.412
0.26
0.223
0.238
0.232
0.24
0.35
0.463
0.642
0.543
0.28
0.276
0.225
0.232
0.193
0.2
0.197
0.206
0.269
0.332
0.159
0.153
0.23
0.541
0.39
0.278
0.218
0.232
0.422
0.467
0.409
0.618
0.862
0.74
0.537
0.335
0.251
0.226
0.192
0.199
0.197
0.203
0.273
0.335
0.151
0.146
0.214
0.523
0.369
0.257
0.203
0.217
0.387
0.441
0.39
0.616
0.797
0.687
0.503
0.322
0.244
0.223
0.192
0.196
0.195
0.202
0.281
0.338
0.145
0.14
0.201
0.484
0.348
0.239
0.191
0.203
0.369
0.415
0.406
0.59
0.74
0.639
0.476
0.31
0.248
0.232
0.183
0.184
0.183
0.197
0.281
0.352
0.139
0.134
0.189
0.448
0.336
0.225
0.189
0.202
0.352
0.391
0.39
0.579
0.689
0.594
0.448
0.297
0.245
0.228
0.184
0.184
0.184
0.196
0.283
0.356
0.133
0.129
0.178
0.458
0.323
0.21
0.178
0.191
0.364
0.494
0.589
0.758
0.712
0.617
0.443
0.312
0.239
0.223
0.184
0.184
0.183
0.197
0.275
0.368
0.129
0.124
0.168
0.437
0.308
0.207
0.308
0.388
0.37
0.502
0.591
0.731
0.69
0.604
0.476
0.322
0.235
0.22
0.183
0.183
0.183
0.197
0.268
0.35
0.163
0.137
0.159
0.401
0.285
0.368
0.312
0.381
0.353
0.47
0.553
0.679
0.642
0.565
0.45
0.312
0.232
0.218
0.185
0.185
0.186
0.205
0.267
0.334
0.166
0.149
0.161
0.379
0.473
0.578
0.299
0.361
0.339
0.441
0.523
0.64
0.612
0.529
0.425
0.301
0.226
0.214
0.184
0.186
0.187
0.205
0.281
0.336
0.157
0.143
0.153
0.368
0.443
0.528
0.276
0.334
0.375
0.416
0.554
0.818
0.58
0.521
0.408
0.292
0.221
0.209
0.183
0.186
0.187
0.203
0.283
0.337
0.15
0.139
0.146
0.348
0.427
0.485
0.257
0.309
0.356
0.404
0.545
0.813
0.552
0.489
0.387
0.284
0.226
0.222
0.194
0.187
0.189
0.203
0.28
0.343
0.143
0.133
0.139
0.321
0.421
0.465
0.255
0.332
0.45
0.4
0.511
0.753
0.519
0.461
0.37
0.277
0.22
0.217
0.193
0.188
0.191
0.202
0.283
0.348
0.136
0.127
0.133
0.319
0.399
0.429
0.237
0.307
0.436
0.379
0.481
0.697
0.486
0.435
0.354
0.268
0.216
0.212
0.191
0.19
0.19
0.201
0.29
0.354
0.13
0.122
0.128
0.428
0.409
0.406
0.231
0.318
0.413
0.359
0.461
0.668
0.475
0.426
0.357
0.275
0.229
0.216
0.189
0.19
0.189
0.2
0.284
0.363
0.149
0.12
0.123
0.564
0.388
0.385
0.217
0.296
0.393
0.345
0.452
0.653
0.478
0.421
0.359
0.283
0.24
0.215
0.19
0.19
0.19
0.199
0.278
0.345
0.163
0.141
0.13
0.527
0.707
0.813
0.469
0.331
0.418
0.549
0.55
0.627
0.499
0.415
0.342
0.276
0.236
0.213
0.192
0.191
0.19
0.2
0.287
0.35
0.154
0.135
0.125
0.505
0.656
0.739
0.43
0.307
0.393
0.539
0.551
0.605
0.48
0.394
0.328
0.289
0.262
0.253
0.23
0.213
0.207
0.2
0.278
0.347
0.146
0.129
0.12
0.462
0.615
0.673
0.397
0.285
0.366
0.505
0.551
0.583
0.477
0.395
0.34
0.334
0.282
0.261
0.241
0.218
0.204
0.199
0.296
0.348
0.139
0.124
0.116
0.46
0.577
0.613
0.365
0.264
0.368
0.474
0.516
0.545
0.449
0.374
0.335
0.328
0.279
0.286
0.262
0.235
0.209
0.197
0.284
0.358
0.134
0.12
0.113
0.461
0.544
0.56
0.337
0.246
0.452
0.667
0.704
0.576
0.459
0.391
0.357
0.353
0.31
0.29
0.263
0.229
0.207
0.196
0.277
0.359
0.126
0.116
0.11
0.467
0.508
0.522
0.325
0.251
0.437
0.629
0.664
0.549
0.443
0.382
0.391
0.354
0.312
0.28
0.287
0.231
0.205
0.196
0.27
0.342
0.137
0.13
0.137
0.444
0.465
0.477
0.332
0.26
0.424
0.585
0.615
0.548
0.427
0.365
0.372
0.338
0.301
0.269
0.279
0.23
0.203
0.195
0.263
0.323
0.143
0.155
0.151
0.419
0.437
0.444
0.317
0.262
0.4
0.566
0.768
0.549
0.434
0.359
0.355
0.332
0.319
0.287
0.288
0.236
0.202
0.195
0.26
0.335
0.137
0.148
0.144
0.414
0.419
0.409
0.291
0.243
0.376
0.572
0.948
0.751
0.472
0.344
0.34
0.318
0.33
0.279
0.28
0.228
0.201
0.195
0.261
0.342
0.129
0.141
0.138
0.53
0.407
0.376
0.27
0.227
0.36
0.543
0.904
0.725
0.533
0.346
0.342
0.314
0.312
0.269
0.271
0.222
0.2
0.197
0.277
0.38
0.12
0.138
0.128
0.526
0.389
0.348
0.252
0.21
0.36
0.523
0.864
0.692
0.517
0.343
0.345
0.349
0.298
0.264
0.26
0.221
0.196
0.198
0.299
0.392
0.115
0.132
0.122
0.497
0.381
0.337
0.25
0.209
0.352
0.507
0.837
0.684
0.58
0.338
0.331
0.331
0.288
0.259
0.25
0.22
0.198
0.198
0.326
0.399
0.114
0.123
0.12
0.454
0.386
0.32
0.247
0.43
0.557
0.655
0.788
0.647
0.543
0.321
0.319
0.316
0.278
0.256
0.24
0.218
0.193
0.2
0.31
0.39
0.119
0.145
0.145
0.419
0.352
0.313
0.242
0.395
0.551
0.627
0.745
0.604
0.506
0.311
0.307
0.305
0.265
0.249
0.23
0.216
0.189
0.203
0.294
0.376
0.129
0.145
0.145
0.436
0.347
0.305
0.234
0.45
0.728
0.8
0.857
0.613
0.492
0.323
0.312
0.34
0.297
0.257
0.233
0.218
0.185
0.199
0.28
0.354
0.15
0.178
0.142
0.436
0.329
0.297
0.381
0.428
0.672
0.748
0.826
0.579
0.673
0.41
0.301
0.395
0.295
0.253
0.225
0.216
0.182
0.201
0.269
0.376
0.173
0.201
0.139
0.396
0.304
0.276
0.424
0.544
0.625
0.725
0.766
0.567
0.656
0.389
0.291
0.375
0.285
0.247
0.224
0.216
0.184
0.198
0.264
0.359
0.229
0.45
0.334
0.414
0.317
0.339
0.401
0.522
0.59
0.687
0.74
0.558
0.674
0.373
0.282
0.357
0.277
0.241
0.224
0.216
0.186
0.192
0.257
0.348
0.249
0.442
0.309
0.38
0.332
0.411
0.381
0.491
0.552
0.639
0.695
0.545
0.659
0.39
0.31
0.408
0.296
0.244
0.221
0.213
0.185
0.191
0.276
0.353
0.243
0.418
0.332
0.364
0.337
0.39
0.359
0.488
0.53
0.621
0.685
0.549
0.656
0.464
0.336
0.388
0.286
0.237
0.217
0.21
0.181
0.191
0.27
0.335
0.248
0.39
0.348
0.347
0.318
0.369
0.342
0.454
0.496
0.736
0.646
0.512
0.611
0.44
0.32
0.367
0.272
0.233
0.211
0.21
0.181
0.192
0.313
0.318
0.243
0.368
0.333
0.331
0.302
0.484
0.328
0.427
0.492
0.694
0.622
0.501
0.591
0.444
0.34
0.35
0.301
0.229
0.208
0.21
0.18
0.194
0.298
0.322
0.247
0.34
0.304
0.308
0.327
0.456
0.3
0.394
0.449
0.694
0.672
0.729
0.814
0.742
0.419
0.597
0.37
0.246
0.208
0.209
0.177
0.195
0.289
0.322
0.257
0.315
0.279
0.286
0.303
0.476
0.287
0.365
0.466
0.65
0.627
0.677
0.752
0.686
0.397
0.558
0.354
0.244
0.205
0.21
0.174
0.186
0.27
0.312
0.275
0.289
0.259
0.266
0.447
0.47
0.276
0.342
0.427
0.598
0.588
0.63
0.696
0.67
0.378
0.523
0.339
0.24
0.196
0.197
0.162
0.175
0.251
0.308
0.279
0.268
0.241
0.247
0.424
0.441
0.256
0.315
0.392
0.567
0.564
0.609
0.674
0.671
0.404
0.56
0.326
0.235
0.203
0.192
0.154
0.165
0.248
0.332
0.285
0.249
0.225
0.23
0.409
0.416
0.238
0.291
0.367
0.578
0.535
0.587
0.641
0.638
0.393
0.525
0.314
0.234
0.201
0.191
0.153
0.168
0.244
0.318
0.273
0.377
0.376
0.258
0.388
0.382
0.223
0.27
0.37
0.56
0.542
0.684
0.647
0.599
0.374
0.494
0.299
0.233
0.204
0.193
0.159
0.167
0.242
0.313
0.269
0.354
0.358
0.247
0.37
0.359
0.525
0.706
0.572
0.594
0.526
0.636
0.608
0.557
0.358
0.463
0.29
0.23
0.203
0.191
0.181
0.174
0.231
0.315
0.282
0.324
0.331
0.226
0.368
0.364
0.482
0.644
0.519
0.588
0.52
0.621
0.581
0.534
0.34
0.451
0.295
0.275
0.207
0.192
0.177
0.179
0.227
0.304
0.287
0.351
0.316
0.246
0.378
0.344
0.442
0.586
0.476
0.58
0.496
0.58
0.543
0.498
0.33
0.423
0.283
0.268
0.216
0.189
0.174
0.176
0.227
0.339
0.285
0.33
0.289
0.226
0.469
0.42
0.438
0.538
0.443
0.584
0.477
0.545
0.515
0.465
0.319
0.403
0.273
0.262
0.209
0.19
0.172
0.179
0.22
0.341
0.286
0.307
0.265
0.213
0.427
0.388
0.4
0.493
0.406
0.655
0.686
0.529
0.483
0.459
0.315
0.4
0.314
0.26
0.209
0.185
0.176
0.177
0.218
0.332
0.296
0.287
0.243
0.202
0.439
0.382
0.381
0.485
0.419
0.673
0.708
0.571
0.534
0.489
0.313
0.379
0.3
0.257
0.203
0.187
0.176
0.175
0.214
0.324
0.285
0.276
0.242
0.215
0.416
0.352
0.349
0.449
0.609
0.645
0.661
0.535
0.501
0.464
0.317
0.369
0.298
0.266
0.211
0.198
0.187
0.184
0.229
0.319
0.283
0.299
0.233
0.209
0.4
0.342
0.329
0.42
0.573
0.846
0.914
0.559
0.484
0.464
0.306
0.362
0.304
0.263
0.217
0.193
0.185
0.182
0.222
0.305
0.29
0.274
0.215
0.193
0.414
0.342
0.301
0.382
0.52
0.834
0.861
0.521
0.452
0.435
0.293
0.343
0.294
0.251
0.209
0.188
0.182
0.18
0.219
0.344
0.298
0.251
0.198
0.178
0.407
0.335
0.275
0.349
0.482
0.843
0.808
0.497
0.425
0.415
0.301
0.335
0.283
0.243
0.215
0.187
0.194
0.167
0.213
0.323
0.304
0.231
0.192
0.165
0.371
0.337
0.252
0.32
0.445
0.825
0.766
0.477
0.4
0.399
0.294
0.32
0.278
0.25
0.225
0.188
0.19
0.166
0.221
0.322
0.316
0.219
0.177
0.153
0.413
0.33
0.238
0.292
0.411
0.794
0.719
0.454
0.377
0.382
0.282
0.305
0.269
0.244
0.217
0.184
0.19
0.169
0.215
0.307
0.32
0.202
0.172
0.142
0.422
0.332
0.224
0.268
0.381
0.786
0.679
0.425
0.356
0.361
0.278
0.301
0.272
0.238
0.222
0.184
0.189
0.174
0.395
0.508
0.364
0.243
0.191
0.143
0.401
0.314
0.252
0.261
0.348
0.719
0.616
0.476
0.354
0.349
0.274
0.288
0.262
0.23
0.225
0.188
0.197
0.171
0.372
0.481
0.356
0.236
0.201
0.159
0.365
0.287
0.232
0.247
0.453
0.989
0.7
0.487
0.354
0.346
0.287
0.311
0.253
0.242
0.244
0.19
0.192
0.169
0.353
0.451
0.354
0.217
0.185
0.148
0.405
0.294
0.218
0.227
0.412
0.94
0.663
0.468
0.345
0.338
0.286
0.306
0.251
0.24
0.239
0.185
0.187
0.168
0.333
0.436
0.365
0.2
0.171
0.137
0.443
0.288
0.201
0.209
0.375
1.028
0.841
0.462
0.33
0.322
0.308
0.301
0.243
0.233
0.23
0.182
0.183
0.167
0.317
0.435
0.377
0.185
0.159
0.128
0.691
0.517
0.269
0.204
0.387
0.994
0.786
0.433
0.322
0.345
0.352
0.326
0.262
0.254
0.25
0.192
0.193
0.181
0.301
0.41
0.38
0.171
0.148
0.12
0.69
0.492
0.246
0.189
0.353
0.958
0.741
0.413
0.306
0.327
0.334
0.31
0.254
0.247
0.239
0.188
0.189
0.178
0.287
0.413
0.378
0.158
0.137
0.113
0.674
0.487
0.249
0.176
0.322
0.917
0.734
0.425
0.311
0.328
0.333
0.312
0.26
0.254
0.249
0.205
0.206
0.195
0.286
0.41
0.394
0.178
0.152
0.13
0.634
0.644
0.279
0.236
0.34
0.884
0.753
0.428
0.324
0.339
0.362
0.331
0.323
0.271
0.25
0.21
0.211
0.202
0.284
0.482
0.64
0.426
0.773
0.337
0.801
0.779
0.294
0.248
0.357
1.079
1.25
0.714
0.793
0.698
0.36
0.355
0.316
0.259
0.24
0.204
0.205
0.197
0.272
0.46
0.883
0.388
0.701
0.307
0.998
1.321
0.269
0.228
0.365
1.371
1.608
1.045
0.787
0.699
0.396
0.392
0.41
0.297
0.27
0.238
0.239
0.232
0.3
0.581
1.111
0.838
1.098
0.428
0.914
1.232
0.383
0.209
0.333
1.347
1.947
1.413
0.866
0.686
0.408
0.405
0.421
0.318
0.293
0.264
0.265
0.258
0.319
0.576
1.081
0.786
1.01
0.402
0.839
1.125
0.548
0.246
0.346
1.606
2.131
1.444
0.851
0.688
0.433
0.424
0.471
0.361
0.334
0.309
0.309
0.302
0.357
0.587
1.106
0.999
1.265
0.541
0.782
1.071
0.528
0.258
0.353
1.484
1.949
1.334
0.794
0.648
0.458
0.523
0.504
0.404
0.366
0.345
0.344
0.338
0.388
0.626
1.21
1.181
1.453
0.626
0.73
0.99
0.5
0.271
0.565
1.587
1.976
1.45
0.814
0.678
0.484
0.543
0.525
0.433
0.399
0.381
0.38
0.375
0.411
0.598
1.16
1.088
1.322
0.723
0.747
0.946
0.511
0.294
0.602
1.57
1.833
1.404
0.807
0.643
0.468
0.529
0.524
0.434
0.393
0.376
0.376
0.37
0.402
0.559
1.06
1.038
1.69
1.208
1.159
1.289
0.689
0.451
0.907
1.784
1.8
1.305
0.777
0.612
0.454
0.509
0.503
0.422
0.383
0.369
0.37
0.364
0.393
0.535
0.986
1.036
1.724
1.388
1.079
1.164
0.625
0.709
1.156
1.95
1.771
1.209
0.744
0.6
0.452
0.493
0.488
0.433
0.396
0.379
0.38
0.376
0.402
0.585
0.932
0.962
1.579
1.277
1.008
1.273
0.911
1.014
1.395
1.857
1.638
1.132
0.713
0.575
0.443
0.479
0.473
0.423
0.39
0.375
0.377
0.372
0.397
0.891
1.205
1.196
1.731
1.165
0.926
1.339
0.825
0.917
1.26
1.834
1.782
1.22
0.811
0.555
0.436
0.467
0.462
0.418
0.385
0.372
0.374
0.374
0.884
1.61
1.719
1.081
1.563
1.053
1.238
1.471
0.747
0.83
1.139
1.855
1.971
1.448
0.978
0.533
0.428
0.457
0.452
0.415
0.385
0.372
0.373
0.369
0.818
1.653
1.708
0.978
1.412
0.953
1.176
1.324
0.673
0.747
1.035
1.916
1.989
1.523
1.076
0.59
0.409
0.432
0.448
0.401
0.376
0.353
0.361
0.353
0.757
1.544
1.787
1.063
1.301
0.879
1.112
1.338
0.784
0.793
0.936
1.729
1.795
1.377
1.15
0.613
0.43
0.44
0.465
0.428
0.396
0.354
0.359
0.352
0.716
1.424
1.643
0.991
1.205
0.831
1.032
1.233
0.726
0.747
1.187
2.007
1.956
1.882
1.081
0.611
1.051
0.753
0.46
0.476
0.382
0.333
0.339
0.333
0.661
1.307
1.654
1.151
1.133
0.753
0.964
1.155
0.674
0.692
1.089
1.907
1.811
1.75
1.017
0.6
0.997
0.714
0.45
0.465
0.381
0.336
0.342
0.333
0.622
1.291
1.666
1.057
1.028
0.693
0.927
1.074
0.62
0.63
0.993
1.781
1.686
1.627
0.956
0.594
0.958
0.726
0.438
0.44
0.357
0.318
0.322
0.316
0.576
1.196
1.81
0.956
0.93
0.628
1.063
1.264
0.927
0.736
0.921
1.631
1.749
1.723
1.132
0.638
0.904
0.691
0.454
0.418
0.345
0.31
0.312
0.31
0.538
1.137
1.809
0.865
0.841
0.57
0.961
1.271
0.839
0.667
0.834
1.48
1.634
1.747
1.252
0.794
0.942
0.66
0.447
0.413
0.348
0.315
0.318
0.316
0.522
1.132
1.801
0.783
0.762
0.517
0.87
1.148
0.76
0.605
0.766
1.36
1.717
1.787
1.329
0.858
0.875
0.617
0.427
0.394
0.336
0.306
0.307
0.307
0.494
1.037
1.654
0.794
0.702
0.48
0.798
1.048
0.698
0.56
0.76
1.316
1.592
1.641
1.229
0.805
0.821
0.597
0.433
0.39
0.334
0.306
0.307
0.308
0.477
0.965
1.518
0.792
0.657
0.447
0.734
1.172
0.862
1.186
1.434
1.96
2.042
1.575
1.139
0.757
0.828
0.569
0.421
0.382
0.333
0.306
0.308
0.308
0.463
1.523
1.665
0.717
0.596
0.407
0.751
1.085
0.78
1.072
1.295
1.836
1.993
1.622
1.223
0.877
0.862
0.553
0.398
0.361
0.325
0.3
0.294
0.296
0.825
2.077
1.952
0.65
0.541
0.371
0.956
1.145
0.707
0.97
1.17
1.781
1.988
1.648
1.217
0.954
1.281
0.978
0.833
0.785
0.606
0.3
0.289
0.291
0.768
1.894
1.805
0.774
0.712
0.511
1.031
1.204
0.733
0.878
1.058
1.742
2.794
2.449
1.936
1.221
1.433
1.041
0.815
0.81
0.76
0.481
0.369
0.343
0.8
1.806
1.685
1.046
1.001
0.708
1.051
1.275
0.664
0.794
0.957
1.693
3.096
2.794
2.259
1.598
1.577
0.98
0.77
0.765
0.721
0.47
0.369
0.344
0.756
1.826
1.868
1.267
1.234
0.915
0.996
1.188
1.09
1.517
1.759
2.215
3.286
3.086
2.234
2.105
2.282
1.631
0.996
0.736
0.686
0.461
0.677
0.69
1.095
2.05
2.013
2.038
2.288
1.825
1.855
1.508
0.986
1.37
1.588
1.998
2.962
3.026
2.34
2.214
2.119
1.503
0.916
0.676
0.631
0.429
0.623
0.635
1.0
1.86
1.835
1.877
2.077
1.786
1.872
1.555
0.963
1.238
1.434
2.006
2.981
2.908
2.147
2.029
1.943
1.379
0.844
0.627
0.589
0.405
0.581
0.591
0.963
1.746
1.941
1.987
2.149
1.896
1.974
1.684
1.091
1.13
1.322
1.861
2.733
2.668
1.983
1.875
1.782
1.3
0.79
0.581
0.545
0.38
0.538
0.561
0.898
1.587
1.777
1.816
1.953
1.726
1.796
1.738
1.002
1.07
1.224
1.701
2.504
2.449
1.829
1.765
1.632
1.198
0.744
0.557
0.519
0.37
0.514
0.545
0.831
1.442
1.619
1.707
1.781
1.567
1.629
1.584
0.916
0.983
1.132
1.564
2.296
2.241
1.688
1.655
1.486
1.104
0.697
0.515
0.48
0.35
0.481
0.504
0.763
1.363
1.664
1.594
1.658
1.451
1.512
1.448
0.841
0.896
1.023
1.412
2.12
2.076
1.561
1.533
1.389
1.095
