0.0
0.0
0.0
0.0
0.0
0.0
0.0
0.0
0.0
0.0
0.0
0.0
0.0
0.0
0.0
0.0
0.0
0.0
0.0
0.0
0.0
0.0
0.0
0.0
0.0
0.0
0.0
0.0
0.0
0.0
0.0
0.0
0.0
0.0
0.0
0.0
0.0
0.0
0.0
0.0
0.0
0.0
0.0
0.0
0.0
0.0
0.0
0.0
0.0
0.0
0.0
0.0
0.0
0.0
0.0
0.0
0.0
0.0
0.0
0.0
0.0
0.0
0.0
0.0
0.0
0.0
0.0
0.0
0.0
0.0
0.0
0.0
0.0
0.0
0.0
0.0
0.0
0.0
0.0
0.0
0.0
0.0
0.0
0.0
0.0
0.0
0.0
0.0
0.0
0.0
0.0
0.0
0.0
0.0
0.0
0.0
0.0
0.0
0.0
0.0
0.0
0.0
0.0
0.0
0.0
0.0
0.0
0.0
0.0
0.0
0.0
0.0
0.0
0.0
0.0
0.0
0.0
0.0
0.0
0.0
0.0
0.0
0.0
0.0
0.0
0.0
0.0
0.0
0.0
0.0
0.0
0.0
0.0
0.0
0.0
0.0
0.0
0.0
0.0
0.0
0.0
0.0
0.0
0.0
0.0
0.0
0.0
0.0
0.0
0.0
0.0
0.0
0.0
0.0
0.0
0.0
0.0
0.0
0.0
0.0
0.0
0.0
0.0
0.0
0.0
0.0
0.0
0.0
0.0
0.0
0.0
0.0
0.0
0.0
0.0
0.0
0.0
0.0
0.0
0.0
0.0
0.0
0.0
0.0
0.0
0.0
0.0
0.0
0.0
0.0
0.0
0.0
0.0
0.0
0.0
0.0
0.0
0.0
0.0
0.0
0.0
0.0
0.0
0.0
0.0
0.0
0.0
0.0
0.0
0.0
0.0
0.0
0.0
0.0
0.0
0.0
0.0
0.0
0.0
0.0
0.0
0.0
0.0
0.0
0.0
0.0
0.0
0.0
0.0
0.0
0.0
0.0
0.0
0.0
0.0
0.0
0.0
0.0
0.0
0.0
0.0
0.0
0.0
0.0
0.0
0.0
0.0
0.0
0.0
0.0
0.0
0.0
0.0
0.0
0.0
0.0
0.0
0.0
0.0
0.0
0.0
0.0
0.0
0.0
0.0
0.0
0.0
0.0
0.0
0.0
0.0
0.0
0.0
0.0
0.0
0.0
0.0
0.0
0.0
0.0
0.0
0.0
0.0
0.0
0.0
0.0
0.0
0.0
0.0
0.0
0.0
0.0
0.0
0.0
0.0
0.0
0.0
0.0
0.0
0.0
0.0
0.0
0.0
0.0
0.0
0.0
0.0
0.0
0.0
0.0
0.0
0.0
0.0
0.0
0.0
0.0
0.0
0.0
0.0
0.0
0.0
0.0
0.0
0.0
0.0
0.0
0.0
0.0
0.0
0.0
0.0
0.0
0.0
0.0
0.0
0.0
0.0
0.0
0.0
0.0
0.0
0.0
0.0
0.0
0.0
0.0
0.0
0.0
0.0
0.0
0.0
0.0
0.0
0.0
0.0
0.0
0.0
0.0
0.0
0.0
0.0
0.0
0.0
0.0
0.0
0.0
0.0
0.0
0.0
0.0
0.0
0.0
0.0
0.0
0.0
0.0
0.0
0.0
0.0
0.0
0.0
0.0
0.0
0.0
0.0
0.0
0.0
0.0
0.0
0.0
0.0
0.0
0.0
0.0
0.0
0.0
0.0
0.0
0.0
0.0
0.0
0.0
0.0
0.0
0.0
0.0
0.0
0.0
0.0
0.0
0.0
0.0
0.0
0.0
0.0
0.0
0.0
0.0
0.0
0.0
0.0
0.0
0.0
0.0
0.0
0.0
0.0
0.0
0.0
0.0
0.0
0.0
0.0
0.0
0.0
0.0
0.0
0.0
0.0
0.0
0.0
0.0
0.0
0.0
0.0
0.0
0.0
0.0
0.0
0.0
0.0
0.0
0.0
0.0
0.0
0.0
0.0
0.0
0.0
0.0
0.0
0.0
0.0
0.0
0.0
0.0
0.0
0.0
0.0
0.0
0.0
0.0
0.0
0.0
0.0
0.0
0.0
0.0
0.0
0.0
0.0
0.0
0.0
0.0
0.0
0.0
0.0
0.0
0.0
0.0
0.0
0.0
0.0
0.0
0.0
0.0
0.0
0.0
0.0
0.0
0.0
0.0
0.0
0.0
0.0
0.634
0.301
0.346
0.451
0.305
0.278
0.652
2.145
2.73
1.367
1.984
1.761
0.773
0.822
0.743
0.757
1.949
3.242
1.759
1.149
1.242
1.655
0.979
0.831
0.678
0.339
0.361
0.437
0.328
0.262
0.754
1.644
1.779
1.026
1.916
1.668
0.773
1.074
0.507
0.504
2.221
2.905
1.557
0.998
1.415
1.957
1.043
0.79
0.68
0.341
0.364
0.447
0.307
0.297
0.844
0.795
0.806
1.026
1.919
2.649
0.836
1.323
0.48
0.952
2.301
2.663
1.636
1.084
1.362
1.612
0.926
0.725
0.624
0.361
0.364
0.469
0.284
0.331
0.844
0.872
1.736
1.139
1.987
2.909
1.027
1.201
0.719
0.997
2.167
2.387
1.301
0.908
1.437
1.288
0.902
0.671
0.403
0.313
0.354
0.318
0.317
0.359
0.42
0.295
0.831
0.845
1.483
0.851
1.354
0.69
0.811
0.526
1.267
1.563
1.258
1.615
0.9
0.897
0.811
0.783
0.48
0.264
0.367
0.265
0.371
0.277
0.44
0.273
0.932
1.276
1.944
0.882
1.275
0.863
1.174
0.622
1.28
1.598
1.41
2.046
0.928
0.903
0.81
0.689
0.592
0.323
0.353
0.461
0.287
0.326
0.733
1.411
2.517
1.495
1.995
1.885
0.984
1.268
1.127
1.211
1.805
2.211
1.14
0.766
1.358
1.126
0.887
0.602
0.577
0.314
0.35
0.468
0.283
0.327
0.756
1.393
2.53
1.396
1.824
1.76
0.915
1.368
1.218
1.244
1.89
2.146
1.169
0.992
1.35
1.127
0.873
0.573
0.562
0.306
0.346
0.467
0.281
0.326
0.705
1.287
2.305
1.699
1.842
1.752
0.992
1.411
1.375
1.45
2.162
2.204
1.6
1.104
1.356
1.152
0.862
0.556
0.569
0.292
0.354
0.46
0.291
0.315
0.674
1.536
2.341
1.839
1.716
1.671
1.075
1.493
1.3
1.373
2.344
2.147
1.48
1.14
1.305
1.196
0.818
0.52
0.554
0.279
0.362
0.449
0.308
0.311
0.688
1.407
2.524
1.776
1.597
1.53
1.01
1.534
1.326
1.316
2.398
2.237
1.385
1.28
1.235
1.167
0.791
0.523
0.544
0.28
0.357
0.451
0.312
0.295
0.666
1.384
2.856
1.745
1.552
1.434
1.026
1.444
1.479
1.375
2.225
2.143
1.559
1.258
1.431
1.217
0.886
0.611
0.608
0.358
0.412
0.607
0.359
0.312
0.647
1.391
2.736
1.797
1.592
1.369
1.026
1.465
1.65
1.582
2.067
1.996
1.454
1.314
1.377
1.227
0.927
0.66
0.651
0.346
0.404
0.569
0.356
0.543
0.656
1.277
2.5
1.664
1.462
1.263
0.966
1.568
1.591
1.516
1.955
2.2
1.615
1.373
1.367
1.208
0.945
0.705
0.686
0.425
0.416
0.567
0.342
0.522
0.704
1.191
2.318
1.543
1.378
1.767
1.023
1.487
1.569
1.468
2.088
2.213
1.621
1.462
1.386
1.25
0.968
0.816
0.712
0.463
0.444
0.568
0.335
0.498
0.702
1.108
2.495
1.633
1.29
1.74
1.091
1.49
1.44
1.358
1.995
2.308
1.703
1.444
1.503
1.229
0.951
0.786
0.699
0.457
0.432
0.574
0.333
0.476
0.698
1.045
2.31
1.53
1.198
1.662
1.182
1.535
1.364
1.284
2.331
2.309
1.741
1.394
1.454
1.186
0.937
0.768
0.688
0.432
0.432
0.547
0.342
0.446
0.714
0.967
2.415
1.472
1.169
1.609
1.334
1.47
1.29
1.305
2.653
2.324
1.638
1.307
1.385
1.13
0.887
0.742
0.686
0.438
0.429
0.532
0.348
0.422
0.681
0.898
2.294
1.42
1.279
1.572
1.285
1.486
1.237
1.249
2.444
3.026
1.596
1.433
1.313
1.105
0.855
0.726
0.655
0.435
0.422
0.524
0.35
0.406
0.678
0.855
2.123
1.377
1.535
2.177
1.22
1.408
1.5
1.427
2.587
2.875
1.88
1.556
1.233
1.06
0.832
0.733
0.655
0.427
0.421
0.543
0.355
0.397
0.685
0.833
2.28
1.437
1.742
2.371
1.158
1.392
1.473
1.373
2.445
2.67
1.805
1.452
1.193
1.047
0.837
0.724
0.685
0.449
0.403
0.55
0.342
0.389
0.803
0.786
2.093
1.316
1.643
2.453
1.668
1.319
1.528
1.419
2.572
2.574
1.847
1.484
1.206
1.036
0.822
0.699
0.666
0.442
0.39
0.543
0.336
0.377
0.788
0.752
2.263
1.243
1.517
2.306
1.717
1.231
1.424
1.32
2.719
2.552
1.813
1.504
1.278
1.036
0.834
0.669
0.638
0.414
0.391
0.53
0.342
0.358
0.786
0.712
2.091
1.213
1.517
2.228
1.757
1.268
1.352
1.309
2.974
2.715
1.681
1.417
1.429
1.021
0.806
0.645
0.618
0.426
0.388
0.527
0.334
0.351
0.736
1.149
1.939
1.15
1.451
2.06
1.797
1.329
1.288
1.215
3.024
2.705
1.585
1.344
1.372
0.966
0.764
0.616
0.636
0.468
0.389
0.524
0.326
0.344
0.689
1.056
2.128
1.47
1.459
1.891
1.689
1.254
1.219
1.125
2.89
2.671
1.584
1.626
1.437
0.982
0.778
0.603
0.612
0.455
0.38
0.559
0.325
0.628
0.65
0.993
2.193
1.897
1.412
1.81
1.599
1.219
1.136
1.055
2.897
2.714
1.746
1.593
1.514
1.088
0.819
0.628
0.643
0.452
0.368
0.545
0.322
0.605
0.679
0.979
2.71
1.876
1.394
1.684
1.485
1.504
1.546
1.193
2.819
3.026
1.709
1.552
1.51
1.279
0.855
0.621
0.646
0.453
0.363
0.523
0.316
0.587
0.678
0.945
2.669
1.809
1.814
1.607
1.455
1.501
1.563
1.18
2.754
2.929
1.765
1.552
1.475
1.271
0.817
0.618
0.626
0.441
0.358
0.515
0.317
0.548
0.688
1.141
2.53
2.125
1.661
1.472
1.388
1.41
1.583
1.138
2.647
2.732
1.681
1.543
1.822
1.3
0.82
0.593
0.601
0.415
0.36
0.503
0.322
0.518
0.746
1.245
2.321
1.991
1.566
1.386
1.462
1.494
1.639
1.165
2.625
2.702
1.683
1.913
1.76
1.254
0.795
0.592
0.586
0.426
0.367
0.502
0.321
0.49
0.866
2.02
2.738
1.871
1.466
1.275
1.402
1.376
1.513
1.5
2.614
2.685
1.923
2.045
2.099
1.231
0.766
0.608
0.57
0.447
0.362
0.479
0.326
0.464
0.808
2.028
2.755
1.93
1.444
1.315
1.288
1.28
1.383
1.476
2.561
2.586
1.795
1.898
1.991
1.203
0.76
0.572
0.56
0.437
0.35
0.45
0.331
0.449
0.753
1.971
2.577
2.063
1.391
1.233
1.184
1.573
1.417
1.401
2.84
2.814
1.732
1.816
1.894
1.164
0.744
0.574
0.531
0.477
0.359
0.428
0.324
0.441
0.703
1.847
2.67
1.914
1.339
1.217
1.34
1.528
1.803
1.621
2.684
2.636
1.848
2.088
1.865
1.162
0.751
0.582
0.531
0.455
0.358
0.43
0.329
0.424
0.711
1.903
2.555
1.933
1.43
1.117
1.258
1.431
1.759
1.571
2.455
2.844
1.767
2.036
1.992
1.299
0.82
0.547
0.551
0.449
0.387
0.44
0.319
0.419
0.713
1.841
2.597
1.912
1.33
1.044
1.227
1.362
1.628
1.596
2.385
2.74
1.79
2.447
2.126
1.403
0.855
0.56
0.597
0.452
0.385
0.415
0.324
0.421
0.782
1.942
2.895
2.646
1.326
1.186
1.173
1.308
1.57
1.526
2.192
2.496
1.637
2.235
1.975
1.395
0.858
0.546
0.572
0.42
0.387
0.387
0.325
0.413
0.862
1.895
2.712
2.566
1.337
1.233
1.251
1.23
1.477
1.596
2.271
2.544
1.535
2.094
2.218
1.438
0.843
0.541
0.576
0.413
0.377
0.407
0.305
0.404
0.805
1.783
3.092
2.71
1.341
1.165
1.247
1.161
1.372
1.615
2.246
2.578
1.605
2.107
2.083
1.4
0.816
0.526
0.557
0.406
0.364
0.544
0.289
0.399
0.756
1.638
2.88
2.846
1.263
1.197
1.689
1.238
1.329
1.695
2.084
2.557
1.704
2.054
2.021
1.363
0.761
0.519
0.546
0.433
0.372
0.537
0.289
0.378
0.718
1.637
2.648
3.831
1.505
1.393
1.66
1.214
1.251
1.577
1.952
2.451
1.8
2.174
2.035
1.36
0.743
0.517
0.524
0.419
0.356
0.552
0.272
0.379
0.727
1.502
2.942
3.485
1.465
1.35
1.633
1.172
1.209
1.483
1.979
2.463
1.751
2.077
1.948
1.304
0.72
0.561
0.517
0.441
0.334
0.563
0.265
0.383
0.958
1.406
2.679
3.386
1.797
1.285
1.567
1.149
1.17
1.393
2.063
2.399
2.479
2.106
1.873
1.27
0.733
0.566
0.509
0.467
0.314
0.561
0.256
0.378
0.958
1.401
2.851
3.114
1.647
1.178
1.551
1.18
1.138
1.293
2.188
2.41
2.348
2.168
1.925
1.266
0.742
0.563
0.498
0.451
0.305
0.552
0.249
0.875
0.949
1.448
2.607
2.847
1.525
1.093
1.471
1.118
1.054
1.348
2.019
2.264
2.275
2.089
2.124
1.273
0.778
0.59
0.532
0.434
0.31
0.524
0.255
0.821
0.91
1.587
2.911
2.843
1.462
1.116
1.566
1.816
1.037
1.314
1.887
2.134
2.731
2.014
2.161
1.228
0.797
0.614
0.562
0.436
0.337
0.511
0.274
0.78
0.857
1.52
2.836
2.672
1.38
1.088
1.496
2.285
0.993
1.272
1.887
2.448
2.555
1.894
1.997
1.144
0.767
0.602
0.561
0.437
0.338
0.48
0.282
0.72
0.808
1.744
2.997
2.577
1.379
1.042
1.413
2.574
1.114
1.203
1.841
2.436
2.434
1.803
1.894
1.096
0.753
0.584
0.544
0.412
0.339
0.476
0.276
0.68
0.879
1.609
3.042
2.462
1.294
0.996
1.341
2.532
1.258
1.274
2.033
2.549
2.702
1.897
1.807
1.076
0.734
0.566
0.513
0.407
0.327
0.485
0.272
0.637
0.865
1.483
2.797
2.26
1.214
0.939
1.408
2.411
1.182
1.308
2.034
2.42
2.834
1.864
1.938
1.056
0.734
0.547
0.495
0.388
0.331
0.468
0.278
0.594
0.881
1.413
2.578
2.068
1.122
1.035
1.408
2.245
1.094
1.245
2.174
2.376
2.722
2.139
1.886
1.037
0.729
0.542
0.495
0.403
0.32
0.472
0.273
0.563
0.953
1.382
2.353
1.905
1.033
0.972
1.291
2.098
1.058
1.222
2.393
2.322
2.539
2.724
2.321
1.048
0.719
0.548
0.487
0.387
0.32
0.462
0.28
0.568
0.951
1.339
2.473
2.144
1.023
0.911
1.417
2.363
0.993
1.187
2.236
2.427
2.504
2.547
2.215
1.037
0.736
0.549
0.491
0.372
0.321
0.475
0.344
0.535
0.892
1.239
2.421
2.32
1.023
0.902
1.31
2.417
1.094
1.149
2.154
2.631
2.467
2.486
2.454
1.089
0.791
0.576
0.494
0.402
0.347
0.494
0.359
0.579
0.893
1.558
2.61
2.82
1.133
1.289
1.346
2.265
1.083
1.098
2.247
2.677
2.33
2.345
2.445
1.066
0.769
0.591
0.489
0.413
0.355
0.527
0.365
0.567
0.927
1.449
2.406
2.582
1.069
1.206
1.262
2.109
1.032
1.044
2.3
2.746
2.312
2.237
2.337
1.12
0.837
0.592
0.485
0.421
0.357
0.543
0.372
0.555
0.956
1.803
2.232
2.376
0.995
1.136
1.185
1.982
0.992
1.182
2.492
2.766
2.654
2.247
2.545
1.101
0.799
0.607
0.494
0.409
0.349
0.539
0.36
0.536
0.938
1.687
2.307
2.226
0.969
1.371
1.151
1.892
1.064
1.332
2.539
2.954
2.547
2.229
2.498
1.196
0.762
0.589
0.474
0.402
0.341
0.536
0.351
0.56
1.075
1.557
2.246
2.051
0.911
1.254
1.137
1.929
1.015
1.234
2.351
2.859
2.605
2.169
2.707
1.23
0.765
0.602
0.489
0.388
0.344
0.536
0.345
0.905
1.08
2.053
2.283
1.887
0.855
1.164
1.133
1.806
1.044
1.327
2.199
2.743
2.506
2.069
2.552
1.191
0.77
0.614
0.512
0.391
0.333
0.523
0.332
0.895
1.048
1.93
2.755
1.889
0.812
1.079
1.494
2.041
1.223
1.406
2.287
2.747
2.416
2.26
2.564
1.321
0.833
0.595
0.501
0.397
0.331
0.518
0.323
0.841
0.976
1.765
2.511
1.777
1.103
1.643
1.571
1.875
1.129
1.428
2.117
2.519
2.613
2.19
2.454
1.308
0.819
0.583
0.486
0.381
0.336
0.517
0.322
0.787
0.984
1.65
2.634
1.672
1.024
1.515
1.53
1.908
1.048
1.369
2.153
2.561
2.478
2.194
2.386
1.265
0.768
0.561
0.47
0.371
0.33
0.516
0.321
1.04
1.031
1.604
2.43
1.569
0.965
1.387
1.443
2.115
1.115
1.338
2.069
2.465
2.879
2.294
2.441
1.26
0.772
0.591
0.514
0.419
0.323
0.525
0.311
0.96
1.046
1.477
2.464
1.494
1.012
1.332
1.4
2.138
1.087
1.28
2.17
2.561
2.699
2.339
2.281
1.22
0.746
0.577
0.494
0.4
0.329
0.516
0.316
0.979
1.117
1.36
2.28
1.684
1.071
1.223
1.298
2.099
1.066
1.332
2.008
2.523
2.758
2.36
2.598
1.199
0.712
0.553
0.482
0.392
0.327
0.52
0.312
0.91
1.267
1.359
2.402
1.892
1.1
1.148
1.259
1.942
1.007
1.268
1.861
2.42
2.65
2.568
2.499
1.168
0.707
0.537
0.459
0.381
0.326
0.491
0.32
0.852
1.197
1.251
2.291
2.296
1.081
1.07
1.223
1.857
0.987
1.221
1.76
2.357
2.683
2.437
2.397
1.192
0.747
0.562
0.439
0.388
0.329
0.524
0.322
0.815
1.15
1.204
2.433
2.348
1.655
1.33
1.296
1.911
1.089
1.365
2.036
2.515
2.936
2.476
2.357
1.142
0.717
0.565
0.43
0.383
0.33
0.523
0.322
0.842
1.215
1.122
2.235
2.172
1.528
1.226
1.224
1.837
1.022
1.285
1.999
2.406
2.936
2.473
2.344
1.361
0.862
0.555
0.422
0.373
0.333
0.52
0.325
0.779
1.168
1.05
2.375
2.047
1.403
1.174
1.321
1.767
1.035
1.532
2.219
2.539
2.836
2.487
2.692
1.333
0.885
0.56
0.419
0.371
0.343
0.501
0.349
0.743
1.157
0.992
2.399
1.879
1.296
1.085
1.27
1.686
1.0
1.435
2.293
2.679
2.808
2.508
2.538
1.506
0.853
0.541
0.4
0.369
0.337
0.497
0.346
0.816
1.33
0.946
2.208
1.738
1.195
1.013
1.173
1.597
0.938
1.334
2.325
3.136
2.653
2.476
2.438
1.765
0.836
0.528
0.395
0.366
0.339
0.474
0.345
1.289
1.357
0.899
2.016
1.596
1.159
1.031
1.103
1.496
0.902
1.261
2.177
2.895
2.467
2.309
2.404
1.944
0.793
0.494
0.384
0.351
0.331
0.458
0.327
1.199
1.272
0.831
1.865
2.051
1.194
1.217
1.327
1.881
0.926
1.238
2.474
2.799
2.35
2.227
2.286
1.866
0.808
0.502
0.373
0.352
0.332
0.431
0.327
1.117
1.187
1.11
1.712
1.92
1.12
1.124
1.223
1.885
0.968
1.357
2.551
2.762
2.378
2.176
2.266
1.864
0.813
0.477
0.363
0.342
0.327
0.412
0.324
1.037
1.138
1.034
1.997
1.771
1.035
1.097
1.188
1.866
0.96
1.351
2.527
2.661
2.286
2.095
2.143
1.733
0.758
0.465
0.347
0.339
0.315
0.399
0.316
1.029
1.294
0.959
1.828
1.63
1.001
1.089
1.255
1.955
1.091
1.521
2.419
2.541
2.266
2.003
2.39
1.667
0.735
0.449
0.339
0.327
0.313
0.385
0.308
0.969
1.219
0.938
2.064
1.528
0.935
1.018
1.278
1.942
1.035
1.439
2.601
2.418
2.253
1.939
2.407
1.654
0.721
0.459
0.337
0.321
0.308
0.376
0.3
0.917
1.206
0.878
1.916
1.414
0.909
0.951
1.177
1.787
0.957
1.513
2.686
2.272
2.206
1.859
2.669
1.619
0.73
0.439
0.331
0.312
0.305
0.361
0.297
0.861
1.189
1.099
2.015
1.388
0.84
0.886
1.085
1.635
0.889
1.396
2.521
2.238
2.128
1.801
2.511
1.556
0.756
0.452
0.327
0.306
0.303
0.348
0.293
0.822
1.113
1.089
2.482
2.131
0.839
0.861
1.154
1.706
0.889
1.346
2.354
2.396
2.134
1.698
2.309
1.466
0.74
0.454
0.314
0.302
0.297
0.339
0.31
0.781
1.085
1.044
2.299
1.985
0.822
0.854
1.106
1.616
0.949
1.431
2.577
2.384
2.012
1.613
2.229
1.407
0.73
0.44
0.314
0.295
0.295
0.324
0.313
0.742
1.021
0.967
2.222
1.935
0.881
1.234
1.297
1.535
0.955
1.342
2.44
2.427
2.331
1.602
2.111
1.46
0.732
0.569
0.322
0.292
0.294
0.316
0.308
0.689
0.971
0.944
2.123
2.032
0.828
1.204
1.336
1.536
0.919
1.367
2.514
2.507
2.259
1.61
2.022
1.865
0.852
0.676
0.336
0.295
0.302
0.309
0.309
0.655
0.916
0.904
1.933
1.919
0.848
1.309
1.603
1.571
0.97
1.386
2.405
2.561
2.243
1.587
1.969
1.927
0.897
0.716
0.333
0.297
0.305
0.304
0.31
0.616
0.989
1.07
1.846
2.13
1.081
1.437
1.535
1.616
1.149
1.278
2.402
2.618
2.127
1.662
1.91
1.893
0.902
0.714
0.342
0.307
0.3
0.317
0.304
0.597
0.94
1.142
1.927
1.988
1.013
1.33
1.442
1.565
1.416
1.257
2.273
2.623
2.24
1.626
1.857
1.784
0.881
0.696
0.38
0.306
0.311
0.317
0.44
0.569
0.895
1.076
1.761
2.299
1.133
1.361
1.376
1.504
1.773
1.31
2.278
2.623
2.312
1.741
1.909
1.811
0.903
0.737
0.427
0.363
0.298
0.323
0.415
0.544
0.827
1.0
1.667
2.412
1.148
1.442
1.34
1.666
1.992
1.494
2.469
2.642
2.406
1.642
1.76
1.739
0.921
0.74
0.472
0.35
0.304
0.317
0.429
0.516
0.79
1.125
1.535
2.523
1.101
1.334
1.242
1.565
1.834
1.387
2.275
2.719
2.438
1.823
1.828
1.682
0.892
0.72
0.452
0.347
0.307
0.308
0.439
0.487
0.762
1.131
1.448
2.319
1.032
1.22
1.157
1.427
1.952
1.405
2.271
2.592
2.382
1.744
1.72
2.115
0.884
0.711
0.44
0.35
0.3
0.313
0.444
0.462
0.74
1.123
1.6
2.332
1.015
1.145
1.093
1.44
2.016
1.385
2.111
2.67
2.503
1.706
1.971
2.311
1.017
0.695
0.443
0.338
0.301
0.31
0.441
0.454
0.715
1.118
1.48
2.145
0.975
1.064
1.013
1.472
1.895
1.286
1.991
2.442
2.427
1.808
1.995
2.522
1.104
0.704
0.428
0.342
0.296
0.303
0.452
0.441
0.911
1.083
1.514
2.54
1.088
1.025
1.055
1.372
1.81
1.235
1.912
2.334
2.336
1.802
1.949
2.453
1.134
0.693
0.449
0.339
0.288
0.334
0.428
0.446
0.877
1.021
1.381
2.358
1.528
1.135
1.009
1.314
1.767
1.163
1.972
2.327
2.624
1.907
1.894
2.344
1.374
0.733
0.472
0.348
0.286
0.336
0.434
0.419
0.845
1.03
1.368
2.18
1.893
1.225
2.076
1.498
1.735
1.433
2.089
2.546
2.697
2.254
1.827
2.361
1.472
0.829
0.447
0.346
0.286
0.329
0.444
0.401
0.808
1.172
1.271
2.013
1.758
1.133
1.89
1.52
1.721
1.33
1.945
2.506
2.733
2.7
1.948
2.394
1.551
0.779
0.436
0.341
0.289
0.318
0.46
0.427
0.776
1.138
1.619
1.921
1.631
1.066
1.771
1.476
1.664
1.293
2.151
2.419
2.686
2.729
1.909
2.545
1.498
0.777
0.436
0.334
0.287
0.32
0.458
0.424
0.738
1.136
1.491
1.774
1.623
1.224
1.791
1.376
1.587
1.262
2.036
2.568
2.712
2.572
1.927
2.429
1.434
0.85
0.426
0.337
0.281
0.323
0.455
0.414
0.704
1.251
1.725
1.693
1.5
1.125
1.651
1.31
1.541
1.183
1.861
2.685
2.599
2.534
2.008
2.376
1.543
0.882
0.416
0.333
0.277
0.325
0.451
0.409
0.673
1.226
1.591
1.599
1.4
1.054
1.557
1.234
1.489
1.13
1.741
2.64
2.509
2.705
1.934
2.261
1.953
0.887
0.421
0.328
0.291
0.318
0.447
0.417
0.656
1.15
1.463
1.501
1.357
1.027
1.48
1.264
1.53
1.595
2.046
2.62
2.781
2.601
2.078
2.138
1.846
0.873
0.432
0.33
0.327
0.319
0.482
0.399
0.914
1.092
1.367
1.519
1.326
1.008
1.419
1.356
1.488
1.629
2.036
2.607
2.659
2.654
2.065
2.108
1.811
0.812
0.428
0.317
0.325
0.312
0.483
0.383
0.873
1.079
1.806
1.444
1.228
0.942
1.306
1.272
1.387
1.498
1.872
2.712
2.717
2.683
2.135
2.279
1.71
0.758
0.421
0.302
0.328
0.304
0.492
0.369
0.828
1.375
1.666
1.353
1.204
0.88
1.219
1.302
1.359
1.409
1.734
2.603
2.587
2.496
2.07
2.788
1.635
0.752
0.439
0.372
0.353
0.3
0.492
0.35
0.798
1.324
1.537
1.268
1.112
0.936
1.173
1.247
1.463
1.52
1.785
2.936
2.464
2.502
2.014
2.674
1.589
0.721
0.421
0.36
0.356
0.287
0.504
0.337
0.773
1.511
1.808
1.239
1.042
0.873
1.091
1.157
1.604
1.452
1.636
2.869
2.423
2.521
2.078
2.607
1.529
0.712
0.457
0.381
0.393
0.281
0.506
0.32
0.759
1.551
1.749
1.366
1.041
0.833
1.256
1.401
1.536
1.402
1.533
2.936
2.615
3.108
2.013
2.427
1.452
0.69
0.446
0.365
0.392
0.272
0.496
0.314
0.731
1.548
1.785
1.345
1.418
1.52
1.229
1.329
1.437
1.35
1.445
2.774
2.845
2.977
2.044
2.341
1.422
0.733
0.468
0.36
0.379
0.275
0.471
0.311
0.917
1.741
1.667
1.238
1.309
1.775
1.282
1.485
1.344
1.245
1.777
2.752
2.775
3.024
2.19
2.212
1.385
0.781
0.473
0.399
0.423
0.277
0.477
0.306
1.127
1.697
1.538
1.168
1.226
1.62
1.193
1.385
1.287
1.156
1.636
2.894
2.819
2.848
2.096
2.088
1.347
0.74
0.464
0.382
0.404
0.288
0.461
0.315
1.059
1.734
1.478
1.649
1.19
1.554
1.167
1.306
1.235
1.085
1.594
3.0
2.78
2.851
2.114
2.084
1.365
0.713
0.459
0.364
0.398
0.283
0.461
0.305
1.009
1.609
1.597
1.739
1.158
1.522
1.105
1.248
1.183
1.043
1.511
2.949
2.806
2.769
2.073
2.111
1.337
0.68
0.443
0.36
0.376
0.29
0.461
0.291
0.958
1.681
1.539
1.966
1.08
1.402
1.027
1.187
1.242
0.981
1.388
2.786
2.734
2.569
2.051
2.103
1.277
0.677
0.417
0.348
0.377
0.281
0.45
0.285
1.104
1.739
2.011
1.885
1.039
1.322
1.069
1.293
1.18
0.913
1.311
2.687
2.683
2.411
1.93
1.958
1.245
0.701
0.43
0.352
0.375
0.294
0.447
0.311
1.046
1.618
1.954
1.896
1.065
1.279
1.057
2.284
1.321
1.046
1.351
2.753
2.911
2.303
1.865
1.879
1.391
0.723
0.434
0.35
0.37
0.3
0.438
0.297
1.086
1.927
1.869
1.748
0.985
1.175
0.995
2.084
1.216
0.969
1.291
2.69
2.845
2.86
2.263
2.133
1.377
0.687
0.415
0.342
0.362
0.292
0.436
0.302
1.02
1.873
1.752
1.626
0.929
1.089
0.933
2.016
1.203
0.928
1.339
2.712
2.886
2.691
2.208
2.3
1.332
0.658
0.409
0.344
0.348
0.284
0.452
0.288
0.957
1.807
1.637
1.548
0.873
1.006
0.867
1.861
1.326
1.025
1.37
2.731
3.06
2.916
2.053
2.703
1.378
0.731
0.402
0.328
0.353
0.276
0.455
0.297
0.898
1.824
1.544
1.518
1.314
0.966
0.853
1.792
1.278
1.096
1.533
2.841
3.003
2.894
2.106
2.544
1.414
0.729
0.394
0.324
0.352
0.266
0.459
0.298
0.843
1.747
1.464
1.429
1.211
0.914
1.035
1.824
1.34
1.084
1.406
2.782
2.927
2.866
2.027
3.256
1.374
0.738
0.373
0.325
0.34
0.266
0.466
0.29
1.101
1.701
1.522
1.747
1.14
0.866
0.957
1.661
1.315
1.035
1.362
2.822
3.066
2.856
2.084
3.099
1.28
1.475
0.415
0.335
0.336
0.271
0.449
0.302
1.034
1.63
1.425
2.252
1.25
0.86
0.952
1.726
1.809
1.446
1.861
3.081
3.164
2.648
2.028
2.886
1.238
1.412
0.436
0.354
0.389
0.327
0.466
0.308
0.991
1.521
1.327
2.056
1.171
0.813
0.917
1.638
1.727
1.659
1.949
3.032
2.993
2.865
2.061
2.837
1.331
1.302
0.417
0.351
0.368
0.324
0.47
0.309
0.93
1.538
1.253
2.379
1.195
0.762
0.862
1.506
1.752
1.535
1.788
3.237
3.057
2.9
2.343
2.774
1.284
1.23
0.394
0.353
0.354
0.315
0.479
0.295
0.899
1.492
1.186
2.209
1.231
0.732
0.797
1.485
1.652
1.425
1.821
3.258
2.908
2.871
2.225
2.746
1.312
1.317
0.39
0.347
0.344
0.316
0.472
0.293
0.856
1.461
1.134
2.154
1.566
0.724
0.763
1.394
1.559
1.361
1.716
3.328
2.909
2.687
2.146
2.997
1.287
1.223
0.378
0.343
0.333
0.317
0.473
0.287
0.822
1.438
1.056
1.987
1.461
0.672
0.718
1.322
1.435
1.267
1.642
3.733
2.968
2.508
2.057
3.709
1.347
1.173
0.37
0.334
0.324
0.32
0.46
0.295
1.036
1.391
1.137
2.141
1.354
0.642
0.716
1.501
1.558
1.183
1.504
3.519
3.028
2.91
1.97
3.414
1.304
1.142
0.387
0.331
0.334
0.31
0.443
0.295
1.002
1.338
1.051
2.098
1.65
0.674
0.776
1.434
1.428
1.17
1.474
3.458
3.261
2.86
1.927
3.282
1.289
1.177
0.457
0.345
0.345
0.317
0.42
0.295
0.954
1.253
1.026
2.554
2.321
1.197
0.73
1.335
1.319
1.078
1.362
3.24
3.082
2.794
2.477
3.147
1.288
1.135
0.452
0.334
0.335
0.31
0.439
0.291
0.9
1.256
0.969
2.375
2.13
1.104
0.684
1.434
1.523
1.022
1.343
3.122
3.286
2.673
2.571
3.092
1.264
1.054
0.439
0.324
0.336
0.305
0.433
0.292
0.938
1.264
0.935
2.189
2.0
1.449
0.65
1.47
1.499
1.098
1.368
3.115
3.305
2.632
2.567
3.05
1.271
0.999
0.448
0.324
0.326
0.299
0.44
0.286
0.885
1.341
0.904
2.029
1.86
1.402
0.705
1.518
1.484
1.111
2.198
3.429
3.205
2.77
2.455
2.886
1.318
0.95
0.437
0.323
0.321
0.288
0.444
0.287
0.83
1.268
1.07
2.034
2.217
1.339
0.698
1.527
1.409
1.36
2.164
3.475
3.193
3.334
2.38
2.737
1.279
0.93
0.443
0.327
0.317
0.279
0.45
0.293
0.787
1.189
1.381
2.026
2.063
1.329
0.776
1.5
1.336
1.285
2.061
3.264
3.121
3.391
2.524
2.617
1.297
0.96
0.431
0.316
0.325
0.287
0.427
0.305
0.752
1.125
1.264
1.88
2.08
1.38
0.825
1.373
1.232
1.589
2.215
3.543
3.139
3.2
2.956
2.769
1.328
1.06
0.53
0.317
0.33
0.293
0.407
0.298
0.73
1.248
1.567
1.798
2.133
1.317
1.013
1.315
1.343
1.929
2.49
3.997
3.149
3.282
2.789
2.629
1.423
1.051
0.524
0.302
0.333
0.287
0.425
0.291
0.702
1.234
1.487
1.692
2.508
1.299
0.951
1.23
1.334
1.765
2.304
3.919
3.033
3.043
2.648
2.599
1.552
1.028
0.512
0.303
0.323
0.283
0.432
0.3
0.671
1.217
1.388
1.815
2.284
1.28
0.895
1.195
1.361
1.669
2.164
3.994
3.134
2.896
3.046
2.607
1.519
0.959
0.491
0.3
0.316
0.294
0.433
0.293
0.653
1.186
1.335
1.747
2.266
1.228
0.933
1.186
1.372
1.577
1.985
3.959
3.167
2.703
2.944
2.453
1.466
0.904
0.471
0.287
0.32
0.287
0.439
0.301
0.632
1.27
1.308
1.861
2.134
1.222
0.984
1.246
1.455
1.582
1.918
3.861
3.174
2.64
2.963
2.426
1.476
1.131
0.521
0.352
0.323
0.282
0.42
0.291
0.666
1.255
1.211
1.954
2.449
1.814
1.007
1.896
2.179
2.394
1.998
3.624
3.118
2.676
2.855
2.404
1.624
1.17
0.561
0.415
0.345
0.282
0.421
0.294
0.645
1.191
1.142
1.98
2.926
1.875
1.184
1.836
2.107
2.262
1.916
3.381
3.687
2.741
2.673
2.293
1.586
1.144
0.566
0.402
0.352
0.286
0.417
0.288
0.637
1.343
1.282
2.634
3.038
2.039
1.569
2.461
2.6
2.752
1.975
3.286
3.535
2.774
2.632
2.185
1.521
1.126
0.694
0.425
0.352
0.288
0.399
0.28
0.624
1.252
1.227
2.562
2.892
1.951
1.571
2.328
2.426
2.521
1.854
3.28
3.715
3.751
2.702
2.248
1.489
1.089
0.687
0.408
0.339
0.292
0.399
0.279
0.612
1.172
1.14
2.496
2.87
1.841
1.854
2.557
2.412
2.408
1.769
3.254
3.704
3.52
2.545
2.247
1.464
1.123
0.718
0.404
0.33
0.347
0.402
0.276
0.596
1.105
1.228
2.971
2.679
1.726
1.802
2.393
2.227
2.221
1.648
3.351
3.69
3.324
2.499
2.138
1.397
1.075
0.681
0.396
0.318
0.347
0.417
0.273
0.573
1.081
1.137
2.709
2.605
1.652
2.724
2.487
2.363
2.361
1.937
3.47
3.764
3.118
2.357
1.973
1.318
1.023
0.728
0.641
0.382
0.368
0.426
0.282
0.562
1.024
1.082
2.511
2.402
1.583
2.497
3.061
2.296
2.214
1.891
3.335
3.554
3.113
2.377
1.983
1.31
1.015
0.735
0.666
0.411
0.407
0.416
0.302
0.594
0.969
0.99
2.326
2.85
1.584
2.305
3.109
2.552
2.478
2.004
3.234
3.728
3.19
2.253
2.034
1.419
0.998
0.748
0.668
0.395
0.39
0.41
0.289
0.585
0.96
0.939
2.152
2.663
1.689
2.502
2.906
2.91
2.411
1.848
2.962
3.424
2.914
2.065
1.882
1.423
0.97
0.73
0.642
0.376
0.374
0.407
0.295
0.58
1.063
0.883
1.995
2.458
1.555
2.268
2.732
2.78
2.241
1.779
2.967
3.398
2.779
2.018
1.851
1.393
0.995
0.765
0.657
0.392
0.37
0.425
0.28
0.562
1.064
1.293
2.07
2.238
1.43
2.058
2.499
2.636
2.127
1.712
3.323
3.508
2.922
1.992
1.927
1.411
1.055
0.749
0.628
0.376
0.356
0.437
0.275
0.546
1.099
1.202
1.901
2.162
1.39
2.036
2.355
2.857
2.042
1.657
3.532
3.56
2.74
1.906
1.917
1.424
1.076
0.75
0.596
0.376
0.345
0.454
0.314
0.541
1.064
1.195
2.03
2.06
1.385
2.346
2.5
3.003
1.966
1.712
4.007
3.466
2.611
1.996
1.883
1.46
1.234
0.789
0.576
0.369
0.339
0.433
0.348
0.536
1.014
1.206
2.38
2.104
1.493
2.162
2.522
2.877
1.889
1.586
3.679
3.274
2.452
1.937
1.844
1.457
1.184
0.762
0.558
0.36
0.322
0.415
0.382
0.561
0.98
1.133
2.336
1.989
1.451
2.016
2.506
2.808
1.762
1.521
3.671
3.336
2.73
1.907
1.781
1.412
1.173
0.755
0.548
0.348
0.31
0.417
0.384
0.59
0.997
1.488
2.221
2.423
1.745
1.851
2.302
2.872
1.811
1.766
4.16
3.141
2.947
1.823
1.745
1.405
1.191
0.809
0.574
0.381
0.31
0.42
0.368
0.586
1.0
1.366
2.05
2.28
1.716
1.894
2.207
2.914
1.87
1.674
4.006
3.166
2.85
1.794
1.716
1.383
1.189
0.8
0.557
0.367
0.294
0.416
0.384
0.563
0.982
1.256
2.536
2.122
1.572
1.731
2.043
3.05
1.885
1.618
3.958
3.22
2.832
1.701
1.661
1.421
1.143
0.75
0.528
0.364
0.297
0.419
0.373
0.557
1.149
1.323
2.457
1.954
1.445
1.603
1.945
2.893
1.811
1.539
4.102
3.094
2.605
1.7
1.686
1.354
1.077
0.69
0.512
0.351
0.288
0.435
0.355
0.546
1.121
1.238
2.282
1.806
1.329
1.839
2.072
2.85
1.748
1.598
4.198
3.054
2.618
1.711
1.663
1.316
1.0
0.64
0.491
0.335
0.285
0.447
0.339
0.53
1.075
1.814
2.289
1.689
1.223
1.686
1.996
2.728
1.724
1.562
3.867
2.883
2.453
1.651
1.588
1.279
0.974
0.624
0.482
0.33
0.296
0.423
0.328
0.536
1.046
1.692
2.8
1.64
1.345
1.936
1.865
2.489
1.58
1.647
3.851
2.739
2.271
1.533
1.51
1.237
0.993
0.664
0.493
0.321
0.285
0.419
0.327
0.52
0.994
1.562
2.812
1.576
1.589
1.919
1.702
2.264
1.454
1.791
3.77
2.577
2.116
1.444
1.894
1.188
0.954
0.624
0.474
0.313
0.284
0.411
0.313
0.55
0.976
1.425
2.552
1.485
1.658
2.087
1.76
2.102
1.395
1.893
3.561
2.641
2.441
1.637
1.857
1.286
1.048
0.641
0.478
0.315
0.281
0.387
0.308
0.585
1.004
1.335
2.358
1.61
1.969
2.011
1.696
2.046
1.465
1.877
3.66
2.51
2.279
1.56
2.322
1.273
0.994
0.643
0.475
0.312
0.281
0.362
0.311
0.582
1.011
1.252
2.201
1.947
2.014
1.918
1.592
2.037
1.493
1.714
3.833
2.495
2.124
1.497
2.196
1.275
0.984
0.642
0.454
0.313
0.285
0.34
0.305
0.572
1.367
1.221
2.034
1.842
1.919
1.815
1.54
1.897
1.505
1.808
3.707
2.604
2.08
1.414
2.505
1.241
0.955
0.605
0.439
0.307
0.278
0.339
0.292
0.557
1.293
1.45
1.96
2.158
2.025
1.728
1.416
1.931
1.447
1.696
3.498
2.734
1.974
1.366
2.363
1.216
0.922
0.569
0.43
0.296
0.269
0.331
0.294
0.542
1.239
1.625
2.02
2.096
1.925
1.864
1.536
2.129
2.502
1.729
3.276
2.909
1.961
1.496
2.232
1.185
1.036
0.689
0.418
0.294
0.264
0.337
0.284
0.531
1.188
1.988
1.932
2.016
2.008
1.741
1.741
1.965
2.277
1.591
3.368
2.76
1.845
1.444
2.172
1.253
1.082
0.659
0.405
0.3
0.264
0.324
0.27
0.565
1.321
1.87
2.224
1.916
1.848
1.633
1.667
2.175
2.255
1.634
3.3
2.717
1.776
1.596
2.047
1.206
1.033
0.626
0.387
0.305
0.259
0.308
0.262
0.555
1.656
1.92
2.054
1.871
1.778
1.725
1.731
2.121
2.086
1.849
3.347
2.795
2.004
1.538
1.995
1.172
0.967
0.614
0.38
0.312
0.249
0.305
0.269
0.547
1.596
1.799
1.951
1.963
2.145
1.62
1.65
2.043
1.986
1.775
3.463
2.796
2.145
1.684
1.886
1.152
0.926
0.578
0.371
0.298
0.255
0.299
0.263
0.553
1.692
1.707
2.243
2.031
2.131
1.584
1.589
1.954
1.975
1.802
3.25
2.824
1.995
1.575
2.199
1.115
0.872
0.536
0.371
0.288
0.252
0.304
0.254
0.534
1.62
1.654
2.278
2.359
2.253
1.788
1.604
1.873
1.879
1.786
3.138
2.693
1.908
1.526
2.084
1.094
0.88
0.519
0.373
0.281
0.259
0.302
0.249
0.525
1.54
1.511
2.345
2.95
2.179
1.668
1.625
1.998
1.941
1.793
3.121
2.744
1.829
1.443
1.905
1.028
0.82
0.498
0.508
0.345
0.267
0.304
0.243
0.506
1.426
1.43
2.548
3.122
2.195
1.625
1.505
1.82
1.772
1.657
2.976
2.811
1.803
2.043
1.882
1.04
0.948
0.542
0.486
0.33
0.261
0.292
0.239
0.594
1.388
1.359
2.675
2.971
2.438
1.537
1.408
1.747
1.639
1.601
3.077
2.844
1.803
2.189
1.976
1.096
0.899
0.513
0.46
0.335
0.255
0.283
0.234
0.592
1.392
1.438
2.478
2.784
2.444
1.505
1.356
1.667
1.639
1.817
3.171
2.851
1.821
2.189
2.427
1.2
0.878
0.504
0.436
0.333
0.252
0.287
0.234
0.581
1.344
1.442
2.61
3.103
2.375
1.381
1.512
1.623
1.596
1.769
3.367
2.898
1.816
2.227
2.376
1.163
0.847
0.486
0.428
0.321
0.248
0.292
0.239
0.567
1.314
1.386
2.408
2.939
2.344
1.445
1.43
1.509
1.533
1.782
3.534
2.829
1.734
2.098
2.769
1.135
0.815
0.469
0.417
0.311
0.242
0.296
0.245
0.55
1.23
1.496
2.623
2.983
2.191
1.363
1.363
1.499
1.611
1.663
3.269
2.632
1.649
2.019
2.659
1.123
0.778
0.451
0.399
0.297
0.232
0.294
0.25
0.532
1.156
1.631
3.074
2.748
2.052
1.397
1.298
1.425
1.498
1.542
3.042
2.969
1.707
2.014
2.473
1.107
0.774
0.436
0.398
0.29
0.231
0.288
0.255
0.523
1.092
1.489
2.873
2.538
2.12
1.352
1.756
1.552
1.398
1.52
2.866
3.018
2.076
2.039
2.4
1.175
0.909
0.433
0.398
0.299
0.229
0.306
0.251
0.526
1.088
1.423
2.847
2.351
1.945
1.24
1.639
1.671
1.432
1.58
3.078
3.002
2.281
2.167
2.405
1.308
0.926
0.431
0.378
0.289
0.224
0.331
0.246
0.521
1.104
1.327
2.641
2.153
1.792
1.151
1.546
1.801
1.531
1.503
2.835
2.836
2.295
2.186
2.538
1.276
1.111
0.442
0.36
0.298
0.236
0.351
0.238
0.508
1.056
1.475
2.424
1.989
1.635
1.061
1.664
1.899
1.56
1.418
2.87
3.011
2.245
2.319
2.569
1.666
1.046
0.543
0.355
0.29
0.231
0.366
0.255
0.537
1.053
1.554
2.213
1.824
1.511
0.992
1.562
1.762
1.476
1.339
2.876
2.927
2.161
2.36
2.417
1.608
0.986
0.506
0.342
0.297
0.232
0.383
0.249
0.631
1.083
1.466
2.113
1.736
1.457
0.974
1.466
1.691
1.38
1.248
2.73
2.972
2.178
2.304
2.284
1.519
0.966
0.519
0.345
0.294
0.235
0.388
0.251
0.614
1.036
1.429
2.07
1.692
1.427
1.139
1.404
1.582
1.286
1.193
2.829
3.789
2.279
2.636
2.287
1.457
0.995
0.552
0.335
0.307
0.243
0.373
0.251
0.606
1.026
1.488
2.456
1.816
1.337
1.05
1.547
1.656
1.283
1.202
2.604
3.531
2.137
2.443
2.139
1.354
0.93
0.519
0.332
0.307
0.241
0.362
0.261
0.583
0.964
1.376
2.408
1.85
1.3
1.012
1.412
1.524
1.187
1.103
2.451
3.419
2.157
2.29
2.04
1.403
0.909
0.498
0.334
0.306
0.236
0.346
0.264
0.578
1.069
1.28
2.459
1.731
1.207
0.943
1.295
1.395
1.091
1.019
2.259
3.4
2.331
2.166
2.059
1.36
0.881
0.471
0.337
0.294
0.229
0.331
0.266
0.576
1.229
1.194
2.229
1.581
1.335
1.052
1.439
1.438
1.221
1.064
2.338
3.338
2.29
2.263
2.68
1.368
0.873
0.446
0.326
0.301
0.237
0.315
0.261
0.565
1.179
1.128
2.054
1.681
1.228
0.974
1.321
1.337
1.14
0.985
2.428
3.373
2.508
2.301
2.505
1.315
0.864
0.45
0.331
0.294
0.234
0.304
0.258
0.554
1.127
1.455
2.563
1.603
1.134
0.902
1.216
1.246
1.06
0.963
2.354
3.092
2.475
2.325
2.35
1.295
0.894
0.481
0.327
0.305
0.234
0.297
0.262
0.565
1.171
1.384
2.591
2.029
1.265
0.971
1.199
1.896
1.064
1.099
2.575
2.934
2.446
2.295
2.199
1.348
0.927
0.555
0.335
0.313
0.235
0.306
0.269
0.571
1.221
1.82
2.733
1.99
1.379
0.988
1.243
2.172
1.316
1.466
2.565
2.933
2.585
2.575
2.141
1.324
0.887
0.537
0.326
0.318
0.242
0.333
0.268
0.595
1.291
1.667
2.517
1.82
1.287
0.934
1.168
2.021
1.218
1.414
2.642
3.06
3.006
2.633
2.123
1.49
0.968
0.522
0.318
0.322
0.254
0.345
0.266
0.606
1.348
1.709
2.321
1.754
1.216
0.881
1.116
1.933
1.183
1.363
2.626
3.033
2.869
2.539
2.802
1.658
0.974
0.498
0.318
0.322
0.256
0.358
0.271
0.622
1.31
1.714
2.56
1.838
1.135
0.831
1.103
1.837
1.22
1.316
2.653
3.399
2.691
2.508
2.907
1.675
0.951
0.485
0.323
0.319
0.265
0.373
0.285
0.621
1.375
1.618
2.369
1.717
1.066
0.791
1.061
1.76
1.168
1.269
2.842
3.438
2.579
2.483
2.741
1.595
0.892
0.467
0.32
0.32
0.263
0.39
0.277
0.607
1.328
1.719
2.427
2.056
1.001
0.757
1.034
1.644
1.098
1.262
2.791
3.42
2.511
2.384
2.584
1.627
0.891
0.476
0.315
0.312
0.278
0.379
0.293
0.598
1.258
1.979
2.967
2.138
1.009
0.742
1.673
1.65
1.064
1.222
3.039
3.548
2.559
2.392
2.45
1.73
0.945
0.541
0.316
0.32
0.295
0.373
0.302
0.594
1.207
2.521
3.165
2.1
1.17
0.735
1.59
2.055
1.471
1.349
3.066
3.516
2.774
2.399
2.553
1.626
1.045
0.524
0.311
0.325
0.291
0.423
0.308
0.598
1.211
2.3
2.884
1.935
1.092
0.692
1.531
1.918
1.356
1.287
2.988
3.393
2.697
2.41
2.609
1.577
0.99
0.508
0.308
0.316
0.3
0.432
0.301
0.591
1.217
2.107
2.623
1.886
1.096
0.846
1.608
1.914
1.514
1.544
3.254
3.338
2.573
2.282
2.768
1.574
1.067
0.597
0.316
0.314
0.299
0.444
0.296
0.593
1.569
1.992
2.411
1.752
1.018
0.786
1.653
1.834
1.389
1.442
3.189
3.45
2.526
2.399
2.711
1.513
1.028
0.588
0.309
0.308
0.312
0.441
0.29
0.589
1.552
1.898
2.263
1.689
1.003
0.764
1.64
1.711
1.3
1.448
3.068
3.325
2.437
2.527
3.056
1.565
0.998
0.574
0.309
0.306
0.311
0.46
0.293
0.579
1.66
1.816
2.08
1.695
0.982
0.782
1.632
1.624
1.208
1.339
2.887
3.155
2.736
2.346
2.876
1.517
0.976
0.549
0.314
0.316
0.312
0.449
0.338
0.575
1.536
1.73
2.189
2.627
1.134
1.03
1.607
2.118
1.214
1.353
2.949
3.329
2.991
2.327
2.684
1.506
0.967
0.547
0.35
0.33
0.313
0.444
0.339
0.569
1.466
1.634
2.043
2.966
1.38
1.299
1.536
2.381
1.417
1.39
2.952
3.314
2.878
2.235
2.542
1.424
0.916
0.536
0.348
0.326
0.321
0.47
0.324
0.587
1.496
1.498
2.14
2.714
1.277
1.204
1.453
2.222
1.448
1.606
2.89
3.276
2.724
2.287
2.501
1.383
0.875
0.525
0.338
0.318
0.315
0.509
0.332
0.668
1.68
1.622
2.273
2.514
1.72
1.408
1.442
2.189
1.493
1.56
3.071
3.37
2.607
2.239
2.421
1.417
0.866
0.499
0.345
0.315
0.308
0.518
0.335
0.653
1.615
1.548
2.359
2.704
1.813
1.823
1.416
2.222
1.413
1.495
3.098
3.32
2.78
2.271
2.284
1.404
0.854
0.491
0.337
0.312
0.319
0.543
0.327
0.656
1.767
1.453
2.171
2.466
1.671
1.68
1.3
2.084
1.315
1.443
3.424
3.402
2.658
2.341
2.244
1.374
0.867
0.487
0.326
0.313
0.323
0.538
0.322
0.681
1.821
1.426
2.361
2.406
1.626
1.603
1.409
1.956
1.269
1.479
3.214
3.167
2.613
2.421
2.18
1.385
0.904
0.482
0.351
0.345
0.335
0.519
0.337
0.702
1.784
1.687
2.548
2.825
1.568
1.705
1.52
1.865
1.29
1.427
3.107
3.317
2.872
2.319
2.063
1.358
0.909
0.507
0.397
0.365
0.338
0.527
0.341
0.7
1.66
1.861
3.905
3.421
1.501
1.671
1.441
1.72
1.186
1.322
2.864
3.09
2.781
2.368
2.008
1.358
0.867
0.494
0.382
0.359
0.343
0.527
0.337
0.691
1.827
1.766
3.564
3.118
1.389
1.534
1.353
1.604
1.137
1.458
2.899
3.09
2.593
2.258
1.907
1.338
0.83
0.488
0.383
0.357
0.35
0.538
0.325
0.68
1.875
1.632
3.272
2.89
1.587
1.448
1.445
1.518
1.173
1.59
2.89
3.03
2.639
2.123
2.091
1.321
0.862
0.541
0.379
0.349
0.357
0.505
0.324
0.682
1.864
1.73
3.149
2.815
1.472
1.381
1.327
1.532
1.33
1.674
2.795
2.817
2.539
2.001
2.029
1.309
0.836
0.522
0.366
0.348
0.354
0.499
0.331
0.672
1.766
1.587
2.909
2.571
1.371
1.334
1.241
1.518
1.4
1.776
2.706
2.89
2.424
1.946
2.604
1.394
0.85
0.513
0.369
0.337
0.355
0.504
0.33
0.662
1.898
1.777
3.139
2.365
1.266
1.373
1.939
1.503
1.341
1.656
2.516
2.706
2.398
2.062
2.495
1.367
0.874
0.498
0.375
0.329
0.352
0.485
0.345
0.667
1.761
1.633
3.062
2.234
1.263
1.514
1.789
1.473
1.293
2.053
2.927
2.615
2.429
2.342
2.381
1.34
0.873
0.534
0.401
0.339
0.351
0.462
0.341
0.667
1.683
1.664
3.151
2.219
1.372
1.527
1.694
1.406
1.248
2.145
3.252
2.493
2.37
2.498
2.561
1.315
0.847
0.521
0.398
0.341
0.358
0.473
0.34
0.691
1.589
2.089
3.065
2.028
1.271
1.4
1.656
1.343
1.176
1.995
3.245
2.664
2.682
2.764
2.546
1.286
0.927
0.557
0.403
0.335
0.37
0.485
0.332
0.687
2.049
2.077
2.933
1.879
1.222
1.308
1.534
1.367
1.121
1.857
3.168
2.731
2.504
2.559
2.419
1.248
0.876
0.64
0.384
0.343
0.36
0.483
0.333
0.785
1.941
2.34
2.722
1.757
1.163
1.276
1.5
1.504
1.208
1.843
3.41
2.671
2.428
2.392
2.311
1.255
0.85
0.606
0.385
0.332
0.359
0.489
0.329
0.776
1.862
2.15
2.489
1.715
1.084
1.206
2.034
1.495
1.296
1.851
3.423
2.615
3.016
2.362
2.633
1.282
0.802
0.571
0.38
0.333
0.348
0.475
0.329
1.095
2.015
2.176
2.349
1.621
1.105
1.277
1.903
1.388
1.203
1.749
3.161
2.445
2.799
2.225
2.477
1.232
0.844
0.566
0.375
0.341
0.345
0.466
0.321
1.044
1.897
1.989
2.138
1.541
1.577
1.348
1.976
1.399
1.108
1.609
2.893
2.247
2.855
2.172
2.418
1.318
0.828
0.537
0.376
0.337
0.352
0.451
0.323
1.021
1.756
1.837
1.948
1.942
1.828
1.296
1.933
1.317
1.245
1.522
2.845
2.358
2.955
2.251
2.277
1.269
0.812
0.514
0.367
0.337
0.374
0.449
0.336
1.047
1.61
1.681
1.792
1.785
1.883
1.373
1.921
1.301
1.346
1.615
2.884
2.689
2.811
2.173
2.177
1.24
0.775
0.504
0.359
0.338
0.403
0.447
0.359
1.038
1.484
1.539
1.647
1.638
1.953
1.34
2.374
1.424
1.398
1.73
2.97
2.538
2.687
2.057
2.041
1.237
0.796
0.527
0.369
0.402
0.426
0.447
0.372
1.031
1.36
1.447
1.522
1.504
1.782
1.278
2.201
1.333
1.306
2.057
2.891
2.542
2.762
2.041
1.93
1.196
0.755
0.507
0.369
0.396
0.422
0.433
0.384
1.035
1.56
1.411
1.425
1.477
2.024
1.753
2.073
1.247
1.313
2.455
2.994
2.423
2.571
1.905
1.788
1.177
0.734
0.483
0.363
0.394
0.428
0.422
0.413
0.977
1.535
1.522
1.483
2.078
1.956
1.693
1.919
1.182
1.321
2.321
2.867
2.272
2.567
1.825
1.73
1.181
0.71
0.465
0.355
0.397
0.456
0.444
0.428
0.941
1.614
2.449
1.555
2.112
1.838
1.593
1.848
1.127
1.257
2.415
3.193
2.626
2.966
1.759
1.688
1.14
0.702
0.481
0.347
0.383
0.451
0.481
0.595
0.964
1.795
2.528
1.571
2.274
2.551
1.861
2.643
1.692
1.408
2.401
3.212
2.548
2.885
1.761
1.651
1.149
0.717
0.497
0.366
0.398
0.459
0.488
0.682
1.062
1.941
2.51
2.039
2.21
2.429
1.808
2.457
1.893
1.345
2.263
3.035
2.38
2.83
1.739
1.603
1.121
0.702
0.484
0.384
0.399
0.49
0.483
0.686
1.055
1.795
2.347
1.944
2.053
2.235
1.712
2.317
1.927
1.388
2.331
2.968
2.229
2.855
1.732
1.575
1.089
0.691
0.479
0.393
0.404
0.506
0.483
0.673
1.058
1.688
2.171
2.382
1.951
2.09
1.768
2.186
1.806
1.652
2.698
3.004
2.141
2.737
1.73
1.652
1.083
0.697
0.48
0.41
0.402
0.529
0.48
0.661
1.05
1.563
2.043
2.207
1.793
1.923
1.677
2.097
1.739
1.626
2.668
3.129
2.025
2.698
1.774
1.625
1.102
0.723
0.489
0.413
0.404
0.545
0.471
0.657
1.061
2.15
2.079
2.238
2.515
1.869
1.724
2.025
1.645
1.556
2.53
3.183
1.946
2.548
1.73
1.552
1.12
0.733
0.493
0.41
0.412
0.533
0.498
0.658
1.02
1.97
2.001
2.107
2.343
1.84
1.646
1.889
1.58
1.475
2.405
3.557
2.193
3.183
2.077
1.481
1.14
0.739
0.489
0.418
0.417
0.563
0.534
0.755
1.363
2.238
1.994
1.994
2.152
1.743
1.594
1.757
1.533
1.589
2.375
3.415
2.606
3.039
2.288
1.414
1.074
0.703
0.466
0.419
0.403
0.572
0.508
0.737
1.33
2.664
1.935
1.948
1.97
1.612
1.465
1.678
1.439
1.542
2.577
3.326
2.689
3.383
2.408
1.453
1.067
0.683
0.447
0.418
0.388
0.583
0.482
0.718
1.324
2.432
1.792
2.115
1.928
1.59
1.422
1.611
1.376
1.65
2.708
3.152
2.5
3.167
2.306
1.427
1.023
0.654
0.45
0.405
0.395
0.574
0.469
0.704
1.575
2.289
1.786
1.947
1.766
1.459
2.123
1.657
1.392
1.533
3.016
3.095
2.413
2.985
2.247
1.382
0.986
0.628
0.449
0.399
0.384
0.587
0.447
0.682
1.514
2.095
2.098
1.981
1.636
1.355
1.952
1.556
1.321
1.478
2.925
3.274
2.321
2.942
2.127
1.367
0.942
0.618
0.445
0.397
0.392
0.571
0.432
0.669
1.438
2.4
2.534
1.835
1.539
1.561
1.842
1.497
1.266
1.414
2.751
3.467
2.777
2.86
2.035
1.327
0.947
0.633
0.44
0.387
0.397
0.557
0.421
0.652
1.343
2.312
3.146
1.963
1.488
1.492
2.189
1.47
1.804
1.62
2.931
3.439
2.597
2.705
2.019
1.311
0.96
0.614
0.455
0.382
0.398
0.541
0.402
0.697
1.664
2.118
2.875
1.917
1.435
1.461
2.097
1.687
1.987
1.531
2.725
3.278
2.756
2.656
2.419
1.322
0.917
0.588
0.447
0.365
0.402
0.545
0.385
0.691
1.641
2.423
2.678
1.758
1.321
1.357
1.986
1.594
1.911
1.447
2.777
3.446
2.581
2.486
2.311
1.278
0.879
0.564
0.432
0.365
0.391
0.55
0.38
0.664
1.587
2.278
2.476
1.639
1.227
1.253
1.846
1.513
1.896
1.503
2.789
3.485
2.427
2.672
2.379
1.239
0.886
0.575
0.439
0.371
0.393
0.55
0.381
0.65
1.938
2.119
2.27
1.501
1.127
1.309
1.846
1.439
1.886
1.463
2.914
3.327
2.386
2.534
2.235
1.206
0.85
0.565
0.444
0.37
0.381
0.552
0.37
0.635
1.858
1.967
2.089
1.453
1.064
1.213
1.774
1.371
1.723
1.359
2.762
3.26
2.283
2.581
2.332
1.204
0.818
0.539
0.427
0.38
0.365
0.554
0.374
0.611
1.972
1.971
2.376
1.507
1.008
1.119
1.679
1.305
1.607
1.29
2.719
3.07
2.153
2.382
2.179
1.163
0.785
0.529
0.408
0.38
0.354
0.523
0.376
0.586
1.837
2.507
2.373
1.393
0.936
1.029
1.598
1.198
1.473
1.236
2.53
3.096
2.049
2.358
2.065
1.154
0.77
0.528
0.411
0.383
0.353
0.501
0.366
0.571
1.72
2.29
2.168
1.313
0.874
0.987
1.506
1.133
1.424
1.192
2.349
3.062
2.428
2.712
2.85
1.115
0.723
0.522
0.394
0.382
0.343
0.509
0.353
0.601
2.105
2.201
1.998
1.219
0.818
0.913
1.441
1.072
1.319
1.25
2.522
3.078
2.279
2.546
2.667
1.086
0.695
0.515
0.402
0.374
0.352
0.506
0.354
0.731
2.385
2.01
1.903
1.181
0.797
0.907
1.514
1.168
1.27
1.467
2.773
3.263
2.178
2.384
2.843
1.058
0.677
0.513
0.413
0.376
0.343
0.521
0.346
0.714
2.226
2.394
1.816
1.093
0.747
0.847
1.456
1.121
1.218
1.371
2.918
3.347
2.184
2.245
2.697
1.242
0.671
0.498
0.409
0.37
0.338
0.538
0.338
0.702
2.265
2.236
1.681
1.336
0.71
0.791
1.395
1.071
1.152
1.327
2.707
3.113
2.055
2.133
2.554
1.21
0.643
0.506
0.408
0.381
0.332
0.541
0.34
0.666
2.117
2.198
1.582
1.239
0.684
0.79
1.333
1.051
1.098
1.25
2.575
2.898
2.04
2.017
2.393
1.19
0.664
0.522
0.405
0.376
0.34
0.514
0.37
0.637
1.968
2.692
1.537
1.206
1.221
0.886
1.352
1.41
1.16
1.222
2.432
2.844
1.928
2.336
2.439
1.227
0.786
0.515
0.437
0.38
0.359
0.503
0.38
0.626
1.839
2.76
2.87
1.316
1.342
0.904
1.288
1.824
1.394
1.413
2.48
2.737
1.953
2.203
2.281
1.194
0.762
0.528
0.425
0.382
0.349
0.487
0.382
0.686
1.896
2.552
2.705
1.447
1.313
0.914
1.286
1.789
1.331
1.537
2.486
3.002
2.02
2.143
2.157
1.281
0.768
0.528
0.41
0.378
0.343
0.492
0.376
0.667
2.204
2.884
2.495
1.377
1.206
0.846
1.198
1.686
1.227
1.544
2.482
2.886
1.893
1.999
2.017
1.194
0.728
0.524
0.399
0.384
0.357
0.499
0.365
0.664
2.056
2.624
2.349
1.303
1.151
0.93
1.95
1.667
1.209
1.474
2.713
2.936
1.922
2.028
1.94
1.361
0.728
0.506
0.397
0.377
0.351
0.522
0.352
0.657
1.942
2.403
2.147
1.271
1.066
0.883
1.919
1.642
1.269
1.475
2.737
3.479
1.997
2.012
1.884
1.314
0.707
0.493
0.384
0.372
0.349
0.524
0.357
0.612
1.794
2.385
1.974
1.316
1.003
0.83
1.793
1.512
1.204
1.688
2.681
3.4
1.897
2.274
1.87
1.265
0.682
0.485
0.387
0.355
0.355
0.503
0.392
0.682
1.914
2.277
1.892
1.286
1.01
0.799
1.637
1.4
1.156
2.219
2.457
3.089
1.791
2.424
1.877
1.227
0.733
0.488
0.399
0.365
0.357
0.476
0.389
0.716
1.976
2.484
3.075
1.4
1.155
0.85
1.574
1.425
1.301
2.126
2.498
3.149
1.746
2.319
1.881
1.375
0.791
0.528
0.427
0.358
0.363
0.505
0.386
0.685
1.862
2.264
2.836
1.298
1.076
0.833
1.585
1.378
1.232
2.101
2.607
3.426
1.706
2.333
1.796
1.331
0.774
0.56
0.426
0.343
0.365
0.507
0.374
0.674
2.379
2.129
2.643
1.305
1.533
0.851
1.646
1.274
1.325
2.233
2.73
3.304
1.852
2.265
1.727
1.462
0.793
0.569
0.414
0.348
0.358
0.513
0.37
0.65
2.247
1.952
2.409
1.233
1.454
0.796
1.762
1.282
1.253
2.074
3.005
3.411
1.939
2.158
1.679
1.441
0.77
0.543
0.411
0.34
0.362
0.509
0.371
1.164
2.11
1.795
2.196
1.161
1.349
0.994
1.64
1.316
1.315
1.905
3.008
3.432
1.909
2.071
1.665
1.404
0.738
0.539
0.431
0.349
0.368
0.524
0.365
1.094
2.061
2.311
2.079
1.112
1.248
1.124
1.72
1.422
1.231
1.775
2.822
3.24
1.816
1.93
1.593
1.339
0.75
0.54
0.428
0.349
0.418
0.506
0.357
1.152
1.945
2.109
1.969
1.356
1.174
1.14
1.596
1.34
1.148
1.876
2.57
3.026
2.098
1.798
1.479
1.256
0.753
0.605
0.474
0.396
0.414
0.498
0.353
1.098
1.805
1.938
2.001
1.901
1.139
1.384
1.533
1.377
1.238
1.768
2.502
3.46
2.552
1.85
1.954
1.254
0.741
0.602
0.468
0.395
0.406
0.505
0.345
1.064
2.313
1.797
1.961
1.756
1.057
1.291
1.447
1.306
1.16
1.842
2.71
3.318
2.592
1.905
2.174
1.435
0.744
0.586
0.453
0.391
0.398
0.514
0.339
1.008
2.167
1.852
2.119
1.615
0.994
1.382
1.48
1.308
1.138
1.703
2.674
3.18
2.441
2.372
2.105
1.388
0.731
0.586
0.464
0.392
0.393
0.515
0.35
0.949
2.033
1.705
1.989
1.515
0.943
1.601
1.593
1.251
1.173
1.681
2.746
3.223
2.437
2.499
2.661
1.396
0.765
0.602
0.466
0.394
0.393
0.518
0.353
0.89
1.923
1.565
1.852
1.554
1.242
1.724
1.694
1.196
1.134
1.655
3.092
3.333
2.392
2.356
2.522
1.359
0.735
0.599
0.483
0.408
0.386
0.516
0.359
0.828
1.785
2.099
1.714
1.465
1.175
1.671
1.744
1.238
1.073
1.578
2.859
3.769
2.567
2.377
2.368
1.329
0.74
0.619
0.476
0.402
0.381
0.498
0.387
0.77
1.648
1.925
1.765
1.582
1.152
1.656
1.656
1.342
1.316
1.542
2.898
3.868
2.461
2.646
2.29
1.297
0.749
0.612
0.478
0.573
0.379
0.486
0.386
0.766
1.688
2.13
2.02
1.547
1.365
1.737
1.537
1.336
1.685
1.583
2.871
3.592
2.324
3.077
2.66
1.725
0.76
0.598
0.479
0.563
0.385
0.496
0.389
0.735
1.605
1.995
1.949
1.925
1.291
1.599
1.549
1.311
1.562
1.525
2.868
3.396
2.222
2.958
2.558
1.706
0.766
0.579
0.473
0.558
0.384
0.514
0.386
0.707
2.096
2.188
1.804
1.779
1.246
1.513
1.508
1.403
1.532
1.674
3.065
3.255
2.103
2.744
2.717
1.8
0.864
0.582
0.476
0.554
0.396
0.52
0.385
0.681
1.983
2.001
1.722
1.661
1.179
1.39
1.428
1.445
1.583
1.591
3.088
3.216
1.996
2.605
2.56
1.737
0.84
0.554
0.468
0.531
0.388
0.527
0.382
0.669
1.886
1.852
1.649
1.57
1.164
1.369
1.843
1.566
1.538
1.71
2.979
3.175
1.872
2.416
2.967
1.844
0.817
0.55
0.463
0.508
0.387
0.53
0.375
0.652
1.75
1.743
1.552
1.802
1.224
1.272
1.727
1.51
1.565
1.606
2.805
2.993
1.848
2.284
2.831
1.861
0.784
0.539
0.46
0.502
0.386
0.512
0.41
0.625
1.639
1.759
1.801
2.049
1.184
1.261
1.634
1.476
1.49
1.517
2.829
3.418
2.414
2.529
2.657
1.784
0.777
0.55
0.505
0.499
0.4
0.497
0.415
0.611
1.591
1.632
2.364
2.381
1.632
1.358
1.6
1.585
1.758
1.681
2.948
3.339
2.299
2.378
2.487
1.712
0.747
0.534
0.485
0.485
0.396
0.506
0.407
0.591
1.518
1.525
2.273
2.435
1.627
1.298
1.646
1.52
1.678
1.811
3.059
3.355
2.471
2.576
2.592
1.699
0.759
0.534
0.472
0.468
0.395
0.52
0.399
0.585
1.467
1.409
2.132
2.492
1.64
1.241
1.55
1.817
1.596
1.825
3.188
3.564
2.369
2.431
2.751
1.701
0.756
0.581
0.474
0.46
0.39
0.519
0.395
0.562
1.412
1.308
2.0
2.497
1.779
1.258
1.442
1.761
1.551
1.738
3.294
3.337
2.238
2.422
2.723
1.904
0.734
0.56
0.468
0.445
0.386
0.527
0.389
0.543
1.369
1.733
1.901
2.324
1.71
1.253
1.383
1.661
1.469
1.748
3.189
3.262
2.136
2.333
2.56
1.815
0.728
0.538
0.465
0.43
0.382
0.53
0.379
0.529
1.258
1.893
1.845
2.147
1.594
1.37
1.462
1.562
1.447
1.671
2.977
3.275
2.163
2.61
2.554
1.747
0.772
0.541
0.555
0.431
0.383
0.517
0.373
0.516
1.174
1.808
2.244
2.068
1.789
1.459
1.631
1.628
1.965
1.797
2.879
3.872
2.301
2.748
2.561
1.801
0.85
0.626
0.595
0.452
0.41
0.521
0.401
0.514
1.169
1.832
2.648
2.715
1.793
1.399
1.554
1.539
1.898
1.725
2.713
3.694
2.181
2.914
2.501
1.817
0.873
0.651
0.586
0.447
0.411
0.513
0.4
0.518
1.107
1.712
2.492
3.03
2.026
1.591
2.008
1.476
1.763
1.603
2.6
3.861
2.191
2.83
2.574
1.706
0.879
0.646
0.582
0.443
0.419
0.527
0.394
0.524
1.067
1.613
2.556
2.803
1.903
1.498
1.899
1.791
1.833
1.69
2.496
3.611
2.106
2.667
2.428
1.666
0.872
0.63
0.574
0.437
0.417
0.516
0.377
0.513
0.986
1.758
2.361
2.565
1.753
1.375
1.751
1.684
1.795
1.625
2.556
3.515
2.069
2.666
2.465
1.64
0.854
0.635
0.541
0.433
0.41
0.522
0.369
0.496
1.543
1.784
2.233
2.475
1.699
1.353
1.642
1.797
1.684
1.579
2.891
3.433
1.953
2.516
2.343
1.6
0.883
0.651
0.541
0.434
0.401
0.525
0.363
0.497
1.442
1.672
2.169
2.388
1.765
1.256
1.503
1.692
1.548
1.497
2.761
3.532
1.849
2.445
2.318
1.529
0.908
0.649
0.556
0.456
0.408
0.535
0.393
0.488
1.361
1.543
2.021
2.237
1.702
1.176
1.409
1.676
1.428
1.401
2.585
4.354
2.325
2.535
2.223
1.546
0.926
0.652
0.543
0.452
0.407
0.521
0.389
0.484
1.296
1.419
1.982
2.467
1.727
1.38
1.376
1.79
1.382
2.134
2.828
4.438
2.355
2.403
2.202
1.641
0.946
0.668
0.526
0.455
0.397
0.533
0.39
0.463
1.255
1.734
2.193
2.297
1.838
1.461
1.42
1.695
1.38
2.01
2.832
4.326
2.323
2.371
2.126
1.6
0.931
0.633
0.506
0.445
0.391
0.538
0.391
0.447
1.285
2.215
2.04
2.161
1.776
1.411
1.314
1.609
1.537
1.921
2.894
4.074
2.262
2.728
2.059
1.54
0.93
0.613
0.499
0.431
0.388
0.541
0.381
0.437
1.232
2.249
1.909
1.969
1.64
1.297
1.277
1.542
1.433
1.983
3.125
3.822
2.314
3.262
1.951
1.836
0.975
0.607
0.494
0.442
0.397
0.553
0.381
0.433
1.207
2.061
1.756
1.826
1.523
1.491
1.428
1.614
1.684
2.003
3.044
3.549
2.195
3.108
1.945
1.82
1.067
0.638
0.478
0.432
0.394
0.565
0.373
0.433
1.121
2.052
1.688
1.694
1.406
1.384
1.414
1.518
1.561
1.916
2.864
3.705
2.253
3.086
1.853
1.933
1.041
0.638
0.47
0.429
0.387
0.544
0.372
0.422
1.105
2.021
1.596
1.565
1.309
1.896
1.325
1.404
1.456
1.888
3.485
3.975
2.345
3.121
1.767
1.862
1.057
0.64
0.478
0.424
0.404
0.523
0.391
0.451
1.337
3.078
1.526
1.585
1.301
1.755
1.256
1.333
1.459
1.76
3.225
3.711
2.286
2.906
1.93
1.77
1.016
0.623
0.463
0.424
0.398
0.535
0.39
0.448
1.285
2.812
1.433
1.473
1.86
1.615
1.248
1.263
1.354
1.631
3.302
3.545
2.251
2.955
2.289
1.851
1.002
0.622
0.462
0.417
0.395
0.545
0.386
0.448
1.232
2.639
1.412
1.61
1.863
1.57
1.51
1.237
1.258
1.748
3.177
3.507
2.124
2.799
2.117
1.746
1.137
0.654
0.466
0.416
0.389
0.547
0.382
0.445
1.193
2.416
1.494
1.589
1.712
2.068
1.452
1.327
1.182
1.762
3.202
3.383
2.082
2.579
2.044
1.698
1.075
0.659
0.452
0.415
0.384
0.544
0.386
0.442
1.146
2.325
1.942
1.519
1.577
1.908
1.401
1.269
1.1
1.648
3.176
3.386
2.043
2.588
2.111
1.619
1.051
0.673
0.466
0.404
0.381
0.524
0.377
0.497
1.175
2.359
1.902
1.407
1.451
2.149
1.348
1.177
1.021
1.549
2.929
3.112
1.909
2.386
2.131
1.569
1.047
0.672
0.463
0.408
0.38
0.505
0.373
0.483
1.089
2.159
2.307
1.734
1.362
1.971
1.255
1.092
0.957
1.437
2.67
2.878
2.003
2.541
1.981
1.498
1.031
0.686
0.469
0.424
0.399
0.499
0.376
0.477
1.023
1.978
2.109
1.592
1.263
1.85
1.222
1.192
0.951
1.457
2.51
2.85
1.987
2.424
1.869
1.438
1.012
0.691
0.475
0.421
0.407
0.516
0.373
0.503
0.994
1.821
2.114
2.01
1.403
1.705
1.237
1.172
1.153
1.368
2.471
2.829
2.046
2.406
1.825
1.413
0.993
0.695
0.464
0.413
0.406
0.516
0.37
0.495
0.982
1.79
2.048
2.38
1.338
1.606
1.601
1.216
1.105
1.541
2.393
2.656
1.902
2.279
1.701
1.353
0.929
0.663
0.459
0.399
0.404
0.519
0.368
0.477
0.957
1.744
1.982
2.287
1.236
1.486
1.513
1.125
1.062
1.998
2.644
2.783
1.848
2.181
1.635
1.316
0.979
0.662
0.452
0.396
0.401
0.529
0.361
0.472
1.057
1.649
2.134
2.367
1.268
1.46
1.464
1.186
1.05
1.999
2.653
2.677
1.757
2.057
1.639
1.361
0.941
0.656
0.477
0.393
0.402
0.525
0.362
0.462
1.11
1.661
1.979
2.166
1.169
1.916
1.741
1.138
0.983
1.877
2.52
2.812
1.719
2.152
1.692
1.286
0.956
0.653
0.495
0.395
0.413
0.506
0.396
0.451
1.032
1.537
1.868
2.263
1.375
1.978
1.688
1.158
1.047
1.871
2.654
2.614
1.811
2.128
1.601
1.266
1.111
0.653
0.482
0.403
0.408
0.496
0.404
0.494
0.991
1.443
1.714
2.386
1.426
1.972
1.596
1.105
0.998
1.971
2.48
2.819
1.981
1.991
2.179
1.423
1.081
0.658
0.481
0.396
0.411
0.507
0.399
0.483
0.963
1.337
2.053
2.212
1.315
1.822
1.464
1.128
1.046
1.844
2.445
2.742
2.241
2.126
2.233
1.462
1.054
0.642
0.472
0.393
0.395
0.514
0.389
0.475
0.954
1.231
1.888
2.161
1.269
2.439
1.446
1.229
1.156
2.012
2.567
2.702
2.222
2.138
2.159
1.397
1.012
0.627
0.46
0.385
0.393
0.527
0.379
0.461
0.957
1.147
1.787
2.763
1.312
2.362
1.414
1.177
1.098
1.843
2.756
2.92
2.132
2.18
2.082
1.365
1.003
0.655
0.474
0.38
0.386
0.537
0.37
0.455
1.165
1.162
1.827
2.551
1.22
2.162
1.449
1.119
1.058
1.922
3.234
2.906
2.183
2.193
1.988
1.338
1.402
0.671
0.473
0.388
0.4
0.537
0.375
0.445
1.116
1.41
1.714
2.812
1.291
2.026
1.4
1.109
1.017
1.802
2.986
2.703
2.358
2.337
1.951
1.334
1.357
0.689
0.481
0.379
0.4
0.522
0.369
0.44
1.032
1.302
1.581
2.781
1.783
1.897
1.288
1.274
1.0
1.667
2.757
2.564
2.187
2.275
1.83
1.428
1.295
0.687
0.488
0.377
0.405
0.515
0.364
0.431
0.959
1.214
1.451
2.97
1.916
2.019
1.196
1.172
0.949
1.73
2.845
2.46
2.09
2.334
1.813
1.463
1.234
0.658
0.48
0.372
0.396
0.524
0.362
0.445
1.077
1.436
1.741
2.717
1.753
1.863
1.128
1.111
0.891
1.676
3.029
2.594
1.966
2.2
1.752
1.457
1.271
0.64
0.477
0.376
0.385
0.536
0.358
0.433
1.146
1.34
1.612
2.53
2.221
1.739
1.216
1.263
0.86
1.572
3.032
2.567
2.458
2.14
1.71
1.457
1.213
0.632
0.467
0.372
0.378
0.543
0.354
0.422
1.101
1.236
1.677
2.315
2.04
1.595
1.134
1.288
0.867
1.509
3.189
2.496
2.252
2.065
1.896
1.608
1.175
0.622
0.46
0.369
0.378
0.546
0.355
0.417
1.522
1.282
1.582
2.168
1.891
1.485
1.06
1.266
1.372
1.453
3.125
2.437
2.131
1.928
1.761
1.634
1.123
0.601
0.466
0.362
0.406
0.548
0.356
0.407
1.715
1.241
1.749
1.999
1.742
1.379
0.983
1.337
1.707
1.679
3.037
2.333
2.12
1.886
1.708
1.612
1.112
0.603
0.457
0.369
0.406
0.538
0.378
0.401
1.612
1.17
1.636
2.233
1.87
1.406
0.983
1.406
1.711
1.567
2.952
2.74
2.172
1.813
1.889
1.581
1.121
0.656
0.46
0.364
0.401
0.519
0.379
0.419
1.526
1.401
1.644
2.123
1.889
1.31
1.097
1.349
1.86
1.575
2.695
2.814
2.062
1.677
1.87
1.521
1.087
0.651
0.459
0.362
0.4
0.542
0.375
0.416
1.47
1.299
1.552
1.96
1.741
1.229
1.198
1.376
1.913
1.507
3.043
2.84
1.958
1.622
2.178
1.471
1.069
0.714
0.458
0.366
0.394
0.543
0.373
0.407
1.414
1.222
1.471
2.04
1.882
1.238
1.216
1.405
1.821
1.421
2.918
2.739
1.841
1.533
2.186
1.734
1.089
0.711
0.444
0.37
0.39
0.547
0.363
0.406
1.392
1.279
1.41
1.954
1.939
1.284
1.327
1.41
1.723
1.383
3.098
3.041
2.125
1.499
2.068
1.656
1.212
0.696
0.44
0.37
0.392
0.558
0.36
0.41
1.324
1.202
1.908
1.846
1.786
1.315
1.446
1.34
1.641
1.461
3.188
3.169
2.07
1.535
2.015
1.576
1.146
0.666
0.431
0.366
0.395
0.55
0.358
0.411
1.675
1.356
1.957
1.702
1.65
1.939
1.576
1.301
1.649
1.508
3.316
3.055
2.065
1.655
1.891
1.499
1.101
0.644
0.432
0.372
0.385
0.542
0.377
0.407
1.552
1.454
1.852
1.571
1.604
1.82
1.48
1.216
1.566
1.453
3.561
2.826
1.903
1.535
1.753
1.402
1.114
0.659
0.45
0.371
0.391
0.526
0.368
0.403
1.476
1.364
1.701
2.001
1.773
1.723
1.411
1.332
1.585
1.422
3.31
2.607
1.813
1.54
1.661
1.332
1.052
0.626
0.445
0.37
0.383
0.525
0.372
0.396
1.416
1.307
1.563
1.848
1.632
1.639
1.348
1.524
1.652
1.451
3.204
2.565
2.161
1.778
1.578
1.447
1.029
0.624
0.442
0.371
0.52
0.535
0.376
0.399
1.447
1.228
1.577
1.729
1.533
1.51
1.572
1.575
1.586
1.433
3.157
2.647
2.068
1.725
2.072
1.431
0.992
0.713
0.446
0.366
0.503
0.539
0.368
0.392
1.4
1.268
1.479
1.834
1.432
1.988
1.536
1.561
1.67
1.353
3.241
3.167
2.024
1.807
1.972
1.409
0.972
0.736
0.457
0.363
0.493
0.544
0.365
0.389
1.329
1.251
1.543
1.721
1.702
1.975
1.56
1.535
1.543
1.274
3.457
3.155
1.957
1.752
1.925
1.362
0.985
0.718
0.463
0.354
0.475
0.55
0.36
0.382
1.231
1.183
1.634
1.622
1.691
1.963
1.911
1.506
1.516
1.219
3.978
2.989
1.835
1.658
1.82
1.327
0.976
0.728
0.452
0.345
0.464
0.518
0.362
0.369
1.147
1.093
1.553
1.897
1.584
1.801
1.757
1.407
1.432
1.242
3.604
2.945
2.332
2.023
1.796
1.273
0.967
0.743
0.453
0.353
0.456
0.502
0.375
0.367
1.056
1.013
1.432
1.744
1.491
1.815
1.623
1.301
1.413
1.447
3.326
2.733
2.416
2.038
1.688
1.214
0.966
0.705
0.442
0.349
0.437
0.486
0.362
0.363
1.154
0.945
1.348
1.954
1.443
2.062
1.629
1.197
1.311
1.36
3.307
2.86
2.405
2.055
1.657
1.203
0.953
0.692
0.432
0.347
0.419
0.497
0.359
0.396
1.142
0.889
1.252
1.834
1.356
2.015
1.658
1.171
1.35
1.55
3.335
2.944
2.384
2.036
1.59
1.188
0.943
0.684
0.43
0.348
0.405
0.508
0.35
0.399
1.098
0.88
1.203
1.68
1.254
1.854
1.523
1.527
1.286
1.453
3.399
3.152
2.214
1.914
1.543
1.142
0.934
0.703
0.444
0.351
0.391
0.524
0.351
0.386
1.151
0.854
1.454
1.869
1.188
2.289
1.506
1.467
1.25
1.71
3.594
3.268
2.169
1.93
1.491
1.156
1.01
0.709
0.458
0.357
0.38
0.522
0.351
0.371
1.076
0.828
1.367
1.918
1.269
2.496
1.474
1.361
1.154
1.569
3.301
2.989
1.999
1.778
1.383
1.126
0.984
0.734
0.481
0.378
0.398
0.508
0.351
0.374
1.137
0.801
1.276
2.023
1.205
2.289
1.362
1.251
1.073
1.444
3.012
2.778
1.908
2.092
1.336
1.187
1.067
0.728
0.47
0.372
0.391
0.483
0.35
0.364
1.057
0.748
1.222
1.939
1.118
2.095
1.248
1.161
1.0
1.368
2.794
2.601
2.032
2.142
1.278
1.136
0.991
0.689
0.448
0.363
0.382
0.487
0.346
0.387
1.335
0.963
1.191
1.808
1.133
1.937
1.17
1.307
0.947
1.262
2.687
2.662
1.958
2.086
1.317
1.124
0.965
0.657
0.435
0.362
0.376
0.492
0.345
0.38
1.425
0.931
1.108
1.897
1.098
1.818
1.184
1.244
0.98
1.423
2.546
2.634
1.905
1.978
1.297
1.206
0.98
0.637
0.438
0.353
0.371
0.504
0.339
0.367
1.458
0.912
1.092
1.76
1.029
1.667
1.092
1.197
0.985
1.321
2.762
2.651
1.776
1.873
1.369
1.273
0.932
0.615
0.418
0.356
0.355
0.514
0.33
0.364
1.427
1.176
1.372
1.629
0.967
1.589
1.165
1.205
0.948
1.218
2.585
2.547
1.691
1.914
1.372
1.274
0.926
0.605
0.407
0.356
0.352
0.517
0.338
0.351
1.319
1.163
1.423
1.525
1.123
1.463
1.103
1.234
1.316
1.242
2.444
2.751
1.615
1.874
1.322
1.312
0.924
0.607
0.398
0.35
0.354
0.495
0.362
0.337
1.235
1.219
1.36
1.439
1.088
1.369
1.067
1.165
1.472
1.174
2.363
3.533
1.981
1.935
1.337
1.542
0.905
0.588
0.393
0.352
0.356
0.486
0.366
0.358
1.201
1.448
1.437
1.567
1.524
1.277
0.999
1.143
1.419
1.269
2.335
3.705
2.16
2.015
1.852
1.496
0.929
0.62
0.388
0.346
0.356
0.489
0.361
0.359
1.164
1.336
1.434
1.517
1.447
1.389
0.991
1.513
1.325
1.214
2.395
3.477
2.063
1.942
1.788
1.551
1.032
0.62
0.398
0.341
0.35
0.488
0.351
0.366
1.198
1.255
1.38
1.419
1.492
1.363
1.054
1.495
1.263
1.256
2.481
3.416
2.237
1.838
1.747
1.5
1.179
0.784
0.394
0.34
0.343
0.486
0.348
0.363
1.297
1.165
1.283
1.339
1.418
1.832
1.086
1.456
1.291
1.221
2.536
3.179
2.374
1.73
1.873
1.445
1.113
0.747
0.4
0.341
0.342
0.47
0.368
0.353
1.236
1.56
1.226
1.283
1.314
1.707
1.23
1.548
1.558
1.448
2.705
3.06
2.431
1.638
2.037
1.41
1.074
0.749
0.381
0.347
0.328
0.485
0.357
0.349
1.373
1.694
1.151
1.239
1.349
1.709
1.222
1.501
1.481
1.357
2.494
3.202
2.329
1.615
1.974
1.384
1.072
0.727
0.378
0.345
0.33
0.47
0.372
0.349
1.261
1.588
1.57
1.23
1.314
1.641
1.168
1.425
1.405
1.32
2.333
3.033
2.203
1.56
1.904
1.364
1.032
0.739
0.398
0.356
0.331
0.446
0.374
0.377
1.275
1.641
1.746
1.3
1.326
1.608
1.131
1.348
1.862
1.366
2.354
2.896
2.093
1.485
2.033
1.344
1.088
0.728
0.379
0.356
0.323
0.475
0.359
0.383
1.763
1.558
1.686
1.904
1.224
1.491
1.082
1.326
1.768
1.323
2.411
3.124
2.088
1.671
2.065
1.323
1.106
0.715
0.38
0.349
0.323
0.48
0.345
0.419
1.792
1.577
1.581
1.76
1.138
1.423
1.118
1.988
1.72
1.269
2.347
3.179
2.004
1.638
1.934
1.308
1.129
0.722
0.395
0.341
0.33
0.481
0.344
0.41
1.715
1.458
1.454
1.62
1.05
1.979
1.148
1.876
1.581
1.174
2.47
3.131
2.294
1.666
1.822
1.242
1.05
0.689
0.428
0.361
0.34
0.487
0.339
0.409
1.666
1.691
1.403
1.502
1.01
1.886
1.174
1.886
1.493
1.156
2.478
3.056
2.255
1.597
2.091
1.228
1.019
0.683
0.411
0.366
0.335
0.488
0.344
0.392
1.536
1.761
1.649
1.785
1.071
1.929
1.146
1.796
1.378
1.098
2.36
2.909
2.345
1.53
2.14
1.322
1.005
0.677
0.417
0.366
0.35
0.475
0.382
0.381
1.427
2.092
1.627
1.725
1.027
2.171
1.125
1.822
1.301
1.154
2.412
2.806
2.199
1.538
2.021
1.305
0.998
0.67
0.418
0.354
0.346
0.454
0.372
0.368
1.308
1.925
1.612
1.788
1.035
2.383
1.15
1.89
1.585
1.067
2.206
2.553
2.273
1.768
1.911
1.29
0.969
0.645
0.411
0.338
0.346
0.431
0.361
0.363
1.196
1.855
1.955
1.85
0.984
2.165
1.139
2.061
1.51
1.169
2.225
2.543
2.108
1.731
1.848
1.25
0.991
0.616
0.396
0.333
0.335
0.417
0.35
0.35
1.177
1.705
1.829
1.715
0.939
1.986
1.167
1.928
1.44
1.228
2.547
2.36
2.004
1.807
2.044
1.304
1.045
0.627
0.39
0.334
0.328
0.405
0.347
0.338
1.086
1.781
1.757
1.667
0.896
1.823
1.16
1.877
1.34
1.406
2.381
2.219
2.15
1.826
2.392
1.306
1.112
0.627
0.381
0.329
0.323
0.393
0.344
0.333
1.002
1.67
1.644
1.544
0.999
1.713
1.107
1.803
1.241
1.514
2.253
2.264
2.08
1.795
2.314
1.362
1.148
0.61
0.403
0.33
0.326
0.381
0.348
1.025
1.003
1.569
1.518
1.458
0.933
1.742
1.039
1.652
1.15
1.399
2.079
2.149
1.924
1.666
2.138
1.279
1.111
0.597
0.392
0.336
0.322
0.38
0.347
0.979
0.943
1.438
1.426
1.348
0.883
1.606
1.372
1.573
1.626
1.344
1.949
2.005
1.841
1.567
2.004
1.323
1.159
0.568
0.377
0.331
0.318
0.37
0.343
0.903
0.89
1.32
1.322
1.239
0.848
1.55
1.311
1.577
1.559
1.269
1.792
2.009
1.723
1.484
1.855
1.224
1.087
0.547
0.378
0.333
0.35
0.369
0.338
0.843
1.134
1.27
1.235
1.147
1.038
1.472
1.726
1.498
1.492
1.526
2.156
1.948
1.742
1.606
1.786
1.201
1.059
0.559
0.399
0.334
0.341
0.363
0.344
0.809
1.199
1.311
1.172
1.107
1.063
1.352
1.6
1.422
1.541
1.461
2.074
1.868
1.699
1.821
1.685
1.275
1.016
0.541
0.385
0.334
0.336
0.355
0.341
0.752
1.114
1.254
1.146
1.07
0.985
1.25
1.618
1.356
1.433
1.379
2.186
1.871
1.751
2.105
2.052
1.524
1.079
0.536
0.373
0.33
0.335
0.346
0.339
0.706
1.029
1.224
1.106
1.036
1.033
1.262
1.507
1.258
1.327
1.272
2.033
1.724
1.608
1.937
1.896
1.554
1.065
0.565
0.372
0.325
0.336
0.343
0.334
0.67
1.307
1.176
1.056
1.0
1.268
1.347
1.429
1.238
1.268
1.299
1.925
1.693
1.498
1.835
1.795
1.458
1.018
0.548
0.371
0.333
0.336
0.335
0.331
0.635
1.202
1.096
0.981
0.994
1.78
1.381
1.594
1.166
1.179
1.217
1.936
1.793
1.554
1.718
1.826
1.507
0.991
0.549
0.37
0.349
0.337
0.363
0.348
0.613
1.12
1.039
1.238
1.011
1.662
1.296
1.517
1.167
1.17
1.261
2.015
1.763
1.819
1.646
1.926
1.567
0.931
0.534
0.374
0.341
0.327
0.358
0.335
0.649
1.183
1.093
1.184
1.003
1.581
1.233
1.536
1.203
1.212
1.283
2.087
1.872
1.862
1.645
2.393
1.648
0.951
0.54
0.4
0.346
0.328
0.375
0.339
0.621
1.141
1.069
1.137
1.121
1.759
1.155
1.482
1.263
1.316
1.268
2.128
1.877
1.84
1.614
2.225
1.568
0.902
0.527
0.388
0.35
0.324
0.389
0.339
0.59
1.105
1.027
1.118
1.343
1.614
1.085
1.402
1.309
1.273
1.256
2.211
1.92
1.818
1.757
2.424
1.496
0.863
0.498
0.378
0.346
0.316
0.404
0.33
0.564
1.084
0.998
1.073
1.293
1.497
1.023
1.487
1.263
1.174
1.192
2.293
1.894
2.427
1.71
2.343
1.559
0.879
0.483
0.369
0.348
0.319
0.427
0.329
0.552
1.033
1.661
1.197
1.279
1.562
1.318
1.552
1.19
1.151
1.184
2.234
1.831
2.395
1.611
2.175
1.471
0.867
0.49
0.397
0.348
0.318
0.424
0.343
0.545
0.984
1.548
1.429
1.384
1.467
1.46
2.039
1.36
1.119
1.454
2.085
1.694
2.193
1.494
2.002
1.359
0.826
0.482
0.411
0.349
0.375
0.415
0.351
0.534
0.946
1.626
1.691
1.373
1.543
1.399
1.895
1.313
1.139
1.741
2.414
2.03
2.374
1.49
1.891
1.323
0.784
0.467
0.407
0.346
0.371
0.431
0.355
0.791
0.958
1.994
1.626
1.298
1.459
1.369
1.894
1.422
1.052
1.623
2.295
2.065
2.267
1.452
2.036
1.318
0.772
0.477
0.42
0.354
0.391
0.429
0.396
0.757
0.981
1.97
1.542
1.233
1.52
1.559
1.901
1.687
1.325
2.05
2.572
2.031
2.186
1.506
2.261
1.361
0.759
0.469
0.411
0.354
0.385
0.425
0.389
0.716
0.978
1.841
1.685
1.323
1.437
1.558
1.907
1.62
1.291
1.949
3.507
2.398
2.126
1.459
2.144
1.301
0.725
0.455
0.404
0.347
0.381
0.418
0.396
0.674
0.96
1.738
1.704
1.247
1.345
1.498
2.019
1.518
1.229
1.835
3.384
2.776
2.149
1.464
2.125
1.289
0.706
0.457
0.424
0.347
0.374
0.417
0.422
0.637
0.909
1.658
2.288
1.261
1.273
1.395
1.886
1.538
1.327
1.79
3.268
2.732
2.096
1.432
2.323
1.285
0.681
0.455
0.406
0.339
0.368
0.402
0.438
0.594
0.848
1.572
2.148
1.244
1.222
1.281
2.001
1.438
1.282
1.749
3.146
3.15
2.305
1.461
2.167
1.481
0.743
0.449
0.397
0.33
0.368
0.382
0.438
0.604
0.814
1.849
2.093
1.237
1.202
1.366
1.929
1.342
1.327
1.794
3.708
3.596
2.199
1.421
2.018
1.408
0.713
0.43
0.388
0.326
0.36
0.401
0.414
0.586
0.845
1.75
1.964
1.346
1.137
1.299
1.826
1.282
1.333
1.736
3.608
3.494
2.096
1.372
2.194
1.372
0.684
0.407
0.39
0.311
0.357
0.391
0.423
0.644
0.89
1.834
2.066
1.27
1.062
1.209
1.706
1.309
1.308
1.634
3.539
3.799
2.006
1.348
2.09
1.298
0.665
0.397
0.386
0.31
0.353
0.381
0.439
0.931
1.051
1.721
1.915
1.307
1.032
1.448
1.718
1.369
1.336
1.543
3.612
3.9
1.908
1.265
2.272
1.31
0.652
0.394
0.378
0.316
0.345
0.383
0.443
0.898
1.136
1.949
1.755
1.215
0.951
1.345
1.573
1.283
1.252
1.419
3.732
3.941
1.829
1.254
2.156
1.288
0.618
0.391
0.369
0.319
0.346
0.398
0.484
0.861
1.075
1.821
1.843
1.186
0.891
1.255
1.444
1.246
1.345
1.823
3.796
4.064
1.891
1.193
1.991
1.216
0.605
0.394
0.375
0.326
0.356
0.395
0.488
0.81
0.999
1.692
2.191
1.121
0.948
1.494
1.345
1.422
1.481
1.771
3.513
4.235
1.904
1.163
1.879
1.167
0.628
0.434
0.387
0.369
0.358
0.41
0.473
0.758
0.945
1.658
2.512
1.169
1.041
1.537
1.496
1.393
1.41
1.941
3.565
4.034
2.452
1.261
1.888
1.129
0.623
0.435
0.392
0.358
0.368
0.418
0.465
0.722
0.958
1.601
2.334
1.095
0.968
1.423
1.452
1.52
1.355
1.777
3.459
3.758
2.343
1.234
2.399
1.144
0.611
0.425
0.385
0.36
0.357
0.416
0.466
0.701
0.968
1.509
2.164
1.048
1.165
1.854
1.458
1.442
1.295
1.675
3.438
3.697
2.301
1.243
2.296
1.132
0.611
0.418
0.388
0.353
0.361
0.403
0.473
0.672
1.144
1.408
2.023
0.984
1.095
1.704
1.384
1.357
1.248
1.587
3.366
3.686
2.424
1.273
2.749
1.206
0.594
0.41
0.38
0.351
0.363
0.389
0.491
0.65
1.524
1.319
1.885
0.915
1.025
1.562
1.314
1.472
1.165
1.458
3.175
3.424
2.228
1.259
2.825
1.487
0.59
0.397
0.383
0.339
0.374
0.379
0.516
0.617
1.417
1.444
1.853
0.877
0.999
1.442
1.285
1.513
1.285
1.552
3.146
3.632
2.208
1.546
2.61
1.421
0.64
0.488
0.379
0.341
0.368
0.371
0.553
0.584
1.308
1.412
1.93
1.056
1.073
1.572
1.304
1.669
1.219
1.583
3.018
3.48
2.587
1.738
2.474
1.407
0.669
0.497
0.405
0.348
0.364
0.366
0.529
0.574
1.233
1.357
2.425
1.142
1.174
1.669
1.264
1.619
1.405
1.675
3.205
3.289
2.578
1.681
2.332
1.318
0.654
0.48
0.402
0.344
0.363
0.435
0.502
0.733
1.655
1.324
2.55
1.092
1.091
1.537
1.2
1.531
1.333
1.535
3.026
3.523
2.505
1.887
2.417
1.269
0.626
0.47
0.389
0.342
0.365
0.415
0.539
0.703
1.612
1.271
2.354
1.052
1.407
1.467
1.191
1.451
1.248
1.417
3.003
3.44
2.722
1.911
2.686
1.27
0.605
0.461
0.381
0.343
0.356
0.411
0.582
0.942
1.576
1.317
2.357
1.0
1.299
1.36
1.112
1.419
1.165
1.329
3.071
3.98
3.099
1.916
2.714
1.233
0.594
0.501
0.371
0.347
0.353
0.406
0.578
0.904
1.524
1.321
2.172
0.952
1.21
1.26
1.069
1.436
1.083
1.226
3.061
3.763
2.855
1.935
2.803
1.255
0.614
0.483
0.379
0.342
0.36
0.401
0.591
0.954
2.465
1.306
2.05
0.965
1.261
1.336
1.188
1.391
1.006
1.576
2.829
3.45
2.605
1.774
2.556
1.54
0.627
0.461
0.378
0.343
0.346
0.398
0.567
0.879
2.258
1.208
1.875
0.898
1.172
1.244
1.145
1.38
0.967
1.48
2.62
3.488
2.748
1.673
2.393
1.483
0.631
0.481
0.379
0.334
0.346
0.398
0.536
0.832
2.097
1.118
1.71
1.142
1.121
1.184
1.306
1.338
0.957
1.616
2.499
3.564
3.335
1.839
2.226
1.407
0.603
0.474
0.373
0.337
0.345
0.425
0.511
0.803
1.994
1.472
1.649
1.076
1.052
1.104
1.227
1.245
1.099
1.722
2.733
3.392
3.219
2.07
2.592
1.367
0.604
0.47
0.364
0.341
0.343
0.411
0.526
0.767
2.011
1.504
1.569
1.105
1.005
1.042
1.134
1.289
1.026
1.578
2.564
3.412
3.103
1.992
2.469
1.34
0.597
0.479
0.371
0.329
0.342
0.412
0.517
0.732
1.917
1.469
1.461
1.064
1.077
0.985
1.105
1.223
0.949
1.459
2.624
3.45
3.068
2.174
2.904
1.348
0.603
0.459
0.369
0.327
0.336
0.409
0.526
0.699
2.212
1.447
1.352
1.004
0.998
0.928
1.12
1.16
0.887
1.358
2.593
3.417
2.822
2.102
3.009
1.483
0.795
0.496
0.358
0.335
0.325
0.41
0.535
0.669
2.083
1.537
1.53
0.962
1.258
1.044
1.08
1.123
0.953
1.474
3.075
3.314
2.666
2.028
2.807
1.417
0.774
0.512
0.368
0.338
0.327
0.395
0.564
0.644
1.931
1.576
1.466
0.931
1.219
0.984
1.006
1.398
0.92
1.361
2.8
3.336
2.662
1.92
2.681
1.374
0.761
0.535
0.606
0.335
0.321
0.388
0.545
0.623
1.809
1.451
1.952
0.887
1.128
0.93
0.969
1.309
0.895
1.43
2.699
3.36
2.655
1.827
2.491
1.348
0.781
0.576
0.589
0.322
0.321
0.377
0.512
0.601
1.68
1.334
1.818
1.01
1.179
0.903
1.041
1.731
0.91
1.583
2.921
3.517
3.007
1.896
2.396
1.299
0.747
0.569
0.569
0.326
0.314
0.406
0.485
0.729
1.629
1.279
1.677
0.951
1.239
0.849
1.03
1.609
0.883
1.475
2.957
3.549
2.974
1.947
2.317
1.257
0.749
0.557
0.542
0.335
0.309
0.409
0.483
0.762
1.597
1.382
1.638
1.085
1.693
0.809
1.021
1.533
0.833
1.365
2.884
3.582
2.79
1.82
2.788
1.304
0.762
0.583
0.56
0.355
0.317
0.403
0.488
0.729
1.643
1.374
1.644
1.161
1.645
0.767
1.105
1.574
0.851
1.316
2.86
3.491
2.665
1.758
2.633
1.445
0.862
0.619
0.55
0.349
0.319
0.397
0.497
0.701
1.528
1.382
1.699
1.198
1.637
0.772
1.068
2.082
0.872
1.563
2.711
3.681
2.652
2.136
2.529
1.444
0.861
0.609
0.543
0.374
0.316
0.393
0.543
0.676
1.426
1.276
1.66
1.139
1.543
0.826
1.226
1.947
0.952
1.492
2.538
3.397
2.572
2.272
2.4
1.42
0.921
0.64
0.532
0.367
0.311
0.379
0.529
0.654
1.33
1.171
1.561
1.301
1.592
0.782
1.215
2.241
1.168
1.694
2.593
3.52
2.444
2.161
2.303
1.359
0.871
0.64
0.512
0.363
0.305
0.374
0.502
0.619
1.248
1.143
1.474
1.343
1.924
0.758
1.115
2.052
1.069
1.552
2.377
3.255
2.572
2.168
2.167
1.798
0.925
0.647
0.522
0.357
0.304
0.367
0.472
0.592
1.306
1.211
1.457
1.353
1.808
0.82
1.101
1.89
0.991
1.467
2.3
3.098
2.507
2.048
2.295
2.227
1.059
0.681
0.58
0.416
0.307
0.357
0.464
0.586
1.249
1.201
1.41
1.522
1.691
0.772
1.021
1.79
1.185
1.528
2.153
3.165
2.575
1.958
2.305
3.271
1.074
0.696
0.588
0.428
0.332
0.35
0.462
0.585
1.189
1.165
1.335
1.407
1.603
0.82
0.966
1.721
1.371
1.682
2.08
3.12
2.605
1.893
2.172
3.062
1.587
0.706
0.579
0.419
0.328
0.347
0.451
0.589
1.125
1.353
1.614
1.562
1.749
0.863
0.91
1.642
1.432
1.602
1.988
3.018
2.538
2.145
2.089
2.862
1.59
0.725
0.622
0.423
0.343
0.343
0.457
0.569
1.055
1.267
1.537
1.495
2.314
0.916
0.93
1.594
1.75
1.557
1.823
2.768
2.337
1.995
1.989
2.951
1.642
0.861
0.628
0.414
0.352
0.351
0.438
0.54
1.011
1.21
1.444
1.825
2.714
0.969
0.916
1.546
1.663
1.467
1.854
2.937
2.459
2.074
1.927
2.764
1.73
0.852
0.628
0.454
0.354
0.344
0.468
0.507
1.117
1.294
1.365
1.674
2.51
0.907
0.852
1.418
1.56
1.398
1.963
3.113
2.52
2.197
1.883
2.664
1.661
0.855
0.603
0.448
0.36
0.351
0.457
0.497
1.073
1.457
1.362
1.626
2.386
1.004
0.887
1.409
1.575
1.471
1.887
2.975
2.516
2.079
1.854
2.542
1.564
0.814
0.576
0.424
0.366
0.342
0.432
0.509
1.031
1.429
1.615
1.557
2.193
0.941
0.853
1.317
1.496
1.394
1.743
3.047
2.644
1.967
1.828
2.973
1.511
0.773
0.571
0.409
0.353
0.345
0.422
0.485
0.982
1.452
1.567
1.463
2.023
1.001
0.983
1.245
1.365
1.276
1.609
3.276
2.747
1.826
1.763
3.014
1.527
0.762
0.555
0.399
0.351
0.34
0.405
0.498
0.934
1.415
1.556
1.516
1.982
0.937
0.912
1.278
1.263
1.179
1.775
3.297
3.094
2.156
1.829
2.913
1.464
0.757
0.561
0.403
0.347
0.341
0.404
0.483
0.879
1.336
1.825
1.926
2.274
1.069
0.997
1.796
1.528
1.117
1.652
3.308
3.066
2.149
1.737
2.72
1.39
0.727
0.551
0.389
0.339
0.344
0.392
0.462
0.876
1.264
1.67
1.805
2.287
1.225
1.121
1.698
1.455
1.226
1.567
3.035
2.831
2.367
1.881
2.724
1.344
0.724
0.528
0.378
0.35
0.333
0.411
0.451
0.861
1.233
1.591
2.16
2.104
1.136
1.038
1.597
1.392
1.2
1.503
3.086
2.856
2.449
1.94
3.087
1.352
0.685
0.504
0.378
0.341
0.317
0.408
0.443
0.987
1.501
1.532
2.076
1.989
1.084
1.006
1.523
1.402
1.501
1.932
3.484
2.925
2.384
1.864
2.901
1.283
0.669
0.489
0.38
0.334
0.319
0.396
0.46
0.947
1.513
1.486
2.19
1.859
1.041
1.052
1.412
1.517
1.436
1.843
3.476
3.024
2.483
1.856
3.168
1.253
0.653
0.486
0.367
0.338
0.316
0.383
0.465
0.92
1.44
1.455
2.093
2.036
1.531
1.519
1.384
1.506
1.346
1.701
3.378
3.017
2.322
1.803
3.154
1.354
0.954
0.5
0.358
0.342
0.306
0.384
0.47
0.887
1.349
1.436
1.951
1.877
1.423
1.399
1.336
1.42
1.366
1.842
4.315
2.814
2.142
1.695
2.917
1.284
0.942
0.508
0.377
0.352
0.303
0.379
0.462
0.849
1.294
1.543
2.298
1.791
1.341
1.496
1.631
1.509
1.713
1.777
3.978
2.865
2.16
1.706
2.949
1.204
0.961
0.54
0.415
0.377
0.308
0.375
0.453
0.827
1.242
1.52
2.49
2.145
1.333
1.713
1.592
1.432
1.914
1.799
3.991
3.004
2.069
1.749
2.863
1.177
0.908
0.518
0.416
0.364
0.311
0.412
0.427
0.802
1.388
1.438
2.291
2.014
1.233
1.574
1.489
1.339
1.744
1.656
3.935
2.991
2.027
1.784
3.178
1.321
0.866
0.504
0.41
0.354
0.307
0.41
0.424
0.797
1.609
1.408
2.24
1.993
1.18
1.459
1.419
1.312
1.602
1.519
3.726
3.051
1.912
1.717
2.955
1.269
0.822
0.483
0.403
0.348
0.302
0.397
0.446
0.761
1.998
1.379
2.049
1.846
1.103
1.341
1.426
1.39
1.555
1.441
3.637
3.293
1.783
1.802
3.369
1.367
0.816
0.484
0.4
0.34
0.308
0.385
0.429
0.733
2.378
1.369
2.144
1.839
1.134
1.295
1.44
1.43
1.541
1.481
3.947
3.321
1.713
1.799
3.211
1.402
0.795
0.47
0.384
0.34
0.316
0.368
0.437
0.954
2.266
1.363
2.07
1.736
1.069
1.315
1.53
1.403
1.463
1.462
3.683
3.569
1.823
1.83
2.955
1.327
0.773
0.487
0.373
0.332
0.314
0.368
0.421
0.927
2.145
1.625
2.475
1.828
1.382
1.294
1.425
1.571
1.587
1.445
3.653
3.964
1.82
1.884
2.931
1.274
0.764
0.467
0.379
0.322
0.305
0.371
0.418
0.887
1.99
1.737
2.643
2.208
1.496
1.273
2.129
1.593
1.657
1.54
3.424
3.789
1.783
1.801
2.838
1.588
0.726
0.472
0.366
0.318
0.309
0.425
0.401
0.856
1.889
2.168
2.437
2.052
1.387
1.173
1.944
1.507
1.549
1.413
3.285
3.773
1.831
2.061
2.646
1.558
0.767
0.495
0.371
0.323
0.33
0.433
0.403
0.889
1.844
2.053
2.327
1.897
1.279
1.15
2.003
1.585
1.451
1.301
3.166
3.811
1.792
1.977
2.512
1.509
0.786
0.496
0.371
0.337
0.354
0.426
0.439
0.869
1.729
2.083
2.168
1.762
1.32
1.09
1.906
1.512
1.405
1.285
3.266
3.943
1.891
2.033
2.456
1.479
0.816
0.547
0.375
0.352
0.363
0.425
0.435
0.859
1.751
2.29
2.596
1.674
1.309
1.016
2.596
1.647
1.501
1.347
3.529
3.857
1.825
1.956
2.334
1.429
0.814
0.584
0.409
0.366
0.368
0.43
0.466
0.833
1.796
2.253
2.599
1.706
1.281
0.987
2.411
1.574
1.514
1.489
3.378
3.893
1.78
1.839
2.178
1.384
0.784
0.56
0.417
0.359
0.357
0.42
0.503
0.971
2.184
2.139
2.464
1.772
1.288
0.928
2.242
1.865
1.49
1.493
3.387
4.216
1.721
1.794
2.18
1.353
0.771
0.595
0.436
0.364
0.365
0.404
0.479
0.953
2.04
2.096
2.356
1.915
1.463
0.946
2.22
1.812
2.097
1.539
3.524
4.042
1.672
1.75
2.095
1.297
0.77
0.577
0.432
0.379
0.38
0.441
0.472
0.919
1.957
2.041
2.546
1.811
1.349
0.887
2.031
1.667
2.105
1.579
3.374
4.14
1.734
1.992
2.04
1.356
0.785
0.606
0.421
0.382
0.381
0.453
0.473
0.917
1.932
1.989
2.477
1.69
1.275
0.894
1.974
1.58
1.995
1.676
3.311
4.571
1.841
2.098
2.125
1.308
0.752
0.568
0.416
0.377
0.361
0.441
0.518
0.881
2.096
2.022
2.292
1.554
1.176
0.835
1.812
1.555
1.869
1.571
3.462
4.575
2.411
2.138
2.419
1.368
0.759
0.579
0.422
0.375
0.36
0.438
0.512
0.862
2.082
2.033
2.14
1.497
1.394
0.93
1.804
1.578
1.819
1.559
3.315
4.445
2.265
2.067
2.603
1.312
0.753
0.567
0.403
0.37
0.363
0.418
0.522
0.84
1.99
1.963
2.288
1.543
1.378
0.871
1.658
1.523
1.744
1.56
3.467
5.014
2.203
2.227
2.596
1.322
1.077
0.641
0.416
0.376
0.384
0.413
0.52
0.822
1.926
2.041
2.479
1.533
1.343
0.9
1.685
1.551
1.878
1.53
3.266
5.023
2.094
2.162
2.459
1.309
1.187
0.647
0.423
0.394
0.381
0.412
0.508
0.854
2.019
2.441
2.959
2.326
1.318
0.842
1.537
1.426
1.771
1.47
3.118
4.745
2.1
2.048
2.362
1.473
1.154
0.617
0.413
0.393
0.379
0.43
0.485
0.829
1.922
2.262
3.153
2.205
1.23
0.808
1.461
1.368
1.643
1.369
2.973
4.543
2.271
2.163
2.422
1.543
1.079
0.6
0.414
0.4
0.378
0.434
0.474
0.838
1.802
2.217
2.927
2.021
1.184
0.812
1.398
1.325
1.569
1.576
3.307
4.385
2.318
2.093
2.307
1.462
1.009
0.58
0.408
0.386
0.375
0.424
0.495
0.808
1.845
2.083
3.1
2.019
1.207
0.772
1.291
1.278
1.499
1.452
3.352
4.386
2.294
2.031
2.268
1.424
0.968
0.562
0.393
0.397
0.363
0.419
0.491
0.774
1.781
2.259
3.038
1.904
1.125
0.731
1.353
1.189
1.387
1.405
3.095
4.093
2.259
1.922
2.168
1.385
0.91
0.551
0.394
0.4
0.368
0.417
0.531
0.736
1.739
2.818
2.853
1.795
1.056
0.703
1.266
1.104
1.364
1.465
3.194
3.991
2.21
1.846
2.099
1.364
0.888
0.557
0.403
0.407
0.374
0.468
0.529
0.684
1.675
2.604
2.928
1.726
1.848
1.047
1.551
1.382
1.357
1.509
3.033
3.807
2.182
1.778
2.013
1.304
0.863
0.565
0.424
0.429
0.385
0.467
0.518
0.662
1.578
2.469
2.772
1.954
1.876
1.364
1.599
1.339
1.385
1.568
3.088
3.811
2.163
1.845
2.057
1.276
0.821
0.553
0.435
0.447
0.384
0.504
0.503
0.652
1.787
3.014
2.893
1.894
1.758
1.273
1.487
1.303
1.467
1.643
3.091
3.873
2.285
1.869
2.003
1.284
0.83
0.559
0.438
0.444
0.384
0.491
0.538
0.703
1.744
3.052
2.88
1.757
1.625
1.193
1.456
2.012
1.635
1.582
3.119
3.873
2.212
1.846
1.971
1.371
0.832
0.561
0.438
0.433
0.394
0.492
0.65
0.758
1.661
2.835
2.729
1.98
1.697
1.19
1.393
1.886
1.6
1.542
3.187
3.839
2.43
1.844
2.095
1.415
0.894
0.686
0.464
0.442
0.409
0.48
0.625
0.811
1.713
2.668
2.543
1.88
1.605
1.175
1.406
1.877
1.559
1.483
3.179
3.766
2.358
1.781
2.061
1.415
0.876
0.652
0.479
0.449
0.407
0.471
0.664
0.809
1.713
2.563
2.37
1.736
1.515
1.394
1.416
1.783
2.41
1.985
3.103
3.607
2.267
1.755
1.976
1.397
0.895
0.659
0.472
0.443
0.421
0.508
0.685
0.784
2.027
2.996
3.111
2.008
1.624
1.54
1.441
2.034
3.013
2.309
2.983
3.419
2.206
1.853
2.084
1.457
0.994
0.707
0.48
0.44
0.427
0.508
0.658
0.752
1.919
2.803
2.949
2.346
1.745
1.492
1.439
2.084
2.82
2.22
3.018
3.252
2.23
1.888
2.01
1.443
0.977
0.701
0.478
0.429
0.414
0.508
0.703
0.779
1.873
2.649
2.897
2.224
1.702
1.431
1.379
1.956
2.738
2.135
3.013
3.409
2.193
2.192
1.922
1.422
0.992
0.672
0.469
0.428
0.396
0.491
0.679
0.732
1.787
2.465
2.828
2.278
1.677
1.845
1.419
2.015
2.568
2.535
2.957
3.312
2.089
2.06
1.828
1.398
0.995
0.692
0.476
0.437
0.403
0.499
0.762
0.744
1.707
2.331
2.618
2.411
1.751
1.903
1.763
2.211
2.767
2.631
3.419
3.448
2.068
2.04
1.786
1.387
1.021
0.746
0.553
0.559
0.432
0.488
0.722
0.71
1.722
2.982
3.007
2.369
1.855
1.851
1.97
2.127
2.604
2.49
3.427
3.662
2.022
1.944
1.789
1.349
1.016
