0.0
0.0
0.0
0.0
0.0
0.0
0.0
0.0
0.0
0.0
0.0
0.0
0.0
0.0
0.0
0.0
0.0
0.0
0.0
0.0
0.0
0.0
0.0
0.0
0.0
0.0
0.0
0.0
0.0
0.0
0.0
0.0
0.0
0.0
0.0
0.0
0.0
0.0
0.0
0.0
0.0
0.0
0.0
0.0
0.0
0.0
0.0
0.0
0.0
0.0
0.0
0.0
0.0
0.0
0.0
0.0
0.0
0.0
0.0
0.0
0.0
0.0
0.0
0.0
0.0
0.0
0.0
0.0
0.0
0.0
0.0
0.0
0.0
0.0
0.0
0.0
0.0
0.0
0.0
0.0
0.0
0.0
0.0
0.0
0.0
0.0
0.0
0.0
0.0
0.0
0.0
0.0
0.0
0.0
0.0
0.0
0.0
0.0
0.0
0.0
0.0
0.0
0.0
0.0
0.0
0.0
0.0
0.0
0.0
0.0
0.0
0.0
0.0
0.0
0.0
0.0
0.0
0.0
0.0
0.0
0.0
0.0
0.0
0.0
0.0
0.0
0.0
0.0
0.0
0.0
0.0
0.0
0.0
0.0
0.0
0.0
0.0
0.0
0.0
0.0
0.0
0.0
0.0
0.0
0.0
0.0
0.0
0.0
0.0
0.0
0.0
0.0
0.0
0.0
0.0
0.0
0.0
0.0
0.0
0.0
0.0
0.0
0.0
0.0
0.0
0.0
0.0
0.0
0.0
0.0
0.0
0.0
0.0
0.0
0.0
0.0
0.0
0.0
0.0
0.0
0.0
0.0
0.0
0.0
0.0
0.0
0.0
0.0
0.0
0.0
0.0
0.0
0.0
0.0
0.0
0.0
0.0
0.0
0.0
0.0
0.0
0.0
0.0
0.0
0.0
0.0
0.0
0.0
0.0
0.0
0.0
0.0
0.0
0.0
0.0
0.0
0.0
0.0
0.0
0.0
0.0
0.0
0.0
0.0
0.0
0.0
0.0
0.0
0.0
0.0
0.0
0.0
0.0
0.0
0.0
0.0
0.0
0.0
0.0
0.0
0.0
0.0
0.0
0.0
0.0
0.0
0.0
0.0
0.0
0.0
0.0
0.0
0.0
0.0
0.0
0.0
0.0
0.0
0.0
0.0
0.0
0.0
0.0
0.0
0.0
0.0
0.0
0.0
0.0
0.0
0.0
0.0
0.0
0.0
0.0
0.0
0.0
0.0
0.0
0.0
0.0
0.0
0.0
0.0
0.0
0.0
0.0
0.0
0.0
0.0
0.0
0.0
0.0
0.0
0.0
0.0
0.0
0.0
0.0
0.0
0.0
0.0
0.0
0.0
0.0
0.0
0.0
0.0
0.0
0.0
0.0
0.0
0.0
0.0
0.0
0.0
0.0
0.0
0.0
0.0
0.0
0.0
0.0
0.0
0.0
0.0
0.0
0.0
0.0
0.0
0.0
0.0
0.0
0.0
0.0
0.0
0.0
0.0
0.0
0.0
0.0
0.0
0.0
0.0
0.0
0.0
0.0
0.0
0.0
0.0
0.0
0.0
0.0
0.0
0.0
0.0
0.0
0.0
0.0
0.0
0.0
0.0
0.0
0.0
0.0
0.0
0.0
0.0
0.0
0.0
0.0
0.0
0.0
0.0
0.0
0.0
0.0
0.0
0.0
0.0
0.0
0.0
0.0
0.0
0.0
0.0
0.0
0.0
0.0
0.0
0.0
0.0
0.0
0.0
0.0
0.0
0.0
0.0
0.0
0.0
0.0
0.0
0.0
0.0
0.0
0.0
0.0
0.0
0.0
0.0
0.0
0.0
0.0
0.0
0.0
0.0
0.0
0.0
0.0
0.0
0.0
0.0
0.0
0.0
0.0
0.0
0.0
0.0
0.0
0.0
0.0
0.0
0.0
0.0
0.0
0.0
0.0
0.0
0.0
0.0
0.0
0.0
0.0
0.0
0.0
0.0
0.0
0.0
0.0
0.0
0.0
0.0
0.0
0.0
0.0
0.0
0.0
0.0
0.0
0.0
0.0
0.0
0.0
0.0
0.0
0.0
0.0
0.0
0.0
0.0
0.0
0.0
0.0
0.0
0.0
0.0
0.0
0.0
0.0
0.0
0.0
0.0
0.0
0.0
0.0
0.0
0.0
0.0
0.0
0.0
0.0
0.0
0.0
0.0
0.0
0.0
0.0
0.0
0.0
0.0
0.0
0.0
0.0
0.0
0.0
0.267
0.255
0.207
0.237
0.325
0.23
0.431
0.815
0.742
0.299
0.216
0.625
0.721
0.363
0.502
0.676
0.75
1.884
1.433
0.737
1.721
0.834
1.661
1.213
0.285
0.278
0.203
0.218
0.325
0.236
0.432
0.926
0.636
0.281
0.211
0.63
0.729
0.347
0.414
0.676
0.686
1.84
1.654
0.869
1.721
1.094
1.542
1.661
0.262
0.29
0.211
0.209
0.337
0.236
0.413
0.818
0.646
0.283
0.24
0.659
0.549
0.337
0.383
0.526
0.603
1.729
0.818
1.303
1.337
1.148
1.798
1.187
0.274
0.282
0.201
0.215
0.32
0.223
0.429
0.738
0.69
0.327
0.307
0.458
0.631
0.376
0.432
0.661
0.603
0.922
0.816
1.799
1.58
1.192
2.011
1.481
0.348
0.255
0.211
0.266
0.261
0.237
0.289
0.476
0.285
0.473
1.174
1.672
1.714
0.944
1.247
1.682
1.077
1.725
0.85
1.494
1.338
1.588
1.507
1.602
0.992
0.263
0.198
0.245
0.283
0.235
0.34
0.476
0.275
0.654
1.192
1.647
1.252
0.944
0.728
1.196
0.934
1.514
1.099
1.346
0.849
1.588
1.491
1.14
0.28
0.289
0.192
0.243
0.328
0.206
0.437
0.745
0.793
0.548
0.405
0.24
0.589
0.375
0.454
0.837
0.406
0.949
0.816
1.799
1.642
0.947
2.011
0.626
0.28
0.285
0.193
0.249
0.314
0.204
0.463
0.728
0.745
0.522
0.413
0.398
0.603
0.366
0.427
0.775
0.426
1.038
1.135
2.052
1.577
0.912
2.038
0.586
0.274
0.289
0.191
0.242
0.32
0.206
0.459
0.755
0.699
0.491
0.398
0.386
0.656
0.367
0.421
0.728
0.438
1.024
1.081
1.892
1.463
1.238
1.925
0.697
0.263
0.282
0.209
0.246
0.305
0.21
0.475
0.745
0.679
0.465
0.389
0.377
0.611
0.352
0.41
0.714
0.43
0.974
0.993
1.789
1.431
1.639
1.975
0.655
0.261
0.282
0.208
0.246
0.309
0.207
0.472
0.962
0.897
0.44
0.383
0.366
0.639
0.371
0.408
0.675
0.707
0.982
0.961
1.674
1.387
1.81
2.152
0.638
0.258
0.282
0.211
0.242
0.311
0.218
0.466
0.912
0.927
0.419
0.361
0.359
0.667
0.361
0.383
0.634
0.673
1.015
1.106
1.838
1.34
1.802
2.094
0.784
0.251
0.277
0.217
0.248
0.299
0.219
0.485
0.852
0.854
0.405
0.357
0.34
0.681
0.44
0.823
0.642
0.689
1.086
1.088
1.831
1.48
1.974
2.039
0.816
0.303
0.277
0.222
0.239
0.298
0.224
0.455
0.822
0.937
0.635
0.549
0.347
0.651
0.478
0.834
0.965
0.667
1.178
1.043
1.77
1.524
1.891
2.052
0.789
0.301
0.277
0.221
0.243
0.288
0.223
0.471
0.793
0.895
0.609
0.519
0.417
0.66
0.465
0.771
0.889
0.631
1.129
1.21
1.821
1.526
1.821
1.982
0.86
0.291
0.288
0.217
0.24
0.289
0.222
0.479
0.831
0.823
0.586
0.492
0.391
0.699
0.459
0.711
0.842
0.593
1.113
1.299
1.904
1.468
1.825
1.871
0.949
0.284
0.283
0.228
0.232
0.288
0.224
0.482
0.803
0.874
0.561
0.487
0.403
0.712
0.431
0.698
0.819
0.549
1.064
1.405
1.961
1.416
1.811
1.922
0.892
0.287
0.275
0.23
0.24
0.275
0.228
0.486
0.885
0.815
0.525
0.467
0.386
0.77
0.43
0.658
0.756
0.569
1.071
1.322
1.857
1.715
1.736
1.997
0.84
0.274
0.27
0.233
0.238
0.28
0.221
0.478
0.864
0.769
0.5
0.437
0.385
0.756
0.403
0.775
0.882
0.9
1.042
1.282
1.792
1.664
1.762
1.878
0.981
0.279
0.26
0.234
0.245
0.272
0.228
0.474
0.807
0.722
0.47
0.42
0.374
0.783
0.467
1.072
0.884
0.871
1.13
1.202
1.779
1.934
1.682
1.847
1.002
0.268
0.268
0.233
0.243
0.276
0.222
0.447
0.817
1.005
0.655
0.72
0.754
0.75
0.57
1.018
0.932
0.841
1.186
1.136
1.65
1.993
1.615
1.717
1.105
0.274
0.265
0.226
0.246
0.274
0.221
0.461
0.806
0.942
0.62
0.671
0.699
0.77
0.534
0.933
0.871
0.781
1.178
1.513
1.534
1.882
1.643
1.795
1.044
0.273
0.26
0.224
0.254
0.264
0.218
0.465
0.806
0.885
0.579
0.644
0.658
0.772
0.509
0.869
0.837
0.782
1.212
1.714
1.429
1.883
1.595
1.71
1.268
0.264
0.261
0.221
0.25
0.273
0.214
0.46
0.778
0.827
0.547
0.63
0.615
0.729
0.483
0.847
0.81
0.779
1.4
1.796
1.334
2.058
1.556
1.734
1.23
0.264
0.253
0.225
0.244
0.265
0.225
0.459
0.747
0.768
0.509
0.596
0.573
0.75
0.45
1.142
0.801
0.73
1.432
1.68
1.335
1.921
1.498
1.749
1.303
0.262
0.248
0.231
0.24
0.263
0.218
0.457
0.736
0.717
0.478
0.558
0.532
0.768
0.427
1.054
0.741
0.678
1.414
1.919
1.389
1.807
1.47
1.838
1.205
0.255
0.25
0.225
0.238
0.256
0.223
0.462
0.695
0.666
0.449
0.528
0.5
0.867
0.48
1.387
0.815
0.682
1.425
1.796
1.429
1.703
1.425
1.9
1.15
0.252
0.244
0.223
0.235
0.254
0.224
0.439
1.124
0.996
0.855
0.627
0.563
0.939
0.509
1.312
0.894
0.676
1.498
1.672
1.451
1.658
1.379
1.799
1.083
0.255
0.238
0.228
0.23
0.255
0.222
0.451
1.038
0.924
0.895
0.599
0.523
0.95
0.513
1.343
0.837
0.636
1.439
1.896
1.41
1.836
1.324
1.745
1.112
0.253
0.237
0.23
0.228
0.254
0.221
0.456
0.963
0.855
0.823
0.563
0.566
0.923
0.479
1.236
0.773
0.6
1.364
1.76
1.315
2.145
1.306
1.767
1.079
0.255
0.232
0.234
0.224
0.255
0.216
0.46
0.889
0.794
0.778
0.751
0.8
0.883
0.446
1.166
0.715
0.935
1.439
1.668
1.245
2.011
1.274
1.814
0.994
0.257
0.231
0.234
0.219
0.253
0.215
0.466
0.819
0.737
0.789
0.705
0.743
0.879
0.417
1.075
0.664
0.916
1.36
1.614
1.465
1.953
1.249
1.755
1.036
0.262
0.229
0.236
0.213
0.255
0.215
0.477
0.761
0.687
0.726
0.662
0.689
0.911
0.391
0.993
0.618
0.947
1.517
1.692
1.618
1.814
1.204
1.701
0.998
0.315
0.25
0.234
0.222
0.245
0.218
0.475
0.725
0.641
0.673
0.618
0.635
0.846
0.371
0.922
0.604
1.042
1.744
1.743
1.506
1.788
1.139
1.584
1.097
0.303
0.253
0.23
0.225
0.236
0.221
0.449
0.683
0.676
1.037
0.649
0.593
1.164
0.404
0.892
0.667
1.005
1.715
1.64
1.433
1.753
1.107
1.488
1.004
0.299
0.246
0.238
0.223
0.238
0.215
0.432
0.642
0.633
0.957
0.6
0.631
1.087
0.394
0.823
0.624
0.922
1.625
1.525
1.343
1.701
1.359
1.568
0.94
0.298
0.238
0.24
0.219
0.244
0.213
0.466
0.604
0.594
0.881
0.568
0.588
1.103
0.372
0.764
0.586
0.869
1.618
1.448
1.289
1.616
1.346
1.489
0.867
0.291
0.237
0.244
0.215
0.246
0.208
0.49
0.571
0.563
0.81
0.536
0.544
1.084
0.355
0.716
0.547
0.917
1.522
1.501
1.459
1.527
1.341
1.62
0.804
0.286
0.236
0.246
0.211
0.246
0.203
0.488
0.535
0.535
0.78
0.706
0.518
1.075
0.339
0.671
0.514
0.874
1.424
1.399
1.37
1.675
1.551
1.655
0.75
0.276
0.241
0.241
0.218
0.239
0.207
0.479
0.516
0.577
0.732
0.653
0.492
1.042
0.335
0.624
0.491
0.802
1.364
1.427
1.667
1.63
1.498
1.681
0.883
0.274
0.238
0.24
0.212
0.243
0.206
0.484
0.498
0.543
0.675
0.616
0.463
1.02
0.396
0.615
0.864
0.834
1.574
1.392
1.531
1.583
1.558
1.545
0.821
0.267
0.244
0.236
0.214
0.237
0.207
0.46
0.47
0.848
0.89
0.918
0.53
0.956
0.38
0.583
0.798
0.819
1.46
1.311
1.741
1.689
1.438
1.418
0.759
0.27
0.235
0.236
0.212
0.24
0.208
0.46
0.445
0.781
0.862
0.878
0.529
0.918
0.371
0.546
0.745
0.753
1.385
1.228
1.815
1.61
1.385
1.478
0.711
0.265
0.236
0.23
0.215
0.239
0.214
0.457
0.475
0.83
0.935
0.839
0.536
0.893
0.371
0.511
0.698
0.695
1.341
1.174
1.753
1.589
1.675
1.54
0.663
0.261
0.236
0.23
0.213
0.235
0.211
0.464
0.5
0.843
0.857
0.778
0.502
0.831
0.352
0.483
0.811
0.699
1.254
1.129
2.002
1.548
1.561
1.646
0.615
0.259
0.227
0.233
0.212
0.237
0.207
0.472
0.477
0.778
0.799
0.825
0.714
0.934
0.345
0.571
0.761
0.742
1.236
1.069
1.879
1.728
1.601
1.715
0.644
0.249
0.23
0.229
0.22
0.232
0.211
0.467
0.507
0.725
0.738
0.818
0.745
0.913
0.365
0.674
0.756
0.978
1.177
1.085
1.795
1.679
1.658
1.643
0.783
0.24
0.234
0.228
0.228
0.226
0.211
0.472
0.495
0.678
0.679
0.76
0.69
0.851
0.435
0.7
0.719
0.948
1.35
1.13
1.67
1.637
1.583
1.7
0.738
0.231
0.235
0.223
0.234
0.223
0.215
0.472
0.469
0.814
1.424
0.751
0.69
0.836
0.446
0.704
0.703
0.943
1.281
1.141
1.746
1.522
1.481
1.659
0.893
0.235
0.226
0.227
0.233
0.222
0.217
0.439
0.478
0.751
1.31
0.714
0.7
0.809
0.421
0.662
0.647
0.906
1.233
1.075
1.643
1.497
1.734
1.566
0.993
0.227
0.223
0.229
0.23
0.227
0.211
0.446
0.456
0.705
1.195
0.662
0.65
0.838
0.403
0.762
0.663
0.835
1.207
1.039
1.941
1.392
1.675
1.561
0.913
0.224
0.22
0.234
0.227
0.227
0.204
0.457
0.437
0.662
1.091
0.615
0.607
0.848
0.386
0.701
0.62
0.768
1.163
0.988
1.799
1.615
1.775
1.589
0.842
0.224
0.213
0.238
0.224
0.231
0.199
0.46
0.42
0.622
1.0
0.793
0.807
0.821
0.375
0.648
0.58
0.734
1.102
0.944
1.713
1.664
1.687
1.559
0.785
0.22
0.213
0.237
0.224
0.235
0.195
0.467
0.407
0.588
0.92
0.738
0.741
0.832
0.358
0.668
0.604
0.7
1.041
0.921
1.642
1.615
1.609
1.477
0.803
0.22
0.218
0.235
0.233
0.23
0.202
0.466
0.529
0.617
1.366
0.713
0.83
0.832
0.479
0.66
0.68
0.685
1.272
0.911
1.592
1.573
1.556
1.387
0.753
0.225
0.224
0.24
0.232
0.241
0.2
0.475
0.516
0.574
1.272
0.754
0.775
0.802
0.467
0.615
0.64
0.633
1.174
0.84
1.461
1.493
1.605
1.282
0.704
0.229
0.223
0.24
0.225
0.246
0.2
0.488
0.49
0.542
1.161
0.968
0.903
0.811
0.44
0.579
0.663
0.613
1.146
0.818
1.438
1.47
1.53
1.233
0.706
0.235
0.22
0.242
0.219
0.253
0.202
0.491
0.466
0.514
1.064
0.9
0.834
0.75
0.417
0.555
0.626
0.582
1.127
0.804
1.383
1.401
1.498
1.228
0.761
0.248
0.219
0.245
0.213
0.258
0.205
0.496
0.449
0.484
0.984
0.832
0.936
0.714
0.402
0.521
0.592
0.579
1.07
0.823
1.626
1.353
1.455
1.418
0.714
0.247
0.216
0.244
0.213
0.262
0.203
0.501
0.422
0.465
0.906
0.969
1.104
0.729
0.381
0.499
0.553
0.544
1.125
0.869
1.502
1.288
1.387
1.365
0.72
0.244
0.224
0.236
0.217
0.253
0.212
0.5
0.447
0.498
0.843
0.892
1.024
0.752
0.367
0.465
0.523
0.533
1.108
0.858
1.457
1.295
1.352
1.32
0.684
0.251
0.224
0.238
0.213
0.253
0.216
0.472
0.448
0.507
0.835
0.825
1.221
1.035
0.392
0.582
0.53
0.75
1.056
0.979
1.42
1.296
1.31
1.234
0.639
0.248
0.224
0.24
0.218
0.246
0.219
0.451
0.432
0.503
1.317
1.017
1.168
0.984
0.407
0.567
0.553
0.75
0.986
0.912
1.293
1.195
1.615
1.298
0.595
0.243
0.225
0.236
0.226
0.239
0.222
0.45
0.421
0.474
1.205
0.961
1.102
0.945
0.386
0.539
0.515
0.734
0.953
0.879
1.289
1.207
1.559
1.27
0.619
0.247
0.218
0.242
0.227
0.232
0.226
0.456
0.425
0.561
1.115
0.885
1.012
0.954
0.366
0.505
0.486
0.722
0.949
0.865
1.273
1.198
1.527
1.218
0.573
0.255
0.218
0.24
0.224
0.227
0.234
0.458
0.415
0.521
1.027
0.859
1.109
0.948
0.347
0.485
0.457
0.71
0.904
0.98
1.265
1.201
1.555
1.185
0.554
0.251
0.225
0.243
0.223
0.237
0.227
0.474
0.4
0.492
0.948
0.871
1.032
0.928
0.34
0.458
0.437
0.681
0.903
0.959
1.232
1.189
1.489
1.156
0.567
0.255
0.22
0.245
0.221
0.244
0.226
0.478
0.392
0.464
0.883
0.804
0.954
0.946
0.337
0.452
0.538
0.829
0.888
0.96
1.239
1.18
1.45
1.122
0.549
0.256
0.218
0.25
0.219
0.24
0.225
0.451
0.419
0.435
0.819
0.74
0.887
0.873
0.528
0.485
0.627
1.418
1.489
1.238
1.546
1.251
1.352
1.053
0.628
0.504
0.347
0.265
0.214
0.235
0.237
0.425
0.487
0.993
1.094
0.735
0.861
0.871
0.521
0.492
0.609
1.32
1.422
1.183
1.469
1.232
1.335
1.029
0.594
0.473
0.332
0.268
0.211
0.23
0.24
0.427
0.466
0.919
1.001
0.736
0.797
0.803
0.499
0.463
0.569
1.266
1.325
1.114
1.416
1.216
1.354
1.038
0.602
0.455
0.316
0.259
0.218
0.224
0.238
0.41
0.464
0.92
0.922
0.681
0.745
0.827
0.542
0.467
0.581
1.17
1.292
1.092
1.373
1.226
1.295
1.028
0.571
0.43
0.307
0.262
0.215
0.224
0.238
0.418
0.46
0.851
0.849
0.641
0.691
0.829
0.516
0.437
0.541
1.127
1.257
1.103
1.352
1.212
1.273
1.005
0.588
0.42
0.296
0.254
0.223
0.219
0.235
0.435
0.491
0.882
0.79
0.626
0.655
0.826
0.486
0.418
0.555
1.107
1.249
1.126
1.37
1.234
1.248
1.029
0.554
0.398
0.299
0.248
0.219
0.225
0.228
0.446
0.484
0.862
0.896
0.72
0.753
0.9
0.456
0.395
0.531
1.015
1.331
1.099
1.33
1.182
1.232
0.994
0.562
0.392
0.291
0.247
0.223
0.219
0.227
0.426
0.492
0.801
0.829
0.666
0.704
1.066
0.57
0.526
0.524
1.057
1.678
1.346
1.237
1.11
1.231
0.936
0.584
0.602
0.289
0.244
0.218
0.222
0.223
0.402
0.501
0.738
0.795
0.63
1.102
1.186
0.551
0.489
0.488
0.979
1.585
1.328
1.227
1.131
1.222
0.941
0.546
0.568
0.282
0.239
0.225
0.221
0.219
0.42
0.483
0.68
0.741
0.587
1.067
1.119
0.515
0.459
0.466
0.925
1.53
1.313
1.214
1.119
1.23
0.939
0.548
0.531
0.286
0.235
0.22
0.229
0.214
0.42
0.48
0.631
0.686
0.557
0.978
1.082
0.49
0.433
0.459
0.933
1.462
1.274
1.205
1.176
1.234
0.931
0.516
0.504
0.286
0.229
0.215
0.235
0.213
0.432
0.482
0.583
0.634
0.531
1.123
1.02
0.468
0.406
0.447
0.925
1.408
1.237
1.26
1.134
1.227
0.946
0.487
0.472
0.287
0.232
0.212
0.235
0.215
0.441
0.477
0.553
0.895
0.571
1.083
0.96
0.446
0.386
0.441
0.888
1.395
1.196
1.214
1.126
1.204
0.93
0.472
0.446
0.278
0.238
0.208
0.228
0.225
0.448
0.47
0.525
1.117
0.617
1.031
0.998
0.429
0.371
0.435
0.853
1.486
1.21
1.247
1.129
1.182
0.933
0.492
0.423
0.305
0.234
0.229
0.258
0.225
0.445
0.487
0.495
1.022
0.578
0.955
1.098
0.647
0.527
0.42
0.8
1.383
1.116
1.154
1.088
1.121
0.878
0.484
0.414
0.307
0.228
0.223
0.263
0.223
0.449
0.473
0.475
0.936
0.931
1.066
1.241
0.65
0.544
0.423
0.838
1.339
1.115
1.128
1.118
1.138
0.889
0.517
0.409
0.293
0.223
0.236
0.257
0.219
0.434
0.442
0.498
1.165
0.858
0.997
1.153
0.659
0.534
0.458
0.847
1.48
1.131
1.169
1.098
1.145
0.862
0.56
0.41
0.282
0.222
0.247
0.248
0.214
0.422
0.445
0.502
1.107
0.788
0.915
1.075
0.718
0.502
0.438
0.8
1.382
1.349
1.134
1.04
1.086
0.838
0.62
0.397
0.284
0.219
0.244
0.248
0.21
0.406
0.455
0.55
1.043
0.726
0.84
0.998
0.738
0.469
0.423
0.759
1.329
1.38
1.162
1.057
1.098
0.88
0.638
0.375
0.281
0.216
0.249
0.243
0.215
0.382
0.47
0.637
0.992
0.672
0.78
0.914
0.76
0.452
0.485
0.768
1.301
1.396
1.168
1.069
1.1
0.914
0.671
0.361
0.282
0.212
0.25
0.236
0.224
0.364
0.482
0.892
0.961
0.622
0.733
0.841
0.784
0.496
0.553
0.79
1.318
1.381
1.15
1.076
1.097
0.909
0.701
0.42
0.278
0.216
0.247
0.232
0.227
0.347
0.487
0.835
0.889
0.576
0.684
0.778
0.815
0.498
0.549
0.786
1.35
1.345
1.109
1.049
1.104
0.933
0.717
0.454
0.267
0.229
0.241
0.234
0.225
0.345
0.455
0.779
0.842
0.549
0.75
0.958
1.048
0.508
0.521
0.769
1.276
1.352
1.097
1.143
1.126
0.949
0.762
0.514
0.269
0.23
0.247
0.228
0.229
0.329
0.465
0.727
0.783
0.509
0.704
1.055
1.066
0.472
0.521
0.758
1.28
1.314
1.081
1.112
1.11
0.946
0.772
0.529
0.259
0.233
0.243
0.234
0.221
0.32
0.468
0.69
0.843
0.489
0.653
0.98
1.049
0.45
0.486
0.735
1.199
1.354
1.06
1.075
1.1
0.946
0.788
0.502
0.253
0.228
0.243
0.233
0.225
0.303
0.47
0.652
0.786
0.457
0.61
1.124
1.033
0.422
0.46
0.702
1.135
1.355
1.098
1.144
1.12
0.976
0.825
0.497
0.258
0.222
0.242
0.229
0.229
0.295
0.455
0.631
0.732
0.434
0.86
1.187
1.053
0.398
0.437
0.676
1.118
1.36
1.107
1.171
1.112
1.007
0.83
0.552
0.26
0.228
0.234
0.23
0.223
0.293
0.461
0.611
0.677
0.413
0.789
1.092
0.967
0.385
0.412
0.653
1.079
1.351
1.102
1.192
1.18
1.061
0.844
0.557
0.253
0.231
0.236
0.232
0.224
0.282
0.452
0.598
0.636
0.391
0.737
0.999
0.984
0.49
0.446
0.658
1.722
1.589
1.108
1.213
1.228
1.071
0.861
0.52
0.258
0.231
0.233
0.24
0.221
0.281
0.431
0.587
0.608
0.387
0.706
0.985
1.094
0.509
0.512
0.696
1.704
1.542
1.117
1.206
1.253
1.07
0.869
0.511
0.258
0.227
0.23
0.236
0.225
0.274
0.419
0.576
0.567
0.369
0.713
0.959
1.05
0.475
0.481
0.669
1.627
1.523
1.139
1.195
1.27
1.073
0.873
0.522
0.248
0.233
0.228
0.24
0.219
0.27
0.425
0.552
0.529
0.358
0.763
0.973
1.013
0.45
0.46
0.664
1.538
1.52
1.151
1.212
1.322
1.096
0.829
0.5
0.245
0.236
0.222
0.241
0.218
0.272
0.428
0.521
0.492
0.349
0.706
0.902
1.004
0.429
0.43
0.647
1.434
1.504
1.136
1.224
1.325
1.099
0.851
0.483
0.241
0.237
0.215
0.242
0.217
0.27
0.442
0.498
0.462
0.336
0.66
0.829
0.957
0.412
0.425
0.634
1.414
1.471
1.165
1.252
1.326
1.129
0.908
0.478
0.242
0.235
0.223
0.237
0.218
0.26
0.448
0.477
0.438
0.417
0.617
0.848
0.959
0.402
0.416
0.622
1.338
1.497
1.188
1.254
1.315
1.143
0.916
0.502
0.241
0.236
0.229
0.23
0.228
0.254
0.455
0.48
0.424
0.393
0.578
0.78
0.89
0.383
0.395
0.796
1.557
1.51
1.197
1.272
1.359
1.162
0.962
0.546
0.236
0.241
0.227
0.232
0.222
0.254
0.437
0.589
0.488
0.732
0.83
0.763
0.875
0.43
0.392
0.768
1.493
1.511
1.166
1.264
1.329
1.151
0.957
0.534
0.237
0.239
0.227
0.233
0.23
0.251
0.451
0.564
0.465
0.704
0.775
0.705
0.811
0.591
0.387
0.801
1.499
1.455
1.158
1.248
1.345
1.17
0.982
0.548
0.25
0.238
0.233
0.233
0.235
0.247
0.468
0.532
0.453
0.717
0.727
0.698
0.789
0.55
0.381
0.758
1.458
1.423
1.156
1.239
1.312
1.155
0.983
0.516
0.249
0.233
0.231
0.235
0.235
0.247
0.47
0.519
0.425
0.672
0.739
0.693
0.779
0.521
0.358
0.73
1.36
1.444
1.15
1.234
1.314
1.161
0.981
0.554
0.246
0.239
0.228
0.239
0.234
0.247
0.482
0.506
0.404
0.624
1.029
0.772
0.811
0.499
0.362
0.715
1.286
1.444
1.149
1.224
1.27
1.173
0.965
0.577
0.242
0.246
0.224
0.241
0.228
0.253
0.49
0.494
0.38
0.585
1.154
0.813
0.795
0.475
0.344
0.697
1.204
1.461
1.148
1.193
1.24
1.195
0.982
0.615
0.245
0.24
0.232
0.238
0.234
0.244
0.483
0.501
0.37
0.549
1.078
0.779
0.769
0.46
0.373
0.78
1.193
1.447
1.146
1.178
1.221
1.208
0.988
0.647
0.25
0.236
0.232
0.238
0.241
0.237
0.494
0.488
0.409
0.949
1.257
0.803
0.76
0.491
0.394
0.752
1.172
1.422
1.147
1.156
1.219
1.183
0.997
0.637
0.242
0.239
0.229
0.244
0.237
0.238
0.494
0.472
0.392
0.937
1.172
0.755
0.807
0.462
0.462
0.778
1.149
1.377
1.121
1.138
1.21
1.164
0.987
0.622
0.245
0.233
0.236
0.241
0.235
0.235
0.502
0.505
0.407
0.873
1.081
0.735
0.772
0.447
0.443
0.756
1.083
1.416
1.139
1.128
1.203
1.178
1.019
0.651
0.279
0.227
0.237
0.235
0.242
0.232
0.516
0.486
0.388
0.81
1.004
0.714
0.778
0.433
0.49
0.742
1.042
1.424
1.141
1.107
1.156
1.175
1.009
0.613
0.275
0.228
0.233
0.233
0.244
0.228
0.525
0.466
0.376
0.994
1.305
0.692
0.788
0.421
0.485
0.725
1.006
1.441
1.151
1.117
1.153
1.198
1.031
0.632
0.276
0.229
0.234
0.239
0.239
0.236
0.532
0.454
0.365
0.974
1.198
0.726
0.777
0.404
0.488
0.714
0.968
1.425
1.173
1.129
1.189
1.153
1.018
0.662
0.267
0.229
0.228
0.244
0.236
0.237
0.493
0.478
0.348
0.901
1.092
0.674
0.72
0.387
0.692
1.07
1.079
1.437
1.171
1.139
1.19
1.15
1.014
0.686
0.267
0.224
0.23
0.244
0.232
0.234
0.462
0.458
0.333
0.881
1.005
0.673
0.81
0.423
0.713
1.015
1.113
1.408
1.149
1.118
1.186
1.13
1.017
0.664
0.269
0.222
0.234
0.236
0.232
0.229
0.474
0.44
0.404
0.85
0.927
0.62
0.823
0.4
0.763
1.061
1.142
1.407
1.145
1.154
1.178
1.118
1.024
0.683
0.262
0.224
0.226
0.234
0.226
0.231
0.48
0.433
0.378
0.832
0.899
0.647
0.802
0.375
0.725
1.013
1.093
1.404
1.128
1.141
1.229
1.126
1.055
0.638
0.263
0.219
0.225
0.228
0.229
0.229
0.494
0.417
0.363
0.768
0.834
0.597
0.802
0.357
0.69
0.961
1.033
1.369
1.157
1.147
1.186
1.123
1.063
0.636
0.26
0.216
0.23
0.224
0.23
0.22
0.502
0.403
0.352
0.708
0.806
0.559
0.812
0.34
0.656
0.91
0.98
1.398
1.158
1.13
1.179
1.148
1.066
0.664
0.262
0.215
0.233
0.218
0.228
0.217
0.518
0.401
0.337
0.688
1.032
0.527
0.8
0.327
0.614
0.878
0.995
1.404
1.168
1.139
1.167
1.127
1.1
0.668
0.253
0.216
0.232
0.221
0.229
0.213
0.489
0.546
0.362
0.995
1.074
0.529
0.748
0.319
0.645
0.918
1.032
1.415
1.168
1.122
1.135
1.122
1.07
0.727
0.251
0.219
0.225
0.224
0.229
0.215
0.461
0.536
0.362
0.925
1.346
0.656
0.699
0.307
0.671
0.909
1.043
1.394
1.16
1.103
1.109
1.139
1.08
0.703
0.248
0.216
0.23
0.224
0.227
0.212
0.475
0.522
0.344
0.87
1.266
0.615
0.718
0.355
0.695
0.937
1.019
1.369
1.154
1.111
1.1
1.139
1.064
0.681
0.252
0.213
0.231
0.217
0.231
0.21
0.49
0.499
0.331
0.802
1.166
0.57
0.738
0.346
0.673
0.904
0.98
1.407
1.165
1.121
1.138
1.135
1.071
0.739
0.293
0.208
0.235
0.217
0.234
0.205
0.509
0.485
0.324
0.741
1.071
0.528
0.691
0.333
0.64
1.367
1.339
1.804
1.355
1.307
1.175
1.149
1.088
0.769
0.287
0.209
0.236
0.219
0.231
0.202
0.527
0.472
0.316
0.683
0.986
0.493
0.649
0.319
0.61
1.277
1.258
1.779
1.54
1.363
1.227
1.103
1.041
0.81
0.319
0.217
0.237
0.22
0.237
0.2
0.541
0.471
0.309
0.635
0.908
0.465
0.603
0.313
0.578
1.204
1.219
1.749
1.512
1.354
1.24
1.105
1.055
0.777
0.304
0.222
0.234
0.223
0.237
0.201
0.511
0.501
0.301
0.587
0.84
0.76
0.591
0.393
0.64
1.145
1.32
1.721
1.489
1.322
1.195
1.079
1.105
0.765
0.293
0.224
0.227
0.225
0.23
0.205
0.479
0.515
0.292
0.862
0.964
0.702
0.617
0.506
0.72
1.21
1.311
1.678
1.446
1.288
1.184
1.118
1.127
0.788
0.29
0.224
0.231
0.222
0.246
0.302
0.523
0.506
0.279
0.81
0.919
0.669
0.646
0.477
0.682
1.147
1.286
1.624
1.407
1.264
1.184
1.127
1.118
0.769
0.286
0.223
0.231
0.218
0.245
0.291
0.53
0.497
0.276
0.893
1.191
0.638
0.642
0.459
0.651
1.07
1.236
1.603
1.367
1.228
1.139
1.087
1.119
0.748
0.275
0.223
0.226
0.222
0.244
0.283
0.541
0.497
0.271
0.82
1.093
0.591
0.602
0.431
0.621
1.011
1.21
1.602
1.366
1.303
1.159
1.14
1.131
0.703
0.265
0.227
0.224
0.225
0.237
0.278
0.542
0.497
0.264
0.758
1.006
0.552
0.631
0.405
0.596
0.965
1.203
1.573
1.369
1.305
1.173
1.17
1.116
0.689
0.258
0.23
0.221
0.226
0.232
0.269
0.546
0.486
0.261
1.272
1.551
1.102
1.199
0.951
1.143
1.48
1.69
2.107
1.913
1.9
1.776
1.758
1.712
1.332
0.872
0.8
0.803
0.811
0.813
0.845
1.082
1.087
0.81
1.726
1.997
1.594
1.748
1.514
1.681
2.015
2.212
2.636
2.413
2.357
2.236
2.252
2.207
1.847
1.368
1.304
1.314
1.328
1.335
1.357
1.564
1.621
1.427
2.292
2.561
2.03
2.153
1.966
2.12
2.446
2.801
3.314
2.932
2.795
2.709
2.687
2.682
1.732
1.258
1.195
1.205
1.219
1.218
1.243
1.462
1.504
1.34
2.635
3.08
2.443
2.592
2.36
2.492
2.813
3.133
3.674
3.337
3.174
3.105
3.109
3.065
2.224
1.732
1.674
1.695
1.707
1.71
1.715
1.939
1.929
1.775
2.938
3.347
2.762
2.994
2.697
2.807
3.136
3.446
3.963
3.64
3.53
3.483
3.494
3.445
2.645
2.158
2.096
2.128
2.135
2.142
2.124
2.369
2.34
2.197
3.224
3.609
3.128
3.312
3.035
3.144
3.454
3.735
4.267
3.954
3.801
3.774
3.761
3.723
2.995
2.633
2.533
2.504
2.52
2.522
2.502
2.719
2.73
2.612
3.51
3.839
3.599
3.673
3.369
3.497
3.775
4.088
4.502
4.194
4.064
4.031
4.06
3.98
3.39
3.018
2.862
2.851
2.862
2.867
2.838
3.026
3.071
2.985
3.753
4.074
3.856
3.908
3.661
3.774
4.051
4.327
4.703
4.429
4.328
4.292
4.313
4.213
3.69
3.364
3.272
3.167
3.176
3.182
3.157
3.318
3.358
3.331
4.064
4.681
4.392
4.372
4.217
4.247
4.331
4.815
5.276
5.147
4.787
4.671
4.643
4.554
4.306
3.886
3.596
3.464
3.466
3.477
3.441
3.588
3.615
3.584
4.249
4.819
4.566
4.603
4.469
4.409
4.511
4.936
5.487
5.375
4.975
4.876
4.9
4.8
4.612
4.134
3.831
3.712
3.717
3.728
3.682
3.812
3.832
3.807
4.422
4.967
4.716
4.81
4.649
4.568
4.673
5.043
5.608
5.472
5.131
5.026
5.059
4.949
4.829
4.339
4.03
3.936
3.934
3.95
3.893
4.011
4.022
4.005
4.608
5.08
4.895
5.089
5.134
4.848
4.963
5.248
5.722
5.599
5.294
5.196
5.208
5.103
5.048
4.523
4.233
4.137
4.14
4.144
4.095
4.186
4.204
4.172
4.764
5.16
4.974
5.208
5.317
5.015
5.124
5.383
5.986
5.718
5.409
5.335
5.395
5.255
5.21
4.796
4.474
4.32
4.327
4.322
4.281
4.357
4.37
4.329
4.883
5.212
5.051
5.377
5.488
5.175
5.308
5.543
6.099
5.804
5.576
5.51
5.561
5.451
5.389
5.037
4.737
4.507
4.485
4.491
4.448
4.519
4.523
4.479
5.252
5.29
5.139
5.443
5.712
5.262
5.435
5.697
6.193
5.908
5.697
5.635
5.667
5.606
5.516
5.219
4.86
4.653
4.628
4.646
4.597
4.65
4.655
4.607
5.318
5.383
5.512
5.815
5.787
5.313
5.546
5.865
6.275
6.002
5.815
5.776
5.81
5.717
5.656
5.405
5.022
4.789
4.776
4.787
4.749
4.79
4.803
4.745
5.446
5.485
5.7
5.935
5.861
5.395
5.682
5.981
6.372
6.116
5.941
5.905
5.898
5.704
5.12
4.883
4.545
4.332
4.328
4.332
4.299
4.377
4.455
4.32
4.952
5.007
5.381
5.405
5.291
4.878
5.214
5.557
5.847
5.612
5.509
5.456
5.448
5.25
4.688
4.413
4.116
3.922
3.92
3.923
3.89
4.001
4.069
3.93
4.528
4.532
4.907
4.92
4.781
4.417
4.751
5.062
5.4
5.153
5.076
5.028
4.994
4.812
4.264
3.992
3.732
3.551
3.554
3.548
3.524
3.667
3.754
3.703
4.123
4.111
4.59
4.61
4.337
4.057
4.368
4.762
4.987
4.766
4.727
4.689
4.65
4.464
3.881
3.614
3.374
3.221
3.217
3.218
3.188
3.472
3.535
3.364
3.78
3.759
4.152
4.194
3.919
3.687
4.031
4.453
4.578
4.389
4.376
4.345
4.281
4.141
3.556
3.286
3.072
2.929
2.929
2.922
2.901
3.196
3.277
3.051
3.423
3.423
4.138
3.981
3.572
3.361
3.679
4.144
4.243
4.043
4.03
4.03
3.977
3.832
3.289
2.995
2.796
2.669
2.661
2.664
2.641
2.956
3.054
2.771
3.1
3.101
3.746
3.603
3.311
3.077
3.528
3.921
3.977
3.77
3.769
3.731
3.742
3.587
3.3
2.896
2.567
2.449
2.448
2.447
2.424
2.706
2.906
2.608
2.946
3.041
3.661
3.361
3.057
2.847
3.284
3.754
3.758
3.541
3.547
3.511
3.522
3.364
3.023
2.659
2.358
2.258
2.251
2.251
2.226
2.521
2.71
2.399
2.712
2.816
3.361
3.145
2.798
2.645
3.071
3.551
3.565
3.369
3.361
3.334
3.315
3.176
2.835
2.441
2.173
2.077
2.081
2.074
2.057
2.351
2.582
2.296
2.51
2.609
3.097
2.943
2.574
2.426
2.899
3.348
3.374
3.189
3.156
3.161
3.113
2.967
2.627
2.253
2.005
1.919
1.923
1.921
1.905
2.208
2.381
2.116
2.313
2.393
2.836
2.77
2.371
2.249
2.713
3.174
3.189
3.0
3.002
3.051
3.0
2.83
2.481
2.079
1.851
1.783
1.78
1.781
1.757
2.079
2.213
1.957
2.138
2.233
2.724
2.577
2.178
2.074
2.517
2.954
3.046
2.872
2.867
2.902
2.889
2.713
2.378
1.939
1.723
1.656
1.65
1.652
1.635
1.959
2.065
1.81
1.981
2.095
2.58
2.397
2.005
1.918
2.34
2.772
2.896
2.702
2.706
2.734
2.786
2.563
2.281
1.796
1.599
1.547
1.534
1.543
1.515
1.847
1.946
1.684
1.83
1.939
2.367
2.219
1.939
1.805
2.41
2.875
2.777
2.601
2.545
2.51
2.566
2.362
2.115
1.702
1.498
1.416
1.414
1.415
1.391
1.683
1.783
1.765
1.83
1.934
2.304
2.075
1.803
1.654
2.297
2.707
2.685
2.456
2.435
2.416
2.409
2.262
1.94
1.564
1.371
1.301
1.293
1.305
1.276
1.58
1.64
1.618
1.684
1.801
2.171
1.928
1.652
1.515
2.118
2.498
2.583
2.338
2.342
2.322
2.282
2.164
1.825
1.438
1.259
1.207
1.187
1.203
1.176
1.493
1.518
1.485
1.552
1.735
2.006
1.806
1.547
1.52
1.958
2.316
2.49
2.211
2.251
2.221
2.195
2.07
1.688
1.321
1.164
1.109
1.098
1.113
1.086
1.41
1.412
1.367
1.424
1.617
1.945
1.684
1.419
1.397
1.811
2.175
2.377
2.119
2.168
2.136
2.098
1.935
1.551
1.213
1.078
1.029
1.017
1.027
1.003
1.339
1.313
1.256
1.306
1.516
1.926
1.573
1.301
1.295
1.684
2.052
2.298
2.024
2.057
2.067
2.001
1.844
1.426
1.121
0.994
0.962
0.94
0.953
0.928
1.284
1.218
1.157
1.202
1.426
1.846
1.468
1.2
1.194
1.573
1.897
2.217
1.968
1.961
1.978
1.921
1.785
1.361
1.04
0.928
0.888
0.875
0.885
0.869
1.217
1.193
1.261
1.434
1.44
1.759
1.507
1.209
1.168
1.572
1.849
2.137
1.898
1.862
1.852
1.788
1.655
1.289
0.989
0.879
0.82
0.82
0.821
0.809
1.145
1.133
1.16
1.334
1.369
1.635
1.431
1.183
1.114
1.693
1.73
1.99
1.767
1.758
1.755
1.705
1.571
1.246
0.913
0.815
0.753
0.762
0.76
0.754
1.082
1.065
1.126
1.313
1.27
1.492
1.309
1.086
1.042
1.571
1.606
1.954
1.742
1.727
1.727
1.632
1.501
1.14
0.843
0.751
0.705
0.71
0.701
0.699
1.035
1.002
1.032
1.202
1.157
1.437
1.229
1.003
1.063
1.608
1.567
1.865
1.711
1.684
1.714
1.608
1.465
1.071
0.782
0.704
0.655
0.662
0.647
0.656
0.994
0.937
0.951
1.099
1.084
1.447
1.184
0.919
0.981
1.502
1.47
1.834
1.755
1.622
1.629
1.58
1.388
0.994
0.723
0.656
0.614
0.619
0.609
0.607
0.956
0.895
0.878
1.014
1.112
1.459
1.188
0.867
0.985
1.397
1.379
1.793
1.694
1.56
1.589
1.503
1.363
1.0
0.674
0.616
0.569
0.586
0.57
0.571
0.911
0.86
0.826
0.935
1.018
1.34
1.182
0.801
0.906
1.312
1.332
1.754
1.679
1.502
1.502
1.417
1.286
0.97
0.668
0.653
0.57
0.556
0.533
0.536
0.838
0.836
0.765
0.863
0.934
1.231
1.146
0.789
0.957
1.324
1.317
1.682
1.625
1.458
1.477
1.392
1.268
0.903
0.622
0.61
0.533
0.527
0.504
0.5
0.778
0.774
0.743
0.793
1.158
1.245
1.175
0.773
0.931
1.241
1.293
1.632
1.547
1.428
1.481
1.347
1.217
0.841
0.582
0.569
0.502
0.494
0.48
0.466
0.76
0.74
0.693
0.835
1.326
1.251
1.165
0.714
0.857
1.163
1.255
1.607
1.536
1.404
1.481
1.337
1.222
0.78
0.554
0.532
0.472
0.465
0.459
0.436
0.745
0.696
0.716
0.77
1.214
1.196
1.134
0.658
0.791
1.095
1.215
1.596
1.508
1.394
1.397
1.258
1.151
0.785
0.544
0.493
0.453
0.44
0.434
0.408
0.74
0.666
0.66
0.942
1.277
1.128
1.243
0.634
0.74
1.032
1.183
1.583
1.471
1.355
1.411
1.247
1.099
0.731
0.513
0.471
0.429
0.417
0.42
0.386
0.726
0.634
0.622
0.867
1.17
1.128
1.278
0.665
0.688
0.979
1.122
1.602
1.443
1.337
1.426
1.288
1.101
0.747
0.487
0.445
0.417
0.394
0.4
0.371
0.723
0.606
0.583
0.803
1.08
1.029
1.247
0.62
0.644
0.925
1.065
1.605
1.394
1.29
1.391
1.263
1.093
0.76
0.468
0.423
0.394
0.383
0.382
0.358
0.702
0.608
0.546
0.932
1.284
1.173
1.39
0.632
0.627
0.981
1.065
1.524
1.383
1.288
1.394
1.25
1.112
0.724
0.445
0.404
0.384
0.366
0.364
0.351
0.655
0.626
0.539
0.867
1.378
1.22
1.448
0.664
0.602
0.936
1.165
1.472
1.358
1.334
1.385
1.244
1.125
0.688
0.43
0.388
0.369
0.35
0.357
0.336
0.651
0.596
0.513
1.004
1.261
1.116
1.419
0.62
0.565
1.015
1.194
1.468
1.358
1.345
1.37
1.265
1.133
0.677
0.405
0.372
0.357
0.341
0.344
0.319
0.653
0.573
0.483
0.924
1.159
1.249
1.338
0.609
0.53
0.967
1.141
1.472
1.358
1.357
1.453
1.264
1.143
0.648
0.39
0.358
0.346
0.322
0.337
0.313
0.649
0.551
0.455
0.858
1.059
1.272
1.263
0.596
0.734
0.917
1.116
1.459
1.309
1.329
1.378
1.198
1.079
0.647
0.425
0.349
0.333
0.312
0.33
0.297
0.65
0.566
0.463
0.868
1.006
1.221
1.239
0.585
0.711
0.91
1.114
1.472
1.332
1.339
1.325
1.221
1.117
0.662
0.433
0.366
0.357
0.326
0.349
0.318
0.68
0.546
0.464
0.808
0.922
1.119
1.22
0.559
0.656
0.868
1.054
1.462
1.326
1.342
1.316
1.235
1.116
0.737
0.434
0.355
0.336
0.321
0.336
0.309
0.661
0.855
0.722
0.799
0.911
1.033
1.203
0.54
0.736
0.86
1.055
1.389
1.284
1.335
1.315
1.254
1.134
0.701
0.421
0.346
0.321
0.315
0.325
0.306
0.611
0.848
0.673
0.743
1.071
1.186
1.161
0.527
0.687
0.824
1.005
1.318
1.319
1.336
1.302
1.248
1.135
0.66
0.397
0.339
0.318
0.3
0.318
0.298
0.613
0.875
0.639
0.691
1.008
1.177
1.175
0.501
0.639
0.79
0.979
1.323
1.291
1.327
1.322
1.255
1.132
0.614
0.379
0.334
0.305
0.291
0.309
0.297
0.6
0.852
0.622
0.649
0.922
1.089
1.148
0.473
0.594
0.924
0.981
1.269
1.252
1.291
1.239
1.257
1.119
0.585
0.366
0.326
0.291
0.292
0.301
0.29
0.591
0.802
0.581
0.709
0.896
1.004
1.116
0.443
0.564
0.88
0.968
1.267
1.261
1.277
1.215
1.189
1.167
0.62
0.36
0.31
0.286
0.288
0.295
0.281
0.604
0.791
0.569
0.72
0.867
0.999
1.054
0.447
0.56
0.871
0.948
1.345
1.31
1.316
1.246
1.212
1.209
0.628
0.383
0.329
0.308
0.308
0.323
0.305
0.627
0.789
0.563
0.699
0.824
1.066
1.028
0.451
0.552
0.868
0.959
1.358
1.32
1.337
1.254
1.27
1.251
0.759
0.421
0.35
0.322
0.331
0.342
0.328
0.631
0.774
0.556
0.681
0.814
1.044
1.044
0.502
0.599
1.097
1.205
1.43
1.324
1.324
1.248
1.269
1.244
0.83
0.517
0.334
0.321
0.321
0.327
0.323
0.601
0.73
0.541
0.803
0.95
1.118
0.986
0.576
0.637
1.072
1.107
1.382
1.299
1.302
1.239
1.257
1.487
0.924
0.487
0.321
0.318
0.309
0.314
0.318
0.605
0.719
0.533
0.779
0.968
1.113
1.003
0.577
0.617
1.044
1.107
1.4
1.318
1.354
1.258
1.297
1.497
0.899
0.49
0.341
0.345
0.324
0.335
0.337
0.63
0.698
0.534
0.751
0.97
1.075
1.012
0.573
0.601
1.062
1.139
1.395
1.304
1.392
1.308
1.315
1.505
0.89
0.489
0.362
0.365
0.342
0.348
0.361
0.641
0.684
0.53
0.795
0.943
1.042
0.965
0.569
0.584
1.104
1.144
1.384
1.265
1.362
1.332
1.343
1.492
0.902
0.484
0.38
0.382
0.357
0.363
0.377
0.661
0.665
0.532
0.783
1.012
1.002
0.925
0.584
0.594
1.07
1.166
1.381
1.246
1.325
1.373
1.346
1.48
0.884
0.486
0.393
0.398
0.376
0.371
0.394
0.675
0.65
0.523
0.784
1.001
0.972
0.942
0.576
0.586
1.042
1.217
1.377
1.219
1.297
1.312
1.291
1.402
0.869
0.554
0.41
0.409
0.388
0.392
0.405
0.684
0.651
0.528
0.753
0.981
0.95
0.909
0.913
0.767
1.017
1.263
1.419
1.282
1.337
1.337
1.324
1.4
0.872
0.548
0.424
0.426
0.395
0.41
0.417
0.669
0.658
0.691
0.73
1.084
1.148
0.904
0.878
0.786
1.037
1.246
1.398
1.286
1.316
1.322
1.303
1.404
0.835
0.522
0.399
0.412
0.38
0.395
0.394
0.652
0.622
0.64
0.679
1.032
1.129
0.88
0.812
0.731
0.988
1.171
1.398
1.236
1.303
1.335
1.299
1.386
0.838
0.501
0.377
0.396
0.365
0.382
0.372
0.636
0.601
0.592
0.632
0.98
1.067
0.868
0.751
0.687
0.938
1.135
1.376
1.237
1.299
1.331
1.265
1.338
0.792
0.48
0.357
0.381
0.353
0.37
0.351
0.628
0.577
0.553
0.633
0.936
1.014
0.879
0.703
0.641
0.896
1.098
1.336
1.205
1.406
1.349
1.228
1.342
0.838
0.458
0.338
0.37
0.343
0.356
0.337
0.613
0.558
0.518
0.618
0.876
0.944
0.813
0.694
0.6
0.874
1.116
1.302
1.187
1.361
1.36
1.222
1.314
0.776
0.436
0.333
0.356
0.327
0.349
0.329
0.599
0.531
0.488
0.583
0.864
0.875
0.83
0.647
0.563
0.838
1.106
1.261
1.188
1.358
1.35
1.22
1.323
0.808
0.435
0.323
0.344
0.324
0.333
0.319
0.594
0.535
0.478
0.544
0.831
0.858
0.766
0.613
0.53
0.805
1.082
1.258
1.19
1.327
1.267
1.137
1.231
0.805
0.43
0.317
0.333
0.314
0.321
0.316
0.581
0.52
0.51
0.944
0.978
0.821
0.769
0.578
0.549
0.753
1.028
1.244
1.194
1.294
1.274
1.131
1.227
0.798
0.403
0.313
0.329
0.301
0.31
0.307
0.577
0.495
0.476
0.877
0.931
0.784
0.777
0.546
0.52
0.695
1.007
1.204
1.161
1.264
1.274
1.151
1.229
0.796
0.387
0.305
0.316
0.298
0.307
0.292
0.567
0.478
0.452
0.811
0.883
0.757
0.777
0.512
0.507
0.785
0.985
1.176
1.171
1.339
1.288
1.171
1.211
0.745
0.365
0.299
0.307
0.294
0.298
0.28
0.564
0.457
0.429
0.836
0.821
0.71
0.789
0.482
0.477
0.734
0.936
1.239
1.175
1.339
1.304
1.168
1.171
0.699
0.346
0.29
0.298
0.291
0.292
0.268
0.559
0.442
0.412
0.773
0.82
0.679
0.798
0.45
0.456
0.683
0.902
1.223
1.172
1.327
1.298
1.16
1.168
0.705
0.329
0.283
0.296
0.284
0.285
0.258
0.558
0.425
0.408
0.715
0.791
0.661
0.81
0.429
0.433
0.643
0.884
1.18
1.143
1.289
1.307
1.152
1.133
0.66
0.316
0.281
0.295
0.274
0.279
0.254
0.559
0.415
0.388
0.665
0.739
0.611
0.921
0.487
0.532
0.747
1.09
1.169
1.126
1.272
1.275
1.166
1.118
0.628
0.309
0.284
0.283
0.272
0.276
0.259
0.523
0.396
0.4
1.052
0.831
0.578
0.941
0.513
0.517
0.705
1.093
1.136
1.098
1.233
1.259
1.161
1.132
0.67
0.3
0.281
0.28
0.275
0.265
0.261
0.524
0.407
0.377
0.973
0.886
0.57
0.903
0.484
0.493
0.655
1.062
1.121
1.127
1.236
1.272
1.154
1.118
0.662
0.301
0.271
0.274
0.272
0.266
0.257
0.515
0.426
0.364
0.899
1.15
0.672
0.863
0.518
0.524
0.63
1.026
1.123
1.14
1.24
1.251
1.186
1.077
0.619
0.295
0.274
0.263
0.272
0.262
0.254
0.481
0.413
0.393
0.898
1.072
0.681
0.804
0.547
0.596
0.594
1.018
1.099
1.138
1.359
1.256
1.182
1.066
0.59
0.283
0.272
0.267
0.263
0.261
0.253
0.481
0.428
0.386
0.829
1.01
0.705
0.809
0.526
0.587
0.563
0.97
1.143
1.112
1.294
1.258
1.149
1.069
0.604
0.285
0.262
0.269
0.264
0.256
0.252
0.484
0.438
0.365
0.777
0.952
0.687
0.796
0.503
0.555
0.545
0.936
1.168
1.122
1.275
1.232
1.146
1.07
0.623
0.282
0.265
0.267
0.256
0.261
0.25
0.486
0.419
0.357
0.721
0.908
0.635
0.8
0.519
0.555
0.515
0.89
1.157
1.097
1.223
1.223
1.201
1.143
0.591
0.282
0.266
0.268
0.253
0.257
0.254
0.463
0.429
0.419
1.05
1.023
0.781
0.814
0.554
0.551
0.534
0.925
1.166
1.075
1.18
1.17
1.194
1.123
0.574
0.272
0.269
0.267
0.256
0.252
0.257
0.472
0.431
0.403
0.97
0.952
0.791
0.803
0.523
0.526
0.503
0.924
1.144
1.073
1.162
1.178
1.193
1.109
0.623
0.298
0.261
0.272
0.256
0.251
0.257
0.476
0.437
0.396
1.082
0.919
0.769
0.796
0.563
0.545
0.538
0.966
1.105
1.051
1.147
1.178
1.182
1.105
0.584
0.29
0.267
0.269
0.255
0.247
0.264
0.478
0.452
0.395
1.068
0.997
0.751
0.809
0.532
0.516
0.508
1.174
1.086
1.054
1.132
1.177
1.166
1.121
0.581
0.288
0.265
0.276
0.25
0.249
0.268
0.485
0.463
0.384
0.991
0.983
0.71
0.789
0.503
0.505
0.521
1.155
1.064
1.05
1.12
1.178
1.206
1.12
0.568
0.302
0.279
0.284
0.273
0.257
0.281
0.506
0.489
0.403
0.931
0.988
0.691
0.8
0.497
0.524
0.508
1.22
1.042
1.106
1.154
1.214
1.242
1.137
0.568
0.317
0.295
0.294
0.288
0.266
0.298
0.519
0.496
0.396
0.878
0.925
0.666
0.758
0.542
0.509
0.498
1.172
1.005
1.064
1.099
1.147
1.159
1.067
0.548
0.387
0.297
0.295
0.279
0.267
0.29
0.497
0.498
0.386
0.812
0.894
0.959
0.738
0.535
0.707
0.524
1.15
0.979
1.081
1.126
1.146
1.136
1.054
0.513
0.378
0.293
0.296
0.271
0.27
0.293
0.499
0.467
0.374
0.757
0.836
0.881
0.69
0.504
0.667
0.513
1.112
0.932
1.068
1.154
1.13
1.149
1.01
0.489
0.362
0.296
0.291
0.269
0.264
0.312
0.634
0.523
0.359
0.704
0.979
0.863
0.645
0.477
0.631
0.496
1.152
0.939
1.114
1.165
1.138
1.145
0.945
0.459
0.352
0.291
0.293
0.261
0.262
0.334
0.826
0.865
0.453
0.66
0.904
0.869
0.6
0.457
0.632
0.548
1.113
0.925
1.102
1.194
1.144
1.147
0.885
0.44
0.341
0.281
0.292
0.259
0.263
0.351
0.787
0.807
0.43
0.688
0.834
0.862
0.562
0.44
0.591
0.526
1.107
0.911
1.15
1.219
1.143
1.155
0.885
0.42
0.331
0.28
0.285
0.25
0.264
0.337
0.734
0.771
0.463
0.673
0.782
0.85
0.53
0.418
0.56
0.812
1.073
0.906
1.125
1.232
1.129
1.139
0.909
0.426
0.348
0.274
0.276
0.253
0.26
0.328
0.714
0.787
0.448
0.639
0.762
0.836
0.618
0.41
0.605
0.779
1.112
0.897
1.132
1.255
1.135
1.13
0.926
0.41
0.338
0.274
0.273
0.251
0.253
0.323
0.664
0.767
0.505
0.62
0.708
0.782
0.646
0.397
0.57
0.739
1.096
0.888
1.139
1.263
1.137
1.079
0.858
0.388
0.33
0.27
0.272
0.242
0.252
0.312
0.625
0.707
0.557
0.584
0.974
0.998
0.757
0.388
0.528
0.703
1.084
0.9
1.166
1.284
1.148
1.117
0.836
0.386
0.314
0.272
0.269
0.242
0.247
0.344
0.633
0.674
0.524
0.552
0.945
0.954
0.702
0.375
0.493
0.683
1.08
0.903
1.2
1.314
1.179
1.111
0.781
0.373
0.306
0.26
0.27
0.239
0.244
0.356
0.677
0.638
0.488
0.518
0.87
0.886
0.651
0.359
0.464
0.681
1.07
0.881
1.292
1.325
1.173
1.076
0.732
0.358
0.297
0.254
0.268
0.243
0.235
0.369
0.708
0.598
0.463
0.506
0.831
0.864
0.612
0.343
0.433
0.678
1.067
0.838
1.238
1.319
1.328
1.149
0.753
0.366
0.294
0.249
0.264
0.24
0.23
0.384
0.742
0.573
0.438
0.476
0.876
0.825
0.571
0.344
0.432
0.674
1.002
0.82
1.14
1.654
1.284
1.116
0.861
0.373
0.287
0.246
0.254
0.242
0.228
0.397
0.708
0.591
0.484
0.481
0.892
0.758
0.631
0.517
0.88
0.684
1.061
0.808
1.453
1.64
1.188
1.143
0.802
0.369
0.329
0.241
0.25
0.233
0.229
0.383
0.693
0.917
0.811
0.478
0.911
0.696
0.616
0.537
0.834
0.639
1.021
1.182
1.492
1.583
1.351
1.229
0.828
0.355
0.322
0.236
0.245
0.237
0.224
0.392
0.652
0.846
0.751
0.482
0.868
0.699
0.575
0.504
0.778
0.623
0.97
1.29
1.633
1.515
1.405
1.266
0.886
0.341
0.311
0.24
0.237
0.234
0.229
0.397
0.614
0.778
0.815
0.46
0.795
0.74
0.538
0.478
0.716
0.611
0.929
1.219
1.686
1.646
1.368
1.383
0.897
0.334
0.296
0.237
0.235
0.237
0.223
0.401
0.586
0.72
0.753
0.494
0.826
0.739
0.532
0.476
0.699
0.609
0.896
1.169
1.572
1.597
1.329
1.373
0.836
0.316
0.292
0.24
0.228
0.233
0.222
0.413
0.551
0.705
0.705
0.465
0.8
0.724
0.506
0.453
0.645
0.571
0.955
1.124
1.45
1.474
1.258
1.305
0.805
0.333
0.332
0.232
0.232
0.233
0.22
0.423
0.524
0.66
0.649
0.44
1.02
0.751
0.504
0.488
0.674
0.599
0.92
1.06
1.398
1.535
1.252
1.276
0.775
0.325
0.319
0.227
0.236
0.231
0.219
0.4
0.528
0.619
0.601
0.417
0.938
0.745
0.559
0.488
0.66
0.586
0.903
1.002
1.425
1.754
1.227
1.593
0.803
0.312
0.306
0.232
0.232
0.228
0.215
0.429
0.7
0.574
0.57
0.586
1.459
0.972
0.583
0.475
0.626
0.542
0.842
0.964
1.345
1.677
1.213
1.583
0.829
0.314
0.296
0.231
0.233
0.228
0.219
0.418
0.671
0.537
0.534
0.595
1.405
0.969
0.539
0.447
0.584
0.541
0.805
0.91
1.266
1.655
1.202
1.547
0.788
0.3
0.287
0.226
0.236
0.224
0.213
0.427
0.629
0.504
0.493
0.561
1.289
0.984
0.507
0.45
0.55
0.623
0.805
0.869
1.188
1.958
1.256
1.509
0.726
0.289
0.277
0.229
0.229
0.22
0.21
0.48
0.588
0.467
0.457
0.525
1.18
1.016
0.473
0.424
0.519
0.647
0.776
0.865
1.157
1.978
1.265
1.463
0.743
0.275
0.27
0.226
0.233
0.213
0.209
0.484
0.562
0.435
0.429
0.524
1.109
1.024
0.441
0.407
0.485
0.621
0.754
0.835
1.116
1.946
1.296
1.454
0.737
0.266
0.273
0.223
0.231
0.212
0.217
0.486
0.531
0.461
0.408
0.495
1.014
0.95
0.418
0.389
0.453
0.637
0.727
0.807
1.066
1.808
1.268
1.415
0.724
0.262
0.268
0.218
0.236
0.218
0.212
0.488
0.517
0.441
0.382
0.47
0.939
0.875
0.464
0.596
0.954
0.774
0.763
0.823
1.069
1.772
1.278
1.531
0.865
0.261
0.275
0.213
0.244
0.223
0.208
0.474
0.486
0.444
0.389
0.441
0.883
0.952
0.504
0.592
0.883
0.748
0.968
0.977
1.042
1.714
1.253
1.476
0.834
0.261
0.274
0.214
0.24
0.231
0.204
0.475
0.473
0.421
0.372
0.457
0.825
0.926
0.475
0.559
0.818
0.696
0.958
0.938
1.042
2.004
1.26
1.44
0.835
0.254
0.279
0.218
0.24
0.227
0.215
0.481
0.453
0.409
0.359
0.434
0.847
0.908
0.446
0.544
0.788
0.701
0.914
0.934
1.016
1.898
1.305
1.424
0.79
0.245
0.281
0.217
0.239
0.227
0.222
0.481
0.436
0.398
0.342
0.412
1.211
0.931
0.419
0.52
0.768
0.718
0.951
0.937
1.322
1.748
1.209
1.395
0.753
0.471
0.275
0.217
0.244
0.222
0.223
0.489
0.416
0.381
0.33
0.507
1.459
0.885
0.406
0.552
0.918
0.711
0.933
0.888
1.585
1.654
1.109
1.369
0.776
0.544
0.265
0.224
0.238
0.22
0.226
0.491
0.618
0.614
0.326
0.473
1.333
0.888
0.388
0.688
0.9
0.736
0.905
0.844
1.48
1.637
1.15
1.36
0.777
0.506
0.266
0.225
0.24
0.214
0.234
0.483
0.599
0.571
0.323
0.443
1.222
0.822
0.455
0.663
0.921
0.748
0.888
0.816
1.418
1.522
1.153
1.491
0.94
0.47
0.263
0.225
0.242
0.257
0.239
0.457
0.564
0.533
0.66
0.61
1.12
0.779
0.454
0.64
0.963
0.718
0.861
0.793
1.357
1.44
1.099
1.389
0.867
0.445
0.257
0.232
0.234
0.253
0.242
0.428
0.528
0.503
0.667
0.563
1.073
0.723
0.43
0.641
0.891
0.691
0.826
0.763
1.329
1.379
1.099
1.37
0.884
0.423
0.251
0.239
0.229
0.249
0.24
0.413
0.527
0.474
0.629
0.528
1.035
0.669
0.416
0.596
0.823
0.67
0.803
0.733
1.382
1.344
1.119
1.332
0.833
0.404
0.252
0.234
0.226
0.251
0.237
0.394
0.514
0.462
0.585
0.497
1.005
0.632
0.41
0.585
0.763
0.634
0.765
0.71
1.347
1.319
1.088
1.256
0.781
0.387
0.244
0.243
0.224
0.246
0.238
0.432
0.55
0.443
0.552
0.467
0.958
0.595
0.39
0.544
0.714
0.667
0.729
0.668
1.284
1.568
1.133
1.168
0.729
0.362
0.25
0.239
0.223
0.241
0.243
0.405
0.518
0.471
0.516
0.441
0.989
0.611
0.368
0.518
0.661
0.654
0.728
0.694
1.294
1.435
1.557
1.191
0.877
0.35
0.248
0.235
0.223
0.243
0.232
0.414
0.5
0.445
0.482
0.423
0.911
0.567
0.548
0.672
1.037
0.675
0.806
0.666
1.338
1.395
1.527
1.139
0.812
0.337
0.24
0.239
0.221
0.236
0.235
0.394
0.472
0.423
0.873
0.521
0.921
0.689
0.524
0.631
0.959
0.633
0.741
0.63
1.222
1.397
1.511
1.166
0.807
0.335
0.233
0.239
0.226
0.235
0.232
0.404
0.46
0.395
0.814
0.544
0.869
0.684
0.495
0.588
0.929
0.658
0.74
0.617
1.158
1.36
1.517
1.153
0.942
0.319
0.236
0.242
0.217
0.238
0.236
0.405
0.444
0.401
0.757
0.511
0.809
0.724
0.461
0.558
0.853
0.613
0.772
0.636
1.111
1.349
1.517
1.134
0.877
0.309
0.233
0.239
0.224
0.233
0.233
0.421
0.419
0.385
0.704
0.482
0.748
0.731
0.464
0.516
0.797
0.576
0.757
0.628
1.049
1.304
1.524
1.15
0.921
0.387
0.24
0.231
0.225
0.238
0.228
0.43
0.404
0.501
0.655
0.453
0.734
0.727
0.444
0.49
0.736
0.547
0.779
0.641
1.207
1.236
1.438
1.151
0.911
0.37
0.242
0.233
0.224
0.235
0.234
0.424
0.391
0.476
0.61
0.429
0.764
0.752
0.414
0.471
0.683
0.555
1.075
0.818
1.399
1.175
1.443
1.072
0.868
0.466
0.309
0.236
0.225
0.236
0.228
0.413
0.588
0.613
0.575
0.412
1.036
0.883
0.446
0.532
0.672
0.611
1.043
1.057
1.638
1.205
1.438
1.068
0.856
0.441
0.306
0.235
0.219
0.242
0.227
0.391
0.557
0.598
0.543
0.402
1.047
0.845
0.469
0.527
0.676
0.607
1.015
1.012
1.535
1.199
1.398
1.077
0.874
0.429
0.307
0.231
0.219
0.244
0.228
0.399
0.529
0.568
0.508
0.539
1.064
0.821
0.44
0.505
0.63
0.565
1.026
0.953
1.439
1.159
1.374
1.101
0.932
0.417
0.302
0.232
0.224
0.235
0.235
0.412
0.509
0.534
0.486
0.503
0.981
0.768
0.415
0.478
0.589
0.569
0.993
0.939
1.376
1.152
1.324
1.087
0.928
0.397
0.3
0.232
0.221
0.242
0.229
0.422
0.489
0.508
0.454
0.652
1.2
0.773
0.404
0.468
0.61
0.57
0.944
0.894
1.315
1.094
1.47
1.309
1.012
0.382
0.3
0.227
0.224
0.243
0.232
0.427
0.476
0.479
0.432
0.608
1.11
0.711
0.392
0.444
0.573
0.532
0.944
1.011
1.472
1.04
1.436
1.42
0.977
0.373
0.287
0.233
0.229
0.237
0.237
0.436
0.461
0.448
0.421
0.593
1.137
0.695
0.379
0.418
0.55
0.496
0.936
0.972
1.394
1.143
1.627
1.42
1.016
0.36
0.287
0.224
0.239
0.234
0.237
0.449
0.465
0.418
0.41
0.556
1.047
0.692
0.458
0.546
0.561
0.519
1.221
1.035
1.39
1.468
1.6
1.352
0.964
0.359
0.292
0.237
0.255
0.238
0.256
0.462
0.465
0.59
0.61
0.56
1.212
0.749
0.495
0.606
0.64
0.504
1.205
0.968
1.271
1.803
1.549
1.432
0.899
0.348
0.296
0.238
0.256
0.244
0.249
0.48
0.454
0.556
0.635
0.63
1.176
0.739
0.463
0.578
0.598
0.506
1.156
0.923
1.194
1.681
1.75
1.521
0.951
0.333
0.3
0.234
0.257
0.246
0.25
0.477
0.453
0.517
0.6
0.592
1.081
0.775
0.44
0.598
0.594
0.55
1.097
0.91
1.147
1.759
1.887
1.481
1.061
0.333
0.288
0.238
0.256
0.244
0.248
0.484
0.441
0.484
0.572
0.548
1.0
0.78
0.421
0.564
0.583
0.547
1.018
0.839
1.057
1.61
1.719
1.428
1.516
0.334
0.285
0.24
0.255
0.238
0.251
0.487
0.415
0.464
0.596
0.551
0.951
0.788
0.394
0.54
0.544
0.515
0.99
0.831
1.01
1.704
1.704
1.385
1.446
0.333
0.301
0.257
0.263
0.257
0.264
0.503
0.411
0.475
0.573
0.53
0.955
0.8
0.431
0.558
0.568
0.533
1.015
0.839
0.988
1.622
1.71
1.636
1.376
0.333
0.317
0.271
0.275
0.267
0.278
0.524
0.419
0.47
0.553
0.519
0.89
0.878
0.649
0.556
0.599
0.633
0.965
0.813
1.388
1.514
1.615
1.623
1.304
0.322
0.311
0.26
0.274
0.268
0.271
0.494
0.419
0.79
0.638
0.489
0.846
0.813
0.669
0.535
0.569
0.589
0.951
0.78
1.397
1.726
1.564
1.635
1.323
0.323
0.319
0.274
0.288
0.283
0.276
0.512
0.423
0.755
0.636
0.782
1.102
0.906
0.64
0.517
0.558
0.561
0.945
0.767
1.658
1.699
1.55
1.577
1.269
0.329
0.331
0.282
0.296
0.301
0.281
0.528
0.429
0.834
0.607
0.743
1.058
0.926
0.615
0.52
0.548
0.585
0.931
0.787
1.533
1.563
1.442
1.891
1.339
0.323
0.327
0.272
0.291
0.298
0.276
0.522
0.421
0.781
0.564
0.693
0.976
0.948
0.569
0.497
0.516
0.584
0.908
0.798
1.447
1.431
1.767
1.996
1.223
0.319
0.321
0.268
0.285
0.294
0.278
0.511
0.527
0.73
0.53
0.646
1.065
0.924
0.529
0.48
0.484
0.55
0.918
0.774
1.514
1.534
1.612
1.823
1.216
0.455
0.308
0.266
0.28
0.294
0.266
0.513
0.513
0.677
0.502
0.606
0.988
0.935
0.512
0.455
0.461
0.515
0.925
0.77
1.389
1.445
1.559
1.914
1.421
0.438
0.296
0.268
0.276
0.29
0.257
0.52
0.505
0.632
0.477
0.595
1.25
1.141
0.526
0.556
0.52
0.627
1.233
1.063
1.324
1.395
1.652
1.888
1.393
0.416
0.307
0.259
0.289
0.282
0.261
0.498
0.512
0.856
0.682
0.596
1.194
1.139
0.523
0.542
0.75
0.991
1.157
0.999
1.333
1.292
1.53
1.836
1.288
0.424
0.474
0.279
0.296
0.302
0.275
0.552
0.533
0.853
0.653
0.572
1.145
1.131
0.543
0.558
0.772
0.971
1.116
1.146
1.46
1.239
1.504
1.882
1.241
0.423
0.474
0.284
0.31
0.312
0.296
0.556
0.536
0.83
0.63
0.607
1.192
1.109
0.521
0.577
0.761
0.983
1.07
1.099
1.503
1.218
1.503
1.834
1.23
0.41
0.458
0.282
0.299
0.312
0.292
0.55
0.518
0.775
0.596
0.565
1.102
1.096
0.495
0.536
0.717
0.951
1.278
1.122
1.438
1.199
1.449
1.706
1.138
0.388
0.434
0.284
0.293
0.305
0.279
0.554
0.499
0.721
0.555
0.536
1.216
1.041
0.471
0.505
0.674
0.912
1.238
1.081
1.385
1.095
1.419
2.03
1.142
0.47
0.419
0.284
0.281
0.3
0.274
0.556
0.48
0.674
0.527
0.503
1.117
1.036
0.454
0.473
0.682
0.97
1.204
1.203
1.553
1.146
1.47
1.92
1.138
0.7
0.437
0.281
0.274
0.296
0.272
0.554
0.465
0.635
0.497
0.478
1.021
1.043
0.47
0.503
0.664
0.925
1.187
1.127
1.57
1.364
1.487
1.868
1.319
0.653
0.423
0.269
0.274
0.289
0.273
0.515
0.472
0.641
0.931
0.592
1.0
1.039
0.483
0.522
0.667
0.91
1.12
1.087
1.844
1.29
1.429
1.928
1.222
0.605
0.404
0.26
0.276
0.276
0.269
0.508
0.46
0.591
0.885
0.556
0.944
0.954
0.455
0.511
0.639
0.842
1.083
1.036
1.7
1.257
1.784
2.054
1.405
0.573
0.377
0.261
0.272
0.268
0.265
0.499
0.446
0.588
0.826
0.52
0.872
0.961
0.438
0.476
0.597
0.78
1.059
0.996
1.586
1.162
1.843
2.173
1.393
0.658
0.363
0.252
0.275
0.258
0.261
0.494
0.441
0.544
0.768
0.518
0.904
0.944
0.423
0.481
0.582
0.76
1.036
0.944
1.495
1.101
2.158
2.168
1.279
0.624
0.341
0.253
0.27
0.259
0.25
0.502
0.419
0.586
0.784
0.495
0.834
0.963
0.411
0.456
0.546
0.734
1.059
0.914
1.426
1.217
2.237
2.061
1.36
0.593
0.336
0.257
0.273
0.256
0.261
0.491
0.418
0.609
0.76
0.474
0.783
0.945
0.407
0.457
0.555
0.716
1.034
0.89
1.39
1.284
2.453
1.982
1.456
0.568
0.322
0.262
0.274
0.258
0.257
0.479
0.435
0.571
0.707
0.454
0.736
0.872
0.468
0.51
0.906
0.695
1.306
0.874
1.313
1.511
2.243
1.808
1.433
0.558
0.336
0.259
0.275
0.254
0.264
0.456
0.44
0.538
1.043
0.875
0.85
0.818
0.456
0.477
0.853
0.65
1.206
0.879
1.521
1.38
2.061
1.947
1.496
0.522
0.339
0.258
0.297
0.284
0.301
0.434
0.642
0.507
0.968
0.864
0.835
0.8
0.442
0.458
0.794
0.626
1.16
0.843
1.498
1.611
1.92
1.851
1.523
0.501
0.327
0.263
0.294
0.287
0.289
0.448
0.618
0.501
0.901
0.805
0.784
0.805
0.433
0.447
0.752
0.72
1.111
0.821
1.41
1.694
2.016
1.759
1.591
0.596
0.319
0.267
0.292
0.289
0.281
0.468
0.585
0.473
0.845
0.799
0.877
0.765
0.422
0.431
0.734
0.724
1.22
0.794
1.298
1.55
2.243
1.835
1.479
0.565
0.305
0.28
0.287
0.284
0.282
0.471
0.58
0.444
0.795
0.777
0.816
0.803
0.405
0.439
0.697
0.706
1.159
0.773
1.213
1.451
2.494
1.914
1.408
0.53
0.316
0.273
0.281
0.296
0.273
0.478
0.563
0.423
0.746
0.723
0.834
0.793
0.383
0.429
0.689
0.7
1.105
0.762
1.148
1.364
2.671
1.85
1.509
0.499
0.316
0.271
0.287
0.289
0.266
0.492
0.547
0.409
0.695
0.859
0.917
0.788
0.407
0.465
0.894
0.857
1.047
0.838
1.107
1.635
2.671
1.774
1.412
0.475
0.307
0.272
0.286
0.293
0.258
0.475
0.568
0.43
0.684
1.084
0.941
0.737
0.385
0.549
0.83
0.798
1.053
0.781
1.032
1.49
2.527
1.625
1.332
0.569
0.301
0.281
0.277
0.29
0.265
0.476
0.552
0.408
0.787
0.999
0.866
0.77
0.372
0.52
0.772
0.744
1.036
0.748
1.021
1.706
2.464
1.622
1.349
0.541
0.296
0.275
0.284
0.285
0.266
0.472
0.548
0.408
0.74
0.921
0.811
0.793
0.357
0.498
0.721
0.731
0.989
0.729
0.977
1.737
2.517
1.538
1.365
0.511
0.298
0.278
0.279
0.284
0.267
0.484
0.532
0.397
0.692
0.86
0.749
0.804
0.347
0.477
0.668
0.745
1.096
1.084
1.062
1.928
2.431
1.505
1.428
0.493
0.292
0.286
0.272
0.296
0.259
0.496
0.553
0.386
0.648
0.809
0.692
0.847
0.332
0.459
0.63
0.732
1.048
1.035
1.006
1.768
2.659
1.464
1.48
0.468
0.287
0.285
0.275
0.283
0.266
0.495
0.569
0.37
0.618
0.745
0.653
0.844
0.499
0.67
0.679
0.726
1.07
0.979
1.119
2.005
2.507
1.65
1.503
0.463
0.287
0.286
0.278
0.282
0.268
0.474
0.57
0.367
0.577
0.974
1.095
0.902
0.635
0.649
0.644
0.694
0.989
0.928
1.069
2.314
2.38
1.546
1.388
0.438
0.283
0.283
0.285
0.274
0.265
0.456
0.535
0.36
0.562
1.014
1.302
1.231
0.614
0.64
0.599
0.657
0.91
0.858
0.992
2.106
2.167
1.414
1.556
0.41
0.283
0.279
0.286
0.263
0.269
0.46
0.638
0.45
0.785
0.939
1.258
1.172
0.582
0.598
0.562
0.619
0.899
0.822
0.936
2.039
2.377
1.508
1.515
0.395
0.277
0.278
0.287
0.257
0.267
0.471
0.702
0.426
0.738
0.867
1.36
1.096
0.552
0.554
0.533
0.58
0.887
0.783
0.988
1.91
2.161
1.692
1.462
0.383
0.266
0.279
0.284
0.255
0.263
0.471
0.778
0.401
0.688
0.802
1.255
1.065
0.526
0.528
0.544
0.577
0.851
0.762
0.952
2.022
2.237
1.609
1.564
0.383
0.261
0.272
0.288
0.251
0.261
0.471
0.758
0.382
0.641
1.046
1.202
1.024
0.492
0.509
0.51
0.544
0.838
0.745
0.907
2.239
2.109
1.643
1.59
0.371
0.265
0.264
0.285
0.255
0.257
0.472
0.733
0.376
0.593
0.968
1.457
1.013
0.468
0.488
0.508
0.576
0.809
0.716
0.916
2.126
2.021
1.698
1.538
0.351
0.274
0.255
0.286
0.253
0.256
0.45
0.729
0.357
0.563
1.183
1.52
0.978
0.485
0.849
0.628
0.95
0.779
0.668
0.955
1.929
1.856
1.641
1.446
0.478
0.271
0.252
0.288
0.251
0.251
0.437
0.711
0.373
0.799
1.311
1.731
0.997
0.47
0.797
0.619
0.894
0.746
0.665
0.906
2.218
1.815
1.679
1.38
0.46
0.264
0.258
0.285
0.245
0.262
0.433
0.779
0.36
0.744
1.199
1.687
0.975
0.456
0.744
0.585
0.853
0.936
0.832
0.902
2.089
1.804
1.737
1.322
0.438
0.262
0.263
0.275
0.247
0.264
0.437
0.731
0.355
0.689
1.105
1.729
0.971
0.436
0.717
0.55
0.84
0.894
1.04
1.001
1.9
1.803
1.624
1.219
0.411
0.267
0.262
0.268
0.249
0.265
0.439
0.799
0.347
0.666
1.069
1.579
0.958
0.413
0.678
0.519
0.818
0.882
0.98
0.975
2.032
1.86
1.689
1.125
0.389
0.273
0.251
0.271
0.248
0.263
0.441
0.85
0.355
0.626
0.989
1.443
0.951
0.422
0.659
0.639
1.031
0.933
0.933
0.937
2.207
1.924
1.766
1.077
0.373
0.27
0.249
0.273
0.244
0.257
0.459
0.837
0.343
0.586
0.919
1.314
0.956
0.402
0.699
0.618
0.959
0.906
0.919
0.894
2.043
1.819
1.889
1.22
0.355
0.267
0.246
0.274
0.246
0.247
0.465
0.794
0.341
0.559
0.849
1.207
0.92
0.431
0.705
0.607
0.914
0.909
1.129
1.237
2.009
1.734
1.793
1.146
0.396
0.273
0.241
0.264
0.251
0.242
0.464
0.734
0.349
0.883
1.507
1.35
0.886
0.438
0.68
0.586
0.842
0.837
1.044
1.133
1.833
1.581
1.635
1.192
0.601
0.277
0.235
0.252
0.26
0.234
0.463
0.731
0.347
0.835
1.397
1.227
0.888
0.492
0.625
0.556
0.782
0.81
1.022
1.082
1.698
1.928
1.599
1.254
0.572
0.271
0.228
0.253
0.256
0.233
0.462
0.688
0.34
0.766
1.386
1.197
0.888
0.489
0.607
0.517
0.753
0.81
0.995
1.123
1.861
1.754
1.46
1.271
0.642
0.265
0.227
0.251
0.252
0.235
0.458
0.728
0.335
0.729
1.278
1.191
0.87
0.462
0.567
0.662
0.767
0.785
0.939
1.067
1.837
1.967
1.555
1.188
0.606
0.257
0.23
0.248
0.246
0.237
0.459
0.691
0.321
0.681
1.571
1.358
0.852
0.452
0.524
0.616
0.723
0.768
0.906
1.014
1.85
2.117
1.517
1.253
0.568
0.263
0.22
0.248
0.249
0.227
0.467
0.772
0.358
0.639
1.436
1.241
0.889
0.704
0.529
0.58
0.708
0.769
0.857
0.972
2.0
2.055
1.577
1.164
0.526
0.264
0.222
0.243
0.249
0.229
0.463
0.739
0.351
0.59
1.32
1.138
0.887
0.768
0.746
0.779
0.716
0.863
0.815
1.084
1.951
1.95
1.497
1.335
0.491
0.273
0.217
0.245
0.249
0.235
0.432
0.73
0.363
0.616
1.308
1.047
0.878
0.732
0.702
0.719
0.723
0.824
0.787
1.03
2.333
1.891
1.481
1.312
0.473
0.269
0.22
0.245
0.252
0.228
0.454
0.846
0.442
0.574
1.203
0.968
0.898
0.691
0.669
0.668
0.687
0.832
0.785
0.993
2.465
1.941
1.521
1.207
0.461
0.261
0.23
0.244
0.253
0.233
0.464
0.79
0.517
0.548
1.115
0.948
0.88
0.648
0.626
0.634
0.729
0.805
0.795
1.228
2.764
2.053
1.556
1.334
0.444
0.257
0.243
0.233
0.265
0.228
0.471
0.813
0.492
0.53
1.042
0.869
0.898
0.608
0.588
0.615
0.753
0.77
0.773
1.256
2.844
1.922
1.536
1.294
0.428
0.251
0.248
0.236
0.258
0.237
0.473
0.766
0.467
0.507
0.953
0.865
0.868
0.577
0.553
0.581
0.726
0.758
0.738
1.283
2.884
1.855
1.58
1.345
0.404
0.257
0.249
0.232
0.263
0.237
0.482
0.886
0.452
0.479
0.889
0.947
0.966
0.549
0.534
0.558
0.681
0.782
0.741
1.222
2.843
1.915
1.507
1.41
0.41
0.247
0.263
0.225
0.266
0.24
0.485
0.837
0.432
0.46
0.816
0.882
0.893
0.649
0.529
0.938
0.683
0.797
1.127
1.19
2.574
1.848
1.378
1.296
0.48
0.361
0.255
0.226
0.265
0.245
0.457
0.799
0.732
0.55
1.058
0.819
0.986
0.842
0.539
0.863
0.646
0.742
1.042
1.091
2.405
1.977
1.364
1.226
0.469
0.348
0.256
0.229
0.258
0.252
0.429
0.745
0.709
0.522
0.972
1.125
0.921
0.79
0.603
0.887
0.625
0.722
1.016
1.035
2.211
2.243
1.331
1.284
0.456
0.338
0.25
0.234
0.258
0.245
0.441
0.705
0.731
0.49
0.906
1.029
0.935
0.735
0.569
0.824
0.604
0.745
0.967
0.994
2.411
2.217
1.288
1.329
0.427
0.335
0.249
0.234
0.256
0.25
0.442
0.692
0.688
0.457
0.851
0.95
0.869
0.725
0.597
0.788
0.605
0.695
0.899
0.946
2.604
2.146
1.294
1.533
0.443
0.316
0.258
0.23
0.255
0.248
0.455
0.724
0.681
0.432
0.791
0.876
0.879
0.668
0.565
0.736
0.564
0.732
0.859
0.904
2.8
2.065
1.246
1.58
0.422
0.309
0.253
0.24
0.246
0.249
0.462
0.962
0.858
0.418
0.737
0.807
0.897
0.624
0.536
0.681
0.571
0.725
0.823
0.879
2.881
2.043
1.367
1.468
0.398
0.305
0.254
0.238
0.242
0.253
0.441
0.923
0.8
0.401
0.685
0.748
0.882
0.62
0.559
0.672
0.851
1.112
0.884
0.839
2.775
1.863
1.3
1.416
0.388
0.301
0.256
0.232
0.246
0.251
0.423
1.134
1.081
0.484
0.927
1.07
0.822
0.66
0.635
0.65
0.822
1.079
0.848
0.811
2.527
1.728
1.451
1.349
0.38
0.298
0.257
0.231
0.252
0.242
0.438
1.075
0.997
0.461
0.887
1.041
0.816
0.611
0.599
0.612
0.823
1.028
0.788
0.755
2.302
1.87
1.615
1.417
0.359
0.303
0.251
0.234
0.252
0.244
0.438
1.01
1.006
0.444
0.822
0.962
0.837
0.583
0.553
0.587
0.759
1.009
0.766
1.114
2.188
1.877
1.633
1.458
0.345
0.295
0.256
0.232
0.251
0.249
0.438
0.969
0.945
0.429
0.767
0.891
0.849
0.548
0.615
0.68
0.788
0.972
0.747
1.053
2.124
2.089
1.73
1.357
0.34
0.29
0.252
0.234
0.255
0.24
0.449
0.901
0.875
0.41
0.72
0.859
0.847
0.512
0.579
0.636
0.739
1.328
0.789
1.1
1.938
1.905
1.675
1.241
0.339
0.449
0.257
0.236
0.249
0.244
0.455
0.868
0.891
0.399
0.664
0.8
0.868
0.48
0.585
0.641
0.726
1.279
0.768
1.346
1.95
1.909
1.634
1.148
0.331
0.425
0.26
0.242
0.241
0.248
0.463
0.823
0.817
0.39
0.619
0.744
0.864
0.462
0.568
0.598
0.712
1.188
0.743
1.461
1.962
1.765
1.615
1.268
0.321
0.403
0.261
0.245
0.234
0.252
0.439
0.797
1.034
0.686
0.89
0.934
1.017
0.721
0.539
0.595
0.696
1.202
0.731
1.347
1.932
1.897
1.658
1.181
0.312
0.394
0.257
0.244
0.243
0.247
0.447
0.771
1.118
0.634
0.854
0.916
1.006
0.678
0.51
0.557
0.681
1.138
0.705
1.64
1.882
1.824
1.713
1.131
0.301
0.389
0.249
0.248
0.243
0.249
0.449
0.738
1.065
0.597
0.795
0.877
0.955
0.645
0.498
0.53
0.665
1.078
0.909
1.65
1.781
1.743
1.763
1.18
0.298
0.382
0.241
0.259
0.242
0.251
0.454
0.792
0.974
0.583
0.741
0.809
0.951
0.603
0.475
0.497
0.643
1.025
0.885
1.697
1.916
1.631
1.821
1.103
0.289
0.377
0.232
0.267
0.236
0.251
0.459
0.752
0.914
0.558
0.688
0.754
0.934
0.698
0.467
0.478
0.714
0.973
0.868
1.603
1.804
1.969
1.852
1.022
0.284
0.365
0.226
0.274
0.23
0.252
0.464
0.805
0.844
0.532
0.641
0.699
0.932
0.663
0.447
0.469
0.681
0.947
1.157
1.563
1.71
2.02
1.89
0.97
0.281
0.359
0.221
0.274
0.232
0.253
0.457
0.801
0.856
0.502
0.598
0.66
0.887
0.733
0.46
0.826
0.672
1.155
1.389
1.461
1.774
2.263
1.815
1.039
0.276
0.347
0.229
0.267
0.232
0.258
0.494
0.77
0.832
0.524
0.696
0.654
0.851
0.706
0.481
0.838
0.668
1.122
1.292
1.425
1.998
2.143
1.755
1.112
0.281
0.328
0.242
0.26
0.235
0.258
0.5
0.893
0.843
0.496
0.646
0.618
0.869
0.735
0.878
0.829
0.664
1.074
1.226
1.336
1.882
1.983
1.944
1.193
0.269
0.324
0.242
0.26
0.23
0.265
0.494
0.838
0.782
0.514
0.914
0.668
0.837
0.677
0.823
0.769
0.71
1.014
1.187
1.257
2.131
1.93
2.051
1.125
0.275
0.313
0.243
0.252
0.238
0.257
0.576
1.124
0.824
0.482
0.846
0.693
0.803
0.629
0.772
0.708
0.665
0.98
1.142
1.268
2.046
1.801
1.932
1.043
0.274
0.299
0.252
0.245
0.239
0.256
0.575
1.049
0.771
0.457
0.784
0.646
0.851
0.599
0.767
0.731
0.69
0.961
1.085
1.398
2.056
1.653
1.851
0.986
0.414
0.285
0.254
0.25
0.231
0.254
0.578
1.054
0.725
0.434
0.731
0.597
0.871
0.595
0.726
0.736
0.759
1.282
1.053
1.31
2.002
1.71
1.756
0.993
0.394
0.29
0.251
0.251
0.227
0.262
0.543
0.99
0.676
0.42
0.682
0.559
1.024
0.843
0.776
0.766
1.105
1.292
1.207
1.529
1.858
1.603
1.736
0.963
0.513
0.291
0.253
0.254
0.225
0.263
0.517
0.916
0.631
0.759
0.812
0.616
0.996
0.851
0.716
0.745
1.051
1.23
1.163
1.44
1.814
1.586
1.663
0.9
0.483
0.332
0.269
0.26
0.229
0.263
0.517
0.903
0.758
0.712
0.756
0.587
0.995
0.797
0.669
0.697
0.995
1.214
1.454
1.416
1.849
1.541
1.617
1.018
0.455
0.325
0.267
0.266
0.223
0.268
0.529
0.933
0.711
0.668
0.709
0.546
1.01
0.759
0.649
0.694
1.136
1.157
1.377
1.362
1.853
1.559
1.591
1.016
0.445
0.322
0.265
0.265
0.233
0.261
0.532
0.92
0.709
0.623
0.673
0.783
1.071
0.709
0.612
0.734
1.088
1.088
1.322
1.303
2.12
1.514
1.563
1.14
0.425
0.323
0.282
0.271
0.235
0.262
0.532
0.908
0.662
0.583
0.635
0.732
0.984
0.807
0.688
0.705
1.054
1.12
1.238
1.279
2.053
1.693
1.516
1.2
0.416
0.315
0.281
0.268
0.246
0.253
0.538
0.896
0.644
0.577
0.625
0.695
0.921
0.77
0.655
0.663
1.087
1.079
1.203
1.177
1.903
1.79
1.651
1.174
0.404
0.305
0.282
0.269
0.243
0.257
0.535
0.845
0.606
0.548
0.582
0.656
0.853
0.821
0.69
0.778
1.021
1.063
1.158
1.351
1.933
1.875
1.593
1.156
0.385
0.305
0.274
0.274
0.234
0.265
0.5
0.785
0.574
0.559
0.754
0.849
0.838
0.791
0.65
0.731
1.041
1.011
1.09
1.277
1.909
2.148
1.691
1.066
0.371
0.304
0.271
0.266
0.244
0.261
0.507
0.796
0.641
0.624
0.753
0.787
0.782
0.759
0.619
0.677
0.966
1.021
1.134
1.268
1.891
2.053
1.667
1.109
0.457
0.299
0.276
0.263
0.246
0.255
0.493
0.793
0.612
0.585
0.707
0.723
0.738
0.701
0.581
0.632
0.897
0.937
1.046
1.168
1.722
1.869
1.527
1.023
0.43
0.299
0.27
0.258
0.245
0.256
0.463
0.734
0.577
0.55
0.658
0.671
0.694
0.647
0.547
0.593
1.212
0.914
1.028
1.127
1.629
1.756
1.462
0.995
0.506
0.527
0.292
0.259
0.261
0.265
0.453
0.689
0.561
0.531
0.624
0.662
0.854
0.865
0.517
0.555
1.128
0.888
1.015
1.109
1.812
1.887
1.653
1.032
0.592
0.532
0.312
0.287
0.276
0.299
0.448
0.673
0.552
0.528
0.605
0.792
0.971
0.834
0.676
0.547
1.057
0.845
0.953
1.047
1.663
1.751
1.523
0.974
0.576
0.525
0.315
0.313
0.283
0.319
0.442
0.649
0.536
0.524
0.578
0.762
0.914
0.795
0.647
0.543
0.985
0.81
0.897
0.985
1.533
1.626
1.403
0.921
0.558
0.516
0.316
0.331
0.292
0.328
0.435
0.633
0.515
0.513
0.558
0.711
0.842
0.741
0.609
0.507
0.912
0.753
0.861
1.011
1.547
1.593
1.407
0.965
0.644
0.795
0.46
0.366
0.305
0.329
0.428
0.604
0.503
0.488
0.546
0.716
0.8
0.688
0.606
0.473
0.862
0.958
1.155
1.083
1.633
1.568
1.414
1.023
0.746
0.785
0.46
0.391
0.319
0.354
0.43
0.595
0.488
0.476
0.531
0.715
0.747
0.649
0.562
0.46
0.818
0.991
1.153
1.27
1.637
1.732
1.539
0.954
0.689
0.744
0.433
0.379
0.314
0.348
0.434
0.611
0.804
0.654
0.558
0.9
0.771
0.623
0.531
0.464
0.798
0.954
1.1
1.269
1.592
1.679
1.491
0.899
0.659
0.691
0.418
0.37
0.311
0.336
0.455
0.683
0.748
0.621
0.525
0.837
0.845
0.592
0.509
0.481
0.773
0.922
1.04
1.216
1.672
1.89
1.447
0.986
0.699
0.649
0.407
0.357
0.306
0.332
0.467
0.667
0.708
0.687
0.814
0.985
0.818
0.557
0.555
0.587
0.799
0.917
1.031
1.216
1.696
1.875
1.42
1.022
0.749
0.625
0.404
0.342
0.306
0.328
0.444
0.671
0.667
0.758
0.83
0.953
0.756
0.531
0.782
0.809
0.792
0.876
1.003
1.192
1.653
1.804
1.381
0.956
0.7
0.596
0.387
0.335
0.307
0.319
0.424
0.635
0.643
0.706
0.94
1.192
0.83
0.533
0.773
0.814
0.786
0.928
0.943
1.176
1.608
1.722
1.396
0.944
0.665
0.554
0.378
0.328
0.302
0.309
0.45
0.718
0.606
0.66
0.978
1.11
0.835
0.503
0.723
0.759
0.767
0.914
0.937
1.171
1.583
1.673
1.356
0.93
0.621
0.527
0.366
0.33
0.291
0.31
0.463
0.733
0.573
0.624
0.927
1.021
0.854
0.479
0.676
0.718
0.774
0.87
0.936
1.138
1.732
1.738
1.353
0.934
0.583
0.509
0.35
0.325
0.288
0.311
0.474
0.846
0.681
0.592
0.855
0.953
0.853
0.457
0.679
0.715
0.816
0.877
1.145
1.165
1.69
1.693
1.285
0.877
0.563
0.504
0.339
0.329
0.28
0.308
0.485
0.827
0.633
0.567
0.791
0.884
0.881
0.436
0.635
0.675
0.816
0.895
1.143
1.161
1.644
1.659
1.231
0.825
0.539
0.485
0.331
0.322
0.28
0.304
0.496
0.836
0.591
0.546
0.739
1.112
0.888
0.433
0.588
0.647
0.75
0.906
1.081
1.092
1.529
1.56
1.237
0.802
0.516
0.462
0.325
0.32
0.278
0.298
0.504
0.785
0.57
0.521
0.681
1.034
0.868
0.458
0.581
0.668
0.762
0.896
1.023
1.034
1.426
1.447
1.172
0.764
0.541
0.492
0.316
0.31
0.282
0.291
0.504
0.739
0.546
0.622
0.73
0.99
0.942
0.589
0.626
0.709
0.758
0.902
1.064
1.045
1.394
1.4
1.102
0.72
0.506
0.479
0.306
0.306
0.288
0.283
0.54
0.692
0.516
0.583
0.687
0.908
0.88
0.556
0.584
0.673
0.701
0.935
1.035
1.026
1.367
1.366
1.096
0.714
0.473
0.463
0.301
0.301
0.286
0.282
0.535
0.687
0.493
0.543
0.695
0.934
0.867
0.523
0.559
0.682
0.697
0.913
1.01
1.012
1.366
1.35
1.085
0.664
0.453
0.444
0.3
0.289
0.292
0.277
0.535
0.683
0.469
0.513
0.966
1.111
0.844
0.504
0.519
0.651
0.645
0.913
0.98
0.993
1.356
1.309
1.105
0.63
0.429
0.435
0.288
0.292
0.289
0.273
0.537
0.667
0.442
0.506
1.078
1.111
0.843
0.476
0.508
0.624
0.609
0.975
1.008
0.98
1.427
1.273
1.019
0.601
0.409
0.422
0.284
0.287
0.29
0.271
0.536
0.672
0.414
0.489
0.992
1.026
0.864
0.457
0.478
0.629
0.593
0.972
0.987
0.996
1.429
1.264
1.015
0.648
0.433
0.404
0.287
0.286
0.283
0.279
0.524
0.655
0.395
0.465
0.919
0.952
0.837
0.511
0.498
0.633
0.613
0.965
0.998
1.044
1.407
1.262
1.008
0.61
0.42
0.389
0.283
0.289
0.275
0.285
0.497
0.646
0.623
0.688
0.889
0.891
0.831
0.535
0.486
0.602
0.576
0.938
0.965
1.003
1.391
1.232
1.032
0.6
0.405
0.381
0.277
0.29
0.276
0.276
0.509
0.719
0.588
0.645
0.829
0.82
0.836
0.497
0.469
0.617
0.59
0.966
0.923
0.979
1.389
1.209
1.043
0.584
0.394
0.37
0.274
0.294
0.265
0.286
0.511
0.702
0.556
0.607
0.769
0.772
0.769
0.485
0.442
0.587
0.614
0.962
0.965
0.986
1.381
1.218
1.057
0.608
0.378
0.368
0.264
0.301
0.26
0.286
0.516
0.681
0.523
0.581
0.708
0.896
0.826
0.502
0.493
0.663
0.641
0.919
0.941
0.994
1.364
1.396
1.055
0.626
0.364
0.359
0.267
0.299
0.256
0.293
0.513
0.669
0.5
0.576
0.958
1.069
0.819
0.48
0.565
0.621
0.611
0.844
0.981
0.99
1.348
1.392
1.05
0.595
0.355
0.347
0.274
0.289
0.266
0.289
0.532
0.692
0.473
0.544
1.045
1.321
0.813
0.461
0.538
0.589
0.583
0.839
0.961
1.016
1.342
1.403
1.073
0.602
0.34
0.349
0.27
0.288
0.27
0.284
0.532
0.788
0.534
0.568
0.969
1.217
0.768
0.53
0.528
0.562
0.569
0.872
0.973
1.067
1.373
1.524
1.125
0.595
0.349
0.345
0.271
0.291
0.279
0.278
0.513
0.776
0.509
0.544
0.919
1.132
0.722
0.87
0.634
0.553
0.577
0.874
0.982
1.075
1.36
1.537
1.135
0.607
0.351
0.351
0.282
0.296
0.269
0.285
0.527
0.799
0.487
0.514
0.852
1.21
0.75
0.8
0.604
0.521
0.57
0.846
0.943
1.056
1.285
1.556
1.152
0.615
0.341
0.348
0.272
0.297
0.272
0.277
0.544
0.796
0.462
0.712
1.051
1.308
0.751
0.742
0.569
0.532
0.543
0.88
0.912
1.073
1.305
1.556
1.158
0.667
0.329
0.343
0.273
0.294
0.27
0.28
0.552
0.823
0.437
0.667
1.314
1.304
0.715
0.701
0.531
0.506
0.514
0.927
0.946
1.046
1.31
1.528
1.154
0.678
0.313
0.34
0.27
0.288
0.27
0.281
0.559
0.949
0.414
0.65
1.214
1.197
0.746
0.661
0.497
0.511
0.543
0.97
0.983
1.044
1.334
1.52
1.171
0.652
0.303
0.334
0.272
0.283
0.271
0.28
0.556
0.92
0.401
0.682
1.128
1.097
0.698
0.633
0.487
0.674
0.679
0.957
1.002
1.053
1.376
1.49
1.199
0.706
0.299
0.334
0.266
0.286
0.271
0.274
0.568
0.867
0.385
0.642
1.04
1.01
0.661
0.814
0.681
0.702
0.705
0.958
1.044
1.024
1.288
1.404
1.163
0.703
0.384
0.318
0.276
0.279
0.272
0.276
0.537
0.853
0.479
0.91
1.18
0.953
0.687
0.764
0.635
0.676
0.678
0.95
1.002
0.981
1.215
1.344
1.139
0.738
0.436
0.303
0.283
0.273
0.271
0.276
0.556
0.833
0.462
0.84
1.227
0.936
0.669
0.883
0.598
0.633
0.709
0.976
1.035
1.021
1.212
1.348
1.14
0.71
0.42
0.298
0.277
0.28
0.26
0.279
0.575
0.841
0.441
0.786
1.143
0.986
0.653
0.822
0.564
0.597
0.705
1.006
1.059
1.1
1.304
1.35
1.145
0.681
0.406
0.295
0.274
0.283
0.257
0.275
0.598
0.837
0.427
0.731
1.088
0.961
0.652
0.755
0.54
0.561
0.701
1.011
1.056
1.058
1.302
1.358
1.144
0.697
0.41
0.29
0.271
0.282
0.259
0.268
0.617
0.867
0.441
0.691
0.997
0.894
0.69
0.704
0.514
0.533
0.703
0.939
1.129
1.101
1.343
1.384
1.312
1.016
0.501
0.287
0.267
0.286
0.256
0.266
0.626
0.887
0.409
0.622
0.897
0.804
0.64
0.672
0.502
0.498
0.72
0.981
1.153
1.086
1.332
1.349
1.293
0.977
0.479
0.28
0.274
0.278
0.26
0.269
0.685
1.026
0.397
0.622
1.066
0.874
0.756
0.863
0.843
0.656
0.666
0.916
1.061
1.001
1.228
1.237
1.189
0.907
0.454
0.274
0.279
0.266
0.264
0.269
0.636
0.953
0.382
0.582
0.98
0.818
0.696
0.806
0.784
0.611
0.626
0.849
0.976
0.925
1.134
1.128
1.1
0.838
0.43
0.274
0.275
0.26
0.262
0.269
0.588
0.887
0.368
0.541
0.911
0.756
0.647
0.749
0.731
0.566
0.593
0.871
1.339
0.995
1.268
1.185
1.148
0.823
0.426
0.292
0.28
0.283
0.272
0.282
0.615
0.959
0.51
0.626
0.852
0.719
0.692
0.695
0.684
0.772
0.645
0.909
1.345
1.026
1.297
1.213
1.161
0.775
0.425
0.302
0.278
0.289
0.264
0.28
0.624
0.923
0.478
0.597
0.786
0.674
0.709
0.648
0.641
0.763
0.654
1.187
1.315
1.018
1.416
1.229
1.183
0.9
0.407
0.293
0.284
0.276
0.267
0.276
0.626
0.931
0.457
0.714
0.993
0.882
0.724
0.645
0.705
1.045
0.623
1.181
1.398
1.028
1.372
1.34
1.162
0.902
0.392
0.287
0.281
0.277
0.258
0.282
0.651
0.91
0.434
0.665
0.918
0.821
0.668
0.696
0.656
0.971
0.613
1.224
1.362
1.012
1.434
1.339
1.159
0.867
0.38
0.276
0.286
0.271
0.256
0.286
0.636
0.874
0.455
0.889
0.877
0.816
0.723
0.84
0.681
0.952
0.643
1.217
1.323
1.036
1.432
1.37
1.161
0.833
0.364
0.271
0.284
0.272
0.257
0.279
0.636
0.845
0.469
1.055
1.107
0.989
0.792
0.82
0.669
0.888
0.642
1.123
1.32
1.06
1.439
1.362
1.202
0.78
0.366
0.269
0.279
0.277
0.247
0.287
0.593
0.817
0.485
0.97
1.022
0.953
0.797
0.885
0.696
0.814
0.612
1.038
1.337
1.066
1.415
1.382
1.202
0.815
0.413
0.291
0.273
0.278
0.246
0.281
0.56
0.797
0.493
0.903
0.933
0.889
0.738
0.819
0.683
0.802
0.585
0.984
1.354
1.153
1.408
1.391
1.202
0.856
0.406
0.286
0.269
0.277
0.246
0.273
0.535
0.782
0.51
0.834
0.861
0.89
1.033
0.848
0.635
0.746
0.552
0.973
1.36
1.156
1.386
1.376
1.226
0.862
0.491
0.296
0.267
0.272
0.252
0.263
0.516
0.76
0.543
1.02
1.03
1.054
1.155
0.923
0.62
0.721
0.555
1.017
1.388
1.187
1.4
1.355
1.248
0.9
0.496
0.29
0.265
0.272
0.251
0.26
0.494
1.046
0.649
0.933
0.96
0.968
1.101
0.926
0.579
0.681
0.545
0.968
1.436
1.392
1.414
1.347
1.276
0.915
0.492
0.298
0.254
0.286
0.241
0.269
0.464
1.003
0.637
0.857
0.901
0.886
1.022
0.858
0.539
0.709
0.648
1.028
1.439
1.396
1.376
1.303
1.273
0.924
0.549
0.345
0.258
0.293
0.232
0.28
0.434
0.937
0.622
0.819
1.225
1.074
1.316
0.923
0.526
0.654
0.677
1.105
1.476
1.396
1.402
1.315
1.308
0.96
0.523
0.338
0.259
0.289
0.236
0.276
0.418
0.891
0.619
0.76
1.142
1.02
1.236
0.952
0.535
0.65
0.724
1.141
1.467
1.361
1.355
1.285
1.308
0.977
0.58
0.363
0.258
0.287
0.235
0.272
0.401
0.866
0.634
0.704
1.05
0.946
1.17
0.926
0.498
0.604
0.702
1.07
1.484
1.328
1.339
1.331
1.298
1.014
0.564
0.358
0.246
0.289
0.233
0.263
0.393
0.834
0.661
0.652
0.996
1.01
1.079
0.909
0.482
0.658
0.902
1.094
1.445
1.326
1.321
1.364
1.317
1.061
0.538
0.347
0.249
0.28
0.235
0.293
0.376
0.817
0.656
0.606
0.921
0.939
1.028
0.903
0.585
0.666
0.891
1.053
1.428
1.301
1.316
1.369
1.331
1.088
0.537
0.335
0.253
0.274
0.238
0.29
0.364
0.784
0.643
0.562
0.86
0.869
1.353
0.937
0.542
0.631
0.842
1.23
1.517
1.282
1.305
1.369
1.358
1.11
0.582
0.339
0.243
0.279
0.235
0.286
0.354
0.738
0.627
0.531
0.795
0.805
1.247
0.987
0.78
0.656
0.858
1.358
1.52
1.283
1.279
1.375
1.466
1.111
0.601
0.337
0.242
0.271
0.24
0.28
0.34
0.69
0.599
0.857
0.882
0.945
1.281
0.911
0.732
0.613
0.847
1.366
1.496
1.26
1.269
1.384
1.431
1.111
0.572
0.327
0.239
0.273
0.236
0.276
0.331
0.681
0.616
0.793
0.814
0.933
1.203
0.879
0.682
0.572
0.858
1.363
1.456
1.243
1.273
1.378
1.439
1.096
0.599
0.313
0.238
0.271
0.237
0.268
0.326
0.679
0.61
0.742
0.75
0.862
1.106
0.924
0.632
0.543
0.818
1.341
1.405
1.231
1.262
1.356
1.368
1.077
0.575
0.307
0.237
0.266
0.242
0.255
0.326
0.674
0.65
0.697
0.699
0.794
1.035
0.908
0.595
0.513
0.779
1.32
1.383
1.216
1.269
1.347
1.354
1.089
0.632
0.293
0.241
0.263
0.241
0.254
0.318
0.664
0.646
0.648
0.648
0.746
0.946
0.92
0.557
0.482
0.795
1.574
1.387
1.225
1.205
1.276
1.253
1.073
0.626
0.284
0.249
0.252
0.249
0.247
0.311
0.664
0.712
0.603
0.614
0.684
0.881
0.916
0.523
0.459
0.768
1.502
1.401
1.201
1.17
1.221
1.182
1.015
0.611
0.384
0.255
0.253
0.25
0.24
0.313
0.613
0.703
0.567
0.576
0.636
0.824
0.856
0.94
0.857
0.765
1.466
1.405
1.205
1.166
1.197
1.141
0.993
0.618
0.434
0.254
0.254
0.252
0.238
0.304
0.581
0.65
0.599
0.574
0.761
0.92
0.818
0.958
0.821
0.842
1.424
1.409
1.201
1.182
1.232
1.156
1.046
0.683
0.465
0.25
0.248
0.257
0.233
0.297
0.591
0.647
0.553
0.568
0.719
0.864
0.796
0.904
0.798
0.842
1.365
1.393
1.177
1.214
1.249
1.198
1.04
0.693
0.437
0.248
0.253
0.249
0.236
0.293
0.596
0.655
0.524
0.555
0.666
0.807
0.805
0.838
0.741
0.848
1.353
1.382
1.167
1.203
1.31
1.222
1.076
0.711
0.421
0.249
0.243
0.255
0.232
0.285
0.604
0.723
0.529
0.548
0.673
0.749
0.805
0.784
0.733
0.816
1.569
1.417
1.163
1.181
1.309
1.214
1.035
0.783
0.399
0.249
0.244
0.247
0.235
0.281
0.602
0.722
0.495
0.562
0.668
0.751
0.814
0.769
0.712
0.795
1.473
1.438
1.155
1.176
1.286
1.253
1.068
0.833
0.407
0.242
0.245
0.248
0.234
0.273
0.613
0.763
0.469
0.541
0.655
0.762
0.808
0.709
0.672
0.759
1.382
1.433
1.158
1.156
1.274
1.333
1.1
0.895
0.404
0.247
0.244
0.245
0.237
0.269
0.615
0.801
0.514
0.583
1.089
0.908
0.834
0.72
0.71
0.734
1.571
1.429
1.213
1.169
1.289
1.288
1.116
0.926
0.422
0.267
0.28
0.264
0.268
0.299
0.598
0.864
0.648
0.787
1.388
1.023
0.882
0.733
0.722
0.761
1.554
1.473
1.24
1.234
1.331
1.334
1.168
0.98
0.461
0.31
0.307
0.307
0.303
0.329
0.635
0.884
0.626
0.776
1.334
0.992
0.909
0.707
0.714
0.789
1.578
1.47
1.263
1.248
1.366
1.358
1.216
0.944
0.47
0.331
0.324
0.327
0.328
0.338
0.681
0.945
0.618
0.761
1.286
0.958
0.881
0.681
0.726
0.834
1.613
1.494
1.292
1.258
1.394
1.378
1.251
0.933
0.475
0.353
0.339
0.348
0.35
0.347
0.718
0.937
0.612
0.747
1.239
0.989
0.878
0.765
0.747
0.864
1.577
1.536
1.306
1.263
1.386
1.402
1.268
0.97
0.51
0.377
0.348
0.371
0.366
0.36
0.79
1.014
0.643
0.731
1.168
0.951
0.936
0.774
0.761
0.88
1.604
1.524
1.306
1.275
1.398
1.368
1.252
0.938
0.507
0.397
0.359
0.385
0.386
0.365
0.833
1.002
0.625
0.726
1.135
0.939
0.905
0.775
0.789
1.214
1.706
1.51
1.308
1.283
1.371
1.386
1.28
0.944
0.505
0.408
0.378
0.39
0.405
0.379
0.824
0.987
0.613
0.718
1.105
0.917
0.86
0.756
0.756
1.212
2.075
1.538
1.339
1.333
1.411
1.411
1.32
0.993
0.518
0.424
0.391
0.413
0.418
0.394
0.794
0.957
0.606
0.944
1.311
0.894
0.909
0.761
0.846
1.177
1.947
1.59
1.355
1.332
1.415
1.435
1.362
0.945
0.517
0.441
0.395
0.427
0.427
0.404
0.806
0.961
0.586
0.923
1.266
0.914
0.909
0.736
0.809
1.221
1.925
1.618
1.385
1.348
1.432
1.443
1.414
0.996
0.523
0.453
0.411
0.428
0.443
0.411
0.82
0.969
0.588
0.889
1.229
0.891
0.924
0.715
0.835
1.242
1.865
1.598
1.4
1.346
1.437
1.433
1.396
1.041
0.535
0.451
0.424
0.441
0.445
0.422
0.826
1.067
0.6
0.871
1.185
0.87
0.95
0.698
0.795
1.205
1.754
1.604
1.401
1.363
1.443
1.457
1.398
1.024
0.537
0.449
0.437
0.45
0.446
0.432
0.843
1.092
0.585
0.857
1.349
0.964
0.938
0.67
0.777
1.18
1.721
1.638
1.394
1.356
1.419
1.471
1.43
1.012
0.555
0.477
0.464
0.471
0.48
0.454
0.877
1.099
0.603
0.865
1.313
0.956
0.97
0.67
0.77
1.165
1.643
1.732
1.728
1.622
1.699
1.757
1.48
1.025
0.544
0.486
0.462
0.474
0.483
0.456
0.871
1.111
0.621
0.842
1.267
0.923
0.924
0.716
0.812
1.181
1.646
1.772
1.771
1.688
1.769
1.841
1.504
1.018
0.516
0.457
0.449
0.439
0.467
0.423
0.812
1.021
0.9
1.073
1.293
0.858
0.916
0.721
0.762
1.116
1.554
1.736
1.736
1.673
1.698
1.781
1.47
0.943
0.495
0.426
0.431
0.42
0.438
0.409
0.789
0.983
0.842
1.005
1.214
0.815
0.9
0.663
0.759
1.145
1.864
1.973
1.939
1.874
1.924
1.89
1.431
0.913
0.47
0.406
0.408
0.4
0.421
0.385
0.779
1.235
1.045
1.197
1.368
0.967
1.119
0.613
0.703
1.084
1.73
2.279
2.06
1.831
1.882
1.879
1.416
0.99
0.525
0.386
0.396
0.375
0.401
0.368
0.727
1.163
0.965
1.1
1.26
1.358
1.139
0.571
0.656
1.028
1.638
2.228
1.982
1.783
1.857
1.81
1.402
0.909
0.496
0.369
0.375
0.359
0.384
0.349
0.718
1.131
0.89
1.036
1.179
1.265
1.048
0.533
0.61
0.983
1.588
2.167
1.914
1.734
1.817
1.788
1.403
0.915
0.473
0.352
0.356
0.346
0.37
0.327
0.719
1.11
0.819
0.97
1.114
1.174
1.022
0.492
0.576
0.935
1.475
2.344
2.092
1.689
1.824
1.738
1.433
1.289
1.058
0.96
0.946
0.954
0.97
0.927
1.299
1.665
1.349
1.494
1.627
1.679
1.753
1.165
1.163
1.518
2.124
2.904
2.62
2.258
2.371
2.296
2.008
1.923
1.654
1.489
1.467
1.486
1.507
1.458
1.797
2.111
1.881
2.06
2.12
2.286
2.256
1.679
1.65
2.045
2.846
3.306
3.048
2.767
2.893
2.756
2.529
2.362
2.101
1.962
1.955
1.96
1.984
1.925
2.263
2.558
2.299
2.478
2.56
2.713
2.671
2.098
2.082
2.462
3.245
3.667
3.401
3.151
3.321
3.193
3.004
2.839
2.539
2.385
2.379
2.371
2.391
2.336
2.684
3.071
2.705
2.875
2.927
3.06
3.065
2.49
2.474
2.878
3.717
4.068
3.757
3.547
3.734
3.593
3.421
3.255
2.895
2.758
2.756
2.737
2.766
2.711
3.06
3.412
3.09
3.201
3.374
3.546
3.564
3.023
3.022
3.397
4.14
4.446
4.112
3.928
4.066
3.945
3.805
3.619
3.275
3.1
3.089
3.075
3.1
3.049
3.416
3.67
3.379
3.505
3.674
3.845
3.828
3.312
3.333
3.733
4.46
4.737
4.428
4.277
4.395
4.267
4.126
3.955
3.631
3.406
3.381
3.384
3.404
3.343
3.686
3.898
3.691
3.781
3.953
4.058
4.062
3.594
3.653
4.054
4.724
4.972
4.676
4.524
4.626
4.526
4.361
4.265
4.014
3.677
3.655
3.662
3.686
3.61
3.924
4.09
3.94
4.006
4.186
4.284
4.244
3.851
3.905
4.262
4.881
5.132
4.857
4.719
4.825
4.723
4.551
4.494
4.332
3.983
3.901
3.907
3.923
3.854
4.133
4.367
4.579
4.468
4.535
4.573
4.535
4.14
4.268
4.57
5.653
5.736
5.318
5.089
5.337
5.135
4.934
4.858
4.158
3.722
3.564
3.567
3.583
3.513
3.777
3.972
4.177
4.072
4.19
4.245
4.473
3.845
3.907
4.161
5.282
5.358
5.016
4.763
5.003
4.903
4.523
4.429
3.791
3.402
3.259
3.258
3.275
3.215
3.442
3.634
3.81
3.776
3.884
4.079
4.12
3.506
3.569
3.851
4.933
4.975
4.631
4.412
4.617
4.526
4.16
4.081
3.503
3.212
3.029
2.978
3.002
2.944
3.144
3.325
3.478
3.517
3.56
3.808
3.837
3.227
3.259
3.619
4.587
4.626
4.333
4.115
4.288
4.203
3.9
3.84
3.303
2.946
2.776
2.731
2.756
2.698
2.884
3.039
3.18
3.275
3.266
3.504
3.532
3.001
3.135
3.42
4.301
4.318
4.102
3.886
4.071
3.958
3.677
