0.0
0.0
0.0
0.0
0.0
0.0
0.0
0.0
0.0
0.0
0.0
0.0
0.0
0.0
0.0
0.0
0.0
0.0
0.0
0.0
0.0
0.0
0.0
0.0
0.0
0.0
0.0
0.0
0.0
0.0
0.0
0.0
0.0
0.0
0.0
0.0
0.0
0.0
0.0
0.0
0.0
0.0
0.0
0.0
0.0
0.0
0.0
0.0
0.0
0.0
0.0
0.0
0.0
0.0
0.0
0.0
0.0
0.0
0.0
0.0
0.0
0.0
0.0
0.0
0.0
0.0
0.0
0.0
0.0
0.0
0.0
0.0
0.0
0.0
0.0
0.0
0.0
0.0
0.0
0.0
0.0
0.0
0.0
0.0
0.0
0.0
0.0
0.0
0.0
0.0
0.0
0.0
0.0
0.0
0.0
0.0
0.0
0.0
0.0
0.0
0.0
0.0
0.0
0.0
0.0
0.0
0.0
0.0
0.0
0.0
0.0
0.0
0.0
0.0
0.0
0.0
0.0
0.0
0.0
0.0
0.0
0.0
0.0
0.0
0.0
0.0
0.0
0.0
0.0
0.0
0.0
0.0
0.0
0.0
0.0
0.0
0.0
0.0
0.0
0.0
0.0
0.0
0.0
0.0
0.0
0.0
0.0
0.0
0.0
0.0
0.0
0.0
0.0
0.0
0.0
0.0
0.0
0.0
0.0
0.0
0.0
0.0
0.0
0.0
0.0
0.0
0.0
0.0
0.0
0.0
0.0
0.0
0.0
0.0
0.0
0.0
0.0
0.0
0.0
0.0
0.0
0.0
0.0
0.0
0.0
0.0
0.0
0.0
0.0
0.0
0.0
0.0
0.0
0.0
0.0
0.0
0.0
0.0
0.0
0.0
0.0
0.0
0.0
0.0
0.0
0.0
0.0
0.0
0.0
0.0
0.0
0.0
0.0
0.0
0.0
0.0
0.0
0.0
0.0
0.0
0.0
0.0
0.0
0.0
0.0
0.0
0.0
0.0
0.0
0.0
0.0
0.0
0.0
0.0
0.0
0.0
0.0
0.0
0.0
0.0
0.0
0.0
0.0
0.0
0.0
0.0
0.0
0.0
0.0
0.0
0.0
0.0
0.0
0.0
0.0
0.0
0.0
0.0
0.0
0.0
0.0
0.0
0.0
0.0
0.0
0.0
0.0
0.0
0.0
0.0
0.0
0.0
0.0
0.0
0.0
0.0
0.0
0.0
0.0
0.0
0.0
0.0
0.0
0.0
0.0
0.0
0.0
0.0
0.0
0.0
0.0
0.0
0.0
0.0
0.0
0.0
0.0
0.0
0.0
0.0
0.0
0.0
0.0
0.0
0.0
0.0
0.0
0.0
0.0
0.0
0.0
0.0
0.0
0.0
0.0
0.0
0.0
0.0
0.0
0.0
0.0
0.0
0.0
0.0
0.0
0.0
0.0
0.0
0.0
0.0
0.0
0.0
0.0
0.0
0.0
0.0
0.0
0.0
0.0
0.0
0.0
0.0
0.0
0.0
0.0
0.0
0.0
0.0
0.0
0.0
0.0
0.0
0.0
0.0
0.0
0.0
0.0
0.0
0.0
0.0
0.0
0.0
0.0
0.0
0.0
0.0
0.0
0.0
0.0
0.0
0.0
0.0
0.0
0.0
0.0
0.0
0.0
0.0
0.0
0.0
0.0
0.0
0.0
0.0
0.0
0.0
0.0
0.0
0.0
0.0
0.0
0.0
0.0
0.0
0.0
0.0
0.0
0.0
0.0
0.0
0.0
0.0
0.0
0.0
0.0
0.0
0.0
0.0
0.0
0.0
0.0
0.0
0.0
0.0
0.0
0.0
0.0
0.0
0.0
0.0
0.0
0.0
0.0
0.0
0.0
0.0
0.0
0.0
0.0
0.0
0.0
0.0
0.0
0.0
0.0
0.0
0.0
0.0
0.0
0.0
0.0
0.0
0.0
0.0
0.0
0.0
0.0
0.0
0.0
0.0
0.0
0.0
0.0
0.0
0.0
0.0
0.0
0.0
0.0
0.0
0.0
0.0
0.0
0.0
0.0
0.0
0.0
0.0
0.0
0.0
0.0
0.0
0.0
0.0
0.0
0.0
0.0
0.0
0.0
0.0
0.0
0.0
0.0
0.0
0.0
0.0
0.0
0.0
0.0
0.0
0.0
0.0
0.0
0.0
0.0
0.0
0.0
0.0
0.0
0.0
0.0
0.0
0.0
0.0
0.0
0.752
0.492
0.235
0.175
0.166
0.162
0.163
0.169
0.637
0.537
0.861
1.648
2.286
1.11
0.762
1.136
0.712
1.086
1.98
1.615
2.248
1.635
1.125
0.871
0.755
0.615
0.361
0.215
0.175
0.167
0.177
0.181
0.597
0.47
0.788
1.461
2.114
1.014
0.813
0.834
0.779
1.086
1.98
1.715
2.307
1.943
1.233
0.874
0.718
0.558
0.4
0.217
0.177
0.159
0.17
0.187
0.535
0.504
0.986
1.707
1.568
1.014
0.813
0.629
1.23
1.271
2.569
1.514
2.969
2.571
1.233
0.788
0.682
0.594
0.513
0.307
0.195
0.172
0.187
0.202
0.547
0.554
0.863
1.511
1.951
1.162
1.397
1.071
1.43
1.199
2.307
1.785
2.969
2.547
1.233
0.514
0.257
0.207
0.332
0.287
0.194
0.237
0.172
0.171
0.155
0.96
2.022
1.522
1.371
1.264
0.798
1.435
1.671
1.539
0.814
1.117
1.251
1.074
1.171
0.635
0.391
0.228
0.468
0.29
0.206
0.247
0.193
0.191
0.279
0.904
1.829
1.508
1.767
1.061
0.609
0.907
1.475
1.389
0.814
0.817
1.665
1.308
1.316
0.772
0.7
0.548
0.392
0.231
0.205
0.172
0.188
0.207
0.563
0.722
0.832
1.378
1.756
1.017
1.916
0.605
1.316
1.019
1.863
1.787
2.497
2.547
1.226
0.723
0.694
0.538
0.375
0.234
0.206
0.178
0.217
0.207
0.598
0.67
0.781
1.281
1.666
0.997
1.803
0.633
1.411
1.196
1.767
1.733
2.362
2.411
1.133
0.667
0.64
0.518
0.408
0.241
0.208
0.181
0.215
0.207
0.738
0.678
0.77
1.524
1.587
0.925
1.848
0.604
1.295
1.173
1.69
1.654
2.245
2.302
1.158
0.692
0.695
0.514
0.402
0.229
0.218
0.182
0.206
0.2
0.879
0.749
0.742
1.478
1.509
1.076
1.717
0.717
1.359
1.226
1.584
1.896
2.298
2.217
1.154
0.677
0.65
0.489
0.384
0.228
0.219
0.188
0.21
0.207
0.931
0.748
0.82
1.616
1.562
1.008
1.572
0.673
1.25
1.13
1.452
1.985
2.192
2.242
1.369
0.715
0.671
0.453
0.357
0.217
0.211
0.183
0.203
0.2
0.895
0.737
0.911
1.58
1.639
1.069
1.458
0.631
1.153
1.078
1.366
1.839
2.086
2.323
1.345
0.738
0.678
0.434
0.344
0.211
0.211
0.186
0.203
0.224
0.843
0.922
1.014
1.505
1.551
1.2
1.446
0.714
1.098
1.009
1.412
1.938
2.21
2.37
1.418
0.697
0.633
0.42
0.354
0.247
0.217
0.192
0.209
0.225
0.777
1.074
0.988
1.46
1.515
1.257
1.414
0.763
1.088
1.108
1.637
1.847
2.146
2.247
1.314
0.648
0.59
0.398
0.339
0.243
0.234
0.193
0.209
0.262
0.721
0.986
0.908
1.362
1.388
1.153
1.327
0.74
1.105
1.11
1.661
1.722
2.08
2.252
1.452
0.606
0.554
0.38
0.327
0.24
0.244
0.194
0.208
0.257
0.8
1.073
0.845
1.246
1.326
1.111
1.287
0.802
1.288
1.433
1.928
1.75
2.021
2.133
1.384
0.609
0.528
0.369
0.322
0.241
0.247
0.198
0.21
0.255
0.783
0.989
0.784
1.145
1.253
1.078
1.464
0.84
1.312
1.362
2.143
1.748
2.313
2.112
1.286
0.61
0.5
0.357
0.313
0.241
0.251
0.2
0.21
0.253
0.912
0.932
0.729
1.054
1.247
1.206
1.432
0.81
1.368
1.303
1.985
1.636
2.15
2.009
1.196
0.57
0.471
0.343
0.303
0.238
0.26
0.2
0.212
0.267
0.915
0.856
0.687
0.977
1.142
1.105
1.343
0.919
1.285
1.317
2.156
1.726
2.243
1.92
1.246
0.584
0.452
0.364
0.325
0.235
0.256
0.201
0.211
0.26
0.844
0.97
0.825
1.076
1.236
1.234
1.267
0.951
1.41
1.284
2.152
1.754
2.283
1.808
1.161
0.561
0.419
0.339
0.308
0.234
0.244
0.195
0.203
0.257
0.795
0.928
0.902
1.256
1.348
1.167
1.251
1.105
1.513
1.273
2.055
1.652
2.167
1.955
1.198
0.605
0.466
0.332
0.298
0.232
0.24
0.196
0.203
0.26
0.804
0.869
0.867
1.266
1.353
1.279
1.147
1.039
1.598
1.22
1.922
1.611
2.112
1.843
1.125
0.568
0.44
0.316
0.286
0.229
0.237
0.229
0.209
0.259
0.812
0.867
0.843
1.227
1.471
1.211
1.054
1.273
1.609
1.262
1.909
1.712
2.145
1.914
1.099
0.551
0.418
0.315
0.309
0.229
0.236
0.238
0.214
0.258
0.805
0.809
0.801
1.155
1.371
1.225
1.047
1.163
1.467
1.268
1.859
1.61
2.061
1.866
1.017
0.52
0.398
0.299
0.315
0.229
0.228
0.238
0.212
0.25
0.776
0.773
0.766
1.088
1.567
1.174
1.04
1.122
1.408
1.211
1.756
1.577
2.127
2.041
1.224
0.534
0.422
0.314
0.306
0.229
0.221
0.252
0.214
0.239
0.805
0.895
0.77
1.067
1.519
1.296
1.004
1.079
1.447
1.124
1.612
1.484
2.19
2.03
1.216
0.509
0.403
0.307
0.313
0.243
0.221
0.25
0.21
0.235
0.784
0.922
0.926
1.001
1.382
1.189
1.127
1.109
1.392
1.26
1.584
1.471
2.365
1.953
1.291
0.532
0.386
0.296
0.3
0.24
0.222
0.248
0.212
0.229
0.732
0.956
1.029
1.055
1.302
1.392
1.082
1.105
1.416
1.529
1.506
1.421
2.238
1.846
1.209
0.514
0.382
0.291
0.283
0.229
0.22
0.235
0.201
0.217
0.712
0.895
0.982
1.079
1.236
1.34
1.063
1.095
1.835
1.681
1.573
1.747
2.116
1.728
1.173
0.536
0.425
0.315
0.274
0.224
0.217
0.232
0.202
0.265
0.808
0.975
0.994
1.06
1.146
1.268
1.179
1.092
1.92
1.651
1.746
1.742
1.984
1.727
1.146
0.529
0.449
0.318
0.261
0.216
0.209
0.219
0.192
0.421
0.845
0.94
0.915
1.001
1.082
1.19
1.116
1.06
1.813
1.629
1.749
1.863
1.987
1.636
1.092
0.53
0.465
0.385
0.303
0.252
0.228
0.218
0.193
0.449
0.969
0.963
0.959
1.072
1.153
1.12
1.083
1.047
1.846
1.544
1.64
1.766
2.047
1.625
1.063
0.539
0.451
0.396
0.302
0.236
0.216
0.21
0.188
0.468
0.927
0.899
0.907
0.985
1.106
1.05
1.016
0.982
1.718
1.588
1.535
1.661
1.917
1.584
1.077
0.533
0.451
0.4
0.308
0.239
0.22
0.209
0.192
0.435
0.897
0.881
1.022
1.037
1.089
0.988
0.955
0.943
1.849
1.657
1.596
1.831
1.85
1.505
1.104
0.586
0.448
0.391
0.332
0.236
0.219
0.208
0.193
0.411
0.841
0.86
1.115
1.033
1.057
1.007
1.17
0.961
1.921
1.7
1.737
2.053
1.794
1.531
1.011
0.54
0.417
0.365
0.312
0.225
0.211
0.2
0.184
0.453
0.802
0.792
1.021
0.949
1.001
0.941
1.172
0.974
1.84
1.945
1.789
1.948
1.744
1.446
0.932
0.508
0.396
0.35
0.3
0.221
0.228
0.201
0.202
0.461
0.748
0.732
0.937
0.871
0.948
0.95
1.136
0.947
1.771
1.977
1.812
1.818
1.777
1.589
0.887
0.47
0.367
0.325
0.282
0.212
0.224
0.194
0.195
0.476
0.86
0.778
0.864
0.805
0.874
0.94
1.077
0.922
1.615
1.912
1.779
1.814
1.89
1.529
0.861
0.444
0.351
0.313
0.272
0.207
0.222
0.194
0.196
0.503
0.939
0.775
0.833
0.783
0.849
0.989
1.208
1.027
1.535
1.816
1.641
1.772
1.801
1.448
0.81
0.42
0.335
0.299
0.263
0.207
0.221
0.194
0.194
0.517
0.981
0.785
0.768
0.721
0.813
0.91
1.107
0.949
1.399
1.653
1.616
1.743
1.723
1.432
0.781
0.418
0.321
0.283
0.251
0.198
0.209
0.188
0.189
0.483
1.005
1.025
0.769
0.88
0.788
0.952
1.166
0.875
1.281
1.509
1.475
1.648
1.63
1.352
0.724
0.399
0.31
0.276
0.245
0.195
0.21
0.189
0.191
0.505
0.997
1.022
0.712
0.892
0.735
0.878
1.071
0.809
1.229
1.497
1.395
1.874
1.698
1.271
0.674
0.377
0.299
0.272
0.244
0.192
0.21
0.193
0.194
0.533
0.947
1.107
0.771
0.82
0.713
0.846
1.167
0.778
1.346
1.455
1.35
1.812
1.711
1.216
0.705
0.405
0.301
0.264
0.237
0.19
0.206
0.218
0.196
0.548
0.934
1.231
0.713
0.779
0.723
0.812
1.12
0.88
1.304
1.521
1.296
1.737
1.673
1.413
0.694
0.385
0.291
0.255
0.231
0.192
0.207
0.217
0.193
0.553
1.002
1.138
0.662
0.744
0.745
0.796
1.075
0.838
1.269
1.515
1.233
1.744
1.625
1.378
0.659
0.367
0.279
0.249
0.231
0.194
0.206
0.245
0.22
0.556
0.961
1.081
0.65
0.727
0.723
1.074
1.119
0.839
1.291
1.52
1.498
1.789
1.651
1.338
0.684
0.402
0.316
0.278
0.229
0.193
0.203
0.281
0.238
0.574
0.909
0.992
0.646
0.742
0.756
1.006
1.028
0.882
1.259
1.459
1.511
1.806
1.799
1.407
0.656
0.384
0.306
0.272
0.239
0.208
0.204
0.274
0.231
0.549
1.204
0.985
0.741
0.989
0.756
0.98
1.063
0.865
1.204
1.408
1.481
1.983
1.726
1.375
0.695
0.414
0.337
0.294
0.234
0.203
0.204
0.267
0.23
0.511
1.186
1.076
0.712
1.05
0.966
1.348
1.006
0.83
1.419
1.495
1.528
2.004
1.81
1.319
0.7
0.452
0.352
0.276
0.228
0.196
0.192
0.252
0.221
0.529
1.124
0.996
0.873
1.131
0.935
1.239
1.012
0.861
1.44
1.421
1.578
1.973
1.743
1.276
0.67
0.435
0.353
0.258
0.221
0.191
0.182
0.239
0.219
0.554
1.173
1.093
0.822
1.131
0.915
1.187
1.034
0.899
1.423
1.635
1.553
2.097
1.703
1.217
0.654
0.413
0.344
0.249
0.217
0.192
0.184
0.235
0.216
0.636
1.094
1.003
0.758
1.143
0.916
1.134
1.05
0.909
1.457
1.618
1.566
1.999
1.648
1.161
0.66
0.437
0.372
0.256
0.209
0.182
0.178
0.226
0.209
0.647
1.141
1.178
0.825
1.12
0.872
1.071
1.053
0.929
1.399
1.56
1.44
1.885
1.545
1.132
0.626
0.416
0.357
0.244
0.202
0.173
0.172
0.217
0.201
0.775
1.199
1.109
0.804
1.028
0.801
1.087
1.109
1.27
1.431
1.437
1.5
1.996
1.533
1.243
0.657
0.385
0.332
0.234
0.196
0.169
0.163
0.209
0.195
0.718
1.117
1.078
0.796
1.0
0.864
1.105
1.109
1.214
1.4
1.449
1.938
2.005
1.755
1.231
0.689
0.405
0.345
0.317
0.283
0.247
0.183
0.201
0.224
0.657
1.028
1.226
0.819
1.113
0.89
1.12
1.072
1.155
1.348
1.424
1.917
2.119
1.7
1.182
0.674
0.383
0.323
0.297
0.266
0.234
0.182
0.193
0.214
0.675
1.121
1.231
0.757
1.022
0.859
1.028
1.103
1.14
1.44
1.368
1.836
2.053
1.829
1.106
0.619
0.356
0.303
0.278
0.25
0.221
0.177
0.185
0.204
0.676
1.057
1.234
0.706
0.94
0.793
0.998
1.066
1.219
1.48
1.375
1.755
2.175
1.882
1.07
0.59
0.333
0.284
0.262
0.238
0.212
0.174
0.18
0.196
0.657
0.987
1.129
0.654
0.865
0.761
0.918
0.981
1.133
1.509
1.365
1.922
2.241
1.806
1.041
0.576
0.314
0.269
0.249
0.227
0.204
0.173
0.175
0.189
0.736
0.991
1.035
0.607
0.796
0.703
0.892
0.956
1.096
1.577
1.437
1.947
2.247
1.9
1.042
0.534
0.295
0.254
0.237
0.217
0.196
0.174
0.168
0.179
0.673
1.07
1.019
0.611
0.784
0.72
0.88
0.977
1.057
1.499
1.362
1.877
2.147
1.847
1.254
0.638
0.301
0.258
0.223
0.206
0.189
0.17
0.164
0.172
0.645
1.002
0.981
0.795
0.877
0.802
0.994
1.076
1.127
1.515
1.572
1.815
2.101
1.818
1.403
0.713
0.339
0.256
0.227
0.238
0.235
0.197
0.162
0.193
0.601
0.979
0.973
0.796
0.837
0.849
0.947
1.031
1.078
1.501
1.738
1.928
1.977
1.733
1.423
0.713
0.337
0.25
0.217
0.226
0.22
0.189
0.171
0.199
0.587
0.947
0.96
0.776
0.854
0.95
0.879
0.995
1.079
1.443
1.676
1.976
2.006
2.048
1.51
0.688
0.324
0.246
0.216
0.224
0.218
0.187
0.183
0.2
0.606
0.963
0.929
0.719
0.786
0.872
0.902
1.008
1.064
1.462
1.697
1.925
1.956
1.939
1.436
0.744
0.355
0.282
0.245
0.243
0.216
0.189
0.186
0.199
0.6
1.065
0.967
0.676
0.746
0.858
0.875
0.977
1.037
1.545
1.643
1.835
1.908
1.838
1.325
0.7
0.339
0.271
0.237
0.239
0.215
0.19
0.185
0.196
0.612
1.232
1.033
0.664
0.725
0.848
0.855
1.022
1.071
1.51
1.566
1.812
1.858
1.804
1.265
0.662
0.328
0.265
0.233
0.235
0.214
0.19
0.205
0.204
0.621
1.146
0.95
0.614
0.67
0.79
0.801
1.0
1.057
1.486
1.564
1.928
2.143
1.823
1.394
0.663
0.32
0.258
0.226
0.246
0.226
0.198
0.197
0.191
0.588
1.264
0.936
0.599
0.818
0.744
0.874
1.294
1.143
1.401
1.492
2.005
2.08
1.822
1.434
0.741
0.382
0.313
0.289
0.285
0.235
0.197
0.195
0.183
0.549
1.167
0.905
0.609
0.762
1.103
1.045
1.292
1.114
1.415
1.468
2.213
2.125
1.766
1.352
0.687
0.359
0.296
0.274
0.272
0.227
0.192
0.192
0.176
0.588
1.231
0.897
0.574
0.739
1.057
0.975
1.219
1.049
1.337
1.377
2.089
2.006
1.695
1.304
0.682
0.373
0.311
0.261
0.26
0.219
0.186
0.183
0.172
0.588
1.296
0.933
0.529
0.802
1.005
0.94
1.15
1.017
1.245
1.308
1.971
1.944
1.843
1.391
0.672
0.38
0.325
0.252
0.244
0.205
0.178
0.177
0.166
0.593
1.205
0.856
0.544
0.767
0.945
0.876
1.092
0.972
1.186
1.212
1.81
1.784
1.697
1.323
0.67
0.408
0.307
0.238
0.231
0.193
0.168
0.169
0.207
0.575
1.102
0.788
0.508
0.708
0.869
0.817
1.045
0.936
1.127
1.204
1.686
1.664
1.816
1.399
0.681
0.435
0.291
0.225
0.221
0.188
0.158
0.164
0.229
0.563
1.004
0.718
0.467
0.65
0.795
0.782
1.121
0.911
1.075
1.14
1.572
1.599
1.738
1.359
0.709
0.493
0.332
0.255
0.215
0.184
0.156
0.161
0.214
0.517
0.935
0.709
0.496
0.659
0.927
0.753
1.056
0.931
0.991
1.094
1.475
1.485
1.623
1.272
0.713
0.552
0.314
0.242
0.201
0.177
0.154
0.157
0.205
0.49
0.867
0.704
0.483
0.644
0.944
0.839
1.169
1.243
0.917
1.007
1.36
1.371
1.53
1.22
0.718
0.575
0.317
0.234
0.196
0.174
0.153
0.157
0.195
0.455
0.83
0.699
0.504
0.631
0.912
0.79
1.065
1.226
1.067
1.01
1.373
1.358
1.501
1.182
0.721
0.563
0.3
0.222
0.187
0.172
0.152
0.152
0.248
0.459
0.76
0.644
0.464
0.58
0.838
0.731
1.184
1.255
1.089
1.069
1.57
1.363
1.496
1.162
0.73
0.523
0.279
0.209
0.181
0.167
0.149
0.144
0.234
0.497
0.703
0.599
0.434
0.536
0.774
0.717
1.185
1.217
1.183
1.078
1.529
1.341
1.515
1.141
0.742
0.554
0.265
0.197
0.177
0.156
0.147
0.141
0.224
0.517
0.665
0.576
0.418
0.523
0.724
0.698
1.17
1.252
1.317
1.123
1.553
1.32
1.707
1.116
0.676
0.51
0.253
0.182
0.174
0.148
0.144
0.141
0.214
0.576
0.834
0.641
0.397
0.49
0.809
0.701
1.116
1.211
1.322
1.177
1.546
1.363
1.85
1.129
0.692
0.465
0.242
0.174
0.167
0.148
0.142
0.141
0.204
0.527
0.793
0.647
0.561
0.742
0.961
0.731
1.161
1.196
1.458
1.406
1.476
1.281
1.715
1.089
0.721
0.497
0.329
0.268
0.246
0.172
0.144
0.139
0.198
0.554
0.779
0.639
0.65
0.893
1.05
1.035
1.377
1.237
1.582
1.483
1.446
1.287
1.691
1.141
0.821
0.523
0.549
0.49
0.252
0.202
0.154
0.149
0.202
0.522
0.724
0.594
0.679
0.868
1.088
1.187
1.428
1.249
1.723
1.61
1.532
1.309
1.673
1.194
0.851
0.554
0.543
0.464
0.248
0.203
0.163
0.158
0.205
0.492
0.66
0.613
0.662
0.814
1.067
1.225
1.32
1.251
1.635
1.562
1.476
1.284
1.642
1.259
1.18
0.546
0.501
0.429
0.235
0.195
0.159
0.154
0.21
0.461
0.612
0.61
0.615
0.775
0.989
1.144
1.28
1.251
1.548
1.531
1.486
1.434
1.668
1.226
1.156
0.52
0.47
0.406
0.23
0.195
0.162
0.155
0.209
0.432
0.569
0.629
0.594
0.748
0.95
1.114
1.186
1.176
1.458
1.584
1.421
1.368
1.709
1.214
1.124
0.498
0.445
0.388
0.229
0.195
0.165
0.162
0.232
0.412
0.534
0.617
0.585
0.737
0.916
1.128
1.143
1.127
1.483
1.781
1.362
1.316
1.731
1.123
1.043
0.479
0.432
0.38
0.237
0.206
0.166
0.163
0.225
0.385
0.496
0.573
0.544
0.68
0.842
1.065
1.565
1.299
1.528
1.706
1.416
1.319
1.62
1.12
1.037
0.521
0.45
0.396
0.265
0.209
0.161
0.157
0.211
0.357
0.458
0.527
0.519
0.644
0.84
1.133
1.588
1.465
1.55
1.609
1.496
1.324
1.676
1.12
1.079
0.495
0.417
0.368
0.25
0.2
0.155
0.149
0.199
0.332
0.453
0.517
0.59
0.719
0.901
1.116
1.51
1.399
1.476
1.565
1.546
1.298
1.632
1.137
1.101
0.515
0.433
0.374
0.254
0.191
0.15
0.145
0.189
0.306
0.473
0.638
0.704
0.675
0.907
1.057
1.375
1.355
1.504
1.713
1.523
1.269
1.603
1.191
1.282
0.549
0.435
0.375
0.236
0.183
0.147
0.142
0.179
0.283
0.495
0.769
0.777
0.64
0.919
0.973
1.269
1.275
1.418
1.661
1.564
1.284
1.581
1.377
1.265
0.574
0.439
0.376
0.228
0.175
0.143
0.142
0.175
0.267
0.515
0.931
0.855
0.617
0.877
0.926
1.173
1.21
1.339
1.639
1.571
1.254
1.5
1.373
1.224
0.547
0.422
0.363
0.219
0.17
0.137
0.136
0.169
0.251
0.517
0.874
0.814
0.582
0.802
0.851
1.12
1.129
1.243
1.762
1.555
1.31
1.633
1.342
1.21
0.628
0.485
0.414
0.306
0.212
0.181
0.181
0.174
0.245
0.484
1.012
0.961
0.586
0.755
0.978
1.295
1.123
1.544
1.795
1.564
1.331
1.56
1.306
1.223
0.683
0.487
0.403
0.336
0.253
0.219
0.193
0.166
0.236
0.452
1.054
1.14
0.812
1.078
1.018
1.224
1.044
1.463
1.79
1.885
1.313
1.514
1.449
1.198
0.644
0.458
0.379
0.321
0.249
0.218
0.227
0.159
0.225
0.493
1.152
1.143
0.745
0.981
0.993
1.134
1.02
1.461
1.842
1.805
1.32
1.539
1.513
1.353
0.602
0.424
0.353
0.301
0.237
0.205
0.219
0.155
0.215
0.502
1.12
1.275
0.682
0.895
0.906
1.045
0.974
1.38
1.881
1.833
1.328
1.536
1.492
1.288
0.565
0.402
0.338
0.295
0.237
0.208
0.215
0.149
0.206
0.656
1.097
1.155
0.626
0.817
0.885
1.114
0.997
1.347
1.801
1.756
1.345
1.512
1.462
1.255
0.539
0.381
0.319
0.277
0.225
0.198
0.205
0.143
0.196
0.707
1.369
1.181
0.574
0.747
0.838
1.044
0.925
1.336
1.747
1.999
1.325
1.467
1.443
1.224
0.518
0.354
0.297
0.257
0.213
0.19
0.199
0.139
0.183
0.752
1.246
1.074
0.523
0.683
0.807
0.978
0.921
1.283
1.734
1.959
1.323
1.437
1.411
1.21
0.532
0.345
0.299
0.238
0.203
0.183
0.19
0.131
0.176
0.701
1.186
1.02
0.624
0.815
0.79
1.233
1.251
1.309
1.605
1.874
1.718
1.555
1.419
1.397
0.61
0.345
0.291
0.233
0.208
0.188
0.226
0.182
0.181
0.649
1.157
1.177
0.843
0.962
0.744
1.133
1.274
1.242
1.634
1.825
1.671
1.553
1.709
1.402
0.649
0.374
0.3
0.224
0.201
0.183
0.218
0.176
0.174
0.656
1.093
1.085
0.846
1.002
0.806
1.052
1.194
1.299
1.647
1.851
1.826
1.479
1.669
1.38
0.617
0.359
0.292
0.225
0.201
0.182
0.217
0.202
0.177
0.651
1.137
1.01
0.783
0.933
0.765
1.015
1.126
1.26
1.823
1.993
1.849
1.445
1.768
1.319
0.586
0.351
0.291
0.228
0.206
0.192
0.222
0.212
0.183
0.691
1.233
1.055
0.732
0.87
0.878
1.0
1.113
1.304
1.849
1.903
1.776
1.471
1.755
1.242
0.553
0.344
0.289
0.233
0.215
0.201
0.226
0.219
0.185
0.728
1.143
0.97
0.68
0.947
0.888
0.974
1.161
1.354
1.842
2.014
1.804
1.392
1.694
1.222
0.55
0.346
0.298
0.248
0.231
0.22
0.241
0.231
0.184
0.741
1.15
0.92
0.631
0.868
0.989
0.918
1.092
1.378
1.858
2.03
2.006
1.431
1.68
1.388
0.593
0.41
0.364
0.309
0.298
0.28
0.242
0.231
0.18
0.689
1.083
0.931
0.678
0.838
0.943
0.965
1.201
1.567
1.877
2.11
2.25
1.541
1.668
1.408
0.634
0.431
0.396
0.36
0.321
0.28
0.246
0.234
0.19
0.648
1.076
0.946
0.647
0.811
1.043
0.972
1.142
1.661
2.028
2.11
2.196
1.498
1.608
1.517
0.629
0.425
0.395
0.346
0.311
0.273
0.238
0.231
0.193
0.679
1.182
1.021
0.612
0.972
1.015
0.905
1.105
1.58
1.982
2.071
2.211
1.505
1.578
1.483
0.688
0.456
0.423
0.355
0.302
0.263
0.233
0.23
0.195
0.633
1.126
0.971
0.621
1.294
1.297
0.88
1.046
1.638
2.04
2.05
2.146
1.601
1.737
1.45
0.682
0.456
0.429
0.34
0.291
0.253
0.224
0.226
0.194
0.633
1.172
0.991
0.634
1.275
1.198
0.843
1.017
1.557
2.067
2.193
2.071
1.582
1.695
1.365
0.673
0.458
0.422
0.322
0.277
0.246
0.22
0.22
0.197
0.656
1.16
0.918
0.596
1.186
1.102
0.822
1.007
1.488
2.173
2.208
1.957
1.5
1.656
1.337
0.642
0.438
0.409
0.308
0.261
0.235
0.215
0.213
0.198
0.721
1.079
0.871
0.562
1.093
1.1
0.816
0.99
1.46
2.155
2.125
1.879
1.488
1.63
1.327
0.708
0.466
0.386
0.292
0.252
0.229
0.212
0.21
0.192
0.667
1.244
1.058
0.794
1.291
1.177
0.868
1.015
1.499
2.192
2.179
1.864
1.695
1.638
1.351
0.702
0.446
0.38
0.287
0.257
0.232
0.219
0.215
0.2
0.622
1.244
1.244
0.848
1.246
1.296
1.076
1.038
1.476
2.199
2.158
1.852
1.846
1.59
1.301
0.655
0.414
0.364
0.271
0.251
0.221
0.245
0.206
0.199
0.671
1.254
1.173
0.855
1.237
1.224
1.002
0.973
1.462
2.345
2.065
1.98
1.911
1.592
1.234
0.617
0.389
0.345
0.26
0.24
0.216
0.233
0.203
0.194
0.809
1.18
1.1
0.834
1.278
1.203
1.01
1.006
1.449
2.361
2.03
2.043
2.016
1.601
1.186
0.581
0.368
0.326
0.248
0.23
0.211
0.225
0.195
0.192
0.846
1.125
1.039
0.768
1.202
1.137
0.932
0.966
1.488
2.278
2.064
2.366
2.081
1.62
1.26
0.597
0.35
0.311
0.261
0.244
0.211
0.224
0.192
0.193
0.956
1.24
1.032
0.711
1.116
1.062
0.892
0.945
1.493
2.388
2.019
2.259
1.978
1.611
1.32
0.593
0.353
0.296
0.252
0.23
0.204
0.216
0.186
0.197
0.885
1.185
0.997
0.732
1.123
1.203
1.024
0.973
1.516
2.37
1.998
2.11
1.871
1.601
1.477
0.585
0.366
0.302
0.241
0.221
0.195
0.205
0.182
0.192
0.81
1.124
1.194
0.752
1.092
1.174
1.01
0.985
1.534
2.35
1.935
2.165
1.748
1.505
1.371
0.566
0.355
0.288
0.232
0.215
0.193
0.199
0.178
0.187
0.743
1.229
1.29
0.774
1.173
1.083
1.061
0.984
1.568
2.36
1.868
2.079
1.747
1.497
1.569
0.6
0.337
0.276
0.221
0.208
0.189
0.196
0.174
0.18
0.71
1.164
1.278
0.828
1.152
1.121
1.013
1.011
1.622
2.445
2.075
2.004
1.677
1.478
1.494
0.571
0.325
0.271
0.222
0.207
0.192
0.198
0.179
0.185
0.689
1.143
1.232
0.841
1.115
1.288
1.157
1.001
1.56
2.412
2.007
1.963
1.685
1.461
1.557
0.645
0.31
0.262
0.217
0.203
0.184
0.193
0.213
0.205
0.715
1.165
1.199
0.774
1.02
1.396
1.083
0.991
1.59
2.376
2.149
1.916
1.634
1.657
1.492
0.604
0.299
0.251
0.213
0.198
0.18
0.191
0.21
0.201
0.772
1.272
1.219
0.715
0.963
1.283
1.041
1.077
1.56
2.325
2.154
1.849
1.554
1.849
1.475
0.669
0.29
0.242
0.208
0.195
0.18
0.19
0.204
0.195
0.817
1.359
1.242
0.679
1.09
1.293
1.08
1.067
1.574
2.261
2.143
1.741
1.426
1.691
1.37
0.639
0.294
0.239
0.205
0.204
0.198
0.186
0.2
0.202
0.753
1.24
1.188
0.731
1.12
1.214
1.06
1.128
1.626
2.235
2.046
1.687
1.45
1.848
1.391
0.762
0.451
0.336
0.284
0.258
0.248
0.233
0.21
0.217
0.745
1.334
1.234
0.923
1.119
1.227
1.146
1.124
1.633
2.513
2.127
1.876
1.605
1.866
1.405
0.718
0.453
0.328
0.271
0.25
0.241
0.224
0.203
0.213
0.783
1.388
1.159
1.112
1.123
1.22
1.088
1.166
1.675
2.439
2.068
1.888
1.618
1.88
1.368
0.715
0.47
0.35
0.273
0.243
0.234
0.214
0.201
0.21
0.866
1.474
1.136
1.047
1.05
1.152
1.028
1.146
1.608
2.406
2.256
1.971
1.616
1.848
1.374
0.721
0.473
0.353
0.264
0.234
0.225
0.211
0.198
0.202
0.913
1.415
1.07
1.001
1.04
1.078
0.957
1.116
1.527
2.321
2.258
1.98
1.717
1.888
1.389
0.754
0.491
0.382
0.269
0.228
0.223
0.211
0.198
0.201
0.975
1.758
1.106
0.937
0.986
1.079
0.894
1.068
1.454
2.223
2.192
1.872
1.613
1.86
1.355
0.697
0.461
0.36
0.26
0.222
0.214
0.207
0.196
0.198
1.043
1.659
1.096
0.911
0.95
1.018
0.841
1.119
1.476
2.197
2.162
1.846
1.653
1.83
1.381
0.759
0.511
0.377
0.251
0.218
0.209
0.202
0.192
0.191
0.955
1.589
1.116
1.052
1.115
1.103
0.865
1.353
1.665
2.228
2.238
1.869
1.723
1.924
1.426
0.819
0.551
0.384
0.243
0.213
0.205
0.199
0.189
0.189
0.913
1.569
1.141
1.04
1.087
1.1
0.955
1.389
1.886
2.217
2.222
2.066
1.918
1.928
1.367
0.76
0.512
0.361
0.235
0.207
0.2
0.211
0.185
0.189
0.993
1.492
1.043
0.966
1.015
1.048
0.926
1.342
1.808
2.363
2.262
2.016
1.88
1.876
1.27
0.7
0.5
0.372
0.257
0.232
0.226
0.263
0.203
0.184
1.081
1.577
1.082
0.897
0.95
0.978
0.948
1.316
1.757
2.332
2.243
1.973
1.866
1.885
1.329
0.806
0.525
0.407
0.304
0.279
0.259
0.322
0.198
0.18
0.988
1.519
0.99
0.896
0.938
0.992
0.964
1.356
1.94
2.329
2.345
2.077
1.947
1.994
1.392
0.932
0.577
0.386
0.288
0.289
0.249
0.314
0.207
0.184
0.938
1.496
1.021
0.897
1.019
1.244
1.089
1.55
2.095
2.341
2.558
2.084
2.001
1.926
1.646
0.989
0.639
0.438
0.343
0.321
0.243
0.297
0.213
0.327
0.955
1.459
1.063
1.055
1.135
1.67
1.283
1.698
2.231
2.368
2.767
2.104
1.971
1.926
1.739
1.073
0.758
0.579
0.326
0.31
0.241
0.279
0.214
0.31
0.878
1.369
1.013
1.208
1.58
1.719
1.284
1.713
2.314
2.338
2.721
2.541
2.056
1.93
1.751
1.113
0.73
0.546
0.316
0.301
0.241
0.274
0.213
0.299
0.815
1.318
1.078
1.46
1.573
1.766
1.529
1.71
2.137
2.188
2.612
2.494
1.992
1.953
1.76
1.216
0.818
0.603
0.37
0.331
0.234
0.26
0.211
0.288
0.749
1.255
1.025
1.419
1.501
1.698
1.68
1.697
2.083
2.181
2.784
2.783
2.035
1.92
1.745
1.184
0.757
0.562
0.352
0.314
0.282
0.293
0.209
0.277
0.687
1.215
1.031
1.38
1.522
1.649
1.647
1.72
2.217
2.235
3.044
2.971
2.072
1.953
1.744
1.182
0.793
0.577
0.337
0.318
0.288
0.297
0.213
0.266
0.635
1.111
1.02
1.36
1.5
1.625
1.569
1.7
2.258
2.32
3.104
2.94
2.109
2.152
1.824
1.223
0.825
0.601
0.367
0.363
0.347
0.373
0.22
0.268
0.595
1.083
1.011
1.306
1.447
1.545
1.505
1.634
2.445
2.197
3.189
2.694
1.958
1.98
1.683
1.138
0.784
0.598
0.384
0.397
0.33
0.355
0.221
0.262
0.552
0.999
0.928
1.421
1.514
1.596
1.747
1.732
2.34
2.332
3.117
2.548
1.894
1.94
1.673
1.207
0.814
0.62
0.427
0.435
0.367
0.377
0.212
0.25
0.515
0.932
0.893
1.589
1.678
1.555
1.709
1.672
2.229
2.391
3.05
2.529
1.866
1.875
1.673
1.249
0.819
0.579
0.51
0.488
0.42
0.367
0.212
0.249
0.483
0.855
0.883
1.594
1.635
1.772
1.628
1.69
2.276
2.584
3.157
2.455
1.818
1.829
1.68
1.242
0.785
0.555
0.479
0.451
0.398
0.348
0.204
0.243
0.446
0.894
0.88
1.525
1.531
1.72
1.585
1.709
2.231
2.541
3.246
2.517
1.832
1.832
1.834
1.208
0.72
0.52
0.447
0.422
0.378
0.326
0.206
0.23
0.421
0.993
0.903
1.451
1.46
1.839
1.528
1.641
2.128
2.471
3.271
2.45
1.802
1.811
1.993
1.14
0.667
0.485
0.415
0.398
0.353
0.31
0.223
0.218
0.403
0.969
0.901
1.382
1.384
1.81
1.477
1.514
2.065
2.489
3.165
2.398
1.889
1.89
1.86
1.067
0.625
0.453
0.397
0.377
0.337
0.304
0.237
0.219
0.51
0.968
0.903
1.338
1.318
1.724
1.516
1.494
1.998
2.414
3.089
2.555
1.868
1.813
2.12
1.061
0.606
0.44
0.399
0.381
0.341
0.311
0.296
0.259
0.494
0.96
0.906
1.284
1.282
1.638
1.477
1.444
2.042
2.448
2.92
2.434
1.941
1.887
2.106
1.017
0.582
0.432
0.394
0.382
0.366
0.351
0.312
0.272
0.513
0.898
0.909
1.471
1.367
1.598
1.435
1.435
2.005
2.472
2.938
2.402
1.922
1.991
2.02
1.02
0.59
0.453
0.406
0.369
0.352
0.355
0.307
0.282
0.498
0.864
0.881
1.567
1.438
1.598
1.511
1.698
1.94
2.424
2.911
2.333
1.871
2.175
1.984
0.985
0.552
0.44
0.387
0.355
0.344
0.353
0.306
0.282
0.491
0.846
0.882
1.494
1.518
1.735
1.594
1.627
1.827
2.272
2.819
2.231
1.795
2.267
1.943
0.942
0.547
0.449
0.405
0.333
0.332
0.328
0.294
0.265
0.57
0.965
0.977
1.427
1.443
1.733
1.503
1.691
1.943
2.308
2.671
2.142
1.746
2.2
1.841
0.915
0.517
0.428
0.376
0.321
0.31
0.316
0.286
0.278
0.595
0.938
0.917
1.335
1.362
1.639
1.396
1.616
1.83
2.234
2.533
2.077
1.705
2.136
2.136
0.888
0.483
0.409
0.361
0.309
0.301
0.303
0.282
0.264
0.675
1.081
1.042
1.248
1.338
1.536
1.306
1.549
1.736
2.197
2.419
1.964
1.607
2.092
2.036
0.847
0.485
0.411
0.35
0.295
0.287
0.292
0.266
0.257
0.735
1.205
1.103
1.193
1.272
1.457
1.261
1.466
1.655
2.079
2.315
1.91
1.592
2.071
1.969
0.864
0.501
0.432
0.348
0.286
0.287
0.296
0.252
0.252
0.673
1.133
1.055
1.372
1.209
1.463
1.306
1.449
1.577
2.038
2.369
1.87
1.579
2.062
2.054
0.927
0.496
0.405
0.336
0.271
0.279
0.279
0.247
0.242
0.626
1.123
1.069
1.563
1.183
1.596
1.372
1.382
1.674
2.04
2.318
1.817
1.663
2.021
1.95
0.864
0.462
0.382
0.329
0.256
0.272
0.29
0.24
0.235
0.681
1.228
1.142
1.451
1.121
1.511
1.294
1.315
1.591
2.202
2.219
1.783
1.648
2.102
1.836
0.799
0.441
0.366
0.319
0.256
0.261
0.294
0.236
0.232
0.774
1.317
1.174
1.335
1.045
1.403
1.258
1.284
1.539
2.403
2.227
1.737
1.655
2.059
1.753
0.762
0.421
0.349
0.319
0.253
0.264
0.29
0.231
0.228
0.924
1.271
1.077
1.222
0.963
1.313
1.153
1.25
1.507
2.369
2.199
1.716
1.666
2.017
1.674
0.709
0.401
0.338
0.309
0.244
0.261
0.328
0.225
0.218
0.972
1.465
1.145
1.154
0.916
1.239
1.17
1.243
1.547
2.295
2.119
1.655
1.72
1.97
1.574
0.661
0.378
0.322
0.296
0.239
0.253
0.317
0.217
0.212
1.011
1.467
1.054
1.052
0.841
1.178
1.091
1.211
1.509
2.193
2.146
1.71
1.854
2.066
1.526
0.657
0.402
0.316
0.343
0.299
0.311
0.371
0.28
0.26
0.929
1.432
1.052
1.299
0.863
1.173
1.246
1.218
1.441
2.128
2.108
1.827
1.926
2.016
1.516
0.736
0.421
0.328
0.326
0.288
0.301
0.359
0.27
0.252
0.855
1.333
1.282
1.318
0.897
1.112
1.262
1.279
1.652
2.211
2.162
1.86
2.072
1.956
1.492
0.759
0.434
0.35
0.379
0.309
0.289
0.342
0.256
0.245
0.91
1.444
1.251
1.226
1.014
1.077
1.195
1.216
1.746
2.314
2.247
1.986
2.018
1.937
1.432
0.721
0.408
0.332
0.355
0.293
0.279
0.326
0.258
0.255
0.974
1.34
1.219
1.138
0.988
1.018
1.121
1.19
1.68
2.644
2.293
2.021
2.017
1.909
1.407
0.685
0.386
0.318
0.336
0.282
0.27
0.308
0.248
0.247
0.986
1.244
1.329
1.051
0.907
0.983
1.042
1.15
1.61
2.655
2.445
2.098
1.963
1.875
1.536
0.662
0.371
0.307
0.322
0.276
0.264
0.3
0.293
0.321
0.964
1.139
1.218
0.968
0.839
0.902
1.01
1.147
1.553
2.654
2.383
1.996
1.861
1.82
1.466
0.621
0.358
0.3
0.312
0.269
0.26
0.293
0.286
0.312
1.154
1.06
1.132
0.914
0.839
1.036
0.984
1.125
1.524
2.532
2.308
1.943
1.823
2.045
1.427
0.596
0.352
0.298
0.319
0.317
0.305
0.335
0.31
0.299
1.062
1.036
1.261
0.906
0.864
1.052
1.223
1.153
1.445
2.473
2.612
2.26
1.857
2.077
1.418
0.614
0.357
0.296
0.325
0.361
0.356
0.387
0.314
0.285
0.98
1.054
1.178
0.873
0.94
1.2
1.242
1.176
1.445
2.513
2.595
2.168
1.792
2.143
1.377
0.608
0.35
0.288
0.314
0.348
0.339
0.367
0.304
0.278
1.021
1.212
1.226
0.832
0.932
1.139
1.143
1.094
1.383
2.42
2.642
2.282
1.854
2.209
1.414
0.594
0.342
0.275
0.298
0.332
0.323
0.346
0.289
0.268
1.063
1.137
1.136
0.8
0.884
1.088
1.15
1.087
1.369
2.284
2.645
2.19
1.826
2.419
1.369
0.599
0.337
0.265
0.286
0.318
0.309
0.329
0.278
0.257
1.105
1.073
1.134
0.779
0.849
0.999
1.073
1.056
1.31
2.192
2.503
2.322
1.999
2.318
1.406
0.631
0.395
0.295
0.275
0.305
0.293
0.312
0.268
0.249
1.133
1.014
1.059
0.844
0.829
0.954
1.002
1.313
1.333
2.188
2.406
2.201
1.887
2.207
1.36
0.647
0.425
0.312
0.262
0.292
0.283
0.3
0.257
0.247
1.099
0.975
0.978
0.799
0.78
0.876
0.947
1.262
1.284
2.078
2.364
2.146
1.823
2.125
1.326
0.626
0.429
0.325
0.255
0.282
0.272
0.284
0.249
0.248
1.246
1.099
0.899
0.928
0.81
1.084
0.936
1.232
1.287
2.23
2.473
2.361
1.792
2.073
1.35
0.677
0.422
0.313
0.248
0.269
0.265
0.276
0.244
0.271
1.144
1.074
0.86
0.878
0.832
1.249
0.965
1.172
1.276
2.216
2.411
2.264
1.849
2.022
1.333
0.676
0.405
0.305
0.247
0.264
0.257
0.308
0.243
0.262
1.242
1.025
0.8
0.814
0.78
1.199
0.925
1.131
1.306
2.345
2.426
2.171
1.937
2.034
1.297
0.634
0.389
0.293
0.243
0.261
0.254
0.301
0.24
0.265
1.352
0.992
0.746
0.757
0.74
1.113
0.912
1.113
1.307
2.268
2.564
2.23
1.902
1.931
1.335
0.719
0.406
0.287
0.236
0.258
0.251
0.296
0.236
0.261
1.301
1.101
0.705
0.705
0.687
1.165
0.861
1.117
1.306
2.188
2.471
2.158
2.012
1.869
1.269
0.673
0.384
0.279
0.236
0.254
0.244
0.313
0.234
0.258
1.269
1.222
0.783
0.654
0.654
1.081
0.814
1.095
1.266
2.179
2.444
2.044
1.871
1.861
1.27
0.632
0.367
0.273
0.233
0.248
0.24
0.327
0.233
0.258
1.377
1.228
0.728
0.608
0.624
1.041
0.772
1.077
1.244
2.135
2.357
2.116
2.012
1.948
1.329
0.724
0.385
0.268
0.232
0.245
0.235
0.314
0.231
0.258
1.278
1.186
0.934
0.648
0.701
1.139
0.906
1.171
1.235
2.245
2.719
2.253
2.12
2.186
1.423
0.833
0.523
0.516
0.241
0.249
0.24
0.336
0.238
0.259
1.174
1.122
1.214
0.677
0.849
1.121
0.95
1.19
1.584
2.128
2.561
2.165
2.051
2.213
1.356
0.84
0.498
0.488
0.242
0.249
0.24
0.326
0.235
0.262
1.096
1.096
1.176
0.925
0.907
1.117
0.901
1.111
1.549
2.066
2.501
2.113
1.991
2.131
1.344
0.821
0.472
0.462
0.243
0.249
0.24
0.315
0.274
0.267
1.049
1.128
1.307
0.92
0.91
1.265
0.929
1.05
1.478
2.051
2.617
2.3
1.952
2.084
1.315
0.77
0.449
0.44
0.243
0.249
0.243
0.309
0.324
0.271
1.021
1.06
1.2
0.855
0.856
1.205
0.898
1.033
1.438
1.995
2.512
2.585
1.896
2.009
1.269
0.732
0.429
0.422
0.244
0.248
0.24
0.303
0.352
0.272
1.011
1.002
1.107
0.794
0.805
1.111
0.866
1.035
1.406
1.978
2.393
2.45
1.817
1.962
1.504
0.732
0.41
0.403
0.245
0.248
0.24
0.296
0.388
0.293
1.01
1.131
1.146
0.739
0.763
1.03
0.828
1.026
1.365
2.135
2.308
2.461
1.99
2.014
1.443
0.7
0.4
0.396
0.304
0.303
0.286
0.307
0.369
0.291
0.928
1.116
1.113
0.824
0.775
1.068
0.898
0.973
1.395
2.104
2.326
2.526
2.051
2.333
1.455
0.745
0.427
0.378
0.31
0.346
0.31
0.296
0.354
0.286
0.859
1.086
1.2
0.846
0.788
1.072
0.939
1.271
1.404
2.14
2.41
2.597
2.017
2.237
1.355
0.705
0.415
0.365
0.302
0.337
0.305
0.292
0.344
0.279
0.856
1.128
1.232
0.799
0.828
1.025
0.88
1.292
1.573
2.138
2.489
2.631
2.07
2.146
1.331
0.712
0.455
0.372
0.294
0.328
0.296
0.284
0.33
0.268
0.915
1.081
1.15
0.783
0.832
1.006
0.86
1.258
1.502
2.004
2.375
2.502
1.999
2.093
1.291
0.697
0.462
0.383
0.286
0.312
0.288
0.276
0.317
0.258
0.935
1.024
1.101
0.739
0.86
0.928
0.837
1.45
1.648
2.234
2.189
2.438
2.071
2.14
1.271
0.732
0.478
0.389
0.283
0.305
0.286
0.273
0.312
0.257
1.005
0.969
1.03
0.72
0.823
0.89
0.778
1.413
1.564
2.271
2.135
2.293
1.93
2.056
1.226
0.73
0.496
0.406
0.273
0.295
0.278
0.268
0.297
0.248
1.012
0.903
1.048
0.789
0.971
0.89
0.746
1.364
1.502
2.153
2.07
2.254
1.962
2.026
1.273
0.82
0.567
0.441
0.314
0.311
0.277
0.267
0.292
0.247
0.929
0.84
1.094
0.963
0.905
0.96
0.797
1.575
1.493
2.431
2.074
2.238
1.826
1.874
1.197
0.777
0.55
0.443
0.324
0.302
0.271
0.262
0.286
0.244
0.858
0.775
1.26
0.956
1.043
1.243
0.851
1.533
1.495
2.428
2.143
2.222
1.956
1.865
1.186
0.727
0.514
0.417
0.311
0.288
0.261
0.288
0.28
0.256
0.847
0.841
1.375
0.884
0.962
1.171
0.798
1.492
1.451
2.46
2.048
2.141
1.892
1.796
1.134
0.676
0.479
0.395
0.297
0.278
0.254
0.331
0.27
0.253
0.855
0.824
1.26
0.817
0.888
1.076
0.828
1.589
1.593
2.395
2.109
2.222
2.19
1.777
1.133
0.644
0.451
0.374
0.287
0.269
0.245
0.348
0.262
0.247
0.85
0.785
1.153
0.758
0.822
1.031
1.036
1.539
1.543
2.492
2.216
2.262
2.128
1.739
1.109
0.615
0.426
0.353
0.274
0.261
0.239
0.346
0.251
0.239
0.91
0.835
1.198
0.705
0.771
1.106
0.968
1.455
1.497
2.43
2.171
2.134
2.005
1.688
1.047
0.574
0.401
0.334
0.263
0.254
0.234
0.371
0.24
0.232
0.922
0.826
1.093
0.649
0.726
1.061
0.943
1.383
1.427
2.292
2.073
2.058
1.94
1.663
1.047
0.544
0.38
0.317
0.253
0.248
0.227
0.353
0.229
0.228
0.891
0.805
1.238
0.935
0.933
1.281
0.99
1.262
1.349
2.197
2.176
2.202
1.998
1.63
1.07
0.55
0.4
0.321
0.24
0.242
0.215
0.333
0.224
0.215
0.819
0.953
1.162
0.884
0.907
1.187
0.909
1.153
1.685
2.24
2.333
2.191
2.389
1.79
1.074
0.53
0.381
0.302
0.231
0.233
0.209
0.31
0.218
0.208
0.903
0.986
1.067
0.817
0.839
1.345
0.895
1.117
1.606
2.155
2.261
2.124
2.281
1.759
1.034
0.5
0.357
0.291
0.221
0.227
0.208
0.291
0.216
0.199
0.888
1.103
1.112
0.759
0.772
1.233
0.852
1.102
1.601
2.051
2.173
2.106
2.239
1.731
1.025
0.488
0.343
0.284
0.218
0.223
0.209
0.284
0.302
0.202
0.875
1.037
1.021
0.705
0.711
1.163
0.819
1.087
1.535
1.963
2.088
2.233
2.294
1.883
1.073
0.482
0.331
0.28
0.219
0.22
0.209
0.279
0.296
0.198
0.862
1.182
0.988
0.672
0.679
1.097
0.802
1.065
1.47
1.854
2.06
2.363
2.17
2.099
1.082
0.46
0.322
0.274
0.219
0.218
0.208
0.274
0.296
0.215
0.831
1.305
1.026
0.627
0.632
1.008
0.75
1.07
1.426
1.813
1.974
2.262
2.101
2.045
1.086
0.451
0.312
0.27
0.219
0.235
0.216
0.263
0.284
0.212
0.763
1.263
1.02
0.656
0.812
1.158
0.732
1.003
1.366
1.881
1.857
2.215
2.054
2.067
1.272
0.509
0.365
0.312
0.267
0.278
0.257
0.266
0.278
0.207
0.707
1.243
1.068
0.867
0.791
1.14
0.779
1.054
1.44
2.008
1.824
2.207
2.018
2.192
1.282
0.563
0.406
0.341
0.299
0.313
0.261
0.256
0.265
0.204
0.906
1.221
1.003
0.841
0.733
1.084
0.728
1.006
1.513
2.15
1.781
2.123
1.933
2.089
1.197
0.528
0.381
0.324
0.287
0.301
0.254
0.247
0.252
0.202
0.936
1.151
0.922
0.805
0.732
1.03
0.761
1.252
1.462
2.049
1.792
2.158
1.899
2.009
1.195
0.542
0.4
0.332
0.274
0.283
0.241
0.253
0.258
0.196
0.876
1.103
0.919
1.234
1.012
1.113
0.833
1.24
1.559
1.963
1.888
2.323
1.952
2.119
1.162
0.529
0.382
0.32
0.27
0.279
0.241
0.252
0.256
0.197
0.9
1.062
0.877
1.137
0.957
1.075
0.831
1.219
1.522
1.891
2.006
2.443
1.849
2.29
1.168
0.594
0.403
0.343
0.265
0.271
0.236
0.242
0.248
0.196
0.877
1.009
0.81
1.081
0.883
1.029
0.817
1.205
1.484
1.827
1.933
2.489
1.919
2.178
1.178
0.605
0.43
0.357
0.257
0.264
0.25
0.254
0.254
0.197
0.808
1.025
0.918
1.087
0.919
1.044
0.819
1.192
1.43
1.736
1.799
2.404
1.918
2.425
1.457
0.638
0.444
0.373
0.306
0.29
0.243
0.247
0.248
0.195
0.748
0.97
1.17
1.322
1.02
1.263
0.845
1.403
1.423
1.687
2.047
2.417
1.926
2.387
1.427
0.599
0.419
0.354
0.295
0.279
0.236
0.279
0.24
0.194
0.769
1.301
1.204
1.213
0.941
1.186
0.801
1.327
1.468
1.747
2.158
2.335
1.971
2.327
1.329
0.561
0.399
0.342
0.288
0.274
0.235
0.314
0.233
0.19
0.748
1.224
1.106
1.115
0.87
1.139
0.793
1.311
1.429
1.953
2.226
2.226
1.89
2.321
1.3
0.512
0.359
0.308
0.305
0.274
0.235
0.369
0.231
0.193
0.76
1.153
1.019
1.022
0.795
1.079
0.763
1.285
1.405
1.872
2.336
2.198
2.024
2.264
1.251
0.481
0.342
0.296
0.294
0.266
0.231
0.424
0.239
0.198
0.743
1.256
1.274
0.953
0.739
0.994
0.751
1.258
1.377
1.825
2.272
2.223
1.904
2.167
1.212
0.457
0.331
0.291
0.289
0.263
0.232
0.446
0.245
0.202
0.735
1.336
1.286
0.882
0.724
0.976
0.751
1.208
1.356
1.78
2.191
2.19
1.868
2.088
1.217
0.541
0.372
0.292
0.279
0.255
0.226
0.419
0.242
0.2
0.68
1.318
1.315
1.183
1.06
1.037
0.761
1.107
1.24
1.689
2.114
2.277
2.013
2.186
1.215
0.518
0.356
0.283
0.271
0.248
0.22
0.394
0.246
0.202
0.719
1.219
1.216
1.12
1.079
1.076
0.77
1.087
1.255
1.655
2.005
2.167
1.95
2.099
1.215
0.534
0.339
0.274
0.263
0.243
0.217
0.372
0.249
0.204
0.753
1.181
1.266
1.518
1.096
1.046
0.769
1.091
1.246
1.556
1.86
2.082
1.908
1.984
1.144
0.502
0.328
0.268
0.26
0.242
0.219
0.424
0.259
0.198
0.772
1.134
1.209
1.436
1.093
1.004
0.901
1.176
1.469
1.873
1.869
2.178
1.952
1.942
1.166
0.549
0.387
0.33
0.305
0.276
0.22
0.447
0.257
0.198
0.742
1.086
1.161
1.365
1.096
0.973
0.887
1.154
1.449
1.989
2.107
2.071
1.935
2.004
1.107
0.52
0.374
0.322
0.3
0.272
0.221
0.485
0.267
0.239
0.737
1.066
1.14
1.323
1.12
0.986
0.98
1.243
1.433
1.897
1.973
1.941
1.887
1.943
1.06
0.494
0.36
0.31
0.291
0.264
0.222
0.515
0.273
0.244
0.772
1.048
1.117
1.278
1.084
0.982
0.962
1.307
1.419
1.876
2.137
1.921
1.823
1.863
1.021
0.469
0.348
0.303
0.312
0.277
0.222
0.481
0.274
0.25
0.754
1.066
1.231
1.203
1.088
1.051
1.108
1.228
1.335
1.799
2.084
1.991
2.086
1.905
1.066
0.491
0.376
0.353
0.323
0.276
0.218
0.452
0.264
0.244
0.697
1.213
1.525
1.382
1.044
0.984
1.249
1.352
1.384
1.827
2.048
2.16
2.14
1.905
1.161
0.603
0.358
0.342
0.335
0.288
0.234
0.429
0.256
0.238
0.645
1.162
1.501
1.528
1.059
0.928
1.493
1.768
1.679
1.923
1.955
2.151
2.122
1.905
1.114
0.591
0.438
0.383
0.366
0.325
0.272
0.405
0.25
0.233
0.652
1.071
1.368
1.473
1.456
0.998
1.439
1.701
1.655
1.825
1.848
2.065
2.098
1.844
1.055
0.557
0.416
0.365
0.352
0.325
0.281
0.388
0.246
0.25
0.668
1.015
1.366
1.522
1.395
1.003
1.412
1.647
1.633
1.827
1.915
2.211
2.121
1.86
1.074
0.523
0.392
0.347
0.359
0.311
0.272
0.367
0.24
0.239
0.817
1.021
1.297
1.657
1.508
1.011
1.356
1.567
1.566
1.729
1.829
2.176
2.108
1.794
1.04
0.516
0.379
0.331
0.341
0.298
0.263
0.348
0.234
0.293
0.873
0.949
1.184
1.508
1.409
0.949
1.29
1.479
1.523
1.643
1.942
2.202
2.187
1.789
1.086
0.571
0.41
0.317
0.326
0.288
0.254
0.332
0.229
0.281
0.821
0.961
1.201
1.472
1.401
0.961
1.54
1.456
1.505
1.587
1.869
2.096
2.129
1.792
1.1
0.565
0.389
0.306
0.312
0.277
0.248
0.32
0.237
0.273
0.761
1.11
1.364
1.43
1.484
1.105
1.467
1.333
1.475
1.532
1.843
2.371
2.097
1.732
1.018
0.529
0.37
0.296
0.301
0.269
0.269
0.306
0.232
0.346
0.709
1.018
1.247
1.306
1.383
1.035
1.425
1.276
1.351
1.506
1.973
2.55
2.06
1.679
0.943
0.499
0.356
0.289
0.294
0.265
0.285
0.299
0.232
0.388
0.862
0.979
1.145
1.198
1.268
0.994
1.503
1.27
1.313
1.531
1.827
2.345
2.165
1.616
0.879
0.474
0.345
0.285
0.289
0.263
0.334
0.289
0.232
0.454
0.966
1.023
1.052
1.125
1.172
0.919
1.417
1.223
1.337
1.5
1.765
2.214
2.108
1.555
0.824
0.448
0.332
0.279
0.284
0.261
0.349
0.28
0.23
0.5
1.051
1.049
0.966
1.036
1.078
0.892
1.35
1.165
1.28
1.492
1.687
2.122
2.027
1.484
0.765
0.421
0.315
0.271
0.276
0.255
0.347
0.271
0.23
0.72
1.02
0.966
0.889
0.99
1.188
0.903
1.305
1.159
1.583
1.634
1.623
2.025
2.02
1.538
0.793
0.468
0.322
0.284
0.321
0.283
0.328
0.262
0.228
0.669
1.146
1.016
0.852
1.027
1.258
0.853
1.222
1.067
1.452
1.874
1.514
1.874
1.935
1.521
0.832
0.5
0.369
0.329
0.363
0.317
0.322
0.257
0.242
0.621
1.06
0.974
0.793
0.944
1.195
1.078
1.222
1.176
1.456
1.87
1.577
2.135
1.929
1.487
0.876
0.545
0.396
0.329
0.362
0.321
0.325
0.264
0.248
0.657
1.188
0.989
0.832
1.089
1.274
1.099
1.136
1.104
1.422
1.872
1.547
2.049
2.086
1.457
0.832
0.529
0.395
0.329
0.356
0.32
0.321
0.271
0.25
0.679
1.283
1.046
0.793
1.018
1.241
1.065
1.164
1.125
1.422
1.763
1.476
1.912
1.949
1.357
0.789
0.515
0.391
0.335
0.36
0.326
0.325
0.317
0.277
0.653
1.184
0.972
0.743
0.953
1.152
1.019
1.119
1.087
1.355
1.695
1.408
1.784
1.839
1.27
0.752
0.508
0.398
0.345
0.367
0.332
0.334
0.335
0.289
0.614
1.094
0.904
0.703
0.894
1.074
0.964
1.264
1.215
1.301
1.658
1.331
1.67
2.03
1.427
0.743
0.495
0.39
0.341
0.361
0.329
0.331
0.329
0.286
0.782
1.025
0.849
0.67
0.865
1.042
0.908
1.178
1.14
1.254
1.568
1.445
1.757
2.398
1.476
0.786
0.513
0.389
0.345
0.374
0.373
0.328
0.316
0.276
0.735
1.0
0.88
0.684
0.801
1.008
1.084
1.214
1.182
1.362
1.575
1.576
1.852
2.338
1.474
0.864
0.561
0.378
0.343
0.453
0.382
0.315
0.326
0.267
0.681
0.922
0.896
0.961
1.013
0.997
1.1
1.358
1.395
1.427
1.72
1.521
1.786
2.232
1.583
0.87
0.569
0.388
0.328
0.428
0.362
0.304
0.313
0.26
0.741
0.924
0.844
0.884
1.134
1.224
1.033
1.295
1.33
1.454
1.654
1.493
1.696
2.14
1.544
0.848
0.534
0.368
0.314
0.405
0.344
0.293
0.301
0.253
0.731
0.909
0.785
0.816
1.055
1.146
0.948
1.459
1.548
1.486
1.583
1.441
1.629
2.262
1.487
0.808
0.507
0.354
0.307
0.388
0.334
0.289
0.294
0.252
0.737
0.88
0.729
0.759
1.005
1.248
1.004
1.39
1.468
1.483
1.511
1.337
1.573
2.181
1.455
0.78
0.486
0.338
0.298
0.369
0.32
0.278
0.284
0.244
0.769
0.957
0.753
0.748
0.958
1.276
1.009
1.352
1.43
1.482
1.678
1.26
1.477
2.085
1.392
0.769
0.493
0.324
0.288
0.349
0.305
0.27
0.275
0.239
0.762
0.927
0.71
0.697
0.881
1.191
0.937
1.307
1.359
1.4
1.594
1.239
1.434
2.008
1.503
0.806
0.493
0.32
0.281
0.332
0.293
0.261
0.265
0.235
0.704
0.924
0.708
0.94
0.942
1.188
0.975
1.275
1.297
1.352
1.575
1.304
1.672
1.971
1.544
0.809
0.486
0.328
0.29
0.337
0.305
0.291
0.279
0.248
0.673
0.906
0.732
0.945
1.123
1.212
0.935
1.297
1.322
1.464
1.586
1.283
1.606
1.88
1.499
0.84
0.54
0.34
0.285
0.331
0.302
0.287
0.271
0.239
0.629
0.881
0.775
1.154
1.282
1.204
0.949
1.187
1.208
1.35
1.461
1.226
1.548
1.914
1.438
0.793
0.51
0.33
0.28
0.318
0.293
0.296
0.262
0.232
0.648
1.096
0.799
1.062
1.177
1.138
0.884
1.145
1.181
1.338
1.478
1.145
1.435
1.825
1.374
0.736
0.481
0.322
0.276
0.311
0.288
0.317
0.257
0.233
0.658
1.195
0.858
0.981
1.082
1.046
0.819
1.142
1.208
1.468
1.466
1.168
1.643
1.769
1.313
0.697
0.455
0.312
0.273
0.304
0.284
0.34
0.256
0.231
0.7
1.107
0.796
0.905
0.999
0.965
0.84
1.173
1.334
1.396
1.454
1.11
1.528
1.719
1.273
0.652
0.43
0.302
0.264
0.294
0.275
0.337
0.247
0.227
0.695
1.209
0.854
0.838
0.922
1.0
0.873
1.134
1.278
1.353
1.623
1.113
1.629
1.865
1.274
0.688
0.432
0.294
0.258
0.286
0.266
0.321
0.242
0.225
0.655
1.125
0.839
0.954
1.289
1.214
0.809
1.248
1.285
1.43
1.557
1.123
1.579
1.808
1.285
0.755
0.461
0.304
0.27
0.288
0.277
0.327
0.249
0.236
0.624
1.068
0.841
1.039
1.341
1.172
0.822
1.19
1.25
1.395
1.789
1.257
1.543
1.744
1.48
0.765
0.476
0.325
0.271
0.278
0.269
0.315
0.245
0.233
0.648
1.004
0.794
0.98
1.296
1.122
0.779
1.167
1.203
1.336
1.812
1.473
1.577
1.696
1.39
0.723
0.456
0.321
0.267
0.274
0.268
0.311
0.262
0.233
0.66
1.082
0.764
0.905
1.19
1.06
0.74
1.098
1.192
1.306
1.875
1.693
1.528
1.65
1.33
0.69
0.434
0.313
0.265
0.271
0.265
0.301
0.256
0.234
0.713
1.024
0.711
0.836
1.092
0.981
0.771
1.13
1.179
1.427
1.842
1.715
1.456
1.832
1.397
0.668
0.417
0.305
0.259
0.264
0.263
0.294
0.27
0.232
0.723
0.963
0.806
0.781
1.006
0.904
0.76
1.11
1.151
1.397
1.803
1.62
1.368
2.007
1.346
0.655
0.394
0.294
0.249
0.254
0.255
0.282
0.261
0.228
0.667
0.941
0.804
0.783
0.99
0.966
0.972
1.022
1.057
1.279
1.654
1.495
1.285
1.863
1.445
0.806
0.407
0.304
0.263
0.288
0.29
0.277
0.254
0.223
0.617
0.924
0.954
0.812
1.131
1.035
0.953
1.033
1.275
1.241
1.632
1.483
1.299
1.826
1.587
0.861
0.39
0.294
0.257
0.276
0.278
0.269
0.248
0.233
0.576
0.888
0.972
0.916
1.121
1.125
1.038
1.003
1.195
1.225
1.571
1.65
1.41
1.864
1.714
0.9
0.414
0.301
0.255
0.268
0.27
0.261
0.244
0.227
0.6
0.865
0.944
0.882
1.029
1.103
0.966
0.976
1.15
1.206
1.535
1.583
1.355
1.786
1.638
0.857
0.391
0.29
0.247
0.258
0.261
0.254
0.237
0.223
0.606
0.824
0.882
0.884
1.226
1.205
0.909
0.956
1.119
1.211
1.477
1.527
1.311
1.699
1.549
0.808
0.374
0.284
0.247
0.256
0.259
0.253
0.234
0.223
0.632
1.038
0.843
0.84
1.177
1.103
0.838
0.934
1.115
1.33
1.649
1.567
1.518
1.651
1.624
0.813
0.427
0.314
0.25
0.25
0.253
0.247
0.23
0.22
0.662
0.985
0.814
0.818
1.173
1.018
0.822
0.92
1.13
1.406
1.572
1.452
1.4
1.54
1.587
0.802
0.411
0.303
0.249
0.25
0.252
0.246
0.228
0.235
0.682
1.064
0.9
0.772
1.08
0.973
0.763
0.909
1.098
1.347
1.5
1.394
1.348
1.475
1.565
0.833
0.402
0.29
0.24
0.245
0.247
0.242
0.225
0.229
0.631
1.012
0.944
0.896
1.075
1.075
0.773
0.908
1.022
1.263
1.47
1.396
1.495
1.59
1.55
0.901
0.405
0.28
0.238
0.243
0.243
0.238
0.223
0.224
0.59
0.981
0.986
0.899
1.038
1.098
0.795
0.858
0.959
1.176
1.363
1.294
1.426
1.712
1.567
0.862
0.408
0.295
0.254
0.258
0.262
0.267
0.258
0.255
0.611
0.953
0.929
0.849
0.974
1.062
0.777
0.898
0.983
1.18
1.497
1.4
1.392
1.687
1.538
0.831
0.407
0.305
0.269
0.272
0.277
0.295
0.273
0.268
0.632
0.955
0.874
0.803
0.915
0.995
0.779
0.933
1.009
1.318
1.685
1.406
1.31
1.648
1.493
0.802
0.381
0.291
0.258
0.26
0.263
0.287
0.258
0.264
0.804
0.936
0.924
0.749
0.845
0.915
0.765
0.929
0.986
1.283
1.647
1.548
1.339
1.598
1.677
0.762
0.365
0.28
0.248
0.251
0.253
0.291
0.247
0.274
0.881
0.905
0.854
0.697
0.783
0.845
0.755
0.918
0.968
1.274
1.587
1.435
1.227
1.558
1.635
0.706
0.341
0.264
0.238
0.241
0.241
0.274
0.233
0.294
0.915
1.058
0.806
0.644
0.719
1.085
0.715
0.899
0.956
1.231
1.641
1.391
1.212
1.479
1.509
0.652
0.356
0.286
0.287
0.23
0.232
0.262
0.224
0.276
0.836
0.978
0.809
0.736
1.002
1.372
0.825
1.043
0.944
1.248
1.598
1.523
1.331
1.49
1.472
0.755
0.354
0.276
0.277
0.228
0.228
0.255
0.227
0.264
0.769
0.947
0.841
0.73
0.934
1.363
0.854
1.246
1.226
1.232
1.6
1.662
1.397
1.625
1.515
0.817
0.399
0.312
0.311
0.258
0.226
0.248
0.224
0.256
0.741
0.916
0.791
0.679
0.9
1.307
0.805
1.162
1.297
1.335
1.604
1.627
1.386
1.863
1.511
0.834
0.442
0.361
0.357
0.302
0.238
0.251
0.228
0.26
0.739
0.888
0.734
0.637
0.833
1.389
0.93
1.204
1.224
1.319
1.53
1.559
1.435
1.998
1.641
0.961
0.424
0.35
0.364
0.357
0.267
0.251
0.231
0.26
0.735
0.936
0.698
0.595
0.773
1.461
1.047
1.256
1.223
1.286
1.54
1.654
1.433
2.067
1.743
0.935
0.481
0.418
0.353
0.344
0.285
0.252
0.233
0.259
0.73
0.933
0.689
0.596
0.757
1.393
0.989
1.21
1.2
1.279
1.501
1.599
1.33
1.955
1.789
0.885
0.453
0.397
0.341
0.369
0.326
0.251
0.233
0.256
0.736
1.008
0.735
0.56
0.708
1.313
0.923
1.228
1.625
1.411
1.406
1.603
1.325
2.019
1.875
1.101
0.678
0.529
0.452
0.466
0.367
0.262
0.243
0.262
0.728
0.96
0.925
0.546
0.677
1.33
0.917
1.229
1.759
1.583
1.396
1.575
1.381
1.988
1.84
1.154
0.967
0.821
0.437
0.463
0.353
0.257
0.238
0.258
0.676
0.914
1.103
0.696
0.719
1.475
0.99
1.405
1.711
1.522
1.535
1.666
1.384
1.916
1.748
1.187
0.939
0.8
0.43
0.452
0.354
0.266
0.25
0.269
0.645
0.857
1.075
0.746
0.783
1.461
0.998
1.473
1.746
1.575
1.544
1.639
1.344
1.872
1.86
1.15
0.888
0.756
0.423
0.444
0.354
0.275
0.262
0.277
0.614
0.872
1.063
0.931
0.948
1.395
0.938
1.45
1.66
1.509
1.491
1.578
1.313
1.819
1.83
1.149
0.871
0.699
0.394
0.427
0.366
0.263
0.254
0.267
0.615
0.822
0.98
0.916
1.193
1.553
0.954
1.384
1.571
1.486
1.456
1.45
1.206
1.907
1.95
1.189
0.843
0.67
0.394
0.46
0.392
0.264
0.251
0.257
0.606
0.798
0.907
0.884
1.24
1.535
0.883
1.31
1.511
1.565
1.409
1.429
1.167
1.802
1.862
1.128
0.837
0.642
0.368
0.426
0.375
0.257
0.245
0.244
0.606
0.789
0.993
0.825
1.134
1.432
0.851
1.297
1.477
1.433
1.338
1.374
1.146
1.788
1.903
1.121
0.854
0.675
0.426
0.474
0.422
0.275
0.26
0.261
0.593
0.755
1.057
1.0
1.169
1.396
1.038
1.44
1.805
1.4
1.34
1.348
1.135
1.733
1.933
1.132
0.8
0.644
0.42
0.457
0.418
0.28
0.267
0.274
0.602
0.81
1.055
1.043
1.111
1.437
1.041
1.417
1.729
1.384
1.313
1.325
1.286
1.939
1.807
1.087
0.836
0.708
0.511
0.538
0.502
0.335
0.276
0.286
0.625
0.922
1.009
0.975
1.042
1.525
1.073
1.386
1.713
1.379
1.314
1.309
1.369
2.077
1.729
1.025
0.769
0.652
0.558
0.544
0.489
0.328
0.265
0.274
0.606
1.005
1.04
0.897
0.958
1.394
1.037
1.5
1.646
1.503
1.374
1.295
1.367
2.071
1.682
0.964
0.803
0.677
0.583
0.545
0.477
0.344
0.264
0.271
0.704
0.981
1.127
0.893
0.945
1.411
1.171
1.538
1.572
1.441
1.325
1.365
1.554
1.999
1.881
0.932
0.795
0.681
0.594
0.554
0.477
0.36
0.26
0.266
0.713
0.918
1.042
0.83
0.913
1.377
1.181
1.481
1.521
1.389
1.319
1.252
1.422
1.853
1.952
1.053
0.736
0.634
0.555
0.52
0.451
0.347
0.251
0.257
0.669
0.883
0.957
0.767
0.843
1.265
1.184
1.363
1.426
1.35
1.262
1.192
1.329
1.721
1.816
1.01
0.75
0.602
0.528
0.495
0.431
0.339
0.252
0.256
0.627
0.818
0.972
0.902
0.882
1.217
1.141
1.301
1.324
1.258
1.208
1.128
1.247
1.825
1.953
1.026
0.715
0.562
0.494
0.464
0.406
0.322
0.257
0.249
0.584
0.76
0.94
0.828
0.846
1.24
1.109
1.253
1.321
1.241
1.25
1.186
1.232
1.761
1.853
0.982
0.676
0.555
0.523
0.494
0.42
0.308
0.249
0.241
0.607
0.933
0.99
0.773
0.801
1.201
1.048
1.266
1.276
1.251
1.209
1.159
1.173
1.763
1.894
0.937
0.696
0.616
0.586
0.559
0.492
0.344
0.26
0.287
0.744
0.969
0.935
0.722
0.757
1.183
1.127
1.187
1.222
1.196
1.241
1.257
1.189
1.951
1.834
0.953
0.714
0.649
0.628
0.588
0.523
0.358
0.287
0.281
0.728
1.07
0.963
0.707
0.765
1.173
1.222
1.211
1.24
1.156
1.221
1.177
1.106
2.125
1.773
0.912
0.748
0.704
0.66
0.614
0.557
0.392
0.309
0.278
0.751
1.054
0.892
0.661
0.715
1.139
1.168
1.172
1.189
1.195
1.213
1.465
1.29
2.121
1.74
0.894
0.74
0.689
0.634
0.616
0.573
0.396
0.323
0.275
0.745
1.042
0.88
0.621
0.672
1.251
1.077
1.103
1.154
1.18
1.223
1.411
1.331
2.117
1.75
0.979
0.74
0.682
0.631
0.573
0.534
0.377
0.312
0.268
0.775
1.447
1.091
0.696
0.627
1.179
1.032
1.054
1.119
1.138
1.173
1.485
1.232
1.939
1.634
0.972
0.781
0.734
0.662
0.61
0.565
0.385
0.304
0.264
0.722
1.328
1.006
0.651
0.59
1.086
0.982
0.972
1.031
1.049
1.084
1.418
1.192
1.827
1.58
1.005
0.84
0.81
0.764
0.787
0.736
0.575
0.435
0.288
0.687
1.235
0.947
0.628
0.574
1.018
0.921
0.914
1.011
1.027
1.083
1.457
1.145
1.751
1.586
1.088
0.902
0.806
0.786
0.819
0.756
0.581
0.429
0.297
0.654
1.144
0.885
0.602
0.554
0.954
0.871
1.135
0.991
0.964
1.048
1.355
1.056
1.641
1.534
1.1
0.944
0.856
0.822
0.854
0.797
0.641
0.668
0.324
0.612
1.055
0.822
0.566
0.523
0.899
0.835
1.047
0.915
0.941
1.022
1.261
0.976
1.607
1.545
1.098
0.963
0.879
1.101
0.815
0.786
0.64
0.626
0.317
0.573
0.969
0.764
0.534
0.52
0.874
0.813
1.122
0.848
0.914
1.001
1.215
0.95
1.591
1.543
1.071
0.952
0.95
1.16
0.886
0.987
0.605
0.588
0.31
0.54
0.895
0.709
0.504
0.495
0.813
0.76
1.037
0.806
0.893
0.984
1.42
0.918
1.475
1.461
1.014
0.906
0.904
1.163
0.986
1.029
0.693
0.669
0.402
0.597
0.891
0.664
0.48
0.472
0.79
0.734
0.954
0.765
0.868
0.95
1.447
0.86
1.372
1.41
0.996
0.91
0.897
1.102
0.972
1.055
0.688
0.625
0.386
0.564
0.828
0.621
0.458
0.446
0.734
0.686
0.884
0.721
0.846
0.919
1.492
0.898
1.279
1.365
1.038
0.952
0.892
1.075
0.953
1.025
0.66
0.595
0.386
0.543
0.783
0.59
0.436
0.424
0.721
0.683
0.821
0.676
0.834
0.858
1.365
0.832
1.173
1.317
1.03
0.962
1.424
1.057
0.955
0.972
0.629
0.571
0.382
0.521
0.739
0.566
0.429
0.435
0.701
0.678
0.793
0.633
0.768
0.797
1.252
0.772
1.078
1.204
0.952
0.954
1.43
1.061
0.981
1.026
0.684
0.583
0.37
0.491
0.688
0.529
0.407
0.417
0.654
0.636
0.765
0.632
0.744
0.795
1.184
0.775
1.091
1.245
1.016
1.008
1.427
1.103
1.029
1.089
0.777
0.594
0.37
0.464
0.645
0.5
0.386
0.398
0.642
0.617
0.712
0.966
0.72
0.754
1.092
0.779
1.074
1.234
1.064
1.004
1.377
1.107
1.05
1.071
0.745
0.555
0.351
0.438
0.597
0.464
0.37
0.376
0.599
0.572
0.657
1.145
0.725
0.749
1.01
0.768
1.324
1.405
1.065
1.015
1.332
1.089
1.051
1.048
0.736
0.545
0.341
0.417
0.559
0.44
0.358
0.364
0.562
0.538
0.61
1.064
0.717
0.733
1.088
0.883
1.433
1.318
1.015
0.969
1.246
1.036
1.057
1.043
0.758
0.533
0.333
0.4
0.526
0.416
0.35
0.632
0.779
0.577
0.751
1.119
0.786
0.758
1.078
0.889
1.423
1.64
1.03
0.943
1.169
0.948
0.968
0.971
0.739
0.496
0.317
0.454
0.59
0.47
0.446
0.671
0.934
0.612
0.696
1.053
0.823
0.761
1.089
0.887
1.402
1.625
1.241
0.964
1.121
0.918
0.932
0.91
0.689
0.47
0.305
0.425
0.625
0.654
0.491
0.681
0.957
0.672
0.764
1.17
0.797
0.835
1.081
0.934
1.494
2.056
1.227
0.966
1.091
0.86
0.861
0.845
0.647
0.45
0.295
0.405
0.63
0.662
0.533
0.752
0.991
0.76
0.778
1.155
0.803
0.897
1.081
0.94
1.564
2.185
1.182
0.898
1.013
0.805
0.797
0.79
0.613
0.436
0.292
0.398
0.651
0.673
0.563
0.759
0.94
0.739
0.868
1.392
0.995
1.011
1.059
1.114
1.69
2.144
1.129
0.836
0.936
0.748
0.74
0.738
0.577
0.413
0.284
0.382
0.692
0.727
0.583
0.76
0.923
0.741
0.872
1.472
1.004
1.001
1.043
1.165
1.824
2.011
1.066
0.771
0.866
0.696
0.707
0.7
0.538
0.392
0.273
0.365
0.795
0.747
0.65
0.721
0.901
0.942
0.93
1.367
0.978
1.032
1.081
1.357
1.819
1.957
1.033
0.728
0.813
0.659
0.673
0.667
0.519
0.388
0.281
0.361
0.776
0.741
0.629
0.746
1.006
0.924
0.882
1.379
1.116
1.151
1.239
1.613
1.912
1.913
1.058
0.691
0.805
0.666
0.649
0.622
0.484
0.366
0.274
0.345
0.788
0.705
0.601
0.777
1.013
0.859
0.817
1.318
1.165
1.191
1.203
1.557
1.811
1.843
1.03
0.666
0.792
0.622
0.648
0.605
0.462
0.353
0.265
0.332
0.939
0.73
0.82
1.01
1.262
0.894
0.754
1.227
1.149
1.148
1.352
1.551
1.716
1.762
1.067
0.656
0.77
0.646
0.624
0.56
0.435
0.334
0.256
0.312
0.92
0.742
1.094
1.167
1.35
1.065
0.777
1.189
1.055
1.056
1.238
1.414
1.657
1.729
1.028
0.659
0.746
0.608
0.579
0.521
0.407
0.313
0.245
0.3
0.883
0.732
1.058
1.08
1.262
0.978
0.72
1.091
1.016
1.057
1.139
1.294
1.529
1.681
1.056
0.66
0.692
0.559
0.533
0.482
0.378
0.29
0.23
0.291
1.016
0.743
1.043
1.049
1.224
0.952
0.722
1.078
1.001
1.032
1.293
1.4
1.566
1.631
1.067
0.662
0.674
0.522
0.493
0.45
0.358
0.278
0.224
0.274
0.943
0.739
1.054
1.113
1.23
0.944
0.771
0.994
0.929
0.956
1.191
1.283
1.75
1.611
1.09
0.667
0.635
0.494
0.467
0.426
0.347
0.27
0.228
0.274
1.002
0.731
1.016
1.119
1.189
0.904
0.871
1.014
0.98
1.044
1.382
1.519
1.782
1.844
1.043
0.642
0.613
0.492
0.48
0.423
0.353
0.278
0.241
0.302
1.05
0.735
0.956
1.047
1.292
0.924
0.883
1.007
0.995
1.086
1.532
1.572
1.812
1.818
1.078
0.658
0.588
0.479
0.467
0.417
0.376
0.287
0.254
0.31
1.052
0.731
0.896
1.024
1.212
0.911
0.973
0.983
0.931
1.013
1.414
1.583
1.766
1.789
1.061
0.633
0.585
0.521
0.508
0.438
0.38
0.298
0.267
0.318
1.116
0.783
0.88
0.961
1.509
0.92
0.915
0.996
0.931
1.15
1.412
1.704
1.782
1.749
1.036
0.589
0.546
0.537
0.523
0.43
0.387
0.287
0.259
0.305
1.052
0.821
0.91
0.979
1.544
1.161
1.119
0.985
0.95
1.245
1.372
1.579
1.768
1.765
1.013
0.582
0.561
0.57
0.521
0.426
0.437
0.282
0.257
0.321
1.071
0.871
0.902
0.962
1.508
1.188
1.073
1.118
1.062
1.227
1.335
1.504
1.654
1.682
0.963
0.563
0.528
0.537
0.524
0.413
0.418
0.278
0.293
0.308
0.99
0.864
0.927
0.914
1.549
1.443
1.004
1.041
0.99
1.139
1.261
1.468
1.609
1.654
1.021
0.547
0.503
0.505
0.493
0.392
0.396
0.268
0.286
0.297
0.948
0.963
1.004
1.262
1.465
1.336
0.938
0.97
0.94
1.278
1.292
1.474
1.568
1.734
1.07
0.532
0.485
0.493
0.502
0.419
0.393
0.28
0.29
0.299
1.036
0.946
1.182
1.211
1.401
1.342
1.166
1.065
1.031
1.579
1.542
1.588
1.583
1.73
1.106
0.613
0.493
0.479
0.471
0.397
0.372
0.266
0.281
0.293
1.08
0.921
1.085
1.219
1.35
1.258
1.143
1.077
1.042
1.728
1.581
1.524
1.566
1.684
1.116
0.705
0.56
0.534
0.451
0.376
0.351
0.256
0.272
0.283
1.035
0.973
1.053
1.141
1.346
1.251
1.134
1.004
0.973
1.591
1.458
1.406
1.801
1.884
1.167
0.712
0.576
0.536
0.424
0.356
0.332
0.246
0.261
0.299
0.962
0.978
0.978
1.128
1.389
1.396
1.138
0.929
1.0
1.533
1.385
1.312
1.783
1.836
1.179
0.682
0.543
0.494
0.392
0.328
0.307
0.231
0.246
0.279
0.934
0.963
0.961
1.205
1.588
1.339
1.143
0.901
0.917
1.398
1.351
1.294
1.694
1.803
1.358
0.853
0.528
0.485
0.394
0.337
0.317
0.249
0.269
0.273
0.917
0.995
1.022
1.112
1.487
1.519
1.132
0.86
0.916
1.357
1.296
1.211
1.598
1.687
1.312
0.818
0.525
0.495
0.372
0.319
0.3
0.239
0.258
0.261
0.904
1.235
1.216
1.107
1.463
1.398
1.053
0.807
0.85
1.247
1.192
1.127
1.557
1.578
1.216
0.759
0.495
0.464
0.351
0.308
0.325
0.241
0.255
0.281
1.002
1.145
1.12
1.022
1.481
1.296
1.075
0.843
0.884
1.307
1.329
1.08
1.511
1.547
1.178
0.758
0.525
0.499
0.386
0.302
0.316
0.234
0.249
0.279
1.034
1.249
1.083
0.995
1.479
1.33
1.024
0.784
0.848
1.225
1.282
1.073
1.657
1.943
1.177
0.759
0.551
0.503
0.383
0.309
0.35
0.243
0.26
0.289
1.015
1.195
1.014
0.932
1.38
1.259
0.99
0.838
1.094
1.18
1.239
1.027
1.641
1.907
1.277
0.768
0.605
0.52
0.374
0.301
0.338
0.24
0.255
0.281
1.009
1.198
0.988
0.918
1.572
1.268
0.967
0.854
1.062
1.147
1.408
1.103
1.784
1.887
1.212
0.713
0.565
0.489
0.358
0.304
0.322
0.238
0.252
0.276
1.097
1.19
0.965
0.897
1.488
1.448
0.909
0.879
1.06
1.187
1.43
1.1
1.705
1.806
1.169
0.661
0.526
0.472
0.348
0.304
0.31
0.229
0.319
0.486
1.027
1.167
0.986
0.831
1.791
1.628
1.093
0.907
1.083
1.108
1.314
1.088
1.677
1.721
1.103
0.632
0.512
0.465
0.333
0.288
0.294
0.222
0.302
0.454
1.048
1.131
0.993
0.786
1.645
1.601
1.072
0.908
1.094
1.156
1.33
1.424
1.683
1.677
1.037
0.608
0.498
0.455
0.334
0.281
0.282
0.215
0.29
0.453
1.127
1.123
0.975
0.777
1.755
1.563
0.979
0.867
1.115
1.258
1.54
1.617
1.787
1.722
1.023
0.579
0.475
0.434
0.324
0.276
0.279
0.262
0.286
0.45
1.092
1.214
0.96
0.775
1.616
1.469
0.955
0.898
1.097
1.28
1.494
1.54
1.756
1.854
1.01
0.553
0.453
0.419
0.319
0.275
0.277
0.259
0.279
0.43
1.082
1.17
0.94
0.773
1.56
1.406
0.965
0.838
1.034
1.21
1.396
1.621
1.809
1.782
1.001
0.522
0.433
0.4
0.31
0.273
0.273
0.277
0.273
0.427
1.051
1.164
0.958
0.81
1.579
1.531
1.11
0.873
1.064
1.257
1.422
1.57
1.751
1.765
1.016
0.527
0.454
0.397
0.298
0.264
0.264
0.27
0.265
0.403
0.999
1.074
0.928
0.826
1.711
1.502
1.257
1.062
1.032
1.197
1.336
1.506
1.98
1.694
0.985
0.502
0.431
0.422
0.305
0.261
0.257
0.259
0.261
0.386
0.926
0.991
1.064
0.827
1.584
1.619
1.191
1.007
0.972
1.108
1.234
1.39
1.998
1.612
1.007
0.536
0.45
0.434
0.296
0.257
0.253
0.253
0.259
0.369
0.854
0.935
1.0
0.812
1.555
1.486
1.094
0.93
1.062
1.03
1.252
1.318
1.873
1.565
0.964
0.504
0.425
0.414
0.288
0.253
0.25
0.246
0.252
0.388
0.843
0.928
1.123
0.908
1.518
1.751
1.074
0.939
1.088
1.016
1.22
1.302
1.891
1.761
1.076
0.685
0.4
0.39
0.279
0.247
0.238
0.237
0.246
0.404
0.836
0.931
1.097
0.901
1.515
1.596
0.99
0.867
1.112
1.016
1.196
1.449
1.9
1.7
1.065
0.641
0.387
0.379
0.274
0.244
0.237
0.231
0.239
0.421
0.801
0.903
1.09
1.084
1.615
1.741
0.987
0.863
1.133
0.998
1.13
1.33
1.759
1.775
1.012
0.604
0.372
0.363
0.271
0.247
0.24
0.233
0.237
0.549
0.883
0.892
1.256
1.112
1.671
1.668
0.97
0.803
1.084
0.966
1.107
1.296
2.135
1.744
1.037
0.568
0.359
0.353
0.268
0.245
0.242
0.234
0.255
0.52
0.964
0.889
1.224
1.081
1.696
1.601
0.955
0.803
1.059
0.958
1.085
1.313
2.048
1.703
1.035
0.564
0.37
0.361
0.257
0.239
0.244
0.241
0.246
0.486
0.928
0.872
1.197
1.236
1.851
1.723
0.951
0.796
0.987
0.943
1.081
1.329
1.962
1.653
1.102
0.622
0.399
0.343
0.252
0.237
0.239
0.235
0.242
0.458
0.863
0.847
1.182
1.259
1.942
1.656
0.875
0.735
0.965
0.994
1.228
1.411
1.962
1.552
1.018
0.582
0.382
0.332
0.249
0.235
0.256
0.231
0.234
0.608
0.851
0.785
1.118
1.215
2.019
1.672
0.894
0.742
0.97
1.021
1.49
1.372
2.06
1.72
1.022
0.595
0.399
0.318
0.245
0.233
0.299
0.226
0.23
0.621
0.818
0.73
1.042
1.154
2.103
1.564
0.848
0.775
1.1
1.171
1.743
1.387
2.016
1.656
0.955
0.568
0.391
0.316
0.25
0.238
0.347
0.225
0.229
0.753
0.792
0.91
0.975
1.063
1.943
1.519
0.934
0.757
1.091
1.156
1.68
1.336
1.929
1.588
0.883
0.58
0.415
0.343
0.255
0.234
0.371
0.222
0.246
0.742
0.788
0.879
0.939
1.017
1.817
1.686
1.065
0.99
1.141
1.161
1.567
1.324
2.286
1.595
0.83
0.542
0.39
0.329
0.25
0.23
0.384
0.219
0.246
0.746
0.749
0.814
0.867
0.936
1.657
1.54
1.021
0.969
1.114
1.16
1.476
1.297
2.178
1.598
0.852
0.507
0.37
0.315
0.242
0.225
0.362
0.212
0.239
0.691
0.741
0.814
0.96
1.133
1.621
1.525
1.08
0.938
1.065
1.101
1.382
1.284
2.124
1.743
0.855
0.491
0.368
0.319
0.257
0.24
0.364
0.271
0.278
0.669
0.88
0.848
1.196
1.287
1.699
1.457
1.091
1.049
1.125
1.458
1.411
1.308
2.105
1.664
0.832
0.479
0.37
0.323
0.264
0.251
0.364
0.279
0.287
0.733
0.848
0.809
1.158
1.311
1.7
1.432
1.103
1.105
1.169
1.449
1.456
1.506
2.134
1.654
0.834
0.496
0.395
0.315
0.261
0.246
0.35
0.293
0.284
0.92
0.833
0.986
1.08
1.226
1.695
1.421
1.047
1.056
1.159
1.433
1.52
1.628
2.06
1.576
0.805
0.528
0.418
0.316
0.264
0.253
0.341
0.294
0.279
0.923
0.803
0.911
0.995
1.129
1.585
1.314
1.037
1.033
1.226
1.468
1.504
1.692
2.144
1.533
0.785
0.497
0.401
0.31
0.259
0.252
0.332
0.286
0.275
0.914
0.867
1.059
0.954
1.078
1.515
1.254
1.192
1.174
1.305
1.428
1.397
1.593
2.136
1.487
0.733
0.472
0.385
0.303
0.256
0.253
0.323
0.284
0.268
0.894
0.96
1.087
0.881
0.993
1.386
1.169
1.133
1.145
1.298
1.377
1.397
1.562
2.196
1.523
0.99
0.486
0.386
0.312
0.282
0.282
0.326
0.275
0.258
0.832
0.971
1.102
0.946
0.998
1.346
1.149
1.171
1.272
1.413
1.445
1.354
1.509
2.116
1.491
0.943
0.485
0.396
0.331
0.274
0.274
0.315
0.266
0.25
0.789
0.942
1.108
0.933
0.995
1.501
1.136
1.133
1.25
1.499
1.629
1.449
1.559
2.051
1.469
0.896
0.458
0.378
0.318
0.264
0.268
0.305
0.259
0.247
0.796
0.9
1.021
0.888
0.991
1.425
1.048
1.042
1.183
1.507
1.727
1.489
1.558
1.976
1.457
0.864
0.441
0.361
0.306
0.258
0.263
0.289
0.245
0.236
0.793
0.874
1.116
0.833
1.023
1.531
0.976
0.961
1.09
1.428
1.808
1.473
1.502
2.215
1.43
0.855
0.456
0.395
0.351
0.292
0.262
0.283
0.245
0.238
0.808
0.907
1.231
0.815
0.984
1.733
0.907
0.917
1.056
1.383
1.751
1.45
1.444
2.134
1.395
0.861
0.467
0.441
0.357
0.283
0.257
0.271
0.239
0.232
0.886
1.077
1.179
0.809
0.921
1.661
0.934
0.957
1.028
1.351
1.659
1.415
1.438
2.022
1.338
0.84
0.459
0.437
0.353
0.308
0.252
0.262
0.233
0.228
0.951
1.139
1.088
0.771
0.895
1.781
1.068
0.971
1.137
1.341
1.607
1.551
1.585
2.018
1.36
0.868
0.435
0.414
0.335
0.295
0.246
0.255
0.261
0.222
0.891
1.127
1.069
0.863
0.991
1.86
1.049
1.023
1.361
1.406
1.536
1.499
1.73
1.89
1.354
0.883
0.42
0.391
0.32
0.284
0.24
0.249
0.253
0.219
0.819
1.046
1.035
0.935
1.164
1.756
0.971
1.006
1.42
1.438
1.674
1.735
1.822
1.841
1.349
0.914
0.413
0.382
0.339
0.322
0.254
0.283
0.25
0.217
0.808
1.09
1.02
0.918
1.124
1.723
1.253
0.976
1.323
1.429
1.648
2.131
1.852
1.78
1.292
0.859
0.402
0.365
0.329
0.315
0.251
0.297
0.25
0.218
0.863
1.225
0.97
0.851
1.033
1.651
1.279
0.972
1.302
1.433
1.658
2.035
1.935
1.84
1.251
0.832
0.427
0.382
0.349
0.349
0.259
0.321
0.246
0.214
0.838
1.161
0.899
0.795
0.953
1.509
1.186
0.956
1.3
1.398
1.984
2.206
1.868
1.808
1.172
0.771
0.402
0.363
0.334
0.331
0.253
0.35
0.241
0.21
0.962
1.176
1.036
0.74
0.882
1.384
1.13
1.041
1.197
1.311
1.896
2.056
1.763
1.896
1.134
0.716
0.383
0.345
0.318
0.318
0.248
0.374
0.236
0.206
0.946
1.109
0.975
0.709
0.834
1.299
1.09
1.04
1.287
1.301
1.883
2.001
1.73
1.844
1.173
0.797
0.42
0.329
0.304
0.303
0.242
0.357
0.233
0.205
1.077
1.186
1.024
0.746
1.029
1.304
1.145
1.017
1.197
1.281
1.797
1.948
1.7
1.811
1.202
0.841
0.43
0.334
0.308
0.301
0.237
0.343
0.229
0.204
0.985
1.112
0.994
0.784
1.286
1.242
1.054
0.977
1.27
1.402
1.985
2.215
1.737
1.756
1.179
0.831
0.459
0.349
0.3
0.316
0.284
0.371
0.231
0.209
0.975
1.046
1.129
0.738
1.261
1.262
0.997
1.279
1.312
1.368
1.952
2.115
1.693
1.735
1.147
1.001
0.561
0.352
0.338
0.314
0.277
0.359
0.24
0.214
0.946
1.018
1.04
0.689
1.16
1.162
0.963
1.172
1.301
1.376
2.029
2.151
1.818
1.779
1.089
0.936
0.531
0.343
0.332
0.307
0.271
0.347
0.281
0.235
0.934
1.059
1.091
0.648
1.066
1.088
0.924
1.125
1.248
1.286
2.106
2.039
1.754
2.049
1.041
0.867
0.5
0.332
0.325
0.302
0.269
0.337
0.34
0.234
0.936
1.066
1.059
0.66
1.018
1.033
0.918
1.093
1.2
1.344
2.082
2.13
1.654
1.977
1.07
0.849
0.475
0.322
0.313
0.295
0.267
0.327
0.359
0.251
0.925
1.016
0.977
0.618
0.941
0.988
0.889
1.033
1.179
1.316
2.005
2.048
1.658
2.094
1.165
0.789
0.452
0.316
0.307
0.308
0.276
0.312
0.343
0.247
0.852
0.973
0.965
0.791
1.115
0.973
0.909
1.114
1.166
1.285
1.924
1.983
1.632
2.015
1.383
0.832
0.448
0.309
0.303
0.304
0.27
0.351
0.329
0.243
0.786
1.058
0.954
1.066
1.173
1.092
0.836
1.019
1.069
1.177
1.782
1.907
1.594
1.954
1.362
0.813
0.449
0.302
0.292
0.293
0.264
0.335
0.312
0.239
0.786
1.007
0.889
1.003
1.125
1.071
0.842
0.98
1.043
1.198
1.92
2.133
1.616
1.904
1.474
0.83
0.473
0.31
0.297
0.311
0.259
0.323
0.297
0.233
0.915
0.994
0.937
1.006
1.064
1.096
0.859
0.979
1.016
1.238
2.005
2.128
1.584
1.843
1.401
0.783
0.448
0.301
0.286
0.297
0.254
0.313
0.289
0.226
0.904
0.937
0.867
0.93
1.017
1.012
0.796
0.907
0.991
1.249
1.985
2.009
1.767
1.8
1.436
0.755
0.426
0.29
0.274
0.285
0.249
0.301
0.28
0.22
0.886
1.098
0.878
0.905
0.984
1.0
0.793
1.175
0.983
1.203
2.081
1.992
1.649
1.745
1.398
0.742
0.441
0.309
0.264
0.277
0.244
0.292
0.273
0.215
0.869
1.052
0.821
0.836
0.909
0.953
0.738
1.115
0.964
1.161
1.957
1.884
1.696
1.713
1.376
0.782
0.476
0.302
0.256
0.265
0.238
0.283
0.266
0.244
0.992
1.099
0.935
0.849
1.023
0.972
0.719
1.074
1.007
1.339
1.853
1.885
1.659
1.649
1.619
0.903
0.471
0.298
0.257
0.263
0.236
0.277
0.264
0.285
0.913
1.029
0.939
1.148
1.128
1.087
0.71
1.13
1.186
1.473
2.089
2.04
1.76
1.699
1.631
0.894
0.498
0.334
0.275
0.259
0.236
0.312
0.257
0.296
0.919
1.125
0.992
1.056
1.089
1.106
0.927
1.062
1.134
1.49
2.171
1.865
1.613
1.653
1.569
0.882
0.484
0.328
0.293
0.252
0.231
0.344
0.249
0.285
0.954
1.271
1.049
0.974
1.004
1.019
0.895
1.119
1.104
1.422
2.08
1.849
1.64
1.681
1.53
0.832
0.474
0.333
0.301
0.264
0.245
0.346
0.262
0.294
0.958
1.311
1.169
0.933
0.992
1.039
0.897
1.115
1.154
1.709
2.124
1.831
1.69
1.73
1.528
0.831
0.461
0.333
0.304
0.271
0.254
0.36
0.269
0.296
0.923
1.209
1.08
0.867
0.921
0.964
0.838
1.096
1.121
1.634
2.038
1.751
1.623
1.706
1.461
0.787
0.448
0.334
0.306
0.277
0.262
0.404
0.272
0.296
0.858
1.112
0.997
0.812
0.862
0.924
0.791
1.225
1.206
1.562
1.923
1.69
1.585
1.655
1.447
0.846
0.476
0.342
0.309
0.282
0.262
0.39
0.27
0.291
0.804
1.094
0.972
1.011
0.866
1.069
0.928
1.175
1.155
1.477
1.867
1.696
1.622
1.694
1.467
0.921
0.572
0.371
0.315
0.291
0.273
0.387
0.277
0.29
0.79
1.144
0.949
0.984
0.85
1.038
0.913
1.199
1.164
1.416
1.805
1.706
1.64
1.82
1.439
0.988
0.676
0.473
0.359
0.338
0.292
0.384
0.285
0.296
0.828
1.085
0.984
0.915
0.793
0.963
0.989
1.158
1.217
1.463
1.902
1.921
1.627
1.808
1.446
1.005
0.627
0.444
0.343
0.323
0.281
0.362
0.273
0.285
0.805
0.994
0.904
0.841
0.731
0.915
0.909
1.06
1.151
1.434
1.854
1.872
1.595
1.771
1.435
0.997
0.603
0.416
0.321
0.303
0.268
0.342
0.261
0.27
0.808
1.087
0.949
1.024
0.69
0.845
0.842
1.008
1.113
1.363
1.776
1.799
1.592
1.805
1.461
0.983
0.622
0.428
0.318
0.299
0.263
0.335
0.262
0.262
0.81
1.008
0.883
0.953
0.658
0.797
0.79
0.962
1.11
1.52
1.943
1.768
1.562
1.972
1.431
0.949
0.6
0.415
0.32
0.303
0.267
0.329
0.296
0.263
0.852
1.053
0.832
0.882
0.611
0.919
0.92
1.004
1.159
1.694
1.967
1.762
1.656
2.056
1.485
0.988
0.573
0.398
0.308
0.299
0.266
0.318
0.289
0.262
0.794
1.012
0.919
0.993
0.618
0.896
0.941
1.099
1.134
1.633
1.928
1.731
1.643
1.982
1.648
0.954
0.54
0.379
0.304
0.295
0.257
0.311
0.285
0.255
0.736
1.011
0.904
1.051
1.158
1.004
0.964
1.01
1.059
1.719
2.156
1.778
1.8
1.926
1.63
0.935
0.512
0.361
0.298
0.29
0.255
0.3
0.279
0.254
0.686
0.927
0.927
1.082
1.185
1.006
0.959
0.968
1.076
1.759
2.421
1.931
1.847
2.158
1.635
1.0
0.528
0.342
0.289
0.282
0.243
0.29
0.271
0.244
0.636
0.967
0.91
1.075
1.234
1.062
0.942
0.949
1.045
1.718
2.391
1.936
1.858
2.138
1.634
1.036
0.542
0.372
0.281
0.269
0.237
0.281
0.264
0.233
0.592
0.963
0.88
1.057
1.447
1.281
1.022
0.912
0.96
1.765
2.501
1.964
1.823
2.075
1.744
1.111
0.626
0.426
0.283
0.258
0.233
0.273
0.258
0.225
0.551
0.936
0.911
1.027
1.412
1.28
0.976
0.901
0.947
1.688
2.377
1.933
1.874
2.023
1.725
1.108
0.641
0.439
0.299
0.269
0.228
0.262
0.254
0.224
0.511
0.917
0.862
1.005
1.347
1.243
0.981
0.873
1.024
1.744
2.266
2.058
1.799
1.924
1.666
1.114
0.681
0.432
0.293
0.295
0.247
0.252
0.248
0.242
0.508
1.196
0.864
0.948
1.325
1.251
1.216
0.835
0.982
1.682
2.147
1.981
1.723
1.842
1.722
1.119
0.665
0.447
0.369
0.325
0.26
0.246
0.246
0.241
0.479
1.101
0.851
1.062
1.463
1.177
1.136
1.008
1.015
1.975
2.281
2.072
1.745
1.846
1.695
1.072
0.628
0.489
0.419
0.341
0.272
0.271
0.287
0.268
0.489
1.087
1.0
1.014
1.336
1.086
1.08
1.2
0.995
1.936
2.34
2.082
1.726
1.807
1.633
1.029
0.585
0.456
0.396
0.359
0.304
0.29
0.336
0.277
0.473
1.086
1.124
1.054
1.225
0.997
1.006
1.182
0.953
1.856
2.493
2.099
1.719
1.948
1.689
1.019
0.57
0.463
0.404
0.371
0.319
0.3
0.382
0.281
0.461
1.077
1.186
1.109
1.129
0.926
0.924
1.18
1.048
1.808
2.523
2.155
1.706
1.915
1.93
1.072
0.611
0.513
0.459
0.426
0.368
0.303
0.42
0.271
0.432
1.044
1.115
1.022
1.035
0.858
0.954
1.2
1.045
1.718
2.542
2.249
1.733
2.174
1.884
1.177
0.654
0.573
0.471
0.438
0.393
0.328
0.444
0.267
0.413
1.013
1.047
0.941
0.957
0.797
0.909
1.161
1.159
1.718
2.464
2.168
1.721
2.27
2.05
1.193
0.699
0.538
0.446
0.413
0.371
0.316
0.419
0.259
0.386
0.946
1.053
1.093
1.025
1.013
0.864
1.07
1.27
1.732
2.399
2.207
1.745
2.239
2.025
1.259
0.772
0.55
0.446
0.413
0.373
0.317
0.414
0.269
0.395
0.88
1.021
1.069
1.047
1.2
0.919
1.066
1.332
1.996
2.487
2.371
1.776
2.189
2.062
1.248
0.762
0.53
0.434
0.404
0.367
0.317
0.404
0.275
0.389
0.898
0.992
1.151
0.992
1.344
0.954
1.021
1.268
1.914
2.635
2.446
1.776
2.184
2.017
1.236
0.749
0.516
0.425
0.399
0.374
0.313
0.387
0.336
0.378
0.892
0.95
1.056
0.921
1.236
0.881
0.972
1.189
1.843
2.484
2.405
1.911
2.215
1.943
1.235
0.717
0.489
0.406
0.384
0.36
0.305
0.371
0.364
0.359
0.979
0.974
0.986
0.851
1.136
0.878
1.006
1.252
1.76
2.405
2.357
2.184
2.211
2.063
1.261
0.69
0.463
0.388
0.367
0.345
0.295
0.357
0.397
0.361
0.976
1.047
1.074
0.791
1.044
0.813
0.929
1.241
1.728
2.325
2.308
2.051
2.073
2.008
1.254
0.7
0.439
0.372
0.354
0.334
0.288
0.341
0.383
0.348
0.99
0.999
0.989
0.734
0.962
0.881
0.999
1.162
1.756
2.271
2.385
2.153
2.035
1.957
1.257
0.737
0.439
0.358
0.342
0.343
0.279
0.323
0.362
0.332
0.91
1.032
1.051
0.863
1.197
0.919
0.974
1.296
1.734
2.202
2.342
2.099
1.966
1.92
1.286
0.803
0.469
0.379
0.341
0.33
0.272
0.312
0.344
0.316
0.836
1.007
1.014
0.862
1.559
0.873
0.893
1.182
1.575
1.996
2.125
1.906
1.891
1.905
1.319
0.796
0.484
0.432
0.402
0.379
0.331
0.367
0.348
0.3
0.894
0.958
0.948
0.799
1.72
0.941
1.09
1.194
1.508
1.959
2.133
2.116
1.868
1.96
1.275
0.821
0.512
0.442
0.404
0.384
0.318
0.35
0.331
0.3
0.942
0.92
0.903
0.772
1.612
0.901
1.019
1.113
1.6
2.037
2.084
2.03
1.832
1.952
1.28
0.82
0.535
0.453
0.38
0.365
0.306
0.335
0.318
0.296
0.982
1.042
0.962
0.719
1.492
0.948
0.987
1.074
1.679
1.993
2.029
1.961
1.972
1.94
1.29
0.818
0.55
0.425
0.357
0.347
0.294
0.32
0.304
0.281
0.966
1.009
0.943
0.702
1.684
1.098
1.056
1.31
1.628
1.925
1.963
1.848
1.854
1.857
1.255
0.777
0.532
0.419
0.344
0.334
0.284
0.307
0.296
0.274
1.007
1.111
0.912
0.679
1.54
1.034
1.029
1.268
1.585
1.919
1.916
1.839
1.965
1.812
1.263
0.778
0.518
0.417
0.328
0.316
0.283
0.313
0.284
0.264
0.927
1.028
0.891
0.786
1.465
0.972
0.965
1.178
1.604
1.855
1.932
2.099
2.013
1.812
1.324
0.849
0.586
0.442
0.341
0.335
0.303
0.297
0.273
0.258
0.851
1.043
0.917
0.787
1.398
1.128
1.03
1.169
1.603
1.84
2.059
2.281
2.173
1.904
1.319
0.842
0.564
0.421
0.326
0.326
0.295
0.288
0.275
0.272
0.889
1.073
0.904
0.746
1.282
1.142
1.009
1.103
1.568
1.878
2.171
2.305
2.109
1.845
1.322
0.84
0.535
0.396
0.315
0.314
0.281
0.278
0.276
0.278
0.915
1.081
0.945
0.733
1.31
1.18
0.988
1.083
1.513
1.822
2.124
2.205
2.109
1.877
1.241
0.783
0.503
0.377
0.306
0.303
0.27
0.305
0.276
0.287
1.034
1.121
0.877
0.685
1.197
1.084
0.951
1.291
1.646
1.811
2.133
2.134
2.018
1.823
1.196
0.733
0.468
0.359
0.295
0.289
0.258
0.344
0.291
0.304
1.172
1.111
0.808
0.638
1.102
0.996
0.907
1.265
1.638
2.027
2.072
2.051
1.929
1.774
1.188
0.77
0.477
0.383
0.313
0.28
0.246
0.379
0.283
0.312
1.172
1.042
0.753
0.606
1.011
0.968
0.903
1.268
1.647
2.115
2.24
2.202
2.025
1.767
1.225
0.809
0.517
0.395
0.302
0.272
0.235
0.359
0.274
0.315
1.132
1.0
0.768
0.719
1.02
0.936
0.938
1.242
1.618
2.199
2.336
2.463
2.088
1.934
1.264
0.846
0.576
0.441
0.338
0.309
0.265
0.341
0.267
0.321
1.046
1.002
0.951
0.786
1.018
0.942
0.913
1.285
1.659
2.238
2.412
2.407
2.065
1.932
1.303
0.899
0.61
0.485
0.345
0.301
0.261
0.329
0.26
0.305
1.054
1.139
1.102
0.796
0.994
0.959
0.894
1.261
1.67
2.418
2.626
2.45
2.142
1.894
1.375
0.878
0.569
0.456
0.326
0.289
0.255
0.313
0.452
0.316
0.991
1.112
1.047
0.769
0.975
0.996
0.889
1.235
1.651
2.654
2.598
2.347
2.327
1.84
1.359
0.867
0.543
0.435
0.316
0.277
0.342
0.306
0.426
0.319
0.923
1.081
1.023
0.794
1.109
1.087
0.895
1.211
1.586
2.498
2.821
2.232
2.364
2.038
1.335
0.875
0.529
0.416
0.304
0.27
0.332
0.303
0.431
0.312
0.877
1.181
0.977
0.768
1.093
1.033
0.898
1.207
1.62
2.645
2.767
2.365
2.488
2.051
1.474
0.877
0.501
0.396
0.295
0.267
0.323
0.29
0.613
0.315
0.807
1.13
0.939
0.775
1.082
1.025
0.925
1.173
1.632
2.805
2.748
2.343
2.379
1.982
1.446
0.864
0.487
0.385
0.294
0.386
0.351
0.305
0.57
0.31
0.75
1.057
0.953
0.914
1.184
0.952
0.914
1.099
1.657
3.062
2.797
2.259
2.411
1.924
1.441
0.901
0.55
0.397
0.288
0.36
0.335
0.292
0.527
0.298
0.686
0.969
0.931
1.13
1.183
0.941
0.925
1.129
1.779
3.151
2.854
2.459
2.348
2.083
1.469
0.947
0.632
0.486
0.315
0.367
0.339
0.278
0.491
0.287
0.636
0.946
0.966
1.093
1.234
1.011
0.941
1.101
1.75
3.042
2.992
2.394
2.531
2.163
1.642
0.95
0.635
0.503
0.362
0.407
0.376
0.295
0.462
0.273
0.622
1.014
0.945
1.037
1.233
1.001
0.967
1.112
1.815
3.137
2.967
2.816
2.656
2.101
1.581
0.931
0.671
0.725
0.445
0.483
0.43
0.303
0.436
0.258
0.976
1.065
0.884
0.946
1.132
0.924
0.886
1.182
2.036
3.098
2.908
2.805
2.717
2.065
1.879
0.948
0.789
0.696
0.416
0.445
0.401
0.289
0.402
0.247
0.894
1.333
0.885
0.871
1.346
1.058
0.962
1.216
2.004
2.988
2.92
2.611
2.515
2.073
1.8
0.901
0.74
0.656
0.389
0.417
0.373
0.273
0.379
0.232
0.897
1.261
0.828
0.858
1.269
0.991
0.894
1.145
1.899
2.809
2.902
2.472
2.388
2.038
1.976
0.953
0.703
0.606
0.37
0.395
0.353
0.429
0.361
0.228
0.821
1.154
0.945
0.974
1.292
1.324
0.999
1.132
1.849
2.712
2.896
2.383
2.562
1.993
1.996
1.027
0.758
0.665
0.344
0.373
0.335
0.397
0.34
0.222
0.774
1.066
0.909
1.138
1.323
1.286
1.04
1.326
1.996
2.735
3.192
2.553
2.92
2.001
1.934
1.022
0.734
0.641
0.368
0.39
0.325
0.378
0.323
0.216
0.864
1.032
0.841
1.06
1.274
1.241
1.02
1.293
1.99
2.697
3.084
2.511
2.831
2.193
1.897
1.027
0.776
0.692
0.446
0.465
0.368
0.372
0.307
0.214
0.888
1.062
1.031
0.994
1.182
1.21
1.387
1.208
2.006
2.622
3.15
2.702
2.741
2.24
1.84
1.077
0.816
0.752
0.445
0.438
0.35
0.353
0.296
0.212
1.053
1.034
0.984
1.06
1.223
1.175
1.271
1.36
2.136
2.54
3.153
2.627
2.622
2.405
1.918
1.189
0.832
0.786
0.511
0.504
0.412
0.515
0.281
0.208
1.142
1.109
0.91
0.978
1.123
1.076
1.201
1.609
2.061
2.426
3.234
2.569
2.488
2.571
1.956
1.21
0.826
0.775
0.527
0.518
0.399
0.619
0.273
0.202
1.39
1.41
1.001
0.91
1.049
1.218
1.452
1.47
2.054
2.347
3.045
2.619
2.533
2.465
2.03
1.168
0.766
0.716
0.497
0.492
0.374
0.574
0.255
0.2
1.476
1.351
0.973
0.873
1.046
1.178
1.374
1.411
2.066
2.604
3.209
2.713
2.467
2.39
1.912
1.078
0.708
0.663
0.466
0.462
0.355
0.646
0.245
0.194
1.344
1.259
0.917
0.949
1.217
1.249
1.535
1.428
2.143
3.053
3.365
2.793
2.875
2.381
1.962
1.095
0.724
0.682
0.495
0.431
0.335
0.597
0.237
0.192
1.547
1.271
1.107
0.906
1.166
1.176
1.411
1.355
2.053
3.152
3.698
2.849
2.802
2.371
1.909
1.083
0.76
0.694
0.502
0.435
0.347
0.559
0.243
0.194
1.725
1.235
1.217
0.876
1.106
1.114
1.323
1.275
2.245
3.096
3.618
2.88
2.705
2.406
2.028
1.08
0.709
0.654
0.477
0.426
0.335
0.525
0.465
0.192
1.889
1.187
1.124
0.821
1.016
1.034
1.258
1.244
2.15
3.118
3.588
2.933
2.729
2.37
2.002
1.02
0.668
0.613
0.457
0.412
0.32
0.498
0.79
0.202
2.068
1.125
1.033
0.764
0.934
0.978
1.226
1.19
2.012
2.964
3.449
3.081
2.59
2.273
2.09
1.015
0.643
0.577
0.635
0.522
0.308
0.464
0.728
0.205
1.877
1.064
1.024
0.987
1.043
0.969
1.195
1.208
1.931
2.889
3.353
3.019
2.66
2.178
2.324
1.361
0.761
0.613
0.636
0.501
0.293
0.431
0.666
0.259
1.797
1.109
1.086
1.298
1.313
0.933
1.122
1.124
1.776
2.636
3.058
2.772
2.443
2.009
2.138
1.279
0.796
0.698
0.657
0.535
0.315
0.419
0.633
0.259
1.643
1.017
1.018
1.471
1.392
1.039
1.464
1.447
1.795
2.816
3.31
2.761
2.402
2.198
2.147
1.335
0.918
0.723
0.687
0.506
0.321
0.405
0.589
0.25
1.493
1.091
1.338
1.666
1.407
1.152
1.467
1.479
1.83
2.791
3.154
2.655
2.313
2.121
2.075
1.349
0.856
0.676
0.638
0.475
0.306
0.385
0.549
0.245
1.362
1.009
1.29
1.823
1.767
1.435
1.447
1.381
1.7
2.541
3.37
2.676
2.242
2.076
2.04
1.331
0.83
0.637
0.638
0.449
0.297
0.368
0.516
0.24
1.246
0.968
1.189
1.681
1.715
1.483
1.758
1.454
1.882
2.624
3.405
2.968
2.251
2.106
2.083
1.473
0.914
0.691
0.672
0.5
0.319
0.359
0.486
0.236
1.145
0.896
1.097
1.566
1.778
1.655
1.815
1.445
1.878
2.671
3.537
2.968
2.347
2.096
2.092
1.553
