0.0
0.0
0.0
0.0
0.0
0.0
0.0
0.0
0.0
0.0
0.0
0.0
0.0
0.0
0.0
0.0
0.0
0.0
0.0
0.0
0.0
0.0
0.0
0.0
0.0
0.0
0.0
0.0
0.0
0.0
0.0
0.0
0.0
0.0
0.0
0.0
0.0
0.0
0.0
0.0
0.0
0.0
0.0
0.0
0.0
0.0
0.0
0.0
0.0
0.0
0.0
0.0
0.0
0.0
0.0
0.0
0.0
0.0
0.0
0.0
0.0
0.0
0.0
0.0
0.0
0.0
0.0
0.0
0.0
0.0
0.0
0.0
0.0
0.0
0.0
0.0
0.0
0.0
0.0
0.0
0.0
0.0
0.0
0.0
0.0
0.0
0.0
0.0
0.0
0.0
0.0
0.0
0.0
0.0
0.0
0.0
0.0
0.0
0.0
0.0
0.0
0.0
0.0
0.0
0.0
0.0
0.0
0.0
0.0
0.0
0.0
0.0
0.0
0.0
0.0
0.0
0.0
0.0
0.0
0.0
0.0
0.0
0.0
0.0
0.0
0.0
0.0
0.0
0.0
0.0
0.0
0.0
0.0
0.0
0.0
0.0
0.0
0.0
0.0
0.0
0.0
0.0
0.0
0.0
0.0
0.0
0.0
0.0
0.0
0.0
0.0
0.0
0.0
0.0
0.0
0.0
0.0
0.0
0.0
0.0
0.0
0.0
0.0
0.0
0.0
0.0
0.0
0.0
0.0
0.0
0.0
0.0
0.0
0.0
0.0
0.0
0.0
0.0
0.0
0.0
0.0
0.0
0.0
0.0
0.0
0.0
0.0
0.0
0.0
0.0
0.0
0.0
0.0
0.0
0.0
0.0
0.0
0.0
0.0
0.0
0.0
0.0
0.0
0.0
0.0
0.0
0.0
0.0
0.0
0.0
0.0
0.0
0.0
0.0
0.0
0.0
0.0
0.0
0.0
0.0
0.0
0.0
0.0
0.0
0.0
0.0
0.0
0.0
0.0
0.0
0.0
0.0
0.0
0.0
0.0
0.0
0.0
0.0
0.0
0.0
0.0
0.0
0.0
0.0
0.0
0.0
0.0
0.0
0.0
0.0
0.0
0.0
0.0
0.0
0.0
0.0
0.0
0.0
0.0
0.0
0.0
0.0
0.0
0.0
0.0
0.0
0.0
0.0
0.0
0.0
0.0
0.0
0.0
0.0
0.0
0.0
0.0
0.0
0.0
0.0
0.0
0.0
0.0
0.0
0.0
0.0
0.0
0.0
0.0
0.0
0.0
0.0
0.0
0.0
0.0
0.0
0.0
0.0
0.0
0.0
0.0
0.0
0.0
0.0
0.0
0.0
0.0
0.0
0.0
0.0
0.0
0.0
0.0
0.0
0.0
0.0
0.0
0.0
0.0
0.0
0.0
0.0
0.0
0.0
0.0
0.0
0.0
0.0
0.0
0.0
0.0
0.0
0.0
0.0
0.0
0.0
0.0
0.0
0.0
0.0
0.0
0.0
0.0
0.0
0.0
0.0
0.0
0.0
0.0
0.0
0.0
0.0
0.0
0.0
0.0
0.0
0.0
0.0
0.0
0.0
0.0
0.0
0.0
0.0
0.0
0.0
0.0
0.0
0.0
0.0
0.0
0.0
0.0
0.0
0.0
0.0
0.0
0.0
0.0
0.0
0.0
0.0
0.0
0.0
0.0
0.0
0.0
0.0
0.0
0.0
0.0
0.0
0.0
0.0
0.0
0.0
0.0
0.0
0.0
0.0
0.0
0.0
0.0
0.0
0.0
0.0
0.0
0.0
0.0
0.0
0.0
0.0
0.0
0.0
0.0
0.0
0.0
0.0
0.0
0.0
0.0
0.0
0.0
0.0
0.0
0.0
0.0
0.0
0.0
0.0
0.0
0.0
0.0
0.0
0.0
0.0
0.0
0.0
0.0
0.0
0.0
0.0
0.0
0.0
0.0
0.0
0.0
0.0
0.0
0.0
0.0
0.0
0.0
0.0
0.0
0.0
0.0
0.0
0.0
0.0
0.0
0.0
0.0
0.0
0.0
0.0
0.0
0.0
0.0
0.0
0.0
0.0
0.0
0.0
0.0
0.0
0.0
0.0
0.0
0.0
0.0
0.0
0.0
0.0
0.0
0.0
0.0
0.0
0.0
0.0
0.0
0.0
0.0
0.0
0.0
0.0
0.0
0.0
0.0
0.0
0.0
0.0
0.0
0.0
0.0
0.129
0.097
0.106
0.102
0.097
0.103
0.109
0.48
1.463
1.682
0.703
0.9
0.309
0.212
0.395
0.391
0.445
0.472
0.281
0.277
0.49
0.556
0.441
0.215
0.129
0.097
0.111
0.108
0.095
0.098
0.106
0.439
1.476
1.778
0.547
0.995
0.297
0.224
0.44
0.451
0.325
0.451
0.305
0.268
0.503
0.591
0.377
0.218
0.126
0.1
0.11
0.108
0.093
0.098
0.095
0.466
1.418
1.843
0.739
1.214
0.297
0.239
0.495
0.451
0.325
0.451
0.285
0.269
0.528
0.597
0.34
0.215
0.126
0.103
0.11
0.108
0.102
0.099
0.094
0.524
1.401
1.843
0.739
1.328
0.367
0.532
0.396
0.388
0.322
0.33
0.285
0.266
0.522
0.52
0.268
0.336
0.139
0.109
0.097
0.093
0.097
0.109
0.098
0.105
0.464
0.484
0.973
1.184
0.358
0.847
0.55
0.499
0.443
0.316
0.281
0.278
0.69
0.548
0.438
0.287
0.139
0.104
0.098
0.098
0.098
0.109
0.103
0.166
0.496
0.556
0.973
1.246
0.534
0.539
0.562
0.704
0.554
0.192
0.306
0.334
0.705
0.521
0.344
0.157
0.107
0.105
0.108
0.116
0.109
0.103
0.098
0.558
1.379
1.827
0.809
1.328
0.424
0.786
0.423
0.371
0.292
0.312
0.397
0.274
0.558
0.476
0.231
0.145
0.105
0.104
0.11
0.116
0.108
0.102
0.128
0.528
1.285
1.69
0.766
1.243
0.403
0.749
0.413
0.428
0.444
0.327
0.404
0.275
0.53
0.443
0.219
0.144
0.105
0.104
0.109
0.116
0.11
0.101
0.123
0.518
1.189
1.732
0.712
1.136
0.413
0.752
0.467
0.603
0.544
0.343
0.408
0.308
0.549
0.43
0.215
0.143
0.106
0.104
0.112
0.114
0.114
0.101
0.12
0.66
1.2
1.883
1.096
1.045
0.385
0.694
0.433
0.56
0.72
0.325
0.404
0.343
0.571
0.45
0.241
0.145
0.108
0.106
0.113
0.116
0.115
0.106
0.124
0.65
1.221
1.72
1.004
1.043
0.402
0.678
0.409
0.574
0.891
0.345
0.444
0.352
0.566
0.432
0.233
0.141
0.108
0.108
0.111
0.116
0.116
0.105
0.141
0.649
1.238
1.635
0.951
1.03
0.506
1.38
0.509
0.641
0.997
0.351
0.438
0.352
0.6
0.463
0.248
0.153
0.108
0.11
0.111
0.114
0.115
0.108
0.138
0.593
1.142
1.518
0.869
0.942
0.484
1.362
0.554
0.598
0.935
0.327
0.429
0.458
0.69
0.468
0.241
0.152
0.105
0.108
0.113
0.111
0.113
0.108
0.134
0.542
1.054
1.434
0.872
0.881
0.449
1.344
0.752
1.196
0.855
0.31
0.562
0.463
0.676
0.469
0.26
0.153
0.105
0.108
0.11
0.108
0.111
0.147
0.144
0.646
1.007
1.581
0.906
0.8
0.409
1.214
0.684
1.083
0.775
0.284
0.511
0.425
0.613
0.427
0.239
0.144
0.102
0.103
0.104
0.102
0.106
0.14
0.134
0.585
0.912
1.43
0.823
0.726
0.373
1.097
0.62
0.983
0.704
0.26
0.465
0.387
0.558
0.392
0.221
0.135
0.095
0.097
0.101
0.1
0.101
0.131
0.126
0.531
0.827
1.294
0.747
0.658
0.341
0.993
0.564
0.892
0.64
0.238
0.424
0.354
0.509
0.36
0.205
0.126
0.091
0.093
0.096
0.097
0.098
0.123
0.119
0.482
0.749
1.17
0.678
0.599
0.313
0.899
0.513
0.808
0.581
0.219
0.389
0.325
0.463
0.329
0.189
0.119
0.087
0.09
0.093
0.093
0.093
0.116
0.112
0.439
0.679
1.058
0.615
0.544
0.288
0.816
0.468
0.733
0.528
0.202
0.355
0.297
0.422
0.301
0.175
0.112
0.085
0.088
0.09
0.089
0.089
0.109
0.106
0.399
0.617
0.958
0.559
0.495
0.264
0.739
0.428
0.666
0.482
0.187
0.324
0.273
0.385
0.276
0.163
0.106
0.081
0.084
0.088
0.087
0.087
0.104
0.101
0.364
0.56
0.867
0.508
0.45
0.243
0.67
0.391
0.607
0.44
0.175
0.297
0.251
0.351
0.254
0.152
0.101
0.078
0.082
0.085
0.084
0.084
0.098
0.096
0.333
0.509
0.785
0.463
0.41
0.224
0.608
0.357
0.551
0.401
0.162
0.273
0.232
0.322
0.235
0.143
0.096
0.076
0.079
0.082
0.081
0.081
0.094
0.156
0.426
0.472
0.72
0.428
0.425
0.217
0.559
0.373
0.509
0.521
0.195
0.27
0.239
0.345
0.267
0.165
0.096
0.076
0.079
0.082
0.081
0.083
0.094
0.15
0.415
0.454
0.662
0.548
0.764
0.874
0.922
0.418
0.496
0.492
0.206
0.289
0.273
0.387
0.29
0.237
0.177
0.081
0.084
0.089
0.084
0.085
0.097
0.149
0.384
0.536
0.726
0.78
1.063
0.85
0.881
0.427
0.682
0.569
0.21
0.297
0.297
0.42
0.429
0.366
0.174
0.084
0.088
0.094
0.087
0.087
0.097
0.143
0.394
0.626
0.878
0.732
1.024
0.798
1.173
0.442
0.699
0.546
0.298
0.382
0.303
0.446
0.45
0.422
0.179
0.087
0.091
0.094
0.087
0.088
0.097
0.138
0.363
0.605
1.274
1.591
1.67
0.994
1.1
0.495
1.085
0.523
0.279
0.354
0.356
0.482
0.458
0.401
0.177
0.088
0.093
0.095
0.089
0.09
0.096
0.133
0.336
0.631
1.944
2.35
2.155
1.206
1.061
0.48
1.635
0.549
0.291
0.344
0.509
0.492
0.472
0.494
0.171
0.092
0.096
0.095
0.09
0.093
0.149
0.213
0.338
0.636
1.829
2.147
1.997
1.336
0.996
0.466
2.122
0.562
0.319
0.364
0.494
0.467
0.444
0.467
0.167
0.093
0.096
0.094
0.093
0.096
0.145
0.228
0.324
0.611
1.709
2.068
1.831
1.474
1.157
0.742
2.778
0.603
0.339
0.351
0.492
0.502
0.464
0.445
0.161
0.094
0.099
0.097
0.249
0.602
0.141
0.251
0.314
0.575
1.62
1.876
1.71
1.553
1.167
0.833
2.527
0.594
0.332
0.378
0.49
0.526
0.471
0.431
0.154
0.093
0.099
0.097
0.394
1.068
0.136
0.294
0.439
0.535
1.507
1.828
1.964
1.707
1.414
0.961
2.324
0.543
0.333
0.38
0.496
0.561
0.483
0.43
0.149
0.095
0.102
0.101
0.523
1.484
0.131
0.302
0.412
0.504
1.411
1.818
1.804
1.58
1.302
1.255
2.196
0.546
0.358
0.369
0.487
0.609
0.494
0.435
0.176
0.1
0.103
0.102
0.638
1.86
0.128
0.281
0.38
0.494
1.757
2.186
1.934
1.484
1.243
1.166
2.291
0.522
0.349
0.386
0.6
0.954
0.493
0.445
0.178
0.102
0.104
0.102
0.742
2.217
0.128
0.265
0.408
0.703
2.062
2.151
2.115
1.429
1.152
1.084
2.112
0.559
0.679
0.387
0.62
0.926
0.499
0.428
0.17
0.105
0.103
0.102
0.835
2.52
0.124
0.304
0.409
0.874
2.005
1.975
1.944
1.34
1.351
0.996
1.916
0.548
0.849
0.374
0.62
0.897
0.503
0.45
0.177
0.105
0.107
0.103
0.916
2.773
0.121
0.322
0.434
0.841
2.004
1.99
1.797
1.589
1.59
1.317
1.891
0.57
0.805
0.368
0.655
0.867
0.483
0.427
0.168
0.108
0.108
0.103
0.991
3.02
0.121
0.344
0.445
0.802
1.849
1.997
1.694
1.473
1.519
1.25
1.934
0.596
0.757
0.371
0.632
0.848
0.488
0.418
0.163
0.107
0.109
0.106
1.062
3.249
0.117
0.357
0.43
0.841
2.024
1.87
1.624
1.354
1.609
1.288
1.749
0.554
0.837
0.507
0.788
0.814
0.499
0.394
0.157
0.108
0.112
0.105
1.124
3.455
0.116
0.362
0.412
0.77
1.866
1.728
1.485
1.346
1.504
1.29
1.619
0.522
0.79
0.483
0.77
0.81
0.522
0.42
0.201
0.105
0.109
0.107
1.175
3.621
0.112
0.336
0.382
0.728
1.82
1.597
1.409
1.333
1.447
1.209
1.79
0.534
0.877
0.794
1.11
0.801
0.562
0.45
0.276
0.127
0.109
0.109
1.224
3.773
0.112
0.312
0.352
0.67
1.92
1.683
1.593
2.139
1.413
1.167
1.641
0.529
0.813
0.758
1.058
0.783
0.564
0.447
0.261
0.127
0.108
0.109
1.266
3.911
0.111
0.322
0.365
0.721
1.865
1.659
1.644
2.063
1.379
1.151
1.536
0.613
0.786
0.706
1.007
0.78
0.538
0.495
0.281
0.126
0.11
0.108
1.304
4.033
0.111
0.353
0.362
0.667
1.727
1.516
1.778
2.138
1.37
1.338
1.434
0.632
0.742
0.679
0.987
0.756
0.544
0.472
0.264
0.123
0.11
0.11
1.339
4.146
0.109
0.358
0.369
0.847
1.58
1.378
1.766
2.007
1.306
1.317
1.312
0.585
0.744
0.681
0.939
0.755
0.571
0.456
0.268
0.12
0.108
0.111
1.374
4.261
0.106
0.366
0.371
0.925
1.482
1.39
1.671
1.83
1.231
1.252
1.536
0.664
0.713
0.643
0.893
0.733
0.564
0.465
0.265
0.121
0.109
0.11
1.407
4.367
0.105
0.385
0.377
0.862
1.371
1.384
1.724
1.722
1.156
1.178
1.956
0.672
0.651
0.61
0.878
0.718
0.568
0.48
0.264
0.122
0.107
0.108
1.436
4.42
0.104
0.355
0.348
0.848
1.543
1.58
1.817
1.745
1.222
1.091
1.956
0.662
0.656
0.669
0.904
0.73
0.586
0.49
0.251
0.121
0.107
0.106
1.462
4.464
0.23
0.331
0.322
0.774
1.456
1.448
1.65
1.587
1.115
0.996
1.775
0.61
0.801
0.669
0.87
0.73
0.544
0.452
0.237
0.119
0.107
0.108
1.489
4.554
0.218
0.334
0.348
0.755
1.513
1.412
1.539
1.443
1.04
0.92
1.654
0.583
0.811
0.626
0.823
0.685
0.501
0.419
0.221
0.115
0.104
0.107
1.511
4.629
0.204
0.345
0.343
0.796
1.414
1.295
1.459
1.329
0.947
0.86
1.521
0.56
0.786
0.608
0.807
0.634
0.469
0.391
0.209
0.114
0.104
0.11
1.529
4.694
0.238
0.379
0.335
0.834
1.321
1.197
1.361
1.233
0.871
1.084
1.46
0.53
0.725
0.632
0.765
0.6
0.441
0.38
0.203
0.114
0.103
0.108
1.548
4.755
0.223
0.395
0.33
0.796
1.204
1.115
1.26
1.13
0.945
1.047
1.331
0.535
0.926
0.663
0.741
0.605
0.487
0.357
0.192
0.111
0.102
0.106
1.56
4.807
0.262
0.41
0.387
0.757
1.132
1.192
1.243
1.131
0.891
0.951
1.277
0.522
0.885
0.645
0.829
0.605
0.487
0.372
0.219
0.113
0.103
0.109
1.578
4.855
0.247
0.38
0.36
0.737
1.101
1.11
1.147
1.755
0.937
0.893
1.185
0.647
0.815
0.64
0.767
0.556
0.451
0.348
0.21
0.114
0.104
0.109
1.591
4.904
0.235
0.355
0.336
0.674
1.003
1.285
1.311
1.686
0.895
0.829
1.096
0.61
0.923
0.605
0.742
0.558
0.419
0.323
0.202
0.112
0.103
0.107
1.6
4.944
0.221
0.352
0.335
0.646
1.002
1.194
1.229
1.588
0.831
0.816
1.015
0.594
0.92
0.588
0.72
0.528
0.397
0.303
0.19
0.112
0.104
0.106
1.606
4.973
0.208
0.371
0.354
0.645
1.319
1.394
1.2
1.451
0.76
0.749
1.009
0.724
0.856
0.601
0.696
0.503
0.387
0.302
0.185
0.111
0.102
0.104
1.615
5.007
0.196
0.343
0.375
0.755
1.294
1.281
1.095
1.321
0.7
0.69
0.924
0.724
0.811
0.738
0.66
0.541
0.388
0.302
0.181
0.111
0.102
0.103
1.622
5.031
0.188
0.365
0.376
0.792
1.284
1.23
1.225
1.28
0.65
0.65
0.865
0.72
0.757
0.695
0.646
0.518
0.377
0.299
0.174
0.109
0.103
0.104
1.63
5.057
0.178
0.337
0.385
0.777
1.224
1.123
1.117
1.165
0.599
0.598
0.792
0.729
0.706
0.821
0.641
0.535
0.402
0.335
0.179
0.107
0.102
0.104
1.634
5.011
0.169
0.312
0.361
0.751
1.116
1.024
1.019
1.065
0.555
0.572
0.781
0.972
0.699
0.855
0.603
0.491
0.371
0.31
0.17
0.105
0.1
0.103
1.642
5.047
0.161
0.29
0.334
0.733
1.029
0.936
0.932
0.973
0.55
0.726
0.732
0.901
0.672
0.829
0.608
0.526
0.372
0.291
0.164
0.105
0.101
0.103
1.65
5.018
0.156
0.326
0.383
0.715
1.056
0.875
0.899
0.913
0.557
0.96
0.713
0.83
0.653
0.844
0.62
0.5
0.346
0.271
0.157
0.104
0.1
0.102
1.653
5.042
0.15
0.35
0.407
0.683
0.993
0.82
0.882
0.879
0.548
0.959
0.74
0.794
0.667
0.83
0.597
0.476
0.33
0.255
0.151
0.103
0.101
0.102
1.657
4.998
0.146
0.412
0.469
0.729
0.941
0.818
0.856
1.015
0.514
0.915
0.712
0.75
0.693
0.816
0.62
0.536
0.328
0.242
0.145
0.102
0.1
0.101
1.661
4.934
0.142
0.464
0.47
0.702
0.881
0.807
0.84
0.99
0.497
0.847
0.787
0.77
0.687
0.795
0.608
0.503
0.307
0.229
0.141
0.102
0.1
0.1
1.662
4.966
0.138
0.467
0.494
0.872
0.884
0.754
0.783
0.934
0.493
0.846
0.734
0.759
0.786
0.917
0.63
0.533
0.332
0.254
0.143
0.102
0.101
0.102
1.668
4.894
0.135
0.455
0.481
0.831
0.811
0.694
0.728
0.878
0.471
0.877
0.823
0.754
0.81
0.896
0.962
0.53
0.364
0.27
0.144
0.104
0.102
0.103
1.671
4.871
0.133
0.42
0.662
0.937
0.896
0.746
0.83
1.302
0.586
0.844
0.807
0.713
0.852
0.841
0.915
0.553
0.347
0.255
0.139
0.103
0.101
0.102
1.672
4.879
0.128
0.419
0.616
0.904
0.856
0.731
0.819
1.232
0.574
0.797
0.736
0.706
0.794
0.81
0.883
0.548
0.332
0.243
0.135
0.102
0.1
0.1
1.671
4.913
0.124
0.426
0.59
0.861
0.823
0.691
0.78
1.197
0.531
0.76
0.691
0.843
0.759
0.784
0.848
0.561
0.327
0.237
0.131
0.101
0.099
0.1
1.672
4.89
0.119
0.446
0.57
0.832
0.847
0.649
0.747
1.109
0.513
0.749
0.649
0.795
0.725
0.753
0.807
0.567
0.334
0.257
0.132
0.1
0.099
0.099
1.676
4.933
0.117
0.45
0.557
0.772
0.795
0.751
0.765
1.05
1.222
0.906
0.617
0.937
0.702
0.708
0.757
0.58
0.319
0.248
0.128
0.098
0.098
0.244
2.043
4.45
0.114
0.454
0.586
0.787
0.875
0.811
0.8
1.04
1.142
0.853
0.604
0.896
0.775
0.719
0.844
0.599
0.323
0.267
0.137
0.098
0.097
0.37
2.313
4.013
0.111
0.417
0.536
0.725
0.921
0.766
0.774
0.969
1.175
1.086
0.572
0.935
0.735
0.708
0.817
0.578
0.324
0.271
0.169
0.104
0.097
0.485
2.501
3.621
0.109
0.384
0.492
0.662
0.867
0.704
0.757
0.904
1.068
1.217
0.658
0.874
0.744
0.727
0.819
0.575
0.321
0.264
0.164
0.108
0.098
0.589
2.718
3.27
0.109
0.429
0.524
0.63
0.884
0.759
0.834
0.877
1.022
1.155
0.643
0.818
0.736
0.705
0.787
0.56
0.323
0.271
0.158
0.108
0.099
0.683
2.91
2.953
0.108
0.441
0.528
0.623
0.85
0.707
0.779
0.828
0.932
1.123
0.613
0.764
0.723
0.674
0.737
0.578
0.337
0.273
0.155
0.106
0.099
0.769
3.166
2.667
0.106
0.519
0.529
0.707
0.859
0.704
0.761
0.878
0.878
1.059
0.786
0.921
0.818
0.736
0.71
0.548
0.331
0.272
0.148
0.104
0.097
0.845
3.321
2.41
0.105
0.508
0.519
0.69
0.856
0.754
0.721
0.845
0.834
0.992
0.923
0.889
0.798
0.711
0.686
0.584
0.329
0.274
0.145
0.103
0.096
0.914
3.421
2.178
0.104
0.513
0.554
0.773
0.906
0.694
0.716
0.852
0.79
0.923
0.962
0.882
0.769
0.699
0.669
0.592
0.356
0.275
0.146
0.102
0.096
0.976
3.476
1.97
0.103
0.471
0.53
0.713
0.863
0.768
0.66
0.807
0.736
0.84
0.876
0.804
0.702
0.676
0.653
0.647
0.439
0.634
0.202
0.106
0.242
1.388
3.14
1.783
0.103
0.434
0.718
1.427
1.068
0.989
0.913
0.785
0.673
0.766
0.798
0.753
0.68
0.655
0.624
0.655
0.448
0.585
0.193
0.107
0.228
1.404
3.36
1.616
0.104
0.401
0.656
1.294
1.029
0.968
0.923
0.881
0.662
0.725
0.75
0.706
0.64
0.693
0.642
0.674
0.447
0.542
0.184
0.107
0.216
1.416
3.56
1.465
0.104
0.436
0.672
1.216
0.935
0.882
0.841
0.803
0.605
0.662
0.686
0.676
0.675
0.669
0.623
0.645
0.438
0.519
0.211
0.115
0.203
1.426
3.736
1.328
0.103
0.402
0.614
1.129
0.856
0.82
0.927
0.776
0.596
0.895
0.734
0.648
0.869
0.685
0.607
0.623
0.449
0.496
0.214
0.115
0.195
1.437
3.905
1.206
0.104
0.372
0.563
1.028
0.879
0.796
0.858
0.743
0.831
1.004
0.812
0.694
0.885
0.694
0.78
0.634
0.473
0.508
0.221
0.117
0.186
1.447
3.994
1.095
0.103
0.344
0.516
0.963
0.893
0.78
0.817
1.103
1.171
1.301
0.842
0.688
0.968
0.979
0.787
0.631
0.495
0.523
0.251
0.163
0.179
1.455
4.07
0.998
0.103
0.32
0.474
0.876
0.869
0.781
0.894
1.362
1.156
1.328
0.844
0.786
1.395
1.146
0.811
0.652
0.628
0.551
0.287
0.237
0.197
1.481
4.177
0.929
0.124
0.319
0.565
0.856
0.925
1.053
0.862
1.33
1.094
1.222
0.787
0.737
1.308
1.17
0.816
0.657
0.608
0.52
0.286
0.229
0.187
1.482
4.271
0.846
0.121
0.293
0.55
0.818
0.892
0.962
0.835
1.395
1.209
1.371
0.983
0.935
1.303
1.134
0.79
0.655
0.584
0.49
0.275
0.216
0.177
1.483
4.311
0.771
0.119
0.274
0.586
0.751
0.814
0.92
0.812
1.321
1.141
1.26
0.938
0.933
1.233
1.101
0.758
0.667
0.614
0.476
0.264
0.206
0.17
1.484
4.418
0.704
0.119
0.258
0.571
0.748
0.816
0.955
0.772
1.242
1.086
1.15
1.031
0.927
1.192
1.091
0.907
0.703
0.614
0.462
0.258
0.195
0.163
1.489
4.507
0.642
0.117
0.243
0.607
0.7
0.752
0.947
0.776
1.207
1.007
1.074
0.973
1.235
1.302
1.083
0.884
0.669
0.581
0.446
0.262
0.184
0.154
1.492
4.589
0.587
0.11
0.229
0.599
0.675
0.75
0.905
0.75
1.36
0.924
0.982
0.928
1.177
1.234
1.038
0.852
0.811
0.615
0.453
0.297
0.207
0.15
1.494
4.653
0.539
0.109
0.215
0.545
0.991
0.791
0.838
0.685
1.259
0.931
1.055
0.977
1.093
1.16
0.986
0.84
0.784
0.632
0.457
0.318
0.218
0.149
1.497
4.645
0.498
0.11
0.203
0.499
0.905
0.741
0.859
0.924
1.425
1.1
0.999
0.888
0.99
1.055
0.924
0.92
0.772
0.636
0.426
0.299
0.208
0.146
1.501
4.65
0.457
0.111
0.195
0.474
0.837
0.712
0.821
0.866
1.319
1.024
0.934
0.922
0.938
1.02
0.884
0.883
0.744
0.595
0.404
0.283
0.191
0.142
1.503
4.62
0.419
0.111
0.232
0.509
0.853
0.916
0.817
0.813
1.207
0.959
0.972
0.869
0.959
1.001
0.895
0.882
0.711
0.595
0.401
0.272
0.179
0.134
1.506
4.63
0.382
0.109
0.22
0.512
0.836
0.931
0.763
0.743
1.099
0.935
0.927
0.978
1.049
1.088
0.908
0.874
0.683
0.602
0.394
0.271
0.174
0.133
1.503
4.635
0.356
0.102
0.209
0.5
0.956
0.915
0.758
0.765
1.165
0.904
0.846
0.933
1.079
1.319
0.878
0.851
0.642
0.586
0.374
0.259
0.167
0.128
1.499
4.696
0.331
0.1
0.194
0.536
0.896
0.96
0.742
0.742
1.107
0.887
0.79
0.91
1.028
1.256
0.866
0.83
0.64
0.589
0.407
0.278
0.171
0.122
1.5
4.642
0.307
0.097
0.18
0.492
0.816
0.872
0.693
0.864
1.03
0.815
0.741
0.861
0.989
1.248
0.867
0.757
0.586
0.54
0.372
0.259
0.164
0.12
1.497
4.694
0.287
0.097
0.166
0.453
0.745
0.791
0.632
0.788
0.933
0.741
0.94
0.806
0.946
1.213
0.856
0.735
0.555
0.513
0.355
0.252
0.158
0.118
1.493
4.757
0.269
0.097
0.154
0.449
0.742
0.725
0.579
0.725
0.856
0.811
0.907
0.8
1.044
1.337
0.926
0.706
0.521
0.487
0.348
0.247
0.152
0.112
1.494
4.824
0.252
0.094
0.146
0.445
0.926
0.745
0.566
0.734
0.862
0.819
0.882
0.82
1.008
1.419
0.914
0.651
0.485
0.466
0.333
0.233
0.147
0.106
1.494
4.875
0.237
0.09
0.139
0.451
0.882
0.717
0.526
0.717
0.952
0.818
0.881
0.781
0.968
1.435
1.074
0.683
0.503
0.514
0.392
0.286
0.197
0.108
1.496
4.919
0.226
0.093
0.136
0.498
0.878
0.658
0.786
0.836
0.893
0.764
0.804
0.826
1.1
1.51
1.128
0.728
0.476
0.49
0.385
0.285
0.188
0.107
1.494
4.92
0.209
0.092
0.132
0.458
1.042
0.651
0.749
0.848
0.85
0.743
0.851
0.78
1.044
1.454
1.088
0.704
0.478
0.505
0.397
0.303
0.206
0.11
1.494
4.841
0.198
0.093
0.129
0.422
0.943
0.595
0.723
0.818
0.807
0.851
0.897
0.736
0.995
1.387
1.049
0.667
0.664
0.645
0.451
0.32
0.237
0.109
1.497
4.841
0.188
0.093
0.126
0.389
0.858
0.763
0.91
0.999
1.116
1.194
0.943
0.713
0.959
1.358
1.052
0.674
0.656
0.662
0.467
0.322
0.227
0.106
1.498
4.783
0.179
0.093
0.123
0.451
0.837
0.75
0.895
0.926
1.043
1.094
0.863
0.747
0.93
1.306
1.05
0.681
0.663
0.647
0.463
0.315
0.217
0.105
1.498
4.734
0.17
0.094
0.12
0.417
0.758
0.675
0.805
0.834
0.939
0.984
0.777
0.723
0.908
1.308
0.996
0.663
0.668
0.626
0.445
0.318
0.213
0.104
1.358
4.269
0.161
0.092
0.118
0.386
0.767
0.629
0.747
0.884
0.89
0.929
0.749
0.74
0.914
1.437
0.96
0.678
0.635
0.651
0.438
0.318
0.205
0.102
1.232
3.852
0.79
0.117
0.116
0.391
0.722
0.6
0.719
0.85
0.822
0.9
0.699
0.748
1.031
1.46
0.93
0.646
0.594
0.612
0.416
0.323
0.191
0.1
1.12
3.477
1.35
0.147
0.115
0.392
0.698
0.732
0.751
0.865
0.783
0.959
0.728
0.742
1.132
1.561
0.923
0.631
0.585
0.629
0.418
0.335
0.207
0.101
1.016
3.212
1.794
0.143
0.108
0.363
0.638
0.698
0.707
0.793
0.746
0.904
0.698
0.716
1.092
1.647
0.895
0.631
0.582
0.614
0.424
0.354
0.208
0.113
0.963
3.011
2.191
0.153
0.102
0.339
0.604
0.75
0.811
1.063
0.883
1.359
0.921
0.733
1.046
1.64
0.942
0.62
0.57
0.596
0.42
0.338
0.198
0.109
0.874
2.798
2.523
0.143
0.103
0.337
0.622
0.721
0.742
0.981
0.95
1.317
0.838
0.778
1.067
1.528
0.979
0.634
0.556
0.572
0.413
0.339
0.185
0.107
0.798
2.599
2.852
0.134
0.103
0.342
0.611
0.688
0.72
0.914
0.927
1.241
0.799
1.047
1.156
1.454
0.955
0.626
0.582
0.559
0.412
0.335
0.176
0.108
0.728
2.423
3.125
0.132
0.096
0.369
0.6
0.666
0.938
1.267
0.966
1.191
0.752
1.188
1.207
1.372
0.964
0.646
0.591
0.583
0.404
0.333
0.189
0.106
0.665
2.268
3.396
0.128
0.092
0.388
0.593
0.635
0.929
1.185
0.901
1.087
0.689
1.082
1.261
1.396
0.949
0.672
0.61
0.589
0.413
0.324
0.182
0.102
0.608
2.132
3.649
0.122
0.095
0.401
0.642
0.658
0.866
1.112
0.861
1.052
0.705
1.107
1.214
1.336
0.921
0.652
0.763
0.575
0.419
0.321
0.195
0.112
0.557
2.002
3.8
0.12
0.093
0.368
0.614
0.618
1.031
1.122
0.884
1.04
0.688
1.101
1.566
1.694
0.936
0.921
0.748
0.562
0.421
0.326
0.204
0.112
0.512
1.89
3.951
0.116
0.091
0.341
0.564
0.672
1.335
1.333
1.082
1.289
0.692
1.025
1.448
1.735
1.043
0.927
0.73
0.561
0.415
0.32
0.194
0.111
0.467
1.786
4.136
0.114
0.091
0.352
0.552
0.669
1.267
1.231
1.036
1.184
0.695
0.959
1.348
1.619
1.185
0.916
0.738
0.574
0.419
0.321
0.184
0.11
0.431
1.691
4.312
0.113
0.091
0.322
0.629
0.647
1.257
1.134
0.96
1.093
0.708
0.902
1.281
1.508
1.223
0.965
0.712
0.561
0.423
0.307
0.174
0.108
0.398
1.608
4.46
0.109
0.091
0.3
0.611
0.692
1.191
1.162
0.896
1.042
0.74
1.464
1.46
1.423
1.159
0.951
0.695
0.556
0.434
0.327
0.168
0.105
0.363
1.528
4.522
0.105
0.09
0.278
0.603
0.784
1.178
1.109
0.958
0.97
0.791
1.391
1.384
1.36
1.306
0.925
0.663
0.53
0.419
0.322
0.159
0.103
0.335
1.46
4.588
0.102
0.22
0.604
0.766
0.869
1.123
1.105
1.133
0.961
0.942
1.581
1.71
1.416
1.289
0.879
0.654
0.527
0.444
0.324
0.171
0.105
0.311
1.4
4.624
0.099
0.205
0.553
0.723
0.825
1.026
1.035
1.051
0.895
0.992
1.502
1.708
1.898
1.882
1.194
0.792
0.556
0.466
0.341
0.177
0.106
0.29
1.349
4.61
0.101
0.197
0.51
0.686
0.814
0.954
1.172
1.015
0.862
1.062
1.407
1.596
1.77
1.754
1.151
0.769
0.549
0.498
0.331
0.165
0.102
0.27
1.303
4.656
0.101
0.187
0.503
0.754
0.85
0.917
1.15
1.006
0.856
0.999
1.394
1.55
1.698
1.698
1.09
0.728
0.526
0.475
0.306
0.164
0.096
0.251
1.265
4.712
0.104
0.172
0.495
0.765
0.8
0.862
1.23
0.972
0.811
0.928
1.665
1.892
1.661
1.628
1.092
0.701
0.5
0.446
0.295
0.165
0.1
0.245
1.228
4.843
0.107
0.176
0.485
0.876
1.084
0.932
1.248
1.009
0.809
1.009
1.626
1.818
1.58
1.547
1.044
0.645
0.523
0.445
0.28
0.156
0.098
0.229
1.187
4.938
0.109
0.161
0.467
0.887
0.982
0.853
1.131
0.922
0.735
0.952
1.53
1.727
1.61
1.476
1.021
0.642
0.52
0.451
0.269
0.147
0.101
0.209
1.163
4.98
0.102
0.23
0.496
0.92
0.977
0.851
1.046
0.852
0.718
0.893
1.413
1.643
1.507
1.379
0.967
0.624
0.519
0.462
0.284
0.152
0.102
0.211
1.14
4.973
0.107
0.213
0.45
0.864
0.984
0.821
1.134
0.947
0.692
0.838
1.504
1.707
1.462
1.398
1.012
0.653
0.541
0.505
0.266
0.154
0.101
0.195
1.113
5.021
0.105
0.193
0.419
0.781
1.112
1.041
1.301
1.094
0.945
0.815
1.422
1.598
1.377
1.453
0.962
0.648
0.533
0.483
0.251
0.143
0.104
0.179
1.097
5.076
0.098
0.186
0.418
0.755
1.012
1.064
1.34
1.028
0.984
0.772
1.398
1.691
1.422
1.408
0.968
0.625
0.506
0.451
0.231
0.136
0.101
0.164
1.075
5.156
0.089
0.169
0.392
0.913
1.044
1.024
1.298
1.0
1.121
0.799
1.528
1.597
1.35
1.424
0.977
1.082
0.508
0.459
0.279
0.166
0.099
0.157
1.058
5.11
0.092
0.158
0.36
0.855
1.096
0.988
1.401
1.014
1.328
1.004
1.947
1.668
1.385
1.361
0.959
1.064
0.518
0.47
0.299
0.17
0.095
0.146
1.039
5.101
0.094
0.143
0.334
0.883
1.245
1.134
1.392
1.519
1.402
1.052
2.031
1.612
1.449
1.329
0.96
1.117
0.56
0.49
0.377
0.202
0.093
0.142
1.026
5.066
0.091
0.14
0.46
1.254
1.514
1.575
1.811
2.087
1.427
1.127
1.923
1.575
1.446
1.271
1.099
1.07
0.558
0.501
0.403
0.238
0.103
0.135
1.008
5.052
0.091
0.137
0.42
1.162
1.406
1.675
1.791
2.526
2.388
1.293
1.777
1.46
1.44
1.2
1.042
1.021
0.585
0.504
0.426
0.255
0.108
0.137
1.011
5.151
0.095
0.131
0.391
1.3
1.701
1.921
1.951
2.817
2.259
1.226
1.656
1.552
1.439
1.138
0.985
0.98
0.582
0.546
0.437
0.28
0.105
0.133
1.0
5.21
0.091
0.127
0.357
1.175
1.572
1.895
1.791
2.611
2.072
1.743
1.808
1.505
1.393
1.082
0.936
0.948
0.594
0.553
0.64
0.344
0.138
0.127
0.991
5.206
0.169
0.314
0.576
1.142
1.424
1.721
1.641
2.443
2.177
1.788
1.853
1.925
1.401
1.116
0.926
0.898
0.596
0.538
0.646
0.323
0.136
0.12
0.902
4.698
0.156
0.293
0.529
1.032
1.294
1.594
1.524
2.315
2.279
2.056
2.141
2.023
1.321
1.057
0.885
0.9
0.619
0.737
0.663
0.323
0.135
0.12
0.825
4.234
0.153
0.279
0.481
0.943
1.213
1.489
1.488
2.186
2.923
2.122
2.107
1.928
1.297
1.033
0.931
0.903
0.617
0.713
0.65
0.338
0.169
0.123
0.754
3.82
0.152
0.267
0.444
0.86
1.365
1.83
1.775
2.413
2.813
1.954
1.923
1.767
1.266
1.096
0.89
0.889
0.616
0.693
0.625
0.413
0.195
0.13
0.683
3.442
0.154
0.248
0.404
0.784
1.354
1.961
1.737
2.212
2.575
2.094
1.803
1.652
1.205
1.066
1.06
0.849
0.611
0.666
0.617
0.416
0.208
0.123
0.629
3.106
0.146
0.236
0.39
0.766
1.27
1.987
1.937
2.424
2.578
1.976
1.66
1.789
1.152
1.012
0.996
0.917
0.642
0.641
0.61
0.446
0.222
0.117
0.58
2.804
0.139
0.228
0.357
0.741
1.249
1.847
1.835
2.258
2.484
1.872
1.686
1.866
1.098
0.986
0.95
0.889
0.632
0.849
0.624
0.497
0.211
0.113
0.531
2.538
0.129
0.21
0.339
0.713
1.175
1.72
1.734
2.211
2.291
1.893
1.762
1.72
1.029
0.945
0.914
0.835
0.606
0.79
0.637
0.606
0.201
0.112
0.488
2.292
0.13
0.193
0.313
0.658
1.094
1.672
1.73
2.102
2.12
1.836
1.873
1.607
0.992
0.912
0.922
0.805
0.605
0.753
0.62
0.62
0.188
0.113
0.45
2.069
0.135
0.182
0.285
0.596
0.998
1.557
1.712
2.347
1.964
1.677
1.812
1.807
1.054
1.302
1.013
0.783
0.604
0.736
0.616
0.602
0.178
0.112
0.415
1.867
0.142
0.168
0.261
0.541
0.99
1.499
1.627
2.488
2.194
1.934
2.02
1.712
1.023
1.757
1.602
0.818
0.591
0.737
0.651
0.592
0.192
0.105
0.385
1.701
0.146
0.156
0.239
0.491
0.895
1.395
1.602
2.543
2.382
2.643
2.121
1.88
1.065
1.64
1.49
0.779
0.587
0.714
0.626
0.585
0.195
0.106
0.352
1.536
0.135
0.144
0.219
0.447
0.845
1.683
1.788
2.597
2.634
2.509
1.973
1.787
1.126
1.523
1.415
0.745
0.58
0.696
0.604
0.575
0.22
0.103
0.322
1.401
0.134
0.133
0.201
0.408
0.814
1.555
1.753
2.833
2.454
2.303
1.825
1.665
1.298
1.429
1.335
0.803
0.572
0.671
0.593
0.604
0.229
0.104
0.302
1.265
0.125
0.138
0.187
0.371
0.737
1.67
1.762
2.715
2.486
2.62
1.814
2.2
1.753
1.406
1.277
0.786
0.575
0.66
0.595
0.582
0.213
0.11
0.281
1.144
0.13
0.131
0.209
0.398
0.833
1.697
1.736
2.495
2.322
2.389
1.684
2.401
1.655
1.327
1.237
0.758
0.577
0.657
0.583
0.537
0.197
0.11
0.264
1.034
0.125
0.128
0.244
0.489
0.965
1.753
1.748
2.925
2.781
2.347
1.597
2.516
1.769
1.284
1.177
0.749
0.552
0.625
0.568
0.565
0.198
0.111
0.242
0.943
0.117
0.126
0.234
0.51
0.937
1.718
2.025
3.423
2.734
2.339
1.476
2.31
1.814
1.266
1.113
0.725
0.549
0.642
0.583
0.556
0.206
0.114
0.231
0.856
0.117
0.118
0.222
0.471
0.866
1.605
1.859
3.278
2.636
2.17
1.344
2.111
1.85
1.213
1.244
0.71
0.546
0.624
0.568
0.55
0.213
0.107
0.22
0.781
0.11
0.117
0.212
0.428
1.019
1.941
2.071
3.318
2.741
2.051
1.248
2.004
1.722
1.365
1.184
0.689
0.546
0.61
0.545
0.555
0.221
0.106
0.207
0.715
0.113
0.112
0.238
0.434
1.067
2.018
1.957
3.076
2.744
2.011
1.181
1.878
1.753
1.313
1.12
0.669
0.537
0.608
0.537
0.521
0.213
0.102
0.196
0.649
0.114
0.112
0.261
0.435
1.159
1.934
1.899
3.013
2.735
2.095
1.356
1.791
1.734
1.266
1.061
0.655
0.531
0.598
0.539
0.504
0.199
0.102
0.187
0.595
0.112
0.111
0.272
0.447
1.087
1.907
1.753
2.97
2.64
2.019
1.352
1.888
1.703
1.2
1.014
0.654
0.542
0.635
0.544
0.489
0.191
0.107
0.174
0.545
0.107
0.111
0.282
0.446
1.032
1.809
1.797
3.095
2.577
2.16
1.426
2.015
1.698
1.146
0.975
0.66
0.573
0.636
0.514
0.454
0.185
0.108
0.167
0.504
0.111
0.253
0.33
0.55
1.073
1.67
1.675
2.866
2.388
1.982
1.336
1.856
1.608
1.177
0.96
0.668
0.577
0.665
0.533
0.431
0.177
0.107
0.158
0.46
0.109
0.238
0.306
0.502
1.002
1.818
1.678
2.68
2.394
1.933
1.277
1.708
1.508
1.111
1.016
0.719
0.569
0.642
0.527
0.424
0.176
0.11
0.154
0.42
0.114
0.219
0.292
0.457
0.952
1.944
1.794
2.678
2.397
1.815
1.211
1.636
1.464
1.059
0.979
0.701
0.575
0.622
0.525
0.398
0.167
0.112
0.143
0.392
0.114
0.201
0.293
0.464
0.948
1.771
1.656
2.505
2.233
1.656
1.1
2.097
1.689
1.092
0.983
0.673
0.561
0.604
0.497
0.363
0.156
0.122
0.135
0.357
0.107
0.196
0.316
0.477
0.885
1.598
1.495
2.258
2.014
1.542
1.032
1.923
1.56
1.043
0.965
0.681
0.567
0.557
0.472
0.342
0.149
0.118
0.144
0.331
0.105
0.811
0.415
0.715
0.85
1.563
1.446
2.114
1.832
1.454
1.14
1.766
1.539
0.998
0.873
0.652
0.576
0.516
0.429
0.325
0.14
0.109
0.133
0.317
0.102
1.597
0.404
0.667
0.822
1.471
1.359
1.959
1.717
1.513
1.092
1.644
1.44
0.989
0.861
0.652
0.553
0.476
0.398
0.313
0.132
0.102
0.124
0.306
0.101
2.083
0.42
0.65
0.786
1.357
1.395
1.959
1.596
1.691
1.396
1.616
1.323
0.891
0.777
0.591
0.515
0.433
0.36
0.283
0.123
0.11
0.117
0.276
0.092
2.509
0.407
0.601
0.724
1.229
1.347
2.178
1.55
1.661
1.397
1.493
1.243
0.859
0.712
0.567
0.514
0.425
0.381
0.307
0.132
0.104
0.109
0.263
0.102
2.847
0.425
0.678
0.811
1.298
1.508
2.336
1.713
1.555
1.289
1.407
1.167
0.963
0.702
0.559
0.533
0.444
0.374
0.283
0.134
0.097
0.102
0.257
0.097
3.17
0.42
0.701
0.757
1.19
1.402
2.151
1.631
1.425
1.181
1.332
1.082
0.905
0.672
0.553
0.513
0.417
0.359
0.263
0.125
0.091
0.121
0.807
0.091
2.86
0.426
0.674
0.805
1.511
1.287
1.986
1.503
1.352
1.229
1.234
1.052
0.908
0.652
0.536
0.489
0.387
0.333
0.255
0.116
0.085
0.131
1.379
0.102
2.578
0.404
0.682
0.76
1.388
1.229
1.873
1.392
1.26
1.178
1.14
1.059
0.9
0.687
0.531
0.475
0.39
0.31
0.234
0.113
0.089
0.133
1.887
0.127
2.333
0.426
0.677
0.771
1.344
1.243
1.704
1.556
1.2
1.107
1.162
1.177
0.843
0.663
0.523
0.51
0.406
0.336
0.225
0.106
0.091
0.141
2.339
0.133
2.115
0.454
0.728
0.735
1.231
1.132
1.668
1.513
1.118
1.067
1.104
1.189
0.788
0.598
0.484
0.462
0.367
0.319
0.204
0.097
0.1
0.139
2.753
0.149
1.909
0.41
0.661
0.679
1.323
1.118
1.667
1.834
1.108
1.013
1.192
1.133
0.908
0.703
0.482
0.461
0.389
0.321
0.196
0.101
0.093
0.153
3.084
0.141
1.735
0.372
0.801
0.824
1.574
1.207
1.943
1.786
1.048
0.956
1.108
1.049
0.939
0.781
0.494
0.461
0.411
0.323
0.195
0.098
0.096
0.16
3.356
0.146
1.567
0.374
0.79
0.805
1.482
1.132
1.825
1.694
0.982
0.99
1.053
1.177
1.017
0.966
0.572
0.607
0.41
0.313
0.187
0.092
0.101
0.163
3.661
0.162
1.421
0.361
0.786
0.939
1.493
1.071
1.687
1.815
0.932
0.942
0.99
1.232
1.174
0.985
0.566
0.571
0.395
0.301
0.172
0.096
0.102
0.161
3.94
0.183
1.286
0.329
0.763
1.024
1.426
0.974
1.574
1.664
0.865
0.915
0.895
1.317
1.239
0.961
0.547
0.557
0.394
0.294
0.159
0.105
0.105
0.16
4.192
0.185
1.174
0.323
0.696
0.978
1.303
0.901
1.478
1.544
0.788
0.873
0.88
1.383
1.198
0.934
0.535
0.541
0.4
0.273
0.146
0.098
0.102
0.174
4.428
0.191
1.06
0.301
0.671
0.901
1.236
1.044
1.62
1.816
0.79
0.86
0.865
1.29
1.133
0.895
0.523
0.519
0.438
0.299
0.142
0.092
0.102
0.183
4.636
0.175
0.963
0.29
0.627
1.019
1.163
1.016
1.609
1.813
0.761
0.815
0.827
1.205
1.083
0.856
0.892
0.52
0.462
0.32
0.145
0.095
0.111
0.189
4.722
0.162
0.875
0.281
0.575
0.949
1.187
0.958
1.487
1.663
0.718
0.763
0.804
1.155
1.039
0.809
0.847
0.512
0.475
0.338
0.168
0.105
0.11
0.202
4.865
0.15
0.798
0.268
0.564
0.895
1.15
0.941
1.383
1.559
0.726
0.721
0.78
1.073
0.992
0.777
0.806
0.509
0.46
0.318
0.17
0.105
0.106
0.212
5.038
0.138
0.73
0.465
0.526
0.812
1.054
0.873
1.276
1.616
0.757
0.7
0.734
0.996
0.923
0.78
0.779
0.502
0.466
0.314
0.178
0.122
0.102
0.205
5.098
0.14
0.66
0.422
0.512
0.752
1.028
0.829
1.213
1.488
0.779
0.702
0.728
0.941
0.946
0.843
0.779
0.495
0.463
0.307
0.188
0.144
0.096
0.199
5.274
0.151
0.598
0.384
0.562
0.78
0.959
0.867
1.247
1.47
0.78
0.741
0.689
0.881
0.904
0.819
0.748
0.522
0.621
0.325
0.186
0.134
0.093
0.21
5.394
0.157
0.55
0.36
0.538
0.717
0.886
0.85
1.289
1.62
0.775
0.704
0.68
0.826
0.89
0.794
0.712
0.524
0.612
0.338
0.203
0.136
0.093
0.214
5.501
0.168
0.51
0.327
0.568
0.712
0.85
0.774
1.189
1.471
0.733
0.709
0.644
0.793
0.857
0.77
0.666
0.538
0.595
0.34
0.213
0.134
0.087
0.211
5.616
0.172
0.463
0.303
0.833
0.766
1.124
0.933
1.284
1.449
0.695
0.696
0.623
0.737
0.818
1.002
0.652
0.541
0.562
0.331
0.2
0.125
0.098
0.204
5.688
0.173
0.42
0.296
0.779
0.798
1.041
0.852
1.18
1.327
0.633
0.697
0.588
0.693
0.843
0.99
0.627
0.535
0.547
0.31
0.183
0.133
0.094
0.198
5.762
0.192
0.391
0.274
0.757
0.728
0.96
0.791
1.09
1.23
0.609
0.732
0.612
0.724
0.824
0.951
0.603
0.538
0.582
0.298
0.176
0.136
0.088
0.195
5.913
0.213
0.357
0.272
0.73
0.82
0.923
0.736
1.019
1.162
0.572
0.699
0.617
0.702
0.776
0.897
0.621
0.552
0.714
0.302
0.165
0.127
0.094
0.198
5.965
0.213
0.342
0.277
0.696
0.768
0.871
0.817
0.999
1.137
0.579
0.701
0.602
0.697
0.782
0.854
0.599
0.589
0.672
0.279
0.167
0.121
0.088
0.199
6.02
0.213
0.311
0.288
0.68
0.799
1.219
1.112
1.414
1.286
0.54
0.649
0.593
0.669
0.745
0.796
0.587
0.58
0.647
0.289
0.171
0.121
0.083
0.193
6.076
0.216
0.284
0.263
0.655
0.754
1.301
1.41
1.518
1.316
0.563
0.632
0.591
0.639
0.715
0.797
0.588
0.565
0.646
0.296
0.165
0.126
0.08
0.193
6.038
0.2
0.266
0.252
0.594
0.836
1.276
1.318
1.498
1.216
0.523
0.594
0.576
0.604
0.714
0.75
0.572
0.565
0.618
0.284
0.156
0.117
0.09
0.188
6.083
0.213
0.243
0.258
0.777
0.762
1.16
1.382
1.416
1.15
0.492
0.602
0.542
0.633
0.777
0.771
0.566
0.529
0.573
0.275
0.144
0.121
0.092
0.184
6.125
0.219
0.222
0.314
0.728
0.703
1.067
1.259
1.283
1.052
0.47
0.593
0.515
0.615
0.744
0.761
0.61
0.554
0.573
0.267
0.137
0.122
0.087
0.192
6.159
0.217
0.217
0.308
0.688
0.756
0.971
1.145
1.214
0.963
0.446
0.549
0.514
0.64
0.797
0.761
0.594
0.572
0.566
0.257
0.135
0.12
0.082
0.197
6.186
0.216
0.212
0.299
0.652
0.704
0.897
1.076
1.178
0.991
0.413
0.546
0.48
0.629
0.783
0.816
0.581
0.548
0.545
0.255
0.125
0.113
0.09
0.192
6.213
0.23
0.194
0.299
0.615
0.666
0.816
0.987
1.151
0.942
0.4
0.517
0.474
0.596
0.741
0.797
0.579
0.55
0.549
0.279
0.12
0.116
0.085
0.199
6.205
0.211
0.194
0.274
0.559
0.7
0.869
0.995
1.148
1.004
0.42
0.495
0.572
0.634
0.692
0.745
0.563
0.556
0.54
0.274
0.121
0.108
0.093
0.193
6.213
0.199
0.178
0.265
0.511
0.83
1.419
1.165
1.275
0.993
0.415
0.462
0.613
0.676
0.677
0.725
0.562
0.554
0.524
0.255
0.122
0.105
0.095
0.191
6.25
0.205
0.172
0.253
0.522
0.803
1.437
1.065
1.188
0.907
0.397
0.438
0.614
0.647
0.687
0.702
0.572
0.541
0.504
0.244
0.117
0.104
0.096
0.192
6.274
0.217
0.159
0.26
0.484
0.758
1.302
0.978
1.084
0.889
0.371
0.461
0.609
0.82
0.777
0.764
0.568
0.534
0.476
0.233
0.114
0.105
0.096
0.195
6.297
0.226
0.182
0.312
0.445
0.699
1.187
0.89
0.998
0.809
0.349
0.432
0.558
0.76
0.709
0.753
0.654
0.573
0.511
0.25
0.112
0.1
0.104
0.192
6.286
0.233
0.173
0.319
0.432
0.654
1.145
1.118
1.017
1.068
0.36
0.453
0.538
0.781
0.696
0.75
0.629
0.542
0.47
0.241
0.105
0.107
0.098
0.198
6.307
0.242
0.163
0.492
0.432
0.598
1.051
1.175
1.025
1.052
0.36
0.55
0.557
0.761
0.69
0.864
0.618
0.54
0.472
0.254
0.116
0.106
0.102
0.194
6.302
0.222
0.165
0.447
0.483
0.922
1.319
1.13
0.954
0.969
0.347
0.745
0.616
0.819
0.745
0.818
0.676
0.532
0.456
0.253
0.111
0.104
0.102
0.188
5.677
0.213
0.155
0.413
0.484
0.879
1.362
1.225
1.064
1.126
0.343
0.716
0.579
0.775
0.722
0.778
0.665
0.554
0.467
0.267
0.109
0.108
0.096
0.186
5.113
0.207
0.165
0.387
0.515
0.8
1.248
1.124
1.128
1.155
0.37
0.695
0.548
0.871
0.739
0.767
0.656
0.526
0.461
0.268
0.125
0.113
0.09
0.182
4.613
0.19
0.166
0.405
0.49
0.767
1.866
1.615
1.161
1.401
0.71
0.966
0.809
0.879
0.713
0.743
0.682
0.518
0.465
0.265
0.138
0.118
0.115
0.183
4.171
0.183
0.155
0.376
0.513
0.779
1.722
1.566
1.098
1.289
0.656
0.912
0.759
0.826
0.675
0.731
0.703
0.534
0.448
0.254
0.128
0.123
0.113
0.17
3.773
0.168
0.153
0.372
0.471
0.744
1.827
1.826
1.04
1.215
0.964
1.106
0.751
0.878
0.677
0.77
0.706
0.571
0.438
0.249
0.135
0.118
0.106
0.173
3.895
0.339
0.157
0.503
0.533
0.9
1.747
1.695
1.026
1.161
0.886
1.224
0.74
0.845
0.653
0.755
0.693
0.61
0.464
0.275
0.144
0.111
0.116
0.166
4.0
0.374
0.15
0.46
0.526
0.84
1.592
1.701
1.049
1.074
1.142
1.207
0.843
0.846
0.609
1.089
0.903
0.65
0.492
0.282
0.147
0.13
0.123
0.153
4.104
0.491
0.139
0.449
0.496
0.82
1.46
1.54
0.962
1.006
1.057
1.112
0.791
0.844
0.641
1.045
0.862
0.661
0.475
0.288
0.138
0.129
0.127
0.141
4.199
0.631
0.129
0.443
0.46
1.007
1.488
1.502
0.992
0.938
1.058
1.08
0.847
0.822
0.625
1.053
0.851
0.635
0.471
0.276
0.132
0.135
0.118
0.142
4.283
0.751
0.138
0.47
0.476
1.209
1.443
1.385
0.934
0.889
1.072
1.051
0.834
0.823
0.706
1.16
0.829
0.61
0.448
0.269
0.125
0.134
0.12
0.132
4.354
0.858
0.136
0.438
0.468
1.112
1.312
1.307
0.917
0.858
1.075
0.954
0.867
0.876
0.697
1.185
0.837
0.6
0.422
0.266
0.117
0.137
0.118
0.128
4.419
0.957
0.158
0.456
0.466
1.035
1.19
1.199
0.876
0.845
1.038
0.898
1.259
0.986
0.918
1.203
0.856
0.642
0.425
0.257
0.12
0.132
0.118
0.127
4.474
1.041
0.146
0.474
0.457
0.968
1.089
1.086
0.811
0.768
0.951
0.821
1.145
0.905
0.833
1.105
0.777
0.596
0.395
0.242
0.126
0.126
0.127
0.123
4.042
0.952
0.138
0.45
0.419
0.885
0.996
0.983
0.752
0.697
0.876
0.748
1.045
0.828
0.76
1.013
0.706
0.558
0.363
0.232
0.127
0.122
0.134
0.117
3.66
0.864
0.139
0.419
0.384
0.818
0.902
0.902
0.688
0.64
0.805
0.681
0.959
0.752
0.706
0.918
0.655
0.511
0.342
0.222
0.124
0.128
0.127
0.128
3.301
0.796
0.135
0.388
0.363
0.742
0.832
0.821
0.631
0.592
0.73
0.634
0.87
0.694
0.647
0.833
0.611
0.466
0.323
0.215
0.118
0.136
0.123
0.122
2.994
0.722
0.13
0.373
0.333
0.676
0.772
0.745
0.575
0.557
0.664
0.578
0.807
0.631
0.589
0.774
0.559
0.426
0.311
0.206
0.113
0.138
0.128
0.116
2.701
0.674
0.126
0.342
0.312
0.63
0.701
0.677
0.536
0.517
0.604
0.53
0.748
0.569
0.53
0.711
0.511
0.384
0.281
0.203
0.104
0.124
0.119
0.122
2.434
0.607
0.113
0.326
0.287
0.567
0.631
0.622
0.493
0.466
0.544
0.494
0.678
0.512
0.486
0.653
0.46
0.345
0.271
0.187
0.094
0.118
0.122
0.11
2.19
0.558
0.112
0.293
0.258
0.526
0.574
0.56
0.448
0.437
0.489
0.445
0.626
0.466
0.438
0.602
0.419
0.312
0.256
0.178
0.085
0.112
0.124
0.1
1.972
0.52
0.104
0.264
0.242
0.485
0.518
0.508
0.419
0.394
0.446
0.415
0.564
0.424
0.408
0.543
0.382
0.295
0.231
0.163
0.093
0.101
0.111
0.107
1.78
0.468
0.101
0.251
0.218
0.436
0.483
0.46
0.377
0.371
0.405
0.374
0.525
0.383
0.37
0.505
0.345
0.27
0.225
0.148
0.084
0.109
0.1
0.097
1.62
0.422
0.091
0.243
0.197
0.393
0.452
0.415
0.374
0.806
0.914
0.369
0.499
0.372
0.363
0.489
0.363
0.281
0.236
0.145
0.079
0.119
0.094
0.097
1.96
0.489
0.098
0.226
0.227
0.423
0.492
0.436
0.397
0.79
0.854
0.379
0.654
0.374
0.384
0.515
0.425
0.321
0.268
0.164
0.081
0.123
0.091
0.105
2.256
0.582
0.093
0.221
0.244
0.605
0.588
0.422
0.373
0.811
0.791
0.497
0.63
0.391
0.368
0.521
0.42
0.33
0.273
0.18
0.076
0.128
0.089
0.107
2.523
0.709
0.099
0.228
0.25
0.575
0.692
0.441
0.364
0.74
0.761
0.471
0.679
0.389
0.455
0.719
0.56
0.553
0.332
0.192
0.101
0.134
0.11
0.109
2.763
0.758
0.104
0.256
0.259
0.529
0.752
0.41
0.366
0.939
0.72
0.437
0.662
0.389
0.44
0.682
0.551
0.538
0.338
0.201
0.116
0.137
0.125
0.104
3.002
0.804
0.111
0.264
0.286
0.488
0.698
0.549
0.366
0.959
0.665
0.524
0.75
0.398
0.411
0.671
0.526
0.513
0.36
0.207
0.143
0.133
0.126
0.107
3.201
0.853
0.106
0.256
0.286
0.508
0.667
0.754
0.347
0.869
0.616
0.479
0.734
0.367
0.381
0.62
0.478
0.477
0.336
0.194
0.146
0.125
0.129
0.741
2.934
0.784
0.1
0.248
0.263
0.472
0.61
0.719
0.427
0.884
0.67
0.56
0.702
0.354
0.381
0.621
0.466
0.47
0.341
0.191
0.147
0.123
0.126
1.312
2.689
0.72
0.122
0.395
0.274
0.45
0.582
0.679
0.4
0.857
0.643
0.558
0.711
0.469
0.414
0.621
0.458
0.459
0.342
0.178
0.146
0.124
0.119
1.687
2.609
0.659
0.152
0.404
0.295
0.459
0.565
0.835
0.389
0.789
0.647
0.69
0.764
0.465
0.406
0.598
0.458
0.456
0.335
0.179
0.142
0.122
0.123
2.011
2.543
0.601
0.171
0.416
0.35
0.449
0.523
0.79
0.383
0.733
0.63
0.708
0.72
0.448
0.407
0.584
0.492
0.511
0.36
0.205
0.156
0.123
0.117
2.322
2.477
0.557
0.181
0.462
0.363
0.413
0.493
0.726
0.36
0.681
0.577
0.658
0.666
0.447
0.411
0.562
0.477
0.518
0.353
0.217
0.152
0.12
0.123
2.582
2.411
0.511
0.175
0.43
0.399
0.42
0.476
0.835
0.707
0.752
0.546
0.636
0.66
0.407
0.406
0.565
1.002
0.633
0.37
0.228
0.176
0.138
0.138
2.833
2.368
0.472
0.166
0.433
0.414
0.658
0.66
1.074
0.928
0.737
0.534
0.613
0.615
0.397
0.39
0.623
0.957
0.605
0.35
0.222
0.166
0.144
0.136
3.059
2.332
0.429
0.192
0.437
0.39
0.636
0.608
0.988
1.0
0.73
0.53
0.581
0.648
0.376
0.48
0.798
0.965
0.634
0.343
0.277
0.236
0.147
0.128
3.265
2.222
0.394
0.194
0.401
0.395
0.589
0.567
0.939
1.189
0.874
0.62
0.632
1.325
0.419
0.487
0.915
0.936
0.636
0.364
0.3
0.235
0.159
0.121
3.452
2.046
0.381
0.207
0.38
0.475
0.582
0.522
0.894
1.083
0.909
0.682
0.677
1.324
0.457
0.449
0.98
1.019
0.644
0.404
0.339
0.243
0.177
0.141
3.631
1.914
0.379
0.252
0.388
0.478
0.55
0.509
0.996
1.01
0.86
0.764
0.627
1.436
0.425
0.448
1.013
0.971
0.64
0.421
0.344
0.247
0.169
0.144
3.775
1.764
0.347
0.438
0.376
0.476
0.626
0.519
0.916
1.059
0.798
0.721
0.595
1.406
0.417
0.427
0.94
0.924
0.621
0.45
0.359
0.261
0.184
0.162
3.921
1.732
0.333
0.399
0.378
0.453
0.643
0.624
1.076
1.056
0.923
0.756
0.563
1.304
0.398
0.413
0.978
0.898
0.591
0.447
0.354
0.272
0.202
0.168
4.049
1.628
0.32
0.366
0.362
0.458
0.621
0.585
0.98
0.978
0.843
0.749
0.54
1.204
0.392
0.403
0.921
0.863
0.587
0.448
0.344
0.26
0.192
0.168
4.151
1.669
0.294
0.35
0.354
0.485
0.604
0.69
0.908
0.906
0.793
0.747
0.519
1.096
0.38
0.378
0.865
0.814
0.571
0.441
0.35
0.267
0.212
0.168
4.256
1.691
0.286
0.349
0.368
0.558
0.68
0.643
0.86
0.835
0.729
0.716
0.749
1.091
0.373
0.365
0.833
0.773
0.562
0.428
0.327
0.258
0.198
0.172
4.338
1.62
0.262
0.369
0.348
0.641
0.649
0.734
0.873
0.837
0.693
0.734
0.73
1.11
0.843
0.456
0.817
0.798
0.569
0.408
0.323
0.236
0.199
0.159
4.43
1.585
0.246
0.367
0.372
0.744
0.686
0.726
0.836
0.802
0.646
0.865
0.843
1.06
0.832
0.464
0.865
0.939
0.558
0.412
0.337
0.264
0.202
0.165
4.495
1.54
0.229
0.353
0.646
0.697
0.627
0.676
0.766
0.782
0.615
0.791
0.783
0.997
0.797
0.437
0.81
0.879
0.544
0.409
0.343
0.251
0.203
0.152
4.567
1.459
0.228
0.321
0.627
0.646
0.591
0.643
0.718
0.732
0.58
0.744
0.769
0.922
0.752
0.407
0.759
0.93
0.601
0.412
0.34
0.232
0.202
0.147
4.627
1.472
0.218
0.3
0.577
0.618
0.59
0.599
0.661
0.682
0.546
0.741
0.714
0.891
0.713
0.418
0.725
0.89
0.58
0.427
0.338
0.23
0.185
0.153
4.668
1.435
0.2
0.289
0.525
0.737
0.573
0.712
0.639
0.692
0.516
0.69
0.654
0.837
0.751
0.456
0.684
0.859
0.603
0.455
0.344
0.26
0.171
0.16
4.704
1.496
0.187
0.294
0.525
0.696
0.535
0.687
0.609
0.646
0.528
0.683
0.605
0.841
0.949
0.672
0.685
0.835
0.572
0.457
0.316
0.252
0.164
0.157
4.752
1.542
0.189
0.303
0.51
0.659
0.534
0.721
0.583
0.646
0.524
0.671
0.633
0.87
0.881
0.654
0.626
0.768
0.525
0.426
0.297
0.238
0.163
0.149
4.795
1.576
0.191
0.279
0.476
0.636
0.512
0.731
0.691
0.606
0.524
0.693
0.799
0.9
0.825
0.725
0.604
0.914
0.52
0.424
0.283
0.225
0.166
0.14
4.837
1.609
0.188
0.291
0.606
0.616
0.584
0.717
0.653
0.705
0.719
0.849
0.936
1.056
0.992
0.9
0.779
1.083
0.744
0.66
0.523
0.236
0.172
0.142
4.861
1.534
0.184
0.324
0.645
0.728
0.757
0.864
0.976
1.141
0.994
1.206
1.267
1.104
0.957
0.968
0.972
1.118
0.744
0.688
0.541
0.237
0.164
0.151
4.889
1.589
0.178
0.345
0.937
1.19
1.26
0.977
0.912
1.463
0.955
1.105
1.158
1.016
0.876
0.896
0.889
1.103
0.741
0.724
0.573
0.255
0.169
0.147
4.925
1.627
0.184
0.362
0.9
1.25
1.21
1.103
0.897
1.419
0.888
1.037
1.082
0.945
0.822
0.862
0.847
1.057
0.714
0.783
0.527
0.25
0.164
0.153
4.962
1.565
0.18
0.342
0.878
1.149
1.137
1.176
0.964
1.429
0.849
1.0
0.998
0.89
0.791
0.821
0.844
1.02
0.702
0.738
0.503
0.232
0.169
0.157
4.977
1.53
0.166
0.344
0.824
1.128
1.181
1.076
0.891
1.298
0.819
0.922
0.951
0.841
0.766
0.792
0.786
0.953
0.662
0.681
0.472
0.218
0.175
0.146
4.999
1.575
0.161
0.364
0.752
1.037
1.156
1.063
0.928
1.193
0.763
1.357
0.894
0.798
0.745
0.768
0.744
0.923
0.628
0.653
0.431
0.216
0.168
0.146
5.01
1.577
0.166
0.338
0.725
0.946
1.06
0.991
0.863
1.129
0.713
1.477
0.825
0.749
0.715
0.721
0.704
0.864
0.619
0.623
0.418
0.227
0.184
0.153
5.036
1.615
0.172
0.31
0.669
0.894
1.004
1.291
1.068
1.238
0.875
1.418
0.793
0.749
0.667
0.679
0.669
0.801
0.593
0.587
0.399
0.213
0.188
0.145
5.053
1.645
0.178
0.299
0.644
0.84
0.995
1.373
1.02
1.146
0.805
1.304
0.722
0.755
0.819
0.652
0.623
0.754
0.872
0.592
0.394
0.22
0.204
0.149
5.066
1.672
0.179
0.311
0.604
0.796
0.923
1.309
0.941
1.055
0.766
1.233
0.784
0.693
0.918
0.629
0.596
0.717
0.805
0.553
0.37
0.212
0.207
0.139
5.084
1.705
0.172
0.302
0.578
0.748
0.899
1.23
0.879
0.993
0.732
1.181
0.846
0.649
0.906
0.596
0.57
0.679
0.759
0.534
0.35
0.225
0.197
0.137
5.092
1.724
0.178
0.282
0.56
0.692
0.822
1.159
0.825
1.043
0.707
1.108
0.914
0.612
0.855
0.599
0.536
0.652
0.706
0.509
0.325
0.218
0.194
0.131
5.108
1.744
0.178
0.277
0.537
0.744
0.759
1.102
0.758
0.961
0.684
1.04
0.871
0.579
0.845
0.573
0.523
0.624
0.714
0.503
0.326
0.239
0.204
0.153
5.139
1.766
0.186
0.291
0.514
0.745
0.729
1.086
0.725
0.896
0.762
0.982
0.811
0.557
0.796
0.552
0.641
0.616
0.683
0.494
0.327
0.248
0.221
0.154
5.074
1.858
0.189
0.293
0.502
0.696
0.877
1.01
1.012
1.194
0.759
0.924
0.759
0.528
0.752
0.54
0.603
0.591
0.654
0.485
0.322
0.246
0.213
0.152
5.016
1.96
0.186
0.301
0.565
0.694
0.867
0.92
0.939
1.089
0.71
0.847
0.964
1.162
0.786
0.526
0.686
0.568
0.623
0.47
0.308
0.237
0.212
0.149
4.962
2.038
0.19
0.293
0.541
0.719
0.894
0.946
0.872
1.006
0.667
0.883
0.898
1.093
0.736
0.515
0.648
0.548
0.591
0.461
0.304
0.244
0.206
0.147
4.917
2.109
0.193
0.277
0.557
0.669
0.841
0.881
0.843
0.955
0.619
1.025
0.829
1.007
0.704
0.52
0.644
0.517
0.57
0.428
0.299
0.231
0.205
0.147
4.863
2.178
0.182
0.297
0.527
0.734
0.924
0.974
0.8
0.893
0.576
0.966
0.782
0.955
0.658
0.507
0.604
0.495
0.543
0.424
0.296
0.248
0.191
0.155
4.813
2.242
0.18
0.303
0.518
0.675
0.859
0.904
0.763
0.827
0.578
1.135
0.759
0.885
0.655
0.49
0.591
0.473
0.524
0.417
0.296
0.263
0.182
0.164
4.773
2.297
0.179
0.311
0.54
0.745
0.923
0.897
0.781
0.777
0.574
1.075
0.688
0.816
0.643
0.469
0.696
0.465
0.502
0.427
0.28
0.252
0.179
0.158
4.747
2.335
0.183
0.313
0.56
0.827
0.854
0.853
0.819
0.725
0.573
0.979
1.39
0.899
0.659
0.458
0.647
0.458
0.485
0.436
0.276
0.232
0.184
0.156
4.502
2.15
0.17
0.47
0.767
1.026
1.127
1.069
1.266
0.928
0.551
0.902
1.287
0.845
0.66
0.59
0.617
0.44
0.481
0.805
0.559
0.231
0.169
0.16
4.067
1.941
0.176
0.431
0.729
0.958
1.023
1.008
1.184
0.844
0.524
0.884
1.204
0.819
0.63
0.556
0.592
0.425
0.466
1.161
0.802
0.225
0.172
0.147
3.681
1.765
0.162
0.421
0.684
1.043
1.069
1.042
1.191
1.025
0.622
0.905
1.43
0.777
0.589
0.537
0.558
0.41
0.458
1.473
1.043
0.243
0.18
0.145
3.336
1.595
0.161
0.421
0.652
0.991
1.046
0.971
1.132
0.974
0.584
1.07
1.461
0.907
0.629
0.509
0.539
0.414
0.451
1.748
1.247
0.242
0.174
0.144
3.025
1.441
0.163
0.481
0.624
1.054
0.965
0.909
1.048
0.89
0.562
0.992
1.365
0.927
0.603
0.504
0.516
0.421
0.472
1.997
1.443
0.226
0.181
0.145
2.735
1.32
0.154
0.471
0.619
0.976
0.997
0.862
0.962
0.868
0.532
0.906
1.274
0.901
0.562
0.493
0.5
0.429
0.467
1.842
1.326
0.246
0.199
0.156
2.485
1.201
0.152
0.448
0.735
0.995
1.247
0.839
1.173
1.06
0.518
0.844
1.157
0.858
0.559
0.447
0.476
0.421
0.452
1.696
1.212
0.233
0.202
0.147
2.255
1.102
0.14
0.424
0.678
0.925
1.176
0.864
1.232
1.011
0.477
0.773
1.065
0.778
0.522
0.422
0.433
0.403
0.42
1.536
1.115
0.219
0.196
0.156
2.036
1.008
0.15
0.386
0.627
0.855
1.087
1.061
1.234
1.034
0.462
0.735
1.002
0.742
0.553
0.425
0.431
0.405
0.422
1.408
1.02
0.226
0.202
0.151
1.847
0.932
0.156
0.377
0.602
0.935
1.056
0.988
1.143
1.263
0.832
1.029
1.113
0.694
0.533
0.421
0.417
0.395
0.416
1.28
0.932
0.227
0.191
0.149
1.686
0.849
0.152
0.382
0.741
0.955
1.052
0.924
1.189
1.155
0.774
1.021
1.057
0.686
0.584
0.464
0.403
0.384
0.415
1.185
0.858
0.243
0.196
0.145
1.522
0.788
0.16
0.373
0.862
1.137
1.045
0.991
1.197
1.081
0.832
0.999
1.022
1.039
0.606
0.474
0.381
0.396
0.414
1.103
0.791
0.241
0.199
0.137
1.381
0.732
0.161
0.528
1.119
1.091
0.95
0.918
1.136
1.002
0.797
0.919
1.081
1.179
0.672
0.463
0.385
0.419
0.455
1.039
0.741
0.246
0.208
0.383
1.269
0.677
0.168
0.498
1.055
1.118
1.109
0.943
1.052
0.942
0.83
0.906
1.037
1.087
0.646
0.445
0.375
0.406
0.438
0.964
0.695
0.25
0.216
0.964
1.272
0.638
0.18
0.476
0.977
1.034
1.027
0.877
0.975
1.006
1.323
0.915
1.025
1.195
0.823
0.666
0.431
0.4
0.427
0.873
0.648
0.244
0.202
1.233
1.167
0.579
0.182
0.463
0.897
0.979
0.945
0.804
0.988
1.089
1.275
1.037
1.089
1.203
0.807
0.649
0.413
0.402
0.422
0.802
0.607
0.236
0.192
1.723
1.159
0.538
0.184
0.435
0.914
0.948
1.055
0.793
0.987
1.041
1.17
1.163
1.106
1.131
0.774
0.621
0.412
0.396
0.412
0.754
0.57
0.223
0.191
2.163
1.147
0.508
0.178
0.429
0.852
0.896
0.966
0.805
0.939
0.962
1.072
1.103
1.037
1.081
0.727
0.594
0.411
0.403
0.418
0.706
0.522
0.226
0.186
2.555
1.156
0.469
0.174
0.409
0.809
0.847
0.973
0.87
0.901
0.963
1.241
1.299
1.095
1.028
0.683
0.566
0.409
0.423
0.405
0.68
0.495
0.227
0.183
2.898
1.163
0.441
0.165
0.409
0.784
0.784
0.889
0.812
0.855
0.962
1.154
1.29
1.054
1.004
0.666
0.548
0.406
0.449
0.405
0.657
0.471
0.223
0.177
3.227
1.169
0.407
0.173
0.396
1.176
0.882
0.926
0.84
0.806
0.905
1.062
1.21
1.0
0.942
0.626
0.516
0.399
0.617
0.403
0.633
0.437
0.217
0.183
3.516
1.165
0.39
0.164
0.375
1.081
1.068
1.081
1.113
0.943
1.076
1.13
1.131
0.939
0.905
0.599
0.493
0.37
0.576
0.387
0.587
0.405
0.218
0.176
3.772
1.171
0.358
0.169
0.354
0.984
0.984
0.985
1.017
0.872
0.973
1.041
1.033
0.858
0.838
1.24
0.481
0.882
0.655
0.363
0.556
0.388
0.215
0.168
4.008
1.141
0.326
0.175
0.388
0.911
1.004
0.924
0.956
0.842
0.915
1.045
0.971
0.809
0.79
1.209
0.462
0.829
0.626
0.347
0.528
0.373
0.205
0.165
4.219
1.135
0.304
0.181
0.395
0.84
0.926
0.86
0.904
0.822
0.845
0.972
0.941
0.77
0.879
1.116
0.695
0.783
0.6
0.348
0.507
0.36
0.209
0.169
4.396
1.141
0.294
0.189
0.389
0.795
0.859
0.805
0.856
0.855
0.796
0.904
1.154
0.735
0.836
1.048
0.663
0.738
0.584
0.353
0.494
0.339
0.199
0.176
4.567
1.13
0.284
0.206
0.405
0.83
0.783
0.763
0.87
0.84
0.76
0.842
1.087
0.715
0.794
0.978
0.663
0.775
0.622
0.429
0.557
0.34
0.2
0.165
4.735
1.143
0.279
0.19
0.387
0.817
0.734
0.704
0.825
0.786
0.727
0.787
1.015
0.672
1.152
0.934
0.623
0.744
0.617
0.457
0.528
0.317
0.209
0.187
4.866
1.141
0.275
0.194
0.374
0.777
0.807
0.981
1.022
0.798
0.692
0.73
0.934
0.634
1.066
0.864
0.575
0.699
0.583
0.42
0.504
0.314
0.198
0.196
5.002
1.079
0.27
0.208
0.372
0.712
0.753
0.911
0.948
0.734
0.641
0.685
0.869
0.584
0.981
0.806
0.544
0.638
0.552
0.406
0.471
0.3
0.206
0.204
5.041
0.996
0.271
0.215
0.346
0.661
0.705
0.844
0.862
0.689
0.605
0.64
0.791
0.554
0.911
0.755
0.507
0.591
0.525
0.394
0.446
0.28
0.214
0.212
5.069
0.936
0.264
0.222
0.34
0.616
0.645
0.788
0.803
0.648
0.563
0.59
0.74
0.526
0.829
0.705
0.484
0.56
0.481
0.38
0.43
0.28
0.217
0.2
5.074
0.923
0.261
0.209
0.334
0.582
0.608
0.723
0.74
0.611
0.535
0.548
0.682
0.501
0.773
0.662
0.453
0.519
0.461
0.37
0.415
0.263
0.217
0.208
5.07
0.916
0.249
0.216
0.328
0.545
0.578
0.754
0.697
0.577
0.504
0.502
0.642
0.479
0.723
0.607
0.431
0.495
0.443
0.358
0.382
0.264
0.224
0.212
5.04
0.921
0.252
0.216
0.306
0.518
0.548
0.691
0.649
0.548
0.482
0.463
0.6
0.459
0.679
0.57
0.397
0.474
0.427
0.35
0.369
0.246
0.228
0.219
5.021
0.912
0.254
0.222
0.304
0.479
0.512
0.649
0.611
0.504
0.456
0.444
0.568
0.434
0.622
0.541
0.385
0.443
0.401
0.343
0.36
0.243
0.216
0.225
5.022
0.923
0.242
0.217
0.301
0.459
0.484
0.592
0.576
0.481
0.438
0.413
0.529
0.418
0.588
0.501
0.364
0.427
0.389
0.324
0.342
0.247
0.223
0.229
5.016
0.915
0.246
0.223
0.293
0.422
0.462
0.561
0.541
0.442
0.42
0.399
0.502
0.385
0.553
0.479
0.355
0.407
0.359
0.317
0.336
0.245
0.209
0.232
5.035
0.9
0.24
0.21
0.304
0.414
0.465
0.536
0.516
0.436
0.507
0.646
0.498
0.384
0.551
0.468
0.356
0.402
0.36
0.304
0.336
0.259
0.226
0.241
5.148
0.895
0.238
0.211
0.309
0.396
0.557
0.522
0.492
0.479
0.524
0.59
0.509
0.374
0.52
0.47
0.364
0.413
0.38
0.32
0.351
0.263
0.228
0.242
5.252
0.841
0.238
0.212
0.283
0.373
0.538
0.514
0.565
0.458
0.519
0.564
0.493
0.397
0.698
0.455
0.331
0.391
0.366
0.311
0.339
0.26
0.228
0.221
5.334
0.877
0.237
0.214
0.26
0.354
0.507
0.485
0.515
0.539
0.514
0.547
0.556
0.407
0.723
0.457
0.316
0.365
0.366
0.32
0.332
0.256
0.227
0.208
5.406
0.911
0.236
0.215
0.248
0.347
0.627
0.745
0.808
0.848
0.767
0.63
0.543
0.424
0.697
0.453
0.322
0.357
0.366
0.327
0.324
0.253
0.226
0.191
5.473
0.941
0.235
0.215
0.228
0.37
0.6
0.832
0.761
0.791
0.842
0.609
0.535
0.472
0.74
0.45
0.33
0.339
0.375
0.345
0.33
0.251
0.226
0.195
5.545
0.968
0.215
0.21
0.228
0.356
0.669
0.839
0.778
0.785
0.792
0.616
0.638
0.519
0.777
0.457
0.3
0.323
0.36
0.333
0.315
0.23
0.223
0.198
5.598
0.914
0.21
0.211
0.228
0.368
0.636
0.792
0.728
0.938
0.988
0.802
0.909
0.563
0.791
0.502
0.323
0.349
0.366
0.344
0.329
0.229
0.206
0.198
5.656
0.945
0.213
0.212
0.263
0.402
0.722
0.743
0.791
0.896
0.942
0.734
0.842
0.658
0.749
0.581
0.344
0.361
0.728
0.353
0.306
0.217
0.207
0.2
5.705
0.971
0.195
0.201
0.256
0.411
0.826
0.717
0.815
0.908
0.87
0.683
0.834
0.641
0.805
0.669
0.452
0.36
0.692
0.356
0.347
0.228
0.192
0.199
5.757
0.997
0.198
0.204
0.253
0.486
0.807
0.707
0.902
1.099
0.959
0.901
1.079
0.704
1.144
0.647
0.486
0.35
0.752
0.455
0.441
0.272
0.197
0.209
5.793
1.003
0.203
0.206
0.25
0.459
0.766
0.976
1.114
1.357
1.1
1.235
1.262
0.745
1.311
0.641
0.475
0.357
0.734
0.627
0.462
0.301
0.198
0.202
5.824
1.03
0.207
0.208
0.247
0.459
0.722
1.191
1.071
1.263
1.044
1.156
1.193
0.708
1.359
0.663
0.486
0.38
0.733
0.701
0.499
0.313
0.21
0.208
5.858
1.038
0.197
0.211
0.245
0.463
0.688
1.133
1.121
1.166
0.963
1.335
1.238
0.67
1.36
0.633
0.483
0.378
0.697
0.679
0.501
0.312
0.215
0.212
5.879
1.039
0.2
0.213
0.244
0.475
0.676
1.093
1.272
1.152
1.011
1.432
1.347
1.067
1.311
0.663
0.526
0.379
0.672
0.672
0.51
0.315
0.218
0.215
5.902
1.045
0.187
0.215
0.242
0.482
0.908
1.423
1.246
1.097
1.074
1.56
1.437
1.363
1.233
0.618
0.509
0.378
0.674
0.681
0.525
0.335
0.243
0.241
5.95
1.085
0.199
0.232
0.265
0.508
0.852
1.506
1.248
1.022
1.051
1.628
1.445
1.288
1.213
0.586
0.481
0.362
0.619
0.622
0.495
0.324
0.241
0.239
5.958
1.079
0.201
0.231
0.26
0.462
0.78
1.41
1.171
0.947
0.961
1.54
1.334
1.187
1.145
0.568
0.473
0.368
0.606
0.61
0.5
0.325
0.242
0.241
5.98
1.093
0.192
0.218
0.258
0.439
0.754
1.368
1.423
1.518
1.329
1.466
1.288
1.147
1.078
0.553
0.539
0.368
0.596
0.609
0.517
0.349
0.243
0.234
5.999
1.106
0.197
0.22
0.256
0.429
0.724
1.259
1.511
1.433
1.284
1.472
1.437
1.093
1.191
0.585
0.523
0.37
0.576
0.596
0.524
0.358
0.246
0.235
6.019
1.108
0.182
0.223
0.261
0.434
0.704
1.259
1.393
1.341
1.194
1.447
1.31
0.992
1.233
0.563
0.651
0.369
0.557
0.597
0.52
0.369
0.259
0.237
6.034
1.104
0.187
0.225
0.259
0.439
0.747
1.356
1.589
1.357
1.346
1.346
1.23
1.337
1.151
0.647
0.656
0.387
0.589
0.586
0.523
0.393
0.265
0.242
6.047
1.107
0.181
0.226
0.255
0.446
0.704
1.259
1.505
1.507
1.659
1.619
1.361
1.326
1.166
0.64
0.631
0.379
0.561
0.589
0.533
0.384
0.264
0.242
6.046
1.104
0.188
0.228
0.253
0.471
0.694
1.277
1.439
1.457
1.594
1.573
1.308
1.291
1.103
0.654
0.627
0.513
0.596
0.594
0.547
0.395
0.264
0.244
6.044
1.106
0.195
0.23
0.251
0.448
0.667
1.228
1.645
1.752
1.596
1.471
1.404
1.23
1.159
0.623
0.59
0.485
0.559
0.557
0.505
0.364
0.26
0.242
6.057
1.106
0.185
0.23
0.249
0.425
0.616
1.11
1.53
1.69
1.558
1.598
1.6
1.136
1.086
0.588
0.568
0.473
0.543
0.564
0.524
0.373
0.298
0.28
6.086
1.107
0.189
0.23
0.246
0.447
0.598
1.16
1.411
1.545
1.421
1.456
1.946
1.171
1.018
0.601
0.557
0.586
0.53
0.555
0.529
0.383
0.293
0.271
6.08
1.114
0.193
0.23
0.273
0.441
0.575
1.183
1.335
1.45
1.386
1.511
1.853
1.34
1.04
0.591
0.545
0.569
0.578
0.553
0.532
0.362
0.272
0.269
6.089
1.127
0.198
0.318
0.268
0.434
0.617
1.1
1.245
1.453
1.297
1.408
1.708
1.381
1.062
0.57
0.697
0.559
0.575
0.591
0.536
0.34
0.27
0.267
6.1
1.138
0.201
0.309
0.263
0.449
0.593
1.013
1.129
1.335
1.203
1.381
1.586
1.367
1.08
0.74
0.661
0.538
0.613
0.586
0.517
0.336
0.266
0.263
6.108
1.136
0.189
0.301
0.259
0.475
0.583
0.953
1.1
1.279
1.119
1.268
1.44
1.474
1.099
0.755
0.625
0.512
0.62
0.618
0.504
0.33
0.247
0.262
6.114
1.149
0.197
0.292
0.237
0.447
0.547
0.902
1.02
1.174
1.139
1.179
1.385
1.353
1.025
0.738
0.61
0.508
0.609
0.596
0.495
0.308
0.24
0.259
6.115
1.157
0.191
0.269
0.236
0.425
0.515
0.944
1.073
1.094
1.051
1.085
1.269
1.222
0.94
0.687
0.572
0.479
0.552
0.556
0.468
0.3
0.227
0.242
6.121
1.15
0.194
0.257
0.216
0.405
0.486
0.917
1.026
1.092
1.046
1.004
1.17
1.114
0.966
0.667
0.571
0.478
0.55
0.552
0.452
0.292
0.211
0.232
6.122
1.157
0.197
0.25
0.198
0.399
0.479
1.053
0.959
0.998
1.057
0.931
1.08
1.083
1.135
0.637
0.569
0.458
0.528
0.574
0.435
0.267
0.21
0.232
6.128
1.164
0.2
0.248
0.19
0.378
0.596
1.035
0.907
1.185
0.978
0.958
1.009
1.007
1.195
0.601
0.536
0.444
0.52
0.566
0.441
0.269
0.211
0.216
6.117
1.169
0.202
0.245
0.193
0.405
0.583
0.96
0.868
1.101
0.924
0.9
0.941
0.94
1.335
0.647
0.514
0.574
0.516
0.56
0.43
0.271
0.213
0.206
6.105
1.176
0.205
0.243
0.233
0.462
0.676
0.883
0.785
1.01
0.885
0.839
0.875
0.874
1.229
0.599
0.484
0.563
0.531
0.556
0.439
0.27
0.216
0.209
6.111
1.18
0.197
0.227
0.233
0.438
0.67
0.827
0.769
1.156
0.832
0.783
0.847
0.952
1.189
0.768
0.565
0.55
0.529
0.551
0.44
0.271
0.224
0.214
6.115
1.171
0.189
0.229
0.234
0.417
0.647
0.785
0.809
1.249
0.787
1.097
0.919
0.908
1.084
0.719
0.532
0.541
0.523
0.54
0.42
0.261
0.208
0.217
6.125
1.175
0.193
0.229
0.22
0.441
0.853
0.805
0.754
1.147
0.723
1.041
0.864
0.864
1.225
0.739
0.521
0.527
0.518
0.524
0.418
0.263
0.211
0.218
6.127
1.179
0.197
0.216
0.229
0.439
0.821
0.76
0.708
1.092
0.688
0.971
0.8
0.919
1.27
0.712
0.509
0.639
0.596
0.501
0.409
0.267
0.194
0.21
6.127
1.181
0.2
0.217
0.228
0.438
0.846
0.724
0.647
1.029
0.674
0.908
0.75
0.878
1.185
0.682
0.514
0.614
0.622
0.51
0.404
0.279
0.198
0.222
6.141
1.203
0.222
0.237
0.233
0.432
0.789
0.68
0.735
0.961
0.673
0.842
0.699
0.92
1.104
0.678
0.486
0.588
0.612
0.501
0.408
0.272
0.196
0.225
6.133
1.205
0.224
0.23
0.214
0.45
0.765
0.74
0.735
0.892
0.634
0.787
0.846
0.852
1.017
0.633
0.461
0.552
0.573
0.473
0.391
0.253
0.18
0.226
6.132
1.208
0.224
0.229
0.215
0.428
0.692
0.678
0.684
0.846
0.608
0.73
0.769
0.779
0.938
0.592
0.437
0.515
0.599
0.467
0.385
0.243
0.167
0.227
6.135
1.192
0.205
0.223
0.216
0.407
0.724
0.755
0.679
0.877
0.587
0.692
0.727
0.737
0.893
0.569
0.457
0.521
0.567
0.448
0.38
0.264
0.173
0.227
6.143
1.195
0.192
0.214
0.217
0.389
0.692
0.815
0.812
1.116
0.584
0.661
0.905
0.702
0.84
0.549
0.448
0.506
0.547
0.435
0.39
0.281
0.182
0.224
6.128
1.202
0.195
0.214
0.217
0.404
0.652
0.761
0.759
1.048
0.553
0.733
0.853
0.824
0.876
0.518
0.441
0.492
0.545
0.434
0.39
0.272
0.169
0.225
6.121
1.202
0.181
0.207
0.247
0.396
0.643
0.712
0.762
1.008
0.532
0.696
0.836
0.785
0.851
0.685
0.433
0.495
0.541
0.417
0.385
0.272
0.175
0.225
6.12
1.185
0.182
0.21
0.267
0.483
0.641
0.823
0.7
0.93
0.507
0.655
0.772
0.717
0.825
0.667
0.427
0.481
0.523
0.396
0.365
0.269
0.18
0.225
6.107
1.168
0.184
0.211
0.263
0.461
0.648
0.767
0.803
0.902
0.706
0.678
0.774
0.702
0.817
0.885
0.529
0.478
0.518
0.394
0.369
0.275
0.184
0.21
6.093
1.175
0.188
0.212
0.254
0.418
0.617
0.717
0.746
0.921
0.789
0.659
0.727
0.654
0.975
0.908
0.487
0.641
0.538
0.411
0.368
0.278
0.19
0.212
6.086
1.173
0.193
0.215
0.252
0.445
0.658
0.892
0.93
1.148
0.946
0.658
0.761
0.656
0.925
0.861
0.468
0.6
0.506
0.429
0.367
0.281
0.193
0.213
6.088
1.159
0.194
0.216
0.267
0.45
0.718
0.87
0.87
1.06
0.958
0.617
0.708
0.657
0.886
0.798
0.444
0.588
0.513
0.419
0.355
0.278
0.196
0.214
6.089
1.162
0.178
0.206
0.291
0.456
0.69
0.992
0.923
1.097
0.925
0.839
0.895
1.353
1.147
0.823
0.678
0.608
0.496
0.41
0.349
0.274
0.2
0.198
5.985
1.129
0.185
0.208
0.311
0.442
0.66
0.928
0.927
1.04
0.857
0.781
0.84
1.3
1.077
0.77
0.638
0.595
0.509
0.407
0.369
0.275
0.208
0.198
5.986
1.136
0.191
0.211
0.327
0.435
0.652
0.981
0.93
0.979
0.834
0.72
0.813
1.25
1.028
0.722
0.603
0.566
0.5
0.403
0.359
0.271
0.21
0.2
6.007
1.145
0.194
0.196
0.328
0.42
0.615
0.943
0.865
0.93
0.801
0.657
0.962
1.162
0.947
0.672
0.565
0.515
0.463
0.386
0.346
0.266
0.211
0.193
6.01
1.147
0.197
0.199
0.317
0.388
0.559
0.872
0.801
0.859
0.802
1.085
0.928
1.092
0.889
0.638
0.538
0.503
0.464
0.387
0.36
0.272
0.214
0.199
6.019
1.156
0.192
0.185
0.31
0.372
0.541
1.008
0.829
0.916
0.757
1.039
1.001
1.025
1.197
1.051
0.52
0.495
0.45
0.367
0.356
0.268
0.216
0.201
5.991
1.063
0.183
0.172
0.305
0.379
0.537
0.945
0.783
0.861
0.74
0.964
1.147
1.012
1.114
1.008
0.509
0.49
0.447
0.35
0.334
0.264
0.217
0.204
6.004
1.076
0.169
0.168
0.314
0.379
0.597
1.013
0.84
0.836
0.711
0.9
1.149
1.015
1.039
0.948
0.484
0.491
0.45
0.356
0.337
0.259
0.199
0.2
6.011
1.089
0.174
0.174
0.321
0.377
0.621
1.176
0.911
0.81
0.672
0.839
1.187
0.957
0.972
0.882
0.457
0.482
0.47
0.372
0.338
0.257
0.203
0.203
6.022
1.092
0.162
0.176
0.354
0.396
0.619
1.105
0.855
0.758
0.649
0.779
1.415
1.067
0.911
0.83
0.431
0.469
0.506
0.367
0.338
0.255
0.205
0.206
6.034
1.098
0.149
0.178
0.471
0.399
0.6
1.017
0.792
0.687
0.596
0.724
1.297
0.983
0.892
0.801
0.428
0.464
0.506
0.373
0.337
0.249
0.22
0.223
6.056
1.11
0.159
0.184
0.448
0.416
0.577
1.074
0.946
0.852
0.659
0.733
1.224
0.921
0.838
0.752
0.398
0.493
0.511
0.381
0.345
0.254
0.223
0.225
6.06
1.105
0.163
0.19
0.427
0.405
0.689
1.392
1.507
1.29
0.79
0.779
1.17
0.884
0.79
0.706
0.395
0.486
0.63
0.994
0.343
0.262
0.227
0.226
5.477
1.004
0.15
0.194
0.481
0.431
0.755
1.336
1.504
1.325
0.835
0.819
1.178
0.844
0.752
0.667
0.384
0.457
0.718
1.495
0.332
0.258
0.227
0.212
4.938
0.927
0.158
0.196
0.458
0.585
0.71
1.23
1.382
1.237
0.806
0.857
1.099
0.811
0.694
0.621
0.369
0.463
0.817
1.952
0.322
0.255
0.222
0.195
4.463
0.857
0.165
0.2
0.485
0.574
0.673
1.136
1.272
1.181
0.776
0.9
1.141
0.759
0.654
0.598
0.355
0.473
0.921
2.356
0.308
0.234
0.218
0.198
4.039
0.794
0.159
0.184
0.472
0.552
0.641
1.103
1.316
1.204
0.751
1.129
1.317
0.743
0.627
0.585
0.434
0.508
1.03
2.727
0.293
0.234
0.219
0.183
3.656
0.738
0.148
0.185
0.493
0.579
0.685
1.026
1.248
1.12
0.698
1.058
1.425
0.772
0.569
0.546
0.413
0.465
1.067
3.05
0.269
0.228
0.22
0.183
3.295
0.685
0.156
0.172
0.458
0.544
0.622
0.938
1.146
1.015
0.646
1.046
1.448
0.756
0.533
0.618
0.524
0.515
1.119
3.363
0.264
0.241
0.221
0.171
2.979
0.639
0.163
0.177
0.42
0.496
0.612
0.894
1.096
0.926
0.844
1.016
1.367
0.744
0.519
0.874
0.535
0.509
1.164
3.547
0.27
0.24
0.206
0.172
2.704
0.588
0.157
0.182
0.4
0.471
0.618
0.891
1.038
0.983
0.827
0.942
1.347
0.769
0.533
0.81
0.54
0.5
1.192
3.8
0.268
0.236
0.189
0.176
2.457
0.535
0.159
0.187
0.368
0.462
0.682
0.954
1.006
0.913
0.802
0.877
1.319
0.772
0.508
0.827
0.547
0.481
1.212
4.023
0.253
0.228
0.191
0.164
2.234
0.492
0.157
0.191
0.339
0.483
0.661
0.87
0.933
0.874
0.76
0.812
1.247
0.74
0.546
0.764
0.514
0.469
1.228
4.216
0.259
0.212
0.191
0.165
2.019
0.466
0.149
0.19
0.519
0.519
0.623
0.817
0.865
0.815
0.732
0.747
1.226
0.717
0.532
0.72
0.541
0.455
1.275
4.398
0.255
0.201
0.195
0.159
1.833
0.44
0.139
0.194
0.521
0.495
0.582
0.741
0.84
0.769
0.671
0.703
1.174
0.678
0.556
0.725
0.512
0.448
1.348
4.502
0.281
0.205
0.185
0.166
1.658
0.413
0.145
0.179
0.493
0.461
0.674
0.82
0.883
0.783
0.689
0.657
1.08
0.658
0.948
0.67
0.499
0.467
1.368
4.68
0.286
0.21
0.188
0.154
1.516
0.387
0.139
0.184
0.454
0.428
0.987
1.074
1.004
1.402
0.652
0.608
1.001
0.667
0.902
0.653
0.479
0.462
1.394
4.809
0.296
0.205
0.177
0.161
1.387
0.365
0.129
0.187
0.428
0.408
0.916
1.101
0.975
1.288
0.61
0.573
0.921
0.842
0.933
0.657
0.452
0.457
1.457
4.935
0.303
0.198
0.167
0.168
1.256
0.342
0.139
0.173
0.576
0.46
0.834
1.015
0.901
1.168
0.576
0.563
0.882
0.803
0.882
0.768
0.457
0.456
1.501
5.054
0.301
0.187
0.177
0.169
1.142
0.332
0.136
0.166
0.56
0.642
0.782
0.941
0.903
1.111
0.673
0.54
1.123
0.788
0.834
0.747
0.45
0.468
1.532
5.142
0.301
0.188
0.166
0.177
1.043
0.309
0.147
0.159
0.541
0.634
0.886
0.915
0.836
1.037
0.672
0.508
1.068
0.78
0.771
0.832
0.471
0.463
1.555
5.224
0.299
0.191
0.153
0.18
0.959
0.282
0.152
0.16
0.526
0.653
0.835
0.837
0.812
1.051
0.679
0.485
1.129
0.93
0.728
0.791
0.626
0.463
1.551
5.305
0.32
0.18
0.157
0.178
0.871
0.277
0.146
0.158
0.496
0.592
0.772
0.802
0.809
0.967
0.643
0.442
1.276
0.944
0.679
0.776
0.608
0.443
1.558
5.391
0.301
0.184
0.155
0.17
0.807
0.256
0.147
0.163
0.45
0.553
0.737
1.216
0.991
1.234
0.82
0.574
1.19
0.89
0.635
1.138
0.589
0.435
1.553
5.456
0.302
0.177
0.157
0.177
0.732
0.253
0.149
0.155
0.449
0.532
0.697
1.125
0.944
1.123
0.767
0.537
1.171
0.854
0.606
1.098
0.568
0.416
1.553
5.507
0.288
0.183
0.155
0.167
0.682
0.238
0.146
0.162
0.439
0.513
0.799
1.029
0.875
1.039
0.704
0.516
1.162
0.79
0.579
1.01
0.52
0.424
1.541
5.55
0.293
0.192
0.155
0.162
0.636
0.223
0.144
0.169
0.425
0.494
0.748
0.938
0.825
0.978
0.638
0.499
1.149
0.768
0.542
0.947
0.484
0.58
1.546
5.595
0.287
0.218
0.155
0.163
0.599
0.21
0.147
0.17
0.406
0.632
0.728
0.878
0.819
1.008
0.604
0.476
1.112
0.728
0.537
0.983
0.512
0.583
1.537
5.638
0.284
0.207
0.162
0.159
0.551
0.212
0.14
0.168
0.402
0.601
0.695
0.818
0.748
0.948
0.6
0.495
1.017
0.692
0.513
0.892
0.484
0.538
1.514
5.681
0.269
0.196
0.169
0.151
0.511
0.213
0.13
0.171
0.378
0.548
0.648
0.745
0.687
0.874
0.78
0.48
0.979
1.109
0.585
0.976
0.478
0.526
1.56
5.622
0.296
0.21
0.166
0.148
0.483
0.198
0.136
0.173
0.346
0.517
0.624
0.911
0.703
0.81
0.76
0.782
0.922
1.019
0.923
0.922
0.469
0.501
1.567
5.657
0.288
0.222
0.16
0.148
0.458
0.183
0.142
0.174
0.355
0.503
0.581
0.836
0.709
0.816
0.725
0.716
1.065
1.037
0.864
0.85
0.47
0.496
1.559
5.703
0.292
0.221
0.169
0.166
0.427
0.181
0.15
0.165
0.351
0.487
0.562
0.764
0.673
0.785
0.676
0.681
1.015
0.982
0.818
0.882
0.465
0.47
1.559
5.746
0.291
0.208
0.163
0.173
0.398
0.169
0.158
0.162
0.364
0.487
0.566
0.699
0.669
0.729
0.645
0.663
0.951
0.9
0.896
0.88
0.485
0.453
1.556
5.78
0.275
0.208
0.169
0.159
0.375
0.174
0.147
0.163
0.366
0.478
0.557
0.652
0.654
0.664
0.652
0.678
0.869
0.856
0.898
0.87
0.486
0.474
1.582
5.74
0.268
0.21
0.175
0.154
0.347
0.18
0.146
0.152
0.408
0.488
0.528
0.613
0.64
0.621
0.64
0.63
1.064
0.858
0.838
0.805
0.487
0.493
1.586
5.782
0.283
0.233
0.17
0.15
0.365
0.216
0.174
0.179
0.401
0.466
0.518
0.686
0.629
0.713
0.607
0.684
1.064
0.786
0.773
0.79
0.577
0.531
1.625
5.76
0.319
0.246
0.166
0.146
0.351
0.199
0.174
0.183
0.365
0.436
0.492
0.919
0.921
0.961
0.704
1.1
1.02
0.735
0.722
0.766
0.578
0.517
1.626
5.717
0.312
0.239
0.173
0.139
0.333
0.203
0.163
0.183
0.358
0.434
0.514
0.972
0.84
0.906
0.776
1.035
0.967
0.753
0.686
0.72
0.578
0.522
1.64
5.685
0.309
0.229
0.179
0.134
0.312
0.205
0.152
0.179
0.362
0.446
0.472
0.902
0.775
0.844
0.742
0.967
0.955
0.734
0.659
0.692
0.617
0.517
1.627
5.649
0.312
0.227
0.184
0.133
0.29
0.208
0.147
0.172
0.365
0.434
0.437
0.839
0.734
0.854
0.715
0.924
0.901
0.689
0.709
0.634
0.63
0.504
1.616
5.685
0.305
0.209
0.186
0.137
0.265
0.207
0.148
0.162
0.509
0.415
0.403
0.777
0.704
0.782
0.696
0.856
0.817
0.639
0.852
0.616
0.663
0.535
1.617
5.629
0.313
0.201
0.187
0.149
0.248
0.203
0.156
0.15
0.607
0.427
0.387
0.709
0.678
0.744
0.81
0.826
0.795
0.598
0.793
0.627
0.642
0.537
1.647
5.629
0.334
0.199
0.181
0.157
0.231
0.197
0.163
0.14
0.563
0.403
0.374
0.666
0.835
0.728
1.02
0.816
0.789
0.678
0.795
0.629
0.619
0.552
1.68
5.615
0.336
0.203
0.173
0.164
0.222
0.185
0.169
0.148
0.517
0.371
0.456
1.314
1.315
0.891
1.091
0.765
0.74
0.76
0.765
0.643
0.619
0.58
1.717
5.521
0.34
0.214
0.181
0.156
0.219
0.191
0.161
0.151
0.49
0.399
0.48
1.361
1.384
0.857
1.033
0.813
0.806
0.731
0.758
0.628
0.632
0.585
1.703
5.466
0.345
0.202
0.185
0.163
0.203
0.189
0.164
0.14
0.464
0.377
0.465
1.258
1.271
0.801
0.97
0.76
0.785
0.688
0.718
0.628
0.663
0.579
1.69
5.503
0.338
0.204
0.174
0.173
0.207
0.176
0.168
0.146
0.422
0.372
0.449
1.154
1.176
0.897
0.909
0.746
0.736
0.666
0.708
0.632
0.739
0.572
1.687
5.571
0.338
0.192
0.18
0.171
0.192
0.182
0.166
0.136
0.403
0.351
0.427
1.067
1.227
0.847
0.863
0.695
0.674
0.83
0.7
0.611
0.718
0.607
1.699
5.563
0.327
0.195
0.167
0.17
0.195
0.172
0.161
0.145
0.371
0.326
0.434
0.981
1.115
0.809
0.8
0.637
0.617
0.84
0.672
0.593
0.674
0.642
1.709
5.515
0.337
0.227
0.171
0.158
0.194
0.177
0.15
0.145
0.357
0.329
0.42
0.919
1.09
0.877
1.466
0.825
0.631
0.829
0.646
0.594
0.658
0.65
1.735
5.441
0.366
0.27
0.211
0.203
0.193
0.17
0.159
0.145
0.351
0.349
0.421
0.855
1.009
1.134
1.346
0.839
0.609
0.851
0.665
0.582
0.64
0.773
2.055
4.934
0.354
0.302
0.194
0.202
0.195
0.157
0.161
0.153
0.324
0.346
0.42
0.825
0.918
1.091
1.335
0.94
0.753
0.849
0.686
0.589
0.653
0.783
2.028
4.898
0.335
0.305
0.194
0.19
0.202
0.165
0.153
0.159
0.318
0.507
0.429
0.771
0.84
1.026
1.512
0.87
0.687
0.791
1.269
0.834
0.668
0.795
1.992
4.926
0.335
0.289
0.191
0.197
0.193
0.167
0.165
0.148
0.302
0.501
0.44
0.724
0.779
0.961
1.397
0.822
0.684
0.783
1.313
0.82
0.684
0.815
1.975
5.063
0.347
0.272
0.192
0.195
0.178
0.172
0.164
0.137
0.294
0.581
0.44
0.682
0.747
0.883
1.297
0.792
0.654
0.878
1.306
0.797
0.688
0.813
1.997
5.116
0.364
0.289
0.187
0.184
0.183
0.167
0.157
0.147
0.275
0.62
0.591
0.678
0.677
0.828
1.235
0.739
0.642
0.828
1.25
0.772
0.69
0.779
2.001
5.152
0.391
0.306
0.209
0.188
0.188
0.18
0.164
0.153
0.252
0.576
0.554
0.641
0.663
0.934
1.251
0.715
0.618
1.085
1.298
0.773
0.706
0.761
2.018
5.134
0.411
0.323
0.226
0.19
0.192
0.187
0.156
0.156
0.249
0.534
0.504
0.625
0.693
0.922
1.204
0.843
0.737
1.012
1.212
0.813
0.699
0.751
1.997
5.086
0.409
0.309
0.217
0.198
0.187
0.179
0.167
0.157
0.229
0.503
0.512
0.589
0.652
0.858
1.117
0.765
0.685
0.996
1.176
0.775
0.765
0.744
1.958
5.042
0.406
0.297
0.206
0.204
0.187
0.169
0.176
0.163
0.211
0.486
0.52
0.698
0.69
1.119
1.327
0.731
0.643
0.991
1.191
0.757
0.747
0.724
1.92
4.996
0.398
0.287
0.207
0.207
0.179
0.163
0.182
0.161
0.194
0.531
0.501
0.652
0.642
1.034
1.211
0.759
0.624
1.034
1.264
0.955
0.766
0.741
1.892
5.018
0.404
0.296
0.208
0.209
0.172
0.151
0.185
0.167
0.196
0.503
0.525
0.621
0.616
1.036
1.199
0.719
0.603
1.059
1.332
0.94
0.802
0.741
1.853
5.096
0.378
0.277
0.215
0.215
0.17
0.147
0.194
0.177
0.186
0.499
0.509
0.584
0.59
0.97
1.299
0.825
0.602
1.041
1.291
0.892
0.797
0.889
1.77
4.657
0.938
0.377
0.218
0.197
0.174
0.153
0.179
0.175
0.189
0.457
0.466
0.57
0.712
0.947
1.4
0.857
0.662
1.035
1.311
1.302
0.823
0.831
1.667
4.288
1.416
0.376
0.223
0.2
0.162
0.155
0.185
0.17
0.178
0.436
0.464
0.732
0.737
0.978
1.442
1.167
0.986
0.979
1.256
1.24
0.794
0.808
1.587
3.897
1.858
0.381
0.226
0.186
0.166
0.163
0.179
0.157
0.183
0.415
0.429
0.678
0.685
0.923
1.338
1.069
0.892
1.085
1.248
1.259
0.852
0.805
1.488
3.552
2.267
0.467
0.243
0.19
0.176
0.172
0.177
0.145
0.18
0.419
0.554
0.631
0.642
0.906
1.231
0.972
0.827
1.008
1.258
1.266
0.868
0.793
1.425
3.242
2.623
0.45
0.227
0.197
0.182
0.162
0.174
0.156
0.175
0.381
0.549
0.614
0.672
0.9
1.139
0.895
0.77
0.955
1.244
1.173
0.863
0.812
1.331
2.949
2.961
0.552
0.213
0.181
0.186
0.163
0.161
0.154
0.18
0.363
0.548
0.628
0.695
1.147
1.294
0.879
0.754
1.485
1.514
1.219
0.913
0.814
1.248
2.687
3.259
0.528
0.201
0.179
0.193
0.164
0.149
0.158
0.183
0.331
0.548
0.593
0.672
1.059
1.222
0.871
1.303
1.411
1.449
1.218
0.975
0.82
1.209
2.476
3.412
0.586
0.19
0.183
0.192
0.153
0.154
0.165
0.17
0.325
0.537
0.56
0.95
1.319
1.162
1.052
1.384
1.356
1.428
1.199
0.922
0.766
1.135
2.297
3.679
0.606
0.201
0.181
0.199
0.157
0.146
0.173
0.179
0.301
0.499
0.56
0.875
1.197
1.074
0.972
1.255
1.239
1.313
1.252
0.945
0.752
1.08
2.099
3.917
0.662
0.198
0.17
0.201
0.164
0.139
0.17
0.187
0.388
0.514
0.526
0.8
1.109
1.034
0.91
1.143
1.452
1.286
1.245
0.934
0.731
1.028
1.925
4.117
0.682
0.187
0.16
0.204
0.159
0.129
0.175
0.19
0.403
0.512
0.519
0.778
1.181
1.045
0.9
1.215
1.401
1.401
1.221
0.957
0.759
0.99
1.787
4.306
0.713
0.205
0.173
0.207
0.165
0.12
0.166
0.193
0.379
0.516
0.489
0.797
1.113
0.952
0.843
1.135
1.673
1.363
1.195
0.978
0.778
0.932
1.646
4.488
0.763
0.189
0.176
0.204
0.153
0.123
0.171
0.181
0.352
0.555
0.54
0.745
1.012
0.903
0.815
1.058
1.621
1.345
1.159
0.931
0.822
0.894
1.525
4.635
0.76
0.191
0.163
0.191
0.16
0.126
0.158
0.175
0.382
0.546
0.501
0.68
0.983
0.962
0.748
0.973
1.556
1.278
1.092
0.92
0.961
0.913
1.424
4.76
0.83
0.207
0.167
0.182
0.158
0.136
0.162
0.162
0.351
0.527
0.481
0.724
0.942
0.888
0.715
0.918
1.424
1.191
1.086
0.893
0.916
0.859
1.365
4.912
0.794
0.193
0.17
0.186
0.152
0.126
0.158
0.168
0.331
0.479
0.437
0.714
0.927
0.844
0.822
1.082
1.392
1.749
1.26
0.909
0.878
0.819
1.277
5.021
0.754
0.183
0.158
0.19
0.155
0.118
0.146
0.174
0.32
0.442
0.419
0.671
0.878
1.01
0.778
1.002
1.288
1.62
1.397
0.902
0.845
0.796
1.203
5.059
0.734
0.185
0.163
0.177
0.144
0.124
0.153
0.165
0.292
0.404
0.537
0.806
0.859
0.986
0.766
1.109
1.458
1.736
1.312
0.934
0.893
0.816
1.135
5.099
0.751
0.19
0.152
0.182
0.152
0.12
0.142
0.166
0.285
0.377
0.509
0.756
0.926
0.965
0.882
1.082
1.337
1.626
1.271
0.931
0.887
0.808
1.083
5.214
0.729
0.206
0.169
0.19
0.152
0.117
0.147
0.176
0.281
0.348
0.465
0.681
0.856
1.092
0.898
1.022
1.315
1.616
1.394
0.88
0.845
0.785
1.025
5.069
0.908
0.212
0.157
0.175
0.159
0.124
0.137
0.162
0.276
0.334
0.423
0.947
1.001
1.346
0.914
0.939
1.199
1.544
1.345
0.846
0.815
1.01
1.05
4.952
1.098
0.246
0.162
0.166
0.164
0.137
0.134
0.153
0.268
0.388
0.395
0.863
0.918
1.314
1.005
0.878
1.143
1.567
1.306
0.846
0.908
1.003
0.999
4.85
1.191
0.245
0.183
0.171
0.156
0.129
0.13
0.161
0.265
0.358
0.361
0.797
1.024
1.267
1.031
0.834
1.082
1.492
1.505
0.815
0.86
0.957
0.941
4.746
1.27
0.227
0.185
0.179
0.156
0.124
0.125
0.168
0.26
0.4
0.357
0.798
0.931
1.337
1.068
0.961
1.231
1.433
1.429
0.93
0.885
0.982
0.901
4.649
1.355
0.23
0.181
0.167
0.146
0.135
0.134
0.158
0.35
0.513
0.541
0.973
0.942
1.251
0.991
0.936
1.182
1.352
1.369
0.898
0.848
0.949
0.853
4.569
1.517
0.256
0.187
0.161
0.151
0.15
0.145
0.146
0.319
0.474
0.509
0.912
0.924
1.193
0.957
0.927
1.12
1.321
1.302
0.87
0.822
0.953
0.861
4.519
1.647
0.244
0.178
0.167
0.154
0.139
0.135
0.136
0.31
0.515
0.476
0.83
0.852
1.096
0.889
1.018
1.146
1.309
1.263
0.924
0.797
0.894
0.804
4.448
1.823
0.24
0.164
0.155
0.142
0.148
0.143
0.139
0.283
0.53
0.438
0.771
0.794
1.013
0.832
0.934
1.041
1.413
1.267
0.853
0.732
0.808
0.727
4.355
1.98
0.238
0.17
0.152
0.132
0.137
0.133
0.129
0.277
0.499
0.416
0.72
0.739
0.935
0.791
0.912
1.024
1.485
1.304
0.855
0.7
0.796
0.713
4.314
2.029
0.229
0.163
0.159
0.148
0.147
0.127
0.12
0.259
0.471
0.401
0.702
0.677
0.954
0.741
0.848
0.948
1.447
1.388
0.875
0.75
0.808
0.701
4.28
2.06
0.228
0.172
0.164
0.14
0.137
0.126
0.13
0.299
0.546
0.37
0.635
0.648
0.881
0.84
0.856
1.085
1.396
1.291
0.805
0.679
0.734
0.654
4.223
2.205
0.209
0.159
0.168
0.148
0.145
0.134
0.122
0.273
0.496
0.354
0.599
0.664
0.901
0.831
0.826
1.079
1.338
1.233
0.813
0.662
0.722
0.631
4.188
2.196
0.197
0.152
0.178
0.159
0.156
0.138
0.147
0.33
0.563
0.371
0.781
0.781
0.819
0.764
0.769
1.095
1.302
1.174
0.803
0.656
0.723
0.622
4.164
2.236
0.199
0.165
0.191
0.165
0.153
0.128
0.136
0.341
0.599
0.42
1.016
0.774
0.782
0.793
0.738
1.223
1.364
1.186
0.787
0.657
0.713
0.598
4.029
2.463
0.202
0.169
0.176
0.152
0.142
0.131
0.144
0.402
0.658
0.472
1.023
0.886
0.739
0.868
0.707
1.177
1.277
1.143
0.815
0.674
0.711
0.609
3.933
2.526
0.209
0.174
0.189
0.158
0.149
0.129
0.133
0.365
0.596
0.433
0.962
0.965
0.716
0.809
0.867
2.098
1.353
1.409
1.027
0.672
0.712
0.662
3.846
2.547
0.229
0.188
0.18
0.146
0.138
0.124
0.141
0.35
0.553
0.445
1.131
1.088
0.932
1.128
1.025
2.108
1.471
1.583
1.013
0.704
0.693
0.639
3.738
2.694
0.21
0.19
0.183
0.152
0.128
0.115
0.131
0.318
0.562
0.486
1.422
1.02
0.91
1.337
1.111
2.007
1.444
1.572
1.056
0.913
0.67
0.627
3.65
2.786
0.227
0.195
0.185
0.142
0.119
0.108
0.178
0.389
0.582
0.753
1.471
1.001
0.879
1.254
1.058
1.973
1.392
1.631
1.132
1.141
0.701
0.614
3.316
3.1
0.28
0.192
0.187
0.147
0.111
0.101
0.164
0.376
0.634
0.735
1.447
1.19
0.892
1.281
0.999
1.99
1.46
1.62
1.2
1.268
0.777
0.604
3.031
3.279
0.479
0.18
0.175
0.139
0.107
0.343
0.44
0.711
0.926
0.845
1.419
1.31
1.05
1.304
0.968
1.84
1.43
1.623
1.253
1.559
0.774
0.645
2.833
3.484
0.558
0.192
0.174
0.131
0.101
0.331
0.417
0.99
1.011
0.894
1.648
1.91
1.164
1.297
1.153
1.761
1.536
1.755
1.225
1.47
0.762
0.672
2.665
3.544
0.613
0.207
0.191
0.14
0.112
0.319
0.396
0.943
1.263
1.347
1.967
2.6
1.876
1.587
1.205
1.646
1.453
1.648
1.197
1.407
0.763
0.667
2.481
3.746
0.758
0.251
0.209
0.162
0.137
0.322
0.372
0.854
1.184
1.431
1.858
2.449
1.755
1.63
1.419
1.701
1.394
1.613
1.143
1.326
0.738
0.658
2.284
3.439
0.755
0.291
0.242
0.173
0.158
0.325
0.36
0.787
1.138
1.383
1.763
2.332
1.659
1.525
1.386
1.62
1.341
1.511
1.162
1.359
0.714
0.634
2.09
3.104
0.685
0.284
0.239
0.172
0.146
0.296
0.358
0.865
1.15
1.787
1.673
2.11
1.567
1.675
1.652
1.547
1.277
1.428
1.108
1.277
0.707
0.63
1.931
2.821
0.629
0.259
0.234
0.176
0.685
0.308
0.328
0.8
1.056
1.652
1.603
1.951
1.514
1.553
1.564
1.531
1.242
1.338
1.257
1.273
0.736
0.669
1.811
2.593
0.605
0.259
0.233
0.182
1.166
0.302
0.31
0.741
0.972
1.531
1.676
1.856
1.519
1.447
1.456
1.653
1.432
1.279
1.198
1.213
0.721
0.643
1.682
2.436
