0.0
0.0
0.0
0.0
0.0
0.0
0.0
0.0
0.0
0.0
0.0
0.0
0.0
0.0
0.0
0.0
0.0
0.0
0.0
0.0
0.0
0.0
0.0
0.0
0.0
0.0
0.0
0.0
0.0
0.0
0.0
0.0
0.0
0.0
0.0
0.0
0.0
0.0
0.0
0.0
0.0
0.0
0.0
0.0
0.0
0.0
0.0
0.0
0.0
0.0
0.0
0.0
0.0
0.0
0.0
0.0
0.0
0.0
0.0
0.0
0.0
0.0
0.0
0.0
0.0
0.0
0.0
0.0
0.0
0.0
0.0
0.0
0.0
0.0
0.0
0.0
0.0
0.0
0.0
0.0
0.0
0.0
0.0
0.0
0.0
0.0
0.0
0.0
0.0
0.0
0.0
0.0
0.0
0.0
0.0
0.0
0.0
0.0
0.0
0.0
0.0
0.0
0.0
0.0
0.0
0.0
0.0
0.0
0.0
0.0
0.0
0.0
0.0
0.0
0.0
0.0
0.0
0.0
0.0
0.0
0.0
0.0
0.0
0.0
0.0
0.0
0.0
0.0
0.0
0.0
0.0
0.0
0.0
0.0
0.0
0.0
0.0
0.0
0.0
0.0
0.0
0.0
0.0
0.0
0.0
0.0
0.0
0.0
0.0
0.0
0.0
0.0
0.0
0.0
0.0
0.0
0.0
0.0
0.0
0.0
0.0
0.0
0.0
0.0
0.0
0.0
0.0
0.0
0.0
0.0
0.0
0.0
0.0
0.0
0.0
0.0
0.0
0.0
0.0
0.0
0.0
0.0
0.0
0.0
0.0
0.0
0.0
0.0
0.0
0.0
0.0
0.0
0.0
0.0
0.0
0.0
0.0
0.0
0.0
0.0
0.0
0.0
0.0
0.0
0.0
0.0
0.0
0.0
0.0
0.0
0.0
0.0
0.0
0.0
0.0
0.0
0.0
0.0
0.0
0.0
0.0
0.0
0.0
0.0
0.0
0.0
0.0
0.0
0.0
0.0
0.0
0.0
0.0
0.0
0.0
0.0
0.0
0.0
0.0
0.0
0.0
0.0
0.0
0.0
0.0
0.0
0.0
0.0
0.0
0.0
0.0
0.0
0.0
0.0
0.0
0.0
0.0
0.0
0.0
0.0
0.0
0.0
0.0
0.0
0.0
0.0
0.0
0.0
0.0
0.0
0.0
0.0
0.0
0.0
0.0
0.0
0.0
0.0
0.0
0.0
0.0
0.0
0.0
0.0
0.0
0.0
0.0
0.0
0.0
0.0
0.0
0.0
0.0
0.0
0.0
0.0
0.0
0.0
0.0
0.0
0.0
0.0
0.0
0.0
0.0
0.0
0.0
0.0
0.0
0.0
0.0
0.0
0.0
0.0
0.0
0.0
0.0
0.0
0.0
0.0
0.0
0.0
0.0
0.0
0.0
0.0
0.0
0.0
0.0
0.0
0.0
0.0
0.0
0.0
0.0
0.0
0.0
0.0
0.0
0.0
0.0
0.0
0.0
0.0
0.0
0.0
0.0
0.0
0.0
0.0
0.0
0.0
0.0
0.0
0.0
0.0
0.0
0.0
0.0
0.0
0.0
0.0
0.0
0.0
0.0
0.0
0.0
0.0
0.0
0.0
0.0
0.0
0.0
0.0
0.0
0.0
0.0
0.0
0.0
0.0
0.0
0.0
0.0
0.0
0.0
0.0
0.0
0.0
0.0
0.0
0.0
0.0
0.0
0.0
0.0
0.0
0.0
0.0
0.0
0.0
0.0
0.0
0.0
0.0
0.0
0.0
0.0
0.0
0.0
0.0
0.0
0.0
0.0
0.0
0.0
0.0
0.0
0.0
0.0
0.0
0.0
0.0
0.0
0.0
0.0
0.0
0.0
0.0
0.0
0.0
0.0
0.0
0.0
0.0
0.0
0.0
0.0
0.0
0.0
0.0
0.0
0.0
0.0
0.0
0.0
0.0
0.0
0.0
0.0
0.0
0.0
0.0
0.0
0.0
0.0
0.0
0.0
0.0
0.0
0.0
0.0
0.0
0.0
0.0
0.0
0.0
0.0
0.0
0.0
0.0
0.0
0.0
0.0
0.0
0.0
0.0
0.0
0.0
0.0
0.0
0.0
0.0
0.0
0.0
0.0
0.0
0.0
0.0
0.0
0.0
0.0
0.0
0.0
0.0
0.0
0.0
0.0
0.0
0.0
0.0
0.0
0.0
0.0
0.0
0.0
0.07
0.072
0.06
0.072
0.074
0.066
0.119
0.257
0.381
0.332
0.326
1.0
0.582
0.259
0.126
0.253
0.343
0.312
0.594
0.308
0.247
0.135
0.077
0.072
0.066
0.071
0.064
0.069
0.075
0.07
0.13
0.24
0.4
0.246
0.587
0.836
0.452
0.232
0.128
0.236
0.295
0.312
0.594
0.308
0.247
0.128
0.077
0.072
0.066
0.066
0.067
0.063
0.079
0.063
0.132
0.22
0.288
0.17
0.623
0.447
0.289
0.205
0.107
0.099
0.279
0.297
0.587
0.319
0.311
0.13
0.075
0.076
0.068
0.071
0.067
0.063
0.076
0.073
0.133
0.281
0.192
0.144
0.352
0.303
0.076
0.117
0.107
0.099
0.279
0.283
0.647
0.435
0.354
0.149
0.076
0.077
0.064
0.06
0.068
0.064
0.061
0.064
0.087
0.671
0.613
0.339
2.446
1.702
0.531
0.153
0.277
0.437
0.427
0.385
0.581
0.379
0.276
0.084
0.062
0.074
0.064
0.06
0.068
0.066
0.058
0.065
0.089
0.671
0.613
0.475
2.898
1.663
0.465
0.136
0.226
0.369
0.477
0.384
0.465
0.433
0.27
0.082
0.063
0.087
0.073
0.071
0.074
0.058
0.071
0.079
0.133
0.23
0.249
0.143
0.613
0.318
0.076
0.105
0.094
0.099
0.273
0.274
0.647
0.44
0.361
0.153
0.076
0.084
0.072
0.073
0.071
0.061
0.069
0.085
0.135
0.236
0.234
0.14
0.561
0.295
0.125
0.19
0.66
0.192
0.312
0.27
0.715
0.446
0.361
0.152
0.076
0.084
0.069
0.074
0.069
0.062
0.068
0.086
0.14
0.317
0.224
0.142
0.511
0.299
0.121
0.199
0.605
0.181
0.287
0.287
0.656
0.43
0.358
0.156
0.077
0.081
0.07
0.073
0.069
0.063
0.068
0.085
0.148
0.326
0.212
0.383
0.617
0.425
0.118
0.185
0.557
0.175
0.273
0.266
0.619
0.429
0.342
0.148
0.078
0.079
0.07
0.071
0.069
0.064
0.067
0.088
0.149
0.589
0.515
0.354
0.563
0.394
0.116
0.2
0.864
0.385
0.349
0.252
0.626
0.42
0.341
0.145
0.077
0.08
0.069
0.071
0.07
0.062
0.067
0.092
0.149
0.568
0.482
0.737
0.81
0.391
0.137
0.305
0.788
0.355
0.325
0.238
0.579
0.393
0.312
0.139
0.076
0.077
0.069
0.069
0.07
0.06
0.069
0.087
0.141
0.519
0.443
0.676
0.742
0.36
0.13
0.282
0.719
0.327
0.307
0.226
0.532
0.366
0.289
0.133
0.074
0.079
0.068
0.068
0.07
0.06
0.067
0.086
0.133
0.476
0.413
0.636
0.679
0.336
0.131
0.263
0.658
0.31
0.286
0.223
0.493
0.338
0.268
0.129
0.074
0.079
0.067
0.066
0.072
0.059
0.066
0.085
0.135
0.437
0.378
0.58
0.616
0.31
0.124
0.244
0.601
0.502
0.957
0.284
0.528
0.395
0.268
0.124
0.08
0.075
0.069
0.063
0.073
0.057
0.065
0.084
0.17
0.43
0.345
0.531
0.56
0.288
0.117
0.227
0.555
0.469
0.871
0.288
0.514
0.398
0.272
0.121
0.079
0.075
0.067
0.065
0.071
0.057
0.068
0.082
0.167
0.432
0.975
0.553
0.633
0.367
0.115
0.21
0.51
0.447
0.795
0.323
0.528
0.399
0.27
0.118
0.079
0.077
0.066
0.068
0.07
0.06
0.068
0.083
0.167
0.459
1.048
1.153
0.668
0.421
0.117
0.197
0.471
0.413
0.727
0.316
0.492
0.394
0.265
0.121
0.089
0.078
0.067
0.07
0.07
0.061
0.069
0.082
0.163
0.615
1.291
1.05
0.612
0.475
0.135
0.185
0.434
0.386
0.664
0.331
0.462
0.382
0.283
0.151
0.102
0.083
0.069
0.07
0.072
0.062
0.069
0.081
0.159
0.674
1.181
0.962
0.562
0.438
0.185
0.321
1.143
0.546
0.66
0.372
0.449
0.357
0.266
0.148
0.099
0.091
0.073
0.07
0.071
0.066
0.068
0.083
0.155
0.777
1.545
1.066
1.159
0.633
0.256
0.366
1.038
0.579
0.631
0.361
0.441
0.355
0.278
0.154
0.097
0.086
0.074
0.069
0.07
0.067
0.068
0.081
0.152
0.743
2.099
1.176
1.129
0.577
0.239
0.336
0.942
0.528
0.575
0.439
0.468
0.35
0.292
0.156
0.099
0.086
0.074
0.069
0.069
0.07
0.068
0.08
0.148
0.964
2.217
1.174
1.091
0.625
0.236
0.327
0.866
0.498
0.562
0.446
0.528
0.392
0.341
0.165
0.098
0.084
0.075
0.069
0.069
0.072
0.066
0.079
0.153
0.875
2.044
1.07
0.997
0.66
0.22
0.303
0.786
0.457
0.522
0.412
0.513
0.393
0.33
0.161
0.095
0.09
0.077
0.069
0.068
0.074
0.066
0.077
0.172
0.798
1.847
0.971
0.904
0.6
0.206
0.28
0.714
0.452
0.477
0.381
0.474
0.37
0.327
0.152
0.096
0.086
0.076
0.071
0.068
0.072
0.067
0.078
0.17
0.862
1.685
0.881
0.819
0.553
0.194
0.257
0.649
0.416
0.804
0.947
0.524
0.389
0.343
0.162
0.094
0.085
0.075
0.07
0.067
0.072
0.068
0.077
0.161
0.811
1.53
0.807
0.752
0.537
0.231
0.247
0.591
0.385
0.937
1.26
0.522
0.471
0.348
0.16
0.092
0.084
0.074
0.068
0.07
0.082
0.07
0.077
0.152
1.064
1.515
0.745
0.845
0.595
0.222
0.24
0.542
0.397
0.876
1.16
0.792
0.66
0.343
0.153
0.09
0.083
0.076
0.067
0.069
0.08
0.073
0.079
0.15
0.997
1.379
0.945
0.947
0.725
0.235
0.226
0.497
0.373
0.831
1.056
0.738
0.609
0.347
0.152
0.088
0.084
0.074
0.067
0.071
0.077
0.072
0.084
0.198
0.931
1.261
0.873
0.873
0.724
0.909
0.408
0.457
0.346
0.758
0.968
0.684
0.58
0.35
0.155
0.088
0.082
0.073
0.067
0.072
0.076
0.071
0.083
0.194
0.885
1.415
1.119
0.882
0.819
0.893
0.381
0.423
0.344
0.764
0.942
0.697
0.578
0.405
0.183
0.09
0.082
0.073
0.066
0.074
0.076
0.071
0.083
0.236
0.833
1.292
1.015
0.801
0.746
1.062
0.929
0.436
0.434
0.867
1.005
0.7
0.574
0.403
0.19
0.097
0.081
0.072
0.067
0.075
0.074
0.07
0.081
0.227
0.793
1.175
0.924
0.73
1.333
1.025
0.857
0.491
0.447
1.01
1.051
0.824
0.641
0.411
0.233
0.11
0.079
0.072
0.067
0.074
0.073
0.072
0.08
0.217
0.769
1.077
0.865
0.67
1.208
0.938
0.782
0.45
0.441
1.344
1.189
0.841
0.732
0.425
0.226
0.107
0.077
0.073
0.068
0.074
0.072
0.07
0.081
0.204
0.797
1.055
1.202
0.947
1.101
0.858
0.726
0.415
0.405
1.218
1.156
0.926
0.81
0.478
0.215
0.103
0.075
0.075
0.068
0.073
0.071
0.072
0.081
0.198
0.766
0.972
1.675
0.951
1.199
0.858
0.704
0.398
0.375
1.109
1.057
0.847
0.76
0.452
0.203
0.1
0.076
0.075
0.068
0.075
0.069
0.073
0.087
0.234
0.77
1.362
1.741
0.879
1.085
0.781
0.638
0.39
0.347
1.03
0.965
0.839
0.775
0.468
0.191
0.099
0.083
0.076
0.067
0.074
0.071
0.072
0.086
0.297
0.715
1.232
1.573
0.799
0.985
0.709
0.581
0.366
0.324
1.075
1.45
0.802
0.762
0.445
0.181
0.097
0.081
0.076
0.069
0.073
0.071
0.07
0.086
0.283
0.719
1.214
1.989
0.769
0.959
0.646
0.531
0.345
0.302
0.981
1.354
0.787
0.712
0.424
0.171
0.095
0.08
0.077
0.067
0.072
0.07
0.072
0.085
0.273
1.167
1.192
1.812
0.815
1.109
0.741
0.513
0.335
0.434
1.006
1.25
0.769
0.691
0.411
0.17
0.101
0.078
0.076
0.067
0.074
0.07
0.07
0.083
0.262
1.174
1.743
1.773
0.755
1.005
0.701
0.473
0.314
0.398
0.923
1.138
0.7
0.632
0.377
0.159
0.099
0.079
0.074
0.066
0.072
0.071
0.07
0.08
0.245
1.063
1.583
1.615
0.689
0.911
0.642
0.437
0.302
0.366
0.838
1.042
0.657
0.581
0.347
0.156
0.1
0.079
0.072
0.064
0.071
0.072
0.068
0.078
0.233
0.969
1.432
1.459
0.626
0.843
0.612
0.405
0.282
0.338
0.767
0.95
0.61
0.536
0.329
0.15
0.096
0.077
0.073
0.063
0.068
0.07
0.068
0.079
0.226
0.883
1.294
1.32
0.574
0.768
0.559
0.37
0.262
0.319
0.703
0.863
0.565
0.49
0.305
0.142
0.095
0.075
0.074
0.063
0.067
0.069
0.07
0.076
0.216
0.807
1.173
1.201
0.526
0.7
0.521
0.347
0.244
0.298
0.643
0.801
0.521
0.459
0.284
0.139
0.093
0.074
0.072
0.062
0.068
0.068
0.07
0.079
0.209
0.737
1.071
1.096
0.485
0.635
0.474
0.32
0.23
0.281
0.589
0.731
0.482
0.422
0.262
0.134
0.097
0.073
0.071
0.062
0.069
0.067
0.069
0.076
0.202
0.675
0.972
0.995
0.446
0.579
0.432
0.3
0.218
0.265
0.541
0.676
0.452
0.397
0.245
0.132
0.094
0.071
0.07
0.064
0.072
0.067
0.068
0.074
0.19
0.619
0.89
0.906
0.425
0.57
0.456
0.318
0.206
0.257
0.501
0.614
0.415
0.372
0.233
0.148
0.109
0.164
0.07
0.063
0.071
0.066
0.067
0.075
0.225
1.142
1.395
0.859
0.48
0.566
0.454
0.34
0.253
0.273
0.505
0.624
0.439
0.423
0.243
0.142
0.107
0.155
0.069
0.062
0.069
0.069
0.067
0.075
0.221
1.072
1.268
0.782
0.439
0.516
0.501
0.334
0.777
0.411
0.582
0.625
0.486
0.413
0.244
0.137
0.102
0.146
0.07
0.063
0.069
0.068
0.068
0.076
0.213
1.017
1.177
0.868
0.954
0.615
0.585
0.323
0.724
0.394
0.546
0.587
0.529
0.401
0.235
0.132
0.099
0.137
0.069
0.065
0.069
0.068
0.067
0.079
0.213
1.433
1.375
0.859
0.91
0.561
0.533
0.297
0.664
0.449
0.565
0.597
0.547
0.449
0.275
0.136
0.097
0.13
0.071
0.066
0.074
0.079
0.067
0.078
0.282
1.304
1.246
0.781
0.826
0.512
0.487
0.28
0.604
0.412
0.517
0.558
0.572
0.5
0.277
0.128
0.097
0.127
0.07
0.066
0.074
0.078
0.067
0.08
0.269
1.268
1.131
0.719
0.752
0.472
0.475
0.261
0.557
0.383
0.474
0.511
0.574
0.492
0.275
0.137
0.094
0.121
0.072
0.067
0.073
0.078
0.067
0.081
0.248
1.247
1.805
1.057
0.749
0.573
0.527
0.264
0.516
0.354
0.438
0.468
0.527
0.491
0.27
0.129
0.093
0.119
0.071
0.069
0.074
0.077
0.068
0.082
0.231
1.204
1.645
0.981
0.983
0.691
1.041
0.368
0.492
0.38
0.46
0.466
0.522
0.49
0.271
0.134
0.098
0.116
0.072
0.068
0.076
0.076
0.068
0.08
0.226
1.18
1.527
0.939
0.934
0.678
1.18
0.4
0.497
0.408
0.468
0.506
0.552
0.521
0.307
0.129
0.095
0.115
0.072
0.076
0.077
0.076
0.068
0.083
0.221
1.115
1.382
0.859
0.853
0.618
1.07
0.37
0.49
0.406
0.431
1.083
0.843
0.563
0.317
0.146
0.094
0.11
0.074
0.077
0.076
0.075
0.07
0.084
0.216
1.056
1.257
0.866
0.806
0.651
0.981
0.349
0.459
0.381
0.441
1.011
0.837
0.551
0.316
0.141
0.094
0.108
0.077
0.076
0.075
0.076
0.072
0.085
0.245
0.962
1.141
0.786
0.734
0.595
0.973
0.63
0.973
0.411
0.51
1.039
0.812
0.541
0.321
0.148
0.093
0.106
0.076
0.078
0.077
0.076
0.072
0.086
0.234
0.959
1.044
0.724
0.794
0.71
0.887
0.579
0.966
0.456
0.555
1.015
0.774
0.497
0.319
0.171
0.093
0.104
0.077
0.077
0.078
0.076
0.074
0.086
0.219
0.891
0.963
0.71
0.971
1.373
0.931
0.591
1.025
0.46
0.569
0.964
0.744
0.658
0.394
0.2
0.091
0.102
0.083
0.141
0.081
0.076
0.076
0.086
0.205
1.206
1.485
0.793
1.399
1.632
0.861
0.552
0.991
0.486
0.574
0.885
0.779
0.703
0.431
0.239
0.089
0.101
0.082
0.135
0.083
0.077
0.077
0.086
0.2
1.132
1.397
0.815
1.268
1.531
0.785
0.506
1.011
0.452
0.657
1.381
0.773
0.697
0.419
0.224
0.089
0.098
0.083
0.13
0.081
0.077
0.077
0.085
0.196
1.077
1.266
0.743
1.148
1.471
0.741
0.551
1.18
0.902
0.608
1.277
0.758
0.669
0.4
0.211
0.089
0.097
0.082
0.123
0.08
0.076
0.076
0.083
0.193
1.024
1.627
1.007
1.041
1.481
0.673
0.503
1.069
0.825
0.559
1.166
0.783
0.625
0.372
0.199
0.091
0.093
0.08
0.117
0.079
0.076
0.074
0.082
0.249
0.931
1.471
0.912
0.944
1.34
0.612
0.459
0.972
0.75
0.516
1.066
0.757
0.64
0.362
0.195
0.089
0.09
0.079
0.111
0.078
0.075
0.072
0.083
0.267
0.845
1.331
0.938
0.856
1.212
0.558
0.419
0.886
0.877
0.616
0.989
0.701
0.59
0.338
0.191
0.093
0.088
0.078
0.107
0.076
0.076
0.072
0.081
0.248
0.874
1.704
1.337
0.785
1.152
0.625
0.396
0.815
0.813
0.573
0.907
0.868
0.635
0.333
0.192
0.097
0.09
0.081
0.109
0.079
0.078
0.077
0.086
0.237
1.193
2.174
1.641
1.399
1.197
0.571
0.611
0.799
0.768
0.546
0.88
0.845
0.619
0.335
0.189
0.095
0.088
0.08
0.104
0.078
0.076
0.076
0.084
0.227
1.206
2.526
1.606
1.388
1.11
0.52
0.566
0.727
0.699
0.529
0.836
0.844
0.613
0.324
0.185
0.093
0.086
0.078
0.101
0.076
0.075
0.075
0.084
0.216
1.239
2.745
1.489
1.291
1.153
0.546
0.561
0.663
0.641
0.491
0.773
0.778
0.568
0.326
0.179
0.092
0.085
0.077
0.097
0.075
0.074
0.075
0.082
0.213
1.162
2.496
1.414
1.215
1.115
0.498
0.512
0.605
0.59
0.582
0.895
0.794
0.566
0.316
0.177
0.089
0.083
0.076
0.094
0.074
0.075
0.074
0.082
0.264
1.059
2.253
1.281
1.104
1.012
0.482
0.47
0.64
0.641
0.817
1.441
0.806
0.597
0.317
0.171
0.091
0.085
0.077
0.091
0.073
0.075
0.073
0.081
0.252
1.006
2.035
1.159
1.082
1.111
0.521
0.449
0.591
0.59
1.419
1.493
0.872
0.589
0.312
0.165
0.091
0.084
0.076
0.09
0.074
0.075
0.072
0.079
0.235
1.001
1.949
1.465
1.366
1.088
0.502
0.44
0.551
0.542
1.294
1.37
1.022
0.754
0.323
0.165
0.09
0.083
0.075
0.088
0.073
0.073
0.072
0.078
0.219
1.091
2.178
1.879
1.294
1.056
0.463
0.41
0.503
0.515
1.174
1.277
0.984
0.728
0.336
0.173
0.088
0.08
0.074
0.084
0.071
0.073
0.071
0.08
0.212
1.048
2.138
2.418
1.279
1.011
0.48
0.418
0.468
0.499
1.077
1.231
0.935
0.705
0.326
0.17
0.086
0.077
0.072
0.081
0.069
0.073
0.069
0.077
0.201
0.987
2.379
2.277
1.158
0.917
0.44
0.383
0.523
0.472
1.044
1.198
0.953
0.694
0.318
0.167
0.084
0.075
0.073
0.079
0.068
0.075
0.07
0.077
0.197
0.969
2.256
2.115
1.072
0.959
0.403
0.352
0.478
0.435
0.948
1.258
0.912
0.668
0.312
0.178
0.092
0.082
0.081
0.085
0.076
0.083
0.077
0.092
0.241
0.886
2.037
1.909
0.971
0.869
0.402
0.465
0.642
0.784
0.908
1.243
0.943
0.745
0.313
0.169
0.091
0.081
0.08
0.086
0.075
0.082
0.076
0.09
0.251
0.819
1.841
1.725
0.88
0.788
0.369
0.424
0.588
0.751
0.829
1.253
1.0
0.722
0.307
0.162
0.09
0.078
0.077
0.082
0.075
0.081
0.074
0.087
0.233
1.29
2.363
1.881
1.148
0.995
0.476
0.501
0.548
0.697
0.756
1.136
0.956
0.74
0.306
0.174
0.103
0.082
0.078
0.081
0.075
0.081
0.073
0.086
0.239
1.559
2.469
1.826
1.582
1.306
0.557
0.527
0.525
0.718
0.713
1.04
0.874
0.726
0.322
0.179
0.101
0.081
0.078
0.081
0.073
0.086
0.074
0.084
0.223
1.413
2.25
1.717
1.453
1.191
0.513
0.486
0.481
0.654
0.672
0.992
0.89
0.743
0.362
0.233
0.105
0.084
0.079
0.081
0.075
0.085
0.074
0.085
0.208
1.282
2.098
2.214
1.889
1.088
0.701
0.513
0.446
0.623
0.615
0.913
0.818
0.741
0.392
0.239
0.104
0.083
0.077
0.08
0.074
0.084
0.073
0.084
0.196
1.169
1.935
1.999
1.752
1.037
0.64
0.47
0.408
0.568
0.619
0.898
0.803
0.722
0.447
0.33
0.175
0.123
0.077
0.081
0.074
0.083
0.072
0.084
0.186
1.124
1.821
1.806
1.587
0.941
0.583
0.439
0.378
0.559
0.591
0.906
0.806
0.708
0.457
0.343
0.172
0.123
0.077
0.08
0.076
0.083
0.075
0.083
0.176
1.022
1.724
1.672
1.442
0.861
0.58
1.074
0.826
0.546
0.606
0.879
0.893
0.69
0.489
0.354
0.193
0.126
0.076
0.081
0.078
0.082
0.075
0.09
0.167
0.929
1.559
1.65
1.429
0.845
0.571
1.012
0.752
0.517
0.564
0.805
0.819
0.682
0.499
0.334
0.192
0.121
0.074
0.081
0.077
0.079
0.075
0.088
0.155
0.913
1.416
1.52
1.457
1.578
0.883
0.977
0.744
0.528
0.602
0.786
0.776
0.666
0.494
0.327
0.182
0.12
0.074
0.081
0.078
0.078
0.075
0.086
0.147
0.835
1.378
1.383
1.319
1.427
0.898
0.9
0.833
0.59
0.628
0.72
0.713
0.616
0.56
0.319
0.173
0.119
0.075
0.081
0.078
0.079
0.076
0.086
0.142
0.766
1.253
1.282
1.262
2.174
1.132
0.872
0.832
0.615
0.624
0.67
0.659
0.601
0.542
0.312
0.168
0.116
0.078
0.082
0.077
0.081
0.075
0.084
0.135
0.706
1.219
1.213
1.243
2.144
1.148
0.995
0.774
0.566
0.573
0.614
0.831
0.8
0.541
0.301
0.161
0.114
0.077
0.082
0.078
0.081
0.075
0.084
0.132
0.823
1.109
1.107
1.13
1.941
1.041
0.915
0.781
0.531
0.541
0.582
0.793
0.767
0.525
0.292
0.155
0.113
0.078
0.081
0.079
0.082
0.074
0.083
0.128
0.785
1.206
1.062
1.025
1.756
0.944
0.88
0.987
1.151
1.172
0.581
0.902
0.844
0.527
0.302
0.171
0.135
0.105
0.103
0.102
0.104
0.096
0.105
0.145
0.74
1.231
1.07
1.128
1.686
0.869
0.806
0.904
1.078
1.092
0.656
1.111
0.927
0.625
0.297
0.183
0.128
0.102
0.101
0.1
0.102
0.093
0.1
0.14
0.694
1.121
1.119
1.034
1.536
0.806
0.743
1.016
1.059
1.104
0.631
1.024
0.912
0.617
0.298
0.191
0.128
0.108
0.099
0.097
0.1
0.092
0.095
0.137
0.643
1.133
1.106
0.936
1.656
1.406
0.763
0.989
1.026
1.077
0.598
0.96
0.87
0.606
0.293
0.177
0.124
0.105
0.097
0.095
0.097
0.087
0.091
0.132
0.597
1.078
1.031
0.861
1.628
1.36
0.718
0.901
0.937
1.053
0.661
0.92
0.976
0.573
0.287
0.179
0.119
0.101
0.094
0.088
0.094
0.085
0.089
0.128
0.548
0.982
0.978
0.957
1.699
1.233
0.654
0.817
0.854
1.07
1.285
0.974
1.107
0.648
0.292
0.176
0.114
0.095
0.09
0.086
0.091
0.083
0.086
0.124
0.552
0.892
0.887
0.868
1.544
1.113
0.594
0.951
0.918
1.154
1.182
0.935
1.046
0.644
0.3
0.185
0.114
0.092
0.087
0.082
0.086
0.082
0.084
0.118
0.51
0.847
0.803
0.788
1.396
1.009
0.542
0.97
0.896
1.133
1.071
1.003
1.145
0.625
0.288
0.177
0.112
0.09
0.085
0.08
0.083
0.077
0.082
0.113
0.473
0.771
1.504
1.204
1.509
0.998
0.579
1.016
0.878
1.218
1.236
1.074
1.086
0.644
0.354
0.229
0.146
0.127
0.12
0.079
0.083
0.076
0.079
0.108
0.436
0.744
1.367
1.098
1.394
0.922
0.558
0.934
0.822
1.207
1.165
1.014
1.018
0.623
0.359
0.224
0.146
0.132
0.125
0.097
0.09
0.084
0.076
0.11
0.407
0.724
1.238
0.996
1.261
0.838
0.506
0.847
0.858
1.302
1.142
1.074
1.168
0.657
0.349
0.215
0.147
0.129
0.119
0.095
0.088
0.082
0.073
0.107
0.377
0.708
1.176
0.911
1.149
0.764
0.478
0.825
0.921
1.292
1.243
1.102
1.214
0.678
0.338
0.21
0.138
0.122
0.114
0.092
0.085
0.081
0.072
0.103
0.352
0.65
1.275
1.669
1.247
0.828
0.46
0.753
0.848
1.226
1.207
1.162
1.141
0.653
0.381
0.227
0.141
0.127
0.118
0.1
0.093
0.09
0.081
0.132
0.436
0.598
1.156
1.51
1.132
0.819
0.423
0.691
0.794
1.141
1.124
1.096
1.063
0.657
0.37
0.219
0.134
0.121
0.114
0.096
0.091
0.087
0.081
0.127
0.406
0.646
1.167
1.366
1.026
0.744
0.389
0.67
0.806
1.052
1.175
1.014
1.121
0.663
0.36
0.207
0.127
0.118
0.109
0.094
0.088
0.086
0.079
0.122
0.373
0.59
1.2
1.297
0.997
0.731
0.957
0.842
0.824
0.96
1.07
0.927
1.067
0.794
0.375
0.199
0.124
0.115
0.108
0.092
0.088
0.085
0.08
0.118
0.345
0.546
1.131
1.273
1.393
1.307
0.996
0.789
0.766
0.956
1.041
0.868
1.003
0.756
0.365
0.204
0.125
0.111
0.105
0.089
0.087
0.084
0.081
0.115
0.325
0.68
1.14
1.158
1.263
1.187
1.04
0.892
0.857
0.938
0.953
0.87
1.094
0.736
0.357
0.192
0.122
0.11
0.102
0.085
0.086
0.083
0.081
0.111
0.306
0.622
1.753
1.26
1.568
1.362
1.07
0.835
0.938
1.138
0.923
0.843
1.164
0.716
0.343
0.192
0.118
0.107
0.1
0.086
0.085
0.082
0.082
0.107
0.288
0.571
1.629
1.404
2.048
1.434
0.976
0.764
0.857
1.056
0.846
0.84
1.221
0.792
0.337
0.184
0.115
0.103
0.096
0.085
0.086
0.083
0.08
0.105
0.439
0.527
1.477
1.272
1.853
1.301
1.023
0.858
1.053
1.561
0.934
0.867
1.29
0.789
0.34
0.189
0.113
0.1
0.095
0.084
0.086
0.08
0.08
0.105
0.408
0.583
1.471
1.158
1.695
1.316
1.012
0.816
0.97
1.431
1.118
0.802
1.281
0.967
0.378
0.191
0.114
0.1
0.09
0.085
0.087
0.082
0.082
0.111
0.371
0.536
1.423
1.123
1.649
1.225
0.967
0.782
1.057
1.491
1.133
0.74
1.18
0.889
0.356
0.189
0.126
0.109
0.09
0.085
0.082
0.083
0.082
0.104
0.344
0.496
1.912
1.388
1.504
1.115
0.888
0.724
0.964
1.357
1.044
0.928
1.324
0.889
0.341
0.19
0.129
0.102
0.09
0.083
0.081
0.089
0.08
0.102
0.319
0.506
1.945
1.288
1.401
1.063
0.817
0.745
0.972
1.391
1.218
0.869
1.237
0.849
0.334
0.189
0.122
0.103
0.086
0.084
0.077
0.09
0.077
0.105
0.298
0.469
1.834
1.2
1.302
1.062
0.794
0.729
0.939
1.309
1.176
0.856
1.194
0.863
0.382
0.198
0.127
0.111
0.091
0.1
0.083
0.1
0.087
0.114
0.29
0.434
1.704
1.165
1.211
1.086
0.732
0.665
0.858
1.468
1.422
0.988
1.214
0.812
0.366
0.188
0.119
0.109
0.089
0.096
0.08
0.097
0.087
0.11
0.423
0.4
1.54
1.054
1.099
0.985
0.664
0.606
0.784
1.488
1.447
1.015
1.373
0.927
0.353
0.182
0.126
0.102
0.089
0.093
0.08
0.096
0.082
0.109
0.396
0.462
1.476
0.955
0.994
0.895
0.7
0.619
0.799
1.599
1.43
0.972
1.426
0.867
0.34
0.191
0.13
0.101
0.086
0.09
0.079
0.094
0.081
0.105
0.363
0.426
1.839
1.544
1.546
1.118
0.678
0.63
0.834
1.504
1.423
1.059
1.443
0.952
0.461
0.189
0.127
0.101
0.085
0.087
0.077
0.093
0.082
0.102
0.331
0.422
1.679
1.432
1.682
1.1
0.633
0.593
0.771
1.376
1.315
1.01
1.359
0.895
0.44
0.179
0.122
0.099
0.085
0.086
0.073
0.092
0.081
0.1
0.307
0.392
1.572
1.334
1.778
1.196
0.749
0.644
0.765
1.408
1.256
1.066
1.294
0.93
0.42
0.179
0.129
0.097
0.082
0.083
0.073
0.091
0.078
0.101
0.289
0.477
1.429
1.214
2.208
1.258
0.682
0.591
0.701
1.282
1.144
0.981
1.18
0.849
0.389
0.172
0.204
0.105
0.087
0.08
0.071
0.089
0.078
0.098
0.274
0.443
1.296
1.183
2.056
1.173
0.626
0.549
0.643
1.17
1.052
0.911
1.153
0.821
0.371
0.165
0.194
0.1
0.083
0.079
0.07
0.088
0.074
0.098
0.354
0.41
1.177
1.07
1.86
1.064
0.571
0.5
0.613
1.073
0.961
0.841
1.062
0.799
0.372
0.154
0.183
0.099
0.083
0.076
0.069
0.086
0.074
0.097
0.332
0.514
1.093
0.974
1.683
0.967
0.522
0.47
0.612
1.019
1.029
0.791
1.165
0.861
0.493
0.155
0.171
0.094
0.082
0.076
0.069
0.082
0.074
0.095
0.303
0.471
1.201
0.967
1.524
0.905
0.537
1.056
0.561
0.928
0.938
0.728
1.301
0.853
0.468
0.156
0.168
0.094
0.078
0.076
0.07
0.081
0.08
0.094
0.316
0.573
1.115
0.898
1.953
1.103
0.583
0.983
0.53
0.864
0.971
0.689
1.218
0.806
0.457
0.151
0.157
0.091
0.078
0.077
0.066
0.081
0.079
0.092
0.293
0.845
1.214
0.889
1.926
1.099
0.568
1.173
0.573
0.831
1.002
0.652
1.12
0.749
0.476
0.155
0.151
0.095
0.08
0.077
0.065
0.078
0.079
0.09
0.275
0.946
1.673
1.333
1.839
1.096
0.521
1.106
0.614
0.88
0.978
0.601
1.245
0.768
0.449
0.145
0.145
0.092
0.078
0.073
0.065
0.078
0.075
0.087
0.262
0.913
1.821
1.282
1.779
0.999
0.481
1.009
0.567
0.908
1.071
0.611
1.185
0.752
0.501
0.171
0.143
0.091
0.078
0.07
0.065
0.077
0.074
0.082
0.316
1.003
1.665
1.162
1.613
1.038
0.477
0.915
0.522
0.828
0.97
0.56
1.09
0.694
0.479
0.178
0.133
0.091
0.075
0.068
0.066
0.073
0.075
0.076
0.512
0.912
1.509
1.052
1.465
0.939
0.521
0.888
0.623
0.922
0.965
0.532
1.212
0.744
0.476
0.166
0.131
0.087
0.078
0.068
0.067
0.073
0.072
0.078
0.466
0.836
1.65
1.691
1.944
1.081
0.621
0.818
0.571
0.843
0.88
0.512
1.422
0.896
0.592
0.201
0.13
0.09
0.076
0.068
0.072
0.072
0.071
0.079
0.424
0.764
1.678
1.731
2.069
1.356
0.601
0.762
0.54
0.895
0.857
0.519
1.33
0.85
0.562
0.205
0.139
0.099
0.083
0.089
0.078
0.072
0.069
0.083
0.393
0.695
1.91
1.755
1.872
1.232
0.546
0.695
0.664
0.876
1.169
0.593
1.408
0.848
0.576
0.193
0.138
0.1
0.078
0.085
0.08
0.071
0.067
0.079
0.55
0.932
1.728
1.583
1.693
1.229
0.657
0.712
0.679
0.889
1.085
0.569
1.336
0.806
0.542
0.181
0.129
0.095
0.081
0.082
0.078
0.069
0.069
0.08
0.672
0.91
1.561
1.437
1.529
1.111
0.596
0.648
0.875
1.02
1.024
0.65
1.36
0.803
0.537
0.174
0.124
0.089
0.078
0.087
0.089
0.065
0.065
0.076
0.61
1.027
1.661
1.432
1.643
1.147
0.848
0.75
0.805
0.931
0.933
0.595
1.24
0.733
0.637
0.331
0.149
0.09
0.074
0.087
0.094
0.064
0.18
0.343
0.766
1.168
1.769
1.634
1.543
1.204
1.016
0.71
0.752
0.856
0.856
0.563
1.14
0.673
0.828
0.316
0.146
0.084
0.077
0.083
0.092
0.077
0.165
0.312
0.694
1.064
1.603
1.749
1.638
1.264
0.979
0.648
0.687
0.784
0.778
0.514
1.037
0.667
0.806
0.292
0.136
0.09
0.073
0.078
0.086
0.082
0.152
0.284
0.628
1.084
1.742
1.745
1.497
1.147
0.932
0.67
0.649
0.79
0.91
0.489
0.994
0.646
0.757
0.286
0.142
0.093
0.081
0.093
0.09
0.08
0.14
0.276
0.573
1.265
1.663
1.577
1.353
1.046
0.843
0.615
0.73
1.012
1.347
0.827
1.14
0.642
0.787
0.27
0.132
0.095
0.088
0.087
0.085
0.075
0.137
0.254
0.519
1.143
1.864
1.667
1.238
0.966
0.777
0.569
0.921
1.246
1.968
0.862
1.137
0.731
0.832
0.259
0.132
0.109
0.089
0.084
0.079
0.072
0.139
0.386
0.703
1.083
1.697
1.518
1.147
0.894
0.713
0.516
0.836
1.462
1.936
0.99
1.252
0.703
0.753
0.243
0.123
0.114
0.085
0.08
0.076
0.077
0.134
0.352
0.637
0.981
1.544
1.575
1.206
0.859
0.686
0.498
0.78
1.346
1.786
0.94
1.17
0.691
0.716
0.253
0.135
0.125
0.089
0.09
0.09
0.082
0.13
0.32
0.578
0.898
1.49
1.673
1.389
0.891
0.627
0.452
0.706
1.215
1.842
1.109
1.355
0.902
0.672
0.238
0.127
0.117
0.091
0.124
0.091
0.077
0.121
0.292
0.523
0.82
1.354
1.876
1.459
1.019
0.923
0.603
0.657
1.161
1.701
1.058
1.263
0.845
0.629
0.223
0.12
0.109
0.086
0.123
0.083
0.069
0.111
0.275
0.475
0.968
1.427
1.778
1.621
1.092
0.863
0.563
0.643
1.103
1.597
0.985
1.185
0.817
0.586
0.227
0.122
0.114
0.092
0.126
0.086
0.085
0.107
0.253
0.442
0.881
1.514
1.716
1.498
0.995
0.787
0.567
0.654
1.201
1.605
1.031
1.234
0.76
0.542
0.213
0.124
0.107
0.086
0.118
0.082
0.09
0.103
0.233
0.405
0.8
1.367
1.869
1.858
1.409
0.76
0.565
0.61
1.109
1.497
0.969
1.147
0.755
0.516
0.199
0.117
0.101
0.091
0.111
0.078
0.086
0.098
0.22
0.381
0.951
1.298
1.69
1.725
1.273
0.731
0.535
0.571
1.044
1.392
0.981
1.109
0.743
0.505
0.2
0.12
0.106
0.094
0.112
0.077
0.082
0.092
0.203
0.35
0.869
1.233
1.702
1.654
1.322
0.732
0.497
0.733
1.032
1.332
0.919
1.04
0.719
0.495
0.207
0.126
0.11
0.1
0.109
0.076
0.087
0.088
0.191
0.328
0.787
1.116
1.591
1.531
1.228
0.672
0.46
0.675
0.943
1.212
0.842
1.209
0.712
0.485
0.194
0.119
0.105
0.096
0.103
0.086
0.085
0.088
0.177
0.3
0.757
1.022
1.594
1.5
1.175
0.679
0.451
0.634
0.881
1.217
0.816
1.118
0.677
0.48
0.199
0.118
0.1
0.091
0.108
0.082
0.082
0.084
0.165
0.276
0.691
0.999
1.505
1.914
1.544
0.663
0.449
0.604
0.915
1.269
0.78
1.055
0.647
0.467
0.194
0.117
0.096
0.088
0.109
0.08
0.079
0.087
0.156
0.26
0.629
1.005
1.391
1.901
1.487
0.856
0.502
0.609
0.884
1.207
0.789
1.03
0.656
0.461
0.226
0.128
0.102
0.101
0.107
0.077
0.079
0.09
0.146
0.242
0.583
0.912
1.387
1.827
1.621
0.846
0.509
0.57
0.929
1.141
0.889
1.166
0.802
0.498
0.211
0.121
0.105
0.095
0.101
0.082
0.076
0.087
0.141
0.227
0.611
0.895
1.261
1.653
1.464
0.774
0.468
0.519
0.873
1.089
0.883
1.118
0.769
0.471
0.197
0.122
0.101
0.091
0.102
0.079
0.074
0.09
0.135
0.29
0.563
0.814
1.146
1.5
1.323
0.705
0.431
0.563
0.895
1.01
0.852
1.08
0.735
0.449
0.2
0.115
0.096
0.093
0.098
0.078
0.075
0.086
0.134
0.279
0.518
0.75
1.062
2.123
1.57
0.646
0.404
0.522
0.817
0.964
0.805
1.067
0.716
0.422
0.201
0.115
0.097
0.089
0.098
0.076
0.078
0.087
0.126
0.26
0.473
1.041
1.041
1.925
1.423
0.596
0.371
0.475
0.745
0.877
0.735
1.029
0.944
0.416
0.188
0.113
0.097
0.089
0.097
0.073
0.079
0.083
0.122
0.24
0.436
0.972
1.045
2.122
1.448
0.566
0.361
0.458
0.744
0.834
0.7
0.977
0.912
0.424
0.181
0.11
0.095
0.084
0.097
0.073
0.075
0.083
0.116
0.231
0.406
0.878
0.954
2.113
1.347
0.586
0.414
0.447
0.7
0.771
0.667
0.921
0.868
0.445
0.181
0.117
0.099
0.08
0.095
0.075
0.071
0.082
0.112
0.219
0.377
0.829
0.92
1.907
1.221
0.538
0.378
0.413
0.643
0.709
0.727
1.097
0.894
0.437
0.181
0.114
0.098
0.076
0.094
0.075
0.068
0.083
0.105
0.218
0.461
1.322
1.194
2.277
1.468
0.573
0.353
0.381
0.595
0.704
0.687
1.035
0.847
0.408
0.172
0.114
0.092
0.077
0.092
0.071
0.071
0.078
0.103
0.27
0.429
1.209
1.082
2.062
1.327
0.561
0.332
0.366
0.582
0.727
0.665
0.977
0.819
0.413
0.174
0.123
0.101
0.084
0.1
0.081
0.075
0.078
0.101
0.259
0.397
1.188
1.016
2.062
1.296
0.578
0.313
0.378
0.538
0.782
0.804
1.146
0.895
0.413
0.187
0.125
0.098
0.081
0.097
0.081
0.071
0.078
0.102
0.242
0.545
1.132
0.931
1.87
1.186
0.531
0.297
0.353
0.5
0.807
0.777
1.093
0.847
0.389
0.182
0.13
0.095
0.083
0.091
0.083
0.069
0.075
0.103
0.222
0.501
1.061
0.966
1.921
1.397
0.534
0.289
0.327
0.475
0.812
0.747
1.021
0.801
0.387
0.198
0.134
0.112
0.089
0.094
0.096
0.075
0.08
0.113
0.218
0.474
1.01
0.882
1.771
1.448
0.491
0.593
0.375
0.44
0.759
0.829
1.178
0.872
0.362
0.19
0.125
0.111
0.085
0.089
0.096
0.071
0.083
0.107
0.206
0.693
0.923
0.797
1.604
1.308
0.447
0.544
0.346
0.407
0.741
0.904
1.35
1.043
0.349
0.193
0.125
0.105
0.087
0.084
0.091
0.075
0.078
0.109
0.198
0.631
0.901
1.052
2.461
1.431
0.414
0.501
0.328
0.507
0.777
0.875
1.267
1.108
0.549
0.217
0.13
0.109
0.098
0.088
0.097
0.072
0.08
0.169
0.452
0.574
0.821
0.951
2.225
1.292
0.459
0.655
0.469
0.866
1.216
1.074
1.391
1.062
0.526
0.218
0.12
0.108
0.098
0.084
0.104
0.068
0.08
0.163
0.42
0.532
0.787
1.017
2.079
1.243
0.501
0.746
0.518
1.062
1.29
1.042
1.434
1.024
0.5
0.209
0.114
0.111
0.092
0.083
0.111
0.065
0.077
0.161
0.382
0.529
0.753
0.968
1.922
1.168
0.504
1.223
1.124
1.051
1.686
1.574
1.463
0.964
0.479
0.192
0.107
0.114
0.086
0.08
0.113
0.062
0.076
0.165
0.35
0.796
0.981
0.949
2.073
1.831
0.8
1.161
1.096
1.08
1.613
1.476
1.359
0.925
0.454
0.182
0.109
0.106
0.082
0.077
0.113
0.06
0.073
0.16
0.33
0.779
0.907
0.868
1.872
1.655
0.788
1.13
1.087
1.225
1.474
1.349
1.383
1.018
0.456
0.172
0.11
0.1
0.078
0.081
0.107
0.057
0.078
0.148
0.323
0.727
0.871
0.798
2.247
2.031
0.753
1.075
1.041
1.154
1.368
1.426
1.484
0.984
0.435
0.168
0.107
0.094
0.081
0.077
0.107
0.056
0.078
0.142
0.301
0.67
0.79
0.842
2.077
1.905
0.686
0.973
0.949
1.082
1.311
1.435
1.613
0.994
0.406
0.156
0.104
0.093
0.078
0.079
0.101
0.061
0.075
0.134
0.343
0.615
0.726
0.766
1.88
1.721
0.631
0.882
0.868
1.029
1.247
1.373
1.582
1.019
0.439
0.225
0.112
0.093
0.08
0.075
0.101
0.059
0.077
0.129
0.326
0.601
0.665
0.694
1.703
1.849
1.233
1.174
0.878
1.042
1.191
1.288
1.489
0.986
0.458
0.264
0.163
0.138
0.119
0.118
0.136
0.109
0.116
0.144
0.343
0.63
0.68
0.87
1.904
1.723
1.119
1.079
0.847
1.005
1.123
1.216
1.438
1.213
0.443
0.246
0.157
0.13
0.117
0.111
0.133
0.102
0.116
0.133
0.32
0.574
0.641
0.909
2.085
1.943
1.12
1.068
0.837
1.057
1.104
1.142
1.367
1.167
0.459
0.259
0.17
0.148
0.132
0.132
0.145
0.128
0.134
0.147
0.326
0.55
0.652
0.867
1.95
1.797
1.262
1.025
0.81
1.008
1.082
1.043
1.295
1.116
0.44
0.255
0.159
0.144
0.122
0.124
0.142
0.122
0.131
0.137
0.304
0.512
0.628
0.86
1.78
1.756
1.402
0.979
0.786
0.968
1.025
0.995
1.217
1.327
0.459
0.244
0.148
0.141
0.115
0.119
0.135
0.115
0.132
0.138
0.286
0.466
0.577
0.826
1.753
1.706
1.271
0.89
0.714
0.875
1.004
1.224
1.317
1.224
0.432
0.234
0.138
0.138
0.108
0.111
0.134
0.107
0.122
0.129
0.538
0.431
0.527
0.747
1.588
1.542
1.149
0.837
0.662
0.799
0.916
1.194
1.495
1.313
0.433
0.217
0.133
0.133
0.102
0.104
0.13
0.104
0.114
0.123
0.501
0.403
0.614
1.357
1.692
1.784
1.109
0.827
0.659
0.772
0.895
1.093
1.368
1.252
0.46
0.23
0.15
0.135
0.112
0.114
0.129
0.1
0.113
0.115
0.462
0.38
0.965
1.567
1.951
1.826
1.142
0.801
0.87
0.808
0.87
1.04
1.465
1.32
0.468
0.243
0.176
0.126
0.108
0.111
0.121
0.1
0.106
0.107
0.429
0.394
0.888
1.429
1.771
1.661
1.045
0.76
0.849
0.762
0.808
1.017
1.361
1.232
0.46
0.231
0.169
0.118
0.107
0.104
0.12
0.093
0.106
0.101
0.399
0.393
0.841
1.347
1.647
1.573
1.043
1.112
0.818
0.781
0.83
1.215
1.438
1.37
0.465
0.223
0.161
0.11
0.107
0.098
0.115
0.091
0.1
0.103
0.366
0.362
0.77
1.273
1.572
1.701
1.085
1.055
0.787
0.941
0.899
1.112
1.596
1.335
0.463
0.214
0.149
0.11
0.102
0.091
0.116
0.086
0.094
0.103
0.347
0.366
0.704
1.161
1.446
1.675
0.985
0.954
0.722
0.857
0.82
1.043
1.504
1.246
0.44
0.211
0.141
0.104
0.104
0.087
0.108
0.089
0.091
0.097
0.325
0.347
0.675
1.06
1.314
1.514
0.893
0.865
0.661
0.979
1.387
1.152
1.464
1.279
0.442
0.203
0.13
0.103
0.11
0.083
0.102
0.084
0.097
0.091
0.344
0.324
0.615
0.966
1.188
1.37
0.964
1.298
1.193
1.661
1.673
1.274
1.736
1.211
0.422
0.19
0.129
0.098
0.102
0.087
0.096
0.08
0.095
0.095
0.319
0.615
0.602
0.881
1.081
1.244
0.879
1.181
1.079
1.499
1.522
1.154
1.573
1.099
0.393
0.176
0.121
0.092
0.105
0.083
0.091
0.077
0.107
0.091
0.292
0.567
0.555
0.805
0.979
1.127
0.814
1.196
1.07
1.432
1.45
1.136
1.525
1.097
0.399
0.163
0.114
0.093
0.104
0.078
0.087
0.074
0.11
0.088
0.275
0.52
0.595
0.749
0.95
1.129
0.811
1.201
1.05
1.313
1.347
1.06
1.406
1.014
0.389
0.164
0.106
0.094
0.099
0.075
0.082
0.078
0.103
0.084
0.257
0.481
0.651
0.679
0.978
1.537
0.877
1.165
1.0
1.631
1.394
1.185
1.509
1.137
0.388
0.157
0.101
0.09
0.097
0.07
0.084
0.075
0.096
0.09
0.245
0.439
0.697
0.724
1.23
1.447
0.798
1.056
0.914
1.593
1.565
1.118
1.407
1.373
0.704
0.335
0.103
0.085
0.096
0.069
0.083
0.075
0.092
0.089
0.491
0.406
0.631
0.663
1.115
1.316
0.912
0.976
0.914
1.491
1.469
1.148
1.384
1.324
0.723
0.359
0.151
0.128
0.144
0.115
0.127
0.123
0.137
0.131
0.503
0.565
0.622
0.651
1.058
1.258
0.921
0.969
0.888
1.448
1.421
1.083
1.292
1.219
0.676
0.333
0.14
0.127
0.133
0.108
0.125
0.114
0.128
0.129
0.456
0.513
0.756
0.741
1.093
1.142
0.834
0.882
0.804
1.314
1.284
0.979
1.177
1.102
0.649
0.317
0.135
0.118
0.13
0.101
0.121
0.107
0.121
0.137
0.414
0.471
0.762
0.855
1.213
1.35
0.946
0.824
0.736
1.198
1.173
0.909
1.136
1.043
0.608
0.297
0.13
0.109
0.126
0.094
0.117
0.103
0.113
0.134
0.385
0.434
0.828
0.865
1.144
1.341
0.922
0.806
0.727
1.146
1.24
0.951
1.227
0.971
0.569
0.278
0.12
0.108
0.128
0.088
0.109
0.103
0.105
0.127
0.359
0.407
0.839
0.785
1.056
1.214
0.836
0.734
0.689
1.076
1.131
0.864
1.392
1.042
0.526
0.256
0.119
0.101
0.119
0.09
0.101
0.097
0.104
0.118
0.341
0.416
1.216
0.964
1.044
1.185
0.764
0.665
0.631
0.977
1.031
0.83
1.365
1.004
0.497
0.248
0.118
0.094
0.111
0.092
0.095
0.092
0.113
0.112
0.355
0.393
1.103
0.873
0.948
1.077
0.717
0.703
0.643
0.892
1.436
0.986
1.253
0.929
0.484
0.244
0.116
0.089
0.104
0.093
0.089
0.092
0.11
0.106
0.369
0.647
1.006
0.794
0.864
1.033
0.917
0.78
0.678
1.094
1.347
0.896
1.469
1.061
0.491
0.228
0.113
0.088
0.098
0.09
0.097
0.089
0.107
0.1
0.342
0.594
0.976
0.877
0.904
1.1
0.988
0.926
0.834
1.174
1.222
0.815
1.408
1.004
0.485
0.233
0.108
0.087
0.092
0.088
0.095
0.085
0.101
0.097
0.313
0.544
0.942
0.884
1.172
1.388
0.907
0.855
0.765
1.118
1.116
0.772
1.313
0.943
0.469
0.227
0.101
0.096
0.085
0.083
0.092
0.079
0.099
0.091
0.345
0.5
0.853
0.875
1.434
1.361
0.874
0.82
0.692
1.02
1.015
0.713
1.29
0.926
0.46
0.212
0.1
0.089
0.08
0.084
0.086
0.074
0.097
0.087
0.318
0.516
0.772
0.793
1.416
1.267
0.985
1.258
0.716
1.004
1.02
0.696
1.241
0.922
0.456
0.226
0.093
0.085
0.08
0.078
0.084
0.072
0.09
0.081
0.303
0.475
0.745
0.75
1.369
1.261
0.953
1.194
0.701
0.963
0.973
0.722
1.216
0.895
0.427
0.214
0.091
0.08
0.089
0.086
0.078
0.073
0.084
0.087
0.318
0.438
0.681
0.685
1.24
1.146
0.932
1.092
0.674
0.897
0.887
0.669
1.197
0.888
0.427
0.215
0.099
0.094
0.095
0.098
0.085
0.086
0.091
0.101
0.311
0.493
0.625
0.625
1.127
1.034
0.89
1.039
0.703
0.929
1.15
1.014
1.18
0.992
0.478
0.22
0.094
0.09
0.093
0.095
0.081
0.082
0.089
0.097
0.304
0.485
0.647
0.712
1.168
0.992
0.82
0.947
0.648
0.862
1.055
0.936
1.172
0.979
0.483
0.217
0.1
0.096
0.101
0.101
0.09
0.098
0.096
0.105
0.291
0.865
0.92
0.918
1.327
1.312
0.843
0.934
0.667
0.926
1.143
0.907
1.113
0.945
0.487
0.226
0.112
0.111
0.113
0.112
0.1
0.109
0.108
0.116
0.296
0.811
0.907
1.042
1.214
1.202
0.79
0.902
0.627
0.883
1.055
0.955
1.127
0.988
0.482
0.229
0.125
0.124
0.123
0.122
0.114
0.121
0.119
0.131
0.304
0.793
0.872
1.047
1.198
1.159
0.778
0.835
0.585
0.822
0.979
0.934
1.066
0.932
0.478
0.247
0.132
0.135
0.134
0.134
0.123
0.132
0.13
0.142
0.295
0.737
0.851
1.222
1.294
1.165
0.765
0.775
0.549
0.762
0.934
0.869
1.05
0.91
0.457
0.246
0.141
0.145
0.144
0.144
0.142
0.141
0.141
0.152
0.326
0.69
0.789
1.125
1.186
1.076
0.713
0.777
0.531
0.727
0.889
0.825
0.99
0.857
0.452
0.259
0.169
0.155
0.154
0.152
0.151
0.151
0.151
0.164
0.329
0.704
0.744
1.048
1.1
0.998
0.715
0.781
0.509
0.684
0.814
0.806
0.966
0.837
0.456
0.246
0.157
0.146
0.146
0.144
0.143
0.142
0.142
0.154
0.301
0.689
0.765
1.033
1.109
1.091
1.166
0.795
0.588
0.697
0.787
0.756
0.876
0.766
0.417
0.228
0.148
0.139
0.138
0.135
0.135
0.135
0.134
0.146
0.278
0.652
0.706
1.111
1.641
1.376
1.31
0.74
0.547
0.71
0.758
0.7
0.835
0.731
0.412
0.215
0.142
0.132
0.131
0.128
0.127
0.128
0.127
0.144
0.267
0.601
0.71
1.242
1.553
1.304
1.234
0.748
0.627
0.71
0.744
0.695
0.787
0.691
0.393
0.202
0.148
0.126
0.125
0.119
0.121
0.122
0.12
0.138
0.248
0.578
0.655
1.207
1.443
1.258
1.362
0.694
0.59
0.658
0.696
0.643
0.745
0.677
0.388
0.195
0.143
0.122
0.12
0.112
0.114
0.118
0.116
0.142
0.238
0.554
0.599
1.145
1.33
1.179
1.233
0.635
0.54
0.6
0.658
0.609
0.716
0.639
0.37
0.197
0.138
0.117
0.115
0.114
0.109
0.113
0.111
0.137
0.261
0.507
0.546
1.037
1.202
1.105
1.116
0.577
0.497
0.553
0.605
0.631
0.714
0.628
0.353
0.184
0.133
0.109
0.11
0.109
0.106
0.108
0.107
0.133
0.294
0.462
0.497
0.94
1.089
1.001
1.012
0.531
0.494
0.515
0.57
0.62
0.674
0.601
0.358
0.185
0.127
0.106
0.105
0.105
0.101
0.103
0.102
0.134
0.291
0.468
0.478
0.92
1.049
0.932
0.943
0.505
0.469
0.488
0.532
0.569
0.617
0.565
0.35
0.179
0.121
0.103
0.101
0.101
0.096
0.099
0.096
0.129
0.307
0.666
0.596
1.224
1.511
0.954
0.866
0.463
0.437
0.485
0.525
0.544
0.602
0.683
0.429
0.168
0.116
0.098
0.097
0.098
0.092
0.094
0.093
0.128
0.329
0.61
0.548
1.158
1.418
0.949
0.852
0.484
0.447
0.489
0.527
0.545
0.688
0.66
0.394
0.157
0.111
0.095
0.094
0.101
0.089
0.092
0.091
0.126
0.336
0.56
0.5
1.049
1.283
0.865
0.776
0.442
0.421
0.509
0.805
0.64
0.674
0.606
0.364
0.149
0.103
0.092
0.091
0.096
0.088
0.086
0.09
0.146
0.317
0.512
0.459
0.947
1.164
0.783
0.707
0.405
0.387
0.469
0.753
0.643
0.76
0.564
0.339
0.139
0.1
0.087
0.09
0.088
0.096
0.082
0.085
0.145
0.397
0.765
0.461
0.938
1.128
0.767
0.707
0.538
0.396
0.448
0.714
0.618
0.722
0.56
0.329
0.152
0.117
0.089
0.084
0.087
0.093
0.077
0.083
0.142
0.382
0.769
0.499
0.939
1.089
0.767
0.713
0.564
0.417
0.458
0.704
0.579
0.659
0.511
0.303
0.144
0.112
0.094
0.081
0.084
0.091
0.074
0.082
0.136
0.4
0.757
0.5
0.934
1.075
0.833
0.761
0.757
0.508
0.494
0.712
0.613
0.656
0.488
0.297
0.157
0.127
0.108
0.092
0.083
0.089
0.071
0.08
0.128
0.517
0.975
0.589
0.869
0.992
0.773
0.711
0.707
0.475
0.448
0.648
0.558
0.639
0.639
0.295
0.165
0.14
0.123
0.105
0.097
0.087
0.07
0.076
0.123
0.472
0.884
0.628
1.118
1.035
0.751
0.777
0.669
0.535
0.451
0.633
0.54
0.692
0.634
0.31
0.176
0.151
0.137
0.128
0.103
0.088
0.069
0.078
0.125
0.669
0.896
0.573
1.013
0.94
0.685
0.718
0.614
0.495
0.476
0.644
0.564
0.746
0.623
0.311
0.183
0.165
0.147
0.132
0.102
0.082
0.073
0.077
0.128
0.615
1.067
1.101
1.026
0.986
0.681
0.709
0.606
0.507
0.496
0.637
0.626
0.737
0.643
0.316
0.187
0.172
0.17
0.141
0.103
0.087
0.072
0.073
0.131
0.843
1.083
1.015
0.94
0.9
0.752
0.655
0.594
0.469
0.467
0.591
0.579
0.684
0.599
0.306
0.189
0.167
0.156
0.14
0.109
0.081
0.073
0.074
0.127
0.845
1.059
1.04
0.974
0.938
0.804
0.661
0.606
0.494
0.501
0.602
0.602
0.681
0.581
0.302
0.202
0.171
0.17
0.139
0.118
0.076
0.076
0.07
0.123
0.765
1.011
1.313
1.68
1.341
0.802
0.7
0.657
0.541
0.523
0.621
0.675
0.707
0.566
0.3
0.207
0.178
0.183
0.153
0.13
0.076
0.074
0.069
0.165
1.036
0.93
1.24
1.542
1.399
0.803
0.703
0.631
0.558
0.554
0.604
0.879
0.69
0.559
0.297
0.211
0.185
0.189
0.164
0.137
0.074
0.071
0.071
0.241
1.056
0.997
1.215
1.462
1.285
0.75
0.662
0.597
0.573
0.517
0.559
0.856
0.689
0.557
0.3
0.215
0.192
0.195
0.173
0.148
0.079
0.069
0.069
0.229
0.997
0.938
1.145
1.376
1.195
0.721
0.637
0.571
0.55
0.514
0.536
0.811
0.688
0.558
0.313
0.226
0.198
0.201
0.18
0.159
0.094
0.066
0.07
0.222
0.951
0.854
1.039
1.249
1.084
0.656
0.58
0.519
0.5
0.495
0.542
0.758
0.632
0.514
0.292
0.21
0.185
0.188
0.171
0.153
0.091
0.066
0.068
0.216
0.865
0.772
0.942
1.13
0.983
0.595
0.53
0.477
0.46
0.468
0.497
0.71
0.665
0.514
0.3
0.215
0.193
0.19
0.155
0.145
0.089
0.063
0.068
0.208
0.857
0.708
0.868
1.035
1.047
0.605
0.509
0.466
0.485
0.469
0.523
0.721
0.697
0.551
0.334
0.241
0.22
0.217
0.185
0.176
0.127
0.095
0.12
0.292
0.852
0.693
0.834
0.981
0.992
0.593
0.497
0.454
0.467
0.454
0.496
0.657
0.639
0.509
0.316
0.224
0.204
0.201
0.171
0.163
0.121
0.091
0.115
0.271
0.778
0.633
0.766
0.902
0.909
0.537
0.459
0.421
0.428
0.417
0.455
0.604
0.584
0.462
0.29
0.213
0.19
0.187
0.161
0.152
0.113
0.087
0.109
0.26
0.714
0.575
0.693
0.82
0.827
0.49
0.42
0.382
0.395
0.418
0.44
0.624
0.616
0.459
0.293
0.22
0.195
0.194
0.171
0.146
0.108
0.084
0.11
0.25
0.674
0.533
0.81
0.79
0.77
0.564
0.404
0.373
0.369
0.872
0.723
0.647
0.634
0.471
0.286
0.222
0.202
0.201
0.18
0.155
0.121
0.09
0.108
0.238
0.66
0.596
0.858
0.77
0.788
0.514
0.373
0.346
0.339
0.792
0.666
0.617
0.689
0.471
0.296
0.228
0.207
0.206
0.173
0.146
0.116
0.087
0.102
0.251
0.603
0.543
0.775
0.7
0.717
0.502
0.386
0.375
0.532
0.866
0.679
0.627
0.695
0.492
0.296
0.229
0.21
0.211
0.18
0.157
0.131
0.104
0.124
0.324
0.635
0.636
0.796
0.717
0.787
0.528
0.421
0.423
0.557
0.905
0.69
0.634
0.655
0.482
0.292
0.233
0.206
0.197
0.168
0.148
0.124
0.099
0.119
0.297
0.635
0.758
0.823
0.726
0.828
0.55
0.408
0.408
0.546
0.844
0.647
0.597
0.697
0.494
0.291
0.236
0.211
0.202
0.177
0.158
0.146
0.114
0.119
0.274
0.801
1.527
0.987
0.687
0.779
0.52
0.393
0.415
0.55
0.804
0.64
0.597
0.685
0.508
0.295
0.239
0.216
0.206
0.184
0.166
0.147
0.108
0.115
0.282
0.755
1.381
0.894
0.624
0.707
0.475
0.532
0.386
0.512
0.74
0.605
0.59
0.707
0.531
0.307
0.241
0.219
0.21
0.192
0.174
0.158
0.122
0.117
0.304
0.7
1.388
0.889
0.615
0.721
0.481
0.536
0.404
0.5
0.694
0.571
0.616
0.752
0.544
0.305
0.242
0.223
0.214
0.197
0.183
0.167
0.135
0.135
0.299
0.668
1.261
0.807
0.56
0.655
0.44
0.489
0.372
0.457
0.632
0.524
0.644
0.734
0.537
0.306
0.244
0.225
0.218
0.202
0.19
0.161
0.127
0.164
0.288
0.612
1.142
0.734
0.511
0.619
0.401
0.447
0.346
0.425
0.582
0.483
0.603
0.685
0.572
0.307
0.246
0.227
0.222
0.206
0.196
0.169
0.119
0.165
0.284
0.578
1.04
0.671
0.471
0.567
0.372
0.441
0.322
0.397
0.531
0.443
0.551
0.632
0.528
0.282
0.228
0.233
0.213
0.192
0.182
0.159
0.113
0.155
0.262
0.56
1.519
1.331
0.552
0.756
0.366
0.436
0.315
0.385
0.507
0.476
0.585
0.981
0.609
0.287
0.23
0.235
0.216
0.199
0.19
0.16
0.109
0.146
0.243
0.538
1.384
1.369
0.994
0.971
0.386
0.427
0.309
0.372
0.514
0.471
0.565
0.935
0.598
0.288
0.236
0.237
0.221
0.204
0.195
0.16
0.105
0.137
0.226
0.524
1.265
1.316
1.037
0.965
0.407
0.44
0.337
0.389
0.518
0.484
0.615
0.934
0.597
0.287
0.236
0.238
0.224
0.209
0.2
0.169
0.1
0.131
0.219
0.525
1.149
1.193
0.942
0.878
0.374
0.406
0.312
0.37
0.505
0.454
0.65
0.931
0.603
0.291
0.238
0.24
0.228
0.213
0.204
0.176
0.105
0.127
0.211
0.484
1.447
1.818
1.121
0.867
0.41
0.437
0.353
0.453
0.551
0.47
0.635
0.921
0.644
0.339
0.241
0.242
0.231
0.217
0.209
0.183
0.12
0.153
0.25
0.458
1.315
1.655
1.014
0.792
0.38
0.402
0.334
0.419
0.507
0.442
0.601
0.847
0.605
0.32
0.225
0.227
0.215
0.202
0.195
0.171
0.115
0.144
0.239
0.51
1.195
1.579
0.979
0.913
0.369
0.39
0.329
0.404
0.497
0.428
0.895
1.151
0.6
0.318
0.231
0.231
0.219
0.207
0.201
0.179
0.118
0.137
0.238
0.518
1.094
1.429
0.887
0.832
0.346
0.357
0.367
0.642
0.543
0.487
0.946
1.295
0.613
0.345
0.238
0.237
0.229
0.22
0.211
0.19
0.135
0.134
0.222
0.672
1.156
1.472
1.435
1.002
0.342
0.44
0.366
0.606
0.519
0.517
0.903
1.22
0.603
0.343
0.241
0.237
0.231
0.223
0.215
0.196
0.147
0.148
0.225
0.648
1.071
1.487
1.348
0.962
0.362
0.515
0.399
0.61
0.542
0.543
0.928
1.169
0.601
0.358
0.249
0.239
0.232
0.225
0.218
0.197
0.138
0.142
0.219
0.626
1.097
1.415
1.242
0.874
0.353
0.474
0.369
0.558
0.507
0.577
0.927
1.119
0.6
0.352
0.251
0.239
0.233
0.227
0.22
0.183
0.131
0.145
0.21
0.87
1.129
1.286
1.169
0.814
0.325
0.433
0.338
0.51
0.487
0.529
0.868
1.092
0.609
0.344
0.252
0.24
0.235
0.23
0.224
0.19
0.132
0.141
0.203
0.789
1.041
1.255
1.176
0.801
0.33
0.401
0.35
0.466
0.447
0.484
0.854
1.049
0.613
0.342
0.259
0.242
0.241
0.221
0.208
0.178
0.125
0.134
0.195
0.758
0.948
1.136
1.065
0.743
0.557
0.367
0.32
0.431
0.417
0.451
0.857
1.031
0.612
0.341
0.26
0.245
0.242
0.224
0.212
0.185
0.129
0.127
0.182
0.781
1.106
1.864
1.163
0.757
0.7
0.421
0.365
0.502
0.404
0.416
0.782
0.994
0.65
0.345
0.258
0.245
0.243
0.229
0.216
0.192
0.141
0.139
0.174
0.95
1.819
2.054
1.352
1.134
0.695
0.392
0.347
0.554
0.391
0.424
0.749
0.989
0.64
0.34
0.259
0.246
0.244
0.232
0.221
0.198
0.144
0.14
0.177
0.87
1.679
1.876
1.243
1.047
0.633
0.402
0.322
0.51
0.399
0.412
0.693
0.921
0.627
0.313
0.241
0.229
0.225
0.214
0.207
0.185
0.135
0.134
0.207
0.804
1.633
1.704
1.137
0.958
0.619
0.421
0.514
0.846
0.533
1.079
1.008
0.935
0.607
0.311
0.243
0.231
0.228
0.219
0.211
0.191
0.147
0.141
0.204
0.729
1.515
1.632
1.124
0.925
0.563
0.384
0.475
0.769
1.144
1.619
1.128
1.017
0.621
0.308
0.245
0.236
0.23
0.222
0.216
0.199
0.165
0.156
0.252
0.67
1.369
1.477
1.023
0.842
0.513
0.371
0.509
0.784
1.174
1.519
1.07
0.941
0.587
0.309
0.256
0.236
0.234
0.224
0.22
0.204
0.173
0.533
0.883
0.666
1.314
1.356
0.945
0.785
0.486
0.361
0.482
0.853
1.18
1.413
0.995
0.878
0.54
0.283
0.239
0.22
0.224
0.208
0.206
0.189
0.164
0.803
1.428
0.631
1.216
1.248
0.876
0.74
0.469
0.359
0.469
0.812
1.095
1.305
0.973
0.84
0.536
0.307
0.241
0.203
0.21
0.195
0.191
0.177
0.155
0.73
1.294
0.601
1.106
1.135
0.795
0.683
0.434
0.336
0.432
0.741
0.994
1.185
0.893
0.766
0.492
0.286
0.225
0.191
0.196
0.181
0.18
0.167
0.144
0.67
1.18
0.552
1.003
1.027
0.724
0.619
0.401
0.308
0.4
0.679
0.908
1.078
0.814
0.7
0.452
0.272
0.211
0.186
0.184
0.169
0.168
0.157
0.135
0.614
1.073
0.508
0.909
0.93
0.664
0.567
0.369
0.283
0.369
0.621
0.829
1.322
1.443
1.037
0.565
0.287
0.219
0.192
0.191
0.178
0.176
0.168
0.148
0.579
1.001
0.507
0.959
1.532
1.086
0.703
0.49
0.413
0.543
0.814
0.856
1.22
1.35
0.988
0.547
0.291
0.226
0.199
0.2
0.18
0.165
0.159
0.139
0.527
0.946
0.471
0.872
1.386
0.988
0.641
0.447
0.378
0.512
0.748
0.783
1.123
1.231
0.916
0.542
0.277
0.211
0.189
0.186
0.169
0.156
0.157
0.133
0.485
0.866
0.477
0.801
1.267
0.904
0.588
0.479
0.361
0.485
0.731
0.723
1.034
1.137
0.856
0.539
0.266
0.202
0.176
0.174
0.159
0.148
0.148
0.125
0.443
0.789
0.436
0.78
1.221
0.922
0.682
0.506
0.398
0.495
1.207
1.336
1.259
1.084
0.828
0.532
0.284
0.235
0.186
0.182
0.167
0.158
0.16
0.139
0.414
0.716
0.963
1.405
1.292
1.439
0.861
0.599
0.459
0.518
1.221
1.323
1.181
1.02
0.791
0.601
0.299
0.251
0.193
0.189
0.177
0.169
0.168
0.15
0.4
0.688
0.888
1.338
1.197
1.303
0.844
0.548
0.422
0.48
1.112
1.204
1.168
0.946
0.73
0.62
0.317
0.256
0.201
0.195
0.184
0.179
0.177
0.16
0.383
0.636
0.836
1.488
1.174
1.209
0.831
0.507
0.394
0.445
1.019
1.101
1.071
0.896
0.75
0.642
0.329
0.259
0.206
0.201
0.191
0.186
0.187
0.17
0.375
0.602
0.819
1.549
1.469
1.294
0.922
0.483
0.382
0.425
0.947
1.02
0.974
0.897
0.743
0.622
0.328
0.261
0.21
0.209
0.197
0.193
0.194
0.18
0.373
0.592
0.752
1.401
1.334
1.185
0.837
0.444
0.353
0.389
0.863
0.927
0.895
0.829
0.68
0.568
0.306
0.251
0.196
0.196
0.183
0.182
0.18
0.169
0.347
0.548
0.726
1.267
1.207
1.076
0.76
0.424
0.329
0.361
0.786
0.843
0.815
0.759
0.624
0.58
0.318
0.236
0.183
0.183
0.172
0.172
0.168
0.159
0.349
0.521
0.669
1.153
1.101
0.98
0.697
0.39
0.312
0.344
0.782
1.331
1.416
0.745
0.624
0.56
0.313
0.241
0.196
0.191
0.18
0.181
0.178
0.17
0.347
0.497
0.629
1.092
1.246
2.029
1.081
0.395
0.319
0.345
0.736
1.228
1.372
0.759
0.641
0.571
0.319
0.243
0.202
0.196
0.191
0.187
0.187
0.179
0.337
0.467
0.606
1.004
1.29
1.952
1.081
0.438
0.347
0.46
1.392
1.656
1.325
0.76
0.623
0.563
0.342
0.245
0.209
0.201
0.197
0.196
0.193
0.186
0.331
0.45
0.593
0.957
1.188
1.763
0.98
0.4
0.318
0.421
1.285
1.506
1.206
0.769
0.626
0.554
0.346
0.247
0.213
0.208
0.203
0.201
0.199
0.195
0.326
0.444
0.59
0.909
1.133
1.684
0.906
0.365
0.293
0.392
1.166
1.487
1.108
0.773
0.62
0.537
0.342
0.249
0.217
0.214
0.208
0.206
0.2
0.181
0.304
0.458
0.543
0.825
1.028
1.524
0.823
0.335
0.314
0.364
1.061
1.345
1.015
0.783
0.659
0.534
0.344
0.26
0.223
0.218
0.212
0.21
0.205
0.188
0.302
0.432
0.56
0.753
0.933
1.379
0.785
0.318
0.291
0.344
1.226
1.225
0.922
0.735
0.631
0.549
0.369
0.27
0.226
0.221
0.215
0.216
0.209
0.194
0.501
1.092
0.945
1.41
1.2
1.368
0.775
0.335
0.301
0.346
1.149
1.165
0.863
0.708
0.631
0.565
0.362
0.27
0.228
0.225
0.22
0.218
0.214
0.201
0.475
1.009
0.874
1.311
1.14
1.256
0.717
0.31
0.592
0.916
1.106
1.11
0.853
0.701
0.628
0.568
0.38
0.282
0.232
0.233
0.226
0.225
0.223
0.209
0.436
0.925
0.798
1.21
1.038
1.139
0.721
0.295
0.575
0.845
1.004
1.036
0.817
0.648
0.579
0.541
0.352
0.261
0.216
0.218
0.211
0.208
0.205
0.194
0.404
0.851
0.758
1.095
0.942
1.032
0.698
0.272
0.696
0.921
1.297
1.001
0.751
0.608
0.55
0.534
0.331
0.241
0.202
0.202
0.198
0.193
0.191
0.183
0.372
0.787
0.69
1.114
1.536
1.565
0.696
0.28
0.663
0.865
1.2
0.947
0.928
0.617
0.538
0.533
0.333
0.246
0.207
0.209
0.203
0.182
0.177
0.172
0.34
0.759
0.637
1.011
1.387
1.416
0.632
0.26
0.602
0.819
1.1
0.935
0.858
0.567
0.521
0.526
0.33
0.242
0.192
0.196
0.188
0.171
0.165
0.162
0.318
0.7
0.622
0.916
1.257
1.28
0.615
0.242
0.547
0.752
1.085
0.92
0.856
0.593
0.595
0.546
0.34
0.246
0.199
0.202
0.197
0.179
0.176
0.171
0.313
0.655
0.574
0.879
1.151
1.212
0.577
0.226
0.509
0.692
0.991
0.849
0.803
0.542
0.605
0.528
0.339
0.235
0.188
0.188
0.183
0.169
0.164
0.159
0.291
0.598
0.523
0.84
1.091
1.133
0.534
0.212
0.469
0.711
0.935
0.843
0.733
0.503
0.569
0.489
0.314
0.215
0.171
0.172
0.167
0.155
0.15
0.146
0.354
1.243
0.725
0.931
1.042
1.08
0.51
0.23
0.519
0.669
0.894
0.789
0.694
0.5
0.553
0.477
0.299
0.207
0.161
0.162
0.157
0.147
0.141
0.137
0.326
1.137
0.736
0.864
0.952
0.979
0.477
0.29
0.95
0.859
0.824
0.719
0.664
0.475
0.541
0.489
0.37
0.195
0.153
0.152
0.149
0.138
0.134
0.131
0.299
1.046
0.721
0.933
1.07
0.906
0.514
0.272
0.866
0.787
0.752
0.7
0.633
0.5
0.521
0.454
0.344
0.185
0.152
0.144
0.141
0.132
0.127
0.126
0.277
0.998
0.668
0.861
0.978
0.834
0.481
0.282
0.796
0.726
0.694
0.645
0.585
0.481
0.494
0.462
0.338
0.183
0.147
0.137
0.134
0.128
0.12
0.127
0.258
0.919
0.645
0.787
0.9
0.869
0.446
0.263
0.731
0.662
0.633
0.59
0.534
0.453
0.458
0.453
0.317
0.172
0.141
0.131
0.129
0.121
0.118
0.12
0.242
0.834
0.63
1.181
1.41
0.811
0.496
0.246
0.667
0.629
0.583
0.543
0.51
0.444
0.429
0.551
0.294
0.163
0.141
0.128
0.123
0.119
0.115
0.115
0.226
0.763
0.617
1.133
1.305
0.745
0.46
0.232
0.629
0.616
0.572
0.761
1.116
0.477
0.459
0.522
0.34
0.195
0.181
0.162
0.164
0.159
0.16
0.156
0.214
0.768
0.574
1.101
1.216
0.679
0.502
0.216
0.576
0.563
0.522
0.694
1.012
0.437
0.586
0.486
0.322
0.185
0.173
0.153
0.158
0.15
0.154
0.15
0.2
0.702
0.561
1.0
1.263
0.628
0.488
0.203
0.528
0.514
0.504
0.645
0.918
0.431
0.549
0.447
0.348
0.185
0.162
0.147
0.152
0.143
0.148
0.143
0.19
0.64
0.545
0.95
1.17
0.68
0.508
0.213
0.486
0.481
0.466
0.628
0.942
1.077
0.696
0.423
0.321
0.177
0.156
0.141
0.147
0.136
0.143
0.137
0.18
0.619
0.5
0.866
1.063
0.619
0.467
0.249
0.451
0.443
0.428
0.574
0.858
0.977
0.641
0.402
0.307
0.169
0.148
0.137
0.141
0.132
0.139
0.131
0.173
0.595
0.556
1.139
0.966
0.646
0.464
0.272
0.42
0.502
0.392
0.525
0.785
0.892
0.583
0.381
0.289
0.16
0.142
0.133
0.135
0.129
0.132
0.128
0.162
0.574
0.515
1.034
0.914
0.626
0.471
0.27
0.387
0.465
0.37
0.589
0.782
0.916
0.534
0.359
0.27
0.153
0.137
0.127
0.132
0.123
0.13
0.123
0.156
0.533
0.502
0.94
0.833
0.57
0.434
0.249
0.359
0.426
0.343
0.553
1.118
1.625
0.557
0.34
0.251
0.147
0.132
0.123
0.128
0.117
0.127
0.117
0.15
0.487
0.505
0.865
0.828
0.533
0.411
0.255
0.333
0.413
0.905
0.558
1.059
1.475
0.6
0.328
0.243
0.141
0.129
0.118
0.124
0.114
0.123
0.115
0.142
0.481
0.478
0.853
0.768
0.518
0.711
0.27
0.314
0.381
0.853
0.525
0.963
1.574
1.083
0.366
0.273
0.137
0.126
0.115
0.122
0.11
0.121
0.111
0.138
0.45
0.469
0.778
0.698
0.477
0.661
0.263
0.293
0.35
0.778
0.536
0.968
1.446
0.997
0.372
0.256
0.131
0.123
0.11
0.12
0.107
0.119
0.107
0.158
0.414
0.433
0.708
0.639
0.437
0.604
0.314
0.376
0.42
0.774
0.52
0.891
1.321
0.933
0.356
0.239
0.127
0.119
0.109
0.116
0.105
0.115
0.104
0.153
0.38
0.435
0.795
0.68
0.416
0.594
0.361
0.396
0.413
0.76
0.502
0.845
1.229
0.861
0.341
0.229
0.124
0.115
0.106
0.114
0.103
0.113
0.101
0.147
0.425
0.41
0.726
0.62
0.489
0.574
0.334
0.367
0.419
1.388
0.549
0.782
1.433
0.795
0.327
0.214
0.122
0.111
0.105
0.11
0.103
0.109
0.101
0.139
0.424
0.532
0.722
0.662
0.487
0.527
0.307
0.34
0.385
1.259
0.502
0.713
1.309
0.744
0.315
0.213
0.125
0.108
0.104
0.107
0.106
0.112
0.099
0.136
0.389
0.617
1.348
0.712
0.474
0.742
0.543
0.343
0.357
1.144
0.462
0.674
1.199
0.686
0.305
0.205
0.121
0.106
0.103
0.103
0.105
0.107
0.099
0.139
0.362
0.625
1.235
0.653
0.436
0.79
0.531
0.43
0.952
1.132
0.464
0.657
1.117
0.641
0.299
0.197
0.118
0.103
0.103
0.1
0.104
0.105
0.096
0.139
0.334
0.595
1.123
0.6
0.415
0.878
0.501
0.416
0.878
1.04
0.466
0.618
1.04
0.617
0.303
0.216
0.117
0.101
0.102
0.097
0.104
0.103
0.095
0.137
0.309
0.695
1.713
0.597
0.383
0.857
0.524
0.383
0.8
0.953
0.431
0.575
0.953
0.587
0.296
0.204
0.113
0.099
0.101
0.095
0.104
0.1
0.094
0.136
0.286
0.666
1.556
0.547
0.398
0.793
0.536
0.38
0.915
1.222
0.5
1.181
0.93
0.549
0.377
0.197
0.112
0.097
0.098
0.096
0.101
0.098
0.093
0.131
0.318
0.615
1.41
0.518
0.448
0.744
0.492
0.351
0.836
1.158
1.122
1.196
0.904
0.742
0.368
0.187
0.109
0.098
0.096
0.096
0.101
0.096
0.092
0.155
0.326
0.563
1.303
0.482
0.412
0.682
0.451
0.324
0.766
1.054
1.03
1.089
0.829
0.688
0.347
0.179
0.107
0.099
0.094
0.097
0.099
0.096
0.092
0.147
0.314
0.516
1.193
0.442
0.381
0.621
0.416
0.302
0.7
0.957
0.939
0.991
0.762
0.632
0.331
0.171
0.108
0.096
0.095
0.095
0.099
0.094
0.092
0.14
0.294
0.475
1.087
0.411
0.357
0.57
0.387
0.28
0.642
0.873
0.857
0.903
0.7
0.585
0.319
0.164
0.11
0.094
0.096
0.093
0.099
0.092
0.093
0.134
0.28
0.443
0.991
0.393
0.334
0.525
0.357
0.26
0.587
0.795
0.782
0.821
0.765
1.281
0.492
0.173
0.11
0.093
0.094
0.093
0.095
0.093
0.092
0.153
0.317
0.415
0.904
0.362
0.307
0.482
0.328
0.243
0.536
0.723
0.936
0.867
0.735
1.192
0.47
0.221
0.119
0.092
0.095
0.092
0.093
0.093
0.091
0.146
0.297
0.462
1.357
0.683
0.289
0.509
0.352
0.274
0.524
0.677
0.944
0.798
0.674
1.116
0.433
0.211
0.128
0.096
0.092
0.091
0.093
0.091
0.093
0.139
0.277
0.456
1.252
1.282
0.418
0.729
0.596
0.316
0.486
0.623
0.86
0.732
0.652
1.036
0.447
0.201
0.129
0.097
0.094
0.093
0.099
0.092
0.094
0.141
0.258
0.437
1.187
1.816
1.016
0.758
0.554
0.299
0.45
0.573
0.786
0.67
0.611
0.973
0.433
0.191
0.131
0.095
0.094
0.092
0.097
0.092
0.092
0.138
0.252
0.445
1.089
1.662
0.933
0.855
0.521
0.29
0.441
0.574
0.729
0.622
0.589
0.909
0.423
0.201
0.127
0.095
0.092
0.093
0.096
0.091
0.095
0.131
0.241
0.65
1.705
1.727
0.924
1.162
0.574
0.522
0.479
0.526
0.667
0.576
0.558
0.851
0.406
0.201
0.127
0.094
0.093
0.099
0.094
0.092
0.093
0.127
0.232
0.68
1.542
1.564
0.839
1.056
0.524
0.479
0.439
0.517
0.613
0.534
0.534
0.81
0.404
0.196
0.123
0.095
0.093
0.099
0.091
0.092
0.092
0.124
0.277
0.622
1.397
1.421
0.764
0.961
0.48
0.441
0.411
0.481
0.559
0.496
0.495
0.741
0.4
0.219
0.119
0.096
0.091
0.098
0.091
0.091
0.092
0.118
0.266
0.603
1.378
1.31
0.702
0.91
0.8
1.006
0.428
0.442
0.561
0.507
0.523
0.75
0.403
0.237
0.148
0.094
0.093
0.097
0.092
0.092
0.099
0.115
0.251
0.58
1.278
1.201
0.674
0.912
1.142
1.006
0.461
0.472
0.526
0.474
0.498
0.707
0.412
0.226
0.142
0.095
0.092
0.096
0.091
0.09
0.1
0.11
0.24
0.601
1.751
1.527
1.137
0.915
1.044
0.92
0.44
0.451
0.504
0.483
0.461
0.669
0.404
0.229
0.153
0.096
0.09
0.098
0.091
0.092
0.098
0.11
0.225
0.589
1.591
1.405
1.042
0.834
0.949
0.841
0.405
0.422
0.467
0.484
0.436
0.623
0.391
0.238
0.161
0.096
0.09
0.099
0.089
0.093
0.097
0.108
0.225
0.585
1.443
1.274
0.952
0.779
0.954
0.769
0.379
0.395
0.454
1.143
0.688
0.65
0.424
0.243
0.155
0.097
0.091
0.097
0.092
0.092
0.096
0.109
0.215
0.563
1.314
1.319
0.879
0.746
0.867
0.701
0.351
0.366
0.417
1.044
0.629
0.653
0.416
0.238
0.152
0.096
0.089
0.098
0.091
0.09
0.095
0.552
0.483
0.589
1.269
1.196
0.8
0.681
0.791
0.724
0.42
0.381
0.387
0.953
0.628
0.991
0.707
0.227
0.149
0.094
0.089
0.098
0.09
0.092
0.093
0.507
0.485
0.554
1.153
1.098
0.817
0.645
0.719
0.663
0.388
0.353
0.367
0.87
0.575
0.905
0.65
0.22
0.144
0.094
0.09
0.098
0.09
0.092
0.095
0.464
0.445
0.511
1.063
1.009
0.751
0.599
0.658
0.609
0.364
0.328
0.35
0.797
0.528
0.827
0.606
0.222
0.139
0.092
0.102
0.096
0.091
0.091
0.094
0.425
0.414
0.469
0.98
0.93
0.7
0.552
0.606
0.569
0.339
0.306
0.324
0.729
0.485
0.756
0.561
0.215
0.137
0.092
0.1
0.098
0.09
0.091
0.094
0.391
0.392
0.435
0.895
0.855
0.64
0.508
0.558
0.519
0.316
0.297
0.302
0.669
0.45
0.694
0.518
0.203
0.136
0.091
0.1
0.097
0.089
0.093
0.093
0.361
0.371
0.404
0.815
0.779
0.584
0.467
0.512
0.475
0.298
0.28
0.289
0.618
0.416
0.64
0.475
0.193
0.134
0.09
0.101
0.096
0.088
0.094
0.091
0.334
0.366
0.376
0.744
0.709
0.799
1.119
0.618
0.437
0.283
0.264
0.274
0.571
0.41
0.617
0.519
0.187
0.13
0.092
0.1
0.096
0.088
0.093
0.092
0.31
0.376
0.356
0.68
0.646
0.727
1.018
0.619
0.426
0.326
0.849
0.353
0.61
0.461
0.631
0.534
0.226
0.128
0.093
0.099
0.094
0.091
0.092
0.091
0.287
0.366
0.374
0.622
0.59
0.665
1.161
0.608
0.394
0.307
0.801
0.386
0.578
0.489
0.616
0.552
0.215
0.127
0.093
0.098
0.095
0.092
0.091
0.091
0.269
0.339
0.384
0.621
0.635
0.867
1.067
0.558
0.368
0.698
1.192
0.4
0.537
0.492
0.672
0.536
0.224
0.124
0.093
0.097
0.096
0.092
0.091
0.092
0.25
0.318
0.437
0.647
0.65
1.956
1.453
0.513
0.412
0.646
1.134
0.372
0.509
0.478
0.632
0.514
0.225
0.128
0.093
0.097
0.094
0.092
0.091
0.092
0.237
0.298
0.468
0.597
0.607
1.78
1.33
0.482
0.393
0.604
1.046
0.485
0.485
0.474
0.615
0.609
0.221
0.126
0.091
0.098
0.092
0.091
0.092
0.09
0.223
0.28
0.497
0.599
0.625
1.616
1.209
0.441
0.362
0.555
0.949
0.448
0.448
0.459
0.585
0.598
0.235
0.138
0.094
0.096
0.092
0.092
0.09
0.091
0.211
0.265
0.486
0.596
0.578
1.467
1.122
0.407
0.335
0.512
1.036
1.168
0.495
0.44
0.587
0.654
0.259
0.137
0.093
0.097
0.091
0.092
0.091
0.09
0.2
0.318
0.448
0.556
0.536
1.331
1.031
0.388
0.317
0.476
0.966
1.156
0.624
0.617
0.562
0.682
0.25
0.134
0.094
0.095
0.09
0.092
0.09
0.09
0.191
0.295
0.455
0.516
0.498
1.209
0.949
0.364
0.293
0.443
0.882
1.059
0.574
0.573
0.524
0.629
0.238
0.136
0.095
0.094
0.091
0.091
0.091
0.089
0.182
0.274
0.451
0.752
1.042
1.151
0.925
0.381
0.275
0.412
0.902
0.974
0.53
0.737
0.555
0.599
0.228
0.14
0.096
0.095
0.089
0.092
0.09
0.09
0.171
0.256
0.477
0.809
1.565
1.855
0.985
0.369
0.28
0.396
0.839
0.96
0.516
0.685
0.546
0.578
0.238
0.145
0.107
0.104
0.1
0.103
0.099
0.103
0.172
0.259
0.452
0.785
1.462
1.69
0.901
0.354
0.312
0.689
1.256
0.873
0.523
0.647
0.605
0.569
0.234
0.139
0.105
0.104
0.098
0.101
0.099
0.102
0.164
0.253
0.46
0.722
1.33
1.533
0.824
0.329
0.294
0.635
1.145
0.851
0.544
0.645
0.578
0.559
0.242
0.138
0.103
0.102
0.098
0.101
0.097
0.099
0.156
0.24
0.5
0.722
1.293
1.442
0.841
0.362
0.327
0.634
1.096
0.841
0.573
0.661
0.602
0.594
0.24
0.134
0.101
0.1
0.098
0.1
0.095
0.097
0.152
0.273
0.461
0.679
1.175
1.307
0.77
0.344
0.31
0.593
1.0
0.819
0.528
0.624
0.574
0.568
0.235
0.13
0.101
0.099
0.096
0.098
0.094
0.098
0.148
0.26
0.458
0.627
1.083
1.192
0.709
0.317
0.287
0.545
0.912
0.749
0.487
0.576
0.533
0.523
0.247
0.13
0.099
0.102
0.098
0.103
0.095
0.096
0.141
0.243
0.427
0.721
1.645
1.578
0.763
0.352
0.273
0.552
0.835
0.692
0.463
0.582
0.543
0.553
0.241
0.13
0.096
0.104
0.097
0.101
0.096
0.096
0.135
0.227
0.397
0.691
1.507
1.82
1.642
0.443
0.341
0.633
0.912
0.732
0.528
0.596
0.608
0.536
0.23
0.127
0.095
0.103
0.099
0.101
0.096
0.095
0.133
0.216
0.406
0.671
1.508
1.699
1.528
0.484
0.359
0.62
0.874
0.711
0.528
1.146
0.767
0.506
0.225
0.129
0.096
0.102
0.097
0.1
0.095
0.094
0.142
0.246
0.386
0.622
1.377
1.549
1.444
0.455
0.342
0.584
0.81
0.66
0.488
1.051
0.713
0.487
0.239
0.126
0.095
0.1
0.097
0.1
0.094
0.092
0.142
0.24
0.363
1.122
1.511
1.509
1.372
0.423
0.317
0.538
0.738
0.604
0.489
0.995
0.678
0.465
0.227
0.125
0.096
0.1
0.097
0.099
0.093
0.094
0.166
0.265
0.339
1.02
1.368
1.367
1.246
0.423
0.295
0.498
0.675
0.563
0.455
0.916
0.626
0.426
0.218
0.124
0.096
0.099
0.096
0.099
0.093
0.093
0.159
0.261
0.36
0.927
1.243
1.247
1.132
0.43
0.277
0.458
0.623
0.525
0.424
0.841
0.604
0.412
0.22
0.121
0.095
0.1
0.095
0.098
0.094
0.092
0.151
0.242
0.324
0.847
1.803
1.731
1.034
0.4
0.263
0.426
0.573
0.484
0.392
0.767
0.556
0.381
0.223
0.127
0.094
0.101
0.093
0.104
0.093
0.095
0.143
0.226
0.304
0.889
1.695
1.612
0.979
0.414
0.292
0.439
0.573
0.556
0.376
0.728
0.537
0.368
0.209
0.122
0.094
0.099
0.091
0.105
0.091
0.094
0.141
0.22
0.331
0.817
2.233
1.58
0.912
0.481
0.275
0.406
0.527
0.516
0.356
0.671
0.494
0.361
0.198
0.119
0.094
0.099
0.09
0.102
0.093
0.093
0.141
0.212
0.335
0.752
2.018
1.43
0.831
0.817
0.675
0.377
0.53
0.499
0.364
0.639
0.476
0.359
0.194
0.115
0.093
0.099
0.09
0.099
0.092
0.095
0.139
0.207
0.323
1.183
1.913
1.344
0.826
0.742
0.616
0.353
0.486
0.466
0.354
0.619
0.502
0.349
0.185
0.112
0.093
0.098
0.089
0.097
0.093
0.094
0.137
0.249
0.303
1.073
1.73
1.23
0.764
0.677
0.567
0.335
0.856
0.777
0.332
0.582
0.463
0.378
0.185
0.118
0.092
0.096
0.09
0.097
0.092
0.092
0.133
0.24
0.322
0.976
1.565
1.116
1.148
0.793
0.742
0.535
0.989
0.83
0.343
0.561
0.45
0.375
0.181
0.115
0.092
0.095
0.091
0.095
0.092
0.093
0.128
0.231
0.318
0.92
1.424
1.016
1.043
0.779
0.682
0.493
0.946
0.767
0.375
1.186
0.638
0.359
0.175
0.111
0.093
0.093
0.092
0.092
0.093
0.091
0.123
0.226
0.339
0.873
1.321
1.615
1.076
0.829
0.65
0.479
1.497
0.705
0.364
1.106
0.611
0.398
0.185
0.108
0.101
0.092
0.091
0.092
0.091
0.089
0.127
0.218
0.357
0.88
1.226
1.461
0.979
0.754
0.615
0.447
1.933
0.723
0.34
1.022
0.586
0.38
0.179
0.105
0.101
0.09
0.089
0.092
0.088
0.088
0.128
0.215
0.364
0.862
1.194
1.377
1.021
0.752
0.622
0.467
1.802
0.721
0.442
0.983
0.565
0.374
0.179
0.106
0.098
0.088
0.089
0.091
0.086
0.088
0.125
0.208
0.39
0.797
1.096
1.261
0.979
0.697
0.578
0.438
2.07
1.187
0.518
0.926
0.607
0.39
0.17
0.103
0.095
0.088
0.089
0.09
0.085
0.095
0.125
0.234
0.362
0.725
0.995
1.142
0.893
0.642
0.531
0.403
1.873
1.078
0.52
0.922
0.596
0.411
0.164
0.102
0.094
0.088
0.089
0.091
0.084
0.094
0.121
0.229
0.362
0.666
0.908
1.036
0.812
0.587
0.491
0.376
1.727
0.98
0.506
0.867
0.576
0.43
0.176
0.101
0.092
0.087
0.088
0.09
0.084
0.092
0.117
0.215
0.377
0.643
0.952
1.674
0.966
0.602
0.513
0.412
1.725
0.913
0.463
0.789
0.834
0.916
0.171
0.101
0.091
0.086
0.089
0.089
0.083
0.09
0.114
0.204
0.349
1.065
1.259
1.703
1.423
0.644
0.472
0.389
1.601
0.892
0.439
0.778
0.785
0.852
0.168
0.105
0.094
0.088
0.094
0.092
0.086
0.092
0.117
0.204
0.379
0.976
1.145
1.545
1.296
0.599
0.44
0.372
1.927
1.29
0.413
0.728
0.728
0.784
0.176
0.16
0.1
0.094
0.1
0.097
0.101
0.095
0.121
0.205
0.403
0.918
1.104
1.46
1.241
0.654
0.464
0.401
1.807
1.228
0.459
0.712
0.693
0.748
0.189
0.159
0.101
0.101
0.106
0.102
0.105
0.096
0.127
0.287
0.38
0.842
1.007
1.328
1.131
0.603
0.44
0.376
1.647
1.122
1.062
1.025
0.686
0.697
0.19
0.162
0.105
0.107
0.109
0.105
0.107
0.099
0.135
0.283
0.374
0.798
0.956
1.319
1.063
0.557
0.489
0.997
1.613
1.088
1.032
1.018
0.913
0.708
0.196
0.163
0.11
0.113
0.115
0.11
0.113
0.105
0.137
0.338
0.364
0.738
0.889
1.236
0.978
0.521
0.462
0.917
1.468
0.995
0.945
0.932
0.833
0.652
0.191
0.163
0.112
0.117
0.119
0.112
0.117
0.111
0.139
0.317
0.343
0.68
0.811
1.127
0.895
0.485
0.428
0.84
1.337
0.911
0.864
0.852
0.765
0.601
0.186
0.16
0.116
0.121
0.123
0.127
0.12
0.119
0.141
0.304
0.325
0.628
0.748
1.028
0.822
0.451
0.446
0.816
1.289
0.865
0.834
0.841
0.729
0.572
0.193
0.163
0.123
0.124
0.129
0.133
0.123
0.123
0.143
0.299
0.406
0.629
0.744
0.993
0.848
0.483
0.501
0.806
1.23
0.849
0.824
0.792
0.674
0.589
0.211
0.172
0.126
0.13
0.134
0.135
0.129
0.128
0.143
0.293
0.392
0.648
0.774
0.927
0.792
0.463
0.48
0.756
1.145
0.785
0.775
0.789
0.688
0.558
0.213
0.173
0.131
0.134
0.138
0.136
0.133
0.133
0.146
0.286
0.412
0.606
0.763
0.862
0.814
0.45
0.459
0.713
1.076
0.743
0.758
0.765
0.664
0.524
0.213
0.173
0.135
0.138
0.142
0.14
0.138
0.137
0.153
0.325
0.397
0.562
0.704
0.793
0.751
0.429
0.434
1.168
1.49
0.738
0.748
0.728
0.635
0.529
0.242
0.191
0.135
0.141
0.145
0.144
0.142
0.146
0.155
0.317
0.419
0.528
0.652
0.731
0.717
0.404
0.41
1.075
1.361
0.692
0.702
0.694
0.667
0.533
0.24
0.189
0.137
0.145
0.148
0.146
0.142
0.148
0.154
0.304
0.677
1.153
0.857
0.736
0.882
0.532
0.465
1.052
1.298
0.655
0.66
0.736
0.684
0.528
0.244
0.189
0.142
0.146
0.15
0.149
0.142
0.15
0.156
0.288
0.657
1.187
1.009
1.254
0.872
0.501
0.439
0.965
1.187
0.604
0.672
0.716
0.67
0.515
0.267
0.187
0.145
0.148
0.15
0.152
0.146
0.152
0.157
0.29
0.621
1.114
0.953
1.486
0.909
0.537
0.488
0.957
1.129
0.611
0.715
0.713
0.657
0.51
0.272
0.193
0.148
0.151
0.152
0.153
0.15
0.154
0.159
0.285
0.612
1.117
0.923
1.394
0.876
0.668
0.499
0.92
1.075
0.611
0.724
0.682
0.634
0.484
0.272
0.192
0.149
0.153
0.154
0.156
0.151
0.157
0.161
0.283
0.569
1.065
0.99
1.406
0.809
0.618
0.467
0.847
0.993
0.888
0.746
0.712
0.674
0.557
0.318
0.231
0.193
0.195
0.198
0.198
0.195
0.198
0.207
0.384
0.573
1.017
0.95
1.321
0.786
0.622
0.479
0.821
0.955
0.861
0.729
0.701
0.674
0.619
0.315
0.23
0.192
0.19
0.195
0.193
0.192
0.194
0.203
0.406
0.546
0.931
0.871
1.205
0.757
0.584
0.457
0.757
0.881
0.799
0.712
0.667
0.642
0.617
0.311
0.224
0.189
0.187
0.191
0.19
0.188
0.19
0.205
0.385
0.579
0.958
0.802
1.113
0.704
0.547
0.429
0.706
0.808
0.874
1.308
1.164
0.612
0.577
0.302
0.216
0.186
0.185
0.189
0.186
0.184
0.185
0.2
0.363
0.629
0.921
0.754
1.019
0.654
0.507
0.401
0.65
0.744
0.81
1.331
1.104
0.591
0.561
0.302
0.209
0.182
0.182
0.185
0.183
0.181
0.182
0.197
0.713
1.314
0.917
0.705
0.98
0.72
0.483
0.388
0.614
0.696
0.834
1.366
1.037
0.57
0.541
0.293
0.202
0.179
0.177
0.18
0.177
0.177
0.178
0.193
0.666
1.201
0.904
1.366
0.975
0.717
0.504
0.421
0.62
0.698
0.818
1.301
1.02
0.582
0.526
0.308
0.197
0.176
0.174
0.178
0.174
0.175
0.174
0.192
0.623
1.132
0.839
1.263
0.982
0.689
0.47
0.395
0.575
0.645
0.79
1.829
1.222
0.562
0.506
0.298
0.193
0.173
0.172
0.175
0.171
0.172
0.171
0.223
0.596
1.043
0.771
1.151
0.898
0.634
0.438
0.382
0.542
0.617
0.733
1.705
1.172
0.564
0.473
0.327
0.189
0.17
0.168
0.171
0.167
0.168
0.168
0.218
0.561
1.005
0.71
1.055
0.827
0.745
0.414
0.359
0.504
0.571
0.681
1.565
1.141
0.575
0.475
0.32
0.198
0.171
0.167
0.169
0.166
0.166
0.165
0.211
0.522
0.964
0.738
1.357
1.471
0.814
0.517
0.437
0.526
0.583
0.682
1.452
1.454
0.608
0.458
0.305
0.196
0.169
0.167
0.169
0.164
0.164
0.162
0.206
0.487
0.963
0.898
1.326
1.364
0.861
0.482
0.413
0.689
0.735
0.652
1.368
1.4
0.593
0.448
0.294
0.191
0.168
0.165
0.167
0.162
0.163
0.162
0.201
0.46
0.926
0.823
1.208
1.241
0.901
0.467
0.393
0.637
0.68
0.606
1.302
1.313
0.611
0.432
0.286
0.186
0.166
0.164
0.176
0.161
0.163
0.16
0.197
0.438
0.892
0.756
1.104
1.223
1.08
0.441
0.371
0.588
0.628
0.573
1.255
1.252
0.607
0.441
0.288
0.184
0.164
0.165
0.174
0.16
0.162
0.156
0.194
0.417
0.861
0.725
1.482
1.197
1.164
0.435
0.355
0.548
0.587
0.575
1.217
1.272
0.623
0.432
0.276
0.183
0.161
0.164
0.172
0.16
0.158
0.156
0.197
0.494
0.788
0.669
1.349
1.093
1.061
0.436
0.371
0.563
0.597
0.591
1.136
1.164
0.81
0.454
0.265
0.18
0.161
0.162
0.169
0.16
0.159
0.156
0.193
0.469
0.822
0.619
1.23
0.999
1.012
0.417
0.362
0.541
0.692
0.582
1.099
1.117
0.794
0.458
0.285
0.179
0.161
0.161
0.168
0.158
0.158
0.155
0.188
0.44
0.856
0.579
1.127
0.947
1.225
0.563
0.539
0.512
0.753
0.543
1.03
1.109
0.778
0.432
0.28
0.222
0.161
0.16
0.167
0.157
0.157
0.155
0.186
0.414
0.834
0.586
1.108
1.57
1.607
0.63
0.621
0.53
0.746
0.551
0.958
1.046
0.961
0.438
0.293
0.235
0.18
0.177
0.187
0.178
0.171
0.17
0.184
0.387
0.77
1.117
1.993
1.882
1.62
0.636
0.587
0.509
0.705
0.575
0.959
1.003
0.924
0.431
0.288
0.23
0.177
0.182
0.184
0.179
0.172
0.164
0.183
0.375
0.759
1.022
1.81
1.711
1.474
0.589
0.545
0.472
0.684
0.534
0.891
1.034
0.898
0.425
0.28
0.223
0.175
0.179
0.182
0.177
0.171
0.162
0.181
0.356
0.735
0.938
1.644
1.557
1.506
0.547
0.507
0.445
0.718
0.518
0.841
1.015
0.888
0.421
0.273
0.218
0.175
0.179
0.181
0.175
0.171
0.162
0.179
0.348
0.754
0.864
1.5
1.42
1.435
0.846
0.57
0.5
0.715
0.54
0.945
0.993
0.881
0.512
0.312
0.266
0.216
0.218
0.222
0.216
0.213
0.204
0.217
0.421
0.753
0.8
1.375
1.3
1.314
0.784
0.542
0.468
0.659
0.503
0.867
0.913
0.816
0.479
0.298
0.259
0.21
0.214
0.215
0.211
0.205
0.201
0.211
0.396
0.695
0.746
1.268
1.2
1.208
0.729
0.503
0.439
0.61
0.471
0.799
0.842
0.756
0.451
0.291
0.252
0.206
0.207
0.21
0.205
0.2
0.199
0.206
0.375
0.648
0.699
1.17
1.101
1.108
0.683
0.481
0.405
0.549
0.441
0.735
0.777
0.703
0.429
0.278
0.243
0.204
0.203
0.206
0.201
0.197
0.196
0.201
0.355
0.606
0.651
1.073
1.01
1.016
0.631
0.451
0.384
0.516
0.418
0.701
0.786
0.705
0.421
0.284
0.245
0.206
0.203
0.204
0.201
0.197
0.195
0.206
0.339
0.572
0.648
0.985
0.928
0.932
0.62
0.495
0.508
0.648
0.494
0.713
0.801
0.714
0.447
0.293
0.243
0.207
0.202
0.203
0.2
0.196
0.195
0.205
0.328
0.542
0.605
0.947
0.869
0.91
0.595
0.466
0.478
0.607
0.485
0.679
0.825
0.727
0.455
0.288
0.241
0.215
0.203
0.204
0.201
0.197
0.197
0.205
0.329
0.557
0.571
0.873
0.802
0.839
0.556
0.463
0.545
0.58
0.52
0.704
0.839
0.834
0.522
0.325
0.268
0.217
0.204
0.205
0.203
0.198
0.198
0.207
0.318
0.531
0.586
0.808
0.743
0.776
0.621
0.439
0.679
0.766
0.868
0.804
0.902
0.831
0.532
0.366
0.286
0.219
0.205
0.207
0.205
0.2
0.2
0.208
0.308
0.506
0.583
0.755
0.76
0.728
0.699
0.466
0.748
0.729
0.813
0.747
0.915
0.835
0.659
0.364
0.288
0.227
0.206
0.207
0.207
0.202
0.203
0.208
0.297
0.527
0.729
0.716
0.774
0.91
1.206
0.628
0.732
0.715
0.832
0.733
1.242
0.814
0.661
0.387
0.318
0.246
0.224
0.225
0.22
0.201
0.203
0.209
0.291
0.501
0.735
0.668
0.72
0.839
1.109
0.586
0.679
0.833
0.81
0.715
1.207
0.807
0.672
0.422
0.344
0.272
0.245
0.24
0.237
0.232
0.216
0.209
0.286
0.475
0.779
0.632
0.873
0.872
1.053
0.688
0.665
0.939
0.874
0.706
1.171
0.798
0.671
0.442
0.352
0.283
0.261
0.255
0.254
0.248
0.235
0.219
0.282
0.463
0.806
0.617
0.808
0.951
0.972
0.645
0.623
0.869
0.806
0.696
1.146
0.838
0.695
0.445
0.36
0.294
0.275
0.274
0.271
0.262
0.233
0.219
0.275
0.487
0.755
0.579
0.752
0.88
0.892
0.605
0.581
0.808
0.757
0.72
1.214
0.899
0.753
0.518
0.376
0.305
0.292
0.286
0.283
0.278
0.228
0.217
0.271
0.468
0.781
0.604
0.887
0.945
0.948
0.724
0.607
0.811
0.762
0.731
1.219
0.859
0.747
0.525
0.391
0.306
0.307
0.291
0.29
0.282
0.225
0.221
0.267
0.441
0.767
0.572
0.948
0.881
0.934
0.792
0.652
0.89
0.805
0.702
1.141
0.816
0.723
0.521
0.391
0.314
0.306
0.286
0.285
0.275
0.226
0.226
0.263
0.463
0.718
0.546
0.887
0.92
1.524
1.063
0.682
0.844
0.802
0.71
1.535
0.807
0.718
0.541
0.403
0.328
0.308
0.297
0.292
0.27
0.227
0.225
0.261
0.451
0.711
0.519
0.964
0.932
1.452
1.123
0.69
0.838
0.799
0.716
1.471
0.822
0.727
0.544
0.406
0.335
0.312
0.304
0.302
0.27
0.23
0.223
0.268
0.454
0.712
0.494
0.891
0.859
1.333
1.085
0.658
0.789
0.802
0.689
1.347
0.842
0.752
0.55
0.406
0.341
0.312
0.312
0.308
0.272
0.23
0.224
0.267
0.452
0.721
0.468
0.826
0.8
1.303
1.0
0.614
0.738
0.752
0.642
1.302
0.867
0.763
0.554
0.424
0.347
0.32
0.319
0.318
0.27
0.233
0.239
0.328
0.448
0.682
0.447
0.773
0.748
1.195
0.93
0.675
0.702
0.739
0.672
1.26
0.918
0.786
0.612
0.447
0.352
0.333
0.33
0.324
0.278
0.237
0.242
0.327
0.443
0.915
0.775
0.818
0.853
1.111
0.871
0.636
0.665
0.695
0.756
1.221
0.934
0.799
0.635
0.467
0.364
0.343
0.341
0.331
0.283
0.243
0.248
0.333
0.431
0.857
0.766
1.131
0.843
1.196
1.002
0.86
1.467
1.101
0.78
1.196
1.044
0.856
0.682
0.463
0.375
0.353
0.354
0.341
0.301
0.253
0.25
0.334
0.418
1.383
1.411
1.94
0.86
1.125
0.962
0.825
1.355
1.023
0.738
1.111
1.03
0.874
0.684
0.462
0.384
0.367
0.36
0.352
0.315
0.262
0.259
0.332
0.419
1.431
1.46
2.182
0.92
1.188
0.955
0.825
1.273
0.982
0.728
1.081
1.019
0.873
0.704
0.489
0.409
0.371
0.369
0.364
0.317
0.268
0.265
0.326
0.416
1.324
1.415
2.096
0.908
1.232
0.903
0.819
1.176
0.921
0.686
1.047
1.025
0.913
0.723
0.49
0.412
0.378
0.376
0.367
0.317
0.275
0.274
0.322
0.416
1.23
1.379
1.973
0.934
1.194
0.898
0.823
1.146
0.901
0.657
0.982
1.077
0.926
0.701
0.492
0.425
0.381
0.384
0.368
0.318
0.276
0.279
0.36
0.451
1.144
1.272
1.807
0.874
1.102
0.841
0.816
1.069
0.839
0.621
0.92
1.003
0.869
0.901
0.521
0.427
0.385
0.39
0.375
0.334
0.277
0.289
0.363
0.44
1.171
1.352
1.666
0.829
1.034
0.932
0.979
1.718
0.976
0.701
0.989
1.051
0.945
0.889
0.525
0.439
0.393
0.395
0.383
0.329
0.286
0.288
0.36
0.427
1.176
1.255
1.752
1.083
1.344
1.124
1.053
1.791
0.97
0.69
1.015
1.078
0.935
0.876
0.526
0.44
0.395
0.407
0.382
0.33
0.287
0.295
0.355
0.448
1.277
1.609
1.941
1.879
1.559
1.125
1.022
1.667
0.991
0.759
1.01
1.089
0.929
0.849
0.522
0.439
0.403
0.415
0.384
0.327
0.29
0.305
0.349
0.455
1.21
1.52
2.295
1.78
1.538
1.114
1.009
1.593
0.979
0.779
0.997
1.061
0.919
0.839
0.521
0.439
0.409
0.423
0.39
0.335
0.299
0.309
0.349
0.446
1.133
1.5
2.151
1.724
1.515
1.163
1.01
1.67
0.977
0.749
1.005
1.026
0.937
0.824
0.517
0.44
0.421
0.429
0.385
0.333
0.308
0.312
0.348
0.45
1.075
1.393
2.063
1.66
1.421
1.118
0.982
1.603
0.974
0.764
1.017
1.002
0.909
0.812
0.514
0.448
0.424
0.431
0.392
0.338
0.311
0.313
0.347
0.448
1.075
1.327
2.001
1.639
1.39
1.074
0.93
1.491
0.93
0.733
0.951
0.944
0.861
0.769
0.497
0.437
0.418
0.425
0.386
0.337
0.313
0.323
0.345
0.443
1.028
1.329
1.925
1.564
1.34
1.058
0.933
1.449
0.913
0.706
0.907
0.902
0.88
0.794
0.533
0.453
0.443
0.433
0.394
0.356
0.316
0.324
0.344
0.439
0.967
1.238
1.846
1.497
1.386
1.105
1.003
1.415
0.93
0.758
0.978
0.893
0.858
0.762
0.533
0.455
0.446
0.443
0.401
0.355
0.325
0.326
0.344
0.434
0.911
1.203
1.703
1.466
1.315
1.052
0.967
1.368
0.943
0.787
1.05
0.936
0.844
0.753
0.549
0.457
0.451
0.449
0.417
0.369
0.329
0.325
0.346
0.452
0.88
1.125
1.61
1.37
1.22
1.059
0.996
1.336
0.946
0.812
1.055
0.972
0.916
0.773
0.577
0.468
0.46
0.455
0.413
0.363
0.336
0.334
0.345
0.451
0.839
1.071
1.514
1.282
1.193
1.042
1.043
1.328
0.974
0.853
1.066
0.983
0.933
0.781
0.572
0.473
0.465
0.459
0.416
0.359
0.34
0.338
0.353
0.456
0.846
1.046
1.416
1.207
1.12
1.071
0.977
1.284
1.049
0.933
1.09
1.047
0.948
0.765
0.567
0.477
0.475
0.463
0.421
0.358
0.348
0.351
0.36
0.468
0.813
0.995
1.535
1.224
1.126
1.078
1.094
1.275
1.077
0.899
1.047
1.019
0.94
0.761
0.585
0.484
0.486
0.464
0.434
0.369
0.347
0.361
0.358
0.483
0.849
0.964
1.429
1.144
1.049
1.043
1.139
1.201
1.02
0.867
0.99
1.008
0.916
0.755
0.579
0.477
0.477
0.458
0.427
0.377
0.347
0.365
0.359
0.478
0.814
0.989
1.559
1.343
1.229
1.321
1.32
1.201
0.995
1.041
1.064
0.974
0.92
0.768
0.601
0.482
0.483
0.462
0.438
0.379
0.355
0.368
0.37
0.482
0.828
0.949
1.477
1.419
1.361
2.005
1.716
1.199
1.013
1.067
1.113
0.959
0.921
0.777
0.606
0.489
0.488
0.465
0.45
0.387
0.362
0.369
0.377
0.474
0.792
0.995
1.45
1.407
1.602
1.901
1.913
1.282
1.044
1.225
1.147
0.954
0.924
0.776
0.613
0.499
0.495
0.47
0.46
0.4
0.368
0.372
0.381
0.469
0.769
0.945
1.443
1.357
1.514
1.774
1.79
1.261
1.047
1.245
1.102
0.9
0.876
0.773
0.625
0.496
0.489
0.462
0.457
0.401
0.372
0.374
0.378
0.478
0.748
0.972
1.732
1.342
1.466
1.707
1.714
1.244
1.046
1.239
1.098
0.913
0.9
0.793
0.634
0.497
0.495
0.47
0.47
0.413
0.386
0.382
0.383
0.536
0.72
0.92
1.595
1.253
1.362
1.582
1.58
1.165
1.025
1.167
1.118
0.927
0.894
0.789
0.631
0.498
0.501
0.481
0.463
0.42
0.383
0.386
0.386
0.53
0.709
0.93
1.479
1.621
1.382
1.591
1.537
1.162
1.047
1.166
1.132
0.936
0.898
0.807
0.619
0.508
0.499
0.489
0.471
0.422
0.379
0.407
0.383
0.522
0.738
0.891
1.38
1.514
1.295
1.473
1.428
1.093
1.009
1.203
1.107
1.325
0.903
0.801
0.606
0.514
0.485
0.484
0.461
0.417
0.393
0.412
0.397
0.505
0.718
0.913
1.443
1.455
1.225
1.377
1.346
1.044
1.02
1.312
1.565
1.326
1.015
0.904
0.595
0.52
0.487
0.487
0.468
0.413
0.397
0.432
0.407
0.521
0.81
0.961
1.418
1.708
1.357
1.327
1.307
1.034
1.05
1.356
1.548
1.333
1.055
0.909
0.611
0.537
0.501
0.49
0.473
0.431
0.396
0.435
0.413
0.522
0.777
1.184
1.394
1.661
1.466
1.318
1.282
1.035
1.062
1.372
1.511
1.329
1.079
0.936
0.608
0.539
0.521
0.493
0.478
0.448
0.413
0.436
0.421
0.523
0.75
1.151
1.495
1.745
1.456
1.289
1.219
1.007
1.038
1.344
1.481
1.266
1.044
0.931
0.642
0.548
0.523
0.497
0.483
0.444
0.426
0.437
0.419
0.512
0.99
1.273
1.517
1.708
1.454
1.307
1.294
1.026
1.065
1.33
1.47
1.23
1.02
0.932
0.649
0.551
0.528
0.502
0.49
0.461
0.433
0.439
0.423
0.506
1.129
1.39
1.579
1.815
1.899
1.95
1.434
0.988
1.013
1.251
1.379
1.163
1.103
0.993
0.67
0.564
0.534
0.508
0.497
0.46
0.432
0.518
1.047
1.021
1.261
1.483
1.689
1.923
1.859
2.018
1.358
0.949
0.987
1.282
1.445
1.239
1.126
1.049
0.674
0.568
0.536
0.512
0.501
0.468
0.43
0.51
0.986
0.963
1.315
1.561
1.703
1.996
1.818
1.869
1.274
0.911
0.945
1.21
1.345
1.159
1.091
1.053
0.699
0.578
0.554
0.518
0.508
0.478
0.439
0.506
0.935
0.923
1.225
1.639
1.679
1.92
1.756
1.782
1.241
0.926
1.185
1.479
1.564
1.114
1.044
1.055
0.696
0.585
0.547
0.515
0.506
0.473
0.438
0.5
0.892
0.895
1.507
1.718
1.568
1.781
1.663
1.67
1.18
0.876
1.133
1.428
1.781
1.235
1.121
1.086
0.693
0.583
0.554
0.52
0.492
0.479
0.442
0.491
0.853
0.887
1.542
1.89
1.493
1.662
1.561
1.569
1.12
0.842
1.259
1.683
1.924
1.263
1.31
1.04
0.69
0.588
0.551
0.533
0.496
0.493
0.452
0.486
0.815
1.052
1.499
1.772
1.406
1.559
1.483
1.472
1.056
0.81
1.193
1.639
1.992
1.398
1.276
1.023
0.699
0.596
