0.0
0.0
0.0
0.0
0.0
0.0
0.0
0.0
0.0
0.0
0.0
0.0
0.0
0.0
0.0
0.0
0.0
0.0
0.0
0.0
0.0
0.0
0.0
0.0
0.0
0.0
0.0
0.0
0.0
0.0
0.0
0.0
0.0
0.0
0.0
0.0
0.0
0.0
0.0
0.0
0.0
0.0
0.0
0.0
0.0
0.0
0.0
0.0
0.0
0.0
0.0
0.0
0.0
0.0
0.0
0.0
0.0
0.0
0.0
0.0
0.0
0.0
0.0
0.0
0.0
0.0
0.0
0.0
0.0
0.0
0.0
0.0
0.0
0.0
0.0
0.0
0.0
0.0
0.0
0.0
0.0
0.0
0.0
0.0
0.0
0.0
0.0
0.0
0.0
0.0
0.0
0.0
0.0
0.0
0.0
0.0
0.0
0.0
0.0
0.0
0.0
0.0
0.0
0.0
0.0
0.0
0.0
0.0
0.0
0.0
0.0
0.0
0.0
0.0
0.0
0.0
0.0
0.0
0.0
0.0
0.0
0.0
0.0
0.0
0.0
0.0
0.0
0.0
0.0
0.0
0.0
0.0
0.0
0.0
0.0
0.0
0.0
0.0
0.0
0.0
0.0
0.0
0.0
0.0
0.0
0.0
0.0
0.0
0.0
0.0
0.0
0.0
0.0
0.0
0.0
0.0
0.0
0.0
0.0
0.0
0.0
0.0
0.0
0.0
0.0
0.0
0.0
0.0
0.0
0.0
0.0
0.0
0.0
0.0
0.0
0.0
0.0
0.0
0.0
0.0
0.0
0.0
0.0
0.0
0.0
0.0
0.0
0.0
0.0
0.0
0.0
0.0
0.0
0.0
0.0
0.0
0.0
0.0
0.0
0.0
0.0
0.0
0.0
0.0
0.0
0.0
0.0
0.0
0.0
0.0
0.0
0.0
0.0
0.0
0.0
0.0
0.0
0.0
0.0
0.0
0.0
0.0
0.0
0.0
0.0
0.0
0.0
0.0
0.0
0.0
0.0
0.0
0.0
0.0
0.0
0.0
0.0
0.0
0.0
0.0
0.0
0.0
0.0
0.0
0.0
0.0
0.0
0.0
0.0
0.0
0.0
0.0
0.0
0.0
0.0
0.0
0.0
0.0
0.0
0.0
0.0
0.0
0.0
0.0
0.0
0.0
0.0
0.0
0.0
0.0
0.0
0.0
0.0
0.0
0.0
0.0
0.0
0.0
0.0
0.0
0.0
0.0
0.0
0.0
0.0
0.0
0.0
0.0
0.0
0.0
0.0
0.0
0.0
0.0
0.0
0.0
0.0
0.0
0.0
0.0
0.0
0.0
0.0
0.0
0.0
0.0
0.0
0.0
0.0
0.0
0.0
0.0
0.0
0.0
0.0
0.0
0.0
0.0
0.0
0.0
0.0
0.0
0.0
0.0
0.0
0.0
0.0
0.0
0.0
0.0
0.0
0.0
0.0
0.0
0.0
0.0
0.0
0.0
0.0
0.0
0.0
0.0
0.0
0.0
0.0
0.0
0.0
0.0
0.0
0.0
0.0
0.0
0.0
0.0
0.0
0.0
0.0
0.0
0.0
0.0
0.0
0.0
0.0
0.0
0.0
0.0
0.0
0.0
0.0
0.0
0.0
0.0
0.0
0.0
0.0
0.0
0.0
0.0
0.0
0.0
0.0
0.0
0.0
0.0
0.0
0.0
0.0
0.0
0.0
0.0
0.0
0.0
0.0
0.0
0.0
0.0
0.0
0.0
0.0
0.0
0.0
0.0
0.0
0.0
0.0
0.0
0.0
0.0
0.0
0.0
0.0
0.0
0.0
0.0
0.0
0.0
0.0
0.0
0.0
0.0
0.0
0.0
0.0
0.0
0.0
0.0
0.0
0.0
0.0
0.0
0.0
0.0
0.0
0.0
0.0
0.0
0.0
0.0
0.0
0.0
0.0
0.0
0.0
0.0
0.0
0.0
0.0
0.0
0.0
0.0
0.0
0.0
0.0
0.0
0.0
0.0
0.0
0.0
0.0
0.0
0.0
0.0
0.0
0.0
0.0
0.0
0.0
0.0
0.0
0.0
0.0
0.0
0.0
0.0
0.0
0.0
0.0
0.0
0.0
0.0
0.0
0.0
0.0
0.0
0.0
0.0
0.0
0.0
0.0
0.0
0.0
0.0
0.0
0.0
0.0
0.0
0.0
0.0
0.0
0.0
0.0
0.0
0.0
0.0
0.0
1.386
1.358
1.392
0.513
0.514
0.505
0.491
0.639
0.572
0.559
1.169
1.029
2.84
2.948
2.577
1.886
1.312
1.999
2.062
2.191
1.819
2.745
2.007
1.66
1.386
1.429
1.43
0.576
0.529
0.487
0.489
0.579
0.603
0.549
0.718
0.943
1.589
1.707
2.525
1.636
1.33
2.036
2.867
2.324
1.819
2.158
2.007
1.539
1.353
1.474
1.433
0.693
0.545
0.468
0.511
0.52
0.586
0.574
0.694
0.907
1.633
1.756
2.524
1.962
1.307
1.989
2.867
2.175
1.976
1.858
1.883
1.476
1.333
1.489
1.491
0.71
0.5
0.513
0.454
0.501
0.568
0.5
1.111
1.059
1.334
1.812
3.131
1.979
0.978
1.327
2.331
1.512
1.637
1.819
1.883
1.582
1.277
1.185
0.981
0.836
0.468
0.391
0.377
0.428
0.356
0.549
1.021
1.208
2.806
2.858
1.722
1.848
2.702
2.078
1.876
2.357
1.571
2.598
2.053
1.62
1.189
1.13
0.927
0.784
0.473
0.371
0.402
0.429
0.358
0.625
1.05
1.352
2.736
2.359
1.794
1.54
2.295
1.575
1.295
2.173
1.868
2.645
1.997
1.392
1.26
1.189
0.883
0.631
0.519
0.557
0.434
0.473
0.561
0.465
0.725
1.025
1.068
1.15
2.364
1.979
0.82
1.327
1.989
1.474
1.95
1.83
1.775
1.334
1.237
1.097
0.839
0.611
0.485
0.556
0.421
0.476
0.543
0.466
0.91
0.975
0.989
1.1
2.289
1.876
0.89
1.416
1.928
1.58
1.976
1.813
1.753
1.312
1.23
1.104
0.839
0.608
0.467
0.532
0.422
0.464
0.521
0.456
0.908
0.954
1.046
1.134
2.199
1.828
0.896
1.662
1.822
1.492
1.931
1.824
1.721
1.312
1.227
1.13
0.979
0.592
0.462
0.515
0.421
0.452
0.504
0.479
0.878
0.932
0.983
1.092
2.047
1.849
0.843
1.531
1.705
1.533
2.108
1.836
1.695
1.34
1.219
1.272
1.041
0.599
0.454
0.491
0.43
0.435
0.485
0.512
0.859
0.959
1.149
1.079
1.927
1.747
1.036
1.734
1.637
1.435
2.06
2.082
1.673
1.308
1.249
1.244
1.017
0.58
0.462
0.481
0.414
0.443
0.465
0.491
0.892
1.015
1.152
1.311
2.017
1.82
1.153
1.844
2.077
1.569
2.149
2.325
1.763
1.319
1.293
1.28
1.086
0.61
0.456
0.456
0.427
0.434
0.453
0.496
1.839
1.281
1.34
1.367
1.846
1.684
1.255
1.755
2.262
2.085
2.545
2.854
2.201
1.82
1.372
1.216
1.053
0.623
0.46
0.465
0.431
0.434
0.453
0.521
1.722
1.245
1.432
1.51
1.753
1.622
1.429
2.052
2.42
2.241
2.745
2.771
2.177
1.769
1.342
1.167
1.003
0.616
0.47
0.48
0.445
0.461
0.462
0.513
1.628
1.378
2.039
1.432
1.625
1.503
1.369
1.999
2.501
2.089
2.74
2.725
2.174
1.729
1.315
1.339
1.089
0.61
0.495
0.482
0.453
0.491
0.472
0.506
1.524
1.378
1.936
1.433
1.667
1.426
1.453
2.28
2.557
2.701
2.807
2.745
2.164
1.768
1.344
1.367
1.105
0.666
0.48
0.47
0.461
0.47
0.498
0.502
1.444
1.331
2.14
1.365
1.623
1.339
1.481
2.278
2.518
2.668
3.405
2.958
2.119
1.993
1.418
1.335
1.066
0.655
0.488
0.473
0.456
0.487
0.695
0.515
1.389
1.529
2.204
1.343
1.794
1.34
1.415
2.167
2.632
2.745
3.536
3.29
2.464
2.084
1.598
1.456
1.04
0.632
0.477
0.46
0.452
0.482
0.657
0.527
1.415
1.629
2.246
1.448
1.658
1.279
1.34
2.058
2.746
2.672
3.607
3.263
2.369
2.031
1.568
1.436
1.048
0.659
0.47
0.466
0.432
0.471
0.629
0.519
1.35
1.627
2.196
1.387
1.6
1.285
1.312
2.228
2.597
2.593
3.504
3.198
2.318
1.979
1.628
1.636
1.078
0.664
0.48
0.459
0.437
0.469
0.613
0.524
1.311
1.561
2.303
1.383
1.572
1.506
1.493
2.417
2.514
2.488
3.291
3.133
2.417
1.944
1.818
1.561
1.047
0.646
0.463
0.466
0.434
0.482
0.737
0.683
1.246
1.484
2.284
1.44
1.587
1.471
1.413
2.389
2.568
2.392
3.197
3.078
2.393
1.906
1.918
1.642
1.006
0.624
0.445
0.477
0.42
0.487
1.095
0.716
1.21
1.423
2.274
1.512
1.55
1.405
1.442
2.217
2.394
2.249
3.122
3.178
2.605
1.876
1.859
1.538
0.961
0.597
0.433
0.47
0.423
0.496
1.03
0.701
1.172
1.736
2.288
1.521
2.02
1.685
1.845
2.624
2.356
2.712
3.552
3.114
2.506
1.825
1.781
1.433
0.906
0.571
0.444
0.46
0.417
0.506
0.965
0.704
1.312
1.591
2.112
1.394
1.912
1.602
1.746
2.419
2.152
2.523
3.405
3.077
2.407
1.825
1.771
1.393
0.914
0.634
0.443
0.45
0.405
0.516
0.914
0.682
1.262
1.506
2.017
1.524
1.931
2.048
1.824
2.753
2.101
2.503
3.278
2.97
2.293
1.809
1.809
1.45
1.38
0.647
0.464
0.472
0.419
0.517
0.879
0.752
1.635
1.872
2.314
2.197
2.041
1.958
1.746
2.795
2.179
2.353
3.16
2.879
2.287
1.788
1.779
1.46
1.355
0.684
0.469
0.473
0.429
0.511
0.84
0.729
1.542
1.81
2.445
2.512
2.218
2.077
1.954
2.839
2.394
2.448
3.167
2.938
2.236
1.762
1.707
1.428
1.338
0.673
0.483
0.485
0.537
0.539
0.813
0.705
1.507
1.819
2.251
2.319
2.102
1.958
1.873
2.784
2.662
2.452
3.287
2.904
2.216
1.73
1.643
1.371
1.251
0.649
0.479
0.48
0.576
0.696
0.896
0.675
1.398
1.674
2.06
2.139
1.944
1.868
2.097
3.24
2.863
2.383
3.122
2.775
2.174
1.681
1.616
1.332
1.222
0.62
0.469
0.469
0.575
0.71
0.838
0.64
1.302
1.527
1.903
1.971
2.013
1.839
1.983
3.443
3.052
2.478
3.041
2.768
2.139
1.644
1.571
1.272
1.131
0.604
0.455
0.461
0.585
0.714
0.798
0.607
1.22
1.408
1.742
1.816
1.862
1.743
1.843
3.195
3.141
2.412
2.999
2.725
2.079
1.581
1.554
1.234
1.059
0.599
0.434
0.463
0.597
0.688
0.771
0.568
1.135
1.317
1.732
2.191
1.968
1.626
1.719
2.958
3.04
2.405
2.924
2.612
1.995
1.542
1.489
1.16
0.996
0.567
0.435
0.443
0.585
0.651
0.738
0.809
1.098
1.341
1.898
2.107
2.066
1.555
2.211
3.035
2.986
2.39
2.831
2.57
1.907
1.502
1.414
1.136
0.963
0.54
0.432
0.429
0.555
0.632
0.694
0.817
1.083
1.488
2.187
2.13
2.105
1.582
2.631
3.033
3.082
2.462
2.864
2.508
1.897
1.504
1.379
1.139
0.95
0.537
0.417
0.418
0.595
0.609
0.663
0.768
1.018
1.369
2.022
1.957
1.963
1.512
2.442
3.002
3.155
2.373
2.832
2.462
1.87
1.464
1.337
1.138
0.898
0.522
0.424
0.407
0.61
0.631
0.631
0.739
0.958
1.275
1.864
1.798
1.877
1.451
2.426
3.023
3.036
2.427
2.781
2.463
1.864
1.45
1.316
1.137
0.846
0.505
0.418
0.399
0.589
0.636
0.717
0.708
0.895
1.179
1.72
1.65
1.788
1.429
2.775
2.867
3.287
2.616
2.834
2.469
1.827
1.467
1.269
1.066
0.796
0.5
0.414
0.396
0.594
0.669
0.684
0.669
0.845
1.102
1.586
1.515
1.687
1.348
2.557
2.824
3.04
2.808
2.826
2.554
1.908
1.456
1.311
1.3
0.894
0.51
0.405
0.382
0.617
0.724
0.634
0.636
0.813
1.02
1.478
1.443
1.728
1.35
2.482
2.646
3.066
2.773
2.803
2.622
1.851
1.432
1.302
1.274
0.9
0.558
0.457
0.386
0.586
0.683
0.671
0.622
1.385
1.057
1.624
1.576
1.762
1.287
2.268
2.577
2.881
2.874
2.779
2.567
1.802
1.414
1.306
1.256
0.878
0.597
0.473
0.385
0.56
0.64
0.652
0.635
1.32
1.031
1.664
1.603
1.951
1.447
2.152
2.645
2.791
3.01
2.995
3.009
1.807
1.401
1.271
1.169
0.836
0.577
0.453
0.387
0.578
0.646
0.619
0.606
1.228
1.102
1.535
1.485
1.856
1.374
1.997
2.475
2.867
2.903
2.939
2.919
1.738
1.405
1.243
1.08
0.795
0.566
0.432
0.388
0.598
0.66
0.592
0.635
1.232
1.123
1.432
1.359
1.798
1.434
1.988
2.673
2.793
2.874
3.407
2.837
1.71
1.378
1.235
1.063
0.784
0.546
0.439
0.397
0.66
0.624
0.581
0.613
1.143
1.061
1.341
1.256
1.646
1.324
2.065
3.001
2.878
2.839
3.483
2.736
1.69
1.356
1.219
1.016
0.741
0.533
0.427
0.381
0.67
0.628
0.547
0.582
1.082
0.989
1.236
1.164
1.545
1.291
1.93
2.747
2.943
2.88
3.406
3.285
1.71
1.399
1.186
1.197
0.847
0.508
0.429
0.37
0.658
0.679
0.514
0.564
1.027
0.929
1.451
1.198
1.484
1.223
1.782
2.601
3.161
2.81
3.296
3.141
1.729
1.406
1.195
1.205
0.822
0.498
0.407
0.384
0.639
0.642
0.497
0.575
1.161
1.737
1.52
1.302
1.465
1.31
2.05
2.531
3.124
2.703
3.155
3.041
1.958
1.387
1.201
1.211
0.838
0.488
0.393
0.376
0.628
0.61
0.484
0.578
1.209
1.896
1.467
1.407
1.612
1.447
2.198
2.497
3.226
2.737
3.442
3.273
1.956
1.365
1.2
1.195
0.846
0.474
0.393
0.367
0.651
0.628
0.48
0.561
1.109
1.758
1.345
1.327
1.509
1.412
2.277
2.575
3.112
2.709
3.268
3.139
1.935
1.349
1.15
1.189
0.828
0.474
0.383
0.358
0.676
0.629
0.481
0.55
1.016
1.631
1.244
1.252
1.619
1.446
2.116
2.398
2.959
2.799
3.179
3.419
1.894
1.344
1.15
1.152
0.774
0.457
0.39
0.365
1.114
0.632
0.453
0.543
0.958
1.5
1.165
1.167
1.582
1.448
1.986
2.514
3.09
2.78
3.064
3.301
1.923
1.316
1.355
1.216
0.745
0.444
0.389
0.381
1.082
0.649
0.435
0.541
0.903
1.383
1.086
1.095
1.5
1.499
1.975
2.379
3.129
2.766
3.04
3.595
1.909
1.299
1.35
1.457
0.728
0.445
0.383
0.373
1.169
0.799
0.43
0.517
0.871
1.468
1.148
1.111
1.457
1.376
2.008
2.434
2.908
2.768
2.981
3.415
1.928
1.354
1.365
1.421
0.717
0.448
0.389
0.366
1.085
0.755
0.466
1.028
1.475
1.419
1.051
1.047
1.351
1.268
1.834
2.229
2.64
2.533
2.733
3.096
1.764
1.259
1.276
1.303
0.672
0.447
0.391
0.358
1.0
0.722
0.46
0.952
1.352
1.318
0.987
0.989
1.605
1.372
1.919
2.157
2.54
2.486
2.647
2.973
1.728
1.295
1.275
1.228
0.671
0.472
0.405
0.405
0.971
0.697
0.43
0.935
1.433
1.828
1.076
1.136
1.678
1.411
2.052
2.334
2.598
2.464
2.894
2.834
1.657
1.292
1.239
1.148
0.633
0.484
0.424
0.41
0.977
0.734
0.415
0.894
1.343
1.671
1.007
1.057
1.625
1.601
2.003
2.501
2.555
2.548
2.826
2.771
1.655
1.295
1.225
1.133
0.599
0.481
0.425
0.409
0.934
0.737
0.41
0.837
1.235
1.538
0.964
0.989
1.54
1.56
2.374
2.936
2.615
2.539
3.456
2.851
1.671
1.278
1.2
1.124
0.594
0.469
0.412
0.414
1.007
0.77
0.402
0.795
1.151
1.423
0.903
0.926
1.462
1.505
2.172
2.718
2.405
2.55
3.381
2.791
1.648
1.258
1.228
1.153
0.627
0.482
0.441
0.438
0.982
0.819
0.421
0.838
1.583
1.836
1.411
1.687
1.599
1.512
2.067
2.633
2.688
2.555
3.267
2.725
1.655
1.263
1.247
1.144
0.606
0.48
0.43
0.435
0.912
0.768
0.431
0.845
1.896
2.194
1.531
1.728
1.552
1.536
2.067
2.75
3.088
2.785
3.184
2.707
1.669
1.285
1.245
1.434
0.644
0.524
0.487
0.422
0.867
0.749
0.435
0.874
1.864
2.327
1.818
1.703
1.551
2.166
2.463
2.805
3.009
2.7
3.428
2.697
1.676
1.42
1.341
1.334
0.61
0.518
0.497
0.432
1.004
0.764
0.422
0.833
1.734
2.128
1.654
1.562
1.493
2.048
2.241
2.593
2.852
2.668
3.526
2.642
1.675
1.384
1.31
1.296
0.651
0.536
0.463
0.434
1.005
0.794
0.406
0.773
1.621
1.973
1.504
1.447
1.403
1.969
2.219
2.856
2.909
2.913
3.973
2.761
1.662
1.342
1.272
1.259
0.66
0.524
0.434
0.424
0.972
0.94
0.402
0.723
1.482
1.835
1.413
1.39
1.337
1.862
2.143
2.786
3.115
2.768
3.78
2.711
1.637
1.354
1.267
1.432
0.837
0.526
0.411
0.411
0.922
0.936
0.415
0.671
1.36
1.68
1.335
1.285
1.309
1.799
2.035
2.625
3.424
2.707
3.718
3.017
1.639
1.352
1.279
1.347
0.78
0.516
0.42
0.391
1.215
0.997
0.411
0.633
1.269
1.568
1.461
1.396
1.365
1.76
2.028
3.438
3.432
2.637
3.566
2.919
1.624
1.341
1.287
1.326
0.761
0.508
0.421
0.384
1.116
0.913
0.433
0.7
1.34
2.039
2.039
1.397
1.417
1.729
2.481
3.455
3.445
2.862
3.686
2.977
1.609
1.329
1.293
1.296
0.752
0.544
0.414
0.388
1.076
0.882
0.517
0.736
1.288
2.065
2.492
1.503
1.946
1.946
2.551
3.474
3.315
2.802
3.556
2.945
1.621
1.313
1.267
1.264
0.779
0.568
0.427
0.384
1.161
0.868
0.502
0.701
1.209
1.908
2.268
1.39
1.834
1.826
2.613
3.657
3.161
2.864
3.568
3.021
1.754
1.299
1.193
1.181
0.739
0.56
0.439
0.365
1.139
0.878
0.499
0.661
1.124
1.779
2.072
1.309
1.779
1.777
2.459
3.456
3.093
2.868
3.91
3.309
1.747
1.324
1.196
1.175
0.727
0.549
0.421
0.368
1.108
0.891
0.491
0.621
1.093
1.708
2.032
1.237
1.745
2.055
2.791
3.416
3.143
3.055
3.776
3.325
1.862
1.312
1.179
1.115
0.7
0.557
0.411
0.361
1.068
0.934
0.483
0.605
1.023
1.582
1.857
1.171
1.657
1.932
2.655
3.609
3.066
2.961
3.628
3.294
2.171
1.356
1.187
1.104
0.671
0.548
0.391
0.372
1.026
0.972
0.482
0.583
0.974
1.484
1.821
1.284
1.734
2.126
2.915
3.75
3.121
3.019
3.406
3.198
2.139
1.366
1.183
1.088
0.723
0.605
0.394
0.359
0.962
0.912
0.484
0.749
1.12
1.497
1.705
1.194
1.606
1.953
2.686
3.576
3.121
2.923
3.217
3.111
2.112
1.39
1.171
1.094
0.743
0.627
0.396
0.354
0.896
0.856
0.492
0.733
1.094
1.494
1.745
1.494
1.619
2.008
2.515
3.365
3.328
2.904
3.476
3.068
2.114
1.418
1.172
1.077
0.741
0.612
0.422
0.358
0.909
0.852
0.499
0.695
1.014
1.526
1.604
1.389
1.552
1.939
2.457
3.512
3.286
2.829
3.293
3.021
2.07
1.395
1.142
1.061
0.728
0.607
0.401
0.361
0.885
0.872
0.494
0.656
0.942
1.395
1.504
1.304
1.659
1.993
2.554
3.437
3.383
2.96
3.241
3.383
2.544
1.415
1.172
1.007
0.7
0.588
0.397
0.374
0.917
0.907
0.472
0.627
0.878
1.311
1.425
1.202
1.545
1.906
2.572
3.613
3.421
2.943
3.313
3.456
2.485
1.391
1.185
0.961
0.674
0.565
0.398
0.37
0.904
0.912
0.465
0.606
0.844
1.213
1.316
1.108
1.451
1.784
2.431
3.603
3.389
3.194
3.849
3.842
2.481
1.389
1.33
1.053
0.643
0.544
0.421
0.367
0.861
0.965
0.45
0.584
0.823
1.148
1.26
1.169
1.385
1.786
2.407
3.443
3.19
2.983
3.65
3.7
2.388
1.443
1.372
1.343
0.659
0.544
0.421
0.385
0.822
0.94
0.441
0.586
0.83
1.251
1.22
2.037
1.906
2.632
2.818
4.017
3.732
3.01
4.148
3.812
2.362
1.453
1.358
1.381
0.631
0.559
0.443
0.383
0.788
0.891
0.539
0.575
1.121
1.576
1.574
1.949
2.338
2.608
3.344
4.319
3.605
2.923
3.94
3.61
2.289
1.475
1.596
1.582
0.645
0.54
0.433
0.38
0.752
0.839
0.516
0.58
1.053
1.488
2.238
2.212
2.176
2.432
3.247
4.373
3.509
2.902
3.764
3.459
2.295
1.503
1.621
1.587
0.693
0.541
0.428
0.384
0.736
0.78
0.525
0.553
1.031
1.703
2.122
2.073
1.997
2.454
3.087
4.325
3.472
3.059
3.649
3.325
2.28
2.041
1.6
1.533
0.742
0.665
0.52
0.419
0.713
0.756
0.573
0.528
0.968
1.569
1.958
1.932
1.869
2.315
2.991
4.004
3.236
3.313
3.572
3.271
2.297
2.054
1.608
1.665
0.923
0.687
0.517
0.405
0.693
0.706
0.6
0.511
1.099
2.576
1.912
1.952
1.867
2.662
3.244
3.828
3.273
3.384
3.416
3.145
2.265
1.988
1.608
1.637
0.958
0.707
0.516
0.41
0.655
0.679
0.575
0.504
1.056
2.373
2.605
2.249
2.506
3.104
3.435
3.624
3.171
3.626
3.282
2.986
2.199
1.913
1.579
1.586
0.977
0.721
0.52
0.398
0.634
0.648
0.561
0.488
1.005
2.195
2.581
2.39
2.371
2.914
3.274
3.42
2.927
3.62
3.212
2.872
2.148
1.951
1.556
1.565
1.149
0.868
0.515
0.385
0.615
0.622
0.539
0.476
0.966
2.07
2.456
2.279
2.537
2.977
3.327
3.59
3.381
3.516
3.144
2.855
2.262
1.944
1.577
1.623
1.23
0.819
0.514
0.391
0.61
0.644
0.571
0.47
0.926
1.899
2.284
2.093
2.338
2.761
3.328
3.473
3.459
3.513
3.036
2.842
2.237
1.925
1.601
1.625
1.196
0.804
0.481
0.401
0.578
0.651
0.605
0.454
0.875
1.733
2.12
2.222
2.359
2.674
3.218
3.436
3.624
3.4
2.986
2.875
2.725
2.386
1.601
1.606
1.165
0.796
0.453
0.411
0.543
0.68
0.637
0.464
0.839
1.603
1.973
2.182
2.25
2.658
3.085
3.225
3.677
3.455
2.937
2.839
3.05
2.335
1.582
1.55
1.085
0.76
0.44
0.424
0.523
0.652
0.702
0.461
0.807
1.516
1.89
2.153
2.11
2.545
2.952
3.305
3.653
3.486
3.066
2.833
3.688
2.343
1.601
1.537
1.032
0.729
0.43
0.428
0.509
0.696
0.729
0.452
0.763
1.401
1.76
1.994
2.0
2.487
2.74
3.173
3.78
3.439
3.032
3.054
3.554
2.258
1.589
1.501
1.058
0.727
0.41
0.412
0.49
0.668
0.697
0.448
0.752
1.414
1.887
1.904
2.128
2.264
2.513
3.047
3.684
3.42
3.04
2.981
3.482
2.248
1.651
1.52
1.181
0.904
0.404
0.394
0.49
0.641
0.68
0.443
0.744
1.366
1.811
1.899
2.15
3.126
2.849
3.049
3.89
3.419
3.013
2.978
3.359
2.186
1.643
1.486
1.149
0.845
0.391
0.396
0.492
0.66
0.692
0.425
0.695
1.3
1.66
1.737
1.985
2.864
2.811
3.176
4.226
3.374
3.032
2.95
3.192
2.109
1.597
1.449
1.128
0.798
0.392
0.399
0.495
0.658
0.71
0.416
0.653
1.221
1.562
1.663
1.862
2.676
2.687
3.029
4.106
3.657
2.986
2.939
3.753
2.061
1.537
1.368
1.143
0.789
0.387
0.39
0.483
0.665
0.73
0.409
0.626
1.142
1.449
1.597
1.853
2.546
2.671
2.935
4.073
3.934
2.924
3.051
3.665
2.063
1.521
1.347
1.092
0.736
0.377
0.383
0.479
0.756
0.746
0.402
0.59
1.055
1.331
1.461
1.724
2.33
2.432
2.714
3.971
4.214
3.05
3.14
4.159
2.013
1.434
1.27
1.052
0.717
0.414
0.406
0.484
0.842
0.757
0.389
0.554
0.976
1.234
1.366
1.579
2.127
2.329
2.559
3.836
4.03
2.911
3.186
3.906
1.968
1.375
1.191
0.999
0.691
0.427
0.442
0.489
0.812
0.723
0.47
0.764
1.027
1.731
1.579
1.559
2.274
2.506
2.705
3.768
3.941
2.873
3.036
3.872
1.935
1.434
1.416
1.138
0.712
0.464
0.469
0.534
0.802
0.72
0.479
0.782
1.056
1.719
1.685
2.303
2.631
2.592
2.812
3.821
3.973
2.819
2.9
4.193
1.974
1.417
1.36
1.125
0.742
0.513
0.47
0.524
0.764
0.698
0.476
0.773
1.025
1.643
1.853
2.378
3.152
2.847
2.683
3.645
4.12
2.806
2.895
4.044
2.028
1.442
1.356
1.121
0.761
0.487
0.474
0.524
0.773
0.675
0.481
0.74
0.99
1.565
1.774
2.261
3.052
2.765
2.589
3.684
4.283
2.775
2.849
3.841
2.183
1.485
1.483
1.291
0.768
0.461
0.474
0.492
0.811
0.785
0.456
0.701
0.91
1.459
1.654
2.068
2.792
2.781
2.682
3.735
4.121
2.868
3.31
4.177
2.593
1.537
1.437
1.207
0.735
0.479
0.475
0.48
0.8
0.83
0.437
0.665
0.866
1.361
1.536
1.883
2.62
2.819
2.764
3.594
4.299
2.858
3.213
3.929
3.026
1.512
1.386
1.191
0.706
0.462
0.47
0.472
0.823
0.818
0.421
0.634
0.838
1.265
1.411
1.735
2.406
2.729
2.796
3.447
4.03
2.726
3.108
3.792
2.958
1.549
1.374
1.217
1.04
0.46
0.465
0.476
0.769
0.792
0.44
0.634
0.826
1.202
1.399
2.301
2.577
2.635
2.973
3.639
4.054
2.663
2.982
3.606
2.86
1.573
1.403
1.243
1.273
0.467
0.452
0.469
0.718
0.747
0.454
0.612
0.782
1.148
1.316
2.194
2.705
2.795
3.113
3.578
3.864
2.635
3.423
3.868
2.769
1.57
1.38
1.216
1.239
0.466
0.428
0.467
0.725
0.942
0.574
0.591
0.733
1.093
1.217
2.021
2.506
2.569
3.161
3.504
3.713
2.745
3.68
3.88
2.765
1.641
1.403
1.217
1.214
0.492
0.429
0.488
0.732
0.901
0.793
0.716
0.806
1.098
1.514
2.035
2.403
2.427
2.968
3.497
3.966
3.139
3.747
3.717
2.665
1.641
1.723
1.204
1.209
0.532
0.432
0.47
0.751
0.919
0.756
0.671
0.756
1.024
1.405
1.867
2.54
2.501
3.12
3.393
3.781
3.1
3.579
3.562
2.769
1.731
1.751
1.138
1.141
0.532
0.409
0.462
0.771
0.932
0.728
0.629
0.726
0.945
1.309
1.727
2.343
2.398
2.914
3.3
4.016
3.206
3.911
3.412
2.654
2.204
1.72
1.116
1.105
0.51
0.428
0.477
0.734
0.954
0.684
0.623
0.705
0.893
1.535
1.857
2.288
2.296
2.855
3.201
3.979
3.282
3.825
3.316
2.613
2.133
1.668
1.087
1.067
0.511
0.437
0.45
0.702
0.883
0.671
0.664
0.696
1.073
2.426
2.878
2.892
2.653
3.13
3.765
4.3
3.186
3.674
3.162
2.524
2.123
1.619
1.113
1.08
0.569
0.456
0.458
0.654
0.821
0.64
0.647
0.718
1.07
2.513
3.166
3.084
2.928
3.51
3.906
4.26
3.279
4.186
3.056
2.452
2.116
1.752
1.126
1.034
0.529
0.45
0.43
0.706
0.932
0.61
0.64
0.681
1.001
2.292
2.877
2.876
2.972
3.531
3.78
4.128
3.135
4.072
3.078
2.642
2.037
1.68
1.102
0.983
0.501
0.422
0.426
0.711
0.981
0.574
0.604
0.678
1.028
2.175
2.701
2.739
2.951
3.37
3.66
4.291
3.246
3.919
3.484
2.701
2.088
1.617
1.101
0.954
0.498
0.424
0.407
0.742
1.009
0.557
0.586
0.649
0.949
1.974
2.468
2.575
2.791
3.436
4.141
4.345
3.512
4.138
3.448
2.835
2.034
1.589
1.069
0.91
0.496
0.414
0.385
0.776
1.042
0.518
0.549
0.652
0.887
1.805
2.249
2.417
2.964
3.588
4.178
4.203
3.42
3.956
3.797
2.797
1.944
1.553
1.029
1.056
0.605
0.428
0.397
0.748
1.079
0.489
0.512
0.668
1.043
1.796
2.11
2.256
3.635
3.464
4.288
3.928
3.159
3.621
3.549
2.708
1.937
1.527
1.033
1.498
0.849
0.436
0.411
0.71
1.032
0.508
0.505
1.227
1.132
1.875
2.167
2.288
3.458
3.464
4.438
3.784
3.049
3.579
3.412
2.643
1.927
1.478
0.986
1.38
0.795
0.442
0.399
0.658
1.0
0.522
0.515
1.155
1.121
2.173
2.409
2.66
3.562
3.492
4.717
3.765
2.974
3.531
3.313
2.811
1.867
1.415
0.977
1.268
0.752
0.434
0.389
0.698
1.005
0.5
0.49
1.096
1.028
2.009
2.192
2.479
3.443
3.44
4.644
3.956
3.134
3.509
3.431
2.974
1.834
1.377
0.962
1.17
0.725
0.446
0.388
0.715
1.042
0.48
0.48
1.032
0.972
1.828
2.012
2.589
3.417
3.508
4.403
3.781
3.073
3.553
3.363
2.866
1.793
1.381
0.93
1.09
0.711
0.428
0.382
0.845
1.055
0.479
0.479
0.96
0.91
1.729
1.833
2.439
3.309
3.283
4.431
3.785
3.132
3.492
3.726
2.762
1.749
1.352
0.951
1.027
0.671
0.411
0.37
0.86
1.089
0.455
0.506
0.895
0.85
1.588
1.67
2.298
3.093
3.115
4.556
3.738
3.082
3.415
3.694
2.73
1.699
1.456
1.129
1.016
0.637
0.399
0.369
1.337
1.172
0.625
0.615
0.858
0.808
1.68
1.874
2.817
3.26
3.462
4.628
3.876
3.347
3.316
3.506
2.59
1.678
1.46
1.133
1.037
0.706
0.473
0.372
1.231
1.092
0.603
0.588
0.819
0.85
1.576
1.768
2.634
3.492
3.626
4.537
3.979
3.451
3.302
3.368
2.514
1.694
1.501
1.165
1.053
0.701
0.472
0.392
1.155
1.019
0.777
0.659
0.857
1.378
1.552
1.761
2.693
3.503
3.635
4.467
3.974
3.535
3.233
3.505
2.62
1.675
1.508
1.166
1.019
0.687
0.466
0.414
1.143
1.139
0.751
0.651
0.831
1.316
1.469
1.656
2.55
3.354
3.523
4.332
3.855
3.429
3.166
3.366
2.659
1.674
1.472
1.171
0.983
0.656
0.478
0.403
1.127
1.151
0.737
0.644
0.801
1.235
1.38
1.651
2.492
3.216
3.419
4.751
3.871
3.618
3.106
3.845
2.868
1.679
1.465
1.172
0.918
0.64
0.47
0.417
1.129
1.139
0.7
0.599
0.759
1.162
1.278
1.514
2.343
3.071
3.351
4.48
3.78
3.448
2.994
3.694
2.863
1.702
1.493
1.184
0.887
0.616
0.461
0.441
1.131
1.207
0.683
0.589
0.723
1.084
1.167
1.396
2.26
2.868
3.405
4.613
3.698
3.812
3.543
4.113
3.132
1.792
1.457
1.144
0.827
0.606
0.455
0.457
1.083
1.154
0.647
0.548
0.694
1.057
1.278
1.503
2.188
2.917
3.303
4.578
3.868
3.849
3.56
3.92
3.059
1.806
1.478
1.131
1.186
0.795
0.462
0.446
0.991
1.069
0.619
0.602
1.138
1.28
1.62
1.973
2.265
2.912
3.195
4.805
3.756
3.73
3.48
3.73
2.988
1.84
1.505
1.282
1.405
0.841
0.471
0.473
0.931
1.03
0.605
0.69
1.456
1.506
2.175
2.617
2.337
3.115
3.551
4.89
3.709
3.606
3.414
3.581
2.847
1.76
1.404
1.229
1.321
0.797
0.491
0.495
0.891
0.961
0.567
0.699
1.418
1.512
2.034
2.397
2.182
3.023
3.697
4.665
3.658
3.766
3.62
4.033
2.812
1.858
1.444
1.198
1.257
0.75
0.494
0.487
0.824
0.943
0.66
0.753
1.634
1.595
2.152
2.334
2.124
3.035
3.596
4.517
3.748
3.678
3.74
4.006
2.845
1.924
1.495
1.22
1.196
0.717
0.503
0.464
0.782
0.909
0.654
0.729
1.663
1.985
2.545
2.637
2.31
3.211
4.125
4.882
3.668
3.678
3.65
4.08
2.737
1.909
1.478
1.197
1.093
0.676
0.483
0.464
0.73
0.841
0.673
0.802
1.848
2.39
2.881
2.98
2.837
3.299
4.271
4.829
3.823
3.944
3.504
3.921
2.736
1.961
1.486
1.141
1.038
0.651
0.539
0.523
0.744
0.832
0.673
0.81
2.069
2.461
3.041
3.081
3.13
3.347
4.269
4.613
3.614
3.773
3.388
3.786
2.726
1.975
1.664
1.133
1.017
0.612
0.543
0.509
0.7
0.787
0.654
0.783
1.982
2.286
3.259
3.216
3.073
3.495
4.34
4.578
3.759
3.833
3.276
3.571
2.625
1.986
1.709
1.173
1.445
0.962
0.787
0.539
0.681
0.76
0.624
0.792
1.862
2.472
3.436
3.181
2.94
3.392
4.202
4.484
3.833
3.867
3.205
3.402
2.578
1.96
1.646
1.167
1.38
0.951
0.741
0.507
0.668
0.724
0.661
0.82
1.876
2.469
3.419
3.055
2.868
3.532
4.089
4.537
3.788
4.013
3.163
3.307
2.63
2.009
1.682
1.174
1.387
0.984
0.728
0.49
0.657
0.701
0.636
0.777
2.049
2.82
3.541
3.296
2.951
3.52
4.02
4.403
3.851
4.232
3.291
3.193
2.541
1.98
1.782
1.284
1.381
0.908
0.705
0.476
0.612
0.668
0.606
0.726
1.963
2.98
3.547
3.676
2.967
3.537
4.159
4.644
4.044
4.624
3.421
3.397
2.895
2.213
1.764
1.297
1.545
0.85
0.66
0.488
0.629
0.643
0.583
0.734
1.85
2.853
3.331
3.739
2.945
3.522
4.022
4.416
3.882
4.355
3.352
3.369
2.861
2.285
1.789
1.481
1.477
0.807
0.652
0.509
0.611
0.604
0.563
0.745
1.927
2.643
3.099
3.623
2.822
3.357
4.011
4.287
3.719
4.136
3.192
3.243
2.756
2.207
1.77
1.515
1.465
0.859
0.646
0.487
0.583
0.584
0.542
0.7
1.823
2.464
2.822
3.364
2.64
3.395
3.895
4.27
3.808
4.192
3.317
3.203
2.735
2.197
1.734
1.503
1.459
0.897
0.623
0.47
0.557
0.561
0.558
0.706
1.783
2.356
2.659
3.382
2.972
3.845
4.096
4.282
3.813
4.218
3.401
3.155
2.689
2.204
1.768
1.521
1.433
0.944
0.618
0.471
0.529
0.551
0.546
1.267
1.701
2.461
2.598
3.923
3.0
3.723
3.861
4.292
3.627
3.945
3.304
3.049
2.661
2.143
1.716
1.485
1.437
0.908
0.582
0.466
0.532
0.626
0.586
1.172
1.581
2.244
2.375
3.583
2.769
3.488
3.735
4.408
3.902
4.07
3.398
3.035
2.671
2.209
1.842
1.597
1.454
0.943
0.65
0.484
0.528
0.614
0.566
1.127
1.49
2.168
2.303
3.827
2.955
3.37
3.735
4.227
3.985
3.993
3.5
3.013
2.624
2.229
1.799
1.536
1.41
0.899
0.622
0.491
0.523
0.635
0.561
1.075
1.413
2.309
2.764
4.004
3.011
3.236
3.705
4.278
3.833
4.09
3.365
2.927
2.608
2.253
1.805
1.587
1.4
0.892
0.626
0.491
0.511
0.618
0.564
1.009
1.346
2.235
2.666
3.701
3.015
3.336
3.653
4.151
3.945
4.222
3.357
2.872
2.575
2.251
1.796
1.642
1.609
0.968
0.618
0.459
0.534
0.613
0.561
0.947
1.265
2.155
2.466
3.49
2.942
3.338
3.832
4.408
3.922
4.215
3.494
2.845
2.593
2.274
1.818
1.683
1.611
0.981
0.681
0.473
0.53
0.659
0.605
0.908
1.226
2.264
2.968
3.829
3.403
3.212
3.63
4.245
3.998
4.204
3.495
2.767
2.575
2.265
1.866
1.668
1.593
0.931
0.676
0.469
0.519
0.665
0.652
0.932
1.181
2.111
2.755
3.599
3.181
3.012
3.539
4.039
3.835
4.309
3.399
2.695
2.533
2.203
1.818
1.633
1.576
0.922
0.662
0.478
0.509
0.695
0.684
1.003
1.271
2.153
2.56
3.32
2.994
2.922
3.385
4.141
3.834
4.339
3.234
2.685
2.518
2.179
1.779
1.606
1.549
0.889
0.656
0.475
0.521
0.695
0.678
0.935
1.188
1.988
2.424
3.112
2.825
2.807
3.66
4.273
3.758
4.44
3.128
2.599
2.458
2.2
1.885
1.514
1.447
0.837
0.623
0.456
0.577
0.779
0.662
0.869
1.098
1.855
2.726
3.315
3.189
2.99
3.582
4.072
3.897
4.294
3.289
2.567
2.382
2.116
1.859
1.447
1.355
0.79
0.592
0.442
0.571
0.857
0.632
0.811
1.055
1.798
2.693
3.146
3.234
3.079
3.739
4.001
4.005
3.898
2.96
2.31
2.329
2.176
1.915
1.485
1.547
0.89
0.592
0.439
0.616
0.845
0.62
0.784
1.211
1.831
2.59
2.901
2.966
2.955
3.546
3.86
3.954
3.73
2.86
2.462
2.498
2.156
1.877
1.473
1.47
0.847
0.585
0.448
0.598
0.802
0.612
0.772
1.172
1.731
2.409
3.117
3.33
3.506
4.015
3.944
3.996
3.628
2.82
2.489
2.448
2.143
1.832
1.444
1.418
0.814
0.571
0.441
0.633
0.818
0.597
0.726
1.083
1.598
2.25
2.907
3.241
3.653
3.813
3.807
3.895
3.513
2.81
2.449
2.431
2.122
1.76
1.405
1.33
0.792
0.558
0.457
0.68
0.858
0.568
0.694
1.187
1.544
2.16
2.662
2.967
3.504
3.728
3.847
3.761
3.698
2.834
2.525
2.549
2.098
1.723
1.38
1.244
0.747
0.538
0.463
0.692
0.92
0.551
0.655
1.093
1.414
2.013
2.432
2.938
3.547
3.764
3.879
3.669
3.585
2.723
2.542
2.527
2.042
1.701
1.362
1.165
0.71
0.542
0.454
0.683
0.934
0.532
0.623
1.058
1.388
2.163
3.091
3.348
3.641
4.016
3.927
3.582
3.552
2.652
2.599
2.458
2.079
1.687
1.329
1.112
0.708
0.551
0.449
0.717
0.944
0.518
0.601
1.01
1.269
1.976
2.827
3.069
3.462
3.948
4.04
3.647
3.662
2.753
2.861
2.465
2.114
1.679
1.333
1.102
0.7
0.542
0.449
0.685
0.9
0.504
0.599
1.141
1.375
1.836
2.602
2.83
3.53
4.216
4.298
3.863
3.606
2.594
2.647
2.281
1.966
1.795
1.441
1.29
0.946
0.704
0.561
0.741
0.932
0.57
0.697
1.195
1.533
1.863
3.369
3.227
3.915
4.861
4.259
4.134
3.928
2.947
2.945
2.232
1.899
2.046
1.839
1.483
0.94
0.688
0.559
0.752
1.019
0.563
0.682
1.319
1.502
1.976
3.12
3.05
3.66
4.622
4.336
3.996
3.842
2.893
2.918
2.3
1.913
2.021
1.874
1.399
0.896
0.668
0.553
0.816
1.097
0.543
0.653
1.269
1.415
1.816
2.871
2.828
3.621
4.629
4.406
3.867
3.669
2.835
2.837
2.267
1.838
1.918
1.792
1.319
0.862
0.637
0.533
0.854
1.099
0.53
0.629
1.167
1.3
1.66
2.624
2.658
3.377
4.291
4.506
3.884
3.802
2.868
2.777
2.31
1.869
1.826
1.651
1.214
0.812
0.617
0.519
0.943
1.135
0.536
0.619
1.114
1.212
1.537
2.419
2.512
3.28
4.099
4.591
3.769
3.706
2.875
2.824
2.3
1.817
1.756
1.581
1.149
0.785
0.611
0.519
0.905
1.179
0.559
0.585
1.045
1.26
1.663
2.266
2.412
3.55
4.158
4.788
3.773
3.535
2.785
2.734
2.28
1.827
1.86
1.611
1.066
0.735
0.594
0.496
0.845
1.099
0.536
0.582
1.11
1.342
1.713
2.258
2.222
3.456
4.475
4.658
3.617
3.386
2.699
2.687
2.245
1.833
1.792
1.526
1.245
0.731
0.566
0.482
0.792
1.01
0.521
0.585
1.115
1.333
1.774
2.262
2.321
3.833
4.797
4.681
3.554
3.346
2.649
2.63
2.259
1.979
1.888
1.437
1.163
0.698
0.553
0.488
0.811
1.009
0.488
0.565
1.039
1.225
1.619
2.066
2.169
3.616
4.551
4.792
3.506
3.26
2.665
2.776
2.338
1.922
1.722
1.315
1.085
0.666
0.52
0.467
0.811
1.102
0.541
0.672
1.213
1.23
1.713
2.041
2.089
3.444
4.471
4.758
3.541
3.367
2.744
2.688
2.266
1.825
1.641
1.229
1.011
0.626
0.511
0.461
0.867
1.096
0.538
0.647
1.119
1.164
1.579
1.941
1.934
3.37
4.253
4.61
3.563
3.312
2.678
2.604
2.299
1.857
1.606
1.188
0.952
0.601
0.503
0.452
0.817
1.118
0.521
0.781
1.595
1.471
1.812
2.346
1.925
3.18
4.173
4.768
3.459
3.249
2.664
2.539
2.33
1.798
1.473
1.098
0.884
0.581
0.491
0.449
0.813
1.14
0.753
0.775
1.535
1.513
1.728
2.189
1.768
3.005
4.018
4.728
3.383
3.191
2.676
2.51
2.429
1.785
1.592
1.18
0.832
0.565
0.481
0.441
0.774
1.061
0.73
0.749
1.479
1.461
1.61
2.064
1.793
3.139
3.933
4.908
3.281
3.096
2.594
2.461
2.371
1.737
1.54
1.308
0.905
0.547
0.471
0.439
0.729
1.002
0.709
0.739
1.43
1.472
2.31
2.17
2.147
3.123
3.97
4.905
3.152
3.047
2.549
2.388
2.378
1.74
1.489
1.223
0.859
0.528
0.454
0.425
0.771
1.003
0.676
0.702
1.34
1.353
2.1
1.976
1.981
3.094
4.08
4.968
3.293
2.99
2.539
2.554
2.324
1.667
1.399
1.181
0.843
0.541
0.475
0.435
0.806
1.17
0.658
0.652
1.246
1.241
1.915
1.816
1.892
2.95
3.901
4.761
3.404
3.107
2.688
2.515
2.314
1.619
1.364
1.15
0.79
0.511
0.454
0.429
0.822
1.154
0.628
0.613
1.142
1.151
1.768
1.689
1.758
2.695
3.651
4.883
3.317
3.02
2.637
2.473
2.308
1.681
1.367
1.137
0.777
0.492
0.506
0.485
0.845
1.228
0.801
0.687
1.08
1.117
1.858
1.597
1.669
2.528
3.412
4.644
3.457
3.032
2.629
2.455
2.341
1.734
1.439
1.142
0.739
0.476
0.493
0.472
0.817
1.232
1.057
0.812
1.376
1.081
1.912
1.527
1.585
2.382
3.335
4.752
3.42
2.953
2.574
2.429
2.327
1.701
1.427
1.117
0.71
0.462
0.484
0.458
0.762
1.142
0.981
0.813
1.333
1.254
1.99
1.755
1.961
2.462
3.383
4.487
3.314
2.933
2.751
2.4
2.333
1.776
1.511
1.18
0.714
0.478
0.487
0.462
0.745
1.111
0.96
0.776
1.343
1.25
1.889
1.791
1.954
2.609
3.396
4.387
3.409
2.979
2.697
2.342
2.381
1.726
1.453
1.11
0.689
0.477
0.481
0.455
0.758
1.063
0.916
0.742
1.251
1.19
1.772
1.681
1.838
2.57
3.374
4.411
3.297
2.857
2.852
2.346
2.333
1.698
1.418
1.085
0.666
0.476
0.471
0.441
0.734
1.015
0.865
0.713
1.2
1.178
1.681
1.57
1.731
2.531
3.169
4.165
3.262
3.02
2.829
2.355
2.347
1.723
1.436
1.066
0.656
0.509
0.491
0.448
0.732
0.973
0.822
0.676
1.346
1.684
1.625
1.752
1.789
2.42
3.016
4.404
3.139
2.966
2.726
2.335
2.315
1.73
1.399
1.063
0.64
0.504
0.491
0.449
0.702
0.916
0.786
0.658
1.262
1.618
1.751
1.795
1.691
2.252
3.052
4.392
3.052
2.975
2.94
2.307
2.264
1.757
1.387
1.092
0.614
0.501
0.49
0.443
0.665
0.865
0.754
0.8
1.208
1.876
1.836
2.456
1.625
2.475
3.358
4.373
3.116
2.839
2.787
2.225
2.183
1.709
1.422
1.105
0.678
0.513
0.478
0.432
0.618
0.808
0.704
0.783
1.189
1.919
2.32
2.801
1.973
3.229
3.667
4.568
3.02
2.864
2.72
2.174
2.156
1.691
1.406
1.279
0.837
0.519
0.46
0.412
0.582
0.759
0.658
0.726
1.131
1.787
2.446
2.724
2.278
3.263
3.839
4.428
2.935
2.794
2.623
2.178
2.125
1.75
1.384
1.416
0.832
0.502
0.446
0.415
0.582
0.835
0.839
1.016
1.142
1.689
2.287
2.509
2.159
3.106
3.702
4.437
3.044
2.739
2.608
2.156
2.084
1.692
1.35
1.334
0.806
0.485
0.426
0.4
0.645
0.896
0.786
0.935
1.052
1.554
2.092
2.299
2.121
2.998
3.508
4.23
2.956
2.832
2.561
2.136
2.124
1.826
1.36
1.3
0.864
0.499
0.424
0.41
0.627
0.979
0.926
0.86
0.971
1.464
1.943
2.136
2.051
2.859
3.558
4.192
2.886
2.837
2.525
2.12
2.133
1.956
1.345
1.242
0.821
0.494
0.411
0.4
0.669
0.999
1.15
1.223
0.946
1.742
2.124
2.095
1.949
2.843
3.338
4.333
2.9
2.789
2.469
2.147
2.09
1.97
1.343
1.177
0.775
0.483
0.407
0.392
0.682
0.996
1.134
1.133
0.934
1.797
2.462
2.474
1.866
2.677
3.147
4.341
2.818
2.871
2.636
2.294
2.073
1.957
1.328
1.152
0.758
0.472
0.401
0.388
0.649
0.929
1.097
1.108
0.932
1.698
2.321
2.326
1.971
2.56
3.217
4.281
2.764
2.805
2.553
2.251
2.048
2.051
1.543
1.093
0.726
0.485
0.418
0.407
0.647
0.881
1.038
1.068
0.867
1.588
2.8
2.612
2.273
2.659
3.5
4.235
2.752
2.731
2.487
2.262
2.026
1.988
1.504
1.082
0.7
0.478
0.424
0.396
0.631
1.045
1.115
1.005
0.833
1.49
2.711
2.483
2.169
2.495
3.533
4.224
2.956
2.638
2.46
2.23
2.02
1.994
1.491
1.095
0.77
0.507
0.453
0.434
0.928
1.071
1.039
0.944
0.783
1.401
2.475
2.272
1.988
2.397
3.541
4.139
3.017
2.949
2.462
2.258
2.082
2.086
1.482
1.05
0.717
0.478
0.435
0.415
0.915
1.029
0.973
0.884
0.728
1.288
2.274
2.187
1.827
2.275
3.302
4.288
2.921
2.909
2.538
2.3
2.072
2.083
1.439
1.003
0.694
0.481
0.426
0.415
1.061
1.013
0.924
0.847
0.696
1.196
2.097
2.161
1.816
2.246
3.163
4.25
3.227
2.84
2.517
2.305
2.081
2.005
1.522
1.127
0.698
0.473
0.418
0.411
0.988
1.064
1.271
0.953
1.159
1.22
2.001
2.029
1.687
2.165
2.979
4.058
3.483
2.767
2.625
2.326
2.265
2.026
1.552
1.163
0.756
0.482
0.414
0.41
0.942
1.013
1.195
0.93
1.247
1.181
1.889
1.908
1.767
2.257
2.939
4.224
3.384
2.7
2.589
2.318
2.224
2.011
1.541
1.123
0.723
0.486
0.429
0.42
0.897
0.948
1.119
0.896
1.21
1.337
1.853
1.957
1.695
2.396
3.138
4.186
3.507
2.903
2.526
2.335
2.195
1.938
1.495
1.084
0.681
0.48
0.441
0.42
1.188
0.918
1.044
0.844
1.124
1.229
1.711
1.823
1.558
2.3
2.93
4.159
3.449
2.908
2.487
2.285
2.31
1.898
1.447
1.079
0.674
0.477
0.431
0.407
1.172
1.139
1.0
0.782
1.035
1.152
1.588
1.693
1.43
2.22
2.75
3.899
3.805
2.842
2.542
2.304
2.285
1.918
1.665
1.098
0.749
0.497
0.429
0.403
1.357
1.246
1.139
0.728
0.964
1.08
1.498
1.562
1.382
2.058
2.603
3.682
3.914
2.784
2.51
2.272
2.28
1.999
1.649
1.073
0.709
0.472
0.415
0.401
1.274
1.216
1.291
0.707
1.016
1.777
1.636
1.48
1.289
1.953
2.527
3.918
3.844
2.77
2.458
2.317
2.657
1.984
1.609
1.128
0.683
0.463
0.42
0.388
1.192
1.175
1.434
0.687
0.944
1.657
1.515
1.422
1.23
1.871
2.329
3.941
3.628
2.727
2.435
2.27
2.596
1.927
1.572
1.198
0.653
0.451
0.412
0.377
1.094
1.092
1.358
0.683
0.932
1.728
1.618
1.443
1.284
1.976
2.334
3.798
3.781
2.68
2.374
2.237
2.494
1.864
1.61
1.117
0.619
0.43
0.408
0.381
1.017
1.004
1.27
0.675
1.109
1.709
1.721
1.437
1.352
2.091
2.501
3.667
3.692
2.673
2.352
2.521
2.461
1.858
1.578
1.121
0.655
0.436
0.416
0.375
0.999
0.99
1.179
0.644
1.037
1.71
1.585
1.328
1.467
1.976
2.397
3.732
3.586
2.648
2.334
2.538
2.427
1.985
1.748
1.241
0.658
0.441
0.42
0.396
0.987
0.954
1.084
0.616
0.988
1.563
1.472
1.263
1.391
1.889
2.246
4.002
3.801
2.689
2.274
2.438
2.342
1.901
1.718
1.488
0.882
0.436
0.423
0.403
0.926
0.903
1.012
0.612
1.286
1.545
1.702
1.437
1.503
1.894
2.071
3.764
3.625
2.856
2.44
2.52
2.331
2.099
1.654
1.557
0.959
0.434
0.428
0.422
0.877
0.873
0.949
0.596
1.326
1.779
2.323
1.894
1.997
2.48
2.748
3.825
3.527
2.8
2.397
2.494
2.3
2.04
1.584
1.468
0.914
0.446
0.426
0.427
0.837
0.83
0.882
0.591
1.27
1.709
2.92
1.938
2.057
2.329
2.572
3.824
3.603
2.894
2.358
2.475
2.307
2.031
1.575
1.466
0.915
0.451
0.422
0.419
0.783
0.801
0.843
0.615
1.31
1.778
2.865
1.859
2.004
2.462
2.659
3.919
4.048
2.974
2.326
2.408
2.187
1.935
1.572
1.562
1.024
0.503
0.413
0.417
0.733
0.75
0.802
0.623
1.254
1.762
2.887
2.058
2.046
2.42
2.603
3.913
3.925
2.921
2.295
2.332
2.198
1.888
1.536
1.505
0.971
0.487
0.415
0.434
0.873
0.75
0.755
0.589
1.186
1.628
2.636
1.881
1.912
2.305
2.424
4.1
3.842
3.002
2.262
2.361
2.227
1.857
1.52
1.471
0.921
0.484
0.422
0.44
0.869
0.743
0.717
0.554
1.111
1.518
2.416
1.737
1.792
2.144
2.3
3.815
3.944
2.922
2.302
2.386
2.252
1.834
1.507
1.423
0.911
0.482
0.419
0.435
0.855
0.78
0.679
0.538
1.074
1.446
2.441
1.671
1.714
2.256
2.305
3.706
3.884
2.951
2.268
2.326
2.229
1.862
1.49
1.376
0.88
0.47
0.411
0.435
0.822
0.798
0.656
0.522
0.998
1.361
2.45
1.671
1.671
2.102
2.151
3.486
3.913
2.916
2.308
2.536
2.547
1.915
1.447
1.356
0.841
0.477
0.425
0.441
0.92
0.835
0.66
0.613
1.062
1.278
2.238
1.562
1.61
1.928
2.034
3.558
3.712
2.974
2.311
2.423
2.418
1.872
1.412
1.361
0.802
0.472
0.414
0.435
0.872
0.798
0.64
0.62
1.041
1.19
2.096
1.492
1.545
1.813
1.922
3.45
3.685
3.032
2.267
2.354
2.317
1.821
1.39
1.321
0.836
0.466
0.409
0.423
0.826
0.762
0.648
0.634
1.173
1.319
2.234
1.506
1.675
1.82
2.361
3.244
3.678
3.137
2.19
2.277
2.241
1.757
1.366
1.336
0.801
0.461
0.422
0.42
0.812
0.73
0.643
0.621
1.157
1.282
2.247
1.693
1.664
1.857
2.834
3.1
3.511
3.039
2.274
2.244
2.206
1.729
1.423
1.299
0.78
0.463
0.413
0.432
0.804
0.695
0.636
0.64
1.144
1.747
2.181
1.624
1.652
1.769
2.647
3.273
3.403
2.965
2.284
2.241
2.152
1.69
1.456
1.271
0.761
0.48
0.433
0.429
0.82
0.672
0.639
0.668
1.709
1.87
2.065
1.792
1.726
1.702
2.764
3.211
3.29
2.92
2.279
2.172
2.116
1.693
1.43
1.195
0.725
0.484
0.437
0.426
0.804
0.663
0.634
0.677
1.634
2.304
2.097
1.692
1.819
1.902
2.847
3.187
3.376
2.973
2.305
2.185
2.244
1.691
1.467
1.138
0.693
0.493
0.441
0.422
0.772
0.644
0.638
0.934
1.977
2.755
2.293
3.167
2.124
1.792
2.694
3.364
3.225
2.89
2.321
2.187
2.226
1.685
1.458
1.073
0.657
0.5
0.456
0.426
0.752
0.63
0.739
1.031
1.962
2.735
2.126
2.948
1.977
1.849
2.549
3.243
3.399
2.974
2.277
2.182
2.204
1.669
1.449
1.079
0.641
0.482
0.431
0.417
0.715
0.591
0.709
0.964
1.84
2.63
2.266
3.149
2.612
1.967
2.464
3.11
3.227
2.811
2.217
2.157
2.098
1.617
1.429
1.077
0.651
0.46
0.413
0.421
0.68
0.561
0.694
0.951
1.867
2.663
2.406
2.961
2.439
1.978
2.9
3.077
3.054
2.766
2.452
2.07
2.011
1.566
1.387
1.03
0.624
0.463
0.422
0.413
0.666
0.543
0.648
0.908
1.754
2.471
2.262
3.075
2.299
2.075
2.888
2.923
3.018
2.752
2.402
2.067
1.972
1.535
1.294
0.971
0.6
0.471
0.426
0.436
0.82
0.679
0.629
0.863
1.674
2.319
2.188
3.049
2.168
1.917
2.957
2.747
2.835
2.558
2.246
2.039
1.942
1.489
1.245
0.929
0.585
0.465
0.416
0.433
0.784
0.645
0.631
0.841
1.743
2.803
2.218
2.883
2.556
1.933
2.97
2.659
2.798
2.506
2.216
2.019
1.939
1.582
1.258
1.177
0.799
0.614
0.43
0.424
0.747
0.64
0.626
0.807
1.954
2.985
2.048
3.25
2.393
1.795
2.712
2.426
2.545
2.293
2.035
1.847
1.775
1.463
1.166
1.086
0.755
0.588
0.411
0.417
0.713
0.603
0.589
0.766
1.793
2.712
1.874
2.966
2.192
1.643
2.475
2.225
2.321
2.088
1.871
1.704
1.625
1.348
1.09
1.012
0.704
0.565
0.412
0.402
0.67
0.583
0.567
0.717
1.638
2.48
1.728
2.697
2.006
1.692
2.432
2.103
2.358
2.599
2.151
1.706
1.592
1.325
1.032
0.942
0.676
0.553
0.402
0.439
0.666
0.583
0.538
0.699
1.826
2.495
1.728
2.497
1.861
1.624
2.414
2.307
2.337
2.555
2.579
1.788
1.584
1.313
1.026
0.924
0.656
0.526
0.395
0.478
0.661
0.551
0.518
0.667
1.676
2.27
1.609
2.312
1.74
1.552
2.295
2.259
2.343
2.546
2.53
1.823
1.7
1.478
0.97
0.877
0.637
0.503
0.389
0.492
0.676
0.523
0.497
0.641
1.559
2.086
1.501
2.131
1.754
1.64
2.185
2.576
2.382
2.54
2.537
1.902
1.695
1.545
1.159
0.839
0.615
0.483
0.39
0.741
0.742
0.502
0.502
0.606
1.433
1.918
1.385
1.993
1.812
1.699
2.157
2.596
2.294
2.53
2.517
1.949
1.687
1.489
1.122
0.851
0.641
0.474
0.393
0.749
0.742
0.48
0.477
0.583
1.338
1.948
1.3
1.85
1.733
1.601
2.362
2.429
2.445
2.565
2.486
1.984
1.703
1.464
1.121
0.826
0.611
0.451
0.398
0.715
0.694
0.478
0.494
0.601
1.383
2.015
1.304
1.892
1.698
1.574
2.301
2.379
2.388
2.535
2.447
2.016
1.69
1.46
1.146
0.809
0.589
0.453
0.416
0.704
0.68
0.468
0.517
0.6
1.298
2.176
1.506
2.309
1.991
1.686
2.469
2.316
2.382
2.531
2.436
2.025
1.771
1.433
1.118
0.77
0.583
0.455
0.406
0.72
0.69
0.456
0.489
0.611
1.331
1.999
1.631
2.304
2.039
1.777
2.313
2.209
2.353
2.491
2.787
2.029
1.735
1.421
1.04
0.732
0.56
0.433
0.407
0.724
0.682
0.439
0.478
0.589
1.241
1.823
1.531
2.14
2.083
1.714
2.445
2.393
2.455
2.721
2.769
2.091
1.705
1.392
1.04
0.732
0.55
0.425
0.414
0.734
0.675
0.436
0.467
0.59
1.167
1.686
1.429
1.971
1.954
1.61
2.575
2.438
2.983
2.755
2.738
2.109
1.745
1.41
1.036
0.772
0.541
0.424
0.408
0.723
0.686
0.437
0.453
0.571
1.086
1.556
1.315
1.802
2.095
1.696
2.782
2.386
2.996
2.672
2.703
2.083
1.721
1.523
1.021
0.739
0.517
0.428
0.41
0.705
0.655
0.434
0.461
0.572
1.037
1.521
1.6
1.897
2.116
1.936
2.773
2.311
2.841
2.637
2.605
2.034
1.685
1.496
1.018
0.739
0.501
0.412
0.41
0.675
0.613
0.422
0.458
0.596
1.007
2.018
1.522
1.798
1.992
1.85
2.831
2.2
2.828
2.608
2.581
2.026
1.675
1.471
1.112
1.006
0.537
0.401
0.403
0.651
0.58
0.436
0.48
0.6
1.09
1.94
1.494
1.789
1.909
2.04
2.882
2.104
2.727
2.787
2.526
2.002
1.682
1.461
1.096
0.951
0.517
0.402
0.407
0.653
0.594
0.434
0.469
0.583
1.026
1.789
1.385
1.799
1.84
1.968
3.024
2.142
2.617
2.822
2.466
2.091
1.617
1.391
1.04
0.901
0.509
0.403
0.406
0.946
0.629
0.421
0.465
0.561
0.968
1.659
1.302
1.683
1.724
1.939
3.119
2.286
2.721
2.763
2.408
2.094
1.635
1.387
1.053
0.862
0.501
0.419
0.42
0.943
0.632
0.413
0.46
0.538
0.902
1.547
1.212
1.573
1.62
1.908
3.048
2.428
2.692
2.762
2.414
2.059
1.771
1.389
1.078
0.867
0.497
0.417
0.431
1.369
0.657
0.411
0.452
0.514
0.853
1.43
1.117
1.496
1.663
2.043
2.969
2.414
2.615
2.712
2.423
2.037
1.811
1.381
1.04
0.824
0.483
0.412
0.431
1.266
0.695
0.413
0.435
0.501
0.823
1.346
1.208
1.431
1.865
1.952
2.983
2.791
2.644
2.745
2.358
1.958
1.816
1.409
1.04
0.998
0.496
0.405
0.417
1.177
0.658
0.403
0.454
0.515
0.823
1.501
1.296
1.779
2.226
1.926
2.895
2.676
2.58
2.703
2.311
1.918
1.849
1.417
1.027
1.039
0.802
0.425
0.42
1.098
0.619
0.402
0.466
0.52
0.843
1.428
1.525
1.833
2.219
1.798
2.69
2.694
2.39
2.864
2.311
2.008
1.811
1.358
0.989
0.991
0.764
0.432
0.418
1.032
0.595
0.403
0.727
1.078
0.988
1.521
1.593
1.833
2.101
1.898
2.553
2.512
3.141
2.912
2.292
1.988
1.786
1.359
1.045
0.94
0.727
0.441
0.418
1.018
0.618
0.401
0.717
1.02
0.955
1.432
1.481
1.75
1.954
1.842
2.648
2.404
3.174
2.787
2.278
1.973
1.848
1.318
0.982
0.892
0.701
0.447
0.434
1.262
0.646
0.399
0.646
0.918
0.87
1.34
1.393
1.738
2.02
1.926
2.748
2.507
3.283
2.73
2.27
1.992
1.832
1.359
0.929
0.857
0.686
0.451
0.447
1.233
0.641
0.395
0.626
0.87
0.813
1.242
1.289
1.646
1.999
1.886
2.706
2.595
3.286
2.711
2.242
2.062
1.832
1.357
1.233
0.872
0.669
0.456
0.438
1.275
0.64
0.391
0.595
0.838
0.768
1.142
1.211
1.573
1.88
2.159
2.561
2.44
3.112
2.586
2.196
2.043
1.795
1.336
1.191
1.085
0.66
0.452
0.438
1.189
0.612
0.401
0.595
0.843
0.793
1.663
1.364
1.685
2.113
2.064
2.556
2.27
2.913
2.493
2.194
2.025
1.765
1.343
1.437
1.135
0.653
0.445
0.423
1.112
0.59
0.395
0.585
0.815
0.826
1.684
1.56
1.916
2.347
2.521
2.466
2.639
2.964
2.513
2.256
2.01
1.748
1.37
1.401
1.055
0.634
0.441
0.417
1.095
0.604
0.384
0.575
0.811
0.799
1.561
1.45
1.803
2.368
2.505
2.584
2.586
3.21
2.496
2.28
2.09
1.827
1.347
1.349
1.0
0.629
0.455
0.429
1.058
0.633
1.076
0.56
0.77
0.784
1.453
1.381
1.812
2.21
2.294
2.477
2.519
3.26
2.537
2.312
2.102
1.787
1.338
1.337
1.005
0.621
0.468
0.445
1.038
0.618
0.997
0.547
0.725
0.752
1.362
1.297
1.702
2.079
2.151
2.543
2.56
3.303
2.463
2.268
2.184
1.826
1.542
1.365
0.963
0.608
0.461
0.454
0.982
0.652
0.944
0.547
0.679
0.787
1.568
1.436
1.684
2.121
2.155
3.182
2.563
3.166
2.467
2.245
2.225
1.785
1.502
1.288
0.911
0.592
0.444
0.447
0.959
0.623
0.898
0.566
0.653
0.779
1.655
1.509
1.735
2.062
2.233
3.143
2.939
3.237
2.405
2.201
2.215
1.775
1.47
1.285
1.08
0.681
0.431
0.439
0.906
0.591
0.849
0.585
0.664
0.931
1.608
1.496
1.662
2.12
2.036
2.872
2.719
3.004
2.388
2.146
2.619
1.706
1.388
1.217
1.017
0.664
0.435
0.432
0.871
0.579
0.803
0.579
0.682
1.245
1.766
1.496
1.603
2.248
2.287
2.784
2.608
2.908
2.313
2.2
2.585
1.689
1.398
1.185
0.947
0.639
0.427
0.424
1.224
0.701
0.942
0.573
0.672
1.147
1.626
1.444
1.56
2.131
2.17
2.745
2.731
3.006
2.322
2.188
2.578
1.671
1.382
1.136
0.907
0.619
0.412
0.423
1.179
0.689
0.891
0.557
0.666
1.518
1.496
1.599
1.492
1.99
1.98
2.889
2.708
3.081
2.282
2.18
2.545
1.628
1.353
1.132
0.882
0.587
0.414
0.423
1.118
0.695
0.839
0.526
0.641
1.42
1.454
1.677
1.518
2.038
1.949
2.763
2.564
2.983
2.246
2.165
2.463
1.612
1.328
1.118
1.038
0.626
0.415
0.414
1.151
0.748
0.805
0.517
0.607
1.346
1.51
1.855
1.536
2.126
1.829
2.564
2.509
2.795
2.195
2.145
2.386
2.091
1.274
1.088
0.991
0.609
0.42
0.414
1.463
0.733
0.762
0.508
0.576
1.384
1.578
1.727
1.457
2.026
1.935
2.388
2.395
2.644
2.101
2.074
2.308
2.033
1.289
1.161
1.232
0.785
0.409
0.415
1.36
0.702
0.728
0.503
0.704
1.423
1.514
1.878
1.407
1.94
2.007
2.291
2.34
2.66
2.322
2.084
2.259
1.998
1.295
1.171
1.188
0.756
0.411
0.427
1.278
0.681
0.705
0.545
0.872
1.454
1.71
1.875
1.433
1.923
2.017
2.336
2.253
2.834
2.255
2.052
2.6
1.983
1.53
1.177
1.148
0.735
0.43
0.449
1.368
0.673
0.669
0.537
0.832
1.371
1.571
1.731
1.384
1.809
2.114
2.457
2.312
2.694
2.198
2.04
2.588
2.073
1.48
1.118
1.087
0.716
0.442
0.443
1.293
0.674
0.639
0.567
1.029
1.423
1.455
1.669
1.465
1.842
1.963
2.265
2.543
2.534
2.185
2.094
2.543
2.09
1.474
1.162
1.056
0.702
0.46
0.451
1.243
0.683
0.928
0.568
0.964
1.402
1.392
1.637
1.406
1.791
1.834
2.382
2.459
2.611
2.096
2.058
2.441
2.055
1.456
1.125
1.013
0.683
0.459
0.461
1.204
0.694
0.873
0.543
0.912
1.299
1.292
1.519
1.498
1.744
1.99
2.234
2.3
2.511
2.028
2.017
2.344
2.006
1.437
1.118
0.948
0.644
0.448
0.459
1.124
0.703
0.823
0.529
0.865
1.245
1.361
1.908
1.604
1.992
2.112
2.101
2.167
2.329
2.13
2.071
2.336
1.973
1.454
1.126
1.074
0.688
0.512
0.509
1.11
0.707
0.819
0.57
0.91
1.287
1.933
1.903
1.55
1.982
2.047
2.242
2.209
2.285
2.142
2.197
2.31
2.069
1.471
1.338
1.215
0.663
0.492
0.496
1.045
0.683
0.782
0.551
0.913
1.39
1.924
1.819
1.535
1.9
2.114
2.214
2.356
2.17
2.505
2.67
2.248
2.041
1.591
1.421
1.143
0.65
0.498
0.498
1.005
0.686
0.756
0.553
0.89
1.292
1.847
2.032
1.742
1.98
1.998
2.305
2.253
2.084
2.44
2.967
2.376
1.973
1.54
1.369
1.094
0.636
0.511
0.494
0.99
0.864
0.855
0.548
0.86
1.328
1.773
1.892
1.645
1.859
1.832
2.221
2.279
2.034
2.411
3.052
2.307
1.95
1.503
1.277
1.036
0.622
0.514
0.494
0.935
0.843
0.833
0.572
0.86
1.291
2.19
2.343
1.65
1.922
1.743
2.285
2.312
2.093
2.339
2.966
2.269
1.948
1.474
1.283
0.992
0.602
0.513
0.494
0.896
0.941
0.807
0.59
0.831
1.237
2.053
2.515
1.747
1.852
1.891
2.335
2.35
2.23
2.723
2.878
2.247
1.91
1.397
1.21
0.932
0.583
0.488
0.488
0.839
0.948
0.785
0.574
0.797
1.302
2.169
2.528
1.633
1.742
2.101
2.163
2.179
2.108
2.579
2.773
2.228
1.908
1.412
1.175
1.063
0.645
0.475
0.481
0.794
0.898
0.744
0.584
0.792
1.252
2.565
2.844
1.699
1.666
1.95
2.099
2.216
1.989
2.628
2.757
2.264
1.97
1.487
1.244
1.058
0.649
0.495
0.504
0.764
0.862
0.729
0.604
0.816
1.22
2.555
2.839
1.622
1.564
1.791
2.004
2.177
1.842
2.468
2.653
2.148
1.843
1.421
1.269
1.048
0.689
0.495
0.481
0.729
0.811
0.686
0.745
1.038
1.451
2.683
3.222
1.592
1.505
2.115
2.107
2.129
2.199
2.401
2.545
2.114
1.821
1.441
1.215
0.986
0.663
0.495
0.484
0.714
0.777
0.668
0.737
0.979
1.887
2.539
3.218
1.539
1.452
2.351
2.016
2.044
2.129
2.782
2.537
2.056
1.791
1.435
1.169
0.924
0.649
0.498
0.473
0.745
0.763
0.635
0.713
0.919
1.732
2.398
2.936
1.45
1.411
2.409
2.124
2.139
2.164
2.704
2.536
2.016
1.777
1.43
1.092
0.886
0.636
0.493
0.469
0.727
0.762
0.95
0.701
0.912
1.592
2.624
2.814
1.428
1.513
2.236
2.293
2.024
2.092
2.555
2.467
2.048
1.859
1.379
1.046
0.851
0.623
0.489
0.455
0.698
0.787
1.016
0.829
0.899
1.627
2.568
2.706
1.355
1.436
2.085
2.481
1.976
1.972
2.382
2.394
2.067
1.866
1.339
1.057
1.018
0.747
0.469
0.452
0.669
0.753
0.975
0.793
0.845
1.535
2.823
2.703
1.48
1.513
2.172
2.471
2.017
1.966
2.333
2.528
2.178
1.837
1.453
1.06
1.026
0.717
0.456
0.449
0.647
0.715
1.417
0.774
0.82
1.453
2.623
2.497
1.728
1.919
2.344
2.628
2.215
2.306
2.227
2.463
2.608
1.779
1.445
1.083
1.021
0.685
0.459
0.457
0.664
0.718
1.315
0.737
0.788
1.354
2.401
2.281
1.619
1.794
2.248
2.768
2.094
2.142
2.138
2.637
2.652
1.8
1.452
1.045
0.95
0.668
0.456
0.46
0.687
0.73
1.231
0.71
0.755
1.268
2.259
2.278
1.789
1.725
2.104
2.577
2.125
2.112
2.084
2.563
2.964
2.0
1.435
1.04
0.941
0.659
0.456
0.475
0.701
0.729
1.157
0.711
0.74
1.194
2.16
2.177
1.732
1.8
2.671
2.873
2.091
2.227
2.081
2.482
2.903
1.966
1.434
1.042
0.902
0.649
0.456
0.486
0.724
0.742
1.089
0.678
0.705
1.115
2.021
2.159
1.682
1.763
2.894
2.809
2.004
2.266
1.998
2.369
2.737
1.883
1.387
1.12
0.959
0.627
0.441
0.477
0.694
0.716
1.034
1.864
0.756
1.183
2.093
2.182
1.773
1.721
2.94
2.761
1.869
2.229
1.908
2.218
2.552
1.791
1.337
1.079
0.911
0.586
0.443
0.467
0.655
0.69
0.969
1.726
0.774
1.227
1.92
1.996
1.64
1.581
3.338
2.557
1.769
2.246
1.877
2.245
2.634
1.802
1.361
1.087
0.867
0.562
0.448
0.467
0.636
0.654
0.915
1.605
0.756
1.221
1.816
2.043
1.812
1.543
3.159
2.571
1.722
2.134
2.241
2.189
2.549
1.791
1.39
1.127
0.895
0.557
0.454
0.458
1.024
0.714
0.864
1.489
0.757
1.134
1.688
1.885
1.713
1.597
2.937
2.538
1.685
2.005
2.116
2.194
2.913
1.804
1.395
1.121
0.896
0.572
0.454
0.459
0.973
0.685
0.824
1.387
0.737
1.207
1.586
1.745
1.864
1.646
2.856
2.55
1.638
1.887
1.982
2.164
2.767
1.786
1.375
1.064
0.852
0.56
0.448
0.453
0.923
0.688
0.786
1.282
0.722
1.191
1.547
1.891
1.967
1.551
2.63
2.565
2.311
2.013
2.021
2.094
2.601
1.722
1.362
1.165
0.917
0.552
0.457
0.449
0.879
0.692
0.767
1.385
0.801
1.303
1.504
1.872
2.03
1.49
2.825
2.497
2.263
2.136
1.958
2.102
2.548
1.795
1.406
1.187
1.031
0.706
0.457
0.451
0.841
0.671
0.731
1.323
0.808
1.629
1.596
1.809
2.526
1.606
2.696
2.428
2.258
2.058
1.873
1.979
2.407
1.982
1.459
1.245
1.064
0.704
0.458
0.447
0.786
0.646
0.701
1.241
1.021
1.892
1.591
1.866
2.352
1.536
3.008
2.336
2.152
2.078
1.8
1.922
2.323
1.959
1.431
1.412
1.366
0.778
0.474
0.478
0.781
0.64
0.711
1.348
0.987
1.987
1.888
1.998
2.476
1.774
3.052
2.302
2.067
2.001
1.727
1.899
2.226
1.919
1.843
1.372
1.322
0.748
0.463
0.482
0.754
0.636
0.707
1.286
0.983
1.891
1.91
2.821
2.327
1.704
3.26
2.356
2.118
1.956
1.728
1.88
2.172
1.876
1.831
1.399
1.282
0.733
0.482
0.495
0.728
0.669
0.705
1.23
1.048
2.157
1.908
2.609
2.289
1.635
3.161
2.383
2.038
1.872
2.099
1.849
2.153
2.189
1.827
1.424
1.194
0.703
0.478
0.493
0.689
0.655
0.682
1.135
0.982
2.021
1.824
2.594
2.407
1.9
3.068
2.497
1.99
1.803
2.033
1.892
2.153
2.185
1.782
1.42
1.175
0.724
0.472
0.49
0.656
0.627
0.658
1.056
0.944
1.871
2.165
3.131
2.402
1.999
3.001
2.708
1.962
1.768
2.015
2.053
2.159
2.384
1.749
1.416
1.202
0.705
0.469
0.504
0.644
0.617
0.627
1.005
0.921
1.994
2.25
3.141
2.884
2.157
2.936
2.549
1.934
1.87
2.091
2.076
2.083
2.292
1.712
1.387
1.189
0.682
0.458
0.497
0.628
0.58
0.609
0.956
0.918
1.877
2.157
2.962
2.698
2.192
2.978
2.464
1.865
1.891
2.095
2.104
2.212
2.757
1.695
1.312
1.128
0.668
0.453
0.502
0.616
0.563
0.61
0.96
0.927
1.811
2.069
2.898
2.598
2.099
2.774
2.435
1.977
1.916
2.07
2.072
2.16
2.649
1.65
1.244
1.069
0.654
0.454
0.492
0.601
0.553
0.613
0.904
0.884
1.67
1.963
3.37
2.642
1.989
2.578
2.411
1.982
1.918
2.028
2.062
2.142
2.522
1.653
1.235
1.044
0.645
0.456
0.482
0.575
0.563
0.608
1.212
0.97
1.743
1.826
3.19
2.781
1.905
2.409
2.235
1.967
2.037
1.967
2.013
2.058
2.384
1.611
1.209
0.994
0.623
0.456
0.468
0.551
0.577
0.593
1.134
0.926
1.622
1.872
2.946
2.562
1.806
2.445
2.574
1.847
1.895
1.835
1.995
2.012
2.252
1.562
1.14
0.922
0.61
0.453
0.459
0.531
0.563
0.574
1.049
0.915
1.509
1.929
2.817
2.385
1.711
2.47
2.479
2.006
1.877
1.769
1.911
1.942
2.143
1.511
1.274
0.95
0.592
0.445
0.444
0.521
0.551
0.545
1.006
0.888
1.44
1.989
2.595
2.203
1.587
2.315
2.655
1.928
1.812
1.742
1.885
1.938
2.053
1.462
1.253
1.073
0.654
0.444
0.433
0.507
0.541
0.527
0.935
0.87
1.395
1.936
2.452
2.154
1.784
2.433
2.593
1.862
1.77
1.745
1.817
1.86
1.956
1.415
1.253
1.118
0.629
0.433
0.436
0.504
0.525
0.504
0.895
0.865
1.419
1.92
2.351
2.108
1.77
2.284
2.594
1.798
1.746
1.682
1.805
1.883
1.892
1.402
1.225
1.108
0.654
0.471
0.479
0.526
0.524
0.498
0.857
0.831
1.355
1.854
2.236
2.417
1.763
2.245
2.71
1.745
1.703
1.708
2.081
1.869
1.868
1.413
1.156
1.056
0.636
0.464
0.483
0.528
0.519
0.496
0.828
0.795
1.317
1.759
2.129
2.267
1.868
2.104
2.98
1.706
1.69
1.752
2.204
2.408
1.831
1.467
1.381
1.01
0.643
0.48
0.481
0.521
0.537
0.491
0.787
0.785
2.018
1.725
2.051
2.324
1.853
2.009
3.075
1.819
1.949
1.797
2.124
2.301
1.777
1.461
1.311
0.96
0.632
0.494
0.496
0.52
0.546
0.501
0.773
0.875
1.972
1.745
1.961
2.183
1.874
2.165
2.959
1.763
1.897
1.763
2.618
2.235
1.748
1.462
1.382
0.961
0.615
0.501
0.499
0.508
0.542
0.523
1.379
1.023
1.99
1.664
2.031
2.028
1.866
2.024
2.959
1.907
1.849
1.735
2.545
2.178
1.746
1.492
1.622
1.113
0.612
0.493
0.502
0.512
0.539
0.509
1.306
0.994
1.856
2.614
2.191
1.941
1.869
1.959
2.816
1.913
1.813
1.714
2.519
2.093
1.69
1.496
1.589
1.158
0.876
0.499
0.488
0.516
0.537
0.501
1.224
0.967
1.763
2.462
2.317
2.06
1.732
1.813
2.584
1.854
1.707
1.819
2.473
2.011
1.619
1.471
1.509
1.178
0.884
0.516
0.489
0.522
0.541
0.505
1.151
0.926
1.764
3.179
2.273
2.403
1.673
1.758
2.617
1.779
1.628
1.759
2.405
1.979
1.651
1.489
1.497
1.239
0.868
0.516
0.476
0.523
0.539
0.492
1.092
0.903
1.647
3.065
2.3
2.483
1.625
1.68
3.085
1.712
1.558
1.678
2.306
1.975
1.653
1.503
1.597
1.237
0.834
0.502
0.476
0.526
0.537
0.487
1.033
0.92
1.609
2.946
2.171
2.653
1.553
1.646
3.133
1.816
1.772
1.68
2.252
1.945
1.653
1.513
1.567
1.175
0.807
0.493
0.477
0.522
0.524
0.48
0.987
0.943
1.7
3.027
2.576
2.772
1.498
1.582
3.212
1.755
1.774
1.621
2.248
1.993
1.715
1.587
1.595
1.182
0.791
0.502
0.473
0.526
0.531
0.915
0.975
0.916
1.621
3.06
2.547
2.527
1.449
1.687
3.045
1.833
1.709
1.841
2.214
1.976
1.93
1.615
1.599
1.201
0.755
0.51
0.479
0.521
0.521
0.893
0.934
0.922
1.592
2.9
2.431
2.331
1.39
1.754
3.089
1.846
1.848
1.913
2.201
2.393
1.948
1.648
1.638
1.195
0.735
0.516
0.467
0.504
0.518
0.859
0.88
0.899
1.522
2.861
2.281
2.282
1.446
1.86
3.185
1.806
1.921
2.065
2.17
2.3
1.935
1.602
1.539
1.124
0.707
0.513
0.481
0.52
0.5
0.808
0.838
0.947
1.678
2.607
2.137
2.222
1.43
1.74
3.198
1.896
1.944
2.04
2.169
2.312
1.877
1.554
1.49
1.074
0.676
0.512
0.478
0.499
0.513
0.774
0.798
0.906
1.574
2.44
2.158
2.537
1.65
1.624
2.924
1.762
1.809
1.93
2.146
2.247
1.822
1.538
1.419
1.026
0.626
0.46
0.43
0.489
0.527
0.76
0.792
0.868
1.516
2.729
2.025
2.524
1.591
1.562
2.671
1.946
1.965
1.924
2.104
2.219
1.808
1.533
1.497
0.994
0.623
0.476
0.441
0.486
0.505
0.731
0.935
1.0
1.623
2.952
2.029
2.771
1.532
1.481
2.552
2.089
1.885
1.834
2.048
2.178
1.781
1.486
1.406
0.942
0.614
0.481
0.489
0.49
0.504
0.735
0.893
0.944
1.549
2.853
2.253
2.756
1.649
1.668
2.853
1.931
1.849
1.881
2.042
2.113
1.728
1.45
1.397
0.898
0.601
0.461
0.484
0.489
0.49
0.693
0.856
0.928
1.468
2.944
2.238
2.531
1.546
1.569
3.034
1.973
2.288
1.854
2.098
2.123
1.721
1.451
1.407
0.928
0.602
0.464
0.507
0.483
0.485
0.677
0.83
0.917
1.379
3.142
2.606
2.479
1.697
1.726
2.981
2.016
2.531
1.741
2.011
2.037
1.672
1.389
1.377
0.91
0.594
0.457
0.507
0.482
0.48
0.649
0.809
0.893
1.305
3.129
2.648
2.353
1.705
1.645
3.17
2.005
2.388
1.727
2.002
1.969
1.633
1.4
1.389
0.934
0.62
0.448
0.508
0.483
0.493
0.628
0.802
0.881
1.331
2.895
2.537
2.962
1.856
1.971
3.007
1.902
2.313
1.71
1.955
1.94
1.631
1.482
1.382
0.917
0.603
0.435
0.51
0.486
0.513
0.626
0.812
1.017
1.497
2.949
2.957
2.73
1.767
1.839
2.958
1.844
2.445
1.716
1.903
1.892
1.67
1.476
1.381
0.886
0.589
0.454
0.512
0.49
0.505
0.611
0.822
1.004
1.425
2.722
2.799
2.53
1.689
1.826
2.878
1.953
2.445
2.029
1.96
1.907
1.697
1.503
1.381
0.963
0.632
0.475
0.504
0.493
0.504
0.602
0.783
0.945
1.352
2.579
2.681
3.04
2.02
1.86
2.749
2.164
2.507
2.219
1.942
1.908
1.642
1.429
1.324
0.974
0.624
0.454
0.494
0.49
0.495
0.571
0.739
0.914
1.301
2.424
2.55
2.811
2.041
1.899
2.785
2.078
2.36
2.159
1.948
1.938
1.682
1.48
1.35
1.02
0.667
0.465
0.487
0.48
0.498
0.561
0.72
0.886
1.325
2.354
3.231
2.902
2.229
2.193
2.86
2.351
2.286
2.541
1.932
1.954
1.657
1.473
1.365
0.996
0.647
0.452
0.477
0.478
0.511
0.534
0.718
1.184
1.503
2.485
3.175
2.689
2.067
2.068
2.883
2.248
2.157
2.594
2.117
1.957
1.607
1.438
1.361
1.01
0.672
0.446
0.478
0.483
0.524
0.51
0.693
1.474
1.416
2.303
2.889
2.532
1.958
2.009
2.86
2.568
2.12
2.93
2.426
1.998
1.611
1.627
1.946
0.968
0.653
0.449
0.466
0.473
0.534
0.543
0.888
1.542
1.324
2.144
2.637
2.327
1.922
2.115
2.829
2.402
1.955
2.782
2.391
2.018
1.667
1.605
1.849
0.946
0.647
0.45
0.452
0.479
0.536
0.524
0.876
1.761
1.344
2.008
2.597
2.253
1.968
2.594
2.699
2.306
1.878
2.831
2.327
1.98
1.645
1.749
2.146
0.931
0.635
0.444
0.452
0.477
0.519
0.506
0.845
1.868
1.421
2.283
2.458
2.468
2.111
2.376
2.484
2.654
2.115
2.881
2.287
2.089
1.678
1.697
2.192
0.991
0.709
0.446
0.452
0.478
0.501
0.486
0.828
1.968
1.656
2.235
2.564
2.618
2.072
3.098
2.89
2.684
2.514
3.64
2.911
2.616
2.399
2.3
2.673
1.694
1.219
0.947
0.669
0.607
0.659
0.953
0.941
2.166
1.572
2.139
2.821
2.823
2.322
3.174
3.024
2.829
2.492
3.41
2.799
2.51
2.31
2.197
2.501
1.557
1.135
0.9
0.647
0.582
0.65
0.903
0.886
1.998
1.476
1.989
2.632
2.609
2.19
2.988
3.293
3.28
2.927
3.355
2.699
2.429
2.253
2.102
2.417
1.465
1.07
0.855
0.622
0.582
0.65
0.872
0.831
1.864
1.499
2.322
2.544
2.678
2.176
2.806
3.085
3.107
2.726
3.707
2.728
2.439
2.288
2.02
2.28
1.418
1.008
0.797
0.598
0.59
0.63
0.824
0.777
1.711
1.433
2.155
2.376
2.499
2.114
2.69
3.222
3.166
2.659
3.745
2.79
2.348
2.231
1.972
2.159
1.349
0.954
0.751
0.574
0.582
0.641
0.794
0.92
1.624
1.703
2.034
2.375
2.395
2.213
2.5
3.055
3.211
2.945
3.688
2.644
2.254
2.154
1.977
2.024
1.291
0.944
0.713
0.57
0.577
0.645
0.761
0.876
1.506
1.61
1.985
2.204
2.193
2.061
2.346
2.983
3.109
2.846
3.514
2.549
2.167
2.073
1.888
1.925
1.251
0.897
0.679
0.543
0.558
0.643
0.73
0.823
1.397
1.493
1.848
2.027
2.031
1.936
2.176
3.53
2.911
2.656
3.686
2.708
2.188
2.109
1.996
1.872
1.226
0.834
0.646
0.536
0.547
0.615
0.688
0.781
1.317
1.42
1.947
1.976
2.014
1.943
2.129
3.296
2.732
2.515
3.439
2.556
2.067
2.036
1.945
1.804
1.191
0.793
0.631
0.535
0.536
0.605
0.664
0.754
1.264
1.35
1.911
1.848
1.879
2.004
2.026
3.206
2.554
2.445
3.309
2.479
2.019
1.974
2.073
1.845
1.126
0.755
0.615
0.527
0.538
0.576
0.637
0.751
1.211
1.358
1.833
1.9
1.762
2.172
2.079
3.371
2.471
2.32
3.245
2.474
2.008
1.921
2.015
1.81
1.073
0.736
0.605
0.517
0.534
0.588
0.627
0.721
1.145
1.267
1.894
1.96
1.682
2.224
2.13
3.194
2.444
2.224
3.031
2.382
1.989
1.878
1.953
1.683
1.012
0.713
0.596
0.504
0.54
0.578
0.614
0.697
1.084
1.53
1.963
1.849
1.76
2.104
1.972
3.304
2.394
2.217
3.117
2.321
1.979
1.864
1.942
1.601
0.95
0.694
0.598
0.511
0.532
0.565
0.603
0.694
1.112
1.714
2.21
2.058
1.854
1.965
1.865
3.04
2.643
2.278
2.982
2.281
1.934
1.855
1.876
1.551
0.921
0.671
0.579
0.497
0.509
0.553
0.589
0.669
1.046
1.601
2.176
2.011
1.79
1.986
1.774
2.954
2.602
2.42
2.981
2.255
1.891
1.842
1.872
1.515
0.898
0.66
0.577
0.487
0.507
0.55
0.581
0.636
0.997
1.546
2.214
2.165
1.729
2.029
1.836
3.138
2.832
2.403
2.885
2.861
1.937
1.812
1.81
1.482
0.865
0.651
0.582
0.503
0.55
0.558
0.58
0.628
0.951
1.439
2.049
1.992
1.593
1.902
1.991
3.185
2.824
2.544
2.829
2.783
1.986
1.8
1.772
1.468
0.826
0.64
0.561
0.499
0.598
0.572
0.553
0.6
1.195
1.403
1.917
1.834
1.999
1.9
2.028
2.98
2.747
2.611
2.82
2.688
1.95
1.832
1.894
1.447
0.842
0.623
0.539
0.486
0.603
0.59
0.538
0.59
1.125
1.333
1.757
1.707
1.843
1.781
1.89
2.985
2.731
2.74
2.726
2.546
1.966
1.766
1.846
1.415
0.812
0.599
0.526
0.486
0.618
0.626
0.542
0.575
1.594
1.305
1.689
1.708
1.867
1.893
2.002
2.887
2.866
2.663
2.69
3.075
1.944
1.731
1.792
1.409
0.771
0.59
0.522
0.474
0.597
0.669
0.534
0.55
1.496
1.374
1.683
1.749
1.741
1.862
1.884
2.93
3.052
2.692
2.615
2.916
1.868
1.684
1.721
1.333
0.738
0.575
0.528
0.472
0.569
0.646
0.526
0.638
1.703
1.311
1.65
1.654
1.652
1.777
1.841
2.976
3.292
2.569
2.567
2.715
1.807
1.588
1.633
1.273
0.71
0.558
0.531
0.477
0.555
0.623
0.528
0.636
1.618
1.476
1.717
1.645
1.934
1.911
1.732
3.03
3.101
2.623
2.657
2.836
1.814
1.577
1.632
1.247
0.721
0.58
0.536
0.472
0.574
0.671
0.521
0.613
1.505
1.37
1.585
1.515
1.813
1.867
1.681
3.168
2.857
2.489
2.61
2.715
1.787
1.587
1.781
1.235
0.752
0.608
0.531
0.467
0.587
0.666
0.51
0.584
1.398
1.276
1.478
1.418
1.736
1.825
1.613
3.184
2.714
2.563
2.63
2.782
1.778
1.571
1.748
1.215
0.731
0.596
0.522
0.449
0.601
0.67
0.498
0.555
1.314
1.202
1.374
1.393
1.637
2.107
1.739
3.167
2.604
2.43
2.529
2.814
1.767
1.58
1.671
1.198
0.742
0.568
0.513
0.449
0.618
0.666
0.48
0.547
1.221
1.107
1.284
1.297
1.511
2.065
1.665
3.129
2.567
2.348
2.472
3.016
1.818
1.531
1.626
1.189
0.717
0.553
0.507
0.432
0.605
0.678
0.47
0.518
1.141
1.065
1.6
1.306
1.593
2.013
1.681
2.918
2.792
2.371
2.454
2.917
1.813
1.615
1.635
1.179
0.738
0.552
0.504
0.42
0.578
0.658
0.464
0.53
1.093
1.702
1.574
1.214
1.472
1.848
1.549
2.723
2.989
2.37
2.378
2.779
1.879
1.614
1.598
1.175
0.703
0.537
0.496
0.423
0.554
0.631
0.459
0.534
1.072
1.635
1.664
1.396
1.557
1.772
2.075
2.77
2.805
2.304
2.432
2.705
1.937
1.71
1.555
1.293
0.708
0.518
0.494
0.436
0.589
0.614
0.454
0.526
0.997
1.522
1.539
1.296
1.474
1.69
2.132
2.837
2.791
2.288
2.47
2.664
1.917
1.676
1.507
1.275
0.738
0.515
0.482
0.449
0.607
0.602
0.451
0.514
0.948
1.409
1.575
1.337
1.396
1.576
1.988
2.983
2.866
2.271
2.409
2.589
1.887
1.637
1.458
1.242
0.731
0.512
0.479
0.435
0.616
0.616
0.458
0.509
0.907
1.328
1.473
1.242
1.373
1.547
2.321
3.262
2.883
2.335
2.309
2.573
1.979
1.754
1.489
1.267
0.741
0.503
0.461
0.431
0.614
0.595
0.58
0.582
0.916
1.348
1.438
1.212
1.386
1.601
2.171
3.329
2.951
2.433
2.634
2.548
1.928
1.69
1.472
1.263
0.703
0.495
0.46
0.423
0.587
0.589
0.562
0.569
0.874
1.266
1.376
1.288
1.354
1.667
2.225
3.312
2.864
2.49
2.687
2.592
1.918
1.665
1.442
1.457
0.752
0.48
0.447
0.42
0.568
0.563
0.543
0.559
0.889
1.429
1.346
1.73
1.735
1.696
2.262
3.484
2.889
2.446
2.63
2.474
1.882
1.617
1.413
1.468
1.018
0.47
0.426
0.429
0.552
0.541
0.519
0.546
0.902
1.335
1.477
2.124
1.91
2.074
2.52
3.308
2.812
2.456
2.587
2.389
1.854
1.589
1.362
1.412
1.003
0.46
0.428
0.426
0.558
0.564
0.519
0.531
0.879
1.255
1.373
1.96
1.806
1.961
2.374
3.157
2.829
2.539
2.509
2.399
1.95
1.566
1.335
1.377
0.965
0.451
0.423
0.431
0.73
0.568
0.509
0.524
0.839
1.183
1.297
1.807
1.673
1.842
2.564
3.095
2.773
2.584
2.544
2.738
1.95
1.54
1.316
1.344
0.918
0.456
0.426
0.42
0.718
0.578
0.501
0.519
0.828
1.111
1.206
1.744
1.709
1.797
2.443
3.08
3.034
2.674
2.442
2.666
1.877
1.522
1.302
1.294
0.875
0.452
0.418
0.419
0.729
0.582
0.481
0.504
0.805
1.094
1.271
1.656
1.77
1.708
2.595
3.035
2.884
2.677
2.387
2.618
1.843
1.487
1.291
1.242
0.837
0.434
0.417
0.426
0.697
0.593
0.475
0.491
0.78
1.034
1.47
1.639
1.862
1.608
2.667
2.928
2.779
2.646
2.357
2.525
1.83
1.458
1.225
1.169
0.794
0.418
0.418
0.427
0.665
0.57
0.526
0.649
0.736
1.029
1.694
1.81
1.886
1.485
2.446
3.176
3.015
2.576
2.262
2.409
1.742
1.411
1.181
1.088
0.748
0.41
0.431
0.419
0.622
0.558
0.509
0.664
0.854
1.085
1.596
1.74
1.825
1.421
2.288
2.932
2.834
2.653
2.248
2.407
1.705
1.339
1.24
1.151
0.707
0.401
0.419
0.423
0.647
0.546
0.484
0.655
0.81
0.996
1.479
1.636
1.667
1.375
2.151
3.033
2.778
2.715
2.439
2.358
1.726
1.337
1.239
1.132
0.678
0.404
0.409
0.406
0.66
0.583
0.48
0.615
0.767
0.941
1.373
1.538
1.604
1.49
2.022
2.957
2.886
2.874
2.483
2.336
1.752
1.388
1.233
1.125
0.674
0.416
0.409
0.398
0.669
0.581
0.463
0.583
0.724
0.965
1.321
1.441
1.487
1.679
2.08
2.863
2.825
2.767
2.457
2.392
1.738
1.517
1.313
1.11
0.697
0.405
0.416
0.398
0.661
0.592
0.461
0.581
0.693
0.928
1.229
1.342
1.405
1.69
2.47
3.018
2.907
2.785
2.413
2.308
1.67
1.459
1.314
1.062
0.668
0.402
0.428
0.404
0.658
0.601
0.459
0.571
0.662
0.875
1.177
1.412
1.318
1.56
2.266
2.749
2.651
2.682
2.424
2.336
1.703
1.49
1.347
1.095
0.722
0.501
0.498
0.405
0.634
0.59
0.485
0.677
0.793
1.15
1.269
1.404
1.745
1.536
2.181
2.616
2.704
2.609
2.468
2.308
1.79
1.514
1.366
1.117
0.772
0.482
0.483
0.417
0.603
0.568
0.479
0.661
0.991
1.118
1.529
1.404
1.731
1.502
2.375
2.855
2.69
2.62
2.461
2.273
1.792
1.538
1.294
1.042
0.746
0.473
0.475
0.411
0.634
0.549
0.471
0.634
0.995
1.109
1.424
1.326
1.623
1.439
2.254
2.791
2.608
2.495
2.563
2.202
1.805
1.527
1.272
1.04
0.761
0.461
0.469
0.407
0.623
0.552
0.458
0.613
0.937
1.058
1.334
1.347
1.519
1.385
2.076
2.739
2.658
2.739
2.549
2.191
1.818
1.543
1.279
1.09
0.828
0.463
0.45
0.408
0.64
0.54
0.437
0.591
0.883
0.996
1.229
1.257
1.563
1.438
2.006
2.678
2.625
2.675
2.491
2.321
1.807
1.506
1.259
1.156
0.846
0.452
0.454
0.4
0.626
0.517
0.433
0.565
0.869
1.212
1.537
1.39
1.517
1.341
1.92
2.628
2.572
2.585
2.51
2.255
1.789
1.484
1.266
1.159
0.795
0.449
0.449
0.403
0.603
0.536
0.435
0.541
0.85
1.272
1.737
1.426
1.441
1.299
1.94
2.523
2.491
2.667
2.781
2.205
1.829
1.466
1.226
1.09
0.768
0.441
0.442
0.413
0.589
0.55
0.439
0.553
0.841
1.238
1.691
1.365
1.782
1.224
2.03
2.828
2.593
2.742
2.755
2.278
1.798
1.451
1.291
1.136
0.786
0.471
0.442
0.417
0.573
0.539
0.42
0.549
0.881
1.334
1.998
1.608
1.994
1.416
2.105
2.859
2.667
2.618
2.74
2.31
1.779
1.554
1.302
1.16
0.765
0.477
0.424
0.414
0.669
0.655
0.421
0.514
0.845
1.253
1.836
1.475
1.873
1.37
1.975
2.662
2.526
2.59
2.793
2.298
1.724
1.54
1.446
1.274
0.738
0.462
0.424
0.417
0.655
0.672
0.427
0.499
0.799
1.167
1.733
1.366
1.726
1.556
2.018
2.676
2.436
2.535
2.738
2.291
1.71
1.557
1.391
1.227
0.72
0.46
0.412
0.408
0.662
0.719
0.415
0.483
0.752
1.302
1.694
1.261
1.578
1.478
1.878
2.594
2.446
2.48
2.662
2.358
1.711
1.505
1.388
1.193
0.743
0.456
0.405
0.396
0.651
0.742
0.412
0.457
0.729
1.422
2.009
1.331
1.666
1.424
2.033
3.025
2.404
2.453
2.682
2.292
1.687
1.476
1.379
1.205
0.742
0.489
0.422
0.398
0.613
0.737
0.402
0.461
0.775
1.475
2.322
1.227
1.721
1.375
1.944
3.074
2.484
2.382
2.605
2.286
1.666
1.486
1.504
1.336
0.744
0.514
0.426
0.393
0.588
0.693
0.391
0.484
0.788
1.466
2.212
1.196
1.615
1.41
2.187
2.897
2.458
2.361
2.555
2.338
1.692
1.512
1.616
1.29
0.723
0.502
0.42
0.392
0.577
0.656
0.384
0.491
0.797
1.391
2.11
1.375
1.784
1.365
2.245
3.093
2.471
2.283
2.43
2.258
1.681
1.525
1.611
1.29
0.716
0.487
0.422
0.396
0.608
0.823
0.415
0.518
0.798
1.306
1.922
1.278
1.691
1.384
2.271
3.221
2.692
2.375
2.546
2.27
1.698
1.51
1.553
1.251
0.728
0.52
0.452
0.391
0.608
0.807
0.413
0.493
0.749
1.233
1.772
1.206
1.72
1.531
2.118
3.105
2.766
2.352
2.533
2.292
1.71
1.48
1.532
1.193
0.693
0.503
0.428
0.401
0.613
0.786
0.395
0.484
0.717
1.153
1.671
1.182
1.615
1.484
2.028
3.172
2.844
2.462
2.531
2.279
1.703
1.473
1.488
1.136
0.666
0.483
0.431
0.411
0.624
0.76
0.401
0.478
0.677
1.068
1.538
1.098
1.536
1.402
1.905
3.063
2.893
2.471
2.515
2.241
1.761
1.481
1.45
1.069
0.628
0.466
0.424
0.386
0.604
0.717
0.406
0.468
0.777
1.113
1.753
1.166
1.719
2.031
2.67
3.161
2.823
2.418
2.52
2.255
1.807
1.515
1.497
1.065
0.614
0.463
0.428
0.384
0.588
0.696
0.397
0.477
0.88
1.061
1.728
1.186
1.608
1.956
2.583
3.254
2.96
2.485
2.472
2.221
1.847
1.498
1.48
1.021
0.59
0.469
0.408
0.379
0.583
0.685
0.406
0.49
0.886
1.003
1.741
1.297
1.826
2.162
2.669
3.173
2.92
2.535
2.538
2.207
1.82
1.487
1.546
1.184
0.594
0.46
0.418
0.382
0.55
0.665
0.41
0.485
0.875
1.003
1.748
1.333
1.779
2.069
2.778
3.09
2.84
2.463
2.532
2.272
1.853
1.579
1.542
1.157
0.589
0.446
0.415
0.383
0.544
0.624
0.426
0.512
0.919
1.016
1.948
1.687
1.678
1.95
2.746
3.164
2.706
2.427
2.464
2.201
1.785
1.6
1.556
1.374
0.577
0.45
0.43
0.399
0.613
0.737
0.512
0.537
0.906
1.058
2.005
1.674
1.569
1.862
2.852
3.184
2.691
2.432
2.461
2.186
1.893
1.596
1.613
1.512
0.651
0.444
0.419
0.387
0.599
0.689
0.495
0.562
0.899
1.011
2.071
1.586
1.647
1.96
3.011
3.305
2.642
2.441
2.393
2.224
1.907
1.65
1.702
1.609
0.77
0.452
0.43
0.385
0.583
0.668
0.486
0.549
0.873
1.004
2.469
1.676
1.603
2.134
2.883
3.256
2.59
2.408
2.395
2.221
1.927
1.701
1.69
1.775
0.754
0.442
0.436
0.399
0.576
0.646
0.472
0.566
0.84
1.324
2.73
1.631
1.48
1.972
2.66
3.379
2.679
2.326
2.319
2.129
1.882
1.668
1.633
1.636
0.713
0.416
0.434
0.391
0.563
0.649
0.516
0.554
0.825
1.269
2.739
1.798
1.717
2.041
2.804
3.327
2.607
2.319
2.397
2.195
1.95
1.625
1.617
1.588
0.691
0.413
0.44
0.384
0.536
0.641
0.528
0.529
0.791
1.166
2.509
1.648
1.625
1.98
2.674
3.213
2.702
2.309
2.34
2.253
1.965
1.717
1.647
1.543
0.716
0.454
0.496
0.377
0.523
0.679
0.584
0.507
0.731
1.101
2.307
1.507
1.541
1.904
2.727
3.154
2.853
2.55
2.291
2.45
1.974
1.739
1.618
1.541
0.716
0.458
0.482
0.375
0.502
0.693
0.615
0.49
0.683
1.031
2.13
1.413
1.433
1.758
2.615
3.231
2.998
2.677
2.372
2.35
1.94
1.729
1.657
1.507
0.697
0.459
0.461
0.374
0.487
0.694
0.614
0.479
0.655
0.99
1.952
1.308
1.424
2.213
2.848
3.46
3.079
2.604
2.317
2.418
1.931
1.716
1.621
1.547
0.824
0.447
0.458
0.385
0.47
0.663
0.659
0.472
0.63
0.923
1.794
1.28
1.361
2.065
2.894
3.535
3.13
2.567
2.257
2.313
1.946
1.717
1.623
1.55
0.821
0.437
0.439
0.395
0.455
0.64
0.619
0.495
0.707
1.004
1.709
1.435
1.351
2.003
2.765
3.824
3.212
2.736
2.209
2.28
1.976
1.783
1.588
1.543
0.829
0.475
0.476
0.467
0.525
0.667
0.604
0.49
0.72
0.999
1.973
1.362
1.304
2.009
2.711
3.692
3.177
2.788
2.119
2.218
1.992
1.796
1.582
1.5
0.837
0.483
0.461
0.458
0.505
0.675
0.589
0.475
0.683
0.936
1.803
1.273
1.236
1.898
2.63
3.578
3.369
2.738
2.227
2.193
2.024
1.815
1.588
1.45
0.848
0.464
0.472
0.447
0.499
0.674
0.6
0.461
0.645
0.87
1.671
1.183
1.148
1.75
2.538
3.433
3.443
2.886
2.395
2.17
2.045
1.838
1.582
1.429
0.976
0.497
0.473
0.429
0.482
0.675
0.622
0.45
0.598
0.813
1.549
1.11
1.065
1.632
2.397
3.51
3.467
3.055
2.444
2.178
2.11
1.82
1.556
1.396
0.979
0.479
0.458
0.413
0.474
0.628
0.633
0.447
0.583
1.08
1.832
1.583
1.348
1.654
2.353
3.347
3.674
2.953
2.388
2.172
2.113
1.823
1.524
1.393
0.971
0.512
0.492
0.457
0.465
0.598
0.651
0.441
0.543
1.014
1.761
1.58
1.298
1.684
2.314
3.368
3.531
2.935
2.312
2.174
2.115
1.793
1.508
1.369
0.984
0.519
0.474
0.447
0.452
0.572
0.618
0.451
0.554
0.972
1.707
1.741
1.494
1.898
2.3
3.428
3.531
2.947
2.371
2.144
2.051
1.784
1.515
1.375
0.945
0.495
0.457
0.427
0.453
0.543
0.582
0.505
0.561
0.95
1.643
1.697
1.514
2.085
2.445
3.339
3.362
2.849
2.32
2.07
2.024
1.834
1.463
1.315
0.88
0.495
0.428
0.409
0.451
0.557
0.637
0.471
0.538
0.902
1.501
1.582
1.519
1.988
2.405
3.546
3.409
2.96
2.393
2.069
2.015
1.879
1.492
1.305
0.867
0.551
0.452
0.413
0.433
0.552
0.635
0.452
0.525
0.829
1.393
1.48
1.41
1.98
2.333
3.401
3.572
3.032
2.425
2.181
2.094
1.94
1.507
1.299
0.878
0.589
0.46
0.417
0.413
0.542
0.633
0.443
0.502
0.77
1.293
1.382
1.328
1.888
2.233
3.288
3.589
3.163
2.576
2.239
2.194
1.949
1.604
1.378
0.919
0.6
0.449
0.415
0.402
0.514
0.667
0.439
0.489
0.737
1.357
1.464
1.365
1.851
2.16
3.152
3.691
3.07
2.57
2.211
2.183
1.958
1.595
1.52
0.998
0.573
0.435
0.404
0.403
0.498
0.707
0.46
0.482
0.706
1.274
1.443
1.305
1.724
2.229
3.102
3.742
2.94
2.47
2.148
2.104
1.97
1.566
1.452
0.94
0.544
0.435
0.41
0.388
0.487
0.677
0.473
0.521
0.757
1.495
1.837
1.691
1.706
2.314
3.371
4.039
2.886
2.476
2.083
2.041
1.951
1.563
1.393
0.894
0.538
0.425
0.406
0.4
0.484
0.643
0.513
0.56
0.746
1.46
1.783
1.675
2.047
2.269
3.198
3.812
2.793
2.38
2.089
2.074
1.983
1.528
1.34
0.881
0.548
0.423
0.399
0.379
0.541
0.711
0.481
0.532
0.722
1.343
1.627
1.544
1.93
2.207
3.298
3.747
2.946
2.425
2.099
2.124
1.943
1.552
1.293
0.827
0.523
0.418
0.388
0.372
0.536
0.694
0.46
0.504
0.684
1.259
1.485
1.422
1.814
2.111
3.37
3.912
2.981
2.632
2.147
2.18
1.908
1.528
1.329
0.839
0.523
0.416
0.381
0.375
0.557
0.679
0.449
0.473
0.641
1.189
1.374
1.321
1.703
2.076
3.247
4.056
2.894
2.648
2.132
2.211
1.872
1.479
1.309
0.806
0.497
0.408
0.369
0.378
0.538
0.686
0.454
0.457
0.767
1.216
1.284
1.435
1.691
2.003
3.136
4.159
2.973
2.749
2.122
2.191
1.866
1.462
1.33
0.852
0.489
0.394
0.376
0.375
0.508
0.728
0.477
0.454
0.712
1.15
1.227
1.346
1.723
2.066
3.321
4.256
2.959
2.894
2.113
2.199
1.891
1.505
1.332
0.871
0.505
0.402
0.359
0.371
0.483
0.702
0.456
0.483
0.741
1.322
1.353
1.449
1.703
2.136
3.418
4.151
2.898
2.767
2.038
2.111
1.827
1.425
1.291
0.913
0.549
0.474
0.34
0.365
0.469
0.664
0.436
0.483
0.736
1.323
1.519
1.461
1.855
2.286
3.417
3.921
2.856
2.708
2.06
2.149
1.891
1.447
1.33
0.934
0.566
0.459
0.327
0.375
0.493
0.72
0.415
0.482
0.701
1.222
1.387
1.425
1.925
2.363
3.406
3.943
2.871
2.668
2.066
2.199
1.889
1.472
1.485
1.072
0.6
0.432
0.341
0.364
0.53
0.738
0.416
0.46
0.68
1.14
1.413
1.42
1.853
2.328
3.317
4.155
2.826
2.572
2.12
2.171
1.887
1.476
1.431
1.026
0.57
0.42
0.324
0.366
0.564
0.769
0.407
0.436
0.656
1.084
1.294
1.291
1.763
2.246
3.24
4.308
2.875
2.788
2.127
2.164
1.876
1.457
1.399
1.154
0.526
0.41
0.337
0.355
0.546
0.83
0.395
0.427
0.638
1.022
1.239
1.391
1.79
2.262
3.165
4.173
2.869
2.707
2.14
2.206
1.851
1.51
1.411
1.153
0.504
0.381
0.346
0.347
0.577
0.865
0.387
0.43
0.616
1.105
1.23
1.393
1.757
2.225
3.373
3.992
2.77
2.605
2.091
2.215
1.826
1.542
1.418
1.175
0.596
0.413
0.347
0.335
0.6
0.821
0.378
0.448
0.603
1.064
1.212
1.565
1.818
2.273
3.396
4.02
2.866
2.726
2.288
2.178
1.804
1.587
1.444
1.253
0.705
0.431
0.347
0.335
0.625
0.761
0.415
0.464
0.784
1.165
1.447
1.726
1.809
2.243
3.71
3.804
2.783
2.599
2.272
2.229
1.86
1.58
1.51
1.397
0.731
0.435
0.347
0.318
0.622
0.737
0.415
0.493
0.888
1.329
1.445
1.687
1.88
2.173
3.519
3.684
2.722
2.518
2.198
2.191
1.881
1.582
1.5
1.362
0.725
0.406
0.345
0.314
0.625
0.704
0.386
0.523
0.892
1.298
1.38
1.653
1.838
2.149
3.387
3.673
2.799
2.561
2.171
2.229
1.933
1.628
1.612
1.407
0.761
0.461
0.331
0.325
0.625
0.693
0.393
0.496
0.876
1.299
1.371
1.781
1.992
2.271
3.403
3.68
2.704
2.507
2.164
2.215
1.957
1.663
1.626
1.691
0.815
0.454
0.332
0.337
0.622
0.69
0.38
0.502
0.871
1.301
1.357
1.817
1.978
2.17
3.471
3.495
2.548
2.404
2.136
2.187
2.017
1.668
1.62
1.603
0.783
0.443
0.329
0.346
0.622
0.706
0.381
0.499
0.87
1.543
1.356
1.707
1.872
2.159
3.508
3.385
2.532
2.434
2.117
2.128
2.043
1.679
1.633
1.602
0.815
0.439
0.33
0.33
0.587
0.672
0.375
0.507
0.895
1.629
1.354
1.561
1.716
1.985
3.198
3.144
2.568
2.404
2.117
2.182
2.049
1.733
1.665
1.638
0.822
0.437
0.329
0.332
0.575
0.653
0.367
0.52
1.075
1.602
1.329
1.695
1.708
1.949
3.107
3.161
2.59
2.361
2.057
2.217
2.109
1.923
1.774
1.591
0.804
0.418
0.325
0.323
0.617
0.709
0.357
0.496
1.01
1.483
1.218
1.549
1.624
1.957
3.1
3.264
2.583
2.38
2.057
2.236
2.075
1.885
1.676
1.474
0.758
0.398
0.327
0.322
0.645
0.751
0.355
0.475
0.952
1.362
1.154
1.425
1.519
1.941
3.092
3.473
2.626
2.811
2.144
2.27
2.119
1.839
1.637
1.4
0.819
0.471
0.361
0.326
0.674
0.761
0.33
0.473
0.89
1.259
1.088
1.307
1.441
1.901
3.239
3.5
2.593
2.762
2.146
2.276
2.146
1.834
1.587
1.363
0.781
0.515
0.357
0.316
0.674
0.777
0.367
0.455
0.837
1.157
1.002
1.225
1.426
1.812
3.081
3.624
2.611
2.669
2.168
2.308
2.179
1.785
1.532
1.315
0.749
0.51
0.346
0.313
0.69
0.814
0.363
0.43
0.787
1.081
0.964
1.143
1.422
1.814
3.029
3.711
2.573
2.675
2.183
2.369
2.218
1.778
1.526
1.376
0.745
0.47
0.349
0.314
0.656
0.745
0.374
0.416
0.746
1.106
0.983
1.335
1.394
1.918
2.954
3.753
2.634
2.622
2.154
2.313
2.218
1.916
1.603
1.561
0.728
0.455
0.332
0.314
0.627
0.705
0.359
0.405
0.744
1.067
1.093
1.408
1.391
2.022
3.162
3.629
2.596
2.669
2.102
2.435
2.413
1.904
1.605
1.494
0.692
0.436
0.347
0.316
0.654
0.727
0.354
0.435
0.88
1.359
1.524
1.443
1.404
1.992
3.383
3.631
2.586
2.653
2.09
2.432
2.429
1.896
1.659
1.412
0.648
0.429
0.34
0.311
0.673
0.689
0.34
0.431
0.863
1.25
1.487
1.636
1.717
2.153
3.319
3.622
2.882
2.751
2.333
2.619
2.664
2.19
1.876
1.611
0.838
0.611
0.538
0.495
0.872
0.858
0.598
0.608
0.972
1.32
1.588
1.772
1.869
2.346
3.443
4.004
3.085
2.992
2.558
2.719
2.766
2.268
1.85
1.581
0.86
0.646
0.527
0.515
0.894
0.893
0.625
0.602
1.168
1.534
1.697
1.722
1.813
2.236
3.319
3.889
2.985
2.979
2.57
2.617
2.769
2.274
1.854
1.514
0.786
0.608
0.519
0.526
0.863
0.853
0.595
0.585
1.159
1.508
2.154
1.896
1.958
2.299
3.248
3.976
2.954
2.933
2.507
2.523
2.912
2.241
1.867
1.507
0.799
0.57
0.52
0.509
0.845
0.801
0.662
0.637
1.093
1.445
2.166
2.018
2.107
2.587
3.474
3.995
2.928
2.909
2.53
2.493
2.843
2.217
1.829
1.486
0.796
0.585
0.564
0.492
0.795
0.751
0.616
0.653
1.069
1.371
2.174
2.016
2.004
2.51
3.625
4.22
2.96
2.875
2.509
2.657
2.849
2.206
1.827
1.449
0.849
0.563
0.54
0.47
0.766
0.778
0.585
0.626
1.047
1.527
2.466
2.344
2.228
2.665
4.226
4.404
3.348
3.372
2.818
2.564
2.823
2.297
1.802
1.37
0.809
0.534
0.526
0.473
0.737
0.728
0.559
0.612
1.054
1.517
2.25
2.144
2.039
2.425
3.823
3.993
3.051
3.072
2.559
2.326
2.569
2.106
1.656
1.253
0.747
0.518
0.511
0.45
0.679
0.683
0.541
0.579
0.963
1.389
2.063
1.961
1.853
2.201
3.479
3.727
3.02
3.026
2.553
2.366
2.585
2.108
1.655
1.17
0.711
0.511
0.494
0.434
0.64
0.659
0.533
0.552
0.917
1.456
2.293
2.477
2.345
2.382
3.476
3.771
3.102
2.915
2.418
2.333
2.56
