0.0
0.0
0.0
0.0
0.0
0.0
0.0
0.0
0.0
0.0
0.0
0.0
0.0
0.0
0.0
0.0
0.0
0.0
0.0
0.0
0.0
0.0
0.0
0.0
0.0
0.0
0.0
0.0
0.0
0.0
0.0
0.0
0.0
0.0
0.0
0.0
0.0
0.0
0.0
0.0
0.0
0.0
0.0
0.0
0.0
0.0
0.0
0.0
0.0
0.0
0.0
0.0
0.0
0.0
0.0
0.0
0.0
0.0
0.0
0.0
0.0
0.0
0.0
0.0
0.0
0.0
0.0
0.0
0.0
0.0
0.0
0.0
0.0
0.0
0.0
0.0
0.0
0.0
0.0
0.0
0.0
0.0
0.0
0.0
0.0
0.0
0.0
0.0
0.0
0.0
0.0
0.0
0.0
0.0
0.0
0.0
0.0
0.0
0.0
0.0
0.0
0.0
0.0
0.0
0.0
0.0
0.0
0.0
0.0
0.0
0.0
0.0
0.0
0.0
0.0
0.0
0.0
0.0
0.0
0.0
0.0
0.0
0.0
0.0
0.0
0.0
0.0
0.0
0.0
0.0
0.0
0.0
0.0
0.0
0.0
0.0
0.0
0.0
0.0
0.0
0.0
0.0
0.0
0.0
0.0
0.0
0.0
0.0
0.0
0.0
0.0
0.0
0.0
0.0
0.0
0.0
0.0
0.0
0.0
0.0
0.0
0.0
0.0
0.0
0.0
0.0
0.0
0.0
0.0
0.0
0.0
0.0
0.0
0.0
0.0
0.0
0.0
0.0
0.0
0.0
0.0
0.0
0.0
0.0
0.0
0.0
0.0
0.0
0.0
0.0
0.0
0.0
0.0
0.0
0.0
0.0
0.0
0.0
0.0
0.0
0.0
0.0
0.0
0.0
0.0
0.0
0.0
0.0
0.0
0.0
0.0
0.0
0.0
0.0
0.0
0.0
0.0
0.0
0.0
0.0
0.0
0.0
0.0
0.0
0.0
0.0
0.0
0.0
0.0
0.0
0.0
0.0
0.0
0.0
0.0
0.0
0.0
0.0
0.0
0.0
0.0
0.0
0.0
0.0
0.0
0.0
0.0
0.0
0.0
0.0
0.0
0.0
0.0
0.0
0.0
0.0
0.0
0.0
0.0
0.0
0.0
0.0
0.0
0.0
0.0
0.0
0.0
0.0
0.0
0.0
0.0
0.0
0.0
0.0
0.0
0.0
0.0
0.0
0.0
0.0
0.0
0.0
0.0
0.0
0.0
0.0
0.0
0.0
0.0
0.0
0.0
0.0
0.0
0.0
0.0
0.0
0.0
0.0
0.0
0.0
0.0
0.0
0.0
0.0
0.0
0.0
0.0
0.0
0.0
0.0
0.0
0.0
0.0
0.0
0.0
0.0
0.0
0.0
0.0
0.0
0.0
0.0
0.0
0.0
0.0
0.0
0.0
0.0
0.0
0.0
0.0
0.0
0.0
0.0
0.0
0.0
0.0
0.0
0.0
0.0
0.0
0.0
0.0
0.0
0.0
0.0
0.0
0.0
0.0
0.0
0.0
0.0
0.0
0.0
0.0
0.0
0.0
0.0
0.0
0.0
0.0
0.0
0.0
0.0
0.0
0.0
0.0
0.0
0.0
0.0
0.0
0.0
0.0
0.0
0.0
0.0
0.0
0.0
0.0
0.0
0.0
0.0
0.0
0.0
0.0
0.0
0.0
0.0
0.0
0.0
0.0
0.0
0.0
0.0
0.0
0.0
0.0
0.0
0.0
0.0
0.0
0.0
0.0
0.0
0.0
0.0
0.0
0.0
0.0
0.0
0.0
0.0
0.0
0.0
0.0
0.0
0.0
0.0
0.0
0.0
0.0
0.0
0.0
0.0
0.0
0.0
0.0
0.0
0.0
0.0
0.0
0.0
0.0
0.0
0.0
0.0
0.0
0.0
0.0
0.0
0.0
0.0
0.0
0.0
0.0
0.0
0.0
0.0
0.0
0.0
0.0
0.0
0.0
0.0
0.0
0.0
0.0
0.0
0.0
0.0
0.0
0.0
0.0
0.0
0.0
0.0
0.0
0.0
0.0
0.0
0.0
0.0
0.0
0.0
0.0
0.0
0.0
0.0
0.0
0.0
0.0
0.0
0.0
0.0
0.0
0.0
0.0
0.0
0.0
0.0
0.0
0.0
0.0
0.0
0.0
0.0
0.0
0.0
0.0
0.0
0.0
0.0
0.0
0.0
0.0
0.0
0.0
0.0
0.0
0.0
0.0
0.0
0.0
0.0
0.0
0.0
0.0
0.0
0.0
0.0
0.0
0.0
0.0
0.0
0.0
0.0
0.0
0.0
0.0
0.0
0.0
0.0
0.0
0.0
0.0
0.0
0.0
0.0
0.0
0.0
0.0
0.0
0.0
0.0
0.0
0.0
0.0
0.0
0.0
0.0
0.0
0.0
0.0
0.0
0.0
0.0
0.0
0.0
0.0
0.0
0.0
0.0
0.0
0.0
0.0
0.0
0.0
0.0
0.0
0.0
0.0
0.0
0.0
0.0
0.0
0.0
0.0
0.0
0.0
0.0
0.0
0.0
0.0
0.0
0.0
0.0
0.0
0.0
0.0
0.0
0.0
0.0
0.0
0.0
0.0
0.0
0.0
0.0
0.0
0.0
0.0
0.0
0.0
0.0
0.0
0.0
0.0
0.0
0.0
0.0
0.0
0.0
0.0
0.0
0.0
0.0
0.0
0.0
0.0
0.0
0.0
0.0
0.0
0.0
0.0
0.0
0.0
0.0
0.0
0.0
0.0
0.0
0.0
0.0
0.0
0.0
0.0
0.0
0.0
0.0
0.0
0.0
0.0
0.0
0.0
0.0
0.0
0.0
0.0
0.0
0.0
0.0
0.0
0.0
0.0
0.0
0.0
0.0
0.0
0.0
0.0
0.0
0.0
0.0
0.0
0.0
0.0
0.0
0.0
0.0
0.0
0.0
0.0
0.0
0.0
0.0
0.0
0.0
0.0
0.0
0.0
0.0
0.0
0.0
0.0
0.0
0.0
0.0
0.0
0.0
0.0
0.0
0.0
0.0
0.0
0.0
0.0
0.0
0.0
0.0
0.0
0.0
0.0
0.0
0.0
0.0
0.0
0.0
0.0
0.0
0.0
0.0
0.0
0.0
0.0
0.0
0.0
0.0
0.0
0.0
0.0
0.0
0.0
0.0
0.0
0.0
0.0
0.0
0.0
0.0
0.0
0.0
0.0
0.0
0.0
0.0
0.0
0.0
0.0
0.0
0.0
0.0
0.0
0.0
0.0
0.0
0.0
0.0
0.0
0.0
0.0
0.0
0.0
0.0
0.0
0.0
0.0
0.0
0.0
0.0
0.0
0.0
0.0
0.0
0.0
0.0
0.0
0.0
0.0
0.0
0.0
0.0
0.0
0.0
0.0
0.0
0.0
0.0
0.0
0.0
0.0
0.0
0.0
0.0
0.0
0.0
0.0
0.0
0.0
0.0
0.0
0.0
0.0
0.0
0.0
0.0
0.0
0.0
0.0
0.0
0.0
0.0
0.0
0.0
0.0
0.0
0.0
0.0
0.0
0.0
0.0
0.0
0.0
0.0
0.0
0.0
0.0
0.0
0.0
0.0
0.0
0.0
0.0
0.0
0.0
0.0
0.0
0.0
0.0
0.0
0.0
0.0
0.0
0.0
0.0
0.0
0.0
0.0
0.0
0.0
0.0
0.407
0.158
0.142
0.133
0.148
0.135
0.133
0.204
0.195
0.247
0.255
0.247
0.228
0.266
0.299
0.307
0.283
0.238
0.23
0.291
0.435
0.529
0.542
0.498
0.406
0.122
0.106
0.099
0.106
0.103
0.117
0.204
0.195
0.247
0.255
0.247
0.228
0.281
0.301
0.308
0.281
0.233
0.249
0.305
0.458
0.526
0.538
0.456
0.332
0.122
0.114
0.107
0.122
0.113
0.144
0.223
0.213
0.253
0.253
0.256
0.224
0.288
0.303
0.308
0.28
0.237
0.24
0.309
0.477
0.519
0.535
0.459
0.326
0.121
0.113
0.113
0.121
0.112
0.144
0.205
0.195
0.244
0.245
0.255
0.227
0.296
0.316
0.309
0.279
0.24
0.264
0.315
0.494
0.515
0.534
0.451
0.21
0.07
0.07
0.07
0.071
0.071
0.078
0.118
0.034
0.345
0.011
0.045
0.066
0.071
0.072
0.027
0.063
0.016
0.058
0.193
0.465
0.47
0.469
0.511
0.352
0.135
0.135
0.135
0.135
0.135
0.134
0.141
0.091
0.347
0.458
0.052
0.072
0.071
0.072
0.027
0.122
0.085
0.135
0.226
0.381
0.386
0.378
0.461
0.32
0.156
0.112
0.112
0.12
0.114
0.147
0.176
0.2
0.226
0.24
0.255
0.211
0.284
0.31
0.305
0.288
0.234
0.248
0.311
0.513
0.515
0.521
0.461
0.337
0.156
0.112
0.112
0.12
0.114
0.13
0.169
0.18
0.223
0.24
0.255
0.237
0.284
0.31
0.305
0.288
0.234
0.248
0.311
0.513
0.515
0.521
0.463
0.372
0.156
0.112
0.112
0.12
0.112
0.159
0.17
0.178
0.223
0.24
0.255
0.237
0.271
0.311
0.3
0.288
0.238
0.242
0.355
0.51
0.518
0.525
0.503
0.423
0.153
0.107
0.103
0.103
0.101
0.144
0.163
0.172
0.223
0.241
0.246
0.238
0.264
0.309
0.299
0.289
0.238
0.248
0.355
0.51
0.516
0.529
0.5
0.423
0.153
0.106
0.103
0.102
0.101
0.166
0.196
0.207
0.236
0.245
0.246
0.224
0.233
0.298
0.304
0.288
0.232
0.22
0.343
0.51
0.518
0.528
0.453
0.355
0.065
0.065
0.065
0.065
0.065
0.103
0.152
0.11
0.012
0.447
0.007
0.006
0.0
0.0
0.0
0.059
0.069
0.083
0.36
0.384
0.386
0.389
0.511
0.361
0.117
0.128
0.131
0.13
0.116
0.149
0.152
0.133
0.08
0.503
0.02
0.072
0.075
0.075
0.078
0.134
0.134
0.14
0.36
0.386
0.383
0.392
0.5
0.376
0.109
0.107
0.097
0.098
0.101
0.165
0.211
0.211
0.24
0.243
0.245
0.232
0.244
0.295
0.307
0.284
0.252
0.237
0.355
0.509
0.518
0.531
0.5
0.366
0.109
0.107
0.097
0.098
0.101
0.165
0.211
0.219
0.239
0.246
0.245
0.234
0.244
0.295
0.307
0.284
0.252
0.237
0.355
0.509
0.518
0.531
0.498
0.361
0.153
0.151
0.141
0.141
0.146
0.165
0.2
0.219
0.239
0.246
0.245
0.234
0.255
0.297
0.309
0.283
0.249
0.219
0.293
0.501
0.509
0.515
0.489
0.341
0.143
0.147
0.133
0.141
0.146
0.162
0.17
0.217
0.227
0.236
0.248
0.226
0.247
0.293
0.304
0.274
0.239
0.219
0.347
0.513
0.503
0.511
0.488
0.391
0.183
0.148
0.126
0.142
0.148
0.132
0.149
0.194
0.221
0.234
0.247
0.232
0.274
0.291
0.295
0.268
0.232
0.224
0.349
0.511
0.503
0.51
0.464
0.262
0.052
0.063
0.066
0.066
0.052
0.122
0.14
0.116
0.08
0.056
0.013
0.066
0.075
0.075
0.078
0.075
0.066
0.07
0.393
0.39
0.382
0.392
0.529
0.232
0.117
0.125
0.12
0.133
0.101
0.151
0.109
0.129
0.166
0.798
0.116
0.202
0.214
0.213
0.216
0.21
0.216
0.197
0.427
0.445
0.448
0.457
0.483
0.434
0.232
0.147
0.128
0.14
0.148
0.127
0.145
0.202
0.235
0.235
0.247
0.218
0.236
0.288
0.291
0.264
0.214
0.193
0.332
0.511
0.502
0.505
0.519
0.437
0.239
0.15
0.131
0.148
0.148
0.133
0.171
0.232
0.261
0.262
0.261
0.246
0.269
0.293
0.291
0.265
0.235
0.237
0.391
0.513
0.512
0.509
0.519
0.437
0.23
0.142
0.116
0.138
0.138
0.139
0.171
0.232
0.261
0.262
0.261
0.246
0.252
0.288
0.291
0.267
0.234
0.231
0.383
0.514
0.513
0.513
0.52
0.463
0.279
0.141
0.124
0.131
0.138
0.125
0.176
0.216
0.26
0.258
0.26
0.246
0.253
0.285
0.292
0.275
0.231
0.226
0.354
0.512
0.516
0.511
0.511
0.428
0.24
0.14
0.129
0.124
0.136
0.139
0.184
0.217
0.262
0.256
0.254
0.248
0.253
0.288
0.295
0.275
0.223
0.218
0.362
0.511
0.516
0.508
0.533
0.184
0.136
0.127
0.115
0.139
0.103
0.136
0.119
0.088
0.101
0.742
0.104
0.136
0.14
0.138
0.138
0.136
0.151
0.133
0.427
0.522
0.519
0.532
0.533
0.368
0.154
0.127
0.132
0.139
0.121
0.136
0.14
0.101
0.122
0.812
0.168
0.206
0.215
0.212
0.209
0.188
0.228
0.202
0.397
0.522
0.519
0.532
0.509
0.339
0.19
0.133
0.128
0.122
0.133
0.139
0.171
0.172
0.2
0.193
0.187
0.21
0.253
0.288
0.292
0.273
0.238
0.236
0.415
0.519
0.525
0.512
0.513
0.338
0.197
0.14
0.143
0.121
0.137
0.14
0.193
0.182
0.182
0.2
0.204
0.214
0.232
0.295
0.295
0.284
0.234
0.279
0.423
0.52
0.52
0.513
0.521
0.338
0.197
0.14
0.142
0.121
0.145
0.139
0.193
0.179
0.178
0.203
0.204
0.214
0.22
0.27
0.301
0.284
0.235
0.304
0.423
0.519
0.521
0.509
0.521
0.286
0.145
0.138
0.138
0.126
0.154
0.143
0.191
0.189
0.186
0.212
0.198
0.209
0.222
0.273
0.294
0.282
0.289
0.346
0.452
0.515
0.518
0.505
0.525
0.287
0.146
0.142
0.136
0.134
0.15
0.137
0.19
0.204
0.182
0.214
0.205
0.202
0.228
0.261
0.294
0.283
0.289
0.361
0.504
0.522
0.522
0.506
0.518
0.357
0.154
0.123
0.132
0.131
0.121
0.128
0.14
0.069
0.033
0.07
0.065
0.071
0.076
0.074
0.071
0.053
0.078
0.069
0.217
0.468
0.472
0.542
0.52
0.47
0.141
0.13
0.128
0.13
0.123
0.131
0.138
0.103
0.501
0.093
0.07
0.074
0.076
0.074
0.096
0.2
0.251
0.215
0.434
0.456
0.463
0.536
0.527
0.315
0.146
0.145
0.137
0.134
0.155
0.137
0.19
0.204
0.182
0.214
0.205
0.214
0.268
0.283
0.304
0.29
0.279
0.374
0.513
0.517
0.519
0.507
0.526
0.372
0.149
0.136
0.124
0.135
0.149
0.138
0.157
0.18
0.203
0.212
0.207
0.205
0.292
0.259
0.303
0.283
0.28
0.315
0.51
0.517
0.518
0.51
0.525
0.378
0.142
0.136
0.124
0.135
0.136
0.137
0.152
0.181
0.203
0.21
0.207
0.205
0.31
0.28
0.304
0.282
0.296
0.386
0.512
0.515
0.515
0.516
0.525
0.4
0.147
0.135
0.129
0.134
0.127
0.134
0.172
0.184
0.184
0.205
0.207
0.207
0.31
0.284
0.303
0.284
0.247
0.347
0.514
0.515
0.514
0.514
0.518
0.439
0.154
0.139
0.124
0.135
0.127
0.134
0.173
0.166
0.19
0.208
0.201
0.216
0.305
0.286
0.303
0.284
0.261
0.362
0.514
0.515
0.509
0.514
0.525
0.337
0.128
0.134
0.123
0.134
0.123
0.137
0.114
0.067
0.477
0.023
0.005
0.004
0.0
0.0
0.026
0.148
0.174
0.147
0.306
0.551
0.536
0.544
0.525
0.376
0.138
0.139
0.123
0.139
0.126
0.137
0.137
0.778
0.523
0.028
0.01
0.014
0.065
0.07
0.095
0.221
0.188
0.147
0.306
0.551
0.536
0.536
0.519
0.439
0.155
0.138
0.125
0.135
0.122
0.139
0.179
0.22
0.257
0.272
0.268
0.26
0.288
0.277
0.299
0.278
0.259
0.369
0.519
0.513
0.502
0.514
0.521
0.378
0.141
0.139
0.129
0.134
0.128
0.138
0.178
0.236
0.24
0.279
0.267
0.257
0.267
0.293
0.302
0.278
0.263
0.429
0.518
0.514
0.509
0.518
0.529
0.373
0.147
0.139
0.137
0.137
0.137
0.139
0.178
0.236
0.24
0.279
0.267
0.257
0.266
0.294
0.296
0.278
0.245
0.411
0.519
0.514
0.512
0.516
0.529
0.35
0.14
0.142
0.129
0.14
0.131
0.139
0.175
0.23
0.25
0.28
0.271
0.26
0.288
0.299
0.301
0.277
0.288
0.455
0.514
0.514
0.512
0.521
0.529
0.313
0.129
0.141
0.13
0.14
0.131
0.147
0.18
0.217
0.19
0.209
0.206
0.267
0.298
0.315
0.312
0.285
0.329
0.497
0.519
0.513
0.512
0.524
0.523
0.314
0.138
0.129
0.123
0.13
0.126
0.127
0.133
0.721
0.053
0.005
0.005
0.01
0.065
0.07
0.069
0.074
0.015
0.147
0.302
0.564
0.558
0.545
0.508
0.412
0.13
0.125
0.128
0.124
0.125
0.121
0.149
0.762
0.117
0.08
0.07
0.046
0.065
0.07
0.14
0.152
0.128
0.258
0.461
0.466
0.476
0.466
0.52
0.313
0.129
0.14
0.136
0.14
0.132
0.17
0.207
0.183
0.156
0.174
0.177
0.251
0.309
0.315
0.313
0.285
0.329
0.497
0.514
0.511
0.512
0.524
0.522
0.365
0.142
0.148
0.137
0.141
0.132
0.18
0.237
0.165
0.144
0.131
0.144
0.257
0.312
0.306
0.313
0.286
0.325
0.494
0.512
0.506
0.502
0.518
0.513
0.378
0.135
0.147
0.134
0.135
0.129
0.178
0.237
0.19
0.184
0.2
0.2
0.27
0.298
0.295
0.287
0.284
0.334
0.498
0.506
0.5
0.492
0.51
0.507
0.353
0.141
0.14
0.137
0.129
0.128
0.182
0.214
0.158
0.13
0.132
0.129
0.25
0.295
0.287
0.29
0.286
0.3
0.484
0.505
0.494
0.49
0.498
0.508
0.366
0.141
0.14
0.137
0.127
0.132
0.169
0.216
0.173
0.182
0.186
0.185
0.236
0.273
0.265
0.267
0.278
0.255
0.477
0.496
0.485
0.482
0.486
0.397
0.236
0.061
0.058
0.071
0.056
0.066
0.06
0.115
0.052
0.072
0.075
0.065
0.036
0.0
0.0
0.071
0.078
0.113
0.258
0.461
0.579
0.552
0.553
0.434
0.445
0.124
0.115
0.14
0.11
0.122
0.126
0.122
0.145
0.159
0.641
0.135
0.092
0.071
0.096
0.193
0.196
0.235
0.329
0.365
0.495
0.469
0.471
0.507
0.369
0.145
0.141
0.13
0.127
0.135
0.141
0.189
0.198
0.203
0.217
0.202
0.247
0.253
0.256
0.25
0.277
0.255
0.477
0.482
0.477
0.468
0.473
0.488
0.369
0.148
0.129
0.128
0.12
0.134
0.127
0.176
0.214
0.225
0.235
0.222
0.233
0.216
0.252
0.252
0.273
0.261
0.476
0.477
0.475
0.462
0.478
0.482
0.363
0.149
0.121
0.123
0.125
0.142
0.127
0.198
0.177
0.181
0.166
0.166
0.17
0.212
0.259
0.275
0.274
0.298
0.481
0.472
0.476
0.467
0.475
0.481
0.415
0.147
0.123
0.127
0.144
0.144
0.121
0.22
0.219
0.238
0.198
0.228
0.226
0.232
0.252
0.258
0.267
0.334
0.483
0.465
0.48
0.459
0.476
0.477
0.372
0.15
0.119
0.128
0.146
0.144
0.126
0.209
0.227
0.236
0.202
0.231
0.224
0.236
0.252
0.264
0.266
0.364
0.486
0.467
0.482
0.467
0.475
0.371
0.244
0.063
0.057
0.069
0.054
0.056
0.066
0.096
0.115
0.097
0.566
0.07
0.056
0.071
0.096
0.122
0.119
0.122
0.218
0.27
0.564
0.529
0.534
0.426
0.45
0.126
0.132
0.131
0.113
0.116
0.137
0.127
0.231
0.208
0.686
0.186
0.176
0.109
0.096
0.158
0.176
0.18
0.318
0.352
0.438
0.432
0.433
0.484
0.372
0.15
0.121
0.13
0.151
0.137
0.129
0.219
0.188
0.185
0.144
0.177
0.205
0.251
0.261
0.281
0.273
0.386
0.491
0.476
0.485
0.473
0.48
0.495
0.379
0.217
0.125
0.126
0.154
0.133
0.135
0.219
0.19
0.182
0.154
0.18
0.2
0.251
0.259
0.281
0.276
0.42
0.49
0.476
0.486
0.473
0.481
0.495
0.392
0.216
0.129
0.126
0.154
0.117
0.138
0.196
0.204
0.207
0.156
0.18
0.2
0.256
0.26
0.279
0.277
0.407
0.483
0.482
0.485
0.471
0.483
0.49
0.356
0.213
0.128
0.122
0.139
0.111
0.138
0.176
0.174
0.204
0.166
0.179
0.199
0.255
0.256
0.28
0.275
0.4
0.483
0.481
0.48
0.471
0.481
0.488
0.391
0.209
0.132
0.12
0.137
0.118
0.133
0.174
0.163
0.178
0.163
0.176
0.198
0.227
0.26
0.281
0.275
0.395
0.48
0.487
0.473
0.474
0.476
0.424
0.301
0.063
0.076
0.062
0.06
0.06
0.071
0.127
0.148
0.122
0.121
0.117
0.12
0.038
0.0
0.036
0.058
0.058
0.1
0.272
0.438
0.46
0.514
0.485
0.381
0.134
0.129
0.124
0.121
0.114
0.138
0.127
0.261
0.851
0.222
0.179
0.144
0.04
0.0
0.054
0.121
0.282
0.274
0.354
0.356
0.381
0.438
0.422
0.391
0.207
0.135
0.119
0.135
0.12
0.13
0.168
0.197
0.202
0.222
0.23
0.222
0.213
0.251
0.265
0.268
0.398
0.473
0.484
0.465
0.477
0.469
0.488
0.378
0.213
0.173
0.117
0.128
0.127
0.123
0.168
0.174
0.202
0.215
0.232
0.235
0.234
0.253
0.262
0.263
0.353
0.483
0.482
0.467
0.475
0.467
0.471
0.416
0.304
0.18
0.12
0.122
0.134
0.121
0.171
0.177
0.203
0.215
0.232
0.235
0.201
0.261
0.249
0.257
0.333
0.461
0.479
0.473
0.47
0.47
0.472
0.459
0.383
0.18
0.117
0.119
0.139
0.118
0.168
0.177
0.196
0.224
0.226
0.242
0.191
0.261
0.246
0.253
0.321
0.482
0.481
0.48
0.472
0.479
0.472
0.478
0.464
0.178
0.119
0.123
0.134
0.124
0.146
0.182
0.214
0.207
0.232
0.239
0.216
0.255
0.238
0.274
0.323
0.453
0.481
0.481
0.472
0.484
0.478
0.23
0.071
0.054
0.062
0.061
0.054
0.077
0.102
0.14
0.738
0.102
0.062
0.025
0.002
0.0
0.019
0.063
0.224
0.286
0.438
0.44
0.44
0.506
0.421
0.383
0.32
0.13
0.131
0.116
0.122
0.122
0.119
0.197
0.776
0.538
0.086
0.039
0.006
0.0
0.019
0.122
0.296
0.352
0.438
0.441
0.415
0.425
0.353
0.484
0.464
0.177
0.121
0.122
0.137
0.125
0.122
0.173
0.222
0.2
0.239
0.236
0.216
0.255
0.242
0.315
0.288
0.432
0.482
0.481
0.472
0.486
0.47
0.486
0.437
0.136
0.121
0.129
0.129
0.126
0.126
0.172
0.222
0.193
0.23
0.238
0.215
0.253
0.242
0.312
0.288
0.412
0.482
0.479
0.472
0.487
0.47
0.485
0.397
0.131
0.119
0.131
0.124
0.122
0.122
0.17
0.222
0.193
0.23
0.238
0.215
0.237
0.244
0.31
0.288
0.422
0.479
0.481
0.474
0.483
0.473
0.485
0.352
0.131
0.123
0.131
0.117
0.122
0.141
0.181
0.228
0.199
0.228
0.236
0.226
0.237
0.244
0.315
0.27
0.412
0.477
0.478
0.476
0.477
0.474
0.488
0.3
0.131
0.126
0.129
0.117
0.118
0.141
0.162
0.228
0.218
0.22
0.238
0.221
0.237
0.241
0.293
0.281
0.412
0.466
0.478
0.467
0.471
0.466
0.418
0.334
0.077
0.069
0.055
0.068
0.064
0.105
0.11
0.1
0.441
0.024
0.015
0.004
0.0
0.0
0.059
0.072
0.289
0.437
0.491
0.497
0.508
0.414
0.419
0.403
0.077
0.069
0.055
0.068
0.055
0.068
0.11
0.106
0.468
0.029
0.02
0.009
0.0
0.0
0.203
0.249
0.357
0.359
0.408
0.438
0.437
0.414
0.48
0.279
0.123
0.122
0.122
0.113
0.115
0.202
0.137
0.185
0.168
0.159
0.177
0.191
0.232
0.239
0.245
0.289
0.412
0.432
0.452
0.435
0.438
0.446
0.48
0.269
0.125
0.118
0.119
0.11
0.117
0.195
0.141
0.153
0.174
0.156
0.174
0.19
0.214
0.268
0.299
0.291
0.412
0.436
0.443
0.443
0.428
0.454
0.471
0.272
0.115
0.121
0.117
0.115
0.122
0.205
0.173
0.182
0.173
0.156
0.174
0.181
0.219
0.269
0.292
0.299
0.409
0.411
0.42
0.415
0.407
0.425
0.451
0.266
0.111
0.113
0.116
0.108
0.125
0.191
0.183
0.141
0.119
0.102
0.122
0.165
0.234
0.27
0.331
0.324
0.399
0.415
0.423
0.414
0.412
0.426
0.446
0.268
0.12
0.107
0.118
0.113
0.12
0.199
0.194
0.152
0.11
0.102
0.125
0.163
0.237
0.268
0.333
0.331
0.404
0.449
0.448
0.44
0.444
0.444
0.355
0.238
0.0
0.0
0.0
0.0
0.0
0.0
0.08
0.106
0.037
0.005
0.005
0.005
0.0
0.0
0.144
0.177
0.179
0.183
0.403
0.517
0.519
0.462
0.413
0.284
0.059
0.063
0.051
0.055
0.063
0.059
0.165
0.093
0.037
0.005
0.063
0.061
0.055
0.054
0.2
0.25
0.357
0.361
0.35
0.432
0.442
0.402
0.467
0.273
0.12
0.113
0.118
0.119
0.123
0.163
0.221
0.158
0.114
0.102
0.125
0.15
0.269
0.281
0.374
0.341
0.405
0.471
0.469
0.467
0.465
0.471
0.468
0.279
0.115
0.124
0.114
0.124
0.124
0.163
0.221
0.19
0.114
0.108
0.124
0.146
0.269
0.256
0.32
0.341
0.391
0.471
0.473
0.46
0.471
0.46
0.474
0.283
0.122
0.122
0.11
0.121
0.116
0.167
0.214
0.16
0.114
0.108
0.124
0.146
0.249
0.309
0.405
0.338
0.395
0.478
0.475
0.465
0.473
0.464
0.476
0.33
0.132
0.123
0.114
0.122
0.112
0.168
0.193
0.205
0.167
0.162
0.174
0.148
0.228
0.305
0.382
0.355
0.404
0.478
0.473
0.464
0.471
0.465
0.476
0.344
0.129
0.123
0.115
0.124
0.113
0.185
0.212
0.198
0.179
0.131
0.114
0.096
0.21
0.317
0.437
0.329
0.42
0.486
0.479
0.472
0.472
0.48
0.413
0.193
0.059
0.063
0.051
0.055
0.063
0.059
0.189
0.066
0.009
0.0
0.058
0.057
0.055
0.054
0.056
0.073
0.178
0.178
0.275
0.432
0.513
0.482
0.476
0.25
0.12
0.126
0.105
0.113
0.128
0.111
0.189
0.109
0.056
0.114
0.169
0.131
0.118
0.173
0.231
0.3
0.424
0.436
0.404
0.416
0.489
0.487
0.476
0.411
0.14
0.127
0.118
0.127
0.118
0.158
0.187
0.229
0.218
0.192
0.168
0.147
0.179
0.308
0.411
0.311
0.43
0.492
0.474
0.472
0.473
0.473
0.471
0.388
0.143
0.118
0.116
0.131
0.11
0.175
0.221
0.245
0.173
0.137
0.111
0.098
0.199
0.378
0.474
0.325
0.43
0.496
0.473
0.476
0.474
0.476
0.47
0.424
0.141
0.12
0.122
0.127
0.12
0.157
0.219
0.247
0.222
0.166
0.157
0.157
0.206
0.32
0.442
0.319
0.429
0.496
0.47
0.479
0.469
0.48
0.466
0.397
0.137
0.119
0.119
0.144
0.124
0.15
0.234
0.239
0.227
0.45
0.15
0.164
0.216
0.32
0.454
0.279
0.424
0.496
0.464
0.479
0.467
0.471
0.465
0.352
0.134
0.117
0.117
0.135
0.123
0.135
0.213
0.236
0.176
0.428
0.15
0.164
0.22
0.305
0.412
0.296
0.399
0.457
0.43
0.445
0.433
0.433
0.478
0.264
0.13
0.114
0.111
0.12
0.114
0.12
0.147
0.191
0.099
0.114
0.121
0.216
0.215
0.316
0.414
0.462
0.487
0.486
0.464
0.472
0.489
0.5
0.478
0.396
0.173
0.114
0.123
0.12
0.13
0.12
0.15
0.191
0.131
0.224
0.233
0.241
0.268
0.316
0.432
0.462
0.487
0.486
0.464
0.472
0.46
0.472
0.392
0.218
0.093
0.081
0.088
0.105
0.09
0.131
0.213
0.196
0.13
0.376
0.153
0.169
0.23
0.301
0.441
0.297
0.4
0.455
0.428
0.45
0.427
0.44
0.339
0.186
0.059
0.054
0.062
0.07
0.065
0.11
0.177
0.137
0.12
0.376
0.153
0.169
0.211
0.234
0.435
0.284
0.393
0.453
0.426
0.45
0.42
0.443
0.33
0.162
0.057
0.054
0.053
0.075
0.049
0.112
0.153
0.103
0.099
0.401
0.141
0.149
0.217
0.223
0.421
0.284
0.415
0.444
0.431
0.437
0.426
0.435
0.33
0.197
0.066
0.057
0.044
0.061
0.041
0.113
0.133
0.077
0.097
0.103
0.116
0.129
0.192
0.24
0.451
0.281
0.427
0.462
0.459
0.455
0.456
0.456
0.348
0.222
0.092
0.086
0.065
0.092
0.075
0.114
0.127
0.089
0.098
0.103
0.116
0.178
0.216
0.25
0.453
0.26
0.432
0.47
0.462
0.461
0.462
0.461
0.459
0.396
0.173
0.1
0.123
0.108
0.114
0.111
0.15
0.203
0.131
0.11
0.181
0.296
0.298
0.392
0.476
0.456
0.477
0.452
0.463
0.465
0.446
0.479
0.438
0.394
0.146
0.112
0.107
0.109
0.112
0.099
0.122
0.128
0.204
0.877
0.219
0.255
0.262
0.334
0.454
0.463
0.458
0.411
0.404
0.41
0.394
0.413
0.401
0.313
0.119
0.111
0.092
0.12
0.097
0.121
0.122
0.101
0.147
0.136
0.119
0.177
0.211
0.252
0.451
0.258
0.431
0.468
0.461
0.456
0.459
0.459
0.456
0.344
0.119
0.117
0.097
0.12
0.105
0.131
0.141
0.101
0.147
0.136
0.14
0.215
0.242
0.254
0.447
0.26
0.431
0.468
0.465
0.45
0.469
0.451
0.464
0.337
0.122
0.12
0.096
0.129
0.106
0.142
0.173
0.141
0.153
0.083
0.105
0.213
0.311
0.307
0.475
0.263
0.429
0.477
0.461
0.46
0.469
0.452
0.472
0.29
0.108
0.122
0.099
0.13
0.11
0.142
0.18
0.172
0.145
0.1
0.132
0.23
0.314
0.312
0.47
0.263
0.436
0.477
0.466
0.461
0.466
0.457
0.472
0.29
0.107
0.123
0.104
0.126
0.107
0.14
0.206
0.197
0.201
0.154
0.182
0.238
0.295
0.308
0.47
0.255
0.44
0.471
0.47
0.461
0.47
0.454
0.369
0.143
0.042
0.064
0.041
0.063
0.047
0.055
0.093
0.138
0.177
0.767
0.155
0.255
0.253
0.334
0.454
0.463
0.458
0.411
0.429
0.491
0.463
0.465
0.45
0.361
0.116
0.112
0.104
0.114
0.106
0.104
0.119
0.16
0.273
1.311
0.166
0.174
0.224
0.239
0.332
0.474
0.379
0.306
0.377
0.434
0.421
0.404
0.452
0.229
0.111
0.123
0.105
0.127
0.107
0.149
0.226
0.212
0.154
0.112
0.122
0.247
0.313
0.318
0.48
0.257
0.426
0.47
0.471
0.465
0.47
0.45
0.458
0.29
0.161
0.115
0.11
0.126
0.106
0.145
0.211
0.219
0.217
0.15
0.159
0.233
0.301
0.313
0.466
0.246
0.44
0.466
0.471
0.471
0.464
0.458
0.419
0.247
0.159
0.111
0.112
0.112
0.109
0.146
0.185
0.196
0.178
0.15
0.159
0.233
0.259
0.27
0.454
0.247
0.415
0.463
0.471
0.472
0.46
0.457
0.419
0.261
0.16
0.106
0.113
0.108
0.112
0.141
0.18
0.173
0.169
0.144
0.166
0.228
0.277
0.308
0.464
0.251
0.408
0.466
0.465
0.477
0.455
0.462
0.437
0.291
0.16
0.107
0.113
0.112
0.103
0.147
0.154
0.142
0.112
0.09
0.116
0.215
0.309
0.328
0.464
0.251
0.415
0.466
0.463
0.48
0.448
0.472
0.354
0.218
0.074
0.048
0.063
0.051
0.06
0.049
0.123
0.178
0.167
0.544
0.069
0.073
0.117
0.101
0.116
0.233
0.158
0.119
0.377
0.434
0.506
0.483
0.46
0.37
0.135
0.094
0.113
0.112
0.098
0.103
0.123
0.178
0.265
0.665
0.168
0.187
0.196
0.181
0.288
0.37
0.404
0.353
0.401
0.401
0.496
0.469
0.468
0.331
0.151
0.114
0.108
0.114
0.103
0.154
0.157
0.157
0.126
0.132
0.19
0.199
0.299
0.32
0.463
0.251
0.415
0.465
0.459
0.476
0.444
0.475
0.46
0.285
0.105
0.114
0.108
0.114
0.101
0.158
0.157
0.133
0.107
0.138
0.169
0.19
0.299
0.317
0.449
0.255
0.42
0.462
0.459
0.474
0.452
0.47
0.465
0.303
0.102
0.116
0.105
0.111
0.099
0.15
0.18
0.14
0.106
0.138
0.169
0.144
0.267
0.333
0.457
0.253
0.423
0.463
0.456
0.474
0.448
0.471
0.459
0.28
0.103
0.112
0.101
0.113
0.093
0.15
0.177
0.146
0.089
0.135
0.149
0.152
0.241
0.299
0.451
0.248
0.442
0.461
0.458
0.467
0.448
0.467
0.458
0.28
0.11
0.104
0.1
0.111
0.098
0.132
0.162
0.161
0.145
0.418
0.193
0.184
0.208
0.306
0.462
0.243
0.453
0.47
0.449
0.457
0.444
0.449
0.345
0.152
0.061
0.046
0.05
0.061
0.039
0.054
0.121
0.144
0.143
0.121
0.099
0.114
0.079
0.08
0.172
0.137
0.247
0.235
0.225
0.411
0.523
0.5
0.309
0.152
0.061
0.046
0.05
0.061
0.039
0.054
0.07
0.12
0.143
0.121
0.099
0.114
0.079
0.08
0.172
0.137
0.247
0.235
0.225
0.411
0.495
0.46
0.436
0.253
0.109
0.094
0.1
0.099
0.098
0.104
0.186
0.183
0.157
0.376
0.119
0.133
0.174
0.306
0.413
0.229
0.453
0.462
0.438
0.428
0.423
0.422
0.388
0.206
0.081
0.072
0.07
0.076
0.073
0.086
0.184
0.183
0.116
0.331
0.083
0.087
0.191
0.281
0.452
0.254
0.431
0.44
0.414
0.406
0.393
0.403
0.359
0.166
0.06
0.044
0.046
0.057
0.049
0.053
0.13
0.142
0.112
0.339
0.113
0.114
0.195
0.281
0.417
0.279
0.423
0.418
0.394
0.377
0.373
0.376
0.33
0.151
0.03
0.021
0.022
0.028
0.027
0.033
0.102
0.115
0.087
0.294
0.103
0.09
0.175
0.233
0.381
0.316
0.392
0.399
0.367
0.353
0.351
0.349
0.305
0.129
0.0
0.0
0.0
0.0
0.0
0.012
0.112
0.108
0.032
0.013
0.059
0.12
0.19
0.215
0.373
0.381
0.387
0.39
0.378
0.381
0.373
0.365
0.084
0.0
0.0
0.0
0.0
0.0
0.0
0.0
0.011
0.063
0.025
0.0
0.0
0.0
0.0
0.0
0.0
0.0
0.0
0.0
0.0
0.186
0.261
0.246
0.156
0.043
0.06
0.038
0.053
0.055
0.036
0.051
0.073
0.102
0.129
0.1
0.074
0.106
0.093
0.111
0.104
0.121
0.253
0.221
0.222
0.228
0.209
0.221
0.326
0.19
0.036
0.023
0.03
0.02
0.03
0.02
0.058
0.055
0.027
0.063
0.114
0.176
0.2
0.241
0.38
0.381
0.397
0.417
0.398
0.411
0.393
0.393
0.326
0.214
0.065
0.045
0.05
0.049
0.057
0.04
0.079
0.087
0.054
0.101
0.167
0.234
0.623
0.673
0.741
0.419
0.634
0.788
0.431
0.436
0.397
0.402
0.304
0.2
0.093
0.068
0.07
0.072
0.083
0.069
0.133
0.117
0.058
0.095
0.138
0.233
0.663
0.658
0.741
0.398
0.771
1.219
0.855
0.862
0.714
0.423
0.334
0.215
0.113
0.097
0.095
0.091
0.111
0.096
0.136
0.122
0.113
0.157
0.361
0.656
0.882
0.669
0.774
0.428
0.79
1.219
1.14
1.244
1.051
0.423
0.33
0.215
0.113
0.097
0.095
0.091
0.186
0.096
0.126
0.116
0.112
0.172
0.39
0.613
0.851
0.656
0.752
0.379
0.781
1.226
1.551
1.656
1.461
0.836
0.331
0.079
0.11
0.095
0.09
0.1
0.092
0.095
0.127
0.141
0.149
0.1
0.074
0.106
0.141
0.254
0.219
0.339
0.471
0.446
0.457
0.441
0.438
0.466
0.406
0.213
0.11
0.112
0.104
0.1
0.096
0.097
0.127
0.152
0.178
0.186
0.151
0.125
0.141
0.254
0.534
1.265
0.886
0.641
1.228
1.247
1.233
1.231
0.386
0.191
0.106
0.096
0.086
0.097
0.182
0.102
0.119
0.112
0.116
0.176
0.387
0.609
0.863
0.833
1.109
0.454
0.98
1.639
1.947
2.062
1.865
0.921
0.442
0.203
0.096
0.098
0.094
0.09
0.181
0.121
0.158
0.141
0.096
0.137
0.387
0.593
0.423
0.427
0.747
0.397
0.933
1.699
2.079
2.062
1.865
0.948
0.416
0.205
0.096
0.095
0.104
0.093
0.181
0.148
0.135
0.189
0.099
0.137
0.387
0.593
0.433
0.465
0.797
0.408
1.046
1.696
1.96
1.702
1.595
0.949
0.417
0.17
0.107
0.092
0.101
0.104
0.182
0.139
0.139
0.187
0.06
0.111
0.202
0.335
0.645
0.863
1.164
0.798
1.036
1.696
2.077
1.708
1.292
0.949
0.414
0.17
0.112
0.102
0.101
0.109
0.109
0.142
0.156
0.255
0.121
0.118
0.173
0.333
0.662
0.869
1.154
0.791
1.036
1.694
1.968
1.319
0.887
0.549
1.121
0.346
0.111
0.112
0.089
0.1
0.111
0.093
0.105
0.111
0.169
0.672
0.986
0.317
0.141
0.245
0.726
2.032
1.612
1.417
1.989
1.335
1.494
1.561
1.122
0.346
0.115
0.108
0.107
0.103
0.115
0.093
0.132
0.175
0.24
0.706
0.986
0.317
0.093
0.102
0.726
2.032
1.612
1.417
1.989
1.335
1.494
1.561
0.356
0.129
0.106
0.109
0.106
0.107
0.113
0.137
0.157
0.255
0.128
0.123
0.163
0.337
0.661
0.694
0.802
0.706
0.835
1.281
1.673
0.928
0.489
0.466
0.386
0.216
0.115
0.109
0.11
0.107
0.115
0.125
0.126
0.244
0.163
0.183
0.16
0.327
0.665
0.695
0.802
0.708
0.656
0.872
1.645
1.3
0.557
0.459
0.436
0.221
0.109
0.112
0.106
0.107
0.115
0.126
0.137
0.2
0.163
0.183
0.167
0.337
0.633
0.644
0.745
0.687
0.396
0.699
1.653
1.479
0.552
0.463
0.437
0.257
0.103
0.119
0.107
0.109
0.112
0.159
0.132
0.202
0.182
0.2
0.152
0.202
0.208
0.231
0.334
0.236
0.402
1.08
1.622
1.093
0.547
0.467
0.463
0.312
0.102
0.121
0.107
0.114
0.107
0.165
0.123
0.141
0.17
0.223
0.203
0.222
0.196
0.246
0.368
0.236
0.394
1.087
1.704
1.451
0.546
0.465
1.122
0.331
0.115
0.105
0.093
0.103
0.115
0.088
0.12
0.175
0.24
0.706
0.934
0.304
0.093
0.102
0.456
1.058
1.114
1.243
1.69
0.54
0.751
0.829
0.463
0.358
0.114
0.097
0.118
0.095
0.118
0.099
0.124
0.175
0.223
0.183
0.467
0.889
0.88
0.886
1.036
0.94
1.119
0.774
1.484
1.233
0.701
0.437
0.464
0.397
0.116
0.122
0.109
0.114
0.104
0.165
0.127
0.144
0.154
0.164
0.169
0.197
0.178
0.258
0.343
0.248
0.406
1.087
1.704
1.451
0.552
0.464
0.471
0.356
0.113
0.123
0.098
0.12
0.098
0.167
0.128
0.147
0.17
0.153
0.176
0.186
0.184
0.25
0.343
0.245
0.433
1.087
1.54
1.441
0.565
0.46
0.479
0.356
0.122
0.123
0.103
0.12
0.101
0.138
0.118
0.134
0.17
0.153
0.169
0.167
0.215
0.269
0.367
0.252
0.433
0.847
1.769
1.449
0.547
0.454
0.47
0.352
0.127
0.113
0.112
0.111
0.108
0.112
0.118
0.16
0.18
0.157
0.166
0.168
0.222
0.282
0.347
0.256
0.415
0.469
1.405
1.452
0.547
0.453
0.469
0.359
0.127
0.111
0.113
0.106
0.114
0.111
0.119
0.194
0.17
0.167
0.157
0.164
0.225
0.261
0.286
0.255
0.409
0.469
1.02
1.079
0.547
0.449
0.409
0.306
0.06
0.046
0.063
0.046
0.058
0.058
0.071
0.124
0.126
0.063
0.442
0.883
0.88
0.886
0.887
0.868
0.985
0.533
0.791
1.233
0.701
0.512
0.456
0.349
0.118
0.098
0.103
0.095
0.113
0.113
0.089
0.124
0.172
0.133
0.497
0.905
0.882
0.886
0.909
1.05
1.137
0.68
0.968
1.185
0.638
0.44
0.475
0.319
0.121
0.104
0.118
0.1
0.117
0.108
0.111
0.221
0.203
0.22
0.215
0.198
0.225
0.252
0.274
0.241
0.384
0.462
1.022
1.079
0.541
0.454
0.437
0.329
0.128
0.095
0.118
0.088
0.117
0.096
0.109
0.196
0.174
0.199
0.183
0.178
0.206
0.252
0.27
0.237
0.359
0.448
0.798
0.675
0.439
0.446
0.409
0.33
0.118
0.074
0.087
0.068
0.09
0.069
0.096
0.197
0.174
0.199
0.183
0.178
0.189
0.253
0.234
0.232
0.372
0.469
0.451
0.47
0.441
0.462
0.429
0.345
0.112
0.081
0.078
0.077
0.084
0.071
0.098
0.174
0.187
0.187
0.19
0.172
0.192
0.25
0.24
0.232
0.369
0.47
0.453
0.469
0.442
0.464
0.429
0.344
0.112
0.082
0.079
0.076
0.084
0.074
0.096
0.177
0.171
0.187
0.192
0.397
0.604
0.658
0.544
0.248
0.416
0.462
0.725
0.797
0.446
0.469
0.401
0.251
0.058
0.053
0.041
0.049
0.055
0.055
0.074
0.123
0.099
0.071
0.055
0.022
0.002
0.0
0.022
0.183
0.152
0.148
0.178
0.241
0.381
0.434
0.4
0.322
0.138
0.053
0.041
0.049
0.055
0.055
0.046
0.101
0.099
0.143
0.695
0.045
0.056
0.054
0.078
0.276
0.333
0.327
0.357
0.355
0.36
0.354
0.422
0.336
0.102
0.091
0.074
0.08
0.083
0.076
0.105
0.151
0.127
0.134
0.134
0.365
0.593
0.626
0.516
0.226
0.407
0.443
0.697
0.773
0.424
0.443
0.424
0.306
0.067
0.091
0.074
0.08
0.083
0.076
0.106
0.151
0.128
0.135
0.136
0.357
0.593
0.664
0.528
0.225
0.395
0.44
0.697
0.771
0.423
0.442
0.424
0.258
0.067
0.091
0.074
0.08
0.083
0.08
0.122
0.158
0.128
0.135
0.136
0.357
0.579
0.665
0.525
0.23
0.392
0.667
1.106
1.064
0.429
0.435
0.431
0.247
0.076
0.081
0.083
0.07
0.089
0.079
0.116
0.18
0.114
0.131
0.137
0.344
0.565
0.664
0.52
0.231
0.606
1.062
1.377
1.065
0.437
0.426
0.435
0.227
0.074
0.079
0.087
0.063
0.087
0.087
0.124
0.176
0.127
0.101
0.106
0.128
0.157
0.245
0.223
0.216
0.589
1.355
1.522
0.943
0.44
0.422
0.355
0.268
0.081
0.0
0.0
0.0
0.0
0.0
0.03
0.121
0.046
0.073
0.64
0.023
0.054
0.054
0.056
0.094
0.181
0.179
0.252
0.356
0.36
0.353
0.394
0.415
0.156
0.042
0.048
0.059
0.05
0.041
0.082
0.118
0.08
0.168
1.201
0.126
0.098
0.131
0.109
0.825
1.134
0.716
0.899
1.193
1.199
0.817
0.433
0.218
0.081
0.068
0.088
0.068
0.08
0.08
0.119
0.199
0.169
0.154
0.162
0.162
0.177
0.257
0.237
0.236
0.626
1.383
1.842
1.371
0.765
0.447
0.454
0.325
0.111
0.096
0.115
0.094
0.106
0.105
0.119
0.219
0.186
0.182
0.184
0.194
0.199
0.241
0.239
0.244
0.641
1.383
1.932
1.541
0.787
0.453
0.46
0.325
0.117
0.102
0.115
0.098
0.114
0.105
0.12
0.219
0.186
0.182
0.184
0.194
0.202
0.239
0.242
0.238
0.665
1.381
1.791
1.267
0.807
0.451
0.466
0.322
0.115
0.103
0.109
0.106
0.117
0.104
0.127
0.208
0.178
0.177
0.181
0.213
0.212
0.228
0.25
0.228
0.462
0.978
1.725
1.267
0.805
0.458
0.47
0.285
0.119
0.102
0.107
0.109
0.116
0.098
0.12
0.211
0.183
0.2
0.208
0.21
0.204
0.228
0.245
0.227
0.462
0.711
1.724
1.466
0.821
0.458
0.395
0.334
0.075
0.042
0.048
0.059
0.05
0.041
0.082
0.119
0.077
0.096
0.562
0.103
0.044
0.077
0.053
0.731
0.953
0.537
0.791
1.192
1.247
0.897
0.468
0.454
0.116
0.105
0.091
0.113
0.109
0.079
0.106
0.116
0.163
0.214
0.669
0.19
0.159
0.168
0.163
0.806
1.143
0.715
0.896
1.193
1.247
0.897
0.47
0.249
0.119
0.102
0.099
0.106
0.116
0.107
0.125
0.186
0.139
0.148
0.152
0.161
0.241
0.233
0.243
0.239
0.459
0.714
1.43
1.31
0.919
0.728
0.476
0.201
0.114
0.104
0.093
0.111
0.116
0.105
0.126
0.157
0.152
0.133
0.156
0.154
0.231
0.24
0.242
0.24
0.451
0.712
1.075
1.135
0.898
0.722
0.474
0.169
0.112
0.107
0.092
0.111
0.115
0.126
0.132
0.155
0.15
0.133
0.156
0.154
0.265
0.239
0.243
0.238
0.505
0.891
1.193
1.136
0.907
0.747
0.477
0.211
0.109
0.111
0.091
0.113
0.103
0.128
0.166
0.15
0.111
0.098
0.105
0.104
0.241
0.239
0.226
0.265
0.516
1.196
1.313
1.127
0.907
0.74
0.452
0.209
0.1
0.116
0.091
0.116
0.105
0.128
0.166
0.15
0.09
0.074
0.102
0.074
0.213
0.225
0.226
0.264
0.494
1.171
0.904
0.712
0.894
0.74
0.432
0.291
0.042
0.063
0.043
0.054
0.059
0.038
0.079
0.119
0.105
0.118
0.108
0.087
0.115
0.092
0.11
0.075
0.19
0.178
0.177
0.178
0.401
0.514
0.479
0.356
0.103
0.104
0.094
0.113
0.102
0.083
0.109
0.119
0.155
0.185
0.121
0.092
0.12
0.13
0.167
0.132
0.25
0.777
1.079
0.342
0.323
0.435
0.448
0.255
0.096
0.116
0.099
0.117
0.098
0.122
0.16
0.178
0.129
0.126
0.158
0.124
0.166
0.205
0.232
0.258
0.505
1.155
1.225
0.706
0.495
0.475
0.426
0.216
0.097
0.116
0.102
0.117
0.103
0.12
0.188
0.188
0.08
0.083
0.104
0.079
0.174
0.214
0.229
0.254
0.482
1.154
1.352
1.13
0.911
0.55
0.426
0.216
0.102
0.119
0.096
0.12
0.102
0.108
0.207
0.199
0.103
0.115
0.126
0.103
0.126
0.194
0.211
0.259
0.394
0.723
1.355
1.353
0.902
0.926
0.41
0.173
0.095
0.124
0.094
0.116
0.111
0.105
0.172
0.213
0.131
0.153
0.167
0.129
0.126
0.194
0.223
0.228
0.374
0.511
1.37
1.568
0.907
0.926
0.407
0.165
0.095
0.113
0.092
0.113
0.102
0.105
0.164
0.192
0.115
0.127
0.122
0.118
0.17
0.204
0.224
0.227
0.58
0.93
1.661
1.714
0.928
0.93
0.403
0.219
0.062
0.041
0.052
0.059
0.043
0.045
0.083
0.116
0.065
0.067
0.013
0.005
0.005
0.038
0.057
0.057
0.061
0.599
0.902
0.232
0.386
0.467
0.754
0.188
0.126
0.079
0.113
0.107
0.092
0.106
0.132
0.335
0.53
0.077
0.018
0.008
0.005
0.038
0.088
0.114
0.144
0.743
1.047
1.018
0.932
0.443
0.384
0.111
0.1
0.113
0.095
0.106
0.109
0.111
0.183
0.179
0.101
0.096
0.096
0.092
0.187
0.218
0.218
0.231
0.631
1.363
1.568
1.683
1.165
1.326
0.496
0.08
0.076
0.083
0.071
0.076
0.084
0.116
0.146
0.163
0.094
0.121
0.096
0.092
0.173
0.181
0.223
0.245
0.642
1.777
1.856
1.677
1.168
1.3
0.527
0.124
0.076
0.083
0.072
0.073
0.086
0.106
0.137
0.163
0.12
0.141
0.131
0.117
0.194
0.191
0.226
0.242
0.64
1.834
1.752
1.831
1.24
0.905
0.511
0.125
0.082
0.072
0.08
0.076
0.079
0.11
0.18
0.151
0.132
0.153
0.116
0.109
0.236
0.235
0.227
0.248
0.742
2.082
1.93
2.005
1.24
0.905
0.524
0.207
0.106
0.102
0.103
0.098
0.107
0.117
0.216
0.16
0.133
0.153
0.116
0.097
0.168
0.238
0.26
0.261
0.554
1.824
1.729
1.999
1.629
1.244
0.728
0.055
0.064
0.038
0.062
0.048
0.049
0.071
0.126
0.302
0.477
0.011
0.005
0.003
0.0
0.0
0.031
0.057
0.084
0.144
0.146
1.17
1.708
1.227
0.75
0.28
0.207
0.095
0.115
0.094
0.109
0.109
0.142
0.341
1.001
0.038
0.01
0.008
0.0
0.0
0.031
0.142
0.232
0.323
0.324
1.17
1.708
1.227
0.553
0.26
0.109
0.101
0.103
0.102
0.105
0.118
0.192
0.145
0.136
0.153
0.133
0.13
0.135
0.236
0.261
0.262
0.492
1.422
1.507
1.999
1.389
0.85
0.438
0.278
0.109
0.101
0.103
0.102
0.105
0.11
0.208
0.151
0.152
0.127
0.133
0.13
0.135
0.236
0.261
0.252
0.469
1.009
1.079
1.595
0.962
0.78
0.408
0.247
0.084
0.07
0.083
0.075
0.076
0.108
0.189
0.128
0.112
0.076
0.075
0.081
0.085
0.177
0.226
0.228
0.451
0.875
0.874
1.209
0.866
0.785
0.424
0.327
0.083
0.084
0.08
0.075
0.082
0.103
0.157
0.108
0.12
0.058
0.107
0.113
0.086
0.157
0.237
0.228
0.32
0.479
0.478
0.83
0.868
0.816
0.441
0.315
0.083
0.087
0.08
0.085
0.077
0.107
0.144
0.124
0.12
0.058
0.107
0.113
0.086
0.108
0.164
0.19
0.263
0.457
0.446
0.455
0.428
0.446
0.425
0.249
0.143
0.057
0.053
0.046
0.06
0.059
0.115
0.076
0.535
0.028
0.005
0.005
0.0
0.0
0.0
0.085
0.149
0.179
0.178
0.495
1.194
1.171
0.41
0.337
0.143
0.057
0.053
0.056
0.06
0.049
0.099
0.076
0.57
0.595
0.048
0.037
0.006
0.0
0.0
0.085
0.149
0.308
0.362
0.358
0.354
0.349
0.404
0.31
0.095
0.111
0.085
0.091
0.086
0.104
0.156
0.127
0.095
0.038
0.06
0.056
0.064
0.053
0.128
0.161
0.264
0.426
0.426
0.425
0.409
0.416
0.403
0.301
0.095
0.111
0.085
0.091
0.086
0.086
0.149
0.118
0.101
0.052
0.087
0.084
0.092
0.068
0.135
0.159
0.264
0.426
0.425
0.426
0.409
0.417
0.402
0.293
0.095
0.111
0.085
0.091
0.086
0.111
0.149
0.12
0.091
0.055
0.087
0.084
0.092
0.068
0.138
0.155
0.259
0.386
0.388
0.388
0.385
0.383
0.378
0.224
0.068
0.078
0.061
0.063
0.058
0.093
0.141
0.1
0.036
0.017
0.027
0.028
0.028
0.015
0.083
0.173
0.329
0.402
0.402
0.387
0.389
0.383
0.38
0.277
0.074
0.076
0.065
0.06
0.062
0.09
0.129
0.079
0.091
0.047
0.06
0.058
0.059
0.046
0.117
0.208
0.366
0.433
0.429
0.419
0.414
0.415
0.363
0.182
0.0
0.0
0.0
0.01
0.0
0.0
0.08
0.049
0.052
0.568
0.043
0.032
0.006
0.0
0.0
0.0
0.0
0.129
0.198
0.37
0.356
0.352
0.407
0.333
0.14
0.055
0.06
0.061
0.061
0.052
0.114
0.154
0.738
0.601
0.052
0.037
0.01
0.0
0.0
0.0
0.062
0.307
0.362
0.372
0.355
0.44
0.406
0.278
0.057
0.064
0.052
0.063
0.052
0.108
0.137
0.085
0.116
0.077
0.091
0.086
0.092
0.073
0.156
0.236
0.343
0.457
0.46
0.444
0.443
0.44
0.406
0.276
0.057
0.064
0.052
0.063
0.056
0.108
0.144
0.1
0.118
0.091
0.091
0.085
0.09
0.088
0.163
0.236
0.36
0.457
0.46
0.444
0.443
0.441
0.393
0.248
0.057
0.064
0.052
0.063
0.062
0.115
0.134
0.079
0.118
0.088
0.091
0.085
0.143
0.164
0.209
0.304
0.41
0.49
0.48
0.472
0.467
0.442
0.418
0.228
0.084
0.089
0.083
0.087
0.088
0.137
0.169
0.094
0.118
0.089
0.092
0.153
0.187
0.208
0.243
0.277
0.335
0.442
0.46
0.476
0.457
0.448
0.346
0.138
0.075
0.089
0.076
0.085
0.097
0.159
0.17
0.072
0.061
0.06
0.06
0.139
0.225
0.254
0.268
0.271
0.309
0.424
0.462
0.468
0.466
0.35
0.415
0.309
0.14
0.055
0.06
0.052
0.061
0.052
0.126
0.154
0.707
0.033
0.009
0.005
0.004
0.0
0.0
0.0
0.062
0.179
0.193
0.372
0.357
0.399
0.415
0.277
0.199
0.103
0.115
0.107
0.106
0.135
0.129
0.135
0.726
0.047
0.014
0.005
0.004
0.0
0.084
0.058
0.124
0.355
0.359
0.361
0.355
0.447
0.301
0.093
0.073
0.09
0.075
0.083
0.097
0.169
0.167
0.095
0.083
0.087
0.076
0.168
0.24
0.295
0.263
0.273
0.329
0.422
0.456
0.466
0.463
0.447
0.262
0.093
0.073
0.09
0.075
0.083
0.097
0.169
0.141
0.08
0.055
0.059
0.048
0.14
0.24
0.295
0.263
0.273
0.306
0.422
0.475
0.484
0.481
0.477
0.254
0.124
0.099
0.124
0.1
0.116
0.115
0.169
0.178
0.129
0.116
0.111
0.105
0.194
0.243
0.273
0.254
0.239
0.251
0.421
0.476
0.494
0.48
0.479
0.217
0.126
0.098
0.128
0.097
0.122
0.138
0.178
0.144
0.114
0.113
0.109
0.104
0.126
0.174
0.22
0.261
0.254
0.266
0.421
0.484
0.493
0.488
0.471
0.269
0.126
0.104
0.125
0.108
0.118
0.135
0.175
0.169
0.167
0.167
0.168
0.156
0.171
0.156
0.21
0.247
0.251
0.264
0.395
0.488
0.493
0.481
0.4
0.346
0.053
0.059
0.048
0.056
0.055
0.077
0.147
0.122
0.029
0.029
0.014
0.006
0.0
0.0
0.0
0.084
0.058
0.062
0.176
0.181
0.272
0.354
0.46
0.31
0.098
0.125
0.098
0.114
0.108
0.104
0.151
0.122
0.587
0.039
0.027
0.016
0.002
0.0
0.0
0.097
0.116
0.122
0.28
0.359
0.356
0.352
0.481
0.269
0.123
0.114
0.117
0.113
0.116
0.138
0.149
0.162
0.153
0.143
0.164
0.164
0.169
0.168
0.204
0.256
0.244
0.241
0.373
0.487
0.5
0.479
0.481
0.269
0.123
0.114
0.117
0.113
0.116
0.138
0.149
0.162
0.175
0.145
0.179
0.191
0.195
0.196
0.214
0.256
0.244
0.241
0.373
0.469
0.482
0.463
0.45
0.265
0.092
0.087
0.083
0.088
0.083
0.113
0.133
0.147
0.126
0.087
0.129
0.134
0.141
0.143
0.177
0.226
0.206
0.263
0.378
0.488
0.481
0.484
0.452
0.286
0.087
0.096
0.081
0.095
0.079
0.093
0.121
0.155
0.149
0.117
0.153
0.166
0.168
0.17
0.215
0.22
0.191
0.26
0.401
0.488
0.474
0.481
0.449
0.259
0.087
0.094
0.084
0.089
0.083
0.116
0.129
0.129
0.123
0.097
0.148
0.17
0.159
0.18
0.208
0.227
0.19
0.261
0.402
0.486
0.473
0.486
0.412
0.259
0.051
0.066
0.05
0.059
0.053
0.089
0.131
0.123
0.592
0.01
0.013
0.011
0.002
0.0
0.0
0.013
0.059
0.06
0.149
0.353
0.353
0.352
0.457
0.39
0.196
0.132
0.094
0.124
0.095
0.121
0.117
0.119
0.638
0.558
0.048
0.016
0.006
0.0
0.0
0.013
0.059
0.135
0.283
0.354
0.353
0.353
0.439
0.312
0.11
0.088
0.088
0.085
0.085
0.113
0.131
0.112
0.132
0.142
0.162
0.142
0.138
0.149
0.206
0.225
0.192
0.263
0.374
0.492
0.465
0.493
0.475
0.372
0.145
0.117
0.116
0.113
0.12
0.139
0.142
0.131
0.159
0.18
0.199
0.155
0.112
0.124
0.178
0.215
0.236
0.279
0.385
0.503
0.468
0.497
0.479
0.372
0.146
0.121
0.117
0.122
0.122
0.142
0.149
0.129
0.185
0.185
0.205
0.162
0.141
0.165
0.244
0.25
0.244
0.254
0.321
0.491
0.451
0.481
0.47
0.333
0.146
0.111
0.119
0.114
0.129
0.138
0.149
0.134
0.198
0.207
0.223
0.182
0.123
0.135
0.213
0.258
0.261
0.251
0.275
0.49
0.463
0.481
0.471
0.365
0.143
0.113
0.115
0.119
0.128
0.113
0.119
0.132
0.198
0.225
0.201
0.179
0.127
0.131
0.218
0.251
0.269
0.253
0.255
0.487
0.469
0.477
0.4
0.347
0.145
0.066
0.044
0.065
0.043
0.063
0.072
0.122
0.085
0.549
0.036
0.005
0.004
0.0
0.0
0.0
0.0
0.076
0.313
0.436
0.44
0.44
0.411
0.432
0.3
0.122
0.096
0.127
0.1
0.121
0.102
0.115
0.956
0.574
0.05
0.01
0.004
0.0
0.0
0.0
0.056
0.138
0.313
0.438
0.438
0.442
0.472
0.31
0.122
0.117
0.114
0.121
0.129
0.113
0.12
0.132
0.185
0.203
0.187
0.205
0.144
0.161
0.216
0.247
0.269
0.248
0.248
0.465
0.468
0.47
0.462
0.271
0.113
0.113
0.113
0.118
0.119
0.111
0.114
0.114
0.167
0.2
0.166
0.199
0.144
0.161
0.216
0.247
0.266
0.23
0.244
0.423
0.475
0.47
0.467
0.282
0.116
0.119
0.112
0.119
0.117
0.12
0.108
0.129
0.172
0.207
0.193
0.226
0.168
0.18
0.217
0.255
0.265
0.279
0.301
0.424
0.485
0.467
0.475
0.292
0.12
0.122
0.115
0.122
0.12
0.155
0.119
0.116
0.146
0.179
0.171
0.194
0.161
0.18
0.214
0.214
0.249
0.285
0.303
0.424
0.479
0.47
0.481
0.259
0.122
0.129
0.114
0.117
0.128
0.153
0.139
0.116
0.112
0.124
0.14
0.139
0.105
0.123
0.15
0.188
0.23
0.277
0.313
0.386
0.476
0.486
0.368
0.293
0.155
0.057
0.052
0.062
0.058
0.058
0.078
0.076
0.895
0.025
0.015
0.005
0.0
0.0
0.0
0.0
0.056
0.062
0.243
0.438
0.444
0.444
0.431
0.419
0.371
0.122
0.106
0.119
0.124
0.111
0.107
0.142
0.976
0.667
0.084
0.039
0.004
0.0
0.0
0.0
0.094
0.107
0.172
0.356
0.359
0.359
0.489
0.319
0.162
0.134
0.117
0.126
0.127
0.159
0.14
0.12
0.11
0.1
0.116
0.114
0.082
0.12
0.154
0.196
0.277
0.283
0.313
0.358
0.482
0.486
0.489
0.346
0.183
0.134
0.117
0.126
0.127
0.159
0.14
0.119
0.112
0.073
0.089
0.095
0.082
0.12
0.172
0.235
0.253
0.293
0.306
0.351
0.483
0.481
0.485
0.349
0.181
0.125
0.126
0.118
0.134
0.149
0.145
0.104
0.091
0.087
0.087
0.087
0.087
0.112
0.171
0.235
0.25
0.244
0.277
0.344
0.483
0.481
0.483
0.347
0.182
0.122
0.127
0.114
0.13
0.109
0.145
0.132
0.143
0.137
0.139
0.148
0.12
0.165
0.207
0.269
0.267
0.227
0.277
0.372
0.487
0.474
0.483
0.356
0.184
0.114
0.131
0.115
0.126
0.111
0.126
0.135
0.165
0.196
0.197
0.198
0.179
0.225
0.246
0.269
0.287
0.227
0.328
0.416
0.487
0.464
0.421
0.319
0.216
0.066
0.054
0.057
0.067
0.053
0.08
0.186
0.09
0.642
0.07
0.034
0.004
0.0
0.0
0.0
0.038
0.045
0.063
0.234
0.359
0.358
0.482
0.456
0.291
0.112
0.115
0.115
0.113
0.116
0.107
0.195
0.729
0.674
0.078
0.041
0.004
0.0
0.0
0.0
0.076
0.107
0.124
0.354
0.354
0.354
0.476
0.353
0.176
0.11
0.124
0.112
0.122
0.11
0.123
0.131
0.188
0.225
0.22
0.224
0.204
0.228
0.242
0.268
0.228
0.222
0.328
0.421
0.485
0.466
0.476
0.352
0.178
0.11
0.124
0.112
0.122
0.11
0.123
0.131
0.188
0.225
0.22
0.224
0.204
0.228
0.242
0.254
0.224
0.214
0.317
0.421
0.477
0.462
0.447
0.331
0.178
0.084
0.089
0.086
0.089
0.085
0.108
0.13
0.174
0.198
0.19
0.198
0.173
0.235
0.251
0.26
0.212
0.217
0.293
0.406
0.478
0.466
0.445
0.351
0.173
0.087
0.089
0.09
0.088
0.087
0.104
0.135
0.138
0.148
0.138
0.137
0.141
0.231
0.269
0.263
0.193
0.22
0.291
0.367
0.472
0.47
0.445
0.348
0.168
0.089
0.084
0.093
0.089
0.082
0.105
0.157
0.138
0.141
0.14
0.141
0.14
0.228
0.275
0.256
0.181
0.224
0.224
0.354
0.473
0.467
0.417
0.402
0.154
0.047
0.062
0.058
0.046
0.063
0.102
0.13
0.648
0.032
0.009
0.008
0.0
0.0
0.0
0.0
0.039
0.062
0.061
0.234
0.352
0.357
0.418
0.402
0.154
0.047
0.062
0.058
0.046
0.084
0.381
0.621
0.649
0.037
0.014
0.012
0.002
0.0
0.0
0.0
0.092
0.089
0.114
0.232
0.355
0.362
0.444
0.301
0.144
0.082
0.087
0.094
0.09
0.078
0.107
0.173
0.096
0.084
0.089
0.081
0.087
0.197
0.242
0.231
0.168
0.196
0.202
0.333
0.446
0.44
0.483
0.338
0.134
0.117
0.114
0.129
0.117
0.112
0.118
0.203
0.125
0.112
0.121
0.114
0.095
0.204
0.263
0.265
0.202
0.224
0.236
0.346
0.476
0.472
0.483
0.393
0.176
0.124
0.118
0.132
0.121
0.142
0.145
0.203
0.123
0.112
0.121
0.114
0.094
0.142
0.212
0.226
0.168
0.193
0.203
0.342
0.446
0.479
0.497
0.407
0.178
0.132
0.115
0.135
0.12
0.144
0.146
0.206
0.16
0.168
0.181
0.166
0.15
0.127
0.186
0.225
0.172
0.191
0.206
0.359
0.45
0.484
0.493
0.461
0.179
0.133
0.124
0.135
0.122
0.149
0.147
0.207
0.163
0.173
0.176
0.174
0.128
0.132
0.185
0.233
0.166
0.193
0.212
0.334
0.45
0.49
0.357
0.358
0.149
0.0
0.0
0.0
0.0
0.031
0.39
0.564
0.009
0.005
0.005
0.004
0.002
0.0
0.0
0.0
0.053
0.027
0.055
0.337
0.436
0.437
0.357
0.363
0.204
0.0
0.0
0.0
0.0
0.031
0.39
0.595
0.046
0.01
0.526
0.037
0.01
0.0
0.057
0.056
0.112
0.085
0.109
0.344
0.457
0.437
0.498
0.461
0.181
0.133
0.129
0.132
0.122
0.175
0.143
0.173
0.152
0.173
0.176
0.174
0.128
0.132
0.183
0.233
0.175
0.193
0.212
0.334
0.45
0.49
0.499
0.472
0.184
0.142
0.135
0.133
0.13
0.176
0.149
0.175
0.11
0.114
0.115
0.114
0.092
0.097
0.155
0.24
0.163
0.201
0.219
0.322
0.464
0.487
0.506
0.435
0.145
0.142
0.138
0.131
0.132
0.155
0.123
0.227
0.153
0.17
0.172
0.152
0.126
0.129
0.181
0.274
0.2
0.219
0.253
0.302
0.491
0.486
0.493
0.475
0.206
0.138
0.139
0.125
0.136
0.155
0.126
0.224
0.169
0.172
0.172
0.153
0.107
0.158
0.194
0.275
0.201
0.225
0.248
0.28
0.479
0.488
0.492
0.435
0.204
0.144
0.136
0.126
0.137
0.153
0.131
0.221
0.169
0.39
0.162
0.15
0.125
0.16
0.188
0.244
0.181
0.182
0.214
0.262
0.456
0.456
0.354
0.363
0.204
0.0
0.0
0.0
0.0
0.035
0.099
0.054
0.046
0.005
0.521
0.033
0.008
0.0
0.057
0.056
0.059
0.058
0.056
0.344
0.516
0.517
0.35
0.258
0.134
0.0
0.0
0.0
0.0
0.025
0.048
0.048
0.046
0.005
0.521
0.033
0.008
0.0
0.057
0.056
0.059
0.058
0.055
0.097
0.456
0.437
0.489
0.435
0.197
0.144
0.132
0.124
0.137
0.124
0.131
0.221
0.169
0.39
0.162
0.15
0.125
0.16
0.188
0.244
0.181
0.168
0.214
0.262
0.456
0.455
0.447
0.337
0.152
0.1
0.097
0.088
0.102
0.089
0.096
0.192
0.167
0.39
0.162
0.15
0.125
0.16
0.166
0.171
0.13
0.14
0.276
0.326
0.454
0.473
0.453
0.383
0.251
0.188
0.102
0.092
0.103
0.083
0.103
0.183
0.182
0.371
0.167
0.173
0.134
0.187
0.18
0.168
0.142
0.139
0.246
0.368
0.456
0.471
0.457
0.376
0.239
0.191
0.099
0.095
0.108
0.107
0.131
0.166
0.134
0.313
0.11
0.121
0.096
0.124
0.118
0.129
0.109
0.095
0.218
0.334
0.403
0.438
0.431
0.367
0.211
0.157
0.07
0.066
0.074
0.091
0.116
0.116
0.092
0.038
0.065
0.063
0.042
0.059
0.099
0.165
0.14
0.148
0.261
0.347
0.399
0.48
0.175
0.077
0.0
0.0
0.0
0.0
0.0
0.025
0.037
0.005
0.005
0.0
0.0
0.0
0.0
0.0
0.0
0.0
0.0
0.0
0.0
0.036
0.258
0.261
0.26
0.179
0.073
0.073
0.073
0.071
0.075
0.106
0.078
0.005
0.517
0.017
0.009
0.016
0.0
0.0
0.0
0.012
0.055
0.056
0.056
0.07
0.175
0.175
0.475
0.471
0.271
0.195
0.104
0.102
0.11
0.126
0.151
0.129
0.146
0.104
0.126
0.124
0.105
0.125
0.17
0.238
0.207
0.179
0.302
0.388
0.46
0.512
0.514
0.522
0.409
0.243
0.148
0.146
0.154
0.172
0.201
0.196
0.215
0.171
0.195
0.191
0.173
0.185
0.228
0.281
0.242
0.262
0.296
0.378
0.454
0.493
0.501
0.472
0.314
0.156
0.144
0.141
0.154
0.179
0.215
0.191
0.158
0.134
0.133
0.129
0.131
0.126
0.191
0.291
0.226
0.279
0.33
0.329
0.445
0.501
0.497
0.477
0.264
0.157
0.144
0.146
0.143
0.162
0.211
0.156
0.135
0.134
0.131
0.128
0.131
0.126
0.202
0.292
0.238
0.282
0.331
0.355
0.482
0.506
0.499
0.477
0.27
0.157
0.148
0.149
0.145
0.166
0.211
0.156
0.135
0.134
0.131
0.128
0.131
0.126
0.191
0.293
0.243
0.277
0.329
0.355
0.482
0.5
0.434
0.341
0.073
0.073
0.073
0.071
0.075
0.129
0.144
0.078
0.534
0.017
0.009
0.016
0.0
0.0
0.0
0.012
0.055
0.056
0.056
0.225
0.432
0.433
0.503
0.397
0.145
0.134
0.137
0.14
0.133
0.178
0.164
0.185
1.152
0.098
0.017
0.024
0.0
0.0
0.0
0.028
0.097
0.11
0.11
0.278
0.432
0.438
0.486
0.463
0.292
0.15
0.149
0.141
0.143
0.165
0.206
0.148
0.127
0.115
0.119
0.129
0.125
0.111
0.185
0.293
0.223
0.292
0.322
0.348
0.46
0.502
0.486
0.405
0.198
0.147
0.141
0.133
0.13
0.14
0.172
0.119
0.119
0.113
0.109
0.119
0.118
0.113
0.188
0.293
0.243
0.236
0.259
0.296
0.457
0.502
0.492
0.394
0.199
0.147
0.136
0.136
0.13
0.145
0.154
0.085
0.119
0.113
0.109
0.119
0.118
0.113
0.183
0.29
0.236
0.253
0.268
0.296
0.462
0.495
0.495
0.36
0.199
0.143
0.14
0.129
0.136
0.139
0.132
0.11
0.154
0.169
0.158
0.174
0.179
0.168
0.192
0.284
0.239
0.246
0.255
0.265
0.415
0.491
0.501
0.406
0.201
0.147
0.136
0.133
0.135
0.136
0.132
0.136
0.178
0.205
0.188
0.206
0.215
0.197
0.243
0.276
0.222
0.265
0.261
0.265
0.404
0.485
0.426
0.381
0.073
0.061
0.065
0.069
0.059
0.095
0.151
0.185
0.653
0.081
0.008
0.008
0.0
0.0
0.0
0.016
0.042
0.054
0.054
0.278
0.482
0.521
0.492
0.363
0.138
0.123
0.136
0.123
0.128
0.14
0.284
0.636
0.641
0.086
0.06
0.065
0.024
0.0
0.0
0.029
0.107
0.111
0.108
0.178
0.398
0.442
0.502
0.357
0.152
0.147
0.136
0.133
0.137
0.151
0.15
0.165
0.186
0.219
0.194
0.203
0.22
0.206
0.246
0.27
0.237
0.265
0.26
0.272
0.444
0.478
0.501
0.416
0.168
0.146
0.144
0.14
0.149
0.16
0.158
0.171
0.184
0.214
0.205
0.216
0.218
0.208
0.256
0.271
0.215
0.268
0.268
0.27
0.44
0.487
0.502
0.416
0.167
0.145
0.165
0.143
0.149
0.156
0.161
0.179
0.223
0.239
0.236
0.239
0.219
0.228
0.256
0.271
0.24
0.257
0.261
0.269
0.41
0.496
0.503
0.403
0.168
0.15
0.172
0.154
0.147
0.156
0.159
0.192
0.257
0.233
0.257
0.245
0.219
0.242
0.271
0.273
0.25
0.257
0.262
0.335
0.447
0.51
0.502
0.362
0.17
0.152
0.172
0.155
0.147
0.155
0.159
0.207
0.257
0.234
0.264
0.25
0.227
0.242
0.235
0.267
0.277
0.254
0.262
0.337
0.481
0.511
0.431
0.249
0.066
0.062
0.071
0.054
0.069
0.068
0.226
0.535
0.009
0.005
0.052
0.057
0.024
0.0
0.0
0.013
0.065
0.057
0.063
0.198
0.481
0.519
0.427
0.329
0.083
0.062
0.071
0.054
0.069
0.085
0.256
0.53
0.443
0.012
0.109
0.077
0.024
0.0
0.0
0.056
0.121
0.112
0.108
0.198
0.422
0.433
0.509
0.361
0.171
0.152
0.171
0.155
0.145
0.147
0.151
0.207
0.238
0.224
0.264
0.249
0.226
0.249
0.225
0.249
0.262
0.235
0.26
0.335
0.447
0.511
0.518
0.303
0.154
0.154
0.171
0.155
0.145
0.148
0.152
0.228
0.246
0.231
0.263
0.249
0.213
0.248
0.224
0.248
0.281
0.239
0.258
0.335
0.439
0.509
0.525
0.356
0.156
0.155
0.155
0.155
0.145
0.147
0.174
0.228
0.213
0.214
0.25
0.249
0.213
0.241
0.234
0.242
0.282
0.259
0.264
0.337
0.48
0.502
0.532
0.353
0.156
0.153
0.149
0.151
0.15
0.148
0.174
0.23
0.18
0.204
0.214
0.223
0.194
0.207
0.207
0.246
0.271
0.268
0.269
0.277
0.443
0.5
0.536
0.333
0.15
0.153
0.151
0.151
0.152
0.149
0.174
0.222
0.203
0.194
0.193
0.201
0.191
0.202
0.236
0.259
0.257
0.278
0.271
0.274
0.436
0.505
0.356
0.289
0.017
0.0
0.0
0.0
0.0
0.024
0.109
0.01
0.446
0.007
0.057
0.021
0.0
0.0
0.0
0.044
0.056
0.055
0.159
0.279
0.475
0.513
0.396
0.245
0.089
0.072
0.056
0.072
0.067
0.087
0.109
0.503
0.456
0.034
0.065
0.076
0.056
0.055
0.054
0.103
0.079
0.092
0.159
0.209
0.393
0.433
0.536
0.372
0.156
0.153
0.151
0.152
0.153
0.148
0.167
0.214
0.208
0.213
0.229
0.204
0.191
0.206
0.241
0.288
0.26
0.282
0.271
0.274
0.475
0.505
0.528
0.454
0.16
0.152
0.151
0.151
0.153
0.149
0.167
0.207
0.183
0.196
0.228
0.204
0.2
0.209
0.242
0.289
0.264
0.269
0.266
0.276
0.482
0.506
0.526
0.392
0.159
0.151
0.151
0.153
0.153
0.149
0.142
0.217
0.183
0.158
0.179
0.169
0.157
0.175
0.238
0.29
0.253
0.241
0.259
0.274
0.472
0.511
0.525
0.403
0.167
0.153
0.152
0.154
0.149
0.149
0.143
0.221
0.203
0.215
0.242
0.231
0.219
0.237
0.267
0.289
0.248
0.249
0.253
0.271
0.472
0.505
0.514
0.454
0.17
0.151
0.151
0.154
0.149
0.147
0.145
0.221
0.157
0.176
0.2
0.193
0.179
0.201
0.27
0.292
0.246
0.247
0.258
0.315
0.488
0.51
0.396
0.181
0.077
0.072
0.056
0.072
0.067
0.076
0.095
0.503
0.026
0.027
0.008
0.056
0.056
0.055
0.054
0.059
0.024
0.038
0.159
0.361
0.477
0.515
0.464
0.301
0.133
0.144
0.127
0.142
0.126
0.148
0.082
0.973
0.022
0.075
0.064
0.067
0.056
0.055
0.054
0.091
0.073
0.089
0.107
0.298
0.435
0.436
0.521
0.432
0.166
0.152
0.153
0.153
0.149
0.147
0.148
0.231
0.182
0.175
0.194
0.194
0.184
0.196
0.271
0.292
0.243
0.251
0.297
0.371
0.488
0.511
0.522
0.43
0.167
0.152
0.153
0.154
0.149
0.146
0.147
0.237
0.183
0.18
0.195
0.194
0.198
0.2
0.271
0.292
0.243
0.251
0.299
0.364
0.491
0.504
0.526
0.43
0.167
0.153
0.153
0.153
0.149
0.164
0.147
0.22
0.167
0.178
0.195
0.194
0.198
0.253
0.281
0.293
0.241
0.263
0.359
0.425
0.502
0.5
0.517
0.473
0.158
0.152
0.152
0.151
0.148
0.163
0.146
0.222
0.169
0.179
0.193
0.185
0.177
0.249
0.277
0.293
0.241
0.262
0.364
0.425
0.502
0.498
0.518
0.482
0.165
0.153
0.152
0.15
0.148
0.164
0.146
0.241
0.255
0.237
0.254
0.238
0.213
0.249
0.286
0.291
0.236
0.249
0.361
0.428
0.494
0.498
0.423
0.301
0.067
0.072
0.071
0.073
0.06
0.092
0.082
0.481
0.008
0.048
0.056
0.011
0.0
0.0
0.0
0.032
0.05
0.052
0.053
0.279
0.435
0.534
0.49
0.338
0.13
0.141
0.14
0.133
0.118
0.147
0.118
0.517
0.659
0.054
0.098
0.067
0.052
0.051
0.054
0.074
0.053
0.052
0.082
0.232
0.353
0.452
0.515
0.462
0.17
0.151
0.15
0.15
0.148
0.162
0.143
0.235
0.233
0.232
0.251
0.236
0.209
0.243
0.287
0.288
0.23
0.249
0.321
0.368
0.494
0.497
0.516
0.437
0.166
0.151
0.151
0.15
0.148
0.162
0.169
0.236
0.244
0.241
0.251
0.236
0.184
0.232
0.286
0.29
0.22
0.254
0.325
0.374
0.479
0.503
0.51
0.494
0.223
0.151
0.151
0.157
0.15
0.146
0.169
0.236
0.244
0.241
0.251
0.236
0.184
0.225
0.286
0.288
0.221
0.249
0.265
0.313
0.471
0.509
0.519
0.502
0.225
0.151
0.151
0.158
0.16
0.149
0.207
0.224
0.248
0.241
0.251
0.245
0.203
0.232
0.29
0.291
0.224
0.248
0.261
0.317
0.484
0.509
0.519
0.498
0.301
0.152
0.15
0.158
0.16
0.149
0.206
0.228
0.204
0.247
0.251
0.253
0.222
0.246
0.283
0.29
0.217
0.251
0.261
0.266
0.461
0.501
0.421
0.226
0.069
0.069
0.069
0.064
0.058
0.081
0.119
0.047
0.659
0.006
0.042
0.056
0.052
0.051
0.054
0.042
0.003
0.0
0.058
0.447
0.434
0.534
0.423
0.275
0.069
0.069
0.069
0.062
0.058
0.103
0.142
0.074
1.146
0.056
0.053
0.071
0.052
0.051
0.054
0.054
0.061
0.033
0.086
0.447
0.436
0.436
0.511
0.498
0.301
0.151
0.15
0.158
0.16
0.149
0.206
0.19
0.164
0.191
0.191
0.192
0.231
0.255
0.293
0.29
0.223
0.248
0.268
0.28
0.432
0.499
0.511
0.515
0.387
0.191
0.149
0.157
0.159
0.149
0.179
0.187
0.169
0.194
0.19
0.184
0.231
0.253
0.292
0.291
0.213
0.254
0.269
0.299
0.461
0.5
0.514
0.467
0.336
0.199
0.157
0.156
0.168
0.148
0.169
0.177
0.169
0.194
0.19
0.184
0.231
0.266
0.29
0.292
0.206
0.244
0.269
0.297
0.452
0.498
0.504
0.407
0.336
0.207
0.157
0.156
0.158
0.147
0.144
0.191
0.167
0.198
0.19
0.184
0.227
0.269
0.29
0.29
0.2
0.239
0.271
0.292
0.452
0.502
0.505
0.419
0.263
0.206
0.157
0.157
0.157
0.159
0.176
0.171
0.182
0.187
0.191
0.183
0.224
0.271
0.295
0.291
0.2
0.239
0.271
0.319
0.481
0.504
0.355
0.295
0.177
0.0
0.0
0.0
0.003
0.036
0.119
0.066
0.495
0.05
0.011
0.015
0.0
0.0
0.0
0.012
0.058
0.033
0.085
0.397
0.516
0.52
0.418
0.363
0.247
0.07
0.07
0.07
0.07
0.109
0.119
0.066
0.889
0.073
0.028
0.02
0.0
0.0
0.0
0.012
0.095
0.132
0.118
0.232
0.438
0.437
0.507
0.457
0.263
0.206
0.157
0.157
0.157
0.172
0.216
0.216
0.245
0.254
0.252
0.245
0.213
0.268
0.288
0.291
0.198
0.235
0.267
0.364
0.488
0.504
0.486
0.437
0.22
0.165
0.158
0.157
0.158
0.172
0.216
0.195
0.231
0.246
0.254
0.251
0.234
0.268
0.288
0.29
0.218
0.212
0.261
0.345
0.476
0.497
0.458
0.461
0.214
0.156
0.149
0.15
0.148
0.172
0.216
0.195
0.231
0.246
0.254
0.251
0.234
0.261
0.255
0.276
0.215
0.191
0.252
0.338
0.465
0.471
0.458
0.461
0.206
0.145
0.143
0.148
0.147
0.171
0.208
0.168
0.196
0.195
0.218
0.217
0.205
0.22
0.215
0.235
0.167
0.173
0.213
0.322
0.417
0.433
0.425
0.403
0.172
0.109
0.107
0.112
0.112
0.151
0.153
0.135
0.141
0.146
0.156
0.155
0.182
0.226
0.219
0.233
0.171
0.175
0.217
0.301
0.394
0.439
0.418
0.363
0.247
0.07
0.079
0.07
0.07
0.077
0.113
0.062
0.402
0.024
0.017
0.005
0.0
0.0
0.0
0.0
0.037
0.1
0.102
0.348
0.477
0.479
0.485
0.356
0.141
0.138
0.149
0.135
0.131
0.142
0.104
0.68
0.407
0.029
0.022
0.014
0.01
0.0
0.0
0.021
0.083
0.147
0.113
0.323
0.398
0.396
0.434
0.426
0.183
0.121
0.115
0.116
0.112
0.138
0.125
0.146
0.13
0.147
0.155
0.164
0.184
0.225
0.221
0.234
0.179
0.187
0.214
0.284
0.402
0.439
0.458
0.453
0.142
0.121
0.115
0.116
0.111
0.164
0.141
0.163
0.153
0.154
0.154
0.167
0.187
0.232
0.224
0.231
0.171
0.19
0.211
0.3
0.43
0.469
0.489
0.416
0.141
0.122
0.117
0.117
0.116
0.161
0.126
0.142
0.151
0.15
0.154
0.167
0.187
0.267
0.27
0.272
0.215
0.236
0.252
0.369
0.492
0.51
0.524
0.454
0.16
0.156
0.153
0.151
0.147
0.178
0.163
0.189
0.19
0.196
0.183
0.182
0.197
0.267
0.303
0.289
0.215
0.254
0.257
0.426
0.516
0.513
0.524
0.458
0.16
0.156
0.154
0.151
0.153
0.218
0.197
0.216
0.222
0.243
0.31
0.307
0.241
0.261
0.287
0.28
0.215
0.236
0.262
0.465
0.516
0.503
0.421
0.349
0.149
0.069
0.089
0.066
0.064
0.076
0.084
0.672
0.012
0.005
0.005
0.01
0.01
0.0
0.0
0.021
0.047
0.048
0.093
0.401
0.48
0.481
0.488
0.423
0.216
0.128
0.149
0.135
0.121
0.13
0.105
0.711
0.059
0.021
0.852
0.015
0.019
0.0
0.0
0.021
0.086
0.1
0.107
0.318
0.44
0.442
0.514
0.408
0.149
0.146
0.151
0.146
0.152
0.216
0.194
0.187
0.2
0.228
0.31
0.298
0.252
0.257
0.277
0.271
0.207
0.226
0.262
0.451
0.508
0.506
0.503
0.361
0.191
0.132
0.137
0.137
0.14
0.176
0.159
0.136
0.136
0.162
0.242
0.237
0.2
0.242
0.277
0.279
0.211
0.25
0.299
0.491
0.507
0.505
0.501
0.381
0.2
0.131
0.137
0.136
0.145
0.214
0.204
0.19
0.175
0.209
0.275
0.291
0.231
0.249
0.25
0.277
0.219
0.241
0.301
0.497
0.506
0.499
0.502
0.346
0.203
0.132
0.135
0.136
0.152
0.206
0.209
0.194
0.156
0.214
0.281
0.309
0.258
0.25
0.238
0.274
0.233
0.238
0.307
0.464
0.505
0.504
0.503
0.351
0.203
0.133
0.133
0.136
0.149
0.175
0.215
0.195
0.144
0.166
0.154
0.191
0.233
0.255
0.247
0.282
0.242
0.238
0.316
0.46
0.505
0.504
0.424
0.423
0.216
0.059
0.069
0.069
0.057
0.07
0.11
0.077
0.054
0.016
0.847
0.005
0.009
0.0
0.0
0.0
0.04
0.052
0.055
0.318
0.441
0.442
0.486
0.491
0.296
0.13
0.129
0.133
0.128
0.138
0.13
0.093
0.054
0.049
1.286
0.02
0.016
0.0
0.0
0.0
0.07
0.162
0.234
0.313
0.357
0.357
0.504
0.351
0.202
0.138
0.137
0.132
0.147
0.196
0.25
0.196
0.149
0.18
0.156
0.192
0.236
0.284
0.257
0.282
0.242
0.242
0.316
0.462
0.511
0.504
0.511
0.39
0.237
0.148
0.147
0.145
0.158
0.212
0.262
0.207
0.193
0.239
0.224
0.244
0.236
0.287
0.267
0.284
0.233
0.215
0.283
0.454
0.511
0.497
0.504
0.411
0.228
0.148
0.147
0.145
0.148
0.18
0.247
0.18
0.174
0.192
0.191
0.183
0.233
0.285
0.283
0.285
0.229
0.218
0.293
0.458
0.501
0.499
0.502
0.44
0.228
0.15
0.149
0.141
0.145
0.184
0.242
0.143
0.134
0.126
0.13
0.122
0.196
0.285
0.293
0.286
0.226
0.211
0.295
0.497
0.511
0.495
0.504
0.429
0.228
0.151
0.15
0.142
0.143
0.18
0.235
0.154
0.145
0.181
0.191
0.182
0.206
0.285
0.286
0.278
0.216
0.216
0.281
0.498
0.512
0.494
0.423
0.35
0.157
0.071
0.06
0.064
0.071
0.091
0.105
0.04
0.012
0.033
0.439
0.015
0.007
0.0
0.0
0.0
0.031
0.11
0.18
0.305
0.449
0.444
0.49
0.373
0.226
0.14
0.114
0.127
0.138
0.14
0.121
0.044
0.453
0.044
0.453
0.018
0.007
0.0
0.001
0.062
0.084
0.162
0.291
0.354
0.448
0.444
0.502
0.435
0.228
0.151
0.15
0.145
0.141
0.168
0.22
0.171
0.165
0.169
0.191
0.174
0.166
0.269
0.275
0.282
0.213
0.215
0.304
0.5
0.506
0.494
0.504
0.408
0.147
0.15
0.15
0.145
0.141
0.158
0.188
0.183
0.15
0.175
0.187
0.174
0.181
0.263
0.275
0.281
0.216
0.215
0.304
0.5
0.498
0.492
0.502
0.369
0.146
0.15
0.15
0.139
0.146
0.16
0.217
0.176
0.151
0.175
0.187
0.174
0.163
0.262
0.271
0.281
0.222
0.206
0.291
0.497
0.499
0.49
0.504
0.379
0.15
0.15
0.15
0.139
0.146
0.154
0.218
0.212
0.194
0.232
0.245
0.236
0.217
0.256
0.26
0.274
0.229
0.193
0.285
0.487
0.491
0.482
0.501
0.394
0.151
0.142
0.149
0.145
0.143
0.153
0.212
0.18
0.161
0.177
0.184
0.184
0.219
0.258
0.271
0.281
0.23
0.194
0.289
0.496
0.493
0.489
0.427
0.23
0.069
0.069
0.055
0.063
0.068
0.08
0.109
0.014
0.453
0.011
0.014
0.003
0.0
0.0
0.001
0.062
0.054
0.053
0.112
0.42
0.528
0.527
0.496
0.35
0.14
0.128
0.121
0.134
0.138
0.128
0.137
0.05
0.918
0.06
0.069
0.058
0.052
0.051
0.055
0.117
0.109
0.109
0.235
0.424
0.44
0.442
0.502
0.387
0.153
0.149
0.149
0.147
0.15
0.15
0.222
0.167
0.142
0.182
0.182
0.188
0.254
0.259
0.271
0.276
0.243
0.185
0.301
0.498
0.493
0.492
0.502
0.414
0.222
0.15
0.149
0.148
0.151
0.151
0.222
0.148
0.158
0.185
0.185
0.181
0.243
0.263
0.274
0.27
0.252
0.209
0.358
0.502
0.497
0.493
0.502
0.428
0.222
0.151
0.15
0.153
0.145
0.141
0.193
0.148
0.157
0.185
0.185
0.181
0.243
0.265
0.276
0.271
0.261
0.229
0.382
0.509
0.505
0.5
0.515
0.369
0.22
0.15
0.148
0.154
0.141
0.138
0.179
0.168
0.161
0.191
0.19
0.182
0.229
0.265
0.281
0.28
0.247
0.235
0.432
0.509
0.504
0.501
0.513
0.322
0.219
0.151
0.149
0.148
0.142
0.143
0.2
0.2
0.221
0.252
0.251
0.235
0.209
0.258
0.278
0.279
0.247
0.26
0.462
0.503
0.502
0.5
0.428
0.328
0.071
0.06
0.066
0.071
0.071
0.064
0.13
0.051
0.477
0.049
0.055
0.055
0.052
0.051
0.054
0.056
0.055
0.057
0.124
0.424
0.522
0.526
0.425
0.402
0.076
0.06
0.066
0.071
0.071
0.064
0.13
0.08
0.939
0.066
0.071
0.111
0.106
0.106
0.108
0.11
0.114
0.172
0.304
0.356
0.444
0.444
0.513
0.361
0.217
0.151
0.149
0.147
0.141
0.149
0.166
0.168
0.182
0.192
0.192
0.185
0.167
0.258
0.278
0.279
0.244
0.297
0.457
0.5
0.5
0.498
0.484
0.319
0.19
0.142
0.14
0.134
0.13
0.136
0.155
0.15
0.137
0.153
0.15
0.159
0.138
0.225
0.248
0.246
0.22
0.321
0.425
0.464
0.463
0.463
0.45
0.262
0.187
0.107
0.106
0.1
0.097
0.138
0.163
0.158
0.137
0.153
0.15
0.159
0.143
0.223
0.246
0.246
0.203
0.337
0.461
0.464
0.462
0.465
0.444
0.342
0.235
0.102
0.105
0.099
0.093
0.139
0.162
0.146
0.138
0.149
0.147
0.155
0.134
0.232
0.242
0.246
0.186
0.337
0.427
0.429
0.461
0.463
0.456
0.397
0.237
0.095
0.098
0.102
0.093
0.124
0.151
0.154
0.138
0.149
0.146
0.154
0.151
0.22
0.236
0.24
0.198
0.335
0.421
0.429
0.462
0.463
0.349
0.179
0.006
0.0
0.0
0.0
0.0
0.0
0.104
0.049
0.47
0.017
0.016
0.056
0.054
0.056
0.055
0.055
0.059
0.116
0.18
0.34
0.44
0.444
0.406
0.415
0.078
0.066
0.056
0.055
0.065
0.065
0.111
0.088
1.035
0.071
0.072
0.074
0.056
0.056
0.055
0.07
0.13
0.283
0.358
0.357
0.359
0.358
0.439
0.326
0.233
0.092
0.096
0.091
0.089
0.128
0.181
0.18
0.191
0.204
0.206
0.206
0.187
0.244
0.259
0.273
0.201
0.318
0.453
0.458
0.492
0.493
0.481
0.279
0.176
0.127
0.131
0.118
0.123
0.143
0.181
0.174
0.168
0.176
0.179
0.179
0.187
0.244
0.259
0.273
0.201
0.27
0.453
0.457
0.492
0.493
0.481
0.279
0.176
0.127
0.131
0.118
0.123
0.136
0.179
0.171
0.168
0.176
0.179
0.179
0.194
0.245
0.259
0.271
0.219
0.265
0.453
0.46
0.484
0.487
0.473
0.279
0.148
0.127
0.132
0.12
0.13
0.179
0.218
0.186
0.173
0.184
0.18
0.173
0.19
0.209
0.266
0.273
0.289
0.348
0.486
0.5
0.487
0.487
0.482
0.317
0.215
0.132
0.138
0.121
0.132
0.188
0.198
0.192
0.172
0.184
0.179
0.174
0.192
0.223
0.264
0.28
0.294
0.398
0.491
0.5
0.485
0.48
0.406
0.296
0.073
0.066
0.056
0.055
0.065
0.065
0.112
0.063
0.572
0.054
0.067
0.154
0.138
0.135
0.122
0.138
0.196
0.335
0.427
0.428
0.428
0.429
0.46
0.398
0.139
0.131
0.109
0.109
0.129
0.129
0.162
0.141
0.662
0.118
0.13
0.249
0.237
0.242
0.235
0.192
0.196
0.345
0.428
0.43
0.428
0.426
0.494
0.382
0.219
0.125
0.136
0.13
0.131
0.173
0.173
0.186
0.183
0.186
0.173
0.162
0.172
0.22
0.268
0.281
0.295
0.416
0.492
0.499
0.485
0.477
0.454
0.412
0.191
0.091
0.102
0.103
0.097
0.142
0.173
0.201
0.203
0.213
0.198
0.189
0.172
0.22
0.268
0.281
0.295
0.426
0.492
0.499
0.485
0.477
0.454
0.412
0.191
0.091
0.102
0.103
0.097
0.147
0.179
0.201
0.203
0.213
0.198
0.191
0.167
0.182
0.23
0.241
0.258
0.426
0.453
0.458
0.452
0.439
0.384
0.289
0.135
0.061
0.066
0.067
0.063
0.084
0.132
0.145
0.161
0.145
0.138
0.165
0.147
0.168
0.189
0.212
0.227
0.426
0.463
0.451
0.442
0.439
0.382
0.281
0.144
0.069
0.074
0.068
0.063
0.082
0.122
0.143
0.168
0.141
0.138
0.168
0.157
0.174
0.201
0.217
0.27
0.419
0.464
0.452
0.44
0.444
0.408
0.257
0.067
0.065
0.053
0.055
0.064
0.072
0.164
0.107
0.097
0.116
0.085
0.249
0.237
0.242
0.235
0.192
0.196
0.345
0.428
0.43
0.425
0.427
0.462
0.402
0.23
0.118
0.118
0.123
0.113
0.132
0.207
0.239
0.205
0.134
0.18
0.204
0.165
0.174
0.232
0.182
0.148
0.356
0.358
0.363
0.357
0.355
0.361
0.223
0.137
0.078
0.078
0.062
0.068
0.09
0.137
0.17
0.183
0.139
0.15
0.174
0.159
0.178
0.201
0.222
0.272
0.45
0.467
0.455
0.442
0.447
0.326
0.152
0.137
0.078
0.078
0.062
0.157
0.09
0.137
0.149
0.163
0.112
0.124
0.168
0.174
0.185
0.201
0.223
0.274
0.453
0.468
0.455
0.443
0.449
0.361
0.232
0.137
0.078
0.078
0.062
0.157
0.086
0.127
0.147
0.176
0.139
0.149
0.167
0.175
0.188
0.196
0.223
0.274
0.453
0.468
0.455
0.443
0.449
0.397
0.284
0.137
0.078
0.078
0.062
0.157
0.08
0.126
0.167
0.195
0.168
0.176
0.173
0.178
0.188
0.196
0.212
0.249
0.42
0.426
0.425
0.418
0.416
0.366
0.198
0.027
0.035
0.035
0.027
0.122
0.054
0.125
0.11
0.129
0.113
0.117
0.131
0.134
0.146
0.149
0.166
0.175
0.393
0.394
0.393
0.389
0.386
0.408
0.369
0.164
0.053
0.065
0.068
0.049
0.074
0.166
0.172
0.112
0.122
0.116
0.091
0.064
0.066
0.12
0.113
0.077
0.179
0.339
0.356
0.358
0.357
0.412
0.369
0.164
0.053
0.065
0.068
0.049
0.073
0.165
0.172
0.597
0.12
0.116
0.105
0.066
0.066
0.12
0.169
0.185
0.356
0.357
0.353
0.358
0.357
0.308
0.163
0.0
0.0
0.0
0.0
0.089
0.02
0.104
0.074
0.048
0.056
0.052
0.08
0.11
0.117
0.119
0.127
0.179
0.362
0.36
0.359
0.358
0.358
0.359
0.188
0.0
0.0
0.0
0.0
0.0
0.023
0.112
0.101
0.076
0.084
0.08
0.086
0.108
0.109
0.111
0.122
0.19
0.362
0.388
0.388
0.363
0.358
0.36
0.151
0.0
0.0
0.0
0.0
0.0
0.042
0.118
0.117
0.051
0.056
0.087
0.087
0.109
0.079
0.093
0.159
0.254
0.402
0.429
0.429
0.397
0.39
0.393
0.222
0.078
0.031
0.035
0.026
0.034
0.063
0.122
0.145
0.092
0.087
0.119
0.118
0.133
0.085
0.109
0.192
0.288
0.444
0.463
0.454
0.431
0.421
0.4
0.226
0.103
0.065
0.061
0.06
0.062
0.088
0.125
0.172
0.156
0.151
0.18
0.166
0.173
0.122
0.148
0.229
0.367
0.451
0.494
0.484
0.456
0.454
0.358
0.243
0.0
0.0
0.0
0.0
0.0
0.015
0.125
0.103
0.504
0.062
0.015
0.015
0.002
0.0
0.0
0.056
0.108
0.178
0.257
0.35
0.362
0.358
0.424
0.35
0.233
0.066
0.057
0.055
0.065
0.064
0.119
0.187
0.557
0.434
0.074
0.02
0.02
0.0
0.0
0.103
0.219
0.358
0.355
0.353
0.362
0.36
0.426
0.327
0.133
0.094
0.093
0.083
0.095
0.105
0.125
0.203
0.215
0.206
0.206
0.193
0.185
0.143
0.173
0.262
0.4
0.471
0.494
0.49
0.479
0.48
0.467
0.421
0.165
0.127
0.128
0.113
0.127
0.12
0.13
0.237
0.235
0.233
0.232
0.225
0.2
0.198
0.224
0.262
0.438
0.491
0.496
0.487
0.482
0.487
0.484
0.467
0.165
0.132
0.128
0.122
0.127
0.125
0.13
0.237
0.235
0.233
0.232
0.225
0.216
0.233
0.254
0.264
0.426
0.48
0.489
0.477
0.474
0.489
0.477
0.445
0.121
0.13
0.123
0.138
0.121
0.129
0.151
0.236
0.224
0.229
0.23
0.21
0.201
0.236
0.258
0.263
0.442
0.464
0.486
0.48
0.465
0.491
0.477
0.447
0.121
0.124
0.129
0.128
0.126
0.128
0.176
0.214
0.164
0.166
0.169
0.157
0.189
0.248
0.268
0.269
0.428
0.473
0.481
0.481
0.466
0.491
0.42
0.35
0.233
0.066
0.057
0.055
0.065
0.064
0.118
0.187
0.091
0.423
0.069
0.006
0.018
0.0
0.0
0.047
0.111
0.181
0.178
0.298
0.446
0.438
0.47
0.466
0.36
0.115
0.124
0.102
0.13
0.101
0.132
0.17
0.198
0.849
0.127
0.037
0.02
0.0
0.007
0.11
0.261
0.355
0.357
0.356
0.442
0.438
0.475
0.411
0.124
0.123
0.122
0.138
0.116
0.133
0.191
0.208
0.153
0.163
0.174
0.156
0.206
0.251
0.268
0.265
0.437
0.474
0.483
0.478
0.462
0.491
0.45
0.324
0.135
0.131
0.115
0.142
0.112
0.129
0.192
0.201
0.168
0.158
0.178
0.132
0.21
0.253
0.266
0.267
0.423
0.472
0.482
0.478
0.466
0.491
0.429
0.267
0.135
0.13
0.115
0.142
0.108
0.156
0.195
0.201
0.168
0.158
0.178
0.132
0.196
0.247
0.266
0.267
0.437
0.467
0.482
0.474
0.475
0.485
0.431
0.196
0.136
0.13
0.12
0.128
0.116
0.153
0.204
0.201
0.176
0.144
0.178
0.144
0.21
0.254
0.266
0.271
0.449
0.47
0.478
0.473
0.478
0.477
0.441
0.168
0.139
0.135
0.115
0.129
0.113
0.153
0.189
0.228
0.225
0.199
0.235
0.181
0.2
0.241
0.258
0.261
0.449
0.465
0.478
0.471
0.478
0.474
0.406
0.295
0.127
0.049
0.067
0.047
0.065
0.053
0.143
0.122
0.13
0.426
0.058
0.032
0.002
0.0
0.007
0.063
0.15
0.174
0.18
0.296
0.445
0.435
0.452
0.427
0.175
0.116
0.113
0.113
0.112
0.111
0.143
0.123
0.794
0.491
0.105
0.064
0.004
0.0
0.007
0.084
0.248
0.357
0.362
0.359
0.362
0.36
0.404
0.225
0.14
0.135
0.124
0.124
0.125
0.145
0.181
0.227
0.23
0.205
0.229
0.187
0.239
0.267
0.256
0.261
0.445
0.464
0.48
0.471
0.479
0.473
0.465
0.315
0.222
0.167
0.125
0.124
0.126
0.148
0.175
0.211
0.229
0.208
0.226
0.209
0.245
0.267
0.255
0.258
0.445
0.478
0.481
0.471
0.483
0.473
0.481
0.402
0.277
0.163
0.128
0.12
0.127
0.118
0.182
0.22
0.229
0.208
0.226
0.209
0.246
0.276
0.251
0.251
0.406
0.484
0.479
0.472
0.482
0.473
0.481
0.402
0.272
0.161
0.119
0.117
0.124
0.113
0.153
0.205
0.183
0.169
0.168
0.154
0.231
0.262
0.241
0.24
0.36
0.481
0.479
0.469
0.482
0.473
0.481
0.378
0.243
0.129
0.092
0.089
0.094
0.095
0.152
0.171
0.129
0.113
0.155
0.187
0.26
0.265
0.249
0.254
0.354
0.496
0.489
0.47
0.491
0.479
0.48
0.286
0.048
0.067
0.047
0.066
0.047
0.087
0.129
0.122
0.692
0.065
0.047
0.032
0.002
0.0
0.0
0.021
0.099
0.183
0.182
0.23
0.449
0.445
0.404
0.428
0.218
0.12
0.108
0.128
0.099
0.133
0.127
0.147
0.792
0.728
0.158
0.148
0.11
0.117
0.108
0.137
0.223
0.364
0.363
0.362
0.449
0.445
0.359
0.415
0.309
0.137
0.088
0.096
0.089
0.098
0.161
0.181
0.132
0.114
0.154
0.185
0.208
0.231
0.247
0.257
0.336
0.511
0.492
0.471
0.498
0.475
0.484
0.356
0.184
0.064
0.059
0.061
0.061
0.067
0.159
0.165
0.099
0.089
0.123
0.155
0.18
0.2
0.223
0.235
0.324
0.475
0.461
0.45
0.464
0.451
0.458
0.265
0.1
0.034
0.029
0.032
0.031
0.037
0.123
0.145
0.122
0.09
0.123
0.155
0.14
0.166
0.22
0.239
0.327
0.48
0.46
0.453
0.461
0.448
0.46
0.309
0.133
0.057
0.063
0.055
0.063
0.052
0.141
0.18
0.178
0.097
0.123
0.155
0.14
0.166
0.239
0.278
0.355
0.509
0.49
0.475
0.492
0.774
0.603
0.397
0.213
0.091
0.088
0.083
0.094
0.077
0.131
0.179
0.209
0.147
0.135
0.136
0.13
0.163
0.231
0.258
0.326
0.493
0.481
0.47
0.484
0.765
0.597
0.426
0.187
0.053
0.061
0.062
0.052
0.09
0.113
0.143
0.184
0.668
0.111
0.125
0.164
0.178
0.119
0.332
0.306
0.363
0.363
0.363
0.45
0.445
0.36
0.452
0.382
0.099
0.124
0.105
0.11
0.127
0.092
0.146
0.226
1.334
0.244
0.244
0.311
0.258
0.209
0.333
0.315
0.364
0.363
0.364
0.365
0.362
0.36
0.391
0.166
0.085
0.085
0.079
0.089
0.079
0.121
0.178
0.188
0.129
0.109
0.107
0.114
0.16
0.234
0.246
0.3
0.472
0.48
0.463
0.482
0.76
0.594
0.409
0.217
0.085
0.085
0.079
0.089
0.079
0.121
0.178
0.196
0.119
0.111
0.107
0.113
0.158
0.234
0.246
0.3
0.472
0.48
0.463
0.482
0.76
0.594
0.409
0.217
0.085
0.085
0.079
0.089
0.079
0.127
0.187
0.196
0.119
0.111
0.107
0.129
0.2
0.238
0.246
0.294
0.483
0.481
0.458
0.484
0.758
0.594
0.442
0.242
0.09
0.079
0.084
0.096
0.085
0.103
0.186
0.205
0.168
0.16
0.163
0.154
0.213
0.243
0.234
0.271
0.485
0.474
0.463
0.477
0.46
0.476
0.439
0.254
0.08
0.087
0.079
0.098
0.089
0.096
0.219
0.202
0.167
0.161
0.163
0.146
0.202
0.229
0.24
0.276
0.481
0.48
0.468
0.471
0.463
0.478
0.415
0.279
0.046
0.063
0.043
0.058
0.059
0.041
0.12
0.162
0.689
0.133
0.138
0.259
0.203
0.113
0.333
0.315
0.364
0.363
0.364
0.363
0.361
0.361
0.399
0.297
0.046
0.063
0.043
0.058
0.059
0.064
0.125
0.736
0.723
0.187
0.179
0.203
0.151
0.258
0.236
0.211
0.375
0.361
0.359
0.358
0.356
0.357
0.434
0.261
0.076
0.089
0.083
0.095
0.085
0.107
0.216
0.205
0.146
0.136
0.134
0.134
0.184
0.198
0.233
0.271
0.465
0.449
0.447
0.44
0.441
0.448
0.434
0.279
0.076
0.089
0.083
0.095
0.085
0.107
0.216
0.194
0.137
0.136
0.134
0.136
0.184
0.197
0.233
0.259
0.465
0.449
0.447
0.44
0.44
0.448
0.434
0.279
0.076
0.089
0.083
0.095
0.085
0.113
0.21
0.195
0.137
0.136
0.134
0.119
0.119
0.194
0.234
0.258
0.448
0.449
0.451
0.432
0.45
0.44
0.44
0.295
0.081
0.083
0.086
0.079
0.087
0.114
0.187
0.194
0.134
0.144
0.134
0.122
0.119
0.19
0.237
0.259
0.438
0.455
0.44
0.436
0.445
0.435
0.446
0.272
0.09
0.071
0.095
0.067
0.087
0.118
0.152
0.195
0.138
0.135
0.141
0.123
0.134
0.197
0.227
0.239
0.446
0.44
0.437
0.442
0.435
0.436
0.358
0.153
0.0
0.0
0.0
0.0
0.0
0.025
0.128
0.693
0.068
0.054
0.051
0.0
0.01
0.156
0.12
0.078
0.194
0.18
0.214
0.356
0.358
0.359
0.432
0.311
0.149
0.043
0.048
0.058
0.048
0.063
0.128
0.694
0.108
0.109
0.106
0.002
0.01
0.156
0.12
0.179
0.452
1.18
0.6
0.599
0.412
0.383
0.414
0.232
0.096
0.065
0.089
0.074
0.082
0.1
0.139
0.213
0.172
0.192
0.194
0.164
0.162
0.222
0.235
0.279
0.468
0.463
0.728
0.863
0.52
0.83
0.412
0.222
0.096
0.065
0.089
0.074
0.082
0.1
0.139
0.213
0.19
0.191
0.194
0.266
0.558
0.591
0.436
0.34
0.475
0.472
0.733
0.864
0.521
0.83
0.421
0.259
0.096
0.065
0.089
0.074
0.082
0.078
0.133
0.22
0.193
0.191
0.194
0.266
0.579
0.593
0.452
0.337
0.79
0.863
0.757
0.872
0.513
0.831
0.418
0.3
0.122
0.068
0.08
0.079
0.076
0.074
0.139
0.216
0.518
0.597
0.586
0.306
0.615
0.651
0.538
0.411
1.109
1.227
1.129
1.068
0.509
0.807
0.38
0.253
0.09
0.047
0.048
0.059
0.046
0.129
0.129
0.181
0.491
0.784
0.983
0.334
0.616
0.721
0.619
0.459
1.414
1.63
1.281
1.091
0.542
0.833
0.443
0.276
0.149
0.043
0.048
0.058
0.048
0.042
0.125
0.131
0.107
0.056
0.056
0.01
0.061
0.059
0.433
1.073
0.872
1.98
1.274
0.656
0.464
0.436
0.443
0.381
0.149
0.043
0.048
0.058
0.048
0.04
0.097
0.132
0.114
0.079
0.111
0.024
0.061
0.059
0.433
1.073
0.872
1.98
1.534
0.897
1.235
1.21
0.434
0.326
0.087
0.044
0.049
0.058
0.047
0.126
0.123
0.187
0.49
1.055
1.366
0.635
0.616
0.721
0.619
0.445
1.414
1.815
1.37
1.067
0.806
0.465
0.434
0.333
0.087
0.044
0.049
0.058
0.047
0.126
0.123
0.164
0.489
1.248
1.766
0.687
0.242
0.552
0.658
0.393
1.635
1.815
1.37
1.322
0.925
0.465
0.434
0.32
0.087
0.044
0.049
0.058
0.047
0.134
0.126
0.176
0.49
1.248
1.766
0.687
0.186
0.548
0.626
0.357
1.369
1.797
1.719
1.666
0.899
0.441
0.357
0.204
0.028
0.019
0.026
0.028
0.024
0.134
0.115
0.145
0.138
0.793
1.318
0.603
0.12
0.503
0.547
0.298
1.436
1.736
1.347
1.491
0.929
0.628
0.434
0.273
0.053
0.048
0.049
0.048
0.049
0.078
0.13
0.194
0.162
0.984
1.308
0.971
0.513
0.819
0.563
0.27
1.297
1.74
1.426
1.489
0.906
0.596
0.974
0.224
0.0
0.0
0.0
0.0
0.0
0.0
0.074
0.132
0.107
0.024
0.056
0.03
0.099
0.12
1.074
1.942
1.58
1.958
1.857
0.979
1.236
1.21
0.964
0.314
0.0
0.0
0.0
0.0
0.0
0.0
0.063
0.129
0.118
0.086
0.767
0.304
0.049
0.061
0.759
1.085
1.201
1.624
1.975
1.485
1.341
1.156
0.408
0.244
0.052
0.047
0.05
0.048
0.046
0.095
0.143
0.17
0.134
0.662
0.872
0.634
0.49
0.783
0.563
0.228
1.297
1.611
1.453
1.501
0.766
0.569
0.409
0.253
0.052
0.047
0.05
0.048
0.046
0.095
0.143
0.17
0.137
0.602
0.772
0.479
0.504
0.544
0.337
0.256
1.368
1.934
1.773
1.239
0.628
0.569
0.411
0.252
0.052
0.047
0.05
0.048
0.046
0.092
0.141
0.148
0.119
0.595
0.772
0.479
0.504
0.588
0.32
0.302
1.697
1.94
1.771
0.963
0.628
0.569
0.411
0.252
0.052
0.047
0.05
0.048
0.046
0.1
0.146
0.149
0.097
0.615
0.8
0.507
0.496
0.534
0.344
0.264
1.67
2.02
1.771
0.935
0.598
0.378
0.381
0.258
0.027
0.019
0.027
0.028
0.021
0.074
0.127
0.131
0.078
0.212
0.384
0.087
0.062
0.12
0.224
0.241
1.66
2.001
1.771
1.057
0.947
0.356
0.978
0.228
0.0
0.0
0.0
0.0
0.0
0.0
0.055
0.127
0.138
0.084
0.712
0.301
0.049
0.325
1.625
1.959
1.947
1.983
1.999
1.975
0.605
0.356
0.373
0.286
0.0
0.0
0.0
0.0
0.0
0.0
0.019
0.114
0.138
0.124
0.749
0.34
0.026
0.348
1.73
1.952
1.596
1.65
1.972
1.975
0.605
0.375
0.362
0.246
0.0
0.0
0.0
0.0
0.0
0.037
0.087
0.121
0.088
0.212
0.384
0.082
0.038
0.122
0.233
0.244
1.66
2.001
1.743
1.047
1.14
0.692
0.362
0.223
0.0
0.0
0.0
0.0
0.0
0.037
0.097
0.122
0.087
0.31
0.463
0.076
0.027
0.453
0.573
0.305
1.511
1.596
1.567
1.049
1.139
0.693
0.36
0.225
0.0
0.0
0.0
0.0
0.0
0.031
0.073
0.123
0.289
0.731
0.83
0.498
0.266
0.82
0.672
0.285
1.311
1.573
1.568
0.942
1.139
0.692
0.36
0.268
0.003
0.0
0.0
0.0
0.0
0.0
0.042
0.122
0.309
1.1
1.226
0.606
0.627
1.227
0.802
0.285
1.135
1.495
1.742
1.254
1.482
0.846
0.359
0.257
0.003
0.0
0.0
0.0
0.0
0.0
0.037
0.097
0.306
1.294
1.626
0.832
0.619
1.227
0.802
0.318
1.297
1.431
1.604
1.296
1.117
0.845
0.375
0.215
0.0
0.0
0.0
0.0
0.0
0.0
0.0
0.083
0.137
0.083
0.038
0.053
0.015
0.348
1.73
1.952
1.596
1.406
1.972
1.66
0.496
0.375
0.367
0.215
0.0
0.0
0.0
0.0
0.0
0.0
0.019
0.11
0.127
0.081
0.038
0.066
0.03
0.085
0.863
1.163
0.85
0.636
1.211
0.902
0.439
0.374
0.359
0.265
0.003
0.0
0.0
0.0
0.0
0.0
0.026
0.098
0.306
1.294
1.626
0.832
0.643
1.412
1.157
0.329
1.297
1.776
1.312
1.298
1.005
0.508
0.296
0.259
0.003
0.0
0.0
0.0
0.0
0.0
0.01
0.071
0.298
1.053
1.245
0.897
0.686
1.101
0.782
0.24
1.138
1.776
1.312
1.298
1.005
0.448
0.206
0.214
0.003
0.0
0.0
0.0
0.0
0.0
0.004
0.039
0.083
0.632
0.895
0.485
0.451
0.679
0.657
0.323
0.97
1.494
1.353
1.715
1.322
0.469
0.235
0.207
0.027
0.026
0.025
0.029
0.021
0.03
0.028
0.096
0.108
0.289
0.528
0.39
0.133
0.301
0.486
0.357
0.787
1.138
0.971
1.358
0.945
0.277
0.193
0.211
0.05
0.051
0.054
0.048
0.047
0.059
0.046
0.143
0.138
0.092
0.101
0.137
0.128
0.32
0.526
0.328
0.421
0.751
0.818
1.106
0.897
0.303
