0.0
0.0
0.0
0.0
0.0
0.0
0.0
0.0
0.0
0.0
0.0
0.0
0.0
0.0
0.0
0.0
0.0
0.0
0.0
0.0
0.0
0.0
0.0
0.0
0.0
0.0
0.0
0.0
0.0
0.0
0.0
0.0
0.0
0.0
0.0
0.0
0.0
0.0
0.0
0.0
0.0
0.0
0.0
0.0
0.0
0.0
0.0
0.0
0.0
0.0
0.0
0.0
0.0
0.0
0.0
0.0
0.0
0.0
0.0
0.0
0.0
0.0
0.0
0.0
0.0
0.0
0.0
0.0
0.0
0.0
0.0
0.0
0.0
0.0
0.0
0.0
0.0
0.0
0.0
0.0
0.0
0.0
0.0
0.0
0.0
0.0
0.0
0.0
0.0
0.0
0.0
0.0
0.0
0.0
0.0
0.0
0.0
0.0
0.0
0.0
0.0
0.0
0.0
0.0
0.0
0.0
0.0
0.0
0.0
0.0
0.0
0.0
0.0
0.0
0.0
0.0
0.0
0.0
0.0
0.0
0.0
0.0
0.0
0.0
0.0
0.0
0.0
0.0
0.0
0.0
0.0
0.0
0.0
0.0
0.0
0.0
0.0
0.0
0.0
0.0
0.0
0.0
0.0
0.0
0.0
0.0
0.0
0.0
0.0
0.0
0.0
0.0
0.0
0.0
0.0
0.0
0.0
0.0
0.0
0.0
0.0
0.0
0.0
0.0
0.0
0.0
0.0
0.0
0.0
0.0
0.0
0.0
0.0
0.0
0.0
0.0
0.0
0.0
0.0
0.0
0.0
0.0
0.0
0.0
0.0
0.0
0.0
0.0
0.0
0.0
0.0
0.0
0.0
0.0
0.0
0.0
0.0
0.0
0.0
0.0
0.0
0.0
0.0
0.0
0.0
0.0
0.0
0.0
0.0
0.0
0.0
0.0
0.0
0.0
0.0
0.0
0.0
0.0
0.0
0.0
0.0
0.0
0.0
0.0
0.0
0.0
0.0
0.0
0.0
0.0
0.0
0.0
0.0
0.0
0.0
0.0
0.0
0.0
0.0
0.0
0.0
0.0
0.0
0.0
0.0
0.0
0.0
0.0
0.0
0.0
0.0
0.0
0.0
0.0
0.0
0.0
0.0
0.0
0.0
0.0
0.0
0.0
0.0
0.0
0.0
0.0
0.0
0.0
0.0
0.0
0.0
0.0
0.0
0.0
0.0
0.0
0.0
0.0
0.0
0.0
0.0
0.0
0.0
0.0
0.0
0.0
0.0
0.0
0.0
0.0
0.0
0.0
0.0
0.0
0.0
0.0
0.0
0.0
0.0
0.0
0.0
0.0
0.0
0.0
0.0
0.0
0.0
0.0
0.0
0.0
0.0
0.0
0.0
0.0
0.0
0.0
0.0
0.0
0.0
0.0
0.0
0.0
0.0
0.0
0.0
0.0
0.0
0.0
0.0
0.0
0.0
0.0
0.0
0.0
0.0
0.0
0.0
0.0
0.0
0.0
0.0
0.0
0.0
0.0
0.0
0.0
0.0
0.0
0.0
0.0
0.0
0.0
0.0
0.0
0.0
0.0
0.0
0.0
0.0
0.0
0.0
0.0
0.0
0.0
0.0
0.0
0.0
0.0
0.0
0.0
0.0
0.0
0.0
0.0
0.0
0.0
0.0
0.0
0.0
0.0
0.0
0.0
0.0
0.0
0.0
0.0
0.0
0.0
0.0
0.0
0.0
0.0
0.0
0.0
0.0
0.0
0.0
0.0
0.0
0.0
0.0
0.0
0.0
0.0
0.0
0.0
0.0
0.0
0.0
0.0
0.0
0.0
0.0
0.0
0.0
0.0
0.0
0.0
0.0
0.0
0.0
0.0
0.0
0.0
0.0
0.0
0.0
0.0
0.0
0.0
0.0
0.0
0.0
0.0
0.0
0.0
0.0
0.0
0.0
0.0
0.0
0.0
0.0
0.0
0.0
0.0
0.0
0.0
0.0
0.0
0.0
0.0
0.0
0.0
0.0
0.0
0.0
0.0
0.0
0.0
0.0
0.0
0.0
0.0
0.0
0.0
0.0
0.0
0.0
0.0
0.0
0.0
0.0
0.0
0.0
0.0
0.0
0.0
0.0
0.0
0.0
0.0
0.0
0.0
0.0
0.0
0.0
0.0
0.0
0.0
0.0
0.0
0.0
0.0
0.0
0.0
0.0
0.0
0.0
0.0
0.0
0.0
0.0
0.0
0.0
0.0
0.0
0.0
0.0
0.0
0.0
0.0
0.0
0.0
0.0
0.0
0.0
0.0
0.0
0.0
0.0
0.0
0.0
0.0
0.0
0.0
0.0
0.0
0.0
0.0
0.0
0.0
0.0
0.0
0.0
0.0
0.0
0.0
0.0
0.0
0.0
0.0
0.0
0.0
0.0
0.0
0.0
0.0
0.0
0.0
0.0
0.0
0.0
0.0
0.0
0.0
0.0
0.0
0.0
0.0
0.0
0.0
0.0
0.0
0.0
0.0
0.0
0.0
0.0
0.0
0.0
0.0
0.0
0.0
0.0
0.0
0.0
0.0
0.0
0.0
0.0
0.0
0.0
0.0
0.0
0.0
0.0
0.0
0.0
0.0
0.0
0.0
0.0
0.0
0.0
0.0
0.0
0.0
0.0
0.0
0.0
0.0
0.0
0.0
0.0
0.0
0.0
0.0
0.0
0.0
0.0
0.0
0.0
0.0
0.0
0.0
0.0
0.0
0.0
0.0
0.0
0.0
0.0
0.0
0.0
0.0
0.0
0.0
0.0
0.0
0.0
0.0
0.0
0.0
0.0
0.0
0.0
0.0
0.0
0.0
0.0
0.0
0.0
0.0
0.0
0.0
0.0
0.0
0.0
0.0
0.0
0.0
0.0
0.0
0.0
0.0
0.0
0.0
0.0
0.0
0.0
0.0
0.0
0.0
0.0
0.0
0.0
0.0
0.0
0.0
0.0
0.0
0.0
0.0
0.0
0.0
0.0
0.0
0.0
0.0
0.0
0.0
0.0
0.0
0.0
0.0
0.0
0.0
0.0
0.0
0.0
0.0
0.0
0.0
0.0
0.0
0.0
0.0
0.0
0.0
0.0
0.0
0.0
0.0
0.0
0.0
0.0
0.0
0.0
0.0
0.0
0.0
0.0
0.0
0.0
0.0
0.0
0.0
0.0
0.0
0.0
0.0
0.0
0.0
0.0
0.0
0.0
0.0
0.0
0.0
0.0
0.0
0.0
0.0
0.0
0.0
0.0
0.0
0.0
0.0
0.0
0.0
0.0
0.0
0.0
0.0
0.0
0.0
0.0
0.0
0.0
0.0
0.0
0.0
0.0
0.0
0.0
0.0
0.0
0.0
0.0
0.0
0.0
0.0
0.0
0.0
0.0
0.0
0.0
0.0
0.0
0.0
0.0
0.0
0.0
0.0
0.0
0.0
0.0
0.0
0.0
0.0
0.0
0.0
0.0
0.0
0.0
0.0
0.0
0.0
0.0
0.0
0.0
0.0
0.0
0.0
0.0
0.0
0.0
0.0
0.0
0.0
0.0
0.0
0.0
0.0
0.0
0.0
0.0
0.0
0.0
0.0
0.0
0.0
0.0
0.0
0.0
0.0
0.0
0.0
0.0
0.0
0.0
0.0
0.0
0.0
0.0
0.0
0.0
0.0
0.0
0.0
0.0
0.0
0.0
0.0
0.0
0.0
0.0
0.0
0.0
0.469
0.396
0.331
0.345
0.302
0.322
0.326
1.175
1.522
1.152
1.611
2.508
0.906
0.52
0.532
0.734
1.469
4.218
2.126
1.757
0.976
0.848
0.692
0.612
0.536
0.414
0.326
0.34
0.32
0.308
0.359
0.296
2.057
2.732
1.304
2.105
0.86
0.681
0.681
0.893
2.096
4.744
2.259
1.84
1.271
1.278
1.306
0.678
0.612
0.448
0.352
0.352
0.363
0.337
0.37
0.34
2.06
3.136
2.393
2.108
1.022
0.782
0.929
0.943
2.096
5.109
2.588
1.934
1.271
1.304
1.371
0.875
0.642
0.464
0.389
0.401
0.388
0.382
0.398
0.366
2.756
5.486
2.555
2.167
1.022
0.821
0.929
1.428
2.101
3.574
2.818
2.269
1.537
1.301
1.397
0.608
0.568
0.364
0.418
0.341
0.35
0.39
0.309
1.266
2.445
3.932
3.274
1.519
4.62
1.227
0.72
4.311
2.719
1.621
1.791
1.651
1.756
1.017
0.678
0.608
0.66
0.541
0.507
0.341
0.337
0.404
0.321
1.266
2.71
5.389
2.407
1.063
2.669
1.199
0.749
4.311
2.719
1.788
2.767
2.568
3.386
1.813
2.002
0.914
0.753
0.484
0.403
0.409
0.396
0.402
0.391
0.372
1.849
5.781
3.146
2.318
2.054
1.421
1.347
1.586
2.249
2.322
1.643
1.016
1.532
1.338
1.428
0.993
0.865
0.545
0.395
0.409
0.403
1.23
1.086
0.469
2.154
5.684
2.842
1.165
2.141
1.364
1.253
1.383
1.615
2.322
1.6
1.016
1.349
1.234
1.428
0.973
0.857
0.558
0.41
0.415
0.4
1.23
1.069
0.483
1.898
4.612
4.23
1.227
2.082
1.612
1.737
1.305
1.36
2.714
1.849
1.528
1.675
0.958
0.984
1.012
0.869
0.557
0.427
0.44
0.394
1.249
1.991
0.587
2.916
4.423
3.309
1.358
1.963
1.534
1.491
1.305
1.36
2.365
1.421
1.392
1.553
0.958
1.079
0.849
0.869
0.583
0.407
0.429
0.399
1.205
1.963
0.569
2.388
3.327
3.53
1.721
3.006
1.955
1.806
0.837
1.234
2.111
0.803
1.324
1.18
1.604
2.124
1.036
0.667
0.593
0.507
0.323
0.37
0.404
0.321
0.397
1.833
5.389
2.407
1.668
4.32
1.934
1.977
6.199
2.524
2.129
2.734
1.987
2.596
3.23
2.559
1.013
0.734
0.726
0.466
0.298
0.348
0.34
0.35
0.38
1.502
5.395
1.55
1.668
4.767
5.714
2.382
4.265
2.584
2.214
3.185
1.987
2.596
3.23
2.559
1.176
0.812
0.615
0.455
0.465
0.487
1.394
3.16
0.564
2.388
3.452
3.699
1.669
1.954
1.332
1.327
0.548
0.758
1.371
0.752
1.319
1.243
1.761
2.047
1.086
0.72
0.536
0.446
0.465
0.471
0.555
2.449
1.415
2.346
3.305
3.629
1.669
2.279
1.618
1.312
0.502
0.762
1.386
0.945
1.638
2.281
1.71
2.047
1.005
0.63
0.509
0.408
0.436
0.477
1.63
2.898
1.396
1.94
2.836
1.833
1.132
1.882
1.876
1.286
0.409
0.38
1.155
1.283
1.217
2.915
1.775
2.414
1.03
0.539
0.481
0.371
0.422
0.471
2.043
2.535
1.733
2.0
3.175
2.321
1.249
1.87
1.876
1.286
0.433
0.545
1.87
1.585
1.353
3.023
1.868
2.224
0.97
0.453
0.41
0.357
0.393
0.455
2.446
3.944
1.733
1.904
2.173
2.158
1.717
1.208
1.399
0.944
0.343
0.673
2.211
2.097
1.437
3.871
1.241
1.131
1.146
0.801
0.603
0.357
0.35
0.386
0.286
0.34
0.36
2.326
5.155
3.659
1.513
4.767
5.714
2.382
4.265
2.584
2.214
1.184
1.208
1.325
2.669
1.41
1.776
0.801
0.575
0.315
0.406
0.404
0.325
0.345
0.323
2.598
5.627
5.499
2.335
1.627
5.949
0.994
1.179
0.956
2.875
1.811
1.526
1.854
2.104
0.903
0.597
0.409
0.37
0.326
0.368
0.425
2.928
3.164
1.721
1.82
1.291
1.199
1.928
1.241
1.394
1.351
0.445
0.862
2.288
2.2
1.508
4.162
1.599
1.636
0.624
0.454
0.395
0.393
0.433
0.459
2.928
3.847
0.832
1.628
1.172
1.104
1.86
1.257
1.131
1.329
0.514
1.365
2.636
2.2
1.332
3.357
1.931
1.876
0.624
0.42
0.372
0.397
0.453
0.46
2.242
5.023
1.052
1.716
1.226
1.147
2.546
1.74
0.679
0.805
0.949
2.208
2.409
2.011
1.618
2.584
2.912
1.814
0.481
0.426
0.371
0.416
0.435
0.445
2.03
5.818
0.594
1.07
1.205
1.207
2.373
2.176
0.908
1.001
0.923
2.19
2.147
2.587
1.692
2.798
4.726
2.763
0.948
0.465
0.377
0.42
0.461
1.258
1.92
5.129
0.596
0.963
0.907
1.011
1.474
1.852
1.255
1.036
0.956
2.056
2.266
2.699
1.512
2.049
4.726
3.329
1.776
0.794
0.585
0.364
0.406
0.42
0.322
0.284
0.341
2.598
5.41
5.773
4.346
1.937
2.507
1.614
1.296
1.874
4.272
3.314
5.32
3.517
2.104
0.728
1.728
0.552
0.586
0.365
0.402
0.42
0.322
1.633
0.85
0.918
4.883
5.194
4.346
1.937
2.507
1.614
1.296
1.874
4.272
3.314
5.32
3.517
1.87
0.728
0.901
0.407
0.333
0.388
0.416
1.214
1.407
5.437
1.19
1.419
1.693
1.17
1.155
2.132
1.588
0.651
1.015
1.903
2.266
2.697
1.552
3.116
5.869
3.053
1.02
0.522
0.361
0.344
0.376
1.18
1.491
5.4
1.121
1.378
1.693
1.567
1.303
1.751
1.588
2.001
0.94
1.436
2.869
2.697
1.606
3.046
5.548
3.006
1.02
0.522
0.379
0.34
0.36
1.164
1.862
4.489
0.9
1.28
1.636
1.567
0.607
1.362
1.98
2.185
0.489
0.713
2.985
2.714
1.895
2.717
4.449
2.594
1.037
0.517
0.376
0.35
0.37
1.296
2.517
3.63
0.877
1.066
1.714
1.259
0.541
0.92
1.848
2.04
0.492
1.086
2.978
2.013
2.309
3.042
2.522
1.581
0.517
0.483
0.39
0.344
0.336
0.485
3.007
3.443
0.879
1.371
2.795
1.771
0.667
0.973
1.921
2.276
0.825
1.619
3.109
1.831
2.471
3.761
2.411
0.729
0.505
0.531
0.586
0.365
0.354
0.41
0.276
1.635
0.85
0.318
2.439
3.558
2.65
1.316
1.524
1.548
0.652
1.637
3.554
3.137
5.064
4.518
0.94
0.769
1.767
1.217
0.434
0.316
0.361
0.374
0.302
1.689
0.847
1.051
1.727
1.42
0.413
0.647
2.678
1.668
1.86
0.958
1.425
1.521
1.452
3.232
0.971
0.965
0.483
0.467
0.415
0.344
0.336
0.478
3.314
3.216
0.294
0.883
2.002
1.625
0.621
0.727
2.271
2.274
1.222
2.222
3.91
1.74
2.659
2.29
0.582
1.595
0.326
0.326
0.368
0.32
0.321
0.497
3.314
2.851
0.318
0.905
2.026
1.246
0.49
0.976
2.271
0.88
1.171
2.222
3.276
1.749
2.659
2.301
1.164
1.597
0.33
0.309
0.375
0.328
0.31
0.728
3.43
2.488
0.347
1.399
2.403
1.773
0.536
0.944
1.681
0.604
1.172
2.169
3.572
1.641
2.244
2.331
1.209
1.589
0.302
0.332
0.386
0.304
0.304
0.613
3.164
2.433
0.347
1.353
1.879
1.465
0.501
1.006
1.588
0.624
1.172
1.881
3.594
2.277
3.761
1.969
1.768
1.608
0.315
0.335
0.386
0.295
0.322
0.607
3.128
1.999
0.343
1.023
0.738
0.917
0.366
0.904
1.137
0.328
0.826
1.414
3.178
2.204
3.605
2.907
1.83
1.608
2.028
1.458
0.487
0.328
0.397
0.342
0.309
0.372
0.334
1.051
3.733
2.396
2.223
1.882
2.906
2.575
5.031
2.273
1.738
2.976
2.623
4.276
2.306
1.404
2.859
1.655
0.487
0.331
0.401
0.31
0.345
0.452
0.415
1.281
4.384
3.018
5.014
4.019
2.906
2.642
5.031
2.273
1.738
2.976
2.623
3.126
2.306
1.404
0.315
0.356
0.374
0.295
0.322
0.606
3.24
1.475
0.885
1.062
0.738
1.158
0.509
1.057
0.435
0.313
0.279
1.775
2.23
3.059
3.474
3.107
3.225
0.774
0.318
0.358
0.381
0.296
0.318
0.75
3.353
0.784
0.865
1.059
1.113
1.208
0.492
0.808
0.7
0.335
0.336
1.643
2.371
3.059
3.474
3.135
3.566
0.747
0.32
0.375
0.372
0.284
0.345
0.544
3.046
1.607
0.853
0.651
0.857
0.849
0.802
1.039
1.387
0.586
0.396
1.596
2.688
2.78
3.327
3.199
3.565
0.788
0.32
0.365
0.346
0.308
0.361
0.526
3.016
2.376
0.87
0.466
0.878
0.849
1.779
1.373
1.412
0.639
0.5
1.521
2.843
2.31
1.37
3.502
3.016
0.75
0.317
0.356
0.353
0.333
0.369
0.529
3.005
3.272
0.895
0.466
0.856
0.845
1.799
1.373
1.608
1.191
0.634
2.014
3.813
2.053
1.326
1.902
3.058
0.769
1.696
0.983
0.395
0.318
0.391
0.282
0.32
0.412
0.443
2.548
4.607
3.018
5.014
4.386
2.454
2.691
3.86
1.9
2.821
2.669
2.97
2.849
2.186
1.34
1.861
0.879
0.265
0.318
0.391
0.341
0.356
0.388
0.443
4.318
3.985
3.45
5.493
4.386
2.173
2.691
0.921
1.359
2.041
4.542
1.861
1.387
0.768
1.971
0.322
0.346
0.346
0.37
0.4
0.538
2.778
3.36
0.332
0.463
0.866
0.585
1.826
1.365
2.021
1.362
0.634
1.934
3.813
1.245
1.413
2.536
2.315
1.188
0.342
0.35
0.359
0.429
0.407
0.39
2.817
3.36
0.352
0.498
0.833
0.695
1.831
1.794
1.724
1.362
0.743
2.557
4.794
1.5
1.486
2.524
1.466
1.34
0.452
0.36
0.4
0.457
0.409
0.36
2.685
2.722
1.053
0.669
1.558
0.724
1.593
1.732
1.122
1.839
1.401
3.556
4.066
3.609
1.689
2.579
1.586
1.363
0.474
0.403
0.454
0.458
0.409
0.624
2.611
1.961
1.041
0.672
2.215
1.15
1.553
1.51
1.113
1.816
1.309
3.556
3.731
3.836
2.34
2.431
2.688
1.422
0.498
0.455
0.474
0.458
0.427
0.654
2.502
1.984
1.062
0.803
2.236
1.482
1.822
1.51
0.898
1.296
1.245
3.933
2.69
4.815
3.148
2.602
2.701
1.422
1.565
0.645
0.404
0.366
0.388
0.409
0.407
0.377
0.977
5.663
5.993
3.382
4.922
2.237
2.011
3.154
1.328
1.798
2.214
5.07
2.656
1.857
0.95
1.808
1.565
0.647
0.468
0.388
0.45
0.424
0.421
0.43
1.257
5.594
10.379
3.382
4.922
0.616
1.199
1.987
1.328
1.798
2.167
5.757
2.322
1.599
2.308
1.898
0.522
0.471
0.474
0.446
0.438
0.646
2.896
2.52
1.103
0.803
2.249
1.482
1.699
1.361
0.616
1.143
1.251
4.572
2.69
4.815
2.956
1.815
2.311
1.174
0.558
0.486
0.52
0.409
0.47
1.358
2.624
2.343
1.185
0.759
2.413
1.307
1.699
0.873
0.641
1.143
1.11
4.231
1.601
4.602
3.146
1.822
2.311
1.046
0.499
0.486
0.497
0.421
0.471
1.387
3.17
2.541
0.517
0.61
1.684
1.669
1.655
1.184
0.555
0.443
0.645
3.954
2.324
2.567
2.869
2.945
2.315
0.969
0.499
0.476
0.491
0.41
0.471
1.17
3.154
2.57
0.522
0.732
1.369
1.435
0.906
1.006
0.56
0.485
0.759
3.947
2.342
2.739
2.255
3.213
1.373
0.939
0.52
0.447
0.481
0.424
0.49
1.153
3.32
1.879
0.801
0.767
2.173
1.139
0.795
1.067
0.561
0.465
0.699
3.1
3.034
2.09
1.4
3.867
1.468
0.961
1.399
0.682
0.572
0.534
0.629
0.529
0.542
0.598
1.257
5.476
10.379
1.866
2.919
1.313
0.988
2.596
1.751
1.863
2.426
2.823
2.646
3.467
3.909
0.722
1.382
0.762
0.567
0.545
0.629
0.529
0.505
0.564
0.866
2.731
6.907
1.393
0.765
1.381
0.976
1.368
1.158
2.387
3.91
2.734
3.694
3.016
4.282
1.277
0.52
0.431
0.481
0.449
0.479
1.153
3.146
1.182
0.789
0.767
2.173
1.13
0.796
0.976
0.422
0.45
1.018
2.179
3.228
2.09
1.4
3.867
1.2
0.994
0.482
0.402
0.434
0.46
0.45
1.104
2.77
1.182
0.717
0.796
2.126
1.196
0.984
1.012
0.462
0.45
1.675
3.183
3.986
2.665
1.46
5.144
1.316
0.998
0.448
0.395
0.438
0.439
0.435
1.075
2.483
1.088
0.866
2.207
3.414
0.764
1.087
0.646
0.694
0.466
1.471
2.475
3.266
2.783
1.896
4.074
1.173
1.027
0.519
0.385
0.415
0.466
0.45
1.066
3.297
1.215
0.971
3.52
3.434
0.643
0.888
0.633
0.698
0.626
1.628
4.346
4.483
2.488
1.945
3.425
1.064
1.002
0.481
0.367
0.418
0.474
0.406
1.055
3.296
1.152
1.102
3.583
2.656
0.686
0.78
0.628
0.718
0.652
1.756
4.733
3.968
2.274
2.086
2.755
1.064
1.801
1.394
0.95
0.567
0.545
0.612
0.563
0.504
0.564
0.869
2.731
0.96
2.03
1.688
1.614
0.976
1.368
1.158
2.387
3.596
1.776
3.833
3.465
4.282
1.247
1.428
0.95
0.491
0.412
0.465
0.49
0.388
0.398
0.869
2.798
0.884
2.03
1.506
1.34
0.957
1.069
2.932
2.69
3.067
1.307
3.833
1.733
2.546
1.257
0.927
0.373
0.457
0.468
0.399
1.057
3.272
1.726
1.428
3.864
2.785
1.021
1.019
0.671
0.839
0.658
1.458
4.133
4.17
2.399
3.232
3.529
1.243
1.654
0.473
0.363
0.436
0.468
0.395
0.393
3.272
1.726
1.428
3.864
2.34
1.003
0.84
0.671
0.793
0.658
0.812
3.156
3.128
1.937
3.075
2.237
1.175
1.652
0.482
0.362
0.42
0.461
0.399
0.384
2.599
1.533
1.249
2.397
0.936
0.946
0.704
0.537
0.549
0.647
0.779
3.077
2.697
1.632
3.074
2.124
1.188
1.691
0.62
0.476
0.533
0.47
0.371
0.367
1.745
1.336
1.183
1.194
0.649
1.283
0.882
0.741
0.771
0.547
1.384
1.888
1.573
1.821
3.023
2.174
1.674
1.884
0.672
0.564
0.588
0.488
0.407
0.423
1.029
1.347
1.527
1.137
1.289
1.326
1.627
2.372
1.332
1.76
2.5
2.197
2.65
2.244
3.298
2.424
2.014
1.772
1.013
0.889
0.438
0.398
0.448
0.491
0.388
0.401
0.709
3.415
4.371
3.093
1.901
1.697
0.85
0.861
2.842
1.638
0.705
1.003
1.565
1.395
0.803
0.611
0.859
1.003
0.67
0.489
0.526
0.506
0.449
0.455
0.526
3.415
4.235
3.633
1.091
2.382
1.838
1.414
3.068
1.822
1.005
2.956
2.292
1.389
1.46
1.397
1.388
0.983
0.936
0.836
0.632
0.621
0.673
0.796
1.938
2.074
1.331
2.036
1.777
2.37
1.238
1.771
2.52
2.454
2.835
2.631
2.584
2.215
2.546
2.087
1.66
1.073
1.013
0.925
0.752
0.727
0.739
0.876
2.625
2.209
1.72
2.102
1.962
2.528
1.515
1.87
2.688
3.292
3.263
3.038
2.584
2.215
2.697
2.133
1.66
1.073
1.013
0.931
0.788
0.761
0.749
1.863
3.023
2.763
2.084
3.166
2.415
2.643
1.515
1.87
2.85
3.292
3.263
3.038
4.157
2.173
2.697
2.133
1.614
0.985
0.944
0.923
0.788
0.761
0.749
2.472
3.023
2.673
2.084
2.866
2.963
3.241
1.298
1.796
2.428
2.731
3.717
3.318
4.389
2.42
2.606
2.931
1.558
0.94
0.916
0.938
0.817
0.766
0.716
3.17
2.438
2.569
1.928
2.803
2.366
1.633
1.271
0.7
1.276
2.282
3.18
3.339
4.391
2.119
2.284
2.703
1.267
1.843
0.765
0.567
0.576
0.539
0.556
0.582
0.64
2.976
5.286
3.633
1.487
2.382
1.838
2.426
1.571
0.829
2.872
4.026
3.492
1.964
3.431
4.26
1.55
1.843
0.775
0.635
0.675
0.584
0.615
0.656
0.708
2.042
4.984
3.4
1.42
1.996
1.788
2.426
1.571
0.829
3.164
4.026
3.492
4.107
4.135
4.26
1.55
0.538
0.554
0.593
0.611
0.619
0.552
3.072
1.872
1.352
1.785
2.34
2.612
2.229
1.847
0.82
1.591
2.643
2.838
3.515
4.462
1.754
2.321
2.441
0.71
0.466
0.495
0.5
0.495
0.511
0.486
3.472
1.344
1.69
1.634
2.212
2.925
2.684
1.623
0.817
1.549
2.166
2.913
3.485
4.462
1.936
3.5
2.916
0.665
0.465
0.475
0.482
0.493
0.491
0.469
2.549
1.073
1.139
1.298
1.136
2.855
3.176
1.893
0.905
1.502
2.92
2.913
3.485
3.184
2.006
3.5
2.916
0.67
0.491
0.501
0.512
0.523
0.5
0.469
2.165
1.025
1.19
1.388
1.614
2.17
2.594
2.209
1.212
1.16
4.873
2.464
3.777
3.016
1.82
3.204
1.979
0.662
0.552
0.491
0.464
0.46
0.443
0.464
1.392
1.001
1.652
2.014
2.082
2.173
2.594
1.872
1.587
1.297
6.021
3.479
4.241
2.904
1.936
3.12
1.594
0.65
1.626
0.621
0.614
0.648
0.584
0.615
0.656
0.708
2.214
6.045
2.654
1.42
0.758
0.849
1.835
1.316
0.69
3.164
2.516
2.669
8.286
4.135
3.993
0.997
1.207
0.556
0.582
0.581
0.547
0.558
0.584
2.491
1.568
6.045
1.5
0.797
0.318
0.493
0.466
0.344
0.469
1.027
1.257
2.199
8.286
3.539
1.23
1.171
0.56
0.507
0.484
0.465
0.431
0.462
1.367
1.001
1.652
2.014
2.124
1.798
2.117
1.323
1.545
0.945
6.521
4.79
5.166
2.401
1.624
2.338
1.296
1.137
0.657
0.505
0.483
0.485
0.464
0.469
1.522
1.019
1.2
1.943
2.212
1.373
2.332
1.378
2.01
1.213
6.521
5.042
5.921
2.51
1.624
1.487
1.141
1.137
0.657
0.476
0.452
0.465
0.464
0.466
1.579
1.185
1.125
1.932
2.669
1.018
1.829
1.156
2.01
1.149
5.879
5.042
5.921
2.418
1.53
2.447
2.012
1.12
0.657
0.489
0.414
0.437
0.456
0.464
1.568
1.344
1.078
1.846
2.71
1.209
1.822
0.964
1.664
1.186
4.156
5.506
6.162
2.853
1.739
2.649
2.012
1.095
0.561
0.471
0.432
0.461
0.456
0.433
1.568
1.344
0.666
0.845
2.381
1.209
1.884
2.218
1.238
1.119
2.879
4.409
5.642
2.688
2.03
3.356
2.018
1.147
1.563
0.645
0.575
0.438
0.445
0.447
0.445
2.354
1.568
3.915
1.239
1.039
1.017
0.716
0.573
0.558
0.597
2.938
2.42
2.865
6.532
2.46
0.966
1.192
1.563
0.607
0.526
0.466
0.475
0.476
0.426
2.354
1.312
1.934
2.085
1.311
1.472
2.771
1.814
1.052
1.158
6.637
4.205
3.47
2.933
1.539
1.39
1.192
0.555
0.426
0.389
0.424
0.421
0.427
1.514
1.34
0.657
0.905
1.885
1.053
2.715
2.405
1.238
1.148
1.892
3.75
4.087
2.975
2.189
3.491
2.13
0.682
0.689
0.418
0.4
0.431
0.405
0.396
0.858
1.915
1.079
0.935
1.841
1.63
2.414
2.425
0.797
0.998
1.964
3.742
3.602
3.306
3.472
3.165
1.781
0.731
0.723
0.461
0.431
0.439
0.391
0.394
0.697
1.815
1.889
1.084
1.326
1.533
2.448
2.474
0.836
1.037
1.857
3.695
3.256
3.302
3.855
2.353
0.949
0.77
0.721
0.422
0.435
0.448
0.396
0.386
0.409
2.627
2.503
1.178
1.182
1.908
2.441
2.453
0.908
0.998
1.636
3.709
2.709
3.124
3.855
3.623
1.208
0.77
0.721
0.452
0.441
0.442
0.414
0.419
0.404
3.28
2.49
1.178
1.281
2.57
2.381
1.493
0.962
0.96
1.91
3.88
3.167
3.278
4.028
3.591
1.188
0.729
1.196
0.851
0.73
0.493
0.478
0.488
0.506
2.415
0.785
1.063
2.085
1.96
1.82
3.072
3.219
1.239
1.35
6.637
4.205
3.47
2.933
1.539
1.551
1.685
0.887
0.668
0.627
0.676
0.698
0.772
0.738
2.714
1.921
1.416
4.71
1.55
1.584
3.072
3.219
1.247
1.551
5.015
2.985
3.786
3.885
2.202
1.551
1.757
0.718
0.448
0.441
0.442
0.407
0.402
1.127
3.434
2.49
1.622
1.742
2.564
1.803
1.36
0.962
1.009
1.952
3.16
3.373
3.569
4.156
3.817
1.687
1.071
0.583
0.533
0.435
0.432
0.387
0.402
1.14
2.972
2.218
1.975
1.956
1.963
1.437
1.263
0.853
2.645
2.862
3.113
3.266
3.942
2.962
3.817
1.689
1.035
0.555
0.501
0.408
0.406
0.381
0.414
1.226
3.638
1.642
1.95
1.956
1.995
1.382
1.237
0.971
2.677
3.747
3.696
3.266
3.745
2.739
4.064
1.687
1.014
0.55
0.479
0.4
0.4
0.367
0.408
1.226
3.223
1.236
1.886
1.748
1.574
1.555
1.324
1.04
2.677
3.591
3.438
2.826
3.446
2.739
3.311
2.163
1.253
0.558
0.45
0.366
0.4
0.34
0.376
1.234
2.544
1.638
1.981
1.633
0.793
1.571
0.938
0.898
2.76
3.921
3.214
2.453
3.853
2.23
3.682
3.15
1.662
0.978
1.243
0.627
0.676
0.697
0.772
0.738
2.714
2.17
1.416
4.257
1.55
2.208
1.567
2.814
2.188
2.999
3.218
2.563
3.927
3.221
2.024
1.327
1.757
1.32
1.263
0.467
0.613
0.695
0.715
0.688
0.838
2.784
1.43
4.172
0.953
2.559
1.614
1.493
2.317
4.295
3.237
4.604
3.927
4.092
2.227
2.36
1.301
0.558
0.445
0.383
0.406
0.342
0.372
0.52
2.778
1.749
1.607
1.064
0.876
1.521
0.931
1.446
3.961
4.823
3.528
2.511
3.489
2.173
3.543
3.35
1.654
0.43
0.369
0.383
0.382
0.348
0.372
1.007
3.218
2.045
1.541
0.828
1.046
1.628
0.976
1.578
2.307
4.092
4.041
2.243
2.488
2.548
3.669
3.557
1.666
0.51
0.445
0.46
0.402
0.346
0.352
0.914
2.44
2.009
1.7
0.878
0.987
1.7
0.954
1.633
2.418
3.529
3.622
2.528
3.153
2.715
3.993
3.557
1.666
0.946
0.453
0.446
0.376
0.345
0.341
0.874
2.819
1.9
1.7
0.791
1.425
1.687
1.517
1.605
2.435
3.581
4.088
2.901
3.117
2.859
3.699
2.917
1.438
0.91
0.445
0.425
0.342
0.347
0.316
0.823
2.817
1.616
1.636
0.776
1.803
1.687
1.413
1.605
2.637
3.627
4.298
3.044
2.203
2.859
3.686
2.64
1.524
1.32
1.263
0.455
0.388
0.411
0.386
0.398
0.512
2.036
2.416
2.0
0.908
2.559
1.614
1.445
2.317
4.295
4.337
4.657
3.148
2.873
1.267
2.471
1.415
1.648
0.966
0.446
0.36
0.33
0.382
0.398
0.474
1.596
2.416
4.241
2.901
1.947
0.949
0.515
0.931
2.375
3.258
4.657
2.162
2.478
1.193
2.471
1.415
0.904
0.441
0.382
0.346
0.331
0.286
0.874
2.791
1.942
1.647
0.993
2.48
1.554
1.494
1.177
1.564
3.081
4.148
2.65
1.879
2.573
3.574
1.901
1.62
0.904
0.428
0.371
0.344
0.305
0.295
0.35
2.36
1.53
1.282
1.051
2.443
1.782
1.747
1.313
2.317
4.098
3.913
3.428
2.733
2.834
3.757
2.235
1.775
0.921
0.459
0.421
0.445
0.421
0.443
0.52
2.524
1.705
1.313
1.213
2.443
2.036
1.874
1.246
2.365
4.163
4.125
3.637
2.836
2.745
4.714
2.245
1.859
0.579
0.598
0.561
0.587
0.563
0.583
0.658
1.947
1.874
1.447
1.349
3.015
2.712
1.334
1.624
2.543
4.163
3.563
4.083
3.287
3.988
4.928
2.368
1.874
0.705
0.744
0.703
0.717
0.696
0.717
0.801
2.425
1.955
1.635
1.383
2.899
3.431
1.9
1.708
2.396
3.863
3.301
4.146
3.527
4.324
4.134
1.729
2.168
2.611
2.127
0.57
0.303
0.336
0.331
0.33
0.284
0.55
2.409
4.241
3.703
1.795
1.12
1.507
1.26
1.426
4.12
6.797
3.893
2.832
1.712
1.902
1.086
2.611
2.127
0.765
0.555
0.616
0.601
0.551
0.585
1.121
1.894
4.597
5.688
3.358
3.32
2.378
1.914
2.154
3.465
5.959
3.818
3.481
6.185
4.02
1.864
0.956
0.863
0.853
0.816
0.842
0.841
0.863
2.36
2.048
1.999
1.429
2.427
3.935
2.3
1.782
2.39
3.409
3.301
4.146
3.527
4.324
4.134
1.966
1.784
1.005
0.867
0.853
0.843
0.845
0.841
0.885
3.785
2.74
2.01
1.934
2.422
3.935
2.256
1.938
1.69
2.887
3.325
3.66
2.96
4.125
4.425
1.987
1.978
1.005
0.881
0.857
0.848
0.863
0.863
0.868
4.741
3.372
2.067
1.869
2.547
3.887
2.576
1.923
1.603
2.682
3.021
2.967
3.622
5.227
3.57
2.655
2.865
1.33
0.854
0.836
0.836
0.857
0.84
0.868
4.741
3.331
2.31
2.341
1.479
3.005
2.576
1.588
1.31
2.682
2.622
2.853
3.406
3.856
3.877
2.603
2.865
1.356
1.615
1.178
0.718
0.752
0.765
0.755
4.121
3.133
2.31
2.341
1.27
2.144
2.586
1.963
2.639
5.547
2.811
3.655
3.857
3.741
3.941
4.009
3.287
2.575
2.25
0.864
0.83
0.863
0.837
0.8
0.899
1.375
2.014
3.149
5.249
3.518
3.32
2.378
1.914
2.553
3.465
5.959
8.103
3.774
6.185
4.02
2.018
1.322
1.482
0.864
0.83
0.863
0.837
0.8
0.899
1.375
2.014
3.213
5.249
3.763
5.845
2.84
2.413
5.586
4.754
2.248
6.733
3.657
8.198
4.512
2.145
1.584
1.84
1.522
1.145
0.96
0.669
0.68
3.674
3.153
2.653
3.1
2.19
3.391
2.281
1.846
2.774
5.734
2.915
4.511
4.51
4.173
3.941
3.867
3.255
1.561
1.803
1.479
1.022
0.842
0.554
0.56
1.934
2.24
2.454
2.623
2.209
4.623
2.717
1.577
2.893
5.586
3.115
6.116
4.959
4.032
3.673
3.98
3.898
2.423
2.022
1.482
1.028
0.794
0.492
0.502
0.535
1.384
2.135
2.72
2.389
5.58
4.164
1.914
3.089
6.221
4.309
6.116
4.393
4.085
3.517
3.662
3.409
2.455
2.375
2.604
1.644
1.085
0.517
0.556
0.594
1.419
1.687
2.189
2.492
5.771
4.448
2.841
3.404
6.464
6.374
7.129
4.44
4.091
3.091
3.72
4.005
3.693
1.646
2.278
1.687
1.08
0.517
0.556
0.594
1.425
1.687
2.115
2.492
5.771
4.926
2.417
2.889
5.084
7.623
6.999
4.786
4.428
2.929
2.317
3.347
1.276
1.482
0.872
0.706
0.652
0.625
0.63
0.679
0.878
1.19
2.97
2.673
2.898
4.296
2.442
2.209
5.586
3.995
4.233
7.295
3.756
4.232
4.561
1.394
1.555
1.233
0.783
0.553
0.396
0.396
0.447
0.468
0.675
1.031
2.196
1.386
2.2
4.227
2.023
3.601
6.558
5.037
4.233
4.494
3.756
4.796
4.561
1.394
3.668
1.478
2.027
1.186
0.773
0.511
0.56
0.513
0.783
0.815
1.131
1.492
3.784
5.672
3.204
3.263
5.482
9.427
7.501
5.23
4.39
3.265
3.042
3.347
3.668
1.478
2.027
1.186
0.856
0.507
0.525
0.54
0.925
0.849
1.174
1.881
2.946
5.555
3.28
3.578
5.495
9.427
6.425
5.23
4.053
2.909
2.532
2.829
2.726
1.658
2.668
1.354
0.771
0.414
0.465
0.547
1.442
1.322
1.193
1.687
4.565
4.406
3.236
3.578
5.011
8.441
5.712
4.342
2.821
2.438
2.196
2.866
2.393
1.306
1.529
0.738
0.444
0.343
0.41
0.544
1.39
1.271
1.174
1.564
4.427
5.061
3.651
3.199
4.644
6.796
4.201
4.727
3.188
2.153
2.164
2.238
1.261
1.232
1.477
0.716
0.444
0.348
0.41
0.599
1.49
1.328
1.174
1.564
4.337
4.507
3.651
3.452
3.286
6.13
3.806
3.96
2.75
2.183
2.026
1.689
1.47
0.691
1.097
0.855
0.396
0.395
0.434
0.415
0.675
0.908
3.815
1.89
1.365
1.187
1.593
2.371
3.254
3.586
3.955
4.694
3.77
2.731
4.461
1.624
2.323
1.572
1.979
0.894
0.358
0.347
0.363
0.352
0.49
1.466
6.768
5.116
3.078
4.589
5.605
4.654
4.369
6.329
4.682
4.758
4.328
4.561
4.962
3.601
0.881
1.186
1.331
0.769
0.407
0.315
0.344
0.622
1.861
1.957
1.786
1.897
4.842
3.413
3.156
3.043
3.073
4.036
4.095
3.121
2.576
3.229
2.72
1.851
1.004
1.314
1.492
0.869
0.38
0.383
0.425
0.926
2.516
4.574
3.58
2.881
5.622
3.879
3.769
3.975
3.384
4.036
4.095
3.762
2.431
3.107
2.655
1.881
1.028
0.864
0.724
0.602
0.399
0.373
0.434
1.218
2.452
4.722
3.752
3.686
5.372
4.094
3.503
3.975
3.497
4.15
4.005
3.762
3.794
4.688
3.338
1.355
0.949
0.805
0.724
0.602
0.4
0.36
0.46
1.822
3.165
5.027
3.724
3.947
6.276
3.421
2.104
4.109
3.497
4.079
4.317
3.505
3.57
7.239
3.122
1.259
0.704
0.708
0.633
0.561
0.447
0.358
0.517
2.245
3.165
5.578
4.373
4.259
6.276
3.373
2.184
3.161
3.77
3.363
3.822
3.348
5.633
7.278
3.269
1.245
3.482
3.475
3.135
1.85
1.481
1.451
1.441
2.303
2.393
4.741
7.431
6.302
4.944
7.572
11.95
9.336
5.239
9.334
6.09
4.758
4.328
4.419
4.962
3.601
3.482
3.475
3.135
1.622
1.489
1.451
1.441
2.394
2.853
4.741
7.431
7.675
4.944
7.572
11.95
9.336
5.265
9.334
6.09
3.428
3.542
4.016
4.464
3.377
0.631
0.57
0.576
0.472
0.461
0.38
0.548
2.245
3.126
5.31
3.973
4.512
6.293
3.373
1.796
3.244
3.193
2.855
2.166
2.91
5.938
5.906
2.094
0.945
0.517
0.373
0.396
0.369
0.409
0.342
0.5
2.028
2.553
2.782
3.472
3.393
5.633
2.452
1.16
1.78
3.073
3.287
2.398
2.176
5.938
5.928
2.239
0.856
0.459
0.328
0.371
0.343
0.379
0.342
0.486
2.22
2.255
2.194
3.375
2.911
4.024
1.654
1.065
1.78
3.245
3.935
2.67
3.305
5.038
4.669
1.563
0.913
0.631
0.41
0.376
0.343
0.397
0.356
0.44
1.617
1.637
1.885
3.375
2.638
3.198
1.335
1.065
1.713
3.942
3.623
4.104
2.66
4.996
2.154
1.73
0.918
0.615
0.395
0.39
0.334
0.347
0.493
0.555
1.389
1.616
1.189
3.275
2.329
2.921
1.385
1.144
1.633
4.141
3.702
4.205
2.965
4.582
2.067
1.644
0.897
2.831
2.641
2.14
1.529
1.489
1.446
1.421
2.394
3.275
4.558
7.136
6.18
3.675
4.483
8.016
7.108
5.265
7.877
3.331
2.356
2.359
1.687
2.089
1.691
1.283
0.72
0.478
0.397
0.392
0.35
0.342
0.549
1.665
4.67
5.343
4.446
1.715
1.306
0.464
0.518
2.242
5.182
1.612
2.902
1.716
1.363
1.805
1.694
0.599
0.401
0.352
0.321
0.331
0.476
0.497
1.772
1.777
1.066
3.038
2.255
3.21
1.326
1.39
1.591
4.141
3.702
4.434
3.689
4.061
2.131
1.48
1.204
0.519
0.531
0.455
0.454
0.467
0.586
0.627
1.996
1.655
1.136
1.662
2.862
3.496
2.287
1.386
1.614
3.409
3.559
4.297
3.689
4.061
2.019
1.321
1.359
0.461
0.531
0.455
0.43
0.467
0.597
0.622
1.598
2.149
1.501
1.631
2.363
2.522
2.329
2.087
1.614
4.086
2.697
4.389
2.691
5.502
1.478
1.259
1.325
0.281
0.48
0.446
0.44
0.458
0.59
0.634
1.606
2.252
1.53
1.991
2.92
2.693
2.245
2.156
1.698
4.008
2.753
2.776
2.547
5.235
2.697
1.015
1.291
0.3
0.476
0.432
0.46
0.451
0.457
0.484
1.488
2.671
1.333
1.783
4.056
3.317
2.099
2.103
1.501
3.326
3.162
2.776
2.21
3.389
4.017
1.017
1.265
1.283
0.52
0.508
0.412
0.417
0.388
0.38
0.577
1.378
4.67
5.343
1.041
1.265
0.998
1.007
0.765
0.432
2.895
5.898
2.902
2.121
1.363
1.805
1.694
1.325
0.407
0.374
0.33
0.417
0.388
0.38
0.577
0.646
4.1
3.633
5.012
1.704
1.919
2.268
1.327
0.375
1.373
5.842
2.539
1.793
1.106
1.497
2.586
0.296
0.464
0.453
0.473
0.464
0.466
0.485
1.254
3.12
1.41
1.783
3.82
2.76
2.118
1.897
1.215
3.326
3.902
3.148
1.732
3.353
3.898
1.361
1.85
0.298
0.312
0.319
0.323
0.308
0.344
0.372
1.14
3.288
1.386
2.072
3.332
3.081
1.613
1.939
1.129
3.287
3.662
3.487
1.872
4.892
3.857
1.32
1.658
0.297
0.321
0.314
0.329
0.4
0.341
0.372
1.114
3.354
1.037
1.982
3.743
4.519
2.597
2.07
1.928
3.82
3.598
3.204
2.1
3.071
3.857
1.353
1.658
0.316
0.311
0.316
0.347
0.392
0.341
0.381
1.109
3.354
1.086
1.686
3.298
4.602
2.526
1.892
1.674
3.045
3.822
2.741
2.851
3.482
3.29
3.375
1.967
0.322
0.329
0.302
0.348
0.409
0.33
0.379
1.762
2.732
1.162
1.606
1.901
4.033
2.508
1.936
2.667
3.491
5.673
2.819
2.851
3.512
2.306
3.407
1.974
1.34
0.637
0.374
0.295
0.346
0.349
0.307
0.414
0.638
1.055
4.923
6.732
3.67
7.01
2.889
2.172
1.535
2.15
6.571
1.698
1.78
2.705
1.479
2.075
1.34
0.574
0.375
0.284
0.273
0.354
0.29
0.278
0.857
1.159
4.923
6.732
5.003
7.01
3.032
2.844
2.675
2.934
3.633
3.92
2.501
4.104
3.052
2.229
0.329
0.329
0.318
0.343
0.393
0.343
0.43
2.07
2.076
1.134
1.606
2.346
4.179
2.402
1.916
2.796
3.259
5.006
3.605
3.386
3.668
2.406
3.396
1.063
0.341
0.356
0.327
0.346
0.425
0.333
0.408
2.014
2.094
1.094
1.613
2.319
3.653
2.171
1.752
2.747
3.82
5.864
4.044
3.784
2.464
2.596
4.356
1.063
0.37
0.367
0.332
0.348
0.343
0.322
1.111
2.349
1.685
1.078
1.464
1.768
2.059
0.952
0.836
1.97
2.68
5.94
4.307
3.354
2.456
2.648
4.356
1.073
0.373
0.356
0.326
0.328
0.328
0.314
1.158
2.539
1.678
0.986
1.454
1.723
2.228
1.027
0.836
1.961
2.68
5.716
4.56
2.838
2.711
2.316
4.227
1.044
0.366
0.36
0.36
0.33
0.322
0.349
1.2
1.88
1.856
1.063
1.233
2.176
2.167
1.049
0.804
0.884
2.064
3.75
5.343
2.976
2.949
2.832
4.402
1.16
0.878
0.609
0.389
0.306
0.325
0.371
0.312
0.303
0.857
2.782
5.137
4.506
5.003
6.7
3.032
2.844
2.675
2.934
3.633
5.804
3.479
6.03
4.569
0.597
1.785
0.5
0.459
0.42
0.472
0.457
0.417
0.597
0.951
3.276
2.522
2.783
3.013
1.517
1.842
1.684
1.573
1.596
2.454
5.804
3.479
5.801
4.569
0.665
0.366
0.37
0.381
0.332
0.325
0.344
1.155
1.391
1.93
1.11
1.601
1.819
1.727
1.132
0.821
0.813
2.254
3.75
4.196
2.173
2.589
3.384
4.846
2.214
0.421
0.359
0.379
0.333
0.299
0.365
1.142
1.333
1.632
1.191
1.581
1.8
1.554
0.923
0.807
1.369
2.491
2.934
3.381
1.711
2.291
3.828
4.081
2.214
0.396
0.346
0.383
0.332
0.299
0.375
0.423
1.45
1.487
1.27
1.581
1.894
1.512
1.066
1.492
1.608
2.447
3.322
4.042
2.648
2.449
3.828
4.081
2.205
0.373
0.346
0.383
0.329
0.298
0.375
0.362
2.352
1.426
1.27
1.515
2.075
1.038
1.055
1.492
1.937
2.447
3.257
3.791
3.046
2.358
4.814
2.924
2.405
0.433
0.33
0.361
0.719
0.294
0.34
0.779
2.406
1.171
1.576
1.678
1.637
1.459
1.167
1.425
1.937
2.398
2.631
2.71
2.914
2.184
4.35
2.811
2.29
1.785
0.5
0.43
0.403
0.472
0.433
0.411
0.597
0.674
3.276
2.522
4.022
2.471
0.318
0.426
0.469
0.409
0.375
2.046
3.549
2.445
6.951
4.005
1.2
1.995
0.497
0.428
0.459
0.474
0.422
0.492
0.696
0.938
1.808
1.255
5.438
3.389
0.33
0.27
0.311
0.466
1.1
3.931
2.057
1.151
3.429
2.529
1.2
0.456
0.326
0.304
0.729
0.294
0.324
0.908
2.418
0.942
1.457
1.285
1.255
3.51
1.469
1.356
1.917
2.716
2.683
2.862
2.914
2.767
3.902
2.072
0.944
0.44
0.325
0.317
0.76
0.311
0.324
1.118
2.912
1.225
1.288
1.003
1.214
4.337
1.976
1.413
1.293
1.932
2.183
2.818
3.803
2.767
4.178
2.216
1.0
0.445
0.321
0.322
0.775
0.324
0.315
1.227
2.47
1.268
1.177
1.11
1.186
4.606
2.285
0.684
0.962
1.66
1.852
2.358
2.992
2.729
4.178
2.216
1.007
0.459
0.33
0.329
0.775
0.358
0.324
1.227
1.42
1.303
1.146
2.077
1.61
4.606
2.531
1.046
0.62
1.837
1.656
2.307
2.321
2.146
2.846
2.839
0.548
0.393
0.353
0.355
0.38
0.364
0.354
0.887
1.431
1.284
0.65
2.321
1.778
4.185
2.531
1.223
0.839
2.05
2.187
2.529
2.823
2.986
2.317
2.75
0.548
0.684
0.59
0.746
0.537
0.356
0.379
0.425
0.488
0.965
1.171
0.993
5.438
3.389
0.414
2.135
0.487
0.627
1.674
3.931
2.89
2.041
3.927
2.207
1.219
0.684
0.59
0.746
0.548
0.356
0.379
0.425
0.51
0.965
1.058
0.908
2.601
2.776
3.516
4.854
0.592
0.641
1.867
3.805
3.779
4.1
2.339
1.236
0.677
0.374
0.342
0.358
0.365
0.364
0.337
0.872
2.19
1.284
0.646
2.559
2.322
2.151
2.148
1.523
1.203
1.566
2.06
2.722
2.796
2.42
1.969
2.574
0.704
0.354
0.309
0.34
0.345
0.34
0.316
0.824
1.765
0.868
0.609
2.819
2.476
1.809
1.643
1.824
1.406
1.913
2.925
2.722
1.858
3.676
1.018
2.174
0.663
0.343
0.308
0.348
0.332
0.333
0.349
0.868
1.765
0.891
0.649
2.819
2.609
1.453
1.563
1.824
1.406
1.73
3.221
2.508
2.247
3.685
1.159
2.273
0.657
0.326
0.309
0.357
0.34
0.294
0.36
0.859
1.696
1.257
0.676
1.751
2.144
1.831
1.19
1.452
1.372
1.447
4.087
2.375
2.687
5.168
1.268
0.908
0.652
0.332
0.281
0.331
0.344
0.283
0.342
0.903
1.769
1.244
0.596
1.602
1.978
2.072
1.075
1.216
1.104
1.224
4.761
2.501
2.142
4.081
1.268
0.937
0.84
0.676
0.714
0.734
0.548
0.348
0.398
0.353
0.488
0.785
0.79
0.991
0.968
1.93
3.516
4.854
0.592
0.641
1.777
2.272
3.779
5.35
4.379
1.236
0.677
0.603
0.504
0.306
0.38
0.375
0.384
0.319
0.504
0.71
1.233
4.219
4.757
4.99
4.489
4.031
1.361
1.521
2.286
2.776
5.806
5.35
5.369
3.045
1.786
0.352
0.292
0.327
0.346
0.286
0.342
0.903
0.99
1.296
0.913
1.548
1.856
2.305
1.145
0.837
0.688
1.583
4.761
2.11
2.159
4.484
1.439
0.857
0.583
0.329
0.292
0.343
0.335
0.286
0.35
0.805
0.927
1.569
1.818
1.244
1.643
2.18
1.169
0.974
0.834
1.551
4.664
2.651
4.171
3.546
1.702
0.886
0.579
0.329
0.289
0.349
0.324
0.287
0.336
0.692
0.878
1.687
1.926
1.244
1.644
2.18
0.723
1.011
0.883
2.826
4.641
2.43
3.735
3.522
1.588
0.78
0.561
0.327
0.302
0.339
0.311
0.315
0.355
1.255
0.855
1.321
1.974
1.237
1.682
1.966
0.593
1.007
0.883
3.11
4.584
2.691
3.899
4.001
1.754
0.78
0.557
0.325
0.303
0.329
0.3
0.323
0.345
1.117
0.735
1.419
1.983
0.945
1.806
1.948
0.729
1.567
1.132
3.941
4.255
2.502
3.899
4.001
3.793
0.744
0.358
0.825
0.504
0.353
0.316
0.375
0.384
0.289
0.477
0.664
2.029
4.606
8.273
4.023
1.422
1.386
2.293
2.3
1.934
1.595
4.607
4.381
5.369
2.589
1.632
0.681
0.35
0.358
0.342
0.348
0.384
0.279
0.473
1.311
2.451
4.606
8.273
4.657
1.553
1.362
2.293
2.3
1.934
2.282
5.278
2.95
3.555
3.521
2.354
0.303
0.296
0.334
0.284
0.319
0.363
1.082
0.725
1.419
1.743
0.655
1.961
1.703
0.647
1.589
1.498
3.872
4.255
2.502
4.024
3.635
3.771
0.692
0.476
0.389
0.41
0.31
0.293
0.329
0.368
1.1
0.705
1.278
0.945
0.534
1.961
1.656
0.99
1.502
1.425
3.62
4.622
2.032
2.465
5.572
3.773
0.936
0.505
0.399
0.419
0.298
0.319
0.34
0.383
1.129
0.754
1.156
0.896
0.594
1.564
1.477
1.152
1.883
1.464
2.442
5.177
2.194
2.463
5.535
3.769
0.995
0.672
0.607
0.47
0.303
0.339
0.311
0.345
0.492
0.725
1.802
2.247
1.463
1.572
1.41
1.152
1.883
1.464
2.177
5.067
2.271
1.896
3.556
3.485
0.995
0.672
0.62
0.463
0.308
0.354
0.302
0.35
0.463
1.308
1.876
2.293
1.417
2.23
1.42
1.612
1.865
1.422
4.347
4.951
2.93
2.036
3.574
1.359
1.027
0.711
0.81
0.335
0.38
0.407
0.292
0.362
0.355
0.475
1.311
2.451
1.402
6.988
3.26
0.996
0.323
1.444
1.307
0.798
1.51
2.377
1.772
1.508
1.605
1.211
0.573
0.323
0.365
0.407
0.292
0.35
0.374
0.475
2.722
1.822
0.815
5.782
4.979
1.191
2.383
1.467
0.695
1.668
1.839
2.46
1.772
1.508
1.757
1.239
0.623
0.485
0.335
0.361
0.311
0.367
0.481
1.5
1.876
2.546
1.568
2.289
1.777
1.616
1.887
1.343
4.325
4.951
2.93
2.575
3.68
1.461
1.211
0.738
0.539
0.402
0.343
0.361
0.325
0.35
1.028
1.73
1.904
2.535
1.644
2.572
1.776
1.271
1.445
1.186
4.263
4.126
3.306
2.088
1.42
3.548
1.255
0.755
0.542
0.398
0.342
0.345
0.314
0.337
0.99
2.088
2.177
2.615
1.823
2.572
1.836
1.149
1.127
1.325
4.535
2.956
3.065
2.023
1.423
3.957
1.402
0.579
0.339
0.333
0.342
0.328
0.317
0.337
1.034
2.088
1.515
1.25
1.322
2.569
2.54
1.198
1.381
1.331
4.454
3.177
2.619
1.945
3.491
4.716
1.867
0.851
0.339
0.351
0.375
0.324
0.324
0.372
1.054
1.554
1.42
1.134
1.322
1.881
2.154
0.663
0.874
1.269
1.691
3.081
2.004
2.089
3.446
4.716
1.867
0.847
0.548
0.323
0.345
0.381
0.278
0.336
0.403
0.381
2.718
1.685
0.844
3.324
4.979
1.639
2.47
1.423
0.73
1.702
4.93
4.563
1.977
1.078
1.059
0.66
0.38
0.288
0.323
0.419
0.259
0.3
0.346
0.252
2.718
1.685
0.763
1.023
3.803
1.523
2.72
1.455
6.813
2.377
4.93
4.742
2.597
1.493
1.529
0.958
0.336
0.339
0.37
0.322
0.321
0.369
1.047
1.4
1.429
0.835
1.202
1.529
2.305
0.796
0.858
0.962
2.16
3.081
1.945
4.443
3.589
4.606
2.207
0.893
0.335
0.323
0.355
0.323
0.295
0.356
0.469
1.312
1.328
0.868
1.217
1.616
3.18
1.016
0.924
1.792
4.618
2.903
1.384
4.466
3.481
2.273
1.857
0.91
0.325
0.336
0.372
0.323
0.314
0.359
0.829
1.437
1.096
0.703
1.118
1.947
3.403
1.721
2.101
2.571
5.155
3.628
1.921
6.989
3.468
1.735
1.636
0.627
0.332
0.331
0.379
0.329
0.31
0.36
0.844
1.377
1.096
1.189
1.436
2.3
2.712
2.073
1.857
2.418
5.155
2.501
2.736
7.066
1.505
1.068
1.214
0.672
0.403
0.348
0.337
0.314
0.329
0.323
0.827
1.341
1.484
1.644
2.284
4.567
2.858
2.073
1.879
2.43
4.507
1.712
3.19
6.74
1.454
1.055
1.284
0.83
0.504
0.379
0.311
0.433
0.272
0.261
0.359
0.251
1.543
3.571
1.362
1.82
1.006
1.211
0.796
0.45
6.583
4.708
4.818
4.742
2.597
1.493
1.529
1.177
0.557
0.379
0.311
0.433
0.278
0.249
0.504
0.442
0.949
5.611
3.753
2.786
0.751
0.437
0.825
0.745
6.608
4.708
2.825
3.125
2.009
2.2
1.879
0.504
0.556
0.406
0.348
0.357
0.376
0.344
0.917
1.339
1.466
1.575
3.27
4.495
2.278
2.044
1.879
2.338
3.963
1.825
4.337
4.447
1.801
1.631
1.246
0.642
1.328
0.458
0.381
0.38
0.414
0.374
0.981
1.201
1.312
1.485
3.32
5.935
1.832
1.705
1.789
1.355
1.586
2.467
4.337
5.223
2.273
1.622
1.246
0.692
1.375
0.456
0.364
0.41
0.402
0.36
0.996
1.253
1.324
3.377
3.82
5.851
1.929
2.039
0.85
0.538
1.187
2.207
4.217
3.141
2.683
1.617
1.245
0.692
1.375
0.456
0.391
0.405
0.402
0.389
0.966
1.89
1.555
3.31
3.391
5.722
1.927
2.42
0.893
0.759
1.4
2.216
3.892
3.462
2.735
1.438
1.213
0.652
1.287
0.454
0.391
0.405
0.398
1.195
1.554
1.999
1.031
2.888
2.684
3.764
2.11
2.398
2.682
1.479
1.4
3.157
4.078
6.602
2.84
1.413
1.155
2.066
1.048
0.378
0.318
0.361
0.278
0.285
0.606
0.582
1.529
5.611
4.309
8.136
2.481
1.831
1.447
0.65
0.474
4.288
2.735
2.706
1.807
1.887
2.126
2.066
1.076
0.382
0.366
0.361
0.361
0.407
0.606
0.582
1.38
5.856
4.921
8.136
2.629
1.814
1.447
0.65
0.474
0.766
3.783
2.833
1.807
1.88
2.126
0.642
1.188
0.397
0.353
0.365
0.359
1.153
1.483
2.07
1.053
3.189
2.081
3.764
2.11
2.398
2.674
1.506
1.579
3.04
3.648
6.206
2.368
1.173
0.894
0.539
0.421
0.362
0.325
0.339
0.349
1.129
1.552
3.204
1.057
3.808
1.932
2.117
1.822
2.378
2.674
2.037
1.667
2.167
3.286
5.601
2.861
2.947
1.089
0.495
0.382
0.366
0.345
0.336
0.351
1.122
1.781
2.731
0.838
3.18
1.963
2.537
1.81
1.276
2.272
1.893
2.165
1.73
3.634
5.092
2.407
2.975
1.089
0.496
0.382
0.366
0.339
0.327
0.351
1.113
1.843
3.06
1.02
2.737
1.796
2.39
2.145
0.798
2.159
2.423
2.247
1.678
3.425
4.59
2.406
3.116
1.05
0.468
0.396
0.339
0.339
0.347
0.331
0.337
1.723
2.954
1.08
2.813
1.825
1.844
1.685
0.722
0.408
2.264
4.093
0.746
3.694
1.094
2.063
3.116
0.995
1.764
1.228
0.68
0.429
0.341
0.356
0.425
0.456
0.843
3.303
5.501
3.698
7.579
4.036
2.664
1.317
0.299
0.354
0.496
2.327
1.519
1.859
2.558
1.59
0.717
0.823
0.68
0.429
0.341
0.356
0.425
0.3
0.788
2.708
5.501
3.698
1.49
2.651
1.182
0.342
0.528
1.18
0.726
2.327
3.548
3.394
3.081
0.983
0.386
0.344
0.333
0.334
0.344
0.326
0.34
1.723
2.742
1.038
2.52
1.345
1.67
1.683
0.722
0.357
2.228
4.075
0.722
2.819
0.829
1.938
2.613
0.672
0.379
0.324
0.311
0.357
0.344
0.301
0.351
1.72
2.343
1.113
1.88
2.414
2.421
1.285
0.711
0.359
2.0
3.858
0.771
2.773
0.865
1.219
0.748
0.443
0.368
0.311
0.308
0.335
0.32
0.324
0.554
2.04
2.371
1.089
1.156
1.928
2.174
0.858
0.784
0.356
2.356
3.021
0.596
2.462
1.845
1.838
0.792
0.438
0.345
0.322
0.302
0.311
0.339
0.323
1.239
2.809
1.366
0.571
1.196
1.825
1.991
0.784
0.542
0.747
2.161
3.01
2.537
2.378
1.899
1.783
0.685
0.385
0.334
0.321
0.297
0.311
0.338
0.321
2.186
3.37
1.38
0.865
1.729
1.978
1.997
0.78
0.576
0.754
1.585
1.546
2.693
3.891
2.301
2.555
0.815
0.386
0.847
0.719
0.598
0.443
0.324
0.274
0.397
0.273
2.82
2.582
2.959
4.995
1.334
2.986
1.787
0.641
0.72
1.18
1.999
2.774
4.257
6.329
3.476
0.903
0.756
0.459
0.331
0.357
0.372
0.32
1.871
0.408
2.568
2.966
2.117
3.984
0.596
1.119
0.85
0.696
0.778
2.525
3.064
2.636
4.257
6.329
2.513
1.32
0.328
0.343
0.31
0.304
0.335
0.321
2.297
3.37
1.399
1.387
2.302
2.321
2.18
0.856
0.664
1.175
1.797
1.583
2.865
3.978
2.59
2.555
0.932
0.51
0.302
0.343
0.323
0.277
0.335
0.338
2.297
3.317
0.489
1.491
2.677
2.205
1.627
1.033
1.071
1.983
1.451
1.596
3.012
4.341
4.022
4.898
1.045
0.618
0.411
0.444
0.443
0.403
0.452
0.444
2.224
2.457
1.092
1.845
2.485
2.05
1.345
1.226
1.138
2.474
2.374
2.047
3.08
4.34
3.372
4.528
1.126
0.753
0.557
0.554
0.574
0.553
0.562
0.577
1.733
1.935
1.298
1.845
2.501
2.707
1.898
1.01
1.269
2.225
1.941
2.112
2.317
5.677
3.429
4.627
1.645
1.152
0.737
0.683
0.7
0.712
0.695
0.707
1.789
1.649
1.39
1.671
2.165
2.57
1.997
1.262
1.293
3.136
2.927
1.963
2.291
2.907
3.198
5.207
2.037
1.21
1.119
0.722
0.368
0.359
0.406
0.32
1.871
1.688
2.568
2.966
5.685
3.984
0.673
1.149
1.136
0.761
0.935
1.82
3.064
2.636
1.866
4.095
2.143
0.878
1.019
0.896
0.567
0.528
0.593
0.576
2.016
2.235
2.082
3.44
5.685
1.801
1.36
0.889
0.951
0.682
0.942
1.901
1.982
0.988
3.049
2.78
2.318
1.781
0.872
0.793
0.817
0.854
0.817
0.824
2.399
1.891
1.494
1.431
1.814
2.794
1.997
1.273
1.494
3.095
3.468
2.945
2.282
3.036
3.593
5.211
2.594
1.33
1.203
0.793
0.817
0.854
0.817
0.824
2.399
1.891
1.494
2.0
1.651
2.106
2.758
2.375
1.911
2.693
3.468
2.945
2.178
4.303
2.604
2.816
2.594
1.306
1.203
0.771
0.725
0.787
0.724
0.694
2.285
2.038
0.865
1.74
1.469
2.524
3.427
2.485
2.302
2.231
4.37
2.567
2.822
5.021
2.744
2.795
2.753
1.292
1.191
0.74
0.607
0.645
0.607
0.579
2.88
2.266
0.745
1.645
1.14
1.871
3.033
2.485
2.222
2.13
4.304
2.607
1.997
3.531
2.571
4.876
2.67
0.97
1.118
0.659
0.475
0.514
0.477
0.443
1.889
1.76
0.724
1.639
1.123
1.809
3.495
2.347
2.222
1.112
3.339
2.337
1.986
3.61
2.907
5.849
2.772
1.051
1.272
0.929
0.78
0.805
0.779
0.797
0.741
2.235
4.041
1.164
6.291
5.864
2.629
1.606
0.951
0.682
0.942
0.721
0.71
1.578
3.126
2.747
2.679
1.952
0.976
0.843
0.78
0.805
0.779
0.797
0.741
1.253
4.041
1.225
4.356
5.864
2.629
2.082
4.766
2.887
1.103
0.593
1.3
4.312
5.333
2.746
2.679
3.043
1.049
0.554
0.369
0.404
0.365
0.346
1.184
2.162
0.618
1.394
0.823
1.237
3.419
2.254
2.0
0.766
2.577
1.348
1.986
3.758
2.43
5.685
2.842
1.36
0.632
0.494
0.351
0.368
0.368
0.376
1.184
2.419
0.597
0.858
0.941
1.023
2.345
0.862
1.093
0.387
2.817
2.041
2.006
2.27
2.923
6.76
2.842
1.284
0.558
0.437
0.342
0.38
0.366
0.371
1.213
2.419
0.61
1.519
0.97
0.629
1.811
0.606
0.528
0.369
0.618
1.683
1.845
2.639
2.792
6.764
2.655
1.24
0.449
0.353
0.377
0.38
0.368
0.373
0.417
1.862
0.552
1.736
1.328
0.577
1.683
0.57
0.433
0.334
0.571
1.499
1.501
3.162
2.792
6.002
2.3
1.217
0.396
0.346
0.377
0.375
0.35
0.37
1.176
2.317
0.552
1.606
1.148
0.572
0.933
0.379
0.644
0.763
0.536
2.846
1.76
3.162
2.469
4.174
1.795
1.003
2.026
1.711
1.606
1.644
1.615
1.575
1.677
1.72
3.542
1.351
3.507
5.792
3.063
2.082
4.416
2.861
0.839
0.337
1.166
4.312
3.028
4.465
1.836
2.823
1.712
1.484
1.363
1.396
1.37
1.339
1.492
1.426
1.579
1.351
1.194
1.371
2.004
1.807
4.768
4.197
0.871
4.3
1.638
3.391
2.771
4.465
1.497
2.25
0.388
0.332
0.352
0.401
0.331
0.331
1.165
1.6
1.696
2.055
1.524
0.641
1.034
0.908
0.769
1.305
0.716
3.727
2.849
3.149
2.202
4.174
1.024
0.432
0.404
0.314
0.336
0.398
0.303
0.306
1.322
1.095
1.624
1.792
1.101
0.506
0.946
0.897
0.769
1.288
0.467
3.031
2.714
4.498
2.554
5.742
1.06
0.447
0.382
0.311
0.355
0.388
0.316
0.335
1.996
1.098
1.521
1.021
1.06
0.365
0.505
0.833
0.768
1.272
0.479
2.986
1.978
3.927
2.252
6.528
0.899
0.395
0.382
0.326
0.323
0.38
0.319
0.305
2.192
1.104
1.438
0.776
0.654
0.354
0.397
0.824
0.717
1.279
0.474
3.015
2.098
3.908
2.446
5.126
0.879
0.507
0.422
0.33
0.328
0.397
0.324
0.322
1.427
0.421
1.941
1.562
1.038
0.61
0.45
0.837
0.533
2.625
1.958
1.508
2.015
3.908
2.567
5.99
1.036
0.475
1.552
1.465
1.363
1.337
1.398
1.339
1.434
1.442
1.405
1.007
1.216
0.387
1.735
0.829
0.736
2.03
0.472
4.377
0.964
0.933
0.871
7.044
3.609
0.613
1.934
0.415
0.33
0.282
0.311
0.348
0.292
2.225
0.81
0.555
0.568
0.908
1.301
3.199
1.066
1.873
0.493
5.556
2.819
1.644
2.036
3.721
3.68
0.807
0.43
0.33
0.327
0.376
0.324
0.339
1.427
0.66
0.804
1.129
0.749
0.543
0.383
0.936
0.436
3.166
2.696
0.764
1.012
3.599
2.567
5.99
1.56
1.316
0.475
0.356
0.333
0.404
0.35
0.351
1.298
1.808
1.406
1.211
1.215
0.836
0.42
1.266
0.476
3.202
3.261
1.286
1.553
2.067
1.234
3.248
1.532
1.338
0.491
0.361
0.315
0.461
0.363
0.332
1.132
2.223
1.813
1.286
1.502
1.725
0.916
1.288
0.501
3.244
3.283
1.789
1.708
1.323
2.917
2.188
1.664
1.439
0.594
0.37
0.315
0.461
0.381
0.332
0.949
2.89
1.885
1.411
1.618
2.274
1.318
1.552
1.762
4.294
3.299
2.096
2.206
2.549
2.518
2.065
1.563
1.353
0.566
0.386
0.312
0.448
0.397
0.319
0.913
2.912
1.439
0.754
1.322
2.175
1.402
1.932
1.959
2.524
1.867
2.973
2.809
3.736
3.668
0.94
1.767
1.355
2.209
0.638
0.319
0.331
0.362
0.331
0.334
2.254
1.853
2.155
1.769
0.981
1.57
3.275
0.728
0.345
0.531
1.66
2.356
1.644
2.036
5.055
3.68
0.974
2.209
0.726
0.386
0.334
0.347
0.41
0.334
2.254
1.914
2.155
1.769
2.771
1.57
3.275
0.98
0.396
0.451
2.23
2.888
5.68
2.672
2.882
1.433
0.974
0.54
0.406
0.324
0.421
0.407
0.323
1.59
2.912
1.467
1.185
1.421
2.175
1.707
1.318
1.841
1.566
1.36
2.973
2.809
3.635
3.798
1.069
1.836
0.732
0.475
0.404
0.32
0.372
0.403
0.308
1.563
1.955
1.012
1.233
1.018
2.313
1.707
1.837
1.91
2.461
1.83
2.809
3.285
4.207
6.101
1.418
1.927
0.766
0.49
0.404
0.353
0.317
0.403
0.335
1.037
2.134
0.781
1.233
0.744
1.444
1.887
2.298
1.978
2.448
1.876
2.563
3.138
4.449
4.393
1.538
2.362
0.805
0.476
0.426
0.355
0.322
0.39
0.338
1.051
1.652
0.956
1.307
0.669
1.306
2.014
2.654
0.771
2.845
2.285
2.241
2.662
3.555
5.312
1.692
2.364
0.927
0.581
0.439
0.373
0.365
0.386
0.345
1.088
1.422
0.956
1.343
1.019
1.182
1.963
2.261
0.603
2.915
2.285
1.682
1.799
3.336
4.63
1.692
2.014
0.986
0.815
0.726
0.376
0.345
0.366
0.371
0.343
0.356
1.914
3.941
2.594
2.316
2.296
0.496
0.668
0.631
1.302
1.453
1.133
4.93
2.05
2.882
1.18
0.828
0.665
0.558
0.387
0.348
0.419
0.392
0.331
0.379
1.624
5.289
1.691
3.672
2.943
0.929
0.771
0.671
1.718
1.548
1.926
4.998
1.849
1.058
1.264
1.216
0.645
0.429
0.384
0.379
0.358
0.354
0.409
1.416
1.758
1.821
0.95
1.699
3.235
2.55
0.823
3.481
2.456
1.682
1.81
3.336
4.469
2.563
1.537
0.949
0.863
0.444
0.419
0.417
0.373
0.377
0.409
1.352
2.2
2.058
1.057
1.306
3.244
1.774
0.761
2.575
2.102
1.802
2.361
2.789
2.714
2.621
1.609
0.982
0.881
0.452
0.409
0.417
0.373
0.371
0.599
1.724
2.07
2.058
1.295
2.527
3.099
1.83
1.016
2.915
2.896
1.854
5.491
3.632
2.851
2.968
1.424
0.965
0.871
0.435
0.426
0.406
0.368
0.406
0.59
2.018
3.026
1.971
2.538
2.251
3.075
1.379
1.301
1.748
3.435
3.403
5.669
3.199
2.545
2.742
1.424
0.945
0.824
0.47
0.449
0.373
0.365
0.421
0.551
2.701
3.204
2.687
2.247
2.251
3.075
1.379
1.253
1.733
3.516
3.878
5.748
2.383
2.298
3.386
2.221
0.96
0.926
0.811
1.002
0.569
0.441
0.552
2.794
0.532
1.033
5.289
2.165
1.979
3.697
2.331
0.493
0.671
1.718
1.345
1.495
0.535
0.789
1.794
4.203
2.841
1.225
0.811
1.031
0.625
0.451
0.581
2.872
0.532
1.077
6.885
4.69
3.184
2.887
2.675
0.636
1.376
1.202
1.123
3.353
1.119
0.626
2.086
4.587
2.841
0.851
0.519
0.479
0.372
0.365
0.432
0.538
3.367
3.296
1.801
2.229
1.781
1.989
1.284
1.319
1.089
3.516
4.059
5.748
3.122
2.77
2.42
2.21
1.227
0.644
0.495
0.483
0.353
0.342
0.447
0.854
4.075
2.966
2.046
2.166
1.959
2.703
1.776
1.46
1.101
3.251
4.329
5.224
3.4
2.365
2.098
2.196
1.197
0.646
0.546
0.491
0.378
0.357
0.459
0.666
3.618
3.191
2.071
1.975
1.202
2.757
2.466
1.382
1.222
2.807
4.329
2.08
2.47
2.365
1.651
1.956
1.193
0.694
0.595
0.491
0.392
0.386
0.455
0.675
3.763
3.102
2.042
0.694
1.484
3.302
2.421
1.232
0.984
2.808
4.604
1.85
2.119
2.797
2.093
1.938
1.232
0.788
0.703
0.514
0.415
0.439
0.683
1.231
3.183
3.102
1.299
1.006
1.667
3.302
2.627
1.235
1.137
2.55
4.037
1.78
2.119
2.542
1.45
1.077
1.141
1.225
0.809
1.111
0.625
0.426
0.634
2.872
0.517
0.684
6.507
4.69
3.339
3.756
3.143
0.943
1.595
1.065
3.404
2.708
1.585
0.962
2.086
4.587
2.403
1.307
0.674
0.559
0.484
0.515
0.557
0.499
0.459
1.487
6.507
4.673
3.339
2.374
2.567
1.418
1.595
1.065
3.362
2.708
1.585
0.962
0.913
1.393
0.733
0.685
0.678
0.509
0.415
0.444
0.693
1.367
3.533
2.764
1.313
0.968
1.984
3.641
2.577
1.457
2.843
2.253
3.608
1.78
1.405
1.954
1.409
1.083
1.086
0.717
0.678
0.511
0.462
0.449
0.688
1.115
2.768
3.703
0.923
0.993
1.984
3.131
2.192
1.486
2.885
2.796
3.541
0.814
1.009
1.749
1.43
0.988
1.045
0.655
0.648
0.523
0.473
0.463
0.689
1.135
3.694
4.669
1.023
0.879
1.614
3.427
1.25
1.437
2.709
2.88
3.901
1.282
1.185
3.472
2.055
1.13
1.045
0.619
0.599
0.523
0.495
0.468
0.682
1.135
3.234
3.64
1.023
0.854
1.332
2.673
1.472
1.378
2.773
2.801
2.174
1.285
0.939
2.495
1.824
1.141
1.026
0.521
0.458
0.492
0.499
0.425
0.443
0.609
3.618
3.64
1.269
0.657
1.19
3.01
1.419
1.46
2.667
2.498
2.478
1.269
0.916
2.825
2.327
1.285
1.031
1.148
0.665
0.571
0.462
0.515
0.572
0.482
0.459
1.487
3.503
1.327
2.27
2.353
1.924
1.418
0.837
0.847
3.295
0.827
1.055
0.928
1.392
1.051
0.749
1.207
0.799
0.571
0.465
0.518
0.583
0.728
2.801
1.316
1.983
2.873
1.319
1.802
0.767
1.075
0.644
0.588
0.555
0.555
0.488
0.56
3.295
1.79
1.19
0.521
0.463
0.493
0.499
0.44
0.449
0.48
2.627
3.29
1.398
1.199
1.324
2.622
1.419
1.034
1.001
2.515
2.478
1.759
0.98
2.808
2.327
1.428
0.906
0.727
0.476
0.474
0.48
0.454
0.49
1.639
2.334
2.167
1.685
2.533
1.736
2.622
1.38
1.168
1.366
3.61
2.702
2.474
1.841
2.936
2.35
1.428
0.987
0.804
0.481
0.458
0.476
0.443
0.483
1.63
2.224
1.461
1.566
3.932
2.381
1.917
1.656
1.483
1.369
3.458
2.789
2.111
1.541
1.26
1.696
1.242
1.063
0.912
0.548
0.477
0.456
0.442
0.492
1.63
2.385
2.746
1.798
3.932
2.625
1.81
1.475
1.503
1.293
3.075
2.977
2.205
2.439
2.115
1.458
1.36
1.056
0.938
0.559
0.501
0.439
0.45
0.519
1.614
2.335
3.642
1.736
3.815
2.625
1.799
1.581
1.384
1.422
3.357
3.293
2.205
2.353
1.764
2.701
1.519
1.056
0.978
0.832
0.553
0.457
0.5
0.589
0.773
2.743
0.574
3.638
2.819
1.472
1.787
0.693
0.544
0.527
0.507
0.512
0.463
1.299
2.272
4.709
1.79
1.292
1.096
0.832
0.501
1.306
0.5
0.589
0.995
3.318
0.593
3.638
3.618
1.472
1.865
2.573
1.36
0.746
1.147
0.713
0.576
2.566
2.216
4.709
1.629
2.249
0.938
0.549
0.49
0.436
0.468
0.525
1.605
2.304
4.429
1.584
3.688
2.168
2.023
1.665
1.384
1.41
3.508
3.293
1.945
2.248
1.787
3.412
3.262
1.865
0.772
0.562
0.514
0.447
0.483
0.513
0.83
3.007
4.429
1.226
2.49
2.561
2.857
1.777
1.168
2.176
2.48
2.707
1.278
1.409
1.701
3.684
3.418
2.461
1.238
0.652
0.555
0.458
0.487
0.512
0.863
3.757
3.899
1.186
1.188
3.032
3.633
2.433
0.841
3.372
2.48
2.808
2.268
2.007
2.762
4.557
3.641
2.577
1.181
0.659
0.591
0.469
0.474
0.536
0.887
3.531
2.563
1.974
1.665
2.965
3.633
2.433
1.916
4.143
2.228
2.457
2.14
1.507
2.349
4.557
3.641
3.104
1.417
0.688
0.602
0.475
0.483
0.543
0.905
4.037
2.404
1.796
1.665
3.181
4.04
2.979
2.074
4.009
1.961
2.124
2.485
1.909
2.809
3.315
3.676
3.104
1.096
0.75
0.514
1.32
0.499
0.556
0.819
1.002
0.471
4.872
1.805
0.987
1.453
2.592
1.354
0.699
1.087
0.685
0.59
2.566
2.801
2.997
1.223
2.063
2.999
1.201
0.557
1.32
0.457
0.514
0.77
1.002
0.568
3.76
2.427
2.117
2.487
3.417
1.957
0.849
1.116
0.723
0.613
2.351
1.251
2.54
3.37
2.155
1.522
0.737
0.602
0.496
0.456
0.52
0.922
4.108
1.39
2.567
3.643
3.828
4.284
3.993
3.284
4.38
2.209
2.707
3.791
2.83
3.755
2.863
2.035
2.722
1.597
0.835
0.655
0.48
0.465
0.511
0.502
3.297
1.39
2.567
3.608
3.581
3.806
4.167
4.266
3.356
2.085
2.86
3.627
2.83
3.755
3.009
2.014
2.46
1.273
0.996
0.751
0.602
0.63
0.667
0.605
1.793
1.651
3.144
4.287
2.692
3.407
3.21
5.623
2.202
2.024
2.483
2.69
2.529
2.777
2.282
2.441
2.63
1.382
1.156
0.942
0.749
0.754
0.743
0.713
1.912
1.73
2.165
3.905
2.535
3.407
3.21
4.734
1.544
3.13
2.774
3.355
2.518
2.664
2.608
2.441
2.233
1.245
1.292
1.113
0.831
0.768
0.789
0.794
0.947
1.51
2.719
4.137
2.328
2.663
2.568
4.734
1.544
3.198
3.425
4.213
2.347
2.404
2.171
2.176
2.195
2.928
1.313
0.803
0.611
0.511
0.51
0.526
0.483
0.537
4.155
2.685
3.545
2.487
1.662
1.215
0.613
0.465
0.547
0.645
3.481
2.782
5.889
5.531
2.887
3.348
1.313
0.803
0.607
0.511
0.51
0.526
0.5
1.106
3.695
2.685
3.918
3.365
1.758
1.215
1.844
0.856
0.689
2.048
4.417
3.738
5.889
5.531
6.203
1.217
1.292
1.113
0.821
0.768
0.789
0.771
0.785
1.492
2.935
2.935
1.652
1.845
1.565
3.536
1.195
2.648
2.775
2.633
1.981
1.656
2.23
3.075
2.685
1.547
1.391
1.033
0.831
0.76
0.779
0.794
0.785
1.492
3.865
3.708
1.46
1.509
1.77
2.446
1.6
2.131
2.517
2.637
1.981
1.656
1.761
3.24
2.787
1.444
1.202
0.924
0.698
0.609
0.637
0.659
0.661
1.319
4.128
3.06
1.449
1.418
2.083
2.815
1.764
2.702
3.133
2.596
1.845
1.534
1.698
2.507
2.779
1.588
1.246
0.862
0.691
0.643
0.705
0.68
0.677
1.635
4.478
3.039
1.888
2.057
2.322
2.604
1.664
1.532
2.653
1.91
2.164
1.43
1.062
2.557
2.779
1.588
1.05
0.648
0.625
0.638
0.812
1.838
0.852
1.346
4.478
2.734
1.848
1.855
2.267
3.42
2.193
1.511
1.678
1.122
2.13
1.854
1.219
2.565
2.673
4.196
0.989
0.827
0.601
0.501
0.509
0.512
0.5
1.058
3.695
3.269
4.454
6.917
1.382
0.915
2.114
1.258
0.996
2.318
4.417
3.738
5.435
5.155
6.203
4.196
0.889
0.541
0.449
0.435
0.483
0.445
0.803
2.852
3.071
2.236
4.454
8.42
2.419
0.884
2.454
2.693
1.104
3.764
3.209
3.817
2.647
3.179
4.584
1.507
1.09
0.653
0.622
0.627
0.812
1.914
2.004
1.596
3.878
1.552
1.588
1.963
2.1
3.399
2.17
1.49
1.912
1.321
1.553
2.186
1.226
1.574
1.735
1.135
0.908
0.635
0.579
0.609
0.805
1.897
2.23
2.385
2.845
1.564
2.521
2.118
1.925
3.666
1.687
1.735
1.932
1.624
2.936
2.273
1.346
1.313
1.439
1.193
0.853
0.626
0.569
0.59
0.782
1.862
2.539
3.417
2.564
2.306
2.532
1.842
2.033
1.841
1.677
1.586
1.263
1.45
2.786
2.977
1.372
1.272
1.151
1.105
0.848
0.43
0.407
0.435
0.629
1.725
3.461
3.64
2.106
2.795
2.516
1.797
2.239
2.995
2.285
2.19
2.104
1.604
2.086
2.913
1.699
1.164
1.116
1.109
0.848
0.452
0.363
0.409
0.458
0.571
3.895
3.632
2.086
2.887
2.516
2.119
2.356
2.172
2.072
2.066
2.067
1.774
2.966
2.68
1.568
1.98
1.594
3.918
1.065
0.604
0.407
0.412
0.454
1.488
2.742
2.316
1.305
2.236
4.068
8.42
2.419
0.884
1.597
4.865
1.592
2.877
2.437
3.832
2.16
1.565
1.999
1.116
0.774
0.469
0.451
0.432
0.372
1.484
2.742
2.252
1.293
0.552
2.242
3.993
1.963
0.599
1.212
4.865
1.507
2.877
3.944
4.319
1.928
4.044
1.934
1.171
0.914
0.47
0.392
0.422
0.449
0.525
2.965
3.407
3.281
2.906
2.553
2.119
2.356
2.172
2.072
2.066
1.856
1.551
2.973
2.316
1.517
1.774
1.432
1.122
0.861
0.516
0.392
0.4
0.458
0.529
2.737
2.382
3.281
2.079
1.788
2.559
2.514
3.452
2.013
1.99
2.294
1.264
2.451
3.307
1.713
1.927
1.337
1.018
0.906
0.475
0.369
0.387
0.46
0.529
3.047
1.508
2.636
1.41
1.721
2.886
1.96
3.394
1.641
1.986
2.937
1.574
2.95
2.527
1.565
1.919
1.346
0.8
0.715
0.506
0.382
0.364
0.43
1.309
2.373
1.341
2.249
0.886
1.208
3.219
2.119
2.631
1.271
1.906
2.751
1.573
3.153
2.379
3.206
2.129
1.365
0.817
0.748
0.483
0.41
0.358
0.39
2.237
2.006
1.305
1.963
0.935
1.396
3.635
2.156
2.998
1.361
1.92
2.537
1.162
2.877
2.463
5.04
1.236
0.96
1.119
0.7
0.487
0.409
0.432
0.397
1.484
2.424
0.852
1.888
0.603
0.915
1.102
0.728
0.67
0.651
3.157
1.356
1.158
3.604
4.085
1.928
4.044
1.897
1.068
0.62
0.454
0.409
0.378
0.429
0.37
0.403
0.852
3.323
2.374
1.267
2.971
0.766
0.837
1.485
0.974
0.631
0.849
2.987
3.399
1.929
3.837
0.938
1.11
0.944
0.512
0.416
0.37
0.402
2.982
2.645
1.848
0.863
1.209
2.08
3.743
2.801
3.694
1.472
2.281
3.178
2.306
2.877
2.952
5.049
1.243
1.124
1.11
0.944
0.467
0.447
0.372
0.383
3.021
2.645
2.875
1.235
1.665
3.083
3.892
3.068
2.481
1.525
2.223
2.777
2.306
2.209
2.398
5.247
1.104
1.022
1.114
0.912
0.467
0.468
0.387
0.379
3.504
2.616
2.583
1.235
1.638
3.105
3.905
3.297
2.897
2.367
1.853
2.082
2.61
1.916
2.67
5.385
1.083
0.982
1.099
0.88
0.474
0.468
0.401
0.385
2.731
3.302
2.41
1.166
1.979
3.652
3.507
2.745
2.786
2.628
1.509
1.483
2.478
1.822
2.67
3.372
0.964
1.252
1.392
1.265
0.587
0.484
0.403
0.385
2.353
3.598
2.481
1.517
2.267
3.589
3.418
2.978
2.683
2.295
1.509
1.671
2.467
1.35
2.198
1.488
2.131
1.235
1.068
0.726
0.457
0.405
0.334
0.429
0.365
0.36
1.056
4.325
2.374
3.401
3.689
0.766
0.837
1.485
1.892
1.709
0.849
2.179
1.65
1.017
0.722
0.893
1.001
0.761
0.457
0.401
0.362
0.42
0.371
0.36
0.619
4.26
4.167
5.15
3.998
0.756
0.774
2.219
1.892
1.624
0.8
2.627
1.002
0.938
0.794
0.893
1.03
0.956
0.541
0.462
0.371
0.366
1.594
2.937
2.064
1.543
2.196
3.668
3.353
2.494
2.628
2.277
1.161
1.148
1.554
1.359
2.454
2.483
3.26
1.193
1.07
0.963
0.562
0.431
0.37
0.389
2.48
3.182
1.021
1.253
2.02
2.252
2.668
1.765
2.432
2.144
1.007
1.839
1.574
1.404
2.975
2.062
3.274
1.616
1.023
0.921
0.562
0.391
0.367
0.403
2.564
2.913
0.977
1.253
2.02
3.988
3.61
1.554
3.159
1.645
1.057
2.068
1.453
1.321
2.615
2.056
3.496
2.119
1.025
0.903
0.559
0.427
0.367
0.402
2.564
2.464
1.611
1.284
2.2
3.773
3.746
1.519
3.113
1.504
1.129
2.1
1.555
1.373
2.756
2.117
3.698
1.868
0.828
0.585
0.457
0.374
0.384
0.413
1.933
3.005
1.462
0.926
1.775
3.811
3.317
1.565
2.789
1.404
1.283
2.155
1.51
4.735
3.153
2.983
3.066
1.856
0.782
0.697
0.4
0.428
0.388
0.367
0.371
2.393
0.619
2.783
3.652
5.15
2.67
0.745
4.214
1.77
1.59
3.103
1.482
2.627
1.497
2.39
1.043
0.999
0.689
0.68
0.415
0.426
0.507
0.433
0.406
2.462
0.456
0.384
3.652
4.636
2.228
0.697
4.568
1.77
0.633
1.928
1.371
1.235
1.424
2.467
1.207
0.938
0.846
0.589
0.492
0.372
0.398
0.433
1.901
3.005
1.73
1.512
1.522
3.571
3.416
1.751
2.163
1.524
1.267
2.155
1.283
4.587
3.375
3.278
1.959
1.757
0.775
0.57
0.493
0.378
0.398
0.423
0.987
2.744
2.556
2.144
1.213
3.571
3.416
1.751
2.148
1.531
1.295
1.656
1.384
6.752
2.537
3.278
1.878
1.269
0.725
0.549
0.501
0.376
0.404
0.404
0.386
2.766
2.962
2.052
1.856
1.745
1.932
1.917
0.683
1.088
1.004
1.283
0.88
6.719
2.63
3.497
2.878
1.01
0.685
0.49
0.471
0.37
0.395
0.406
0.366
2.214
3.396
2.347
1.358
2.355
1.977
1.743
0.558
0.64
0.722
1.015
0.693
6.504
2.63
3.593
2.683
1.044
0.61
0.469
0.47
0.388
0.381
0.402
0.38
1.033
3.396
2.47
1.753
2.64
1.621
1.198
0.558
0.571
0.402
0.653
0.926
3.179
2.174
2.716
2.124
1.116
0.65
0.517
0.432
0.426
0.507
0.43
0.39
2.462
0.46
1.025
1.834
2.406
0.955
0.605
4.568
0.849
0.481
2.006
1.591
1.097
1.36
2.553
1.207
0.966
0.871
0.783
0.622
0.419
0.47
0.449
0.403
1.828
1.803
1.071
1.77
5.121
1.814
0.948
0.935
0.431
0.474
0.706
0.885
1.339
0.788
1.322
1.281
0.836
0.736
0.584
0.473
0.409
0.379
0.415
0.373
1.039
3.144
1.726
1.833
2.371
1.847
1.057
0.587
2.221
0.544
0.738
1.47
3.469
1.442
1.761
2.263
1.56
0.889
0.615
0.442
0.419
0.372
0.397
0.386
1.039
2.614
1.983
1.833
2.727
1.982
0.971
0.576
2.21
0.829
0.491
1.344
1.144
1.474
2.151
2.32
1.56
0.889
0.627
0.415
0.419
0.342
0.381
0.4
0.676
2.611
3.25
1.285
2.727
2.472
0.623
0.589
2.278
0.873
1.238
1.76
2.312
1.784
2.232
2.445
1.272
0.867
0.627
0.422
0.403
0.338
0.37
0.625
1.535
1.634
2.849
2.159
3.058
2.115
1.0
0.847
2.307
1.438
1.797
3.323
2.782
1.869
2.625
2.429
1.237
0.815
0.596
0.447
0.396
0.376
0.416
0.636
1.902
1.699
2.823
2.138
2.706
2.301
1.478
1.266
2.488
1.486
2.287
3.168
2.955
1.964
2.926
3.129
1.341
0.871
0.704
0.606
0.37
0.409
0.435
0.354
1.821
2.261
1.116
2.285
4.317
1.623
0.923
0.432
0.431
0.557
0.884
0.885
1.339
0.815
1.437
2.736
0.869
1.81
0.801
0.618
0.385
0.444
0.444
0.377
1.821
4.27
2.578
2.285
4.413
1.623
1.067
0.589
0.517
0.851
0.884
1.238
2.094
1.548
1.744
3.378
1.048
0.691
0.521
0.39
0.372
0.376
0.406
0.636
2.982
1.957
2.924
2.429
2.601
2.008
1.539
1.221
0.74
2.054
3.426
2.719
2.649
1.92
2.926
4.598
1.704
0.587
0.531
0.422
0.382
0.383
0.411
0.968
3.657
2.309
2.358
2.741
3.154
3.029
1.677
1.428
1.214
3.034
4.115
4.249
3.889
2.23
3.761
5.138
1.722
0.582
0.531
0.422
0.389
0.396
0.412
0.996
4.326
2.476
1.17
2.741
3.798
3.635
1.724
1.851
1.537
3.858
3.926
4.607
3.081
2.191
4.819
3.793
1.722
0.571
0.518
0.404
0.391
0.396
0.412
0.77
3.639
3.225
1.266
2.096
2.45
3.379
1.521
1.681
1.537
3.394
3.722
3.146
2.654
2.191
4.569
3.744
1.683
0.497
0.432
0.409
0.39
0.352
0.377
1.178
4.203
3.225
1.679
1.925
2.672
3.589
1.779
2.167
1.444
3.947
3.742
3.168
2.764
2.413
5.306
2.986
1.416
1.775
0.674
0.522
0.49
0.593
0.536
0.48
0.57
3.402
4.974
2.05
2.531
3.924
0.803
0.725
0.74
1.155
3.944
3.947
3.173
2.106
1.585
3.378
1.048
1.838
0.701
0.522
0.49
0.568
0.536
0.48
0.524
3.765
6.307
1.596
2.046
3.771
0.803
0.725
0.74
1.155
3.753
4.183
3.173
2.188
2.53
2.556
1.591
0.43
0.389
0.406
0.384
0.34
0.365
1.184
4.181
3.442
1.688
1.544
2.974
3.589
1.867
2.404
1.518
3.772
2.8
3.387
3.016
2.294
5.306
1.502
0.809
0.416
0.345
0.367
0.362
0.336
0.352
0.842
4.343
2.888
1.31
1.247
2.544
3.061
2.176
2.24
1.034
2.808
1.788
1.893
1.956
1.831
4.646
0.871
0.768
0.404
0.372
0.37
0.368
0.366
0.358
0.803
3.986
2.688
1.819
1.245
1.772
2.179
2.561
2.362
0.744
2.108
2.035
1.459
1.687
1.664
3.521
1.362
0.746
0.403
0.378
0.356
0.36
0.362
0.365
0.79
3.986
1.56
1.699
0.939
1.772
2.165
2.561
2.362
0.736
2.108
1.892
1.443
1.621
1.664
3.348
1.308
0.674
0.413
0.38
0.327
0.367
0.357
0.348
1.086
4.098
2.177
1.377
1.11
1.848
1.613
2.041
1.626
0.729
1.929
2.082
1.441
1.592
1.939
3.902
1.702
0.787
1.032
0.745
0.491
0.487
0.585
0.48
0.471
0.548
1.919
6.307
2.541
3.383
4.171
3.606
0.873
0.724
0.842
3.79
4.183
2.934
2.027
2.353
1.832
1.295
1.032
0.745
0.373
0.377
0.446
0.34
0.35
0.448
1.919
6.995
6.179
4.826
2.853
3.496
0.865
0.536
0.646
0.526
1.698
1.771
1.757
2.795
1.968
1.281
0.371
0.343
0.327
0.343
0.349
0.33
1.115
4.56
2.008
1.366
1.104
1.329
1.527
2.038
1.285
0.609
2.757
2.232
1.136
1.389
1.962
3.877
2.991
0.584
0.339
0.343
0.358
0.325
0.342
0.35
1.113
4.532
2.415
2.007
1.1
0.925
0.928
1.593
1.332
0.811
3.141
2.32
1.219
1.301
2.528
3.727
3.099
0.515
0.318
0.348
0.343
0.308
0.329
0.341
1.963
4.11
2.37
1.609
1.176
0.895
1.208
1.13
0.769
0.843
3.077
2.762
1.119
1.425
3.864
4.159
2.726
0.548
0.35
0.37
0.371
0.328
0.333
0.366
1.969
4.979
2.613
1.609
1.338
1.591
1.736
1.697
1.419
1.535
3.221
3.068
1.398
1.581
3.864
4.281
3.122
0.83
0.333
0.375
0.4
0.317
0.346
0.383
1.241
4.148
3.004
2.617
1.886
1.395
1.69
1.788
1.318
1.439
2.906
2.607
1.224
1.556
3.683
2.44
3.641
0.83
0.772
0.907
0.484
0.318
0.401
0.34
0.303
0.402
1.458
5.581
6.994
4.826
2.853
3.605
0.865
0.861
1.112
2.859
3.097
2.418
1.602
1.89
2.478
0.708
0.49
0.711
0.506
0.313
0.35
0.399
0.292
0.338
2.651
4.499
6.994
3.855
3.988
1.348
0.681
0.817
1.112
4.801
3.398
2.341
1.543
1.721
2.478
0.714
0.335
0.401
0.409
0.318
0.368
0.382
1.192
3.187
3.004
2.614
1.886
1.395
1.674
1.453
1.318
1.464
1.828
2.771
1.404
1.556
3.682
2.585
2.347
0.85
0.352
0.408
0.413
0.337
0.368
0.393
1.19
3.027
3.518
2.05
2.154
1.541
2.506
1.902
1.29
1.275
3.079
2.589
1.377
1.55
3.059
2.288
2.581
0.85
0.376
0.377
0.413
0.358
0.327
0.392
0.372
4.115
3.884
2.467
2.298
1.638
2.197
1.976
1.348
1.186
3.86
2.201
1.553
2.282
2.576
1.683
2.577
0.852
0.38
0.349
0.393
0.369
0.334
0.362
0.401
3.921
3.354
2.397
2.218
1.168
1.74
1.711
0.87
0.954
4.032
1.698
1.896
2.494
2.901
1.941
2.21
0.61
0.39
0.368
0.394
0.375
0.352
0.361
0.403
4.659
2.706
1.31
1.274
1.205
1.887
2.095
1.069
1.301
4.453
1.916
1.951
2.119
2.549
1.941
2.375
0.555
0.584
1.2
0.621
0.351
0.35
0.431
0.338
0.338
3.425
1.651
4.132
3.295
3.738
1.425
0.621
0.859
1.058
4.801
5.802
3.285
1.907
2.182
2.039
0.782
0.757
0.951
0.581
0.389
0.454
0.434
0.396
0.455
3.58
3.676
2.575
2.855
3.738
3.002
1.211
0.998
0.874
2.796
4.37
1.864
1.604
2.399
1.34
1.051
0.404
0.359
0.408
0.388
0.341
0.397
0.416
4.659
3.453
2.011
1.528
1.322
1.887
2.095
1.069
1.89
4.453
3.314
2.141
2.119
2.468
1.718
2.375
0.629
0.399
0.375
0.403
0.385
0.369
0.382
0.43
5.097
3.157
2.44
1.646
1.135
1.416
1.702
1.014
2.523
2.879
4.055
2.293
2.116
2.477
1.673
2.078
0.666
0.363
0.375
0.426
0.35
0.369
0.427
0.393
4.701
2.917
1.949
1.65
1.438
1.629
1.884
1.25
2.523
2.527
3.75
2.132
1.352
1.358
1.474
3.084
0.663
0.358
0.375
0.439
0.381
0.375
0.448
0.362
4.913
3.412
2.536
1.591
1.306
1.554
1.585
1.487
2.452
2.854
3.75
1.656
1.1
1.021
2.408
2.983
0.66
0.38
0.363
0.424
0.392
0.363
0.455
0.367
4.625
4.612
2.96
1.801
1.348
1.825
1.287
1.343
2.688
2.558
3.566
1.587
1.555
1.599
2.687
1.952
0.65
0.823
0.951
0.581
0.377
0.462
0.414
0.396
0.454
2.9
3.953
3.304
2.855
2.633
2.685
1.211
0.998
3.414
0.934
3.815
1.943
1.87
3.596
1.38
1.051
0.823
0.476
0.483
0.451
0.484
0.414
0.364
0.531
2.734
5.105
4.521
1.971
1.261
2.978
1.272
2.25
4.456
2.895
1.049
1.428
1.459
2.74
1.38
1.05
0.363
0.361
0.419
0.378
0.368
0.427
0.579
4.65
4.307
2.342
1.563
1.157
1.957
1.287
1.343
2.336
2.526
1.697
1.265
1.667
1.64
4.081
2.082
0.686
0.362
0.331
0.43
0.38
0.347
0.439
0.987
4.314
3.68
2.25
1.142
1.839
1.924
1.228
1.569
1.757
2.586
1.022
0.96
1.713
1.594
4.059
2.973
0.758
0.374
0.322
0.417
0.385
0.346
0.416
0.987
4.184
4.332
2.25
0.947
2.063
1.516
0.881
1.253
1.811
2.501
0.773
0.8
1.91
1.829
4.159
1.911
0.819
0.456
0.358
0.408
0.363
0.344
0.4
0.99
3.578
4.253
2.87
1.027
2.232
1.907
0.841
0.888
1.806
4.115
0.924
0.866
2.524
2.292
2.843
1.89
0.829
0.464
0.391
0.446
0.378
0.364
0.401
1.043
3.766
2.882
2.383
0.815
2.039
1.493
0.47
0.814
2.615
5.102
1.068
0.925
2.029
1.866
2.633
1.9
0.829
0.738
0.695
0.561
0.578
0.43
0.423
0.366
0.469
3.657
3.892
4.521
1.398
3.425
2.672
0.992
1.867
5.552
4.076
2.827
2.532
1.739
2.686
1.014
0.687
0.787
0.695
0.537
0.578
0.43
0.398
0.418
0.469
2.615
4.273
2.396
1.166
4.412
2.672
1.832
2.991
4.18
4.076
4.233
2.532
1.555
1.46
1.585
0.904
0.464
0.403
0.428
0.374
0.35
0.401
0.842
3.58
2.818
2.294
0.815
2.039
1.301
0.557
0.764
2.611
5.102
1.406
0.924
2.459
2.233
1.976
2.49
0.741
0.465
0.427
0.429
0.399
0.371
0.376
0.407
3.298
3.794
1.858
1.173
1.456
0.804
0.505
0.451
2.735
5.399
1.646
2.023
3.278
2.257
2.11
1.643
0.642
0.488
0.442
0.426
0.401
0.376
0.358
0.436
3.476
2.887
2.715
1.144
0.796
0.792
0.44
0.458
2.473
5.296
1.646
2.329
3.163
3.26
2.333
1.573
0.571
0.403
0.406
0.412
0.38
0.385
0.367
0.43
4.101
2.312
1.577
1.024
0.744
0.515
0.612
0.603
2.321
3.376
1.88
2.329
2.583
3.349
2.581
1.573
0.505
0.363
0.372
0.356
0.347
0.364
0.331
0.349
4.021
2.824
1.584
1.814
0.819
0.761
1.185
0.557
1.219
2.614
1.704
2.198
2.88
3.431
2.581
1.605
0.529
0.787
0.966
0.798
0.579
0.406
0.414
0.418
0.438
4.151
2.099
1.081
0.848
4.412
2.619
1.832
3.101
3.087
3.544
4.281
3.335
2.256
1.46
2.543
0.818
1.065
0.749
0.679
0.448
0.367
0.389
0.385
1.601
1.977
4.248
3.504
1.34
2.524
1.458
1.77
3.101
2.247
4.844
5.483
5.396
3.916
3.451
3.522
1.809
0.369
0.372
0.351
0.354
0.369
0.331
0.339
4.201
2.93
1.936
2.833
1.285
0.901
1.199
0.679
1.21
2.546
1.854
2.297
2.486
3.164
1.915
0.82
0.538
0.383
0.389
0.334
0.348
0.39
0.347
0.364
4.201
2.167
3.132
2.652
1.218
1.972
2.005
2.084
1.594
2.681
3.1
2.051
2.354
3.552
2.314
1.331
1.151
0.575
0.376
0.318
0.336
0.395
0.337
0.329
3.285
3.045
2.386
3.188
1.621
1.972
2.005
2.062
1.594
2.681
3.1
1.642
2.326
2.274
1.885
1.305
1.147
0.544
0.378
0.309
0.324
0.378
0.298
0.316
2.418
3.045
3.494
3.188
1.554
2.241
2.803
2.856
2.733
3.049
3.594
2.005
2.746
2.507
2.212
1.928
1.898
0.686
0.364
0.332
0.321
0.375
0.318
0.316
1.298
2.258
4.588
3.032
1.979
2.968
3.133
4.557
2.848
2.67
4.213
2.708
3.374
3.009
2.083
1.862
1.898
1.883
1.923
1.748
1.49
1.393
0.389
0.383
1.601
1.977
5.473
4.955
1.268
1.019
0.923
0.93
2.159
2.942
4.844
5.777
5.396
3.988
4.046
3.522
1.552
1.883
1.723
1.48
1.409
1.375
0.374
0.365
1.562
0.485
5.473
4.955
2.146
0.647
3.304
1.269
1.195
2.942
4.389
5.777
8.475
7.383
4.409
2.897
2.62
1.988
0.342
0.317
0.292
0.347
0.304
0.291
0.38
1.918
4.394
2.736
3.191
3.617
3.699
4.782
2.866
3.076
4.151
3.783
4.293
3.344
2.082
1.864
1.879
0.673
0.323
0.301
0.277
0.313
0.274
0.288
0.381
1.707
3.257
3.202
4.027
3.179
3.235
3.515
3.363
2.807
3.618
3.655
3.791
2.824
1.63
1.84
1.255
0.694
0.325
0.335
0.328
0.296
0.318
0.307
0.402
1.256
3.956
2.705
3.565
3.179
3.235
3.515
3.363
3.105
3.618
3.655
3.791
3.08
2.666
2.352
1.321
0.488
0.31
0.353
0.335
0.293
0.32
0.314
0.947
1.598
2.802
2.724
3.617
2.877
2.401
2.618
2.042
2.52
3.478
3.976
3.343
2.222
2.18
1.807
0.629
0.767
0.317
0.347
0.319
0.314
0.315
0.31
0.933
2.733
2.281
2.578
3.134
2.693
1.572
0.991
1.69
2.93
3.971
3.645
2.39
1.954
3.598
1.941
0.664
0.672
1.695
1.439
1.435
1.359
0.348
0.377
0.345
2.309
4.278
4.879
1.976
0.774
2.896
1.148
1.908
1.505
2.125
3.733
6.218
6.374
4.196
3.858
1.588
1.141
0.414
0.353
0.316
0.301
0.382
0.324
0.311
2.657
2.745
4.691
1.976
0.897
2.885
1.148
1.908
0.599
2.089
2.458
6.498
6.374
4.196
4.277
2.098
1.247
0.347
0.349
0.329
0.327
0.325
0.337
0.933
3.181
2.503
2.345
1.849
1.977
1.875
1.14
1.675
2.622
4.138
2.627
1.463
1.661
3.598
2.929
0.858
0.797
0.366
0.371
0.322
0.341
0.326
0.311
0.94
3.181
2.596
2.25
0.973
1.489
1.657
1.529
0.894
2.614
3.605
2.062
1.265
1.687
3.618
2.489
0.917
0.808
0.371
0.376
0.294
0.365
0.329
0.312
0.939
2.592
1.928
2.694
1.16
1.411
1.53
1.66
1.445
2.272
4.5
2.92
1.65
1.687
2.911
2.239
0.982
0.82
0.41
0.377
0.336
0.385
0.329
0.304
0.397
2.254
2.892
3.028
1.288
1.884
2.223
2.279
1.733
2.502
4.679
3.472
2.1
1.977
2.945
2.428
0.979
0.589
0.41
0.388
0.348
0.385
0.331
0.319
0.403
1.787
2.589
2.992
1.902
1.93
2.488
3.455
1.996
2.382
5.096
4.158
2.733
2.223
1.986
2.534
1.071
0.61
0.688
0.654
0.603
0.499
0.434
0.379
0.338
2.657
3.221
4.321
3.012
2.002
1.584
2.607
2.157
0.797
2.248
2.458
2.934
3.01
3.995
4.277
1.083
0.74
0.609
0.654
0.587
0.499
0.434
0.364
0.423
2.585
3.61
2.581
2.784
2.002
2.645
3.23
1.651
1.322
2.961
4.101
4.38
4.187
4.507
2.788
2.12
1.887
0.391
0.388
0.357
0.375
0.341
0.307
0.403
1.987
2.543
2.71
1.617
2.11
1.535
3.145
1.996
2.319
5.172
4.249
2.923
2.667
1.986
1.586
0.88
0.49
0.357
0.374
0.369
0.356
0.338
0.327
0.354
2.0
2.951
2.527
1.617
2.039
1.782
2.633
2.25
2.137
5.172
4.299
2.923
2.667
1.859
1.646
0.874
0.472
0.354
0.359
0.356
0.319
0.318
0.309
0.311
3.14
3.312
2.278
1.48
2.039
1.856
2.744
2.196
2.48
4.186
3.621
2.718
2.644
2.112
2.544
1.448
0.486
0.348
0.34
0.329
0.281
0.322
0.317
0.333
3.95
2.441
2.017
2.047
1.655
1.464
2.188
2.029
2.385
4.217
2.694
2.258
2.526
1.949
2.425
1.561
0.512
0.369
0.346
0.37
0.293
0.338
0.361
0.341
4.306
2.788
2.189
1.788
0.904
1.28
0.853
1.833
2.147
3.667
2.464
2.381
3.376
1.73
2.533
1.682
0.528
2.056
2.406
2.306
2.237
2.064
1.724
0.423
2.34
3.61
2.843
2.784
2.0
2.645
3.23
1.651
1.322
2.623
3.85
4.363
7.047
4.601
2.62
1.737
1.622
1.793
2.1
2.074
2.024
1.982
1.712
0.398
2.34
2.034
2.843
3.436
1.507
2.556
1.427
1.148
1.404
3.089
4.464
4.666
7.156
4.601
2.62
1.737
1.69
0.39
0.361
0.397
0.314
0.354
0.384
0.396
4.611
3.323
2.304
1.771
0.754
1.28
0.853
1.833
2.958
4.514
2.43
2.395
2.932
1.73
2.533
1.682
0.642
0.411
0.387
0.428
0.339
0.382
0.688
0.409
4.611
2.835
2.165
1.967
1.447
1.301
1.074
1.466
3.145
4.811
2.754
2.371
3.162
2.204
2.513
2.172
0.803
0.45
0.421
0.498
0.412
0.437
0.759
0.421
3.533
2.67
2.067
2.025
1.918
1.629
0.818
1.011
2.726
4.811
2.558
2.523
3.152
2.484
1.592
1.551
0.794
0.447
0.421
0.498
0.412
0.437
0.759
0.397
3.584
2.707
2.019
2.047
2.372
1.517
0.831
1.234
2.888
5.307
3.342
2.523
3.295
2.555
1.656
1.473
0.784
0.442
0.387
0.485
0.399
0.417
0.718
0.379
3.956
2.556
1.797
1.916
2.627
1.782
1.219
1.49
2.851
5.184
3.076
1.881
1.875
2.666
1.545
1.344
0.742
2.048
2.411
2.123
2.063
1.999
1.725
0.351
0.495
0.506
2.398
4.382
1.507
1.816
0.923
3.194
1.6
1.866
1.935
3.772
7.156
3.204
2.054
0.884
0.552
0.794
0.644
0.411
0.385
0.332
0.387
0.363
0.379
1.633
2.068
4.382
1.502
2.376
1.275
3.556
3.576
5.125
4.966
4.083
3.753
2.576
1.588
1.22
0.66
0.463
0.358
0.434
0.403
0.392
0.69
0.342
3.053
1.894
2.031
2.25
2.627
1.888
1.561
1.981
2.177
4.44
3.066
1.953
1.875
2.666
2.194
2.675
0.919
1.263
1.064
0.706
0.439
0.387
0.375
0.326
3.053
2.584
2.753
3.084
2.798
2.841
2.192
2.763
3.171
4.679
2.747
2.707
2.463
2.801
2.38
2.214
0.763
1.535
1.036
0.616
0.429
0.348
0.298
0.307
2.886
3.303
3.459
3.571
2.947
3.625
2.192
2.763
3.164
5.111
3.492
3.159
2.611
2.019
2.374
2.214
0.746
1.535
1.048
0.573
0.451
0.353
0.29
0.302
1.914
4.139
3.291
3.072
2.678
4.391
2.791
3.266
3.53
5.182
3.404
3.192
2.497
2.472
2.568
2.136
0.724
1.522
1.064
0.614
0.501
0.375
0.302
0.345
1.329
5.629
4.343
3.653
3.083
4.81
2.411
3.036
3.453
5.282
4.176
3.192
2.855
2.611
2.545
2.067
0.751
0.794
0.767
0.706
0.505
0.404
0.424
0.426
0.424
1.684
2.722
2.165
1.87
3.061
1.536
5.474
6.747
6.994
7.021
5.526
2.867
3.781
2.555
2.016
2.288
0.718
0.468
0.645
0.533
0.393
0.396
0.426
0.48
1.684
2.722
1.349
1.876
3.061
1.536
3.508
6.747
6.994
7.021
6.251
2.867
2.883
2.293
2.022
2.343
1.548
1.167
0.699
0.619
0.466
0.388
0.391
1.306
5.629
4.643
3.84
3.311
4.81
2.898
3.44
3.691
5.282
4.743
3.498
3.136
2.664
1.932
0.879
0.49
0.719
0.469
0.401
0.577
0.46
0.398
0.454
1.64
5.07
4.397
3.433
3.042
4.302
2.227
2.535
2.376
5.392
4.928
2.995
2.176
2.855
2.598
0.81
0.515
0.476
0.529
0.499
0.653
0.51
0.451
0.512
1.674
4.007
3.837
3.083
3.349
4.055
2.578
2.535
2.896
5.556
4.85
2.816
1.943
2.956
2.624
0.923
0.632
0.535
0.529
0.511
0.699
0.507
0.464
0.512
1.674
4.033
3.754
3.083
3.349
3.632
2.417
1.71
2.283
4.721
5.369
3.062
2.158
3.052
2.537
0.923
0.632
0.562
0.527
0.504
0.654
0.487
0.464
0.48
0.92
1.959
2.515
2.334
3.218
3.671
3.74
2.788
4.257
4.933
4.988
3.208
1.724
2.679
2.532
1.092
0.593
0.517
0.478
0.688
0.533
0.427
0.381
0.386
0.48
0.591
2.337
4.951
3.826
3.095
1.968
3.054
4.633
3.968
6.909
6.251
2.78
2.999
2.525
2.022
2.343
0.3
0.308
0.373
0.442
0.341
0.286
0.268
0.427
0.383
1.311
5.452
4.721
2.849
1.596
0.592
0.641
0.875
4.284
5.305
1.998
1.992
1.407
1.51
0.784
0.473
0.397
0.418
0.515
0.358
0.371
0.399
0.829
1.846
1.735
1.743
2.81
3.409
3.132
1.877
3.63
4.496
5.209
2.969
1.427
2.603
2.414
1.128
0.568
0.493
0.381
0.423
0.497
0.36
0.376
0.385
1.194
1.68
1.199
1.212
2.226
2.732
3.132
1.836
3.751
3.754
4.654
2.701
2.324
2.297
1.437
1.196
0.529
0.383
0.266
0.323
0.349
0.262
0.298
0.339
1.27
1.813
1.058
0.975
1.37
1.792
2.881
1.775
3.24
3.326
4.689
2.679
2.817
2.991
3.27
1.973
0.847
0.692
0.635
0.695
0.647
0.637
0.703
0.73
1.81
1.124
0.819
1.689
2.421
2.344
2.891
2.351
3.349
3.631
3.632
2.409
2.644
2.456
3.474
1.973
0.884
0.738
0.69
0.763
0.691
0.699
0.744
0.813
1.949
1.375
0.934
1.791
2.269
1.988
1.608
1.668
1.988
3.396
3.36
1.974
2.713
2.527
3.605
1.981
0.904
0.279
0.308
0.317
0.348
0.302
0.279
0.252
0.32
0.472
2.627
5.452
4.721
2.849
1.416
1.007
0.903
1.134
4.397
4.581
2.342
2.009
1.65
1.458
0.72
0.551
0.26
0.264
0.43
0.249
0.28
0.273
0.321
1.046
2.98
4.085
3.475
1.167
0.34
0.79
0.916
3.074
7.541
4.159
3.193
3.552
3.375
3.259
1.641
0.784
0.74
0.812
0.753
0.744
0.78
0.852
3.176
1.731
0.808
1.791
2.269
2.008
1.814
1.74
2.147
3.959
2.497
2.083
2.962
3.077
3.743
2.555
1.267
0.817
0.738
0.813
0.763
0.731
0.793
0.824
2.602
1.731
0.808
1.737
2.435
2.123
1.766
1.759
1.969
3.959
2.625
2.494
2.88
3.135
3.743
2.678
1.267
0.817
0.789
0.813
0.763
0.766
0.796
0.882
2.641
1.597
1.118
2.198
2.912
2.486
1.811
2.344
1.868
3.073
3.173
2.883
3.091
2.485
2.654
1.973
0.95
0.547
0.571
0.506
0.498
0.522
0.499
0.649
2.305
1.385
1.465
1.807
3.704
2.612
1.706
2.612
2.269
3.467
3.855
3.798
3.933
3.248
3.63
3.088
0.967
0.48
0.559
0.46
0.461
0.484
0.476
0.694
2.428
1.625
1.758
2.322
4.205
2.862
2.541
2.828
2.402
3.847
4.255
5.45
4.113
3.373
3.814
3.422
1.62
1.4
0.402
0.336
0.447
0.351
0.338
0.34
0.33
1.132
2.98
3.507
1.324
0.305
0.388
0.834
0.916
3.074
7.541
4.678
6.408
4.341
6.154
5.403
2.329
2.457
0.808
0.685
0.848
0.702
1.851
1.93
4.085
4.606
5.145
5.721
4.249
4.743
1.218
1.522
2.67
4.187
5.497
5.155
6.408
4.341
6.156
5.539
3.931
1.369
0.696
0.551
0.53
0.581
0.626
0.771
1.233
1.296
2.123
3.266
4.636
4.816
3.072
3.379
2.375
3.725
4.255
6.946
5.569
3.743
4.647
4.284
2.429
1.699
0.969
0.771
0.73
0.79
0.764
0.862
1.245
1.372
2.123
3.661
4.636
5.085
3.185
3.379
2.377
3.941
4.716
6.946
7.223
5.016
5.276
4.358
2.523
1.833
0.985
0.841
0.806
0.853
0.833
0.862
1.204
1.372
2.062
3.693
4.427
5.704
4.292
3.304
3.573
4.639
4.046
7.488
6.904
5.253
5.406
4.979
3.094
2.569
1.189
0.842
0.779
0.813
0.763
0.779
1.041
1.355
2.869
3.693
3.793
5.302
4.031
2.762
3.997
4.523
4.188
7.614
6.694
5.572
4.916
4.338
3.489
2.947
1.487
0.916
0.779
0.813
0.796
0.733
0.786
0.915
2.564
3.523
3.031
5.209
3.673
3.622
4.155
3.794
4.19
6.727
6.877
5.717
4.916
4.365
3.013
