0.0
0.0
0.0
0.0
0.0
0.0
0.0
0.0
0.0
0.0
0.0
0.0
0.0
0.0
0.0
0.0
0.0
0.0
0.0
0.0
0.0
0.0
0.0
0.0
0.0
0.0
0.0
0.0
0.0
0.0
0.0
0.0
0.0
0.0
0.0
0.0
0.0
0.0
0.0
0.0
0.0
0.0
0.0
0.0
0.0
0.0
0.0
0.0
0.0
0.0
0.0
0.0
0.0
0.0
0.0
0.0
0.0
0.0
0.0
0.0
0.0
0.0
0.0
0.0
0.0
0.0
0.0
0.0
0.0
0.0
0.0
0.0
0.0
0.0
0.0
0.0
0.0
0.0
0.0
0.0
0.0
0.0
0.0
0.0
0.0
0.0
0.0
0.0
0.0
0.0
0.0
0.0
0.0
0.0
0.0
0.0
0.0
0.0
0.0
0.0
0.0
0.0
0.0
0.0
0.0
0.0
0.0
0.0
0.0
0.0
0.0
0.0
0.0
0.0
0.0
0.0
0.0
0.0
0.0
0.0
0.0
0.0
0.0
0.0
0.0
0.0
0.0
0.0
0.0
0.0
0.0
0.0
0.0
0.0
0.0
0.0
0.0
0.0
0.0
0.0
0.0
0.0
0.0
0.0
0.0
0.0
0.0
0.0
0.0
0.0
0.0
0.0
0.0
0.0
0.0
0.0
0.0
0.0
0.0
0.0
0.0
0.0
0.0
0.0
0.0
0.0
0.0
0.0
0.0
0.0
0.0
0.0
0.0
0.0
0.0
0.0
0.0
0.0
0.0
0.0
0.0
0.0
0.0
0.0
0.0
0.0
0.0
0.0
0.0
0.0
0.0
0.0
0.0
0.0
0.0
0.0
0.0
0.0
0.0
0.0
0.0
0.0
0.0
0.0
0.0
0.0
0.0
0.0
0.0
0.0
0.0
0.0
0.0
0.0
0.0
0.0
0.0
0.0
0.0
0.0
0.0
0.0
0.0
0.0
0.0
0.0
0.0
0.0
0.0
0.0
0.0
0.0
0.0
0.0
0.0
0.0
0.0
0.0
0.0
0.0
0.0
0.0
0.0
0.0
0.0
0.0
0.0
0.0
0.0
0.0
0.0
0.0
0.0
0.0
0.0
0.0
0.0
0.0
0.0
0.0
0.0
0.0
0.0
0.0
0.0
0.0
0.0
0.0
0.0
0.0
0.0
0.0
0.0
0.0
0.0
0.0
0.0
0.0
0.0
0.0
0.0
0.0
0.0
0.0
0.0
0.0
0.0
0.0
0.0
0.0
0.0
0.0
0.0
0.0
0.0
0.0
0.0
0.0
0.0
0.0
0.0
0.0
0.0
0.0
0.0
0.0
0.0
0.0
0.0
0.0
0.0
0.0
0.0
0.0
0.0
0.0
0.0
0.0
0.0
0.0
0.0
0.0
0.0
0.0
0.0
0.0
0.0
0.0
0.0
0.0
0.0
0.0
0.0
0.0
0.0
0.0
0.0
0.0
0.0
0.0
0.0
0.0
0.0
0.0
0.0
0.0
0.0
0.0
0.0
0.0
0.0
0.0
0.0
0.0
0.0
0.0
0.0
0.0
0.0
0.0
0.0
0.0
0.0
0.0
0.0
0.0
0.0
0.0
0.0
0.0
0.0
0.0
0.0
0.0
0.0
0.0
0.0
0.0
0.0
0.0
0.0
0.0
0.0
0.0
0.0
0.0
0.0
0.0
0.0
0.0
0.0
0.0
0.0
0.0
0.0
0.0
0.0
0.0
0.0
0.0
0.0
0.0
0.0
0.0
0.0
0.0
0.0
0.0
0.0
0.0
0.0
0.0
0.0
0.0
0.0
0.0
0.0
0.0
0.0
0.0
0.0
0.0
0.0
0.0
0.0
0.0
0.0
0.0
0.0
0.0
0.0
0.0
0.0
0.0
0.0
0.0
0.0
0.0
0.0
0.0
0.0
0.0
0.0
0.0
0.0
0.0
0.0
0.0
0.0
0.0
0.0
0.0
0.0
0.0
0.0
0.0
0.0
0.0
0.0
0.0
0.0
0.0
0.0
0.0
0.0
0.0
0.0
0.0
0.0
0.0
0.0
0.0
0.0
0.0
0.0
0.0
0.0
0.0
0.0
0.0
0.0
0.0
0.0
0.0
0.0
0.0
0.0
0.0
0.0
0.0
0.0
0.0
0.0
0.0
0.0
0.0
0.0
0.0
0.0
0.0
0.0
0.0
0.0
0.0
0.0
0.0
0.0
0.0
0.0
0.0
0.0
0.0
0.0
0.0
0.0
0.0
0.0
0.0
0.0
0.0
0.0
0.0
0.0
0.0
0.0
0.0
0.0
0.0
0.0
0.0
0.0
0.0
0.0
0.0
0.0
0.0
0.0
0.0
0.0
0.0
0.0
0.0
0.0
0.0
0.0
0.0
0.0
0.0
0.0
0.0
0.0
0.0
0.0
0.0
0.0
0.0
0.0
0.0
0.0
0.0
0.0
0.0
0.0
0.0
0.0
0.0
0.0
0.0
0.0
0.0
0.0
0.0
0.0
0.0
0.0
0.0
0.0
0.0
0.0
0.0
0.0
0.0
0.0
0.0
0.0
0.0
0.0
0.0
0.0
0.0
0.0
0.0
0.0
0.0
0.0
0.0
0.0
0.0
0.0
0.0
0.0
0.0
0.0
0.0
0.0
0.0
0.0
0.0
0.0
0.0
0.0
0.0
0.0
0.0
0.0
0.0
0.0
0.0
0.0
0.0
0.0
0.0
0.0
0.0
0.0
0.0
0.0
0.0
0.0
0.0
0.0
0.0
0.0
0.0
0.0
0.0
0.0
0.0
0.0
0.0
0.0
0.0
0.0
0.0
0.0
0.0
0.0
0.0
0.0
0.0
0.0
0.0
0.0
0.0
0.0
0.0
0.0
0.0
0.0
0.0
0.0
0.0
0.0
0.0
0.0
0.0
0.0
0.0
0.0
0.0
0.0
0.0
0.0
0.0
0.0
0.0
0.0
0.0
0.0
0.0
0.0
0.0
0.0
0.0
0.0
0.0
0.0
0.0
0.0
0.0
0.0
0.0
0.0
0.0
0.0
0.0
0.0
0.0
0.0
0.0
0.0
0.0
0.0
0.0
0.0
0.0
0.0
0.0
0.0
0.0
0.0
0.0
0.0
0.0
0.0
0.0
0.0
0.0
0.0
0.0
0.0
0.0
0.0
0.0
0.0
0.0
0.0
0.0
0.0
0.0
0.0
0.0
0.0
0.0
0.0
0.0
0.0
0.0
0.0
0.0
0.0
0.0
0.0
0.0
0.0
0.0
0.0
0.0
0.0
0.0
0.0
0.0
0.0
0.0
0.0
0.0
0.0
0.0
0.0
0.0
0.0
0.0
0.0
0.0
0.0
0.0
0.0
0.0
0.0
0.0
0.0
0.0
0.0
0.0
0.0
0.0
0.0
0.0
0.0
0.0
0.0
0.0
0.0
0.0
0.0
0.0
0.0
0.0
0.0
0.0
0.0
0.0
0.0
0.0
0.0
0.0
0.0
0.0
0.0
0.0
0.0
0.0
0.0
0.0
0.0
0.0
0.0
0.0
0.0
0.0
0.0
0.0
0.0
0.0
0.0
0.0
0.0
0.0
0.0
0.0
0.0
0.0
0.0
0.0
0.0
0.0
0.0
0.0
0.0
0.0
0.0
0.0
0.0
0.0
0.0
0.0
0.0
0.0
0.0
0.0
0.0
0.192
0.161
0.182
0.167
0.186
4.613
1.225
0.129
0.092
0.109
0.082
0.114
0.097
0.287
0.199
0.213
0.676
1.145
2.504
1.394
1.621
1.67
0.709
0.221
0.194
0.16
0.184
0.168
0.186
4.491
1.632
0.149
0.089
0.111
0.085
0.104
0.108
0.283
0.2
0.219
0.674
1.073
2.48
1.434
1.685
1.658
0.689
0.211
0.194
0.17
0.184
0.179
0.186
3.561
2.238
0.149
0.092
0.103
0.093
0.099
0.114
0.283
0.195
0.222
0.5
0.641
2.173
1.339
1.685
1.594
0.689
0.195
0.198
0.167
0.184
0.182
0.175
2.743
2.642
0.204
0.15
0.154
0.154
0.15
0.171
0.347
0.244
0.186
0.486
0.702
1.666
1.217
1.732
1.61
0.648
0.857
0.687
0.694
0.74
0.824
0.189
0.232
0.241
0.216
0.221
0.719
2.976
1.26
0.582
0.516
1.988
2.033
1.068
0.85
0.414
0.467
1.565
1.243
0.317
0.942
0.712
0.681
0.74
0.824
0.199
0.232
0.245
0.216
0.221
1.048
3.25
1.285
0.582
0.364
0.369
0.745
1.027
0.697
0.765
1.678
1.039
0.603
0.678
0.182
0.186
0.166
0.172
0.182
0.164
3.525
2.642
0.24
0.147
0.156
0.154
0.139
0.171
0.346
0.244
0.268
0.474
0.706
1.7
1.217
1.557
1.241
0.437
0.195
0.187
0.167
0.184
0.169
0.175
3.709
2.171
0.273
0.194
0.208
0.198
0.18
0.185
0.168
0.176
0.282
0.804
1.091
1.308
1.478
1.359
0.778
0.455
0.197
0.175
0.177
0.171
0.178
0.163
3.807
1.676
0.273
0.204
0.201
0.201
0.184
0.178
0.173
0.174
0.281
0.876
1.084
0.745
1.249
1.288
0.778
0.493
0.197
0.181
0.173
0.171
0.179
0.163
4.502
0.937
0.256
0.203
0.209
0.194
0.185
0.179
0.173
0.169
0.286
0.876
1.015
1.363
1.456
1.314
0.911
0.57
0.199
0.176
0.176
0.164
0.184
0.163
5.092
0.374
0.204
0.145
0.155
0.139
0.129
0.122
0.109
0.119
0.228
0.785
0.967
1.324
1.587
1.222
0.9
1.037
0.356
0.182
0.18
0.572
0.8
0.199
0.204
0.245
0.192
0.218
1.037
5.376
2.467
0.305
0.097
0.478
1.144
1.171
0.934
1.085
2.389
2.271
0.711
0.735
0.489
0.239
0.214
0.195
0.165
0.199
0.175
0.196
0.157
2.605
1.032
4.927
2.467
1.693
0.119
0.471
1.123
1.171
0.934
1.085
2.389
2.271
0.738
1.082
0.433
0.189
0.176
0.173
0.19
0.164
4.92
0.749
0.235
0.165
0.174
0.16
0.15
0.137
0.123
0.147
0.164
0.714
0.945
1.269
1.587
0.95
0.879
1.038
0.425
0.185
0.176
0.17
0.19
0.154
5.069
0.744
0.178
0.118
0.126
0.11
0.109
0.12
0.106
0.118
0.151
0.38
0.495
1.219
1.33
0.899
0.865
1.036
0.418
0.185
0.166
0.17
0.182
0.154
4.984
0.74
0.185
0.108
0.137
0.105
0.104
0.124
0.107
0.114
0.151
0.232
0.425
1.501
1.401
0.884
0.828
1.033
0.397
0.17
0.142
0.163
0.158
0.147
5.083
0.696
0.195
0.119
0.126
0.105
0.111
0.117
0.107
0.114
0.147
0.232
0.518
1.393
1.297
0.905
0.728
1.187
0.38
0.156
0.119
0.151
0.134
0.144
4.732
0.669
0.186
0.116
0.132
0.101
0.106
0.117
0.113
0.106
0.173
0.344
0.543
1.525
1.136
1.217
1.045
0.676
0.497
0.348
0.306
0.284
0.28
0.301
0.298
0.285
0.268
2.693
0.293
3.951
2.882
1.943
0.213
1.252
1.403
0.645
0.82
0.775
1.151
2.007
0.905
0.719
0.497
0.348
0.306
0.279
0.28
0.295
0.306
0.274
0.268
2.693
1.014
0.641
0.84
1.943
0.452
0.985
0.553
0.311
0.462
0.603
0.676
0.617
0.905
0.719
0.15
0.146
0.119
0.151
0.136
0.16
3.649
0.298
0.152
0.107
0.108
0.081
0.088
0.1
0.096
0.106
0.232
0.706
1.084
2.171
1.494
1.211
1.091
0.737
0.133
0.13
0.1
0.13
0.118
0.146
3.461
0.793
0.154
0.108
0.101
0.082
0.095
0.096
0.097
0.107
0.228
0.705
1.176
2.223
1.669
1.407
1.432
1.134
0.134
0.128
0.115
0.127
0.119
0.162
2.492
0.763
0.174
0.108
0.103
0.084
0.098
0.104
0.093
0.113
0.236
0.709
1.271
2.249
1.674
1.417
1.505
1.134
0.159
0.125
0.119
0.125
0.12
0.175
1.316
0.774
0.209
0.098
0.106
0.093
0.092
0.103
0.101
0.112
0.234
0.894
1.526
1.87
1.631
1.417
1.519
0.94
0.175
0.145
0.144
0.139
0.151
0.198
2.096
0.806
0.229
0.1
0.105
0.093
0.097
0.106
0.094
0.114
0.217
0.846
1.5
1.87
1.833
1.141
1.188
0.999
0.289
0.27
0.249
0.248
0.232
0.295
0.306
0.253
0.226
0.311
1.014
0.641
0.84
0.829
0.452
0.985
0.553
0.312
0.361
0.72
0.793
0.88
0.768
0.261
0.259
0.157
0.154
0.144
0.144
0.177
0.188
0.163
0.133
0.195
2.831
0.313
0.56
1.641
0.926
0.376
0.253
0.267
0.287
0.82
1.401
1.34
0.821
0.689
0.171
0.154
0.143
0.139
0.149
0.183
3.186
1.128
0.226
0.109
0.131
0.109
0.113
0.126
0.117
0.131
0.302
0.473
0.939
1.622
1.592
1.106
1.158
1.004
0.181
0.154
0.154
0.144
0.158
0.183
2.726
0.673
0.226
0.112
0.133
0.125
0.11
0.122
0.129
0.133
0.325
0.633
0.881
1.537
1.293
0.872
0.771
0.57
0.194
0.163
0.143
0.144
0.166
0.162
2.726
0.673
1.232
0.121
0.124
0.127
0.11
0.124
0.134
0.131
0.32
0.633
0.815
1.668
1.346
0.919
0.721
0.57
0.171
0.162
0.143
0.153
0.166
0.181
2.726
0.697
1.202
0.121
0.132
0.119
0.11
0.124
0.134
0.131
0.319
0.485
0.855
2.411
1.527
1.027
0.786
0.563
0.166
0.141
0.128
0.135
0.142
0.179
2.345
0.69
1.205
0.123
0.131
0.13
0.106
0.121
0.139
0.131
0.313
0.417
0.855
2.411
1.276
1.108
0.956
0.768
0.838
0.308
0.154
0.149
0.15
0.151
0.141
0.157
0.15
3.128
3.872
0.144
1.078
2.145
1.729
1.159
0.458
0.694
0.611
0.845
1.401
1.456
1.236
0.971
0.838
0.308
0.142
0.149
0.15
0.151
0.141
0.157
0.15
3.128
3.872
0.327
1.078
2.145
1.729
1.277
0.495
0.722
0.642
0.697
1.305
1.456
1.236
1.171
0.455
0.28
0.128
0.139
0.137
0.182
1.221
0.331
1.197
0.11
0.102
0.112
0.099
0.1
0.12
0.135
0.22
0.483
0.926
2.032
1.268
1.178
1.073
0.615
0.474
0.294
0.144
0.15
0.147
0.235
0.644
0.333
1.189
0.107
0.105
0.101
0.097
0.098
0.119
0.132
0.194
0.814
1.796
1.967
1.322
1.214
1.073
0.589
0.452
0.286
0.144
0.157
0.134
0.258
0.644
0.347
0.161
0.097
0.113
0.098
0.098
0.094
0.114
0.132
0.2
0.788
1.78
2.015
1.567
1.159
1.071
0.619
0.478
0.291
0.151
0.143
0.134
0.266
0.652
0.313
0.164
0.355
0.111
0.099
0.098
0.102
0.105
0.131
0.208
0.791
1.66
1.167
1.58
1.224
1.341
0.972
0.497
0.288
0.154
0.144
0.126
0.276
0.233
0.269
0.502
0.35
0.112
0.091
0.111
0.15
0.1
0.143
0.23
1.161
1.775
1.221
1.712
1.253
1.224
0.693
1.069
0.31
0.152
0.155
0.144
0.174
0.15
0.151
0.161
3.157
2.16
0.753
0.934
1.123
1.322
1.277
0.495
0.722
0.642
0.702
1.63
1.247
1.156
0.848
0.895
0.187
0.196
0.183
0.181
0.255
0.199
0.173
0.185
0.201
0.466
0.753
0.632
0.466
0.426
0.551
0.528
0.431
0.516
0.589
1.63
1.092
0.945
0.753
0.204
0.229
0.452
0.225
0.132
0.294
0.343
0.264
0.482
0.356
0.113
0.093
0.11
0.157
0.101
0.098
0.131
1.094
1.773
1.221
1.712
1.267
1.2
0.816
0.205
0.229
0.441
0.237
0.129
0.289
0.33
0.212
0.478
0.356
0.114
0.092
0.11
0.157
0.097
0.102
0.131
0.602
0.916
1.194
1.804
1.262
1.171
0.816
0.216
0.245
0.451
0.246
0.158
0.298
0.33
0.191
0.462
0.356
0.104
0.1
0.106
0.149
0.097
0.11
0.123
0.587
0.904
0.807
1.359
1.272
1.146
0.863
0.222
0.257
0.471
0.26
0.175
0.305
0.308
0.188
0.451
0.099
0.104
0.1
0.106
0.137
0.105
0.11
0.202
0.667
0.619
0.865
1.212
1.227
0.856
0.444
0.211
0.257
0.471
0.26
0.175
0.305
0.309
0.169
0.103
0.261
0.208
0.166
0.244
0.203
0.22
0.328
0.353
0.534
0.513
1.033
1.168
1.115
0.931
0.531
0.895
0.187
0.196
0.183
0.181
0.279
0.199
0.173
0.185
0.201
0.188
0.566
0.333
0.322
0.264
0.351
0.464
0.295
0.355
0.424
1.308
0.626
0.482
0.455
0.59
0.175
0.18
0.19
0.181
0.279
0.199
0.166
0.168
0.192
0.144
1.49
1.724
0.365
0.38
0.503
0.636
0.416
0.655
0.833
0.522
0.53
0.588
0.544
0.205
0.159
0.156
0.163
0.163
0.278
0.193
0.727
0.47
0.251
0.207
0.164
0.242
0.201
0.22
0.328
0.346
0.434
0.427
1.033
1.189
1.126
1.03
0.647
0.168
0.151
0.136
0.141
0.148
0.248
0.175
1.457
0.883
0.251
0.205
0.165
0.242
0.201
0.212
0.333
0.344
0.502
0.542
1.177
1.118
1.126
1.03
0.718
0.163
0.156
0.149
0.143
0.144
0.255
0.184
1.683
1.267
0.252
0.212
0.193
0.261
0.208
0.218
0.323
0.349
0.553
0.682
1.144
1.375
1.123
1.039
0.622
0.115
0.143
0.117
0.129
0.135
0.235
0.167
1.988
1.618
0.271
0.222
0.246
0.301
0.228
0.229
0.342
0.292
0.474
0.694
1.12
1.274
1.001
1.0
0.698
0.109
0.143
0.117
0.123
0.137
0.233
0.155
2.828
1.618
0.112
0.118
0.211
0.17
0.119
0.113
0.112
0.117
0.229
0.684
1.901
1.728
1.087
0.912
0.617
0.196
0.135
0.147
0.138
0.143
0.267
0.142
0.128
0.142
0.151
2.155
1.695
2.33
0.461
0.541
0.48
0.589
0.494
1.521
1.4
1.066
1.188
1.017
0.544
0.205
0.176
0.176
0.186
0.255
0.26
0.169
0.202
0.521
1.381
2.67
1.695
2.33
0.461
0.541
0.48
0.589
0.494
1.521
1.4
1.066
1.188
1.017
0.41
0.137
0.157
0.141
0.139
0.153
0.261
0.269
2.509
1.371
0.118
0.12
0.239
0.191
0.113
0.111
0.134
0.274
0.361
0.808
1.903
1.832
1.012
0.791
0.408
0.144
0.149
0.141
0.138
0.156
0.264
0.269
2.035
1.353
0.118
0.116
0.247
0.196
0.113
0.112
0.124
0.285
0.299
0.667
1.805
1.832
1.131
0.785
0.366
0.124
0.135
0.11
0.121
0.147
0.237
1.024
2.035
1.315
0.118
0.11
0.241
0.196
0.108
0.107
0.14
0.39
0.581
0.862
2.398
1.61
1.123
0.784
0.382
0.124
0.131
0.114
0.121
0.155
0.237
1.02
2.083
0.957
0.104
0.094
0.219
0.164
0.092
0.087
0.134
0.375
0.616
1.05
2.45
1.739
1.169
0.853
0.552
0.156
0.159
0.14
0.14
0.183
0.257
1.264
1.329
0.961
0.104
0.097
0.218
0.145
0.096
0.091
0.403
0.461
0.688
1.085
1.487
1.229
1.049
0.842
0.552
0.17
0.138
0.146
0.133
0.218
0.238
0.127
0.158
0.49
1.351
2.67
0.366
0.74
0.206
0.279
0.3
0.62
0.563
1.188
0.965
1.215
1.209
1.012
0.205
0.259
0.139
0.143
0.142
0.218
0.186
0.139
0.157
0.49
1.343
2.091
1.04
0.923
0.678
0.266
0.495
0.613
0.598
0.461
1.097
0.842
1.171
0.952
0.53
0.128
0.146
0.116
0.126
0.161
0.234
1.146
1.864
1.292
0.109
0.095
0.205
0.128
0.096
0.091
0.406
0.488
0.784
1.621
2.014
1.125
1.137
0.839
0.607
0.145
0.168
0.138
0.142
0.18
0.237
1.166
2.342
1.174
0.134
0.134
0.21
0.127
0.116
0.123
0.418
0.508
0.795
1.765
2.014
1.174
1.037
0.851
0.579
0.153
0.163
0.148
0.139
0.173
0.226
0.421
2.416
1.2
0.134
0.157
0.196
0.131
0.116
0.121
0.415
0.414
0.579
1.719
2.01
1.396
1.111
0.888
0.553
0.167
0.157
0.156
0.14
0.162
0.224
0.421
2.431
1.2
0.131
0.183
0.192
0.131
0.117
0.122
0.415
0.415
0.579
2.322
2.45
1.271
1.128
0.789
0.345
0.137
0.135
0.132
0.116
0.137
0.189
0.951
2.431
1.623
0.135
0.2
0.171
0.134
0.107
0.117
0.159
0.334
0.548
2.322
2.484
1.356
1.224
0.94
0.597
0.337
0.133
0.16
0.133
0.144
0.22
0.14
0.12
0.154
1.466
2.102
1.172
1.375
0.902
0.804
1.418
0.994
0.598
0.821
1.248
1.212
1.233
1.894
1.025
0.337
0.151
0.16
0.133
0.151
0.222
0.14
0.132
0.153
1.482
2.233
2.287
1.55
1.055
1.359
1.506
1.255
0.722
1.24
1.281
1.022
1.891
1.871
1.025
0.234
0.138
0.132
0.119
0.136
0.191
0.985
1.784
1.47
0.153
0.269
0.216
0.133
0.106
0.116
0.201
0.16
0.316
1.795
2.192
2.302
1.353
0.94
0.491
0.247
0.137
0.11
0.105
0.112
0.178
0.965
1.071
1.203
0.131
0.248
0.192
0.476
0.283
0.319
0.428
0.291
0.47
1.865
2.298
2.33
1.353
0.943
0.598
0.373
0.146
0.099
0.115
0.102
0.174
0.95
1.286
1.013
0.537
0.245
0.192
0.476
0.292
0.323
0.427
0.291
0.376
1.662
1.982
2.131
1.287
0.908
0.703
0.38
0.146
0.096
0.114
0.107
0.153
0.964
0.912
1.358
0.546
0.221
0.181
0.479
0.287
0.322
0.423
0.28
0.348
0.848
1.84
2.347
1.401
1.051
0.846
0.428
0.167
0.112
0.137
0.121
0.153
0.223
0.791
0.945
0.878
0.2
0.175
0.473
0.286
0.325
0.415
0.264
0.366
0.704
1.84
2.299
1.325
1.096
0.888
0.705
0.151
0.158
0.13
0.173
0.222
0.14
0.132
0.16
1.499
2.951
2.264
2.174
0.751
1.359
1.506
1.255
0.857
1.546
2.104
1.079
1.723
1.871
0.951
0.123
0.359
0.117
0.094
0.161
0.142
0.139
0.113
0.109
0.154
2.951
2.264
3.216
0.763
1.583
0.772
1.067
0.857
1.546
2.104
0.913
2.068
1.08
0.706
0.397
0.468
0.148
0.136
0.121
0.14
0.196
1.612
0.684
1.21
0.114
0.11
0.474
0.287
0.328
0.357
0.318
0.513
0.975
2.684
1.561
1.091
1.159
1.0
0.772
0.488
0.149
0.127
0.132
0.116
0.199
1.612
0.879
1.534
0.094
0.092
0.109
0.09
0.096
0.109
0.156
0.382
0.903
2.647
1.798
1.632
1.286
1.028
0.64
0.478
0.159
0.115
0.132
0.12
0.198
1.017
1.043
1.136
0.094
0.092
0.109
0.082
0.092
0.109
0.151
0.377
1.011
2.998
2.443
2.258
1.384
1.063
0.641
0.483
0.149
0.116
0.122
0.12
0.193
1.006
1.638
1.487
0.096
0.094
0.1
0.084
0.093
0.101
0.153
0.691
1.199
2.863
2.871
2.358
1.365
1.126
0.615
0.481
0.149
0.111
0.117
0.125
0.188
1.047
1.647
1.534
0.096
0.089
0.096
0.085
0.088
0.097
0.153
0.688
1.199
3.194
2.892
2.554
1.247
0.975
0.34
0.602
0.161
0.088
0.161
0.111
0.176
0.11
0.109
1.872
2.262
0.956
3.216
0.657
1.208
0.605
0.74
0.713
1.974
3.077
0.921
1.387
1.292
0.921
1.688
0.602
0.183
0.125
0.144
0.146
0.227
0.147
0.14
1.903
2.25
0.401
3.118
1.224
2.635
1.197
0.733
1.38
2.891
2.118
2.171
2.248
1.292
0.935
1.732
0.184
0.133
0.128
0.136
0.138
0.208
0.209
2.45
1.206
0.093
0.089
0.085
0.085
0.085
0.089
0.216
0.84
1.166
2.155
2.981
2.554
1.198
0.908
0.321
0.158
0.133
0.137
0.125
0.138
0.212
0.244
2.286
1.301
0.093
0.109
0.101
0.106
0.092
0.1
0.212
0.771
1.009
2.302
2.977
2.644
1.105
0.919
0.352
0.164
0.132
0.137
0.125
0.128
0.212
0.222
2.251
1.662
0.085
0.106
0.101
0.105
0.092
0.103
0.217
0.775
0.847
2.723
3.003
2.473
1.078
0.926
0.461
0.168
0.131
0.136
0.133
0.129
0.212
0.247
1.405
1.642
0.087
0.109
0.102
0.103
0.09
0.101
0.216
0.458
0.859
2.729
2.667
2.413
1.144
0.882
0.519
0.156
0.112
0.117
0.114
0.106
0.189
0.253
1.39
1.595
0.086
0.109
0.101
0.103
0.091
0.102
0.216
0.459
0.735
2.421
2.71
2.583
2.114
0.882
0.556
0.623
0.183
0.136
0.144
0.131
0.227
0.137
0.144
1.903
2.604
1.529
2.304
1.612
2.85
1.91
1.137
1.799
2.891
2.64
2.856
2.113
1.224
1.0
1.732
0.481
0.174
0.16
0.154
0.167
0.244
0.166
0.185
0.223
2.604
2.231
1.899
1.612
2.85
1.91
1.364
2.702
3.164
1.94
2.856
2.113
0.974
0.819
0.619
0.15
0.091
0.094
0.092
0.085
0.17
0.412
0.557
1.696
0.086
0.109
0.102
0.104
0.091
0.102
0.117
0.349
0.711
2.421
2.702
2.583
2.635
1.168
0.58
0.136
0.091
0.092
0.093
0.085
0.163
0.386
0.549
2.021
0.539
0.088
0.084
0.083
0.083
0.086
0.117
0.35
0.693
2.54
2.656
2.204
2.635
1.172
0.603
0.134
0.091
0.095
0.096
0.087
0.16
0.415
0.288
2.089
0.542
0.088
0.085
0.084
0.084
0.084
0.113
0.347
0.761
2.289
2.222
2.147
2.851
1.142
0.561
0.125
0.098
0.095
0.087
0.085
0.159
0.383
0.861
2.089
0.539
0.087
0.086
0.086
0.086
0.085
0.113
0.347
0.502
2.14
3.194
2.016
3.048
1.494
0.521
0.132
0.128
0.113
0.105
0.109
0.183
0.37
0.87
2.019
0.542
0.093
0.088
0.086
0.085
0.085
0.112
0.347
0.535
2.701
2.865
1.727
2.141
1.494
0.541
0.444
0.192
0.372
0.27
0.275
0.351
0.274
0.293
0.312
0.604
2.231
1.678
1.103
1.496
1.587
1.364
2.434
2.234
1.94
1.835
1.131
0.859
0.817
0.361
0.27
0.195
0.372
0.271
0.276
0.351
0.283
0.316
2.663
0.965
1.146
1.678
0.635
0.744
0.968
0.949
2.015
1.886
1.193
1.124
0.556
0.52
0.497
0.23
0.132
0.127
0.119
0.111
0.109
0.181
0.192
1.157
1.966
0.542
0.093
0.087
0.085
0.085
0.085
0.09
0.227
0.301
3.301
2.903
1.754
1.57
1.155
0.483
0.136
0.142
0.134
0.131
0.13
0.204
0.206
1.34
1.589
0.108
0.112
0.107
0.249
0.392
0.1
0.105
0.221
0.331
3.079
2.696
1.9
1.477
1.105
0.425
0.148
0.154
0.153
0.149
0.146
0.218
0.194
1.558
1.48
0.164
0.112
0.107
0.769
1.008
0.234
0.148
0.222
0.369
2.462
2.475
1.52
1.148
1.095
0.434
0.168
0.167
0.166
0.163
0.165
0.237
0.211
0.925
1.543
0.528
0.183
0.103
0.889
1.177
0.386
0.206
0.228
0.435
3.354
2.024
1.574
0.903
0.683
0.477
0.192
0.19
0.19
0.184
0.188
0.237
0.194
1.211
1.672
0.546
0.201
0.126
0.919
1.206
0.407
0.228
0.233
0.431
2.908
2.049
1.574
1.064
0.789
0.479
0.27
0.195
0.372
0.271
0.276
0.346
0.283
0.316
2.663
0.965
0.163
0.747
0.316
0.341
0.442
0.382
0.387
0.584
0.466
0.502
0.966
1.082
0.83
0.203
0.229
0.182
0.182
0.168
0.17
0.234
0.211
0.244
2.593
0.911
0.19
0.168
0.185
0.164
0.162
0.176
0.16
0.18
0.167
0.149
0.67
0.778
0.551
0.174
0.234
0.218
0.212
0.206
0.219
0.252
0.986
0.942
1.645
0.564
0.223
0.16
0.919
1.206
0.416
0.253
0.356
0.593
2.312
2.045
1.439
1.04
0.789
0.4
0.234
0.218
0.206
0.204
0.216
0.246
0.986
1.863
1.603
0.564
0.205
0.142
0.786
0.925
0.416
0.253
0.356
0.574
2.331
2.231
1.194
1.147
0.902
0.475
0.233
0.201
0.187
0.184
0.2
0.232
0.97
2.136
1.27
0.506
0.205
0.143
0.281
0.31
0.287
0.225
0.336
0.466
2.705
3.28
1.193
1.301
0.869
0.439
0.219
0.184
0.169
0.166
0.181
0.214
0.959
2.718
0.941
0.142
0.135
0.143
0.16
0.14
0.136
0.182
0.313
0.455
1.818
2.44
1.02
1.178
0.809
0.36
0.194
0.156
0.129
0.125
0.129
0.191
0.928
3.015
0.5
0.122
0.113
0.12
0.131
0.112
0.116
0.173
0.285
0.43
1.649
2.406
1.226
1.913
0.756
0.385
0.196
0.192
0.201
0.181
0.168
0.206
0.212
0.23
0.238
0.23
0.218
0.228
0.212
0.213
0.226
0.676
0.489
1.323
0.602
0.461
0.932
1.16
0.923
0.55
0.196
0.202
0.201
0.181
0.177
0.232
0.231
0.23
0.288
0.241
0.33
0.744
0.745
2.037
1.188
1.414
0.702
1.54
0.94
0.798
1.176
0.853
0.775
0.779
0.142
0.115
0.088
0.08
0.079
0.157
0.133
3.015
0.151
0.105
0.097
0.34
0.187
0.106
0.13
0.184
0.122
0.679
1.706
2.999
1.506
1.913
0.846
0.459
0.12
0.11
0.088
0.083
0.083
0.15
0.141
2.096
0.579
0.103
0.096
0.337
0.171
0.106
0.124
0.182
0.122
0.761
1.796
2.791
1.505
1.899
0.836
0.793
0.535
0.128
0.11
0.104
0.104
0.163
0.173
1.829
0.918
0.104
0.097
0.336
0.17
0.105
0.125
0.183
0.126
0.763
1.31
1.655
1.565
1.862
0.909
0.807
0.553
0.145
0.127
0.12
0.126
0.182
0.209
1.989
1.27
0.102
0.091
0.334
0.168
0.103
0.127
0.184
0.129
0.711
1.491
1.667
1.565
1.91
0.966
1.064
0.599
0.129
0.129
0.124
0.134
0.174
0.204
1.608
1.684
0.1
0.089
0.335
0.167
0.101
0.132
0.178
0.13
0.714
1.497
1.737
1.804
1.108
0.966
1.053
0.208
0.202
0.187
0.17
0.165
0.189
0.198
0.188
0.256
0.212
0.296
1.269
2.73
2.256
1.496
1.414
0.83
1.54
1.024
0.944
1.176
0.93
0.775
0.779
0.185
0.147
0.143
0.121
0.145
0.182
0.187
0.132
0.253
0.182
0.249
1.418
2.897
2.587
1.728
1.286
2.797
2.066
1.696
1.028
1.159
0.831
0.601
0.478
0.6
0.131
0.127
0.124
0.14
0.17
0.214
1.711
1.775
0.083
0.083
0.08
0.081
0.082
0.1
0.134
0.08
0.263
1.207
1.186
1.576
1.108
0.95
1.118
0.618
0.156
0.153
0.142
0.17
0.178
0.462
1.711
1.779
0.083
0.082
0.08
0.098
0.094
0.109
0.127
0.089
0.183
1.184
1.842
1.543
1.219
1.05
0.692
0.193
0.14
0.129
0.118
0.167
0.152
0.887
1.651
1.8
0.081
0.081
0.078
0.111
0.107
0.116
0.111
0.103
0.187
1.513
2.305
2.014
1.418
1.226
0.919
0.239
0.167
0.157
0.148
0.193
0.178
0.901
1.196
1.8
0.08
0.081
0.077
0.11
0.118
0.124
0.106
0.105
0.159
1.447
3.068
2.465
1.547
1.219
0.687
0.191
0.159
0.157
0.15
0.192
0.182
0.939
1.266
1.738
0.079
0.08
0.078
0.109
0.118
0.123
0.097
0.105
0.152
1.285
3.173
2.398
1.827
1.344
0.596
0.2
0.143
0.152
0.973
0.138
0.126
0.141
0.082
0.139
0.116
0.393
1.418
4.447
2.471
1.331
0.987
3.021
2.292
1.993
1.158
1.082
1.151
0.913
0.359
0.973
1.38
0.655
1.276
0.183
0.156
0.181
0.178
0.167
1.124
2.109
3.006
4.262
4.11
2.989
2.406
4.033
3.578
3.883
1.983
2.066
1.948
1.911
1.157
0.234
0.174
0.174
0.17
0.211
0.202
0.939
1.461
1.831
0.075
0.077
0.077
0.111
0.118
0.13
0.106
0.304
1.084
2.014
3.466
3.071
2.047
1.344
0.525
0.232
0.171
0.166
0.166
0.192
0.201
0.718
1.461
1.886
0.075
0.077
0.078
0.092
0.105
0.118
0.106
0.569
1.705
2.19
3.032
3.071
2.047
1.214
0.514
0.232
0.171
0.166
0.166
0.173
0.201
1.094
1.774
1.549
0.075
0.078
0.077
0.074
0.083
0.106
0.13
0.566
1.961
2.683
2.617
2.631
1.865
0.998
0.276
0.199
0.159
0.148
0.141
0.143
0.161
1.067
1.489
1.547
0.085
0.081
0.081
0.078
0.059
0.173
0.704
0.799
2.192
2.637
1.853
2.258
1.759
1.02
0.692
0.613
0.159
0.144
0.139
0.144
0.167
1.038
1.203
1.516
0.453
0.936
0.341
0.238
0.056
0.172
0.715
0.799
2.192
2.637
1.688
1.94
1.478
0.835
0.677
1.637
1.391
0.66
1.276
0.22
0.181
0.216
0.234
0.219
1.18
3.355
3.226
4.262
4.11
2.989
2.594
2.38
2.423
3.57
2.473
2.066
1.948
1.911
1.157
1.637
1.391
0.66
0.451
0.22
0.181
0.216
0.234
0.219
1.18
3.355
3.226
2.846
2.354
2.407
2.594
2.279
2.388
3.094
2.473
1.806
1.644
1.627
1.108
0.562
0.138
0.127
0.109
0.119
0.136
0.995
0.712
0.987
0.443
0.964
0.341
0.227
0.059
0.148
0.705
0.598
1.233
1.81
0.965
0.954
0.891
0.733
0.587
0.527
0.098
0.096
0.078
0.087
0.102
0.947
0.687
0.465
0.43
0.964
0.357
0.232
0.068
0.145
0.705
0.324
0.64
1.674
0.998
1.45
0.957
0.837
0.905
0.715
0.101
0.096
0.078
0.087
0.093
0.12
0.169
1.174
0.522
1.012
0.453
0.739
0.414
0.53
0.952
0.482
0.554
1.205
1.475
1.548
0.898
0.907
1.164
0.946
0.126
0.102
0.074
0.104
0.091
0.102
0.156
1.128
0.539
1.043
0.47
1.372
0.935
0.836
0.385
0.25
0.294
0.879
1.214
1.299
0.651
0.65
0.683
0.511
0.121
0.098
0.082
0.098
0.06
0.1
0.15
1.123
0.158
0.204
0.21
1.21
0.935
0.836
0.387
0.25
0.294
0.879
1.22
1.308
0.655
0.656
0.683
0.805
0.121
0.115
0.118
0.131
0.107
0.174
0.179
0.133
0.143
1.64
1.009
0.988
0.08
0.132
0.824
0.624
0.574
0.403
1.186
0.525
0.432
0.347
0.16
0.055
0.024
0.024
0.024
0.024
0.04
0.073
0.134
0.054
0.053
0.09
0.036
0.078
0.054
0.054
0.169
0.129
0.089
0.07
0.111
0.052
0.051
0.024
0.024
0.511
0.122
0.098
0.082
0.098
0.06
0.103
0.169
1.138
0.173
0.178
0.208
1.21
0.92
0.836
0.406
0.253
0.306
0.879
1.225
1.308
0.655
0.635
0.667
0.541
0.138
0.1
0.084
0.1
0.076
0.119
0.169
1.844
0.175
0.182
0.211
1.212
0.923
0.832
0.406
0.256
0.27
1.016
1.626
1.196
1.04
0.683
0.502
0.357
0.139
0.088
0.072
0.088
0.092
0.11
0.843
1.635
0.084
0.138
0.133
0.72
0.591
0.46
0.149
0.099
0.184
1.005
1.779
1.241
1.277
0.488
0.237
0.095
0.082
0.055
0.055
0.053
0.085
0.1
1.025
1.375
0.432
0.109
0.102
0.074
0.064
0.249
0.395
0.37
0.514
1.848
2.492
1.526
1.535
0.721
0.536
0.119
0.104
0.064
0.064
0.064
0.12
0.123
1.028
1.971
1.46
0.849
0.966
0.454
0.49
0.544
0.506
0.542
0.846
2.171
3.534
1.877
1.867
0.89
0.664
0.024
0.024
0.024
0.024
0.024
0.04
0.073
0.129
0.054
0.053
0.094
0.061
0.059
0.06
0.057
0.172
0.129
0.089
0.237
1.172
0.52
0.463
0.322
0.329
0.344
0.111
0.121
0.122
0.112
0.103
0.094
0.115
0.066
0.069
0.174
1.485
2.306
1.181
0.193
0.682
0.71
0.639
1.087
1.498
0.815
1.027
0.689
0.842
0.125
0.104
0.072
0.071
0.08
0.131
0.166
1.07
1.971
1.448
0.849
0.966
0.475
0.509
0.569
0.532
0.712
1.023
2.206
3.534
1.877
1.867
1.107
0.807
0.137
0.122
0.104
0.101
0.106
0.142
1.365
1.097
1.315
1.448
0.848
0.936
0.459
0.497
0.569
0.529
0.712
1.207
2.719
4.003
1.894
2.052
1.554
0.878
0.158
0.136
0.119
0.127
0.124
0.151
3.078
1.164
1.277
1.448
0.844
0.907
0.465
0.497
0.569
0.514
0.693
1.207
3.407
4.377
1.762
1.74
1.997
0.878
0.168
0.148
0.138
0.145
0.14
0.154
4.827
1.664
1.86
1.975
1.15
0.926
0.496
0.507
0.411
0.266
0.421
0.908
3.18
4.261
2.1
1.873
2.065
0.63
0.17
0.162
0.148
0.174
0.156
0.169
4.827
2.489
1.683
0.957
0.4
0.077
0.117
0.11
0.122
0.154
0.427
0.887
3.18
3.475
2.024
1.708
2.065
0.578
0.649
0.239
0.147
0.168
0.159
0.15
0.141
0.13
0.114
0.075
0.178
1.578
2.658
2.783
1.217
1.44
1.084
1.313
1.472
2.512
1.36
1.102
3.546
2.841
0.649
0.239
0.193
0.186
0.177
0.17
0.158
0.181
0.169
0.133
0.514
1.892
3.787
2.783
1.466
1.44
2.147
1.313
1.472
1.792
1.213
1.102
3.546
2.841
0.174
0.172
0.158
0.174
0.16
0.172
4.828
2.731
2.047
0.987
0.418
0.119
0.126
0.136
0.126
0.196
0.497
1.563
3.168
3.441
1.808
1.613
1.888
0.484
0.163
0.169
0.16
0.18
0.16
0.174
3.664
2.731
2.047
0.998
0.419
0.144
0.126
0.153
0.126
0.265
0.932
1.928
2.705
3.518
1.462
1.027
1.315
0.823
0.396
0.172
0.161
0.18
0.168
0.198
1.989
2.627
1.969
0.998
0.419
0.155
0.118
0.168
0.126
0.265
0.936
1.928
2.034
2.845
1.666
1.259
1.041
0.854
0.41
0.175
0.172
0.18
0.178
0.226
1.008
2.176
1.757
0.094
0.111
0.164
0.1
0.169
0.107
0.252
0.941
2.114
1.816
2.297
1.354
1.179
0.969
0.869
0.418
0.162
0.175
0.172
0.183
0.226
1.012
1.562
1.728
0.094
0.112
0.164
0.102
0.178
0.102
0.239
0.765
1.818
1.816
2.573
1.572
1.35
1.119
0.873
0.432
0.228
0.123
0.134
0.137
0.139
0.136
0.17
0.183
0.112
0.441
0.595
1.928
2.171
1.466
1.328
1.987
0.916
0.637
1.889
2.022
0.802
3.361
2.414
0.303
0.188
0.164
0.156
0.198
0.207
0.19
0.215
0.187
0.171
1.933
1.491
2.005
0.918
0.762
0.952
2.556
1.337
1.318
2.049
2.506
0.771
0.479
0.423
0.415
0.157
0.172
0.172
0.183
0.226
0.995
1.715
1.7
0.075
0.093
0.155
0.083
0.159
0.079
0.148
0.778
1.268
1.894
2.561
1.572
1.35
1.119
0.982
0.422
0.157
0.178
0.164
0.183
0.237
1.0
1.87
1.774
0.125
0.142
0.189
0.13
0.206
0.124
0.132
0.4
0.75
1.758
1.551
1.58
1.41
1.132
0.493
0.187
0.165
0.182
0.163
0.173
0.218
1.022
1.364
1.774
0.125
0.147
0.182
0.129
0.205
0.124
0.132
0.399
1.058
1.82
1.297
1.527
1.984
1.018
0.486
0.163
0.151
0.157
0.153
0.147
0.188
0.265
1.317
1.867
0.125
0.147
0.16
0.126
0.212
0.127
0.126
0.391
0.86
1.994
1.877
1.633
1.969
1.047
0.484
0.184
0.186
0.182
0.183
0.167
0.2
0.281
1.788
1.832
0.127
0.141
0.153
0.129
0.203
0.126
0.131
0.393
0.923
1.994
1.983
1.724
2.228
0.99
0.534
0.552
0.338
0.13
0.119
0.159
0.182
0.195
0.177
0.152
0.185
1.744
2.114
0.736
0.527
0.819
0.665
1.636
1.884
2.742
2.049
2.506
0.771
0.653
0.478
0.552
0.338
0.382
0.384
0.203
0.212
0.235
0.228
0.164
0.185
1.744
2.699
0.736
0.939
1.116
2.285
1.936
2.029
2.742
2.74
2.056
1.363
1.01
0.913
0.239
0.182
0.177
0.197
0.167
0.184
0.908
1.454
1.917
0.127
0.137
0.13
0.135
0.188
0.127
0.129
0.394
1.064
1.877
1.989
1.724
2.228
0.99
0.365
0.222
0.174
0.149
0.189
0.15
0.159
0.898
1.651
2.024
0.078
0.084
0.082
0.086
0.125
0.078
0.08
0.341
0.946
1.632
2.375
1.748
2.08
0.924
0.335
0.22
0.174
0.143
0.187
0.153
0.158
0.895
1.651
1.709
0.078
0.08
0.087
0.085
0.107
0.078
0.08
0.34
0.627
1.327
2.283
1.84
2.283
0.932
0.348
0.241
0.19
0.161
0.195
0.176
0.185
0.905
1.611
1.198
0.078
0.08
0.089
0.09
0.085
0.077
0.081
0.494
1.283
1.324
1.742
1.705
2.123
0.817
0.379
0.214
0.158
0.132
0.154
0.147
0.156
0.891
1.209
1.217
0.077
0.08
0.084
0.086
0.084
0.077
0.075
0.487
1.205
1.359
2.276
1.682
2.418
0.88
0.278
0.946
0.806
0.834
0.421
0.172
0.176
0.234
0.239
0.172
0.172
0.332
3.175
0.786
0.914
1.116
2.109
1.508
1.625
2.526
2.706
1.494
1.393
1.01
0.74
0.722
0.647
0.834
0.421
0.178
0.176
0.234
0.239
0.172
0.174
0.774
3.943
0.766
0.914
1.025
2.109
1.153
1.277
1.582
2.706
1.494
1.393
0.962
0.732
0.152
0.158
0.135
0.132
0.142
0.156
0.505
1.14
0.769
0.077
0.081
0.084
0.08
0.082
0.078
0.077
0.274
1.619
1.839
2.238
1.682
2.519
0.88
0.368
0.169
0.165
0.151
0.15
0.16
0.175
0.506
0.971
0.542
0.095
0.101
0.102
0.104
0.113
0.097
0.096
0.293
1.635
1.93
2.617
1.71
2.474
0.942
0.368
0.173
0.167
0.153
0.155
0.167
0.187
0.488
1.144
0.575
0.096
0.098
0.098
0.122
0.115
0.099
0.103
0.299
1.635
2.028
3.199
2.556
1.895
0.931
0.392
0.147
0.156
0.143
0.139
0.144
0.175
0.488
1.144
0.575
0.096
0.098
0.096
0.134
0.117
0.099
0.105
0.147
0.978
1.808
3.822
2.565
1.958
0.968
0.336
0.14
0.15
0.144
0.148
0.147
0.187
0.485
1.083
0.593
0.097
0.098
0.096
0.149
0.119
0.099
0.121
0.162
1.021
1.925
3.077
2.55
1.352
0.893
0.391
0.722
0.647
0.648
0.202
0.178
0.178
0.227
0.221
0.164
0.227
0.817
3.874
1.336
0.656
0.64
0.319
0.299
0.437
0.563
1.568
1.231
0.794
0.533
0.257
0.266
0.161
0.193
0.162
0.182
0.201
0.227
0.206
0.188
0.227
1.244
2.827
2.047
1.842
0.765
0.669
0.967
0.361
0.338
0.402
0.806
0.562
0.493
0.446
0.157
0.167
0.16
0.166
0.164
0.206
0.256
1.372
0.601
0.097
0.098
0.095
0.15
0.119
0.099
0.139
0.137
0.256
1.816
3.861
2.55
1.289
0.893
0.429
0.149
0.152
0.152
0.147
0.154
0.198
0.253
1.22
0.264
0.078
0.079
0.084
0.175
0.156
0.482
0.511
0.412
0.368
2.001
3.387
3.036
1.459
0.771
0.428
0.163
0.146
0.155
0.152
0.153
0.2
0.241
1.022
0.56
0.078
0.077
0.084
0.173
0.155
0.502
0.525
0.411
0.462
1.945
3.373
2.089
1.068
0.685
0.482
0.173
0.153
0.155
0.152
0.153
0.205
0.232
1.022
0.921
0.083
0.077
0.084
0.157
0.154
0.516
0.525
0.411
0.473
1.941
3.253
2.08
1.104
0.721
0.459
0.174
0.162
0.156
0.144
0.149
0.207
0.232
0.784
1.129
0.083
0.076
0.083
0.142
0.154
0.532
0.524
0.393
0.473
1.922
3.253
2.336
1.431
0.681
0.421
0.216
0.159
0.206
0.162
0.174
0.223
0.226
0.186
0.215
0.222
0.779
3.378
2.047
1.644
0.489
0.704
1.699
0.912
1.027
2.135
2.208
0.89
0.642
0.446
0.216
0.159
0.165
0.162
0.169
0.223
0.223
0.161
0.215
0.17
0.727
3.378
1.936
1.644
0.489
0.704
1.699
0.912
1.027
2.135
2.153
0.858
0.642
0.443
0.166
0.137
0.132
0.124
0.139
0.196
1.112
0.561
1.473
0.082
0.075
0.084
0.125
0.17
0.532
0.521
0.454
0.626
1.694
2.577
2.336
1.431
0.664
0.297
0.174
0.157
0.141
0.145
0.151
0.214
1.112
0.288
1.473
0.083
0.076
0.076
0.078
0.121
0.13
0.13
0.179
0.54
1.889
2.357
1.605
1.271
0.686
0.295
0.156
0.153
0.136
0.136
0.142
0.214
1.124
0.984
1.343
0.082
0.076
0.076
0.079
0.139
0.109
0.111
0.195
0.479
1.971
1.71
1.326
1.208
0.713
0.305
0.151
0.142
0.136
0.136
0.14
0.214
1.126
1.291
1.347
0.077
0.077
0.076
0.079
0.139
0.111
0.091
0.207
0.44
1.803
2.014
1.402
1.173
0.76
0.349
0.168
0.138
0.141
0.136
0.141
0.196
1.111
1.309
1.64
0.077
0.077
0.077
0.079
0.137
0.113
0.075
0.286
0.545
1.799
2.004
1.534
1.145
0.772
0.358
0.128
0.118
0.125
0.123
0.116
0.187
0.151
0.12
0.146
0.127
0.165
2.911
0.739
0.162
0.106
0.111
0.823
1.081
1.141
2.545
2.341
0.934
0.576
0.209
0.142
0.143
0.138
0.183
0.127
0.202
0.158
0.122
0.122
0.124
0.122
2.192
0.386
0.387
0.154
0.448
0.374
0.847
0.787
1.148
0.656
0.48
0.342
0.218
0.168
0.139
0.145
0.141
0.139
0.192
0.215
1.471
1.701
0.077
0.078
0.076
0.079
0.121
0.132
0.075
0.427
1.348
2.663
2.004
1.534
1.145
0.772
0.381
0.15
0.119
0.126
0.121
0.123
0.173
0.215
1.697
1.478
0.076
0.078
0.077
0.078
0.102
0.15
0.077
0.426
1.321
2.34
2.604
1.623
1.132
0.836
0.418
0.152
0.123
0.134
0.12
0.123
0.171
0.215
1.215
1.481
0.077
0.077
0.077
0.078
0.082
0.15
0.076
0.422
1.319
2.633
3.125
2.024
1.129
0.748
0.381
0.17
0.143
0.154
0.142
0.146
0.193
0.23
1.154
1.117
0.078
0.079
0.083
0.082
0.084
0.149
0.077
0.426
1.321
2.633
3.105
1.928
1.15
0.674
0.378
0.157
0.139
0.151
0.147
0.146
0.211
0.24
1.731
0.58
0.079
0.079
0.083
0.082
0.084
0.148
0.076
0.363
1.215
2.92
2.986
1.37
0.953
0.705
0.514
0.191
0.19
0.175
0.185
0.128
0.205
0.196
0.126
0.122
0.124
1.87
2.615
0.386
0.387
0.205
0.448
0.406
0.847
0.787
1.179
0.914
0.575
0.393
0.218
0.191
0.19
0.175
0.198
0.128
0.205
0.196
0.126
0.122
0.121
1.87
2.615
0.388
0.356
0.21
0.453
0.406
0.439
0.409
0.778
0.444
0.374
0.308
0.202
0.182
0.158
0.175
0.163
0.161
0.231
0.251
1.809
0.183
0.079
0.081
0.085
0.081
0.086
0.15
0.127
0.316
0.386
2.303
2.946
1.37
0.953
0.705
0.514
0.184
0.164
0.175
0.164
0.163
0.231
0.251
1.784
0.567
0.079
0.08
0.085
0.08
0.091
0.148
0.127
0.314
0.387
2.062
2.502
1.986
1.409
0.854
0.457
0.184
0.171
0.168
0.164
0.163
0.214
0.25
1.876
0.567
0.097
0.099
0.103
0.099
0.116
0.163
0.146
0.317
0.374
1.592
2.292
1.573
1.464
1.005
0.407
0.171
0.171
0.167
0.161
0.153
0.196
0.246
1.989
0.79
0.097
0.098
0.097
0.096
0.118
0.159
0.147
0.297
0.378
1.419
1.806
2.064
1.534
1.473
0.395
0.175
0.169
0.166
0.159
0.152
0.197
0.251
1.895
0.789
0.1
0.1
0.098
0.097
0.123
0.154
0.146
0.269
0.378
0.732
1.829
2.088
1.527
1.493
0.263
0.126
0.126
0.118
0.093
0.084
0.12
0.153
0.082
0.077
0.077
1.827
0.501
0.082
0.089
0.148
0.081
0.115
0.164
1.08
1.278
0.821
0.536
0.448
0.165
0.716
0.505
0.266
0.157
0.154
0.152
0.165
0.128
0.114
0.114
0.118
0.152
0.313
0.185
0.394
1.064
1.178
0.37
1.353
1.328
1.466
0.849
0.644
0.223
0.152
0.16
0.14
0.137
0.138
0.177
0.241
1.858
0.767
0.104
0.101
0.096
0.096
0.124
0.147
0.096
0.095
0.337
0.691
1.829
2.169
1.684
1.678
0.557
0.139
0.133
0.131
0.117
0.143
0.179
0.22
1.858
0.71
0.103
0.101
0.104
0.101
0.135
0.147
0.096
0.242
0.469
0.959
1.508
1.699
1.275
1.53
0.563
0.119
0.111
0.115
0.099
0.142
0.185
0.176
1.761
1.058
0.087
0.09
0.084
0.083
0.125
0.116
0.077
0.245
0.45
0.853
1.217
1.765
1.275
1.492
0.987
0.531
0.133
0.137
0.128
0.176
0.199
0.166
1.6
0.841
0.109
0.12
0.977
0.424
0.222
0.132
0.101
0.32
0.69
0.915
1.11
1.357
1.227
1.031
1.037
0.519
0.121
0.114
0.107
0.168
0.18
0.143
0.891
0.846
0.206
0.127
0.997
0.425
0.295
0.392
0.13
0.36
0.733
0.988
1.284
1.357
1.178
1.008
1.062
0.743
0.514
0.267
0.174
0.199
0.193
0.165
0.145
0.134
0.991
0.158
0.214
0.407
1.198
0.649
2.447
1.519
0.573
1.353
1.597
1.491
0.97
0.734
0.248
0.79
0.517
0.267
0.174
0.199
0.193
0.163
0.146
0.134
0.991
0.158
0.53
0.689
1.554
1.088
2.489
1.519
0.76
0.982
1.937
1.594
1.502
1.037
0.471
0.529
0.122
0.116
0.108
0.168
0.19
0.15
0.57
0.846
0.211
0.246
1.001
0.445
0.295
0.528
0.161
0.537
1.143
1.203
1.284
1.253
0.958
0.774
0.774
0.776
0.136
0.139
0.131
0.168
0.22
0.185
1.075
0.827
0.211
0.246
1.003
0.443
0.293
0.542
0.171
0.412
1.013
1.042
1.989
0.999
0.873
0.795
0.806
0.808
0.158
0.157
0.155
0.168
0.242
0.204
0.862
0.855
0.291
0.315
1.076
0.516
0.362
0.623
0.237
0.464
1.132
1.3
2.16
0.927
0.855
0.757
0.406
0.423
0.168
0.155
0.146
0.156
0.244
0.227
1.073
1.607
0.27
0.288
0.187
0.185
0.268
0.606
0.223
0.394
0.927
1.26
1.92
0.761
0.803
1.539
0.5
0.43
0.168
0.166
0.145
0.146
0.245
0.227
1.092
1.97
0.173
0.278
0.168
0.192
0.195
0.346
0.2
0.361
0.886
1.09
1.606
0.832
0.777
1.589
0.486
0.39
0.229
1.642
0.38
0.142
0.161
0.159
0.114
0.1
0.957
0.13
0.515
0.645
1.554
1.461
2.489
0.698
0.8
1.299
2.2
1.095
1.377
1.035
1.498
0.39
0.268
1.684
0.387
0.138
0.178
0.205
0.135
0.124
1.473
1.159
0.485
0.645
0.873
1.461
1.448
0.53
0.8
1.299
2.2
1.094
1.281
1.035
0.494
0.43
0.172
0.166
0.146
0.155
0.245
0.225
1.762
1.97
0.163
0.157
0.169
0.18
0.186
0.21
0.182
0.282
0.428
1.286
1.873
0.832
0.803
1.589
0.487
0.198
0.172
0.152
0.145
0.161
0.214
0.818
1.06
1.654
0.172
0.157
0.16
0.18
0.186
0.21
0.173
0.33
0.718
1.645
1.227
0.847
0.858
1.463
0.47
0.181
0.166
0.152
0.147
0.182
0.205
1.03
1.588
1.253
0.097
0.088
0.085
0.107
0.112
0.126
0.098
0.308
1.322
1.592
1.048
0.893
0.911
1.406
0.299
0.18
0.153
0.151
0.153
0.178
0.603
1.214
1.357
0.472
0.097
0.088
0.087
0.104
0.12
0.123
0.117
0.468
1.433
1.504
1.107
1.234
0.87
0.471
0.229
0.171
0.153
0.14
0.154
0.178
1.213
1.576
1.333
0.092
0.095
0.087
0.085
0.101
0.127
0.113
0.152
0.468
1.433
1.504
1.107
1.178
0.839
0.294
1.498
0.356
0.268
1.684
0.387
0.133
0.178
0.205
0.135
0.122
1.473
1.159
0.107
0.276
0.427
0.743
0.424
0.269
0.378
0.879
1.865
0.862
1.691
1.268
1.324
0.265
0.171
0.165
0.153
0.175
0.215
0.233
0.154
0.159
2.332
1.221
0.11
0.337
0.357
1.121
0.077
0.127
0.091
0.307
0.918
0.411
1.421
0.931
0.17
0.211
0.174
0.174
0.187
0.205
1.247
1.576
0.676
0.12
0.13
0.138
0.153
0.613
0.32
0.265
0.338
0.516
1.436
1.595
1.374
1.527
1.148
0.269
0.147
0.187
0.155
0.155
0.167
0.177
1.247
0.997
0.676
0.119
0.119
0.134
0.152
0.616
0.491
0.387
0.506
0.659
1.281
1.383
1.296
1.55
1.075
0.255
0.128
0.18
0.15
0.155
0.163
0.159
1.246
1.378
0.442
0.119
0.111
0.128
0.156
0.622
0.491
0.379
0.506
0.632
1.002
1.697
1.334
1.466
1.02
0.241
0.112
0.152
0.141
0.137
0.138
0.146
0.827
1.592
0.856
0.119
0.111
0.13
0.162
0.62
0.488
0.377
0.487
0.553
1.004
1.68
1.219
1.35
0.931
0.631
0.513
0.156
0.141
0.147
0.137
0.145
0.214
2.005
0.856
0.118
0.121
0.134
0.163
0.62
0.488
0.385
0.446
0.547
1.004
1.778
1.272
1.76
0.988
0.709
0.196
0.223
0.126
0.119
0.121
0.144
0.194
0.189
0.113
0.115
0.938
0.152
0.11
0.334
0.371
1.121
0.075
0.148
0.08
0.307
0.918
0.404
1.4
0.93
0.238
0.289
0.159
0.154
0.168
0.178
0.232
0.191
0.163
0.165
0.975
0.468
0.284
0.825
0.491
1.787
0.382
0.351
1.843
1.656
0.26
0.127
0.087
0.09
0.518
0.102
0.105
0.117
0.108
0.11
0.178
2.534
0.948
0.077
0.085
0.082
0.1
0.103
0.318
0.469
0.296
0.458
1.045
1.563
1.02
1.488
0.665
0.756
0.553
0.121
0.126
0.146
0.126
0.128
0.183
2.534
1.547
0.077
0.087
0.091
0.1
0.101
0.149
0.333
0.136
0.292
1.192
1.677
1.906
1.479
0.722
0.783
0.539
0.105
0.123
0.125
0.111
0.138
0.164
1.925
1.245
0.079
0.088
0.098
0.1
0.091
0.135
0.345
0.136
0.305
0.853
1.145
2.211
1.508
0.737
0.783
0.553
0.136
0.134
0.148
0.145
0.165
0.189
1.872
1.289
0.119
0.12
0.127
0.127
0.124
0.152
0.375
0.177
0.278
1.06
1.188
2.241
1.326
0.758
0.53
0.187
0.15
0.161
0.159
0.159
0.202
0.199
1.552
1.313
0.119
0.109
0.124
0.136
0.116
0.138
0.366
0.184
0.278
1.06
1.628
2.982
1.13
0.751
0.505
0.156
0.156
0.132
0.161
0.176
0.143
0.189
0.15
0.127
0.142
0.121
1.036
0.726
2.016
0.45
0.849
0.545
0.505
2.114
1.872
1.202
0.366
0.357
0.33
0.358
0.158
0.132
0.161
0.176
0.143
0.199
0.118
0.128
0.632
0.727
1.036
0.887
2.016
0.619
0.849
0.545
0.569
2.116
2.03
1.637
0.928
0.622
0.504
0.205
0.167
0.17
0.179
0.17
0.211
0.223
0.991
1.94
0.152
0.116
0.127
0.126
0.114
0.108
0.129
0.416
0.392
1.119
1.32
2.898
1.108
0.751
0.523
0.196
0.167
0.173
0.176
0.17
0.211
0.227
1.015
1.624
0.17
0.132
0.144
0.149
0.133
0.126
0.148
0.43
0.401
1.017
1.228
2.067
1.118
0.724
0.49
0.196
0.167
0.173
0.176
0.17
0.196
0.227
1.777
1.937
0.169
0.132
0.138
0.144
0.133
0.131
0.14
0.43
0.423
1.045
1.606
1.897
1.162
0.815
0.511
0.21
0.156
0.173
0.181
0.159
0.188
0.222
1.813
2.227
0.163
0.132
0.139
0.141
0.126
0.135
0.146
0.418
0.393
0.809
2.264
1.882
1.137
1.186
0.764
0.2
0.157
0.164
0.178
0.159
0.185
0.224
2.309
2.227
0.162
0.132
0.138
0.136
0.131
0.135
0.146
0.412
0.393
0.809
1.7
1.169
1.048
1.147
0.734
0.348
0.114
0.095
0.148
0.134
0.114
0.149
0.102
0.081
1.605
0.914
2.027
1.441
2.441
0.619
0.565
1.168
0.625
0.878
0.914
1.637
1.1
0.633
0.504
0.379
0.134
0.115
0.138
0.143
0.149
0.181
0.133
0.137
1.605
0.914
1.408
1.299
1.398
0.708
0.551
1.096
0.625
0.878
0.914
1.03
1.1
0.633
0.391
0.194
0.155
0.158
0.17
0.162
0.19
0.212
2.309
1.5
0.129
0.125
0.139
0.141
0.131
0.134
0.134
0.136
0.365
0.695
1.725
1.095
1.089
1.247
0.853
0.191
0.159
0.158
0.181
0.165
0.201
0.222
2.678
1.219
0.525
0.284
0.121
0.12
0.114
0.121
0.203
0.249
0.378
0.598
1.894
1.162
1.136
1.395
0.9
0.192
0.16
0.171
0.181
0.165
0.209
0.228
2.52
1.157
0.533
0.285
0.122
0.127
0.118
0.116
0.2
0.25
0.359
0.851
1.556
0.941
1.045
1.234
0.864
0.188
0.157
0.168
0.182
0.16
0.209
0.225
2.377
0.455
0.501
0.265
0.091
0.097
0.094
0.088
0.164
0.221
0.381
0.889
1.235
0.948
1.18
0.874
0.5
0.181
0.168
0.168
0.181
0.17
0.2
0.216
2.109
0.43
0.502
0.267
0.096
0.099
0.09
0.089
0.166
0.23
0.391
0.935
1.405
0.938
1.119
0.912
0.903
0.159
0.134
0.114
0.125
0.143
0.162
0.161
0.133
0.136
1.108
0.315
1.386
0.963
1.388
0.529
0.49
1.006
0.556
0.873
0.927
0.798
0.851
0.579
0.274
0.205
0.158
0.153
0.152
0.192
0.172
0.175
0.151
0.177
0.143
0.572
0.262
0.147
0.553
0.691
0.165
0.227
0.299
0.477
0.772
0.993
0.771
0.592
0.447
0.562
0.177
0.174
0.181
0.169
0.195
0.216
2.169
1.085
0.51
0.269
0.092
0.095
0.123
0.109
0.184
0.26
0.402
1.035
2.15
0.936
1.052
0.762
0.698
0.662
0.179
0.18
0.168
0.165
0.185
0.2
2.035
1.096
0.117
1.15
0.563
0.101
0.127
0.256
0.123
0.188
0.402
1.035
1.991
0.853
0.919
0.604
0.676
0.66
0.193
0.172
0.171
0.169
0.188
0.197
1.431
1.241
0.129
1.176
0.59
0.295
0.14
0.281
0.145
0.204
0.402
0.933
2.331
0.89
0.974
0.766
0.927
0.659
0.2
0.172
0.16
0.181
0.195
0.194
1.502
1.602
0.148
1.184
0.612
0.322
0.153
0.294
0.163
0.221
0.504
1.217
2.371
0.961
0.836
0.76
0.991
0.663
0.202
0.179
0.163
0.177
0.206
0.2
1.129
1.92
0.148
1.184
0.619
0.319
0.153
0.294
0.163
0.221
0.479
1.201
2.396
0.936
0.958
0.835
0.604
0.235
0.172
0.154
0.154
0.197
0.154
0.154
0.153
0.173
0.176
0.592
1.446
0.306
0.245
0.455
0.229
0.526
1.224
0.98
0.772
1.029
0.771
0.674
0.727
0.242
0.172
0.163
0.177
0.197
0.176
0.181
0.166
0.19
0.176
1.334
3.008
0.306
0.245
0.455
0.229
0.526
1.076
0.851
0.423
1.029
0.693
0.674
0.727
0.282
0.2
0.188
0.163
0.176
0.492
0.229
1.538
1.279
0.142
1.185
0.619
0.319
0.122
0.276
0.159
0.206
0.373
1.323
1.94
1.245
1.458
0.835
0.604
0.177
0.196
0.184
0.169
0.177
0.497
0.23
1.917
1.58
0.123
0.13
0.152
0.315
0.12
0.127
0.138
0.151
0.379
1.398
1.94
1.245
1.499
0.869
0.6
0.184
0.187
0.183
0.167
0.174
0.496
0.227
1.917
1.354
0.104
0.107
0.136
0.117
0.109
0.108
0.119
0.134
0.377
1.227
2.554
1.391
1.485
0.818
0.439
0.18
0.177
0.193
0.167
0.164
0.496
0.233
1.603
0.965
0.087
0.09
0.115
0.098
0.095
0.091
0.101
0.109
0.245
0.889
2.437
1.849
1.485
0.809
0.365
0.184
0.167
0.188
0.174
0.164
0.49
0.228
1.479
0.962
0.087
0.09
0.106
0.096
0.095
0.098
0.095
0.108
0.277
0.96
2.297
1.78
1.405
0.733
0.425
0.242
0.172
0.16
0.174
0.187
0.172
0.177
0.164
0.19
0.161
0.892
3.008
0.254
0.164
0.185
0.175
0.379
1.083
0.924
1.256
1.015
0.736
0.533
0.513
0.191
0.183
0.207
0.181
0.179
0.212
0.198
0.166
0.57
2.273
1.129
1.827
0.105
0.104
0.108
0.085
0.09
0.143
0.307
1.242
0.631
0.688
0.429
0.22
0.207
0.169
0.176
0.174
0.168
0.216
0.207
0.747
0.964
0.731
0.259
0.501
0.243
0.183
0.115
0.109
0.12
0.231
0.738
2.011
1.364
0.931
0.733
0.419
0.211
0.173
0.172
0.173
0.174
0.216
0.204
0.615
0.981
0.759
0.287
0.532
0.269
0.211
0.144
0.148
0.144
0.205
0.701
1.9
1.559
0.902
1.086
0.451
0.207
0.178
0.172
0.175
0.185
0.208
0.201
0.628
0.818
1.093
0.481
0.551
0.288
0.332
0.253
0.296
0.214
0.28
0.72
1.032
1.582
0.998
1.227
0.359
0.213
0.178
0.167
0.183
0.185
0.208
0.639
1.26
0.818
1.093
0.492
0.551
0.281
0.329
0.258
0.296
0.214
0.278
0.776
0.783
1.101
0.975
1.602
0.851
0.207
0.178
0.179
0.177
0.182
0.222
0.639
1.343
0.901
1.094
0.492
0.561
0.286
0.331
0.258
0.301
0.215
0.239
0.657
0.66
1.048
0.957
1.592
0.872
0.19
0.183
0.206
0.168
0.192
0.218
0.2
0.162
0.559
3.013
0.805
0.251
1.421
0.126
0.085
0.096
0.25
0.352
1.378
1.68
1.13
0.959
0.528
0.22
0.19
0.183
0.206
0.168
0.192
0.218
0.2
0.162
0.559
3.013
0.805
0.248
1.41
0.131
0.084
0.096
0.252
0.33
1.193
0.597
0.654
0.826
0.528
0.187
0.19
0.191
0.18
0.181
0.187
0.215
1.507
1.786
1.147
0.457
0.328
0.156
0.144
0.25
0.246
0.292
0.297
0.328
0.657
0.66
1.048
0.957
1.592
0.872
0.194
0.194
0.195
0.185
0.187
0.218
1.513
1.77
1.118
0.439
0.302
0.123
0.126
0.224
0.221
0.269
0.279
0.419
0.706
0.872
1.199
0.922
1.273
0.852
0.193
0.196
0.199
0.185
0.184
0.215
2.347
2.229
1.112
0.11
0.108
0.106
0.12
0.101
0.109
0.122
0.223
0.334
0.662
0.608
1.48
0.735
1.435
1.198
0.191
0.196
0.208
0.179
0.184
0.212
3.035
1.922
1.112
0.114
0.104
0.107
0.12
0.104
0.107
0.122
0.223
0.331
0.53
0.439
1.247
1.039
1.592
0.922
0.226
0.195
0.208
0.179
0.184
0.197
4.122
1.882
1.092
0.121
0.103
0.096
0.116
0.109
0.105
0.112
0.223
0.341
0.48
0.482
1.291
1.041
1.517
0.8
0.164
0.123
0.148
0.148
0.148
0.15
0.157
0.137
0.125
0.875
0.556
0.245
1.401
0.163
0.287
0.308
0.366
0.962
2.038
0.962
0.896
0.865
0.636
0.266
0.1
0.082
0.107
0.122
0.092
0.09
0.101
0.095
0.081
0.117
0.823
0.448
0.118
0.719
0.623
1.121
0.682
0.999
1.475
2.539
0.719
0.586
0.656
0.47
0.223
0.207
0.208
0.174
0.175
0.199
4.336
1.878
1.337
0.119
0.107
0.098
0.11
0.104
0.105
0.108
0.227
0.341
0.532
0.481
1.291
1.041
1.517
0.8
0.228
0.213
0.193
0.167
0.179
0.193
4.336
1.654
1.631
0.108
0.116
0.091
0.1
0.107
0.109
0.094
0.214
0.243
0.383
0.42
1.258
1.046
1.495
0.765
0.239
0.21
0.19
0.172
0.184
0.203
4.166
1.642
1.871
0.105
0.119
0.1
0.088
0.105
0.113
0.101
0.201
0.249
0.431
0.68
0.714
1.1
1.126
0.5
0.243
0.221
0.177
0.182
0.183
0.197
3.875
1.693
1.871
0.11
0.111
0.099
0.096
0.103
0.103
0.1
0.212
0.249
0.42
0.712
1.059
1.453
0.576
0.419
0.214
0.228
0.17
0.185
0.197
0.191
4.129
2.332
1.729
0.099
0.111
0.112
0.096
0.097
0.104
0.111
0.213
0.236
0.467
1.189
1.066
1.47
0.658
0.502
0.42
0.372
0.103
0.122
0.093
0.118
0.118
0.097
0.086
0.121
1.246
1.414
0.556
1.954
0.623
1.121
0.881
0.999
1.475
3.138
1.3
0.869
0.658
0.613
0.525
0.454
0.15
0.17
0.146
0.164
0.186
0.132
0.13
1.843
1.611
1.414
1.46
1.954
0.494
1.036
1.979
1.557
0.869
3.138
1.3
0.998
0.617
0.617
0.219
0.209
0.171
0.196
0.199
0.184
3.937
2.213
1.249
0.1
0.113
0.116
0.098
0.098
0.117
0.17
0.218
0.344
0.87
1.818
1.093
1.485
0.659
0.604
0.22
0.211
0.195
0.206
0.208
0.188
3.937
2.213
0.672
0.124
0.751
0.149
0.419
0.311
0.23
0.294
0.337
1.009
0.979
1.731
0.845
1.485
0.642
0.604
0.213
0.218
0.197
0.204
0.201
0.183
3.269
1.548
0.77
0.135
0.749
0.139
0.419
0.317
0.232
0.286
0.337
1.023
0.94
1.662
1.351
1.69
0.659
0.564
0.213
0.21
0.201
0.204
0.211
0.185
3.244
1.159
0.808
0.127
0.749
0.139
0.415
0.323
0.232
0.286
0.325
1.067
1.479
2.241
1.154
1.061
0.701
0.725
0.209
0.2
0.206
0.203
0.198
0.183
2.749
1.54
0.781
0.127
0.759
0.129
0.415
0.323
0.229
0.285
0.324
1.067
1.479
1.955
1.154
1.069
0.746
0.711
0.526
0.485
0.255
0.267
0.254
0.265
0.271
0.262
0.239
1.954
1.336
1.247
1.935
2.483
1.085
0.78
2.01
1.866
1.634
1.439
1.615
0.998
0.595
0.617
0.327
0.281
0.257
0.267
0.254
0.265
0.271
0.269
0.244
1.954
1.028
0.385
2.096
2.853
1.624
0.978
2.01
1.866
1.634
0.783
1.002
0.814
0.551
0.605
0.204
0.196
0.206
0.198
0.196
0.183
2.96
1.511
0.793
0.125
0.748
0.133
0.415
0.321
0.216
0.248
0.343
0.973
1.098
1.89
1.159
1.097
0.746
0.705
0.191
0.193
0.185
0.187
0.179
0.179
4.133
2.108
1.103
0.109
0.105
0.106
0.1
0.11
0.11
0.134
0.23
0.291
1.057
1.89
1.3
1.097
0.748
0.781
0.2
0.191
0.193
0.197
0.184
0.177
4.507
2.677
0.724
0.108
0.105
0.116
0.1
0.103
0.114
0.136
0.23
0.27
1.102
2.34
0.844
0.981
0.741
0.907
0.192
0.196
0.193
0.185
0.185
0.175
5.293
2.805
0.439
0.105
0.104
0.127
0.096
0.095
0.119
0.143
0.231
0.249
0.853
1.848
0.821
1.251
0.713
0.768
0.192
0.199
0.195
0.184
0.186
0.177
5.344
2.329
0.746
0.106
0.105
0.127
0.097
0.096
0.123
0.144
0.232
0.254
0.889
1.951
0.819
1.162
0.663
0.768
0.454
0.307
0.297
0.274
0.29
0.305
0.26
0.281
0.264
0.361
0.283
0.372
2.061
3.231
1.98
1.671
2.449
1.806
1.636
0.683
1.043
0.813
0.666
0.483
0.464
0.233
0.224
0.216
0.215
0.211
0.186
0.202
0.204
0.268
0.193
0.544
1.728
3.231
1.664
2.448
2.403
2.156
1.482
0.673
0.818
1.072
1.031
1.031
0.197
0.199
0.198
0.185
0.187
0.181
5.657
2.329
1.287
0.118
0.106
0.122
0.109
0.098
0.123
0.121
0.109
0.138
0.904
1.666
0.978
1.182
1.388
0.798
0.214
0.207
0.229
0.206
0.206
0.207
5.635
2.544
1.309
0.141
0.115
0.132
0.127
0.117
0.127
0.13
0.128
0.199
0.904
1.691
0.85
1.196
1.393
0.794
0.236
0.221
0.245
0.214
0.23
0.408
5.657
2.446
1.361
0.172
0.161
0.159
0.164
0.167
0.156
0.165
0.17
0.262
1.028
1.225
0.827
1.081
1.397
0.664
0.268
0.231
0.266
0.239
0.237
0.43
5.4
2.308
1.361
0.22
0.198
0.184
0.208
0.21
0.189
0.194
0.217
0.283
0.803
1.211
0.859
0.952
1.406
0.589
0.278
0.251
0.288
0.252
0.257
0.449
5.697
2.357
1.109
0.227
0.207
0.208
0.215
0.229
0.203
0.209
0.232
0.29
0.749
0.977
1.043
0.971
1.426
0.597
0.829
0.313
0.275
0.259
0.269
0.272
0.251
0.245
1.298
1.147
1.518
1.301
1.289
2.96
1.449
2.448
2.403
2.156
1.482
0.673
0.818
1.238
1.031
1.002
0.713
0.242
0.243
0.237
0.216
0.221
0.224
0.239
1.275
1.039
1.5
1.301
1.289
1.536
0.529
1.474
0.59
1.076
1.278
0.463
0.753
1.238
1.01
1.002
0.278
0.254
0.294
0.252
0.257
0.455
5.59
2.357
0.589
0.238
0.211
0.21
0.215
0.238
0.21
0.209
0.232
0.333
0.623
0.697
0.879
0.871
0.716
0.513
0.278
0.264
0.287
0.25
0.266
0.456
5.59
1.793
0.875
0.227
0.213
0.225
0.21
0.233
0.219
0.214
0.229
0.286
0.726
1.226
1.536
1.066
0.745
0.464
0.275
0.26
0.285
0.262
0.253
0.268
5.493
1.492
0.868
0.203
0.196
0.214
0.192
0.203
0.206
0.201
0.207
0.234
0.469
1.521
1.522
1.028
0.735
0.49
0.263
0.261
0.286
0.259
0.253
0.26
4.999
1.329
1.089
0.174
0.185
0.199
0.168
0.179
0.189
0.198
0.183
0.295
0.704
1.476
1.408
0.922
0.974
0.433
0.277
0.259
0.274
0.265
0.258
0.257
4.44
0.779
1.408
0.177
0.185
0.194
0.18
0.179
0.191
0.193
0.184
0.306
0.709
1.724
1.484
1.166
1.023
0.513
0.624
0.242
0.243
0.241
0.216
0.223
0.228
0.24
1.275
1.043
1.495
0.971
0.773
0.198
0.169
0.168
0.187
0.215
0.186
0.169
0.758
1.944
0.778
0.494
0.206
0.181
0.196
0.195
0.186
0.19
0.17
2.567
0.172
0.16
0.16
0.169
0.2
0.175
0.159
0.167
0.187
0.202
0.186
0.169
0.578
1.424
0.499
0.304
0.274
0.255
0.261
0.265
0.258
0.246
5.109
0.914
1.408
0.164
0.184
0.194
0.177
0.169
0.186
0.193
0.184
0.382
0.817
1.724
1.639
1.166
1.027
0.513
0.267
0.239
0.246
0.249
0.239
0.232
5.109
2.001
0.786
0.158
0.173
0.164
0.162
0.151
0.168
0.18
0.173
0.381
0.633
1.235
0.968
1.196
1.016
0.511
0.253
0.227
0.229
0.222
0.231
0.224
4.941
1.878
1.053
0.151
0.15
0.14
0.146
0.14
0.15
0.162
0.155
0.364
0.633
1.069
1.128
1.301
1.016
0.524
0.236
0.217
0.207
0.202
0.214
0.216
5.075
1.913
1.177
0.139
0.131
0.125
0.126
0.122
0.132
0.131
0.142
0.267
0.38
1.106
1.129
1.566
0.793
0.549
0.214
0.204
0.188
0.177
0.193
0.208
5.227
2.59
1.09
0.12
0.116
0.11
0.104
0.106
0.113
0.113
0.116
0.238
0.368
1.249
0.91
1.411
0.704
0.465
0.206
0.18
0.192
0.195
0.184
0.19
0.17
2.567
0.148
0.138
0.13
0.15
0.157
0.13
0.128
0.328
0.416
0.535
0.472
0.368
0.809
1.89
1.163
1.42
0.721
0.57
0.406
0.195
0.207
0.196
0.192
2.555
0.148
0.14
0.153
0.152
3.244
2.638
0.836
0.544
0.5
0.493
0.451
0.343
0.365
0.617
0.813
1.253
0.206
0.196
0.188
0.183
0.19
0.201
4.354
2.226
1.43
0.122
0.116
0.114
0.108
0.109
0.116
0.116
0.133
0.385
0.411
1.249
0.931
1.411
0.805
0.63
0.202
0.188
0.177
0.182
0.188
0.189
4.354
1.088
1.43
0.111
0.112
0.113
0.107
0.108
0.107
0.114
0.132
0.383
0.461
1.111
1.001
1.289
0.762
0.61
0.182
0.186
0.178
0.175
0.173
0.183
4.659
1.071
1.117
0.108
0.113
0.11
0.103
0.097
0.101
0.114
0.131
0.387
0.502
1.008
0.834
1.205
0.784
0.509
0.174
0.172
0.17
0.172
0.174
0.178
4.704
0.886
0.717
0.106
0.102
0.099
0.101
0.1
0.103
0.11
0.12
0.378
0.432
0.942
0.843
0.863
0.797
0.476
0.157
0.163
0.165
0.173
0.174
0.163
4.631
0.24
0.448
0.102
0.098
0.093
0.096
0.098
0.098
0.106
0.116
0.374
0.42
0.545
0.773
0.696
0.932
0.465
0.658
0.533
0.365
0.155
0.156
0.134
0.154
0.144
0.146
0.14
0.158
0.142
3.234
2.637
0.835
0.544
0.5
0.493
0.441
0.329
0.36
0.617
0.812
1.245
0.676
0.545
0.385
0.177
0.188
0.171
0.18
0.165
1.349
1.451
0.158
0.142
3.236
2.639
0.83
0.34
0.232
0.102
0.104
0.094
0.092
0.112
0.107
0.097
0.153
0.164
0.169
0.163
0.164
0.16
4.772
0.189
0.089
0.089
0.085
0.09
0.093
0.093
0.091
0.09
0.133
0.205
0.354
0.532
0.681
0.571
0.784
0.319
0.165
0.17
0.172
0.165
0.167
0.916
4.772
0.187
0.083
0.089
0.087
0.093
0.101
0.102
0.091
0.084
0.135
0.207
0.252
0.424
0.485
0.495
1.107
0.392
0.168
0.166
0.169
0.175
0.174
0.919
3.51
0.429
0.112
0.084
0.09
0.102
0.105
0.102
0.094
0.087
0.135
0.203
0.203
0.74
0.951
0.555
1.457
0.929
0.187
0.175
0.177
0.188
0.186
0.919
3.381
0.85
0.503
0.091
0.093
0.103
0.105
0.107
0.096
0.09
0.138
0.205
0.301
0.912
0.958
1.166
1.763
0.929
0.204
0.179
0.18
0.192
0.195
0.925
3.359
0.771
0.974
0.104
0.098
0.102
0.102
0.108
0.103
0.101
0.142
0.206
0.316
1.125
1.137
1.285
1.641
0.938
0.122
0.123
0.122
0.132
0.141
0.132
0.135
0.133
1.315
1.416
0.101
0.099
0.096
0.096
0.094
0.102
0.449
0.809
0.261
1.391
3.284
1.26
0.299
0.137
0.18
0.164
0.16
0.161
0.169
0.171
0.175
0.671
3.082
1.416
0.096
0.094
0.098
0.112
0.111
0.108
0.451
0.811
0.54
1.68
3.52
1.682
0.557
0.322
0.208
0.18
0.179
0.207
0.199
0.926
3.056
1.128
1.382
0.111
0.099
0.1
0.101
0.113
0.113
0.105
0.155
0.313
0.316
1.047
1.033
1.192
1.641
0.924
0.202
0.185
0.187
0.207
0.202
0.182
3.057
1.819
1.668
0.117
0.101
0.101
0.104
0.117
0.114
0.107
0.157
0.321
0.334
1.515
1.152
1.366
1.337
0.893
0.216
0.187
0.187
0.202
0.212
0.187
3.058
1.664
1.668
0.121
0.107
0.097
0.104
0.118
0.114
0.115
0.167
0.326
0.334
1.053
0.642
1.397
0.969
0.421
0.205
0.183
0.188
0.201
0.202
0.185
2.115
1.265
1.59
0.123
0.115
0.1
0.105
0.11
0.111
0.115
0.169
0.362
0.415
1.609
1.208
0.874
0.603
0.424
0.203
0.187
0.188
0.194
0.193
0.19
1.171
2.024
1.455
0.118
0.115
0.1
0.109
0.116
0.114
0.108
0.167
0.362
0.402
2.143
1.283
0.98
0.599
0.404
0.219
0.174
0.184
0.186
0.169
0.172
0.185
0.681
1.911
0.148
0.822
0.549
0.779
0.75
0.853
0.301
0.544
0.996
0.64
1.95
4.486
1.734
0.557
0.415
0.219
0.174
0.184
0.186
0.169
0.172
0.185
0.681
1.911
0.147
0.821
0.549
0.779
0.75
0.853
0.299
0.191
0.283
0.64
0.943
1.535
1.002
0.55
0.415
0.219
0.193
0.198
0.185
0.193
0.193
0.784
2.143
1.269
0.116
0.115
0.101
0.109
0.114
0.107
0.474
0.912
0.143
0.293
2.108
1.283
0.98
0.599
0.362
0.231
0.188
0.19
0.185
0.189
0.19
0.79
1.454
0.975
0.13
0.256
0.207
0.351
0.864
0.351
0.571
1.157
0.232
0.46
1.902
1.403
0.96
0.611
0.406
0.22
0.196
0.196
0.184
0.178
0.19
0.799
1.389
1.373
0.123
0.25
0.215
0.352
0.864
0.35
0.564
1.148
0.335
0.534
1.978
1.675
0.863
0.618
0.319
0.22
0.196
0.197
0.182
0.175
0.19
1.937
1.444
1.963
0.123
0.249
0.213
0.351
0.863
0.35
0.563
1.145
0.299
0.45
1.371
1.63
0.972
0.696
0.97
0.551
0.192
0.201
0.193
0.176
0.184
2.842
0.686
2.0
0.129
0.249
0.214
0.349
0.858
0.344
0.568
1.153
0.304
0.451
0.821
1.613
0.955
0.768
0.971
0.166
0.132
0.146
0.149
0.136
0.144
0.142
0.132
0.151
0.155
0.826
0.547
0.775
0.737
0.852
0.299
0.188
0.28
0.358
0.797
1.566
1.064
0.642
0.456
0.726
0.567
0.585
0.277
0.201
0.218
0.225
0.195
0.204
0.227
4.164
1.582
1.061
0.16
0.149
0.694
1.377
0.354
0.34
0.482
0.605
0.999
0.706
0.583
0.544
0.19
0.189
0.191
0.174
0.182
3.464
0.87
2.0
0.129
0.249
0.214
0.349
0.858
0.342
0.201
0.36
0.502
1.022
1.077
1.613
1.052
0.938
1.307
0.536
0.207
0.19
0.193
0.174
0.187
3.464
1.663
2.04
0.111
0.11
0.115
0.103
0.099
0.099
0.104
0.115
0.408
0.846
0.856
1.782
1.028
1.003
1.264
0.542
0.203
0.184
0.193
0.182
0.188
4.408
1.663
1.44
0.111
0.108
0.113
0.108
0.1
0.099
0.104
0.133
0.427
0.942
0.911
1.774
1.028
1.003
1.264
0.542
0.211
0.185
0.187
0.183
0.188
4.433
2.67
0.557
0.112
0.108
0.115
0.109
0.101
0.1
0.105
0.133
0.427
1.066
1.193
1.313
0.845
0.939
0.682
0.215
0.211
0.185
0.179
0.194
0.195
4.672
3.04
0.52
0.105
0.114
0.12
0.108
0.1
0.099
0.1
0.126
0.424
1.184
1.497
1.355
0.763
0.877
0.709
0.828
0.613
0.644
0.33
0.241
0.25
0.257
0.238
0.238
0.261
4.232
1.979
1.28
0.714
0.252
1.303
2.532
1.072
0.742
0.482
1.189
1.772
1.017
0.753
0.828
0.624
0.662
0.333
0.25
0.258
0.276
0.261
0.243
0.265
4.232
3.344
2.524
0.93
0.484
1.303
2.532
1.091
2.359
1.423
1.272
1.697
0.935
0.769
0.206
0.209
0.192
0.179
0.194
0.195
4.59
2.401
0.996
0.109
0.115
0.12
0.107
0.099
0.099
0.099
0.117
0.25
1.349
1.412
1.59
1.174
0.713
0.46
0.201
0.195
0.202
0.177
0.193
0.186
4.59
1.612
1.458
0.108
0.115
0.112
0.11
0.105
0.099
0.098
0.116
0.256
1.488
1.561
1.466
1.718
0.629
0.425
0.193
0.193
0.209
0.181
0.187
0.182
3.644
2.312
1.757
0.116
0.117
0.107
0.106
0.106
0.1
0.099
0.1
0.137
1.443
1.905
1.348
1.872
0.742
0.425
0.197
0.194
0.206
0.18
0.186
0.181
3.502
1.505
1.757
0.112
0.111
0.104
0.105
0.104
0.099
0.098
0.099
0.262
1.351
1.718
1.49
1.884
0.735
0.399
0.197
0.193
0.202
0.176
0.173
0.176
3.407
1.865
1.747
0.112
0.104
0.097
0.105
0.104
0.099
0.102
0.104
0.262
1.586
1.374
1.422
1.884
0.734
0.434
0.424
0.237
0.24
0.218
0.215
0.209
0.2
0.203
0.185
0.183
0.641
5.69
2.116
1.176
0.484
0.968
1.5
1.091
2.359
1.475
1.344
1.62
0.935
0.769
0.665
0.374
0.24
0.223
0.218
0.209
0.201
0.223
0.185
0.179
0.609
5.69
2.274
0.899
0.431
0.392
0.384
0.564
2.89
2.251
0.929
0.737
0.625
0.508
0.203
0.192
0.194
0.177
0.173
0.176
3.278
2.158
1.549
0.465
0.106
0.099
0.107
0.107
0.11
0.107
0.105
0.465
1.23
1.637
1.319
1.435
0.807
0.533
0.338
0.191
0.188
0.188
0.178
0.178
3.273
2.158
1.46
0.779
0.108
0.101
0.102
0.109
0.12
0.11
0.108
0.498
1.026
1.545
1.267
0.882
0.807
0.554
0.341
0.194
0.184
0.19
0.182
0.181
3.274
1.467
2.255
0.777
0.106
0.101
0.101
0.109
0.119
0.109
0.107
0.498
1.026
1.159
1.203
0.834
0.701
0.554
0.341
0.191
0.19
0.19
0.182
0.181
2.251
1.441
2.287
0.781
0.106
0.1
0.101
0.109
0.119
0.109
0.107
0.375
0.982
1.148
1.013
1.117
0.689
0.511
0.333
0.189
0.19
0.189
0.182
0.177
1.96
0.737
2.41
0.809
0.136
0.131
0.131
0.14
0.15
0.137
0.133
0.525
0.958
1.432
1.013
1.117
0.712
0.451
0.674
0.374
0.208
0.223
0.222
0.197
0.18
0.196
0.175
0.18
0.622
5.64
1.372
0.69
0.173
0.189
0.23
0.36
1.389
1.668
0.929
0.668
0.654
1.354
0.674
0.346
0.184
0.211
0.207
0.172
0.178
0.196
0.175
0.219
1.754
3.024
1.227
0.268
0.173
0.189
0.23
0.36
1.389
2.942
1.011
0.907
0.85
1.757
0.327
0.19
0.19
0.19
0.186
0.184
1.904
1.318
2.419
0.455
0.131
0.13
0.13
0.138
0.14
0.133
0.308
0.43
1.157
1.186
1.059
1.551
0.636
0.336
0.191
0.188
0.194
0.178
0.18
0.187
1.906
1.828
2.558
0.143
0.132
0.133
0.128
0.129
0.129
0.131
0.306
0.468
1.369
1.164
1.228
1.554
0.629
0.403
0.193
0.181
0.187
0.169
0.174
0.181
2.864
1.828
1.773
0.136
0.131
0.131
0.125
0.127
0.13
0.134
0.308
0.464
1.592
1.106
1.118
2.087
1.091
0.409
0.201
0.18
0.181
0.17
0.174
0.182
3.775
1.826
1.852
0.134
0.131
0.13
0.124
0.126
0.129
0.133
0.307
0.463
1.592
1.167
1.052
2.105
1.086
0.444
0.195
0.182
0.189
0.172
0.174
0.182
3.9
2.455
1.752
0.099
0.099
0.099
0.092
0.094
0.103
0.108
0.276
0.336
1.379
0.84
1.137
2.182
1.129
0.444
0.53
0.204
0.213
0.198
0.215
0.189
0.181
0.198
1.818
2.892
2.378
2.523
0.764
0.211
0.117
0.163
0.216
0.724
0.999
2.369
0.926
0.871
0.85
1.757
0.356
0.186
0.211
0.202
0.214
0.19
0.182
0.196
1.817
2.976
2.378
2.442
0.569
0.449
0.344
1.595
0.56
1.248
0.952
2.825
0.926
0.81
0.616
0.714
0.194
0.186
0.196
0.174
0.17
0.176
4.72
1.658
1.76
0.105
0.099
0.097
0.091
0.093
0.102
0.108
0.167
0.324
0.923
1.323
1.047
1.686
1.112
0.475
0.257
0.195
0.195
0.176
0.172
0.171
4.72
1.465
1.249
0.13
0.117
0.113
0.155
0.238
0.352
0.249
0.413
0.507
0.911
1.469
1.227
1.766
1.186
0.387
0.248
0.199
0.202
0.181
0.173
0.173
4.724
1.96
1.249
0.132
0.12
0.115
0.157
0.24
0.352
0.247
0.411
0.507
0.703
1.489
1.38
1.193
0.79
0.378
0.24
0.196
0.202
0.181
0.176
0.177
4.716
2.061
0.893
0.129
0.119
0.117
0.159
0.242
0.353
0.247
0.412
0.507
0.618
1.37
1.496
0.926
1.157
0.341
0.24
0.194
0.202
0.185
0.176
0.177
4.741
1.491
0.873
0.129
0.119
0.117
0.159
0.243
0.354
0.246
0.412
0.482
0.501
1.46
1.553
0.858
1.116
0.353
0.353
0.186
0.21
0.263
0.223
0.19
0.182
0.205
1.833
2.976
1.418
1.834
0.568
0.444
0.343
1.595
0.56
1.248
0.882
1.568
1.465
0.842
1.273
1.332
0.371
0.368
0.376
0.367
0.218
0.173
0.174
0.179
0.798
0.298
0.779
0.718
0.568
1.264
1.01
2.075
1.195
1.265
0.894
1.568
1.41
1.834
1.444
1.503
0.249
0.191
0.195
0.184
0.178
0.178
4.079
2.5
0.533
0.122
0.119
0.118
0.16
0.243
0.356
0.249
0.35
0.61
0.736
0.889
1.501
1.168
1.436
0.344
0.187
0.183
0.19
0.189
0.18
0.176
4.079
2.187
0.834
0.115
0.116
0.193
0.127
0.117
0.138
0.139
0.122
0.469
0.804
1.032
1.435
1.19
1.403
0.367
0.199
0.184
0.19
0.189
0.184
0.179
3.117
1.682
1.729
0.117
0.118
0.195
0.131
0.126
0.143
0.14
0.123
0.47
0.894
1.278
1.5
1.293
1.428
0.387
0.228
0.223
0.221
0.216
0.209
0.203
2.245
1.948
1.753
0.145
0.147
0.223
0.159
0.154
0.168
0.172
0.154
0.528
0.977
1.284
1.463
1.31
1.207
0.443
0.265
0.255
0.243
0.24
0.255
0.233
1.358
2.431
1.63
0.176
0.176
0.252
0.188
0.183
0.192
0.196
0.182
0.558
1.001
1.789
1.443
1.31
1.317
0.507
0.628
0.513
0.385
0.367
0.205
0.171
0.172
0.179
0.798
0.174
0.196
0.789
1.811
1.411
0.983
0.743
0.914
0.999
0.737
1.606
1.917
1.834
1.485
1.503
0.628
0.513
0.385
0.302
0.197
0.167
0.167
0.167
0.781
0.164
0.195
1.574
2.027
1.411
1.003
0.999
1.096
0.999
0.921
1.497
1.146
1.824
0.704
1.43
0.263
0.256
0.243
0.24
0.267
0.23
0.237
1.634
1.916
0.176
0.176
0.252
0.188
0.183
0.192
0.229
0.295
1.166
0.839
1.789
1.443
1.018
0.962
0.562
0.263
0.262
0.243
0.235
0.267
0.233
0.24
1.634
2.064
0.162
0.163
0.162
0.163
0.168
0.163
0.2
0.28
1.052
0.64
1.515
1.178
0.896
1.119
0.562
0.256
0.256
0.238
0.242
0.269
0.23
0.244
2.422
1.443
0.169
0.165
0.161
0.16
0.16
0.159
0.2
0.282
1.052
0.703
1.325
1.094
0.81
1.165
0.64
0.241
0.226
0.209
0.216
0.242
0.204
0.217
2.126
1.617
0.148
0.14
0.135
0.134
0.134
0.133
0.168
0.252
1.001
0.877
1.744
1.105
0.786
1.201
0.617
0.208
0.198
0.183
0.19
0.202
0.181
0.199
1.889
1.617
0.121
0.11
0.106
0.105
0.104
0.103
0.141
0.224
0.99
0.877
1.582
1.033
0.754
1.14
0.536
1.145
0.33
0.208
0.197
0.212
0.175
0.176
0.175
0.174
1.798
0.4
1.574
2.027
0.686
0.548
0.653
0.596
0.687
0.445
1.358
1.729
1.008
0.704
1.238
1.4
0.733
0.712
0.395
0.212
0.208
0.184
0.2
0.201
1.867
0.391
2.198
0.76
0.353
0.841
0.542
1.784
1.516
1.719
1.081
1.258
0.859
0.775
1.483
0.21
0.203
0.183
0.19
0.188
0.187
0.204
2.308
1.675
0.118
0.11
0.106
0.111
0.109
0.105
0.113
0.25
0.159
0.919
2.131
1.356
1.361
1.279
0.728
0.205
0.203
0.189
0.189
0.187
0.187
0.625
2.308
1.488
0.121
0.109
0.103
0.106
0.106
0.103
0.112
0.249
0.173
0.821
2.33
1.348
1.523
1.303
0.791
0.203
0.203
0.187
0.177
0.181
0.191
0.63
1.552
2.01
0.109
0.103
0.1
0.104
0.103
0.104
0.112
0.246
0.188
0.691
2.64
1.333
1.534
1.259
0.706
0.189
0.192
0.191
0.182
0.18
0.19
0.628
1.267
1.94
0.101
0.098
0.102
0.105
0.104
0.101
0.109
0.244
0.19
0.531
2.539
1.445
1.587
1.193
0.652
0.193
0.198
0.188
0.18
0.174
0.185
1.409
1.655
2.04
0.1
0.097
0.105
0.111
0.107
0.101
0.108
0.243
0.19
0.524
2.398
1.489
1.652
1.228
0.705
1.4
0.746
0.712
0.395
0.211
0.209
0.184
0.212
0.211
1.867
2.162
1.588
0.189
0.204
0.654
1.292
2.66
2.134
2.013
1.542
1.428
1.441
1.287
0.445
0.903
0.746
0.702
0.395
0.2
0.213
0.185
0.313
3.696
0.58
1.987
1.588
0.502
0.449
1.274
1.292
2.66
2.134
2.013
1.542
0.88
1.351
1.287
0.435
0.184
0.196
0.193
0.179
0.174
0.178
2.21
0.938
2.185
0.1
0.097
0.105
0.105
0.102
0.1
0.105
0.344
0.78
0.704
1.86
1.182
1.143
1.14
0.486
0.184
0.188
0.185
0.179
0.173
0.178
1.789
0.832
2.485
0.11
0.092
0.102
0.104
0.101
0.099
0.104
0.342
0.982
1.036
1.712
1.173
1.109
1.067
0.473
0.184
0.189
0.186
0.185
0.18
0.173
1.787
0.988
1.95
0.11
0.092
0.102
0.107
0.103
0.097
0.104
0.342
0.958
1.224
1.204
1.212
1.103
1.067
0.548
0.19
0.193
0.178
0.178
0.179
0.172
2.578
1.594
1.95
0.11
0.092
0.099
0.105
0.102
0.098
0.105
0.343
1.08
1.232
0.866
1.025
1.124
1.15
0.548
0.18
0.182
0.176
0.176
0.177
0.173
1.795
1.219
1.869
0.109
0.091
0.095
0.097
0.098
0.101
0.109
0.348
1.104
1.474
0.893
1.0
1.06
1.145
0.54
0.387
0.208
0.191
0.188
0.186
0.186
0.181
0.304
3.686
0.53
1.987
0.978
0.502
0.424
0.814
1.252
1.311
0.97
0.809
1.254
0.966
1.438
1.183
0.175
0.16
0.164
0.168
0.166
0.16
0.155
0.15
2.42
3.716
0.475
0.162
0.191
0.451
0.39
0.953
0.339
0.335
0.355
0.554
2.517
2.315
0.929
0.678
0.808
0.181
0.18
0.177
0.181
0.182
0.173
1.299
1.627
1.634
0.11
0.091
0.095
0.102
0.103
0.107
0.117
0.246
0.87
1.467
0.893
1.0
1.06
1.109
0.475
0.187
0.18
0.176
0.18
0.182
0.18
1.297
1.674
1.365
0.092
0.092
0.102
0.107
0.105
0.107
0.117
0.246
0.646
1.253
0.939
0.931
1.142
1.116
0.432
0.198
0.186
0.176
0.174
0.175
0.182
1.296
2.106
1.432
0.092
0.092
0.102
0.104
0.107
0.109
0.138
0.244
0.667
1.213
0.944
0.872
1.178
1.08
0.344
0.201
0.184
0.176
0.174
0.177
0.19
0.5
1.822
1.511
0.093
0.093
0.099
0.104
0.11
0.111
0.157
0.244
0.542
1.206
1.194
1.125
1.347
1.14
0.423
0.201
0.184
0.18
0.182
0.179
0.188
0.498
1.822
1.555
0.093
0.093
0.099
0.104
0.11
0.108
0.17
0.24
0.541
0.945
1.469
1.722
1.726
1.549
0.404
0.825
0.155
0.159
0.157
0.166
0.162
0.147
2.304
0.217
0.134
0.787
1.273
0.664
0.762
0.922
0.879
0.625
0.995
0.672
2.517
2.33
0.929
0.678
0.821
0.866
0.188
0.184
0.175
0.189
0.19
0.175
2.323
0.217
0.134
0.787
1.273
0.664
0.767
0.922
1.862
0.625
0.995
0.672
2.46
2.33
0.879
0.568
0.821
0.201
0.184
0.185
0.178
0.175
0.188
1.015
1.645
1.598
0.092
0.093
0.099
0.099
0.104
0.101
0.156
0.127
0.272
0.638
1.469
1.722
1.726
1.549
0.594
0.196
0.185
0.188
0.18
0.176
0.182
1.014
2.123
1.636
0.092
0.093
0.093
0.094
0.103
0.101
0.156
0.189
0.594
0.891
1.746
1.738
1.542
1.462
0.571
0.182
0.189
0.186
0.18
0.176
0.185
1.006
1.706
1.62
0.091
0.092
0.092
0.096
0.1
0.098
0.134
0.188
0.593
1.086
2.626
2.041
1.516
1.483
0.583
0.176
0.187
0.189
0.182
0.176
0.179
1.007
1.567
1.895
0.09
0.091
0.091
0.095
0.094
0.093
0.114
0.188
0.576
1.221
2.938
1.896
1.362
1.232
0.647
0.786
0.187
0.184
0.174
0.172
0.179
1.004
2.334
1.856
0.088
0.089
0.09
0.095
0.094
0.093
0.095
0.186
0.555
1.419
2.781
1.35
0.912
0.697
0.612
0.866
0.188
0.184
0.175
0.189
0.19
0.175
0.192
0.131
0.131
0.785
1.27
0.656
0.767
1.299
1.862
0.656
1.07
0.798
0.825
0.778
0.811
0.322
0.186
0.206
0.191
0.186
0.175
0.174
0.208
0.206
0.188
0.732
1.614
0.94
0.129
0.088
0.115
0.697
1.624
0.484
0.441
0.564
0.479
0.403
0.493
0.204
0.134
0.784
0.183
0.174
0.173
0.17
0.196
0.189
2.351
1.882
0.087
0.087
0.088
0.094
0.092
0.091
0.272
0.491
0.71
1.483
2.781
1.35
0.912
0.85
0.519
0.813
0.212
0.2
0.2
0.198
0.243
0.214
1.658
2.718
0.518
0.279
0.087
0.093
0.092
0.091
0.272
0.427
0.372
1.376
2.488
1.31
0.888
0.812
0.519
0.813
0.185
0.182
0.182
0.181
0.235
0.197
1.474
2.385
0.514
0.291
0.084
0.088
0.088
0.088
0.27
0.527
0.484
1.111
1.545
0.92
0.784
0.716
0.588
0.905
0.281
0.385
0.273
0.271
0.342
0.286
1.567
1.86
0.558
0.342
0.106
0.108
0.109
0.109
0.504
0.679
0.642
1.084
1.086
0.948
0.808
0.701
0.394
0.299
0.304
0.414
0.301
0.298
0.369
0.308
0.523
1.86
0.559
0.36
0.229
0.236
0.43
0.717
0.6
0.682
0.645
0.874
0.934
0.825
0.834
0.635
0.4
0.147
0.136
0.137
0.134
0.133
0.199
0.163
0.128
0.732
1.614
0.933
0.123
0.085
0.1
0.656
0.391
0.364
0.434
0.55
0.451
0.926
0.694
0.282
0.231
0.185
0.168
0.166
0.168
0.17
0.242
0.202
0.173
0.734
1.616
0.974
0.131
0.085
0.107
0.084
0.086
0.09
0.106
0.15
0.111
0.663
0.331
0.222
0.187
0.126
0.306
0.416
0.303
0.301
0.372
0.297
0.273
1.441
0.561
0.366
0.232
0.238
0.431
0.718
0.421
0.355
0.82
0.555
0.683
0.669
0.704
0.418
0.297
0.306
0.277
0.387
0.274
0.272
0.341
0.27
0.253
0.535
0.51
0.186
0.23
0.239
0.432
0.718
0.422
0.557
0.963
0.772
0.872
1.414
0.974
0.602
0.481
0.289
0.279
0.389
0.275
0.273
0.346
0.275
0.267
0.556
0.99
0.356
0.926
0.239
0.432
0.718
0.422
0.459
0.856
0.658
1.404
1.703
1.109
0.767
0.459
0.303
0.183
0.184
0.181
0.18
0.254
0.183
0.174
0.462
1.324
0.323
0.905
0.219
0.411
0.697
0.189
0.307
0.701
0.61
1.664
1.943
1.306
0.868
0.643
0.239
0.177
0.174
0.173
0.176
0.252
0.18
0.179
0.485
1.843
0.561
0.847
0.479
0.244
0.283
0.224
0.582
0.969
1.201
2.1
2.433
1.74
1.083
1.257
0.601
0.12
0.123
0.127
0.165
0.2
0.129
0.137
0.089
0.111
0.125
0.09
0.087
0.108
0.087
0.088
0.1
0.129
0.136
0.111
1.078
0.695
0.286
0.246
0.129
0.184
0.166
0.175
0.18
0.251
0.176
0.183
0.14
0.221
1.315
1.204
0.514
0.124
0.108
0.107
0.116
0.137
0.139
0.129
0.535
0.505
0.197
0.165
0.11
0.179
0.175
0.175
0.183
0.261
0.18
0.187
1.242
1.843
0.555
0.85
0.485
0.251
0.29
0.228
0.584
0.714
1.63
2.21
2.433
1.74
1.098
1.396
0.769
0.179
0.175
0.175
0.183
0.261
0.18
0.789
0.935
1.744
0.547
0.85
0.485
0.255
0.304
0.229
0.388
0.579
1.412
2.21
2.185
1.813
1.088
1.433
0.851
0.182
0.177
0.177
0.185
0.255
0.178
0.805
1.665
1.715
0.368
0.16
0.516
0.355
0.425
0.333
0.507
0.691
1.547
1.822
2.125
1.795
1.019
1.743
1.217
0.186
0.181
0.18
0.186
0.238
0.178
0.819
1.883
1.629
0.352
0.16
0.517
0.355
0.436
0.333
0.507
0.691
1.394
1.538
2.359
1.776
1.154
1.91
1.217
0.185
0.18
0.179
0.182
0.216
0.174
0.828
2.171
1.44
0.097
0.097
0.13
0.204
0.26
0.203
0.231
0.432
0.755
1.084
1.981
1.377
1.112
1.483
0.88
0.17
0.153
0.158
0.177
0.183
0.158
0.157
0.158
0.221
1.279
1.213
0.53
0.346
0.212
0.514
0.483
0.748
0.377
0.425
1.914
1.009
0.72
0.514
0.178
0.22
0.199
0.169
0.213
0.248
0.177
0.208
0.178
0.221
1.279
1.213
0.53
0.346
0.31
1.0
0.718
0.745
0.377
0.425
1.522
0.636
0.668
0.476
0.178
0.182
0.175
0.173
0.172
0.191
0.171
0.833
1.767
1.543
0.229
0.161
0.2
0.27
0.345
0.286
0.296
0.775
0.825
1.299
1.906
1.349
1.04
1.406
0.796
0.182
0.175
0.173
0.172
0.173
0.171
0.247
1.914
1.739
0.228
0.161
0.217
0.266
0.345
0.281
0.283
0.775
0.825
1.507
2.814
1.95
1.304
1.475
0.81
0.175
0.168
0.168
0.168
0.171
0.168
0.242
1.433
1.681
0.224
0.16
0.203
0.166
0.242
0.176
0.163
0.674
0.689
2.07
2.902
1.93
1.465
1.191
0.825
0.574
0.165
0.165
0.167
0.17
0.168
0.246
1.895
1.809
0.227
0.161
0.222
0.166
0.242
0.178
0.164
0.676
0.737
2.263
2.812
1.792
1.46
1.025
0.825
0.58
0.166
0.164
0.167
0.171
0.167
0.251
2.183
1.809
0.228
0.161
0.224
0.166
0.244
0.183
0.169
0.676
0.758
2.263
2.922
1.828
1.613
1.176
0.935
0.177
0.19
0.14
0.166
0.2
0.149
0.197
0.151
0.111
0.089
0.102
0.142
0.328
0.31
1.0
0.718
0.852
1.765
1.755
2.219
1.217
1.285
1.057
0.24
0.206
0.193
0.159
0.2
0.212
0.176
0.241
0.193
0.129
0.133
1.447
1.001
0.952
1.652
1.209
0.353
0.26
1.528
1.436
0.857
0.688
0.781
0.691
0.173
0.601
0.166
0.164
0.164
0.165
0.164
0.246
2.081
1.71
0.093
0.093
0.166
0.092
0.164
0.096
0.095
0.375
0.595
2.458
3.334
2.094
1.676
1.316
1.023
0.603
0.168
0.167
0.166
0.164
0.181
0.248
1.979
1.282
0.113
0.512
0.328
0.13
0.274
0.407
0.496
0.765
1.063
2.566
2.373
1.335
1.505
1.226
0.978
0.603
0.17
0.168
0.167
0.167
0.2
0.685
2.064
1.011
0.239
1.014
0.434
0.154
0.281
0.679
0.681
1.043
1.368
2.269
2.395
1.608
1.567
1.353
0.618
0.201
0.155
0.153
0.154
0.151
0.199
0.663
1.633
0.656
0.406
1.527
0.654
0.415
0.47
0.754
0.787
1.213
2.03
2.854
2.053
1.633
1.585
1.482
0.699
0.19
0.15
0.149
0.149
0.146
0.213
0.659
1.289
0.656
0.42
1.617
1.085
0.666
0.612
0.963
0.787
1.213
2.03
2.854
2.021
1.582
1.54
1.316
0.611
0.199
0.184
0.169
0.166
0.176
0.174
0.242
0.19
0.161
0.166
2.558
1.225
0.986
1.569
0.709
0.098
0.26
1.528
1.436
1.123
1.402
1.769
2.033
0.266
0.241
0.23
0.218
0.217
0.227
0.263
0.289
0.331
0.236
0.219
2.558
1.225
1.097
1.702
1.356
0.783
0.525
1.497
1.337
1.233
1.101
1.358
1.707
0.458
0.176
0.162
0.159
0.157
0.156
0.226
0.668
1.068
0.386
0.42
1.617
1.085
0.68
0.737
1.031
0.952
1.296
2.064
2.452
1.688
1.348
1.322
1.66
0.657
0.17
0.156
0.16
0.155
0.152
0.225
0.663
1.047
0.925
0.428
1.244
0.947
0.685
0.651
0.798
0.579
0.935
1.787
2.55
1.519
1.348
1.373
1.631
0.619
0.165
0.151
0.153
0.147
0.147
0.221
0.222
1.084
1.363
0.515
0.929
1.013
0.845
0.798
0.595
0.462
0.754
1.874
2.42
1.211
1.093
1.192
1.418
1.09
0.458
0.154
0.159
0.154
0.152
0.227
0.228
1.1
1.626
0.365
0.43
0.789
0.62
0.633
0.545
0.374
0.846
2.098
2.241
1.167
0.99
1.015
1.187
0.969
0.463
0.157
0.162
0.154
0.151
0.226
0.24
1.099
1.668
0.665
0.551
0.557
0.558
0.683
0.613
0.54
1.105
2.515
2.473
1.824
1.328
0.844
1.205
0.943
0.241
0.23
0.231
0.217
0.217
0.287
0.282
0.335
0.232
0.216
1.321
0.733
0.323
0.342
1.437
2.496
0.873
2.022
2.568
1.832
1.215
1.393
1.721
0.621
0.239
0.24
0.296
0.475
0.443
0.521
0.504
0.416
0.26
0.243
0.317
0.59
0.713
0.528
1.437
2.496
0.873
2.022
2.568
1.832
1.012
0.941
0.651
0.621
0.458
0.161
0.164
0.156
0.155
0.228
0.332
1.266
2.018
0.735
0.623
0.648
0.696
0.641
0.534
0.463
0.991
2.521
2.473
1.575
1.34
0.834
0.631
0.796
0.458
0.161
0.155
0.154
0.156
0.228
0.655
1.356
1.616
0.726
0.577
0.625
0.671
0.617
0.507
0.456
0.991
2.521
2.176
1.683
1.476
0.825
0.676
0.813
0.46
0.212
0.236
0.158
0.159
0.232
0.659
0.999
1.482
0.633
0.59
0.485
0.586
0.631
0.535
0.493
1.005
2.483
2.072
1.828
1.51
0.788
0.736
0.325
0.169
0.209
0.232
0.154
0.156
0.23
0.659
1.115
1.427
0.62
0.593
0.485
0.586
0.626
0.533
0.484
0.741
1.742
1.935
2.175
1.499
0.86
0.749
0.368
0.165
0.205
0.229
0.154
0.16
0.243
1.318
1.544
1.427
0.302
0.378
0.279
0.399
0.428
0.253
0.306
0.452
1.187
1.508
1.816
1.481
0.868
0.833
0.368
0.189
0.193
0.262
0.424
0.387
0.465
0.451
0.303
0.217
0.213
0.42
0.843
3.11
1.432
1.697
2.084
0.799
1.049
2.535
1.829
1.086
0.974
0.754
0.432
1.305
0.184
0.24
0.418
0.393
0.482
0.451
0.309
0.217
0.226
1.226
0.527
3.11
1.432
1.264
0.428
0.477
0.831
3.231
2.634
1.086
1.029
0.91
0.556
0.159
0.202
0.229
0.154
0.164
0.253
1.23
1.983
1.018
0.211
0.292
0.183
0.226
0.333
0.183
0.232
0.331
1.059
1.405
1.816
1.493
0.868
0.835
0.599
0.165
0.203
0.229
0.154
0.167
0.263
0.905
2.267
0.823
0.213
0.298
0.178
0.211
0.333
0.179
0.222
0.331
1.005
1.117
2.132
1.927
1.11
1.039
0.606
0.172
0.155
0.154
0.153
0.17
0.271
0.902
2.951
0.416
0.112
0.119
0.16
0.117
0.156
0.096
0.131
0.235
0.644
0.845
2.16
1.94
1.245
1.098
0.597
0.172
0.155
0.154
0.152
0.172
0.271
0.901
3.183
0.116
0.103
0.119
0.16
0.116
0.156
0.099
0.121
0.234
0.419
0.317
2.214
2.138
1.382
1.217
0.55
0.172
0.173
0.154
0.172
0.172
0.269
0.95
3.183
0.116
0.104
0.121
0.16
0.117
0.155
0.099
0.117
0.233
0.419
0.317
2.176
2.0
1.565
1.334
0.609
1.28
0.157
0.156
0.153
0.165
0.265
0.22
0.229
0.183
0.215
1.226
0.638
4.951
1.463
1.526
1.251
1.027
0.831
3.231
2.634
0.912
0.765
0.91
0.572
1.28
0.157
0.156
0.153
0.165
0.265
0.215
0.225
0.145
0.189
1.055
0.296
2.508
0.867
0.78
2.044
2.051
1.098
3.803
3.868
1.092
0.992
1.032
1.889
0.17
0.19
0.153
0.189
0.17
0.27
0.948
3.118
0.233
0.201
0.12
0.16
0.114
0.151
0.096
0.164
0.175
0.167
0.294
2.176
2.0
1.565
1.334
0.317
0.161
0.19
0.153
0.189
0.17
0.269
0.949
3.156
0.233
0.201
0.12
0.162
0.117
0.161
0.112
0.164
0.175
0.175
1.022
1.949
1.608
1.392
1.289
0.286
0.151
0.186
0.15
0.188
0.164
0.258
1.275
2.594
0.253
0.212
0.13
0.164
0.132
0.183
0.128
0.18
0.307
0.52
1.32
2.804
1.676
1.544
1.377
0.326
0.151
0.187
0.15
0.188
0.16
0.247
1.62
2.38
0.601
0.571
0.754
0.513
0.329
0.375
0.389
0.387
0.543
0.853
1.577
3.07
1.833
1.4
1.365
0.335
0.154
0.169
0.149
0.169
0.156
0.23
0.9
2.271
0.844
1.058
1.108
0.82
0.894
0.983
0.635
0.602
0.807
1.085
1.852
2.984
1.788
1.313
1.275
0.282
0.478
0.165
0.156
0.153
0.159
0.247
0.22
0.22
0.149
0.146
0.221
0.621
5.691
1.922
1.733
2.052
2.051
1.66
3.006
3.18
1.523
1.299
0.981
1.605
0.472
0.157
0.143
0.144
0.151
0.228
0.214
0.2
0.149
0.146
0.207
0.47
3.471
1.922
1.37
1.817
1.83
1.66
3.006
3.18
1.523
1.299
0.981
1.551
0.153
0.149
0.149
0.151
0.152
0.209
0.9
2.514
1.151
1.021
1.19
0.959
0.894
0.983
0.635
0.535
0.8
1.085
1.852
2.984
1.788
1.313
1.275
0.265
0.152
0.147
0.163
0.151
0.152
0.196
0.9
2.205
1.151
1.021
1.19
0.959
0.888
0.963
0.634
0.535
0.8
1.057
1.122
2.524
1.388
1.03
0.965
0.235
0.135
0.132
0.163
0.133
0.135
0.175
0.535
1.669
1.108
0.987
1.16
0.937
0.849
0.913
0.611
0.874
1.167
1.395
1.677
2.274
1.934
0.887
0.914
0.393
0.149
0.148
0.183
0.134
0.144
0.189
0.17
1.327
0.765
0.822
0.847
1.249
1.473
0.713
0.366
0.669
0.932
1.215
1.566
1.946
1.665
0.776
0.761
0.391
0.15
0.156
0.208
0.136
0.146
0.197
0.152
0.992
0.665
0.777
1.655
1.193
0.901
0.089
0.125
0.47
0.655
0.963
1.289
1.634
1.322
0.516
0.529
0.362
