0.0
0.0
0.0
0.0
0.0
0.0
0.0
0.0
0.0
0.0
0.0
0.0
0.0
0.0
0.0
0.0
0.0
0.0
0.0
0.0
0.0
0.0
0.0
0.0
0.0
0.0
0.0
0.0
0.0
0.0
0.0
0.0
0.0
0.0
0.0
0.0
0.0
0.0
0.0
0.0
0.0
0.0
0.0
0.0
0.0
0.0
0.0
0.0
0.0
0.0
0.0
0.0
0.0
0.0
0.0
0.0
0.0
0.0
0.0
0.0
0.0
0.0
0.0
0.0
0.0
0.0
0.0
0.0
0.0
0.0
0.0
0.0
0.0
0.0
0.0
0.0
0.0
0.0
0.0
0.0
0.0
0.0
0.0
0.0
0.0
0.0
0.0
0.0
0.0
0.0
0.0
0.0
0.0
0.0
0.0
0.0
0.0
0.0
0.0
0.0
0.0
0.0
0.0
0.0
0.0
0.0
0.0
0.0
0.0
0.0
0.0
0.0
0.0
0.0
0.0
0.0
0.0
0.0
0.0
0.0
0.0
0.0
0.0
0.0
0.0
0.0
0.0
0.0
0.0
0.0
0.0
0.0
0.0
0.0
0.0
0.0
0.0
0.0
0.0
0.0
0.0
0.0
0.0
0.0
0.0
0.0
0.0
0.0
0.0
0.0
0.0
0.0
0.0
0.0
0.0
0.0
0.0
0.0
0.0
0.0
0.0
0.0
0.0
0.0
0.0
0.0
0.0
0.0
0.0
0.0
0.0
0.0
0.0
0.0
0.0
0.0
0.0
0.0
0.0
0.0
0.0
0.0
0.0
0.0
0.0
0.0
0.0
0.0
0.0
0.0
0.0
0.0
0.0
0.0
0.0
0.0
0.0
0.0
0.0
0.0
0.0
0.0
0.0
0.0
0.0
0.0
0.0
0.0
0.0
0.0
0.0
0.0
0.0
0.0
0.0
0.0
0.0
0.0
0.0
0.0
0.0
0.0
0.0
0.0
0.0
0.0
0.0
0.0
0.0
0.0
0.0
0.0
0.0
0.0
0.0
0.0
0.0
0.0
0.0
0.0
0.0
0.0
0.0
0.0
0.0
0.0
0.0
0.0
0.0
0.0
0.0
0.0
0.0
0.0
0.0
0.0
0.0
0.0
0.0
0.0
0.0
0.0
0.0
0.0
0.0
0.0
0.0
0.0
0.0
0.0
0.0
0.0
0.0
0.0
0.0
0.0
0.0
0.0
0.0
0.0
0.0
0.0
0.0
0.0
0.0
0.0
0.0
0.0
0.0
0.0
0.0
0.0
0.0
0.0
0.0
0.0
0.0
0.0
0.0
0.0
0.0
0.0
0.0
0.0
0.0
0.0
0.0
0.0
0.0
0.0
0.0
0.0
0.0
0.0
0.0
0.0
0.0
0.0
0.0
0.0
0.0
0.0
0.0
0.0
0.0
0.0
0.0
0.0
0.0
0.0
0.0
0.0
0.0
0.0
0.0
0.0
0.0
0.0
0.0
0.0
0.0
0.0
0.0
0.0
0.0
0.0
0.0
0.0
0.0
0.0
0.0
0.0
0.0
0.0
0.0
0.0
0.0
0.0
0.0
0.0
0.0
0.0
0.0
0.0
0.0
0.0
0.0
0.0
0.0
0.0
0.0
0.0
0.0
0.0
0.0
0.0
0.0
0.0
0.0
0.0
0.0
0.0
0.0
0.0
0.0
0.0
0.0
0.0
0.0
0.0
0.0
0.0
0.0
0.0
0.0
0.0
0.0
0.0
0.0
0.0
0.0
0.0
0.0
0.0
0.0
0.0
0.0
0.0
0.0
0.0
0.0
0.0
0.0
0.0
0.0
0.0
0.0
0.0
0.0
0.0
0.0
0.0
0.0
0.0
0.0
0.0
0.0
0.0
0.0
0.0
0.0
0.0
0.0
0.0
0.0
0.0
0.0
0.0
0.0
0.0
0.0
0.0
0.0
0.0
0.0
0.0
0.0
0.0
0.0
0.0
0.0
0.0
0.0
0.0
0.0
0.0
0.0
0.0
0.0
0.0
0.0
0.0
0.0
0.0
0.0
0.0
0.0
0.0
0.0
0.0
0.0
0.0
0.0
0.0
0.0
0.0
0.0
0.0
0.0
0.0
0.0
0.0
0.0
0.0
0.0
0.0
0.0
0.0
0.0
0.0
0.0
0.0
0.0
0.0
0.0
0.0
0.0
0.0
0.0
0.0
0.0
0.0
0.0
0.0
0.0
0.0
0.0
0.0
0.0
0.0
0.0
0.0
0.0
0.0
0.0
0.0
0.0
0.0
0.0
0.0
0.0
0.0
0.0
0.0
0.0
0.0
0.0
0.0
0.0
0.0
0.0
0.0
0.0
0.0
0.0
0.0
0.0
0.0
0.0
0.0
0.0
0.0
0.0
0.0
0.0
0.0
0.0
0.0
0.0
0.0
0.0
0.0
0.0
0.0
0.0
0.0
0.0
0.0
0.0
0.0
0.0
0.0
0.0
0.0
0.0
0.0
0.0
0.0
0.0
0.0
0.0
0.0
0.0
0.0
0.0
0.0
0.0
0.0
0.0
0.0
0.0
0.0
0.0
0.0
0.0
0.0
0.0
0.0
0.0
0.0
0.0
0.0
0.0
0.0
0.0
0.0
0.0
0.0
0.0
0.0
0.0
0.0
0.0
0.0
0.0
0.0
0.0
0.0
0.0
0.0
0.0
0.0
0.0
0.0
0.0
0.0
0.0
0.0
0.0
0.0
0.0
0.0
0.0
0.0
0.0
0.0
0.0
0.0
0.0
0.0
0.0
0.0
0.0
0.0
0.0
0.0
0.0
0.0
0.0
0.0
0.0
0.0
0.0
0.0
0.0
0.0
0.0
0.0
0.0
0.0
0.0
0.0
0.0
0.0
0.0
0.0
0.0
0.0
0.0
0.0
0.0
0.0
0.0
0.0
0.0
0.0
0.0
0.0
0.0
0.0
0.0
0.0
0.0
0.0
0.0
0.0
0.0
0.0
0.0
0.0
0.0
0.0
0.0
0.0
0.0
0.0
0.0
0.0
0.0
0.0
0.0
0.0
0.0
0.0
0.0
0.0
0.0
0.0
0.0
0.0
0.0
0.0
0.0
0.0
0.0
0.0
0.0
0.0
0.0
0.0
0.0
0.0
0.0
0.0
0.0
0.0
0.0
0.0
0.0
0.0
0.0
0.0
0.0
0.0
0.0
0.0
0.0
0.0
0.0
0.0
0.0
0.0
0.0
0.0
0.0
0.0
0.0
0.0
0.0
0.0
0.0
0.0
0.0
0.0
0.0
0.0
0.0
0.0
0.0
0.0
0.0
0.0
0.0
0.0
0.0
0.0
0.0
0.0
0.0
0.0
0.0
0.0
0.0
0.0
0.0
0.0
0.0
0.0
0.0
0.0
0.0
0.0
0.0
0.0
0.0
0.0
0.0
0.0
0.0
0.0
0.0
0.0
0.0
0.0
0.0
0.0
0.0
0.0
0.0
0.0
0.0
0.0
0.0
0.0
0.0
0.0
0.0
0.0
0.0
0.0
0.0
0.0
0.0
0.0
0.0
0.0
0.0
0.0
0.0
0.0
0.0
0.0
0.0
0.0
0.0
0.0
0.0
0.0
0.0
0.0
0.0
0.0
0.0
0.0
0.0
0.0
0.0
0.0
0.0
0.0
0.0
0.0
0.0
0.0
0.0
0.0
0.0
0.0
0.0
0.0
0.0
0.477
0.298
0.3
0.323
0.298
0.353
0.674
1.208
1.56
0.973
0.47
0.302
0.261
0.288
0.319
0.267
0.372
1.728
1.051
1.381
1.16
0.733
0.986
0.868
0.498
0.309
0.297
0.332
0.309
0.361
0.661
1.273
1.508
0.912
0.461
0.302
0.258
0.288
0.321
0.418
0.407
2.312
1.113
1.457
1.194
0.644
0.751
0.79
0.498
0.291
0.296
0.332
0.311
0.545
0.921
1.059
1.178
0.792
0.493
0.442
0.276
0.289
0.38
0.557
0.451
2.648
1.409
1.48
1.194
0.657
1.121
0.948
0.504
0.297
0.309
0.331
0.311
0.556
1.005
1.004
1.115
0.676
0.493
0.433
0.271
0.297
0.376
0.71
0.759
2.115
1.409
1.535
1.175
0.686
1.108
0.505
0.317
0.307
0.313
0.333
0.309
0.382
0.638
1.186
2.46
2.723
0.718
0.293
0.905
0.325
0.296
0.46
1.043
1.479
1.672
3.289
1.931
0.646
0.943
0.907
0.734
0.334
0.324
0.327
0.286
0.409
0.64
0.88
2.622
2.723
0.718
0.486
0.322
0.301
0.31
0.462
1.055
0.815
1.113
1.61
1.69
0.593
0.943
0.901
0.377
0.304
0.3
0.325
0.316
0.556
0.991
1.547
1.193
0.673
0.396
0.436
0.271
0.301
0.371
0.71
0.83
2.186
1.394
1.136
0.988
0.619
1.09
0.771
0.453
0.312
0.3
0.339
0.317
0.559
1.012
1.861
1.302
0.696
0.396
0.449
0.274
0.301
0.384
0.815
1.051
2.028
1.328
1.118
1.053
0.609
1.009
0.714
0.466
0.301
0.308
0.331
0.306
0.555
1.029
1.881
1.51
0.849
0.395
0.449
0.277
0.3
0.38
0.663
1.067
1.915
1.285
1.018
0.998
0.747
1.256
0.775
0.466
0.322
0.298
0.331
0.33
0.375
0.759
2.277
1.644
0.855
0.352
0.446
0.277
0.297
0.313
0.537
1.037
2.031
0.99
0.964
0.999
0.792
0.88
0.564
0.463
0.313
0.291
0.334
0.329
0.383
0.668
2.277
1.644
0.932
0.338
0.455
0.297
0.286
0.314
0.398
0.828
2.035
0.976
0.917
1.041
0.78
0.885
0.907
0.718
0.334
0.324
0.323
0.264
0.409
0.65
0.718
3.083
2.35
0.464
1.221
0.296
0.301
0.318
0.309
0.455
0.822
2.27
1.61
1.811
0.728
0.855
0.994
0.751
0.316
0.329
0.547
1.04
1.19
1.104
0.91
3.083
1.149
0.283
1.221
0.426
0.278
0.392
0.309
0.455
1.123
2.573
1.004
1.128
0.645
0.628
0.564
0.463
0.314
0.303
0.334
0.33
0.39
0.668
2.182
1.754
0.96
0.405
0.55
0.645
0.271
0.321
0.419
0.768
1.888
0.841
0.946
1.019
0.78
0.858
0.568
0.373
0.343
0.397
0.35
0.481
0.712
1.054
1.985
1.622
0.96
0.444
0.535
0.805
0.354
0.45
0.435
0.633
1.958
0.824
1.185
0.898
0.785
0.927
0.491
0.345
0.346
0.455
0.35
0.588
0.742
1.134
1.716
1.501
0.777
0.435
0.538
0.805
0.414
0.638
0.6
0.608
1.629
0.809
1.376
0.898
0.684
0.781
0.489
0.334
0.343
0.524
0.337
0.687
1.096
1.22
1.336
1.227
0.832
0.772
0.42
0.938
0.485
0.768
0.664
0.724
1.335
1.018
1.465
0.859
0.701
1.042
0.707
0.346
0.369
0.565
0.329
0.808
1.099
1.305
1.409
0.999
0.656
0.787
0.667
1.109
0.669
0.768
0.705
0.794
1.352
1.15
1.467
0.721
0.898
1.15
0.603
0.354
0.269
0.431
0.547
1.31
1.202
1.104
0.91
2.206
1.947
0.393
1.023
0.395
0.504
0.685
0.454
0.538
1.494
2.904
0.915
1.128
0.902
0.891
0.722
0.354
0.302
0.519
0.532
1.31
1.202
1.133
0.99
0.993
2.143
0.358
0.288
0.407
0.504
0.685
0.521
0.511
1.539
2.311
1.229
1.027
0.928
0.738
0.713
0.346
0.373
0.577
0.329
0.832
1.39
1.434
1.05
0.758
0.803
0.845
0.567
0.891
0.699
0.753
0.714
0.794
1.43
1.15
1.515
0.794
0.993
1.15
0.813
0.436
0.348
0.551
0.295
0.811
1.094
1.114
0.948
0.502
0.813
0.822
0.626
1.089
0.681
0.799
0.69
0.884
1.692
1.303
1.28
0.73
0.995
1.128
0.853
0.432
0.348
0.558
0.279
0.811
1.387
1.469
1.094
0.561
0.838
0.874
0.693
1.163
0.695
0.763
0.571
0.939
1.768
1.376
1.017
0.741
1.075
1.039
0.769
0.431
0.358
0.545
0.29
0.843
1.034
1.505
1.117
0.586
0.805
0.578
0.7
1.177
0.659
0.818
0.542
1.087
1.971
1.184
0.929
0.701
1.071
0.794
0.697
0.445
0.343
0.546
0.3
0.845
1.291
1.583
1.084
0.595
0.805
0.593
0.445
1.517
0.555
0.975
0.531
1.086
1.971
1.092
0.858
0.704
0.845
0.653
0.524
0.322
0.305
0.544
0.294
0.809
0.482
1.214
2.005
1.046
2.143
0.409
0.426
0.266
0.535
0.613
0.521
0.513
2.274
2.311
1.204
0.803
0.946
1.22
0.986
0.436
0.323
0.523
0.324
0.819
0.478
1.214
2.367
1.046
1.025
0.295
0.426
0.307
0.28
0.322
0.377
0.426
2.093
2.189
1.586
1.162
1.228
0.996
0.697
0.445
0.348
0.546
0.3
0.87
0.994
1.507
1.05
0.493
0.635
0.556
0.515
1.628
0.595
0.975
0.501
1.086
1.842
1.108
1.009
0.574
0.85
0.927
0.543
0.319
0.329
0.547
0.302
0.861
0.989
1.526
1.043
0.493
0.624
0.556
0.459
1.429
0.595
0.938
0.852
1.184
1.452
1.01
1.227
0.616
0.813
1.079
0.69
0.416
0.329
0.546
0.299
0.877
0.933
1.235
0.987
0.445
0.577
0.515
0.457
1.261
0.574
0.94
0.824
1.132
1.316
0.949
1.209
0.58
0.677
1.138
0.73
0.415
0.321
0.545
0.289
0.869
0.933
1.235
0.962
0.487
0.597
0.574
0.495
1.188
0.556
0.914
0.803
1.042
0.907
0.946
1.204
0.594
0.678
1.111
0.59
0.37
0.329
0.632
0.268
0.869
0.904
1.26
1.023
0.479
0.596
0.566
0.49
0.676
0.534
0.937
0.813
0.999
0.978
0.955
1.652
0.647
0.824
1.111
0.788
0.447
0.322
0.515
0.349
0.867
0.455
1.777
2.439
1.066
1.091
0.32
0.425
0.323
0.295
0.327
0.366
0.476
2.104
2.255
1.29
1.016
1.852
1.211
0.802
0.447
0.322
0.513
0.349
0.886
0.378
1.159
2.014
1.047
1.091
0.332
0.956
0.323
0.354
0.424
0.613
0.807
1.263
2.255
1.784
1.038
1.852
0.819
0.587
0.369
0.323
0.632
0.271
0.866
0.892
1.259
1.328
0.394
0.463
0.464
0.422
0.409
0.465
0.946
0.879
1.025
1.368
1.031
1.854
0.997
0.731
0.777
0.585
0.382
0.321
0.629
0.261
0.871
1.137
1.254
1.328
0.408
0.456
0.451
0.433
0.399
0.521
0.946
0.474
0.803
2.053
1.247
1.714
0.994
0.811
0.65
0.518
0.285
0.326
0.625
0.261
0.873
0.907
1.198
1.298
0.399
0.463
0.444
0.362
0.369
0.807
1.017
0.744
0.959
2.079
1.701
1.714
1.006
0.835
0.644
0.486
0.311
0.3
0.631
0.272
0.854
1.181
1.237
1.56
0.64
0.363
0.413
0.425
0.336
0.807
1.029
0.784
0.866
2.079
1.701
1.715
1.015
0.835
0.604
0.487
0.314
0.291
0.547
0.269
0.874
1.091
1.196
1.522
0.639
0.365
0.414
0.419
0.346
0.765
1.183
0.779
0.807
2.639
1.825
1.338
0.978
0.688
0.647
0.323
0.331
0.3
0.527
0.337
0.886
0.403
1.138
2.284
1.591
1.055
0.334
0.952
0.315
0.383
0.424
0.725
1.156
1.723
2.075
1.438
0.653
1.41
0.718
0.334
0.312
0.295
0.527
0.308
0.881
0.405
1.229
2.252
1.945
0.501
0.334
0.952
0.378
0.475
0.404
0.725
1.156
1.705
1.896
2.28
1.093
0.607
0.981
0.536
0.34
0.273
0.547
0.268
0.865
1.37
1.274
1.259
0.622
0.36
0.432
0.402
0.351
0.693
1.253
0.751
0.85
2.303
1.781
1.062
0.678
0.684
0.654
0.536
0.327
0.298
0.544
0.271
0.857
1.148
1.307
1.287
0.605
0.359
0.436
0.385
0.353
0.635
1.253
0.798
0.965
1.811
1.613
1.029
0.638
0.629
0.624
0.406
0.319
0.314
0.537
0.292
0.835
1.437
1.71
1.291
0.599
0.37
0.436
0.393
0.358
0.282
1.443
0.615
0.754
1.822
1.408
1.178
0.655
0.635
0.593
0.374
0.299
0.337
0.517
0.29
0.833
1.192
1.715
1.056
0.293
0.295
0.332
0.248
0.317
0.333
1.408
0.624
0.786
1.877
1.63
1.296
0.69
0.691
0.594
0.363
0.313
0.33
0.51
0.305
0.808
1.358
1.826
1.056
0.293
0.3
0.327
0.252
0.316
0.398
1.124
0.624
0.786
1.868
1.66
1.257
0.725
0.841
1.028
0.896
0.591
0.35
0.542
0.316
0.844
0.478
1.229
2.536
1.945
0.433
0.29
0.312
0.358
0.411
0.302
0.487
0.826
2.777
2.061
1.741
1.101
0.762
1.31
0.968
0.598
0.35
0.553
0.317
0.866
0.492
1.351
2.339
2.323
0.441
0.304
0.301
0.382
0.411
0.302
0.33
0.42
2.417
2.061
2.705
1.27
0.679
1.337
0.345
0.308
0.33
0.51
0.319
0.81
1.104
1.781
1.159
0.43
0.448
0.823
0.401
0.364
0.52
0.938
0.611
0.704
2.104
2.195
1.468
0.787
0.837
1.177
0.334
0.319
0.333
0.501
0.33
0.81
1.157
1.781
1.177
0.436
0.448
0.819
0.4
0.367
0.584
0.965
0.584
0.813
2.386
2.402
1.604
0.972
0.863
1.165
0.348
0.332
0.309
0.522
0.323
0.838
1.198
1.395
1.241
0.444
0.45
0.819
0.395
0.369
0.584
0.712
0.619
1.054
2.469
2.352
1.463
1.03
0.959
1.188
0.344
0.34
0.377
0.54
0.308
0.847
1.198
1.412
1.189
0.425
0.462
0.819
0.417
0.368
0.581
0.849
0.66
1.216
2.469
2.511
1.3
1.089
1.072
1.314
0.341
0.341
0.375
0.541
0.297
0.877
1.229
1.261
1.193
0.423
0.471
0.795
0.438
0.344
0.607
0.948
1.009
1.301
1.871
2.502
1.308
1.089
0.908
0.853
0.968
0.598
0.353
0.553
0.343
0.815
0.492
1.147
2.339
2.2
0.412
0.297
0.638
0.361
0.314
0.321
0.318
1.22
2.443
2.061
1.817
0.861
1.005
1.087
0.461
0.371
0.375
0.607
0.359
0.858
0.525
1.147
2.782
2.2
0.412
0.873
0.784
0.523
0.44
0.482
0.404
1.605
1.671
1.924
2.027
1.004
1.893
0.794
0.296
0.329
0.39
0.529
0.299
0.862
1.237
1.227
1.124
0.631
0.551
0.419
0.369
0.383
0.557
0.948
1.009
1.301
1.741
2.322
1.126
1.03
1.194
0.888
0.346
0.337
0.374
0.55
0.286
0.862
1.582
1.552
1.113
0.631
0.551
0.419
0.369
0.387
0.543
0.97
1.058
1.116
1.409
2.203
0.974
0.812
1.183
0.922
0.328
0.341
0.365
0.548
0.286
0.879
1.31
1.521
1.137
0.628
0.554
0.395
0.393
0.36
0.494
1.002
1.156
1.043
1.601
2.354
0.974
0.727
1.144
0.945
0.467
0.331
0.299
0.53
0.307
0.892
1.31
1.827
1.193
1.014
0.571
0.402
0.381
0.378
0.483
0.959
1.117
1.014
1.601
2.114
1.119
0.639
1.199
1.267
0.626
0.313
0.326
0.521
0.313
0.891
1.007
2.031
1.266
1.014
0.558
0.432
0.357
0.402
0.458
0.934
1.214
1.11
1.724
2.217
1.085
0.822
1.415
1.295
0.406
0.36
0.375
0.612
0.359
0.859
0.597
1.09
2.833
1.621
0.592
0.871
0.784
0.904
0.636
0.607
0.565
1.605
1.671
2.738
1.228
0.78
1.893
0.824
0.666
0.36
0.375
0.615
0.31
0.904
0.597
0.897
2.833
2.094
1.229
0.904
0.691
0.904
0.636
0.607
0.565
1.056
1.566
2.738
1.953
0.998
1.636
1.196
0.635
0.322
0.331
0.521
0.315
0.921
1.232
2.112
1.488
0.722
0.404
0.398
0.375
0.415
0.45
0.934
1.214
1.11
1.574
1.988
0.995
0.776
1.144
1.695
0.713
0.322
0.327
0.519
0.319
0.921
0.871
1.902
1.53
0.719
0.415
0.38
0.392
0.408
0.512
1.226
1.412
1.4
1.725
1.849
0.977
0.838
1.134
1.695
0.713
0.323
0.332
0.516
0.323
0.863
1.172
2.281
1.629
0.784
0.43
0.436
0.427
0.433
0.579
1.58
1.355
1.313
1.71
1.745
1.116
0.826
1.062
1.715
0.579
0.325
0.333
0.511
0.329
0.828
1.201
2.341
1.629
0.609
0.535
0.522
0.583
0.525
0.579
1.5
1.292
1.166
2.164
1.82
0.996
0.801
0.8
1.267
0.459
0.341
0.309
0.533
0.336
0.811
1.582
2.563
1.666
0.645
0.535
0.521
0.585
0.524
0.91
1.739
0.873
1.223
2.68
1.829
1.021
0.642
0.584
1.23
0.836
0.305
0.344
0.547
0.295
0.888
0.557
1.607
2.148
2.094
1.868
0.435
0.621
0.85
0.567
0.515
0.545
0.815
1.289
3.045
1.908
0.842
0.639
1.254
0.836
0.376
0.344
0.536
0.337
0.875
0.559
1.607
2.055
2.105
1.868
0.435
0.524
0.519
0.379
0.354
0.456
0.918
1.674
3.09
2.075
1.102
0.962
1.428
0.905
0.353
0.293
0.553
0.328
0.78
1.421
2.563
1.489
0.596
0.47
0.421
0.5
0.426
1.183
1.777
1.198
1.228
2.68
1.903
1.109
0.778
0.651
0.86
0.55
0.349
0.318
0.555
0.324
0.817
1.421
2.625
1.85
0.971
0.755
0.483
0.51
0.41
1.125
1.351
1.248
1.031
2.66
1.903
1.223
0.77
0.689
0.868
0.522
0.363
0.322
0.557
0.305
0.834
1.086
2.223
1.793
1.418
0.829
0.444
0.463
0.377
1.026
0.801
1.104
1.579
2.513
2.148
1.509
0.983
0.849
0.831
0.587
0.385
0.297
0.557
0.296
0.834
1.015
2.203
1.951
1.355
0.848
0.561
0.474
0.362
1.024
0.758
1.071
1.579
2.133
2.333
1.72
1.118
0.868
0.845
0.612
0.385
0.306
0.543
0.293
0.821
0.587
1.616
1.907
1.531
0.874
0.549
0.471
0.378
0.624
0.403
1.014
1.543
1.664
2.778
1.91
1.196
0.896
1.066
0.822
0.367
0.45
0.486
0.582
0.774
1.26
2.584
1.875
1.466
1.476
1.357
1.179
1.268
1.202
3.06
1.678
1.874
2.588
3.137
1.71
1.224
1.042
1.428
0.78
0.484
0.419
0.51
0.582
0.726
1.26
1.827
1.339
1.556
1.383
1.952
1.477
1.182
1.202
3.086
1.678
1.874
2.588
4.045
2.324
1.224
1.042
1.083
0.725
0.852
0.328
0.54
0.297
0.828
0.454
1.41
1.921
1.716
1.084
0.573
0.471
0.38
0.317
0.302
0.675
1.466
2.074
3.053
1.959
1.114
1.077
0.923
0.783
0.898
0.308
0.539
0.293
0.803
0.407
1.078
1.593
1.587
0.825
0.521
0.457
0.399
0.303
0.358
0.472
1.39
1.913
3.616
2.077
1.148
1.077
0.993
0.745
0.874
0.307
0.545
0.293
0.803
0.402
1.511
1.733
1.255
0.748
0.52
0.446
0.399
0.283
0.421
0.664
0.965
2.065
3.604
1.978
0.98
0.929
1.017
0.845
0.862
0.313
0.546
0.3
0.782
0.425
0.944
1.67
1.632
0.669
0.389
0.279
0.465
0.497
0.463
0.789
1.074
2.275
3.806
2.162
0.854
0.893
1.017
0.915
0.859
0.326
0.546
0.295
0.793
0.417
1.274
1.69
1.66
0.635
0.391
0.269
0.465
0.497
0.556
0.899
1.043
2.269
3.527
2.289
0.939
0.88
1.167
0.946
0.545
0.655
0.542
0.615
0.769
1.193
2.158
1.265
1.735
2.297
1.952
1.477
1.182
1.158
3.086
1.583
1.802
2.487
3.537
2.689
1.242
0.818
0.732
0.807
0.545
0.556
0.542
0.367
0.839
0.464
0.827
1.919
1.861
2.297
1.515
0.556
0.349
0.226
0.329
0.311
0.616
1.697
4.344
2.689
1.227
0.792
0.94
1.24
0.432
0.32
0.54
0.323
0.787
0.414
1.248
1.696
1.571
0.504
0.523
0.44
0.542
0.57
0.556
0.899
1.043
1.754
3.606
2.526
0.969
0.609
1.104
1.05
0.379
0.336
0.538
0.38
0.796
0.397
1.583
1.773
1.72
0.498
0.528
0.435
0.542
0.566
0.538
0.989
1.052
2.813
3.287
2.514
0.98
0.611
1.003
1.05
0.369
0.341
0.551
0.412
0.792
0.476
1.421
1.598
1.728
0.493
0.528
0.457
0.542
0.587
0.564
0.982
0.977
2.975
3.225
2.514
1.108
0.697
1.061
0.969
0.34
0.345
0.558
0.451
0.792
0.47
1.918
1.549
1.465
0.465
0.546
0.616
0.505
0.441
0.534
1.095
1.694
3.231
2.962
2.354
1.264
0.86
1.143
0.928
0.351
0.35
0.572
0.487
0.785
0.483
1.654
1.626
1.687
0.506
0.558
0.645
0.846
0.627
0.503
1.135
1.663
3.364
3.071
2.256
1.17
0.808
0.806
0.68
0.928
1.074
0.99
0.464
0.839
0.416
0.827
1.919
1.861
1.663
0.86
0.233
0.326
0.278
0.438
0.417
0.898
1.89
3.468
2.292
1.603
0.794
0.94
1.24
0.813
0.868
0.982
0.513
0.831
0.411
0.512
1.842
2.282
0.65
0.379
0.449
0.326
0.338
0.438
0.517
0.898
2.423
3.468
3.163
1.934
0.924
0.914
1.031
0.277
0.351
0.574
0.502
0.779
0.485
1.914
2.064
1.82
0.576
0.609
0.757
1.251
0.647
0.519
1.183
1.749
3.364
3.362
1.985
1.226
0.886
0.869
0.616
0.282
0.364
0.611
0.489
0.793
0.516
1.64
1.999
1.786
0.582
0.926
0.972
1.229
0.974
0.567
1.14
1.874
2.441
3.029
2.192
1.226
0.99
0.886
0.785
0.305
0.364
0.614
0.495
0.783
0.462
1.681
1.997
1.786
0.582
0.926
1.206
1.59
1.079
0.571
1.172
1.874
2.3
2.958
2.483
1.193
0.948
0.806
0.862
0.327
0.355
0.636
0.481
0.824
0.451
1.237
1.975
1.751
0.619
0.979
1.439
1.543
1.079
0.571
1.197
1.285
2.01
2.838
2.483
1.074
0.77
0.73
0.922
0.331
0.353
0.644
0.469
0.842
0.443
1.474
2.195
1.603
0.598
0.971
1.439
1.192
0.98
0.638
1.273
1.451
2.436
2.945
2.415
1.067
0.855
0.771
1.221
1.058
0.865
1.031
0.513
0.788
0.471
0.476
1.085
2.238
0.839
0.571
1.727
0.83
0.441
0.43
0.535
1.849
2.781
2.949
3.979
1.934
0.924
0.77
0.571
0.574
0.343
0.618
0.495
0.746
0.471
0.538
1.42
2.35
1.287
1.974
2.137
0.958
0.441
0.328
0.535
1.535
2.781
2.814
3.979
1.652
0.919
0.757
0.762
0.41
0.358
0.644
0.472
0.836
0.453
1.185
1.739
1.518
0.418
0.771
1.171
0.691
0.984
0.631
1.262
1.363
2.436
2.694
3.047
1.024
0.804
0.823
1.221
0.455
0.327
0.612
0.471
0.807
0.435
1.269
1.785
1.549
0.402
0.456
0.941
0.703
0.656
0.931
1.316
1.236
3.058
2.889
3.085
1.071
0.797
0.801
1.037
0.445
0.342
0.56
0.482
0.7
0.434
0.98
1.785
1.91
0.693
0.49
0.71
0.353
0.504
0.865
1.228
1.227
3.351
3.083
2.732
1.026
0.783
0.801
0.887
0.453
0.342
0.511
0.567
0.548
0.446
1.301
2.172
2.185
0.695
0.501
0.357
0.376
0.49
0.875
1.11
1.168
3.476
3.501
3.0
1.094
0.887
0.842
0.75
0.46
0.335
0.451
0.58
0.407
0.456
1.02
1.71
2.321
1.258
0.676
0.572
0.615
0.714
0.963
1.146
1.172
3.471
3.321
2.948
1.06
0.839
0.761
0.359
0.601
0.336
0.509
0.536
0.568
1.277
0.687
1.08
1.555
2.165
2.182
2.137
0.958
0.441
0.329
0.534
1.689
2.28
2.689
3.398
1.266
0.836
0.729
0.792
0.35
0.484
0.42
0.559
0.329
1.262
0.704
1.08
1.555
2.76
2.225
1.267
0.497
0.425
0.631
1.05
0.803
1.401
1.716
2.124
1.266
0.769
1.577
1.033
0.374
0.333
0.39
0.584
0.281
0.47
1.004
1.582
2.403
1.815
0.725
0.783
0.743
0.635
0.933
1.005
1.149
3.567
3.905
2.491
1.189
0.869
0.709
0.35
0.497
0.333
0.391
0.584
0.275
0.478
0.889
1.478
2.403
1.815
0.725
0.783
0.743
0.632
0.998
1.026
1.203
3.109
4.277
2.478
1.282
0.957
0.806
0.594
0.54
0.354
0.429
0.599
0.302
0.502
1.193
1.799
2.233
1.573
0.708
0.772
0.75
0.637
1.171
1.251
1.303
2.863
4.334
2.733
1.318
0.951
0.806
0.745
0.536
0.34
0.424
0.521
0.32
0.501
0.931
1.499
2.003
1.61
0.665
0.789
0.752
0.661
1.181
1.41
1.407
3.216
3.941
2.609
1.27
1.035
0.946
0.745
0.537
0.333
0.432
0.529
0.318
0.506
1.26
2.185
1.98
1.081
0.506
0.554
0.525
0.433
1.289
1.482
1.258
2.709
4.187
2.609
1.27
1.035
1.021
0.787
0.407
0.479
0.425
0.563
0.292
1.291
0.704
0.844
1.241
2.76
2.457
1.439
0.764
0.631
0.681
1.807
1.036
1.592
2.296
3.528
0.939
0.751
2.718
1.922
0.636
0.601
0.425
0.532
0.3
0.477
0.607
1.231
1.788
2.402
2.457
1.439
0.764
0.995
0.858
1.807
1.09
2.298
2.801
2.906
0.79
0.924
2.718
1.922
0.537
0.34
0.432
0.529
0.32
0.504
1.265
2.339
1.836
0.567
0.449
0.362
0.389
0.406
1.62
1.528
1.258
2.459
4.125
2.85
1.229
1.107
1.06
0.928
0.441
0.357
0.418
0.543
0.315
0.498
1.553
2.655
1.912
0.571
0.447
0.352
0.425
0.514
1.248
1.459
1.232
2.53
3.778
2.715
1.084
1.048
0.925
0.822
0.41
0.328
0.387
0.504
0.299
0.478
1.295
2.573
2.202
0.623
0.436
0.361
0.416
0.511
1.134
1.53
1.365
2.503
3.869
2.789
1.256
1.067
0.996
0.779
0.635
0.423
0.365
0.481
0.294
0.478
1.646
2.566
2.301
0.585
0.435
0.395
0.76
0.57
1.134
1.504
1.309
2.135
3.916
3.158
1.349
0.882
0.826
0.824
0.642
0.423
0.355
0.417
0.317
0.459
1.422
2.043
2.216
0.585
0.415
0.395
0.763
0.57
0.9
1.325
1.254
2.212
3.738
3.306
1.425
0.921
0.748
0.824
0.636
0.453
0.405
0.516
0.329
0.477
0.584
1.231
2.48
2.085
2.795
1.283
0.742
0.995
0.638
1.34
1.09
3.172
3.19
3.308
1.04
1.107
1.983
1.745
0.57
0.453
0.403
0.456
0.353
0.449
0.584
1.191
2.509
2.282
1.46
1.752
0.851
1.813
1.395
0.801
1.066
3.172
2.656
2.37
1.04
1.107
0.879
0.798
0.712
0.419
0.354
0.349
0.332
0.436
1.821
2.037
2.309
0.579
0.423
0.372
0.777
0.561
0.588
1.268
1.34
2.221
3.003
3.369
1.887
0.886
0.654
0.791
0.786
0.512
0.337
0.31
0.332
0.446
1.803
2.098
2.363
0.568
0.428
0.42
0.806
0.438
0.856
1.403
1.551
2.032
3.13
3.386
1.905
0.809
0.713
0.773
1.31
0.533
0.328
0.325
0.318
0.448
1.803
2.146
2.027
0.498
0.424
0.404
0.806
0.418
0.799
1.522
1.598
1.997
2.951
3.387
1.903
0.752
0.677
0.741
1.175
0.474
0.325
0.339
0.304
0.443
1.435
2.525
2.012
0.553
0.388
0.808
0.607
0.368
0.839
1.539
1.892
2.485
3.12
3.247
1.889
0.837
0.773
1.156
1.175
0.474
0.321
0.362
0.286
0.446
1.299
2.528
2.012
0.553
0.429
0.884
0.73
0.438
0.841
1.532
2.186
2.657
3.113
3.114
1.874
1.193
1.057
1.476
0.493
0.33
0.398
0.38
0.353
0.465
0.556
0.817
2.509
2.282
1.494
1.779
1.106
1.584
1.382
0.899
1.101
3.552
2.799
2.202
1.154
0.973
1.465
1.201
0.549
0.338
0.39
0.349
0.393
0.451
0.545
0.969
2.377
2.241
1.03
1.779
1.106
1.584
1.382
0.899
1.101
2.683
2.914
1.912
1.738
1.17
1.417
1.223
1.479
0.472
0.307
0.362
0.284
0.44
0.83
2.528
1.883
0.621
0.864
1.077
0.854
0.504
0.806
1.528
2.186
2.681
3.113
3.117
1.957
1.289
1.175
1.418
1.497
0.402
0.327
0.377
0.314
0.422
0.885
2.564
1.696
0.638
0.893
1.08
0.872
0.621
0.563
1.466
2.198
2.76
3.744
2.959
1.989
1.291
1.211
1.511
1.559
0.39
0.362
0.374
0.359
0.388
0.859
2.462
1.674
0.638
0.9
1.157
0.884
0.621
0.569
1.205
2.063
2.76
4.085
2.852
1.962
1.398
1.211
1.61
1.753
0.4
0.402
0.361
0.398
0.38
0.881
2.029
1.505
0.79
1.655
1.177
0.833
0.737
0.649
1.09
1.63
2.072
3.811
2.914
2.295
1.459
1.151
1.219
1.753
0.419
0.409
0.373
0.413
0.367
0.901
2.039
1.974
1.098
1.693
1.213
0.901
0.738
0.68
0.978
1.138
1.701
3.766
2.914
2.295
1.184
1.126
0.946
0.549
0.344
0.361
0.353
0.353
0.413
0.532
0.969
2.059
1.706
0.869
1.263
0.941
0.717
0.581
0.707
1.172
3.023
3.157
3.835
1.944
1.899
3.433
1.519
0.512
0.385
0.377
0.39
0.395
0.385
0.515
1.079
2.139
1.885
1.68
1.718
0.886
0.776
0.469
0.652
1.002
2.384
3.455
4.248
2.158
1.899
2.825
1.324
1.397
0.437
0.439
0.396
0.446
0.382
0.931
2.029
2.132
1.251
1.612
1.52
1.181
1.22
1.269
1.396
1.54
1.915
3.819
2.468
1.762
1.152
1.005
0.993
1.447
0.467
0.464
0.427
0.463
0.412
0.613
1.36
2.051
1.725
1.889
1.551
1.184
1.205
1.218
1.2
1.236
1.944
3.387
2.575
1.743
1.152
1.043
0.88
0.93
0.472
0.443
0.45
0.449
0.433
0.587
1.315
2.599
1.87
2.488
1.585
1.195
1.221
1.229
1.2
1.233
1.944
3.007
2.349
1.599
1.033
1.003
0.822
0.643
0.457
0.41
0.45
0.428
0.433
0.575
1.315
2.599
1.841
1.967
1.529
1.151
1.072
1.153
1.115
1.434
2.043
3.08
2.185
1.323
0.913
1.054
1.145
0.827
0.447
0.39
0.5
0.4
0.58
0.537
1.013
2.187
2.105
2.113
1.529
1.04
1.052
1.065
1.199
1.421
2.178
3.211
2.739
1.449
0.872
0.86
1.291
0.471
0.384
0.311
0.392
0.318
0.397
0.445
0.801
1.857
2.41
2.246
1.718
0.886
0.776
0.424
0.652
1.002
2.536
3.337
4.688
2.197
1.639
3.026
1.514
0.866
0.655
0.577
0.572
0.471
0.718
0.486
0.826
1.344
2.41
2.44
2.136
0.648
0.769
0.453
0.686
0.721
2.146
3.065
4.681
2.298
0.863
0.996
2.186
0.893
0.528
0.383
0.572
0.42
0.731
0.497
0.844
1.957
2.475
2.049
1.829
0.877
0.538
0.475
0.851
0.798
1.757
3.331
2.919
1.493
0.829
1.073
1.468
1.275
0.545
0.357
0.613
0.45
0.848
0.465
0.82
1.893
2.162
2.201
1.872
1.17
0.606
0.497
0.836
1.063
1.691
3.449
2.982
1.687
1.114
0.978
1.454
1.348
0.525
0.385
0.655
0.532
0.965
0.485
0.642
1.086
2.053
1.731
1.904
1.169
0.592
0.916
0.896
1.255
1.998
3.583
3.232
1.687
1.242
1.017
1.517
1.434
0.576
0.417
0.667
0.628
0.968
0.525
0.642
1.135
2.427
2.284
1.548
1.101
0.636
0.984
0.96
1.102
2.027
3.71
3.232
1.918
1.242
0.978
1.197
1.378
0.589
0.417
0.691
0.728
0.979
0.653
0.749
1.197
2.211
2.308
1.595
1.182
0.758
1.16
0.98
1.302
1.944
3.893
3.108
1.974
1.327
1.068
1.157
1.091
0.76
0.652
0.777
0.638
1.078
0.551
0.656
0.717
2.07
2.058
1.597
0.474
0.537
0.406
0.619
0.603
1.876
3.791
4.681
2.298
0.918
1.142
2.283
1.13
0.838
0.837
0.871
0.892
1.078
0.817
0.837
0.978
1.647
2.127
2.135
1.472
1.025
1.231
0.999
1.337
2.217
4.366
4.325
2.027
1.042
1.267
2.283
1.496
0.635
0.518
0.772
0.836
0.954
0.752
0.864
1.192
1.928
2.548
1.235
1.436
0.94
1.258
1.044
1.442
2.027
3.935
3.252
2.227
1.376
1.075
1.035
1.036
0.881
0.904
1.066
1.176
1.175
1.13
1.223
1.507
2.153
2.586
1.452
1.124
0.85
1.258
1.044
1.476
1.98
3.681
4.106
2.422
1.816
1.329
1.035
1.021
0.923
0.879
1.066
1.175
1.175
1.134
1.201
1.507
2.153
2.586
1.429
1.071
0.808
0.822
0.962
1.38
1.767
3.702
4.173
2.422
2.341
1.336
1.241
0.92
0.888
0.85
1.06
1.098
1.172
1.134
1.191
1.397
1.604
2.078
1.429
1.396
1.022
1.219
1.115
1.409
1.966
3.388
4.684
2.335
2.341
1.336
1.432
0.852
0.913
0.836
0.965
0.939
0.992
1.021
1.364
1.655
1.708
1.674
1.377
1.274
0.881
1.017
1.013
1.263
1.979
2.744
4.647
2.851
3.062
1.368
1.43
1.089
0.836
0.81
1.058
1.07
1.32
1.025
1.047
1.279
2.151
1.992
2.234
1.788
1.112
1.231
1.194
1.297
2.347
4.366
2.869
1.87
1.042
1.589
1.567
1.492
0.946
0.81
1.058
1.07
1.148
1.025
1.047
1.44
2.389
2.267
2.234
1.991
1.112
1.209
1.194
1.503
2.561
3.993
2.845
1.959
1.473
1.589
1.475
0.861
0.925
0.807
0.844
0.777
0.841
0.913
1.226
1.525
1.487
1.701
1.141
0.907
1.181
1.042
1.011
1.053
1.831
2.152
4.113
2.626
3.018
1.756
1.419
0.901
0.611
0.41
0.443
0.345
0.449
0.879
1.048
1.355
1.057
1.197
0.809
0.871
1.163
1.15
1.482
0.914
1.901
2.629
3.241
2.195
2.318
1.474
1.465
0.801
0.529
0.411
0.425
0.35
0.412
0.861
1.203
1.603
1.132
0.878
0.683
0.845
1.156
1.202
1.582
1.344
2.162
2.463
3.117
2.008
1.664
1.401
1.296
0.801
0.552
0.417
0.488
0.384
0.536
1.21
1.984
2.005
1.15
0.961
0.743
0.529
0.88
0.749
1.517
1.728
2.0
2.483
2.182
1.759
1.607
1.435
1.137
0.744
0.487
0.423
0.528
0.392
0.663
1.197
2.146
1.721
0.742
0.906
0.689
0.529
0.913
0.792
1.593
1.92
2.108
3.486
2.493
1.159
0.74
1.416
1.764
1.698
0.991
0.657
0.788
0.708
0.905
0.809
0.821
1.44
2.389
2.148
1.902
1.389
1.134
0.591
0.835
0.77
1.928
3.782
2.845
2.869
1.732
1.589
1.248
1.698
0.991
0.442
0.414
0.383
0.565
0.535
0.544
1.232
2.297
1.631
0.942
1.389
1.043
0.578
0.87
0.986
1.887
3.233
2.744
2.869
2.383
1.287
1.206
0.817
0.473
0.322
0.506
0.402
0.787
1.242
2.146
1.74
0.725
0.433
0.546
0.392
0.358
0.68
1.509
2.175
2.706
3.99
3.358
1.817
0.755
0.858
2.025
0.905
0.531
0.342
0.532
0.44
0.807
1.257
2.572
1.779
0.789
0.429
0.606
0.411
0.407
0.685
1.211
2.175
2.706
3.855
3.371
2.136
0.774
1.098
1.856
0.863
0.548
0.342
0.528
0.446
0.809
1.334
2.565
1.803
0.906
0.85
0.606
0.404
0.427
0.702
1.269
1.788
2.6
3.796
3.234
2.147
0.783
1.098
1.716
0.839
0.539
0.819
0.51
0.446
0.809
1.002
2.309
1.674
0.894
0.81
0.589
0.458
0.593
0.731
1.225
1.484
2.508
4.491
3.343
2.168
0.768
1.065
1.81
0.837
0.544
0.803
0.525
0.446
0.799
1.007
2.308
1.661
0.915
0.794
0.56
0.455
0.556
0.855
1.158
1.42
2.349
4.134
3.633
2.082
0.768
0.893
1.509
1.307
0.714
0.436
0.497
0.38
0.819
0.51
0.551
0.814
1.522
1.938
1.033
1.574
1.089
0.758
0.969
0.912
1.503
3.031
4.294
2.577
2.294
0.937
0.754
1.585
0.471
0.338
0.497
0.418
0.819
0.484
0.751
1.112
2.195
2.43
0.9
1.289
0.682
0.797
0.969
0.912
1.571
3.452
4.556
1.406
1.918
0.937
0.525
0.727
0.395
0.802
0.525
0.458
0.781
1.103
2.514
1.661
0.925
0.886
0.621
0.505
0.556
1.261
1.199
1.057
1.657
3.95
3.344
1.478
0.703
0.884
1.422
0.531
0.344
0.764
0.52
0.426
0.768
0.737
2.363
1.802
0.88
0.917
0.527
0.474
0.514
1.203
1.181
1.02
1.5
3.872
3.266
1.248
0.654
1.266
1.647
0.745
0.346
0.773
0.514
0.429
0.766
0.965
2.363
1.759
0.721
0.599
0.845
0.514
0.528
1.226
1.077
1.18
1.336
3.982
3.286
1.222
0.587
1.39
1.647
0.752
0.346
0.302
0.527
0.414
0.784
0.973
2.097
1.793
0.974
0.715
0.773
0.397
0.368
1.174
1.23
1.001
1.298
3.515
3.271
1.147
0.604
1.366
1.707
0.784
0.328
0.32
0.532
0.413
0.788
1.306
2.125
1.804
1.11
0.715
0.78
0.397
0.375
1.121
1.22
0.946
1.297
3.629
2.986
1.366
0.633
1.37
1.32
1.585
0.471
0.339
0.496
0.441
0.786
1.15
0.926
1.292
1.913
2.891
1.6
1.289
1.131
0.882
0.859
1.133
1.494
3.452
4.556
2.135
0.916
0.952
0.716
1.351
0.457
0.339
0.458
0.444
0.753
1.15
1.17
2.015
2.476
2.233
1.253
1.119
1.525
1.972
1.066
1.103
1.494
2.891
2.604
1.94
0.892
0.775
0.675
0.986
0.353
0.31
0.535
0.41
0.788
1.187
2.023
1.835
1.238
1.093
0.691
0.348
0.416
0.78
1.111
0.968
1.66
3.34
2.702
1.649
0.727
1.329
1.018
0.984
0.348
0.31
0.531
0.396
0.794
1.187
1.704
1.655
1.458
1.495
0.734
0.343
0.463
1.054
1.111
0.935
1.644
3.34
2.609
1.456
0.9
0.984
0.728
0.787
0.337
0.299
0.534
0.374
0.81
0.869
1.539
1.515
1.458
1.775
0.66
0.407
0.47
0.994
1.078
0.723
1.488
2.878
2.183
1.758
1.265
0.959
0.728
0.77
0.347
0.278
0.537
0.372
0.798
0.843
1.273
1.217
1.284
1.745
0.647
0.383
0.446
0.984
0.796
0.77
1.321
2.284
1.87
1.904
1.719
1.493
0.673
0.734
0.353
0.262
0.534
0.361
0.803
0.476
0.769
0.902
1.27
1.794
0.796
0.539
0.975
1.054
0.662
0.744
1.462
1.885
1.782
1.828
1.805
1.493
0.557
0.542
0.391
0.337
0.497
0.444
0.795
1.142
1.159
1.954
2.345
1.639
1.248
1.486
1.525
1.972
1.066
1.103
1.034
1.985
1.762
1.864
1.424
0.865
0.675
1.015
0.536
0.34
0.494
0.435
0.796
0.497
0.962
1.697
2.254
1.207
1.291
1.486
1.186
1.801
1.128
0.743
0.768
1.644
2.456
1.264
1.278
0.749
0.466
0.313
0.318
0.274
0.534
0.359
0.803
0.47
0.564
0.639
1.157
1.498
0.942
0.671
1.615
0.99
0.592
0.757
1.018
2.096
1.807
1.614
1.805
1.544
0.845
0.331
0.293
0.299
0.511
0.383
0.781
0.455
0.56
0.616
1.237
1.541
1.156
0.774
1.66
0.763
0.716
1.083
1.346
2.265
2.3
1.708
1.708
1.276
0.887
0.342
0.306
0.328
0.491
0.408
0.754
0.433
0.519
0.695
1.277
1.274
1.034
0.77
1.703
0.725
0.716
1.083
1.348
2.403
2.593
1.56
1.392
1.195
0.887
0.342
0.335
0.371
0.508
0.457
0.778
0.444
0.784
1.419
1.469
1.332
1.168
0.829
1.703
0.727
0.681
1.035
1.39
2.403
2.972
1.662
0.98
0.72
0.794
0.342
0.328
0.371
0.497
0.457
0.761
0.425
0.736
1.404
1.481
1.741
1.256
0.772
1.172
0.491
0.66
0.935
1.091
2.46
3.417
1.658
0.847
0.642
0.729
0.953
0.499
0.336
0.494
0.419
0.796
0.475
0.506
0.699
1.437
1.459
2.015
1.247
0.708
0.724
0.907
0.893
1.0
2.992
3.456
2.034
1.341
0.749
0.37
0.953
0.467
0.336
0.454
0.419
0.749
0.454
0.5
0.73
2.094
1.672
2.015
0.846
1.9
0.975
1.139
1.562
1.0
3.603
3.456
3.08
1.268
0.817
0.461
0.331
0.4
0.37
0.5
0.451
0.767
0.398
0.714
2.069
1.675
1.76
1.226
0.795
0.592
0.417
0.623
0.811
0.9
1.994
3.582
2.043
1.644
0.667
0.369
0.383
0.425
0.354
0.523
0.441
0.868
0.399
0.755
2.125
1.81
1.413
1.087
0.7
0.56
0.323
0.411
0.522
0.63
2.396
3.443
1.923
1.561
0.721
0.532
0.408
0.411
0.326
0.543
0.413
0.884
0.403
1.144
2.224
1.939
1.356
0.944
0.609
0.507
0.599
0.39
0.739
0.735
2.507
3.443
1.808
1.602
0.758
0.532
0.407
0.374
0.296
0.507
0.38
0.85
0.383
0.971
1.603
2.057
1.258
0.727
0.514
0.591
1.261
0.622
0.944
0.877
2.551
3.239
1.543
1.576
0.694
0.533
0.433
0.382
0.334
0.54
0.375
0.859
0.385
1.391
1.68
2.057
0.662
0.464
0.565
0.597
1.309
0.733
1.004
1.071
2.54
2.83
1.424
1.568
0.694
0.567
0.562
0.297
0.322
0.49
0.402
0.768
0.401
0.485
0.746
3.198
1.301
1.569
0.845
1.9
0.975
1.044
1.562
1.695
3.614
3.001
3.08
1.511
0.637
0.595
0.467
0.277
0.314
0.5
0.364
0.795
0.401
0.518
0.832
3.198
1.296
1.998
1.478
2.115
0.807
1.044
1.752
1.577
3.368
2.64
2.284
1.511
0.637
0.595
0.464
0.353
0.336
0.538
0.372
0.853
0.385
1.571
1.41
1.79
0.465
0.343
0.444
0.58
1.345
1.335
1.15
1.134
2.54
2.934
1.202
0.78
0.545
0.559
0.497
0.313
0.344
0.538
0.375
0.775
0.395
1.903
1.452
1.27
0.386
0.345
0.498
0.548
1.348
1.49
1.152
1.329
2.665
2.766
1.206
0.793
0.513
0.375
0.458
0.395
0.344
0.522
0.388
0.755
0.702
2.197
1.478
0.97
0.437
0.409
0.548
0.67
1.122
1.629
1.022
1.329
3.281
2.81
1.27
0.736
0.486
0.385
0.471
0.404
0.33
0.539
0.369
0.782
0.68
2.265
1.478
0.578
0.385
0.575
0.598
0.708
0.713
1.536
0.878
1.475
3.295
2.588
1.27
0.658
0.443
0.365
0.45
0.394
0.287
0.5
0.38
0.767
0.697
2.295
1.546
0.597
0.418
0.623
0.598
0.783
0.712
1.593
0.894
1.48
3.147
2.388
1.251
0.637
0.577
0.346
0.469
0.265
0.302
0.5
0.339
0.801
0.354
0.53
0.999
2.466
0.943
2.66
1.751
0.927
0.613
0.822
1.124
1.798
2.865
2.879
2.024
1.105
0.593
0.678
0.66
0.229
0.317
0.473
0.38
0.796
0.39
0.53
1.216
1.789
0.745
2.66
2.318
1.255
0.77
0.801
1.124
1.039
2.216
2.991
2.51
0.895
0.92
1.197
0.416
0.38
0.262
0.511
0.355
0.795
0.673
2.295
1.284
0.686
0.647
0.917
0.598
0.73
0.712
1.299
0.741
1.414
3.147
1.949
1.384
0.593
0.577
0.924
0.312
0.383
0.243
0.499
0.353
0.78
0.667
2.07
1.713
0.726
0.845
0.992
0.551
0.717
0.661
1.285
0.72
1.535
2.751
1.836
1.366
0.607
0.675
1.027
0.305
0.298
0.254
0.499
0.353
0.78
0.385
1.562
1.605
0.697
0.843
0.976
0.464
0.686
0.663
1.554
0.68
1.599
2.296
1.77
1.289
0.615
0.698
1.276
0.524
0.552
0.479
0.757
0.581
0.996
0.421
1.521
1.612
0.688
1.475
0.937
0.365
0.549
0.459
1.554
0.628
1.324
2.656
2.06
1.405
0.615
0.681
1.714
0.605
0.574
0.474
0.771
0.566
1.014
0.42
1.207
1.458
0.651
1.475
0.9
0.319
0.909
0.516
1.557
0.583
1.324
2.563
2.001
1.367
0.693
0.853
1.937
1.187
0.39
0.309
0.454
0.415
0.754
0.455
0.509
1.441
2.801
0.653
1.763
1.781
1.076
0.77
0.612
0.726
1.115
2.604
2.991
2.51
0.895
0.92
1.197
1.187
0.399
0.309
0.426
0.415
0.706
0.455
0.506
1.441
3.021
1.272
1.54
1.947
0.866
0.938
0.593
0.737
1.608
2.573
3.686
1.605
0.998
0.931
1.897
0.716
0.564
0.493
0.758
0.577
0.999
0.434
1.495
1.828
0.561
1.247
0.581
0.421
0.966
0.621
1.374
0.522
1.278
2.563
2.126
1.17
0.828
1.334
1.504
0.851
0.549
0.509
0.758
0.577
1.007
0.434
1.504
1.773
0.556
1.069
0.533
0.4
0.969
0.621
1.338
0.452
0.822
2.502
2.171
1.196
0.989
1.458
1.568
0.851
0.553
0.507
0.758
0.582
1.007
0.679
1.962
1.852
0.55
1.03
0.515
0.402
0.826
0.616
0.975
0.528
1.13
2.406
2.159
1.196
0.994
1.451
1.364
0.714
0.37
0.319
0.5
0.362
0.787
0.642
1.874
2.078
0.567
0.346
0.321
0.388
0.834
0.544
0.963
0.521
1.129
1.874
1.937
1.102
0.994
1.451
0.951
1.21
0.371
0.319
0.494
0.373
0.772
0.65
1.855
2.086
0.567
0.34
0.335
0.371
0.357
0.454
1.186
0.694
1.101
1.853
1.993
1.141
1.003
1.162
0.604
0.889
0.399
0.3
0.438
0.405
0.73
0.453
0.639
1.765
3.021
1.244
1.336
0.966
0.394
0.704
1.287
0.737
1.608
2.554
3.253
1.625
1.088
0.615
2.008
0.332
0.294
0.3
0.455
0.396
0.728
0.433
0.639
1.567
1.712
1.981
1.92
1.2
0.394
0.704
1.287
0.887
1.511
2.133
3.899
2.288
1.088
0.484
2.008
1.135
0.369
0.348
0.483
0.38
0.77
0.638
1.836
1.805
0.46
0.34
0.331
0.258
0.279
0.326
1.289
0.807
1.163
1.943
1.967
1.082
0.889
0.685
0.549
1.426
0.468
0.333
0.479
0.396
0.764
0.646
1.75
1.348
0.379
0.277
0.261
0.253
0.279
0.396
1.322
1.173
1.266
1.913
1.995
1.098
0.715
0.547
0.368
1.411
0.468
0.316
0.503
0.384
0.776
0.393
1.508
1.19
0.376
0.277
0.271
0.258
0.279
0.448
1.301
1.124
1.262
1.756
2.015
1.145
0.73
0.591
0.43
1.351
0.403
0.289
0.49
0.384
0.776
0.393
1.541
1.249
0.29
0.286
0.284
0.246
0.291
0.493
1.301
1.198
1.262
1.756
2.015
1.213
0.73
0.614
0.439
0.776
0.393
0.316
0.479
0.392
0.776
0.702
1.943
1.21
0.3
0.278
0.283
0.246
0.286
0.801
1.089
1.105
1.178
1.703
2.013
1.213
0.657
0.612
0.44
1.002
0.612
0.283
0.466
0.403
0.749
0.419
0.651
1.493
2.038
1.662
0.961
0.587
0.384
0.304
1.27
0.718
0.618
2.067
2.817
2.288
0.853
0.39
2.432
0.946
0.647
0.395
0.986
0.655
0.84
0.515
0.737
1.019
2.43
1.662
1.632
1.862
0.592
0.218
0.666
0.627
0.587
2.067
2.616
2.301
1.089
0.556
0.488
0.788
0.432
0.314
0.497
0.403
0.779
0.701
1.625
1.256
0.424
0.523
0.327
0.311
0.472
0.855
1.007
1.105
1.166
1.699
2.083
1.145
0.635
0.628
0.467
0.367
0.334
0.336
0.495
0.393
0.813
0.711
1.729
1.816
0.471
0.525
0.323
0.315
0.579
0.907
0.919
0.82
1.007
1.557
2.043
1.101
0.596
0.474
0.369
0.353
0.322
0.336
0.496
0.386
0.841
1.095
1.981
1.821
0.465
0.544
0.31
0.345
0.614
0.893
0.934
0.806
0.959
1.497
1.93
1.027
0.571
0.531
0.369
0.369
0.385
0.344
0.534
0.424
0.843
1.275
2.045
1.534
0.578
0.633
0.39
0.483
0.664
0.893
0.861
0.643
0.938
1.674
1.997
0.976
0.53
0.531
0.331
0.369
0.368
0.323
0.546
0.392
0.867
0.971
1.604
1.806
0.594
0.633
0.399
0.522
0.69
0.66
1.306
1.2
1.532
1.726
1.92
0.961
0.47
0.555
1.953
0.953
0.647
0.407
1.026
0.655
0.871
0.511
1.626
1.514
2.43
1.482
1.122
1.59
0.599
0.282
0.518
0.294
1.365
3.161
1.912
1.76
1.089
0.556
1.591
0.32
0.351
0.407
1.026
0.595
0.917
0.545
1.626
2.197
1.88
1.246
1.122
1.626
0.599
0.365
0.476
0.489
2.258
2.931
3.058
1.713
1.089
1.7
0.354
0.374
0.307
0.304
0.527
0.471
0.942
1.001
1.653
2.543
0.669
0.373
0.399
0.485
0.539
0.687
1.271
1.241
1.569
1.679
1.565
0.908
0.406
0.509
0.429
0.37
0.324
0.277
0.542
0.463
0.941
1.005
1.584
2.008
1.15
0.83
0.53
0.491
0.469
0.632
1.182
1.133
1.569
2.047
1.709
0.948
0.453
0.616
0.8
0.451
0.321
0.288
0.54
0.466
0.946
0.88
1.491
2.184
1.166
0.815
0.539
0.485
0.439
0.579
0.987
1.211
1.735
2.032
1.819
0.983
0.458
0.478
0.793
0.424
0.335
0.307
0.508
0.423
0.955
0.774
1.401
2.446
1.124
0.762
0.538
0.516
0.384
0.578
0.986
1.278
1.709
2.213
1.642
0.884
0.445
0.483
0.793
0.425
0.346
0.308
0.505
0.438
0.955
0.782
1.454
2.183
1.124
0.762
0.538
0.518
0.314
0.512
0.385
1.081
1.357
2.121
1.642
1.027
0.549
0.512
0.923
0.582
0.283
0.289
0.533
0.307
0.903
0.45
1.521
2.197
1.438
2.245
1.179
0.623
0.466
0.412
0.359
0.497
2.258
3.077
3.058
1.291
0.696
2.612
0.919
0.585
0.305
0.249
0.525
0.348
0.903
0.496
1.553
1.643
1.438
1.752
1.111
0.685
0.438
0.522
0.481
0.666
1.516
3.023
2.928
1.291
0.689
2.612
0.823
0.401
0.346
0.306
0.508
0.333
0.901
0.766
1.45
1.826
1.249
1.153
0.744
0.514
0.269
0.483
0.399
1.059
1.468
2.178
1.689
1.068
0.54
0.519
0.88
0.428
0.348
0.314
0.508
0.356
0.882
0.892
1.422
1.944
0.734
0.686
0.626
0.485
0.32
0.632
0.479
1.082
1.71
1.993
1.422
1.013
0.446
0.427
0.71
0.351
0.346
0.318
0.513
0.356
1.092
1.038
1.093
1.814
0.698
0.695
0.608
0.468
0.377
0.704
0.477
0.974
1.236
1.925
1.244
1.072
0.509
0.541
0.756
0.322
0.285
0.27
0.519
0.364
1.053
1.145
1.049
1.405
0.731
0.724
0.558
0.316
0.72
0.81
0.486
1.013
1.53
1.81
1.069
1.072
0.509
0.542
0.756
0.322
0.281
0.279
0.518
0.372
1.05
1.485
1.013
1.19
0.701
0.741
0.547
0.278
0.794
1.168
0.529
0.704
1.389
1.764
0.982
0.924
0.41
0.466
0.98
0.585
0.326
0.323
0.512
0.359
0.896
0.469
1.506
0.866
0.894
2.42
2.116
0.685
0.438
0.522
0.481
0.603
0.86
3.023
1.693
0.989
1.205
1.763
0.308
0.33
0.326
0.474
0.506
0.386
0.852
0.47
1.703
1.455
2.025
1.566
1.899
0.588
0.283
0.674
0.609
1.041
0.958
2.704
1.949
1.626
1.454
0.762
0.632
0.327
0.293
0.263
0.522
0.378
1.024
1.485
1.251
0.727
0.452
0.415
0.315
0.342
0.854
1.168
0.471
0.704
1.355
1.622
1.348
0.95
0.916
0.501
0.484
0.312
0.292
0.407
0.529
0.377
1.03
1.455
1.305
0.393
0.458
0.415
0.296
0.346
0.854
1.152
0.469
0.687
1.247
1.343
1.378
0.972
1.087
0.858
0.545
0.309
0.304
0.384
0.516
0.383
1.124
1.534
1.227
0.395
0.461
0.411
0.323
0.339
0.859
1.204
0.48
0.79
1.507
1.383
1.386
0.847
1.034
0.766
0.482
0.314
0.296
0.409
0.506
0.388
1.124
1.455
1.231
0.407
0.372
0.336
0.302
0.349
0.515
1.183
0.535
0.769
1.197
0.985
1.386
0.837
1.08
0.766
0.496
0.304
0.294
0.4
0.514
0.376
1.124
1.486
1.199
0.42
0.372
0.335
0.302
0.352
0.503
1.101
0.546
0.656
1.525
1.067
1.399
0.802
1.09
0.804
0.476
0.642
0.319
0.474
0.494
0.392
0.82
1.168
1.436
1.455
2.025
1.566
1.899
1.098
0.344
0.506
1.2
1.629
1.225
2.12
1.547
1.554
1.454
0.762
0.404
0.622
0.295
0.417
0.516
0.392
0.795
1.168
1.436
1.291
2.479
1.679
1.764
1.155
0.455
0.66
1.2
1.629
1.225
3.061
1.971
1.857
0.781
0.396
0.522
0.282
0.299
0.401
0.509
0.381
1.115
1.498
0.981
0.417
0.336
0.322
0.302
0.27
0.462
1.101
0.546
0.661
1.525
1.122
1.019
0.557
0.585
0.773
0.551
0.269
0.285
0.276
0.502
0.362
1.131
1.492
0.884
0.486
0.398
0.311
0.303
0.271
0.453
0.912
0.563
0.798
1.709
1.25
1.099
0.542
0.701
0.893
0.479
0.314
0.276
0.286
0.511
0.377
1.082
1.113
1.26
0.513
0.383
0.322
0.292
0.271
0.718
0.855
0.625
0.728
2.011
1.371
1.069
0.549
0.75
0.896
0.487
0.319
0.308
0.287
0.52
0.377
1.088
1.1
1.272
0.494
0.695
0.359
0.359
0.291
0.725
0.937
0.646
0.791
2.382
1.423
1.186
0.648
0.796
0.953
0.503
0.34
0.299
0.3
0.515
0.374
1.126
1.08
1.264
0.494
0.706
0.357
0.359
0.293
0.716
0.717
0.856
0.781
2.217
1.473
1.164
0.623
0.793
0.943
0.47
0.638
0.269
0.273
0.516
0.352
0.831
1.164
1.32
0.751
1.816
2.399
1.761
1.155
0.455
0.429
1.236
2.163
1.208
3.061
1.4
0.999
0.424
0.393
0.331
0.318
0.236
0.279
0.53
0.327
0.871
0.534
1.394
1.177
1.82
2.399
1.33
0.53
0.403
0.446
0.939
1.533
1.512
2.089
1.834
1.013
0.582
0.698
0.589
0.415
0.366
0.357
0.562
0.422
1.156
1.103
1.281
0.502
0.722
0.317
0.379
0.695
0.927
0.742
0.856
0.781
2.217
1.473
1.085
0.687
0.793
0.943
0.583
0.415
0.372
0.354
0.552
0.439
1.149
1.103
1.281
1.049
1.093
0.442
0.456
0.68
0.927
0.742
0.805
0.754
1.93
1.94
1.056
0.71
0.543
0.701
0.591
0.379
0.364
0.354
0.549
0.409
0.864
1.016
0.844
1.229
1.771
0.469
0.455
0.702
0.618
0.859
0.73
0.772
1.817
1.858
1.101
0.712
0.485
0.678
0.581
0.366
0.35
0.346
0.551
0.404
0.864
1.025
0.983
1.273
1.502
0.503
0.467
0.754
0.638
0.761
0.663
0.693
1.387
2.426
1.084
0.784
0.399
0.624
0.573
0.355
0.358
0.343
0.549
0.418
0.828
0.653
1.099
1.644
1.854
0.499
0.467
0.745
0.591
0.613
0.309
0.751
1.568
2.603
1.084
0.839
0.385
0.6
0.331
0.318
0.28
0.279
0.526
0.362
0.906
0.534
1.428
1.477
1.698
2.204
1.084
0.422
0.375
0.31
0.939
1.595
1.512
1.252
1.872
0.804
0.682
0.698
0.309
0.294
0.297
0.238
0.526
0.362
0.906
0.543
1.428
1.746
1.718
1.585
1.747
0.576
0.39
0.31
1.408
1.062
1.338
2.133
1.872
0.907
0.682
0.713
0.505
0.281
0.289
0.299
0.49
0.37
0.818
0.59
1.495
1.644
1.854
0.596
0.434
0.474
0.39
0.719
0.264
0.764
1.691
2.603
0.99
0.85
0.415
0.6
0.521
0.281
0.292
0.296
0.507
0.372
0.832
1.073
1.516
1.069
1.423
0.473
0.352
0.494
0.464
0.857
0.409
0.7
1.73
2.208
1.064
0.804
0.492
0.424
0.45
0.278
0.292
0.302
0.503
0.374
1.22
1.471
1.516
0.854
0.748
0.443
0.368
0.481
0.438
0.78
0.513
0.738
1.244
3.16
1.173
0.818
0.492
0.431
0.462
0.297
0.301
0.302
0.509
0.373
1.22
1.483
1.36
0.767
0.678
0.388
0.262
0.393
0.474
0.798
0.565
0.738
1.272
2.477
1.153
0.721
0.525
0.443
0.46
0.285
0.324
0.291
0.533
0.371
1.246
1.779
1.381
0.338
0.29
0.377
0.294
0.393
0.517
0.82
0.605
0.745
1.43
2.125
1.147
0.696
0.58
0.434
0.339
0.27
0.297
0.264
0.508
0.352
1.323
0.63
0.753
1.746
1.495
1.585
1.747
0.576
0.393
0.441
1.087
1.221
0.773
2.106
1.476
0.907
1.531
1.129
0.339
0.329
0.27
0.279
0.555
0.289
1.322
0.979
1.495
1.735
1.119
0.869
1.173
0.471
0.342
0.477
1.087
1.221
0.986
2.587
2.932
1.123
1.491
1.544
0.443
0.264
0.335
0.279
0.552
0.347
1.235
1.844
1.023
0.359
0.292
0.387
0.342
0.355
0.69
0.812
0.605
0.718
1.345
2.054
1.554
0.727
0.546
0.446
0.821
0.374
0.32
0.284
0.547
0.34
1.244
1.816
1.043
0.369
0.29
0.374
0.359
0.32
0.688
0.805
0.843
1.036
1.91
1.93
1.425
0.708
0.51
0.799
0.714
0.364
0.341
0.264
0.569
0.323
1.209
1.491
1.132
0.371
0.283
0.378
0.343
0.332
0.688
0.972
1.043
1.419
2.07
0.879
1.289
0.811
0.79
0.85
0.695
0.341
0.319
0.268
0.553
0.322
1.209
1.462
1.148
0.377
0.307
0.399
0.425
0.329
0.697
1.382
1.175
1.483
2.012
0.951
1.324
0.82
0.804
0.832
0.693
0.358
0.296
0.269
0.552
0.345
1.201
1.404
1.065
0.377
0.299
0.399
0.415
0.339
0.72
1.607
1.601
1.619
1.742
1.006
1.359
0.797
0.841
0.832
0.867
0.601
0.27
0.287
0.574
0.825
1.465
0.979
1.419
1.833
0.521
0.489
0.46
0.365
0.342
0.477
0.422
0.88
0.986
1.571
2.89
0.99
1.491
1.544
0.902
0.601
0.304
0.289
0.574
0.86
1.043
0.821
1.419
1.408
0.521
0.548
0.993
0.372
0.978
0.427
0.557
1.288
1.605
2.282
3.454
1.073
0.761
1.804
0.713
0.358
0.3
0.262
0.564
0.387
1.274
1.334
1.091
0.301
0.302
0.358
0.384
0.642
0.6
1.607
1.601
1.619
1.742
1.006
0.986
1.067
0.911
0.86
0.547
0.657
0.341
0.243
0.581
0.383
1.295
1.523
1.098
0.285
0.317
0.354
0.39
0.642
0.555
2.062
1.491
1.548
1.197
0.946
0.986
1.067
0.888
0.418
0.571
0.656
0.342
0.244
0.565
0.383
0.98
1.59
1.046
0.3
0.317
0.351
0.392
0.62
0.608
1.86
1.237
1.163
1.046
0.993
1.005
0.913
0.694
0.515
0.611
0.712
0.342
0.264
0.565
0.39
0.98
1.83
1.39
0.387
0.307
0.63
0.326
0.978
0.641
1.352
1.067
1.092
1.002
1.108
1.24
0.927
0.645
0.521
0.611
0.709
0.337
0.275
0.549
0.402
0.969
1.635
1.317
0.43
0.291
0.652
0.326
0.989
0.604
1.803
1.074
0.848
0.658
1.327
1.214
0.896
0.559
0.521
1.3
0.634
0.304
0.329
0.504
0.909
1.019
0.491
0.409
1.676
0.5
0.72
0.964
0.372
0.912
0.402
0.68
1.265
1.642
2.717
1.72
0.766
0.705
1.474
0.841
0.453
0.341
0.39
0.531
0.455
0.906
0.453
0.741
0.962
1.315
1.101
1.294
0.528
0.956
0.381
1.373
2.301
1.642
2.717
1.62
0.859
0.705
1.474
0.633
0.709
0.344
0.275
0.545
0.363
0.926
1.791
1.376
0.634
0.291
0.573
0.313
0.588
0.549
1.888
1.559
1.156
0.905
1.327
1.219
0.862
0.512
0.522
0.425
0.312
0.301
0.304
0.523
0.376
0.894
1.272
1.431
1.047
0.34
0.576
0.295
0.614
0.518
1.327
1.479
1.124
0.936
1.192
1.269
1.031
0.593
0.597
0.416
0.309
0.306
0.322
0.503
0.408
0.869
1.81
1.561
1.047
0.347
0.571
0.308
0.613
0.458
1.223
1.553
1.131
1.502
1.868
1.346
1.248
0.609
0.534
0.371
0.275
0.306
0.322
0.51
0.406
0.886
1.663
1.167
1.035
0.458
0.347
0.322
0.261
0.371
1.208
1.553
1.152
1.502
2.132
1.118
1.235
0.697
0.533
0.398
0.266
0.339
0.337
0.508
0.418
1.149
1.694
1.205
1.009
0.479
0.343
0.322
0.289
0.585
0.595
1.274
1.203
1.79
2.333
1.366
1.235
0.697
0.533
0.841
0.453
0.364
0.39
0.581
0.455
0.897
0.496
0.891
1.712
2.145
1.101
0.799
0.49
0.273
0.317
1.269
1.621
1.12
1.767
1.68
0.778
0.713
0.639
0.417
0.385
0.364
0.378
0.581
0.464
0.898
0.607
0.996
2.039
2.145
1.69
1.134
0.654
0.267
0.475
1.136
1.854
1.008
1.115
1.692
0.813
0.646
0.615
0.368
0.275
0.334
0.337
0.512
0.418
1.223
1.522
1.062
0.788
0.482
0.337
0.326
0.306
0.537
0.491
0.785
0.929
1.708
2.56
1.449
0.974
0.659
0.615
0.749
0.332
0.333
0.329
0.527
0.413
1.272
1.522
0.9
0.537
0.519
0.484
0.396
0.307
0.537
0.499
0.612
0.706
1.828
2.793
1.457
0.91
0.635
0.875
0.951
0.375
0.322
0.305
0.578
0.381
1.557
1.354
0.81
0.633
0.519
0.485
0.4
0.307
0.512
0.557
0.624
0.732
1.318
2.225
1.444
0.693
0.658
0.879
0.951
0.368
0.322
0.317
0.629
0.36
1.562
1.213
0.917
0.769
0.451
0.416
0.395
0.387
0.538
0.592
0.654
0.716
1.611
2.158
1.328
0.636
0.586
0.882
0.959
0.379
0.32
0.302
0.684
0.331
1.821
1.501
0.93
0.775
0.751
0.412
0.395
0.354
0.331
0.383
0.471
0.639
1.581
1.962
1.034
0.636
0.591
0.882
0.553
0.296
0.335
0.296
0.578
0.405
0.941
0.607
0.73
2.039
1.846
1.312
1.463
1.368
0.262
0.475
0.48
1.522
1.336
1.612
1.692
0.765
0.636
0.527
1.109
0.89
0.869
0.877
1.079
0.924
1.346
1.132
1.399
2.221
2.08
1.877
1.789
2.332
0.879
0.987
1.043
2.01
1.843
1.738
2.368
1.566
0.954
1.728
0.936
0.415
0.291
0.328
0.883
0.63
2.143
1.566
1.297
1.064
1.093
0.726
0.724
0.671
0.59
0.679
0.746
0.861
1.693
1.945
1.173
0.943
1.019
1.074
1.319
0.875
0.642
0.597
1.102
0.907
2.279
2.168
1.619
1.209
1.272
0.868
0.949
0.918
0.884
1.067
1.374
1.253
2.032
1.772
1.441
1.134
1.235
1.012
1.371
1.15
0.923
0.894
1.307
1.184
2.806
1.999
1.912
1.395
1.521
1.153
1.197
1.216
1.187
1.422
1.603
1.486
2.046
2.222
1.745
1.367
1.369
1.199
1.666
1.417
1.235
1.142
1.512
1.462
2.806
2.151
2.188
1.462
1.535
1.398
1.472
1.416
1.437
1.812
1.905
1.765
2.495
2.325
1.958
1.697
1.648
1.528
1.94
1.647
1.509
1.432
1.536
1.477
2.468
2.372
2.188
1.466
1.499
1.399
1.491
1.437
1.437
2.011
2.16
1.775
2.631
2.23
2.039
1.702
1.667
1.529
1.772
1.428
1.475
1.444
1.532
1.465
1.619
1.574
1.836
3.077
2.119
1.567
1.789
2.332
1.418
1.405
1.438
2.01
2.05
2.624
3.046
2.167
1.509
2.245
1.772
1.435
1.498
1.452
1.532
1.513
1.619
1.574
2.135
3.077
2.801
2.109
2.661
2.124
1.418
1.441
1.678
1.943
2.05
3.823
3.046
2.577
1.684
2.245
1.94
1.671
1.524
1.436
1.559
1.463
2.242
2.396
2.178
1.485
1.427
1.378
1.449
1.388
1.495
2.011
2.16
1.888
2.719
2.471
2.05
1.707
1.781
1.543
1.743
1.583
1.467
1.454
1.545
1.46
2.557
2.117
2.177
1.757
1.718
1.391
1.437
1.467
1.534
1.999
1.83
1.753
2.427
2.512
1.981
1.685
1.776
1.677
1.786
1.579
1.465
1.45
1.544
1.463
1.934
2.13
2.159
1.752
1.71
1.396
1.43
1.467
1.51
2.026
1.886
1.734
2.576
2.596
1.956
1.689
1.776
1.677
1.767
1.581
1.464
1.456
1.539
1.478
1.928
2.307
2.435
1.822
1.711
1.411
1.413
1.481
1.503
2.002
1.948
1.759
2.127
2.434
1.956
1.644
1.749
1.672
1.737
1.599
1.446
1.45
1.549
1.457
2.48
1.994
2.441
1.84
1.708
1.411
1.409
1.484
1.508
2.307
1.809
1.769
2.024
2.512
1.92
1.655
1.766
1.736
2.456
1.452
1.498
1.48
1.489
1.513
1.616
1.574
2.008
2.821
2.611
2.988
2.696
1.573
1.424
1.441
1.707
1.827
3.546
3.823
2.231
2.384
1.819
2.631
2.197
1.534
1.542
1.509
1.485
1.507
1.616
1.504
2.019
2.213
2.611
3.797
2.696
1.564
1.507
1.414
1.81
1.827
3.901
3.279
2.082
2.465
1.886
2.696
1.792
1.623
1.427
1.467
1.525
1.472
2.488
1.986
2.533
1.835
1.706
1.418
1.4
1.484
1.614
2.392
2.501
1.838
1.969
2.832
1.923
1.583
1.477
1.7
1.832
1.656
1.473
1.472
1.57
1.505
2.197
2.521
2.526
1.528
1.422
1.396
1.416
1.427
1.644
2.4
2.682
1.938
2.083
2.967
1.95
1.678
1.553
1.679
1.834
1.66
1.468
1.482
1.569
1.506
2.198
2.524
2.539
1.542
1.413
1.386
1.419
1.406
1.735
2.368
2.836
1.886
1.955
2.682
1.922
1.718
1.553
1.697
1.857
1.66
1.469
1.482
1.584
1.487
2.198
2.698
2.268
1.481
1.393
1.437
1.476
1.387
1.742
2.355
2.836
1.86
1.764
2.754
1.924
1.722
1.559
1.656
1.857
1.655
1.46
1.487
1.579
1.487
1.669
2.656
2.266
1.675
1.391
1.452
1.475
1.434
1.742
1.86
2.722
1.856
2.516
2.776
1.907
1.722
1.604
1.604
2.379
1.751
1.557
1.509
1.475
1.496
1.652
1.42
1.781
2.273
2.276
3.797
1.778
1.43
1.507
1.369
1.599
1.66
3.901
2.176
2.026
2.468
1.886
3.446
1.728
1.751
1.557
1.499
1.497
1.496
1.664
1.437
1.96
2.273
2.343
3.08
2.069
1.465
1.531
1.507
1.592
1.981
3.217
2.079
2.394
2.468
1.809
3.158
1.822
1.613
1.483
1.465
1.579
1.496
1.651
2.918
2.52
1.78
1.456
1.454
1.463
1.579
1.591
1.648
2.033
1.667
2.495
2.402
1.852
1.684
1.581
1.595
1.494
1.457
1.429
1.462
1.534
1.464
1.637
2.318
2.52
2.138
1.469
1.454
1.443
1.584
1.516
1.513
1.733
1.587
2.398
2.761
2.031
1.652
1.5
1.734
1.509
1.453
1.429
1.459
1.528
1.466
1.629
2.501
2.548
2.203
1.475
1.47
1.427
1.586
1.425
1.389
1.559
1.69
3.104
2.742
2.082
1.616
1.519
1.76
1.493
1.465
1.424
1.459
1.527
1.461
1.648
2.233
2.653
2.229
1.475
1.416
1.349
1.586
1.407
1.389
1.538
1.69
3.411
2.901
2.172
1.728
1.624
1.829
1.497
1.479
1.448
1.458
1.518
1.513
1.617
2.196
2.884
2.421
1.528
1.404
1.35
1.541
1.396
1.386
1.539
1.755
3.076
2.963
2.254
1.799
1.567
1.83
2.117
1.727
1.485
1.466
1.543
1.454
1.664
1.467
2.071
2.406
3.259
1.871
1.928
1.622
1.477
1.524
1.503
2.572
2.624
2.464
2.382
2.201
1.634
3.158
1.999
1.505
1.413
1.487
1.543
1.518
1.643
1.467
2.321
2.665
3.258
1.871
1.924
1.622
1.502
1.524
1.741
2.572
3.715
2.863
2.29
1.644
1.827
3.241
1.534
1.479
1.454
1.466
1.51
1.543
1.597
2.15
2.869
2.677
1.652
1.408
1.389
1.39
1.394
1.426
1.524
1.774
3.183
3.0
2.338
1.873
1.569
1.866
1.571
1.464
1.465
1.476
1.51
1.598
1.542
2.161
3.141
2.633
1.968
1.401
1.416
1.357
1.408
1.417
1.515
1.751
3.345
2.776
2.302
1.958
1.599
1.633
1.526
1.46
1.465
1.474
1.5
1.621
1.504
1.892
3.141
2.685
1.978
1.39
1.433
1.352
1.422
1.411
1.392
1.598
2.844
2.776
2.593
2.342
1.663
1.654
1.618
1.464
1.454
1.502
1.451
1.656
1.431
1.773
2.983
2.685
2.677
1.526
1.433
1.38
1.422
1.433
1.394
1.602
2.57
2.972
2.593
2.284
1.791
1.601
1.62
1.435
1.445
1.519
1.422
1.667
1.41
1.773
2.67
2.559
3.175
1.602
1.426
1.353
1.422
1.402
1.394
1.516
2.115
3.343
2.749
2.279
1.818
1.595
2.057
1.509
1.421
1.552
1.486
1.627
1.558
1.454
2.516
3.699
3.303
1.561
1.392
1.606
1.446
1.546
1.741
2.484
4.118
2.863
1.83
1.712
1.854
2.569
2.024
2.042
1.879
1.552
1.446
1.627
1.474
1.412
3.337
3.834
2.1
1.537
1.617
1.439
1.424
1.567
1.822
2.064
4.118
2.573
1.862
1.851
1.854
2.622
1.572
1.441
1.427
1.523
1.398
1.674
1.396
1.578
2.289
2.343
3.349
1.644
1.41
1.353
1.419
1.354
1.394
1.483
1.966
3.341
2.593
2.251
1.824
1.555
1.535
1.43
1.424
1.512
1.396
1.638
1.421
1.57
1.822
2.2
3.358
1.682
1.405
1.372
1.315
1.065
1.126
1.338
1.827
3.117
2.784
2.118
1.824
1.623
1.761
1.487
1.419
1.524
1.392
1.642
1.39
1.771
1.814
2.178
3.358
1.682
1.391
1.365
1.064
0.786
0.857
1.074
1.827
2.931
2.353
1.649
1.772
1.54
1.666
1.306
1.42
1.504
1.423
1.609
1.361
1.722
1.702
2.677
2.996
1.375
1.22
1.233
1.091
0.769
0.866
1.192
1.913
2.442
2.488
1.685
1.597
1.553
1.658
1.326
1.409
1.502
1.447
1.586
1.396
1.694
1.842
2.935
2.555
1.312
1.19
1.257
1.233
1.057
1.148
1.471
1.992
1.83
2.404
1.68
1.567
1.566
2.085
2.042
1.902
1.547
1.446
1.665
1.454
1.428
3.3
3.834
2.478
1.511
1.617
1.406
1.338
1.567
1.534
2.581
4.297
2.888
1.862
2.194
1.729
1.731
2.085
1.991
1.956
1.49
1.552
1.713
1.487
1.449
3.141
2.655
2.146
1.511
1.66
1.413
1.363
1.461
1.515
2.581
3.996
3.171
2.08
2.194
1.628
1.638
1.651
1.342
1.406
1.51
1.467
1.566
1.424
1.601
2.544
3.049
2.234
1.273
1.187
1.313
1.249
1.065
1.155
1.489
1.957
1.722
2.359
1.851
1.598
1.57
1.689
1.55
1.406
1.518
1.467
1.573
1.429
1.574
2.552
3.105
2.063
1.495
1.339
1.882
1.56
1.364
1.41
1.645
1.767
2.111
2.252
2.059
1.718
1.713
1.626
1.481
1.431
1.515
1.464
1.593
1.49
1.345
2.47
3.105
1.889
2.16
1.904
2.029
1.676
1.542
1.519
1.657
1.767
2.111
2.252
2.059
1.795
1.735
1.648
1.491
1.468
1.515
1.463
1.601
1.49
1.371
2.47
2.685
2.246
2.284
1.947
2.029
1.676
1.548
1.501
1.561
1.664
2.1
2.265
2.174
2.066
1.719
1.651
1.484
1.486
1.517
1.445
1.625
1.472
1.401
3.155
2.29
2.29
2.284
1.947
2.031
1.63
1.558
1.497
1.607
1.595
2.464
2.217
2.136
2.072
1.716
2.029
1.914
1.641
1.497
1.54
1.713
1.487
1.462
2.914
2.257
3.057
1.395
1.451
1.406
1.376
1.466
1.337
2.815
3.107
3.171
2.019
2.133
1.877
1.624
1.803
1.956
1.641
1.503
1.54
1.702
1.501
1.462
2.914
2.046
2.83
1.417
1.451
1.43
1.376
1.466
1.405
2.024
1.827
2.61
2.115
2.109
1.888
1.974
1.651
1.476
1.484
1.512
1.448
1.625
1.477
1.398
2.367
2.022
2.389
2.598
1.932
2.004
1.602
1.566
1.482
1.607
1.939
3.022
2.725
2.228
2.102
1.699
1.781
1.485
1.503
1.519
1.437
1.636
1.471
1.396
2.649
2.101
2.441
2.344
1.767
1.424
1.54
1.556
1.489
1.604
1.997
2.881
2.401
2.247
2.028
1.538
1.952
1.587
1.507
1.515
1.436
1.636
1.471
1.398
2.954
1.986
2.431
1.866
1.391
1.393
1.411
1.402
1.384
1.604
2.057
3.008
2.58
2.283
2.019
1.58
2.021
1.587
1.488
1.515
1.418
1.647
1.458
1.402
2.954
1.982
2.252
1.864
1.364
1.398
1.415
1.398
1.399
1.589
2.057
3.106
2.62
2.29
1.757
1.597
2.007
1.587
1.486
1.505
1.422
1.649
1.453
1.394
2.199
1.989
2.485
1.941
1.363
1.376
1.415
1.382
1.376
1.537
1.969
2.903
2.582
2.327
1.71
1.625
2.835
2.04
1.621
1.513
1.443
1.672
1.426
1.457
2.633
1.94
3.211
2.556
2.076
1.494
1.551
1.571
1.685
2.726
1.71
3.192
2.783
2.399
2.114
2.105
2.484
1.561
1.467
1.513
1.454
1.644
1.456
1.422
1.559
1.715
2.798
2.619
2.061
1.494
1.565
1.56
1.685
2.303
2.083
3.192
3.201
2.415
1.866
2.371
2.037
1.587
1.504
1.507
1.426
1.664
1.43
1.419
2.196
2.224
2.344
1.614
1.385
1.418
1.495
1.461
1.382
1.616
1.721
2.401
2.22
2.564
1.784
1.683
1.854
1.595
1.541
1.498
1.442
1.669
1.414
1.451
1.999
2.245
2.446
1.615
1.404
1.409
1.499
1.454
1.375
1.612
1.725
2.438
2.22
2.556
1.703
1.63
1.509
1.484
1.529
1.486
1.442
1.669
1.384
1.451
1.681
2.134
2.418
1.673
1.408
1.428
1.513
1.445
1.427
1.584
1.656
2.346
2.083
2.556
1.628
1.402
1.276
1.226
1.244
1.399
1.156
1.526
1.178
1.185
1.503
2.134
2.278
1.539
1.172
1.281
1.533
1.504
1.322
1.314
1.733
2.119
1.967
2.52
1.602
1.391
1.275
1.238
1.008
1.313
0.884
1.46
1.046
0.93
1.326
1.914
2.333
1.299
1.15
1.281
1.598
1.595
1.348
1.308
1.733
2.1
1.935
2.373
1.45
1.135
3.424
2.196
1.553
1.502
1.465
1.604
1.462
1.422
1.728
2.235
2.798
2.619
2.075
1.458
1.565
1.527
1.593
2.269
2.663
4.034
3.201
2.415
1.866
2.285
2.476
2.334
1.545
1.496
1.476
1.592
1.462
1.465
2.216
2.911
2.892
1.628
1.421
1.65
1.6
1.404
1.407
1.527
2.663
3.855
2.693
2.52
1.926
2.147
0.983
0.943
0.717
1.126
0.572
1.269
0.805
0.796
1.526
1.945
2.317
1.337
1.228
1.348
1.542
1.513
1.373
1.256
1.677
2.246
2.032
1.998
1.478
1.125
1.032
0.879
0.683
1.125
0.566
1.269
0.801
0.807
1.47
1.928
2.895
1.385
1.216
1.378
1.542
1.513
1.415
1.225
1.645
2.31
2.657
2.089
1.594
1.281
1.196
1.139
0.945
1.221
0.872
1.393
1.038
1.08
1.718
2.346
3.364
1.412
1.21
1.382
1.522
1.519
1.4
1.224
1.747
2.363
2.738
2.407
1.852
1.485
1.472
1.461
1.216
1.415
1.165
1.558
1.057
1.124
2.163
2.521
3.364
1.431
1.325
1.716
1.538
1.537
1.481
1.492
1.769
2.555
2.741
2.518
1.842
1.488
1.493
1.445
1.466
1.505
1.448
1.627
1.202
1.358
2.163
2.582
2.78
1.882
1.498
1.716
1.459
1.473
1.481
1.521
1.939
2.555
3.388
2.527
1.842
1.545
2.476
2.334
1.548
1.513
1.473
1.654
1.451
1.537
2.216
2.911
2.82
1.56
1.404
1.651
1.612
1.375
1.543
1.666
2.76
3.855
3.145
2.535
1.853
1.789
1.55
1.681
1.501
1.518
1.468
1.654
1.5
1.537
2.141
2.639
3.002
1.568
1.381
1.651
1.612
1.389
1.543
1.674
2.082
3.485
3.145
2.535
1.957
1.789
1.499
1.446
1.485
1.522
1.448
1.627
1.463
1.483
1.981
2.548
2.753
1.877
1.446
1.717
1.521
1.481
1.458
1.512
1.939
2.416
3.265
2.791
1.734
1.483
1.643
1.468
1.464
1.537
1.441
1.603
1.498
1.756
2.555
2.329
1.836
1.814
1.456
1.704
1.526
1.481
1.411
1.533
1.926
2.102
2.881
3.068
1.928
1.533
1.657
1.455
1.464
1.548
1.423
1.598
1.506
1.721
2.484
2.117
1.428
1.74
1.449
1.728
1.55
1.477
1.37
1.636
1.752
1.933
2.827
3.028
1.952
1.559
1.657
1.442
1.5
1.562
1.458
1.619
1.555
1.77
2.457
2.285
1.68
2.129
1.449
1.533
1.509
1.393
1.34
1.636
1.651
1.65
2.69
3.22
2.025
1.554
1.691
1.442
1.464
1.562
1.439
1.583
1.555
1.73
2.457
2.485
1.883
1.813
1.418
1.515
1.495
1.386
1.351
1.705
1.407
1.52
1.99
3.22
2.025
1.491
1.445
1.426
1.442
1.527
1.433
1.585
1.549
1.465
1.763
2.658
2.803
1.432
1.389
1.346
1.421
1.375
1.575
1.858
2.489
3.014
3.04
2.488
1.683
2.043
1.437
1.426
1.38
1.523
1.433
1.505
1.549
1.38
1.698
2.508
2.813
2.109
1.389
1.308
1.409
1.375
1.47
1.723
1.983
2.847
2.065
2.298
1.68
1.834
1.667
1.437
1.434
1.543
1.423
1.566
1.522
1.713
3.065
2.361
2.195
1.82
1.369
1.386
1.482
1.356
1.329
1.672
1.484
1.504
1.954
2.981
1.949
1.578
1.576
1.398
1.431
1.516
1.423
1.544
1.495
1.744
2.795
2.361
2.195
1.816
1.685
1.885
1.624
1.509
1.374
1.657
1.804
1.479
1.734
2.535
1.727
1.608
1.535
1.391
1.411
1.493
1.413
1.526
1.461
2.375
2.943
2.145
2.047
1.796
1.671
1.817
1.643
1.826
1.452
1.568
1.815
1.674
2.108
2.351
1.588
1.767
1.828
1.457
1.335
1.458
1.357
1.469
1.425
2.359
2.766
1.898
1.914
1.468
1.666
1.89
1.654
1.826
1.452
1.553
1.927
1.661
2.271
2.035
1.506
2.099
1.787
1.471
1.326
1.464
1.346
1.464
1.444
2.666
2.785
1.497
1.705
1.448
1.659
1.893
1.668
2.274
1.488
1.497
2.016
1.766
2.425
1.886
1.548
2.099
1.437
1.377
1.374
1.501
1.402
1.481
1.516
1.337
1.614
2.272
1.994
2.073
1.359
1.304
1.351
1.357
1.422
1.95
3.087
2.959
1.846
1.944
1.528
2.012
1.402
1.33
1.372
1.426
1.394
1.481
1.459
1.333
1.842
1.475
1.983
1.996
1.334
1.281
1.29
1.314
1.252
1.73
2.94
3.538
2.229
2.057
1.763
1.757
1.836
1.5
1.398
1.509
1.392
1.518
1.476
2.765
2.332
1.36
1.33
1.454
1.665
1.888
1.601
2.287
1.487
1.599
2.008
1.888
2.522
2.154
1.529
2.033
2.034
1.519
1.385
1.515
1.396
1.508
1.498
2.836
2.29
1.383
1.332
1.428
1.33
1.381
1.511
2.854
2.475
2.097
1.891
1.902
2.522
2.154
1.53
1.959
2.034
1.516
1.394
1.517
1.406
1.503
1.505
2.299
2.333
1.452
1.338
1.487
1.349
1.4
1.504
2.694
2.789
2.141
1.913
1.806
2.323
2.089
1.652
1.754
1.749
1.424
1.4
1.527
1.398
1.527
1.502
2.52
2.333
1.403
1.368
1.415
1.349
1.423
1.527
2.694
2.781
2.141
2.131
1.928
2.252
2.028
1.678
1.462
1.74
1.42
1.404
1.528
1.398
1.52
1.514
2.304
2.381
1.414
1.364
1.407
1.357
1.419
1.539
2.348
3.082
2.113
2.61
1.955
2.179
2.081
1.68
1.51
1.354
1.302
1.372
1.426
1.394
1.479
1.458
1.326
1.971
2.231
2.772
1.474
1.322
1.269
1.307
1.293
1.283
2.325
3.461
4.245
2.69
2.057
1.875
2.159
1.354
1.287
1.361
1.426
1.351
1.479
1.405
1.326
1.971
2.231
2.772
1.474
1.322
1.269
1.307
1.278
1.26
2.131
2.618
4.086
2.69
2.105
1.875
2.151
1.691
1.397
1.353
1.488
1.374
1.461
1.493
2.457
2.54
1.568
1.513
1.497
1.362
1.493
1.539
2.327
3.082
2.001
2.61
1.923
2.088
1.554
1.68
1.51
1.381
1.366
1.352
1.468
1.351
1.453
1.473
2.12
2.355
1.533
1.508
1.497
1.354
1.484
1.549
1.539
1.798
1.296
2.51
1.832
1.865
1.528
1.53
1.248
1.293
1.132
1.091
1.237
1.092
1.257
1.253
2.358
2.209
1.224
1.236
1.204
1.058
1.209
1.493
1.293
1.156
1.022
2.285
1.992
1.732
1.371
1.216
1.01
1.144
0.864
0.824
1.017
0.9
1.033
1.145
1.975
2.699
1.085
0.938
1.683
1.654
0.926
1.253
1.171
0.991
0.904
1.754
1.603
1.584
1.16
0.878
0.734
0.879
0.608
0.55
0.769
0.643
0.824
0.938
2.019
2.483
0.823
0.673
1.436
1.392
0.663
1.013
0.928
0.865
0.647
1.238
1.542
1.385
0.891
0.672
0.461
2.118
0.836
0.819
0.989
0.785
1.069
0.974
0.796
1.407
2.381
3.332
1.078
0.934
0.786
1.402
1.456
2.15
2.131
3.614
3.548
2.539
1.382
1.512
2.151
1.582
0.347
0.304
0.483
0.267
0.62
0.584
0.301
1.107
1.951
2.419
0.619
0.466
0.281
0.893
0.951
1.632
1.26
2.531
2.2
2.854
1.612
1.07
1.379
0.669
0.417
0.273
0.555
0.352
0.627
0.843
1.652
2.098
0.445
0.289
1.097
1.17
0.342
0.809
0.822
0.867
0.647
1.238
1.587
1.711
1.378
0.596
0.431
0.668
0.439
0.265
0.568
0.36
0.618
0.858
1.811
2.084
0.456
0.466
1.12
1.19
0.323
0.514
0.663
0.856
0.614
1.096
1.948
2.015
1.865
0.595
0.438
0.76
0.5
0.268
0.549
0.36
0.615
0.858
1.799
2.093
0.453
0.466
1.114
1.19
0.337
0.499
0.959
0.969
0.626
1.007
1.973
2.154
1.886
0.588
0.41
0.756
0.494
0.286
0.511
0.29
0.619
0.758
1.823
1.406
0.385
0.69
0.427
0.356
0.345
0.483
1.558
1.132
0.96
1.01
2.14
2.108
1.85
0.588
0.41
0.789
0.498
0.308
0.512
0.292
0.619
0.803
2.05
1.406
0.388
0.69
0.428
0.346
0.345
0.75
1.782
1.136
1.25
1.257
2.134
2.073
1.82
0.591
0.409
1.87
0.798
1.133
0.542
0.258
0.654
0.635
0.332
1.053
2.663
2.419
0.619
0.344
0.285
0.903
2.022
2.654
2.069
2.71
2.2
2.854
1.284
0.992
1.352
0.597
0.705
1.133
0.554
0.236
0.649
0.738
0.902
1.491
2.663
2.324
0.597
0.344
0.294
0.368
1.34
1.355
1.845
1.152
1.94
2.579
1.284
0.992
1.25
0.731
0.424
0.305
0.504
0.301
0.713
1.079
2.05
1.378
0.361
0.669
0.355
0.299
0.319
0.897
1.782
1.13
1.25
1.929
2.134
1.998
1.778
0.565
0.409
0.549
0.352
0.323
0.491
0.287
0.714
1.076
1.856
1.173
0.53
1.122
0.412
0.274
0.34
0.897
1.81
1.134
1.208
2.072
1.799
1.67
1.21
1.128
0.735
0.553
0.269
0.318
0.507
0.287
0.709
1.075
1.941
1.156
0.558
1.124
0.413
0.274
0.348
0.896
1.697
1.264
1.354
2.528
1.572
1.42
1.159
1.189
0.8
0.579
0.273
0.31
0.523
0.271
0.75
1.08
1.954
1.317
0.751
0.907
0.747
0.588
0.575
0.983
1.065
1.387
1.272
2.528
1.566
1.42
1.244
1.189
0.815
0.553
0.253
0.289
0.543
0.246
0.768
1.018
1.813
1.252
0.75
0.91
0.745
0.582
0.586
0.644
1.091
1.767
1.361
2.088
1.517
1.323
1.192
1.128
0.736
0.627
0.767
1.17
0.593
0.297
0.676
0.809
0.971
1.192
1.926
1.406
0.375
0.383
0.304
0.409
1.416
1.355
1.845
0.95
1.791
2.124
1.029
0.819
1.017
0.511
0.358
0.334
0.599
0.311
0.669
0.809
0.971
1.192
0.565
1.201
0.333
0.383
0.304
0.409
0.378
0.483
0.562
0.95
2.039
2.584
1.071
1.367
0.48
0.553
0.254
0.287
0.592
0.221
0.69
0.626
1.743
1.628
0.844
1.213
0.805
0.65
0.635
0.495
1.091
1.78
1.388
1.482
1.814
1.345
0.778
1.134
0.736
0.536
0.273
0.264
0.592
0.234
0.69
0.635
1.78
1.782
0.784
0.585
0.724
0.669
0.635
0.535
1.067
1.805
1.928
1.498
1.809
1.212
0.827
0.492
0.386
0.315
0.273
0.285
0.582
0.263
0.688
0.733
1.609
1.74
0.757
0.585
0.711
0.686
0.617
0.822
1.001
1.617
1.759
1.229
2.247
1.451
0.734
0.439
0.313
0.276
0.293
0.273
0.578
0.276
0.639
0.75
1.766
1.638
0.722
0.929
0.371
0.369
0.62
0.964
1.044
1.308
1.45
1.273
2.723
1.838
0.774
0.527
0.403
0.253
0.307
0.275
0.558
0.305
0.613
0.757
1.705
1.638
0.722
0.934
0.352
0.37
0.613
0.964
0.773
0.485
1.371
1.364
2.941
1.999
0.777
0.663
0.412
1.732
0.956
0.437
0.599
0.351
0.655
0.759
0.485
0.578
1.124
1.822
0.286
0.335
0.279
0.338
0.382
0.428
1.042
2.744
2.278
2.584
1.071
1.635
1.127
2.127
0.984
0.371
0.566
0.299
0.605
0.709
0.485
0.631
1.655
1.852
0.805
0.275
0.361
0.252
0.34
0.423
1.556
2.744
2.278
2.064
1.098
1.635
1.212
0.248
0.303
0.285
0.499
0.315
0.587
0.759
2.22
1.53
0.64
0.634
0.276
0.309
0.557
0.988
0.932
0.5
1.371
1.7
2.787
1.925
0.634
0.786
0.931
0.246
0.301
0.289
0.495
0.311
0.604
0.749
2.22
1.6
0.509
0.639
0.292
0.309
0.574
1.044
1.233
0.557
1.151
1.823
2.787
2.052
0.713
0.892
0.961
0.244
0.301
0.276
0.492
0.314
0.595
0.634
2.16
1.583
0.514
0.639
0.291
0.312
0.574
0.804
1.134
0.834
1.219
2.161
2.386
1.963
0.824
0.892
1.052
0.329
0.323
0.329
0.476
0.314
0.591
0.601
2.473
1.924
0.338
0.299
0.35
0.293
0.263
0.67
1.118
1.175
1.609
2.649
2.072
1.713
0.723
0.841
0.962
0.329
0.32
0.328
0.478
0.308
0.591
0.584
2.3
1.959
0.35
0.282
0.368
0.278
0.259
0.741
1.163
1.198
1.544
2.649
1.98
1.621
0.723
0.773
0.962
2.127
0.984
0.389
0.506
0.307
0.603
0.704
0.485
0.631
1.696
1.831
0.788
0.275
0.373
0.223
0.34
0.281
1.556
2.595
2.925
1.667
1.042
1.14
1.652
1.276
0.934
0.303
0.536
0.293
0.613
0.615
0.467
1.231
1.61
1.823
0.861
0.332
0.479
0.209
0.325
0.281
1.827
1.586
3.506
1.741
1.235
1.039
1.236
0.328
0.322
0.323
0.501
0.303
0.608
0.587
2.252
2.018
0.396
0.354
0.483
0.302
0.275
0.762
1.111
1.198
1.544
2.431
1.962
1.54
0.718
0.679
0.448
0.851
0.442
0.334
0.565
0.33
0.664
0.587
2.409
1.962
0.396
0.346
0.474
0.339
0.259
0.762
0.964
1.372
2.197
2.293
2.003
1.312
0.597
0.592
0.399
0.841
0.443
0.308
0.582
0.313
0.675
0.576
2.598
2.233
0.382
0.339
0.476
0.329
0.259
0.724
0.944
1.093
2.111
2.029
1.888
1.127
0.537
0.853
0.306
0.753
0.424
0.243
0.61
0.291
0.707
0.574
2.154
1.892
0.367
0.35
0.348
0.456
0.634
0.662
0.942
0.783
1.858
1.645
1.717
1.115
0.597
0.873
0.6
0.821
0.424
0.3
0.622
0.304
0.707
0.928
2.64
1.892
0.349
0.357
0.332
0.458
0.635
0.604
0.894
0.871
1.756
1.552
2.003
1.342
0.637
0.869
0.581
0.928
0.93
0.303
0.522
0.281
0.613
0.557
0.417
1.944
2.186
1.78
0.351
0.333
0.454
0.235
0.279
0.262
1.213
1.859
3.728
1.741
0.974
1.047
1.207
0.709
0.848
0.298
0.522
0.257
0.598
0.607
0.46
1.944
2.544
1.519
0.368
0.398
1.297
0.44
0.397
0.317
1.213
1.859
3.662
1.792
1.12
0.8
0.793
0.86
0.407
0.324
0.615
0.303
0.702
0.908
2.325
1.735
0.362
0.278
0.272
0.439
0.701
0.564
0.894
0.871
1.756
1.552
2.003
1.572
1.062
0.839
0.587
0.348
0.265
0.319
0.548
0.273
0.627
0.966
2.089
1.68
0.964
0.504
0.411
0.53
0.758
0.648
1.213
1.086
1.16
1.398
1.999
1.688
1.062
0.817
0.58
0.371
0.25
0.345
0.553
0.282
0.639
1.108
1.511
1.336
1.116
1.253
0.505
0.573
0.793
0.648
1.112
1.04
1.145
1.308
2.194
1.775
1.407
0.533
0.574
0.375
0.215
0.352
0.521
0.287
0.625
1.122
1.394
1.414
1.473
1.398
0.554
0.608
0.921
0.608
0.998
0.943
0.96
1.117
2.156
2.119
1.384
0.496
0.594
0.496
0.221
0.302
0.487
0.266
0.647
0.77
0.694
1.432
2.054
1.513
0.569
0.683
0.921
0.503
0.886
0.77
0.908
1.164
2.219
1.983
1.427
0.509
0.639
0.536
0.553
0.286
0.545
0.257
0.637
0.649
1.313
2.272
2.544
2.529
2.248
2.565
3.553
3.649
3.75
3.261
3.272
2.54
2.723
1.526
1.843
0.8
0.759
0.542
0.528
0.308
0.512
0.269
0.65
0.657
1.313
1.442
2.346
3.555
2.778
2.565
3.553
3.649
3.75
3.261
3.335
2.733
1.61
1.822
1.992
0.772
0.814
1.556
0.235
0.297
0.48
0.273
0.645
0.785
0.459
1.658
2.616
1.732
0.65
0.773
0.992
0.542
0.954
0.884
0.975
1.288
2.507
1.869
1.079
0.581
0.68
0.472
0.256
0.295
0.505
0.259
0.649
0.772
0.465
1.902
2.476
1.627
0.562
0.701
0.952
0.385
0.489
0.587
0.659
1.376
2.896
1.943
1.207
0.619
0.745
0.487
0.349
0.289
0.485
0.26
0.632
0.654
0.475
2.025
2.476
0.896
0.47
0.699
0.926
0.385
0.547
0.747
0.702
1.308
3.356
2.106
1.053
0.657
0.8
0.545
0.349
0.403
0.505
0.265
0.623
0.668
0.456
2.105
2.427
0.828
0.823
0.677
0.46
0.502
0.574
0.764
0.788
1.365
3.433
1.874
1.186
0.65
0.804
0.867
0.492
0.396
0.51
0.274
0.614
0.668
0.473
2.105
2.043
0.717
0.775
0.63
0.435
0.536
0.661
0.91
0.755
1.942
3.341
2.208
1.289
0.693
0.835
0.76
0.774
0.387
0.512
0.435
0.683
0.656
1.308
2.006
3.063
3.555
2.778
2.645
2.763
3.576
3.734
3.318
4.337
3.18
2.147
1.673
1.992
0.758
0.712
1.316
1.264
0.625
0.493
0.444
0.692
0.615
0.489
1.012
2.454
2.624
1.467
0.701
0.462
0.404
0.958
0.684
2.457
3.39
3.234
1.833
1.361
0.918
0.622
1.362
0.657
0.473
0.514
0.262
0.624
0.661
0.455
2.107
1.641
0.438
0.727
0.529
0.34
0.519
0.658
0.899
0.736
1.905
3.341
2.2
1.424
0.642
0.835
0.791
0.665
0.503
0.506
0.262
0.633
0.629
0.426
1.858
1.539
0.426
0.72
0.529
0.337
0.56
0.561
0.853
1.14
2.284
2.964
2.2
1.424
0.646
0.827
0.848
0.579
0.501
0.506
0.279
0.621
0.615
0.382
2.165
1.647
0.426
0.731
0.493
0.359
0.573
0.53
0.88
1.261
2.284
2.391
2.275
1.518
0.636
0.785
0.82
0.579
0.381
0.49
0.268
0.624
0.572
0.342
1.892
1.612
0.352
0.382
0.355
0.4
0.501
0.645
1.023
1.445
2.945
2.536
2.236
1.584
0.66
0.523
0.577
0.432
0.381
0.507
0.255
0.654
0.583
0.335
2.055
1.615
0.783
0.405
0.414
0.409
0.53
0.557
0.971
1.462
2.383
2.685
2.161
1.825
0.626
0.479
0.517
1.264
0.625
0.471
0.465
0.692
0.6
0.435
1.027
2.259
1.594
1.266
1.613
1.106
0.55
0.974
0.72
2.457
3.39
4.541
1.761
1.343
0.918
0.573
0.412
1.53
0.687
0.589
0.342
0.74
0.647
0.358
0.504
0.71
1.347
2.315
1.613
1.064
0.496
0.974
0.72
1.546
2.854
4.541
2.257
2.773
1.223
0.558
0.412
0.258
0.305
0.506
0.258
0.655
0.572
0.352
1.65
1.563
0.824
0.417
0.552
0.468
0.554
0.586
0.872
1.462
2.41
2.627
2.116
1.766
1.006
0.589
1.039
0.281
0.285
0.497
0.272
0.632
0.589
0.348
1.978
1.547
0.889
0.426
0.576
0.514
0.573
0.622
0.947
1.076
2.055
3.125
2.401
1.766
1.006
0.535
0.936
0.489
0.281
0.509
0.273
0.636
0.584
0.34
1.412
1.542
0.917
0.426
0.577
0.514
0.573
0.658
0.835
1.291
2.503
3.423
2.717
1.792
0.976
0.565
0.981
1.046
0.3
0.527
0.3
0.634
0.605
0.34
1.862
1.728
0.994
0.77
0.619
0.539
0.529
0.682
0.765
1.096
2.273
3.303
3.118
1.671
0.938
0.521
1.06
1.1
0.296
0.53
0.3
0.611
0.581
0.292
1.709
1.823
0.661
0.747
0.522
0.554
0.499
0.972
1.018
1.175
2.303
3.268
3.139
1.479
0.925
0.532
1.106
0.783
0.452
1.346
0.433
0.721
0.647
0.345
0.504
0.753
1.288
2.094
2.172
1.079
0.496
0.444
0.406
0.598
2.072
4.545
2.102
2.855
1.043
0.714
0.724
0.783
0.429
1.346
0.429
0.714
0.629
0.369
0.514
0.869
1.59
2.094
1.158
0.417
0.348
0.376
0.296
0.43
1.498
3.34
2.998
3.651
2.031
0.778
1.622
1.1
0.301
0.567
0.297
0.61
0.581
0.291
1.88
1.823
0.601
1.072
0.425
0.539
0.42
0.986
1.364
1.175
2.402
3.268
3.139
1.858
0.635
0.415
0.585
1.219
0.288
0.576
0.272
0.628
0.56
0.299
1.754
2.128
0.616
1.054
0.395
0.495
0.379
0.986
1.286
1.276
2.308
2.887
3.089
2.022
0.621
0.449
0.638
1.044
0.297
0.576
0.274
0.628
0.571
0.283
2.181
1.992
0.616
1.055
0.393
0.49
0.355
1.335
1.414
1.337
1.892
2.856
2.813
1.869
0.594
0.424
0.633
0.496
0.285
0.554
0.267
0.617
0.564
0.283
1.764
1.847
0.582
1.097
0.485
0.479
0.403
1.232
1.374
1.35
1.809
2.688
2.441
1.916
0.632
0.406
0.49
0.451
0.285
0.549
0.258
0.615
0.547
0.283
2.162
1.847
0.509
1.07
0.493
0.451
0.4
0.912
1.274
1.954
1.731
2.562
2.401
1.909
0.643
0.381
0.455
0.755
0.646
1.287
0.407
0.651
0.553
0.351
1.542
0.869
1.651
1.951
1.332
0.602
0.305
0.379
0.555
0.767
2.127
3.523
3.347
2.314
1.661
0.778
1.622
0.71
0.648
0.482
0.368
0.591
0.71
0.339
1.542
0.788
1.651
1.964
2.179
1.461
0.617
0.498
0.648
0.773
1.914
3.233
3.347
2.406
1.944
0.732
1.42
0.407
0.277
0.515
0.269
0.612
0.546
0.295
2.043
1.97
0.527
1.157
0.655
0.436
0.379
0.882
0.9
1.954
1.49
2.687
2.63
1.566
0.97
0.436
0.488
0.349
0.316
0.479
0.339
0.581
0.545
0.301
1.902
1.594
0.449
1.296
1.102
0.808
0.597
1.408
1.256
2.024
2.431
3.119
2.511
1.807
1.332
0.752
0.73
0.659
0.546
0.694
0.603
0.775
0.716
0.538
1.54
1.583
0.75
1.648
1.353
1.662
0.715
1.215
1.182
1.81
2.38
2.928
2.303
1.807
1.336
0.838
0.845
0.666
0.544
0.681
0.672
0.748
0.704
0.538
1.394
1.389
0.924
1.292
1.225
1.614
0.661
1.186
1.188
1.672
1.877
2.501
2.121
1.974
1.464
0.978
1.009
0.76
0.57
0.656
0.699
0.666
0.697
0.544
0.831
1.089
0.9
1.292
1.22
1.649
0.661
1.195
1.061
0.924
2.011
2.113
1.804
2.752
2.051
1.553
1.4
0.876
0.649
0.411
0.351
0.466
0.667
0.305
1.501
0.6
1.327
1.964
3.135
1.813
0.949
0.672
0.797
0.883
1.914
3.547
3.193
1.913
1.118
0.727
0.679
0.578
0.335
0.361
0.365
0.262
0.725
0.285
0.435
0.547
0.72
1.172
3.167
1.813
0.949
0.672
0.696
0.554
1.594
3.547
2.583
2.039
1.206
0.727
0.581
1.222
0.989
1.055
1.107
1.027
1.092
0.946
1.148
1.14
1.289
1.285
1.358
1.7
1.102
1.296
1.136
1.055
2.835
2.071
1.863
2.756
1.649
1.595
1.4
1.353
1.156
1.281
1.283
1.152
1.35
1.088
1.313
1.282
1.478
1.424
1.236
1.986
1.496
0.936
0.846
1.231
2.033
1.448
2.268
2.66
1.596
1.472
1.26
1.17
1.113
1.181
1.153
0.997
1.287
0.926
1.191
1.165
1.252
1.309
1.445
1.205
2.269
1.028
1.221
1.875
2.508
1.448
2.268
2.66
1.596
1.472
1.25
1.17
1.113
1.212
1.144
1.04
1.338
0.926
1.182
1.166
1.016
1.258
1.481
1.205
2.241
1.106
1.21
2.046
2.508
2.226
2.687
2.698
1.638
1.57
1.231
1.238
1.185
1.28
1.201
1.094
1.369
0.981
1.253
1.236
1.038
1.266
1.671
1.328
3.058
1.241
1.525
2.213
2.777
2.479
2.534
1.756
1.208
0.981
0.752
1.319
1.717
1.621
1.285
1.103
1.294
1.144
1.378
1.292
1.12
1.969
3.163
1.249
0.605
0.539
0.515
0.501
1.555
2.767
2.576
3.708
2.146
1.423
1.07
1.319
1.742
1.662
1.304
1.144
1.433
1.181
1.378
1.261
1.166
1.969
3.163
0.866
0.248
0.386
0.332
0.348
1.484
1.586
3.035
4.517
2.595
1.406
0.959
0.82
0.796
0.897
0.844
0.696
1.049
0.815
1.253
1.199
1.023
1.027
1.337
1.215
2.58
1.151
1.438
2.213
1.922
2.622
2.709
2.247
1.441
0.992
0.717
1.042
0.833
0.695
0.666
0.577
0.857
0.705
1.099
1.048
0.839
0.892
1.37
0.702
1.997
0.935
1.489
2.008
2.166
3.146
2.329
2.018
1.288
0.826
0.595
1.074
0.667
0.562
0.547
0.514
0.797
0.664
1.496
1.264
1.32
1.049
1.173
0.696
1.179
0.628
1.115
1.358
1.725
3.146
2.904
2.141
1.312
0.954
0.685
1.272
0.73
0.623
0.591
0.592
0.882
0.79
1.737
1.588
1.422
1.166
1.206
0.773
1.283
0.63
1.346
1.305
2.412
2.947
3.264
1.92
1.245
0.845
0.539
1.198
0.657
0.511
0.507
0.512
0.878
0.768
2.356
1.837
1.45
1.166
0.982
0.583
0.474
0.519
1.233
1.427
2.288
3.139
3.787
1.92
1.414
0.964
0.772
1.305
1.742
1.662
1.323
1.144
1.433
1.181
1.422
1.223
1.166
1.881
2.429
2.124
0.626
1.026
0.455
0.35
1.345
2.615
4.044
4.517
2.661
1.406
1.055
1.39
0.642
0.656
0.549
0.498
0.948
0.586
0.603
0.483
1.173
2.812
0.964
2.699
0.956
1.168
0.894
0.497
0.856
2.898
5.216
3.157
2.196
0.982
0.937
1.198
0.677
0.554
0.544
0.534
0.939
0.569
1.985
1.653
1.096
1.312
1.202
0.678
0.529
0.582
1.292
1.471
2.79
3.297
3.698
1.631
1.295
1.023
1.191
0.945
0.509
0.556
0.598
0.543
0.939
0.624
2.543
1.827
1.135
1.276
0.926
0.585
0.558
0.672
1.281
2.01
2.723
3.645
3.698
1.685
1.341
1.032
1.285
1.008
0.586
0.582
0.635
0.574
0.875
0.718
2.243
1.702
0.874
1.172
1.063
0.753
0.687
0.761
1.281
2.158
2.815
3.645
3.59
1.755
1.446
1.005
1.409
0.878
0.563
0.545
0.582
0.534
0.816
0.679
2.092
1.445
1.149
1.308
1.078
0.762
0.697
0.748
1.226
2.158
2.585
3.736
3.27
2.006
1.597
1.143
1.496
1.016
0.732
0.63
0.662
0.634
0.803
0.822
1.538
1.225
1.268
1.559
1.163
0.935
1.408
0.723
1.101
1.747
2.185
3.481
2.926
2.143
1.428
1.089
1.428
1.733
0.77
0.708
0.666
0.671
0.917
0.817
0.751
0.684
1.833
3.969
2.199
2.699
0.956
1.168
0.887
1.106
1.072
3.319
5.335
2.324
1.934
1.133
1.227
1.849
0.983
0.928
0.876
0.905
0.999
1.125
1.121
1.161
2.003
3.969
2.818
2.492
1.962
1.894
2.702
2.283
3.033
2.898
5.335
2.317
1.422
1.211
1.227
1.059
0.788
0.61
0.635
0.641
0.663
0.822
1.53
1.095
1.268
1.241
1.021
0.902
1.408
0.741
1.244
1.902
1.976
3.457
3.114
2.052
1.487
1.207
1.264
0.969
0.788
0.607
0.601
0.641
0.744
0.811
0.945
0.751
1.198
1.398
1.649
1.135
1.442
0.724
1.072
1.225
1.79
2.969
3.083
2.144
1.448
1.181
1.24
0.761
0.701
0.57
0.567
0.598
0.845
0.709
0.788
0.681
1.125
1.618
1.675
0.961
1.231
0.598
0.904
0.855
1.651
3.393
3.54
2.273
1.316
1.101
1.136
0.682
0.661
0.5
0.546
0.54
0.842
0.611
0.716
0.621
0.928
1.702
1.733
0.916
1.163
0.57
0.917
1.009
2.318
3.383
3.594
2.203
1.114
0.889
0.94
0.505
0.446
0.381
0.442
0.425
0.839
0.418
0.538
0.544
1.038
1.558
2.178
1.043
0.567
0.514
0.863
1.002
2.348
3.383
3.594
1.947
1.202
0.936
0.826
