0.0
0.0
0.0
0.0
0.0
0.0
0.0
0.0
0.0
0.0
0.0
0.0
0.0
0.0
0.0
0.0
0.0
0.0
0.0
0.0
0.0
0.0
0.0
0.0
0.0
0.0
0.0
0.0
0.0
0.0
0.0
0.0
0.0
0.0
0.0
0.0
0.0
0.0
0.0
0.0
0.0
0.0
0.0
0.0
0.0
0.0
0.0
0.0
0.0
0.0
0.0
0.0
0.0
0.0
0.0
0.0
0.0
0.0
0.0
0.0
0.0
0.0
0.0
0.0
0.0
0.0
0.0
0.0
0.0
0.0
0.0
0.0
0.0
0.0
0.0
0.0
0.0
0.0
0.0
0.0
0.0
0.0
0.0
0.0
0.0
0.0
0.0
0.0
0.0
0.0
0.0
0.0
0.0
0.0
0.0
0.0
0.0
0.0
0.0
0.0
0.0
0.0
0.0
0.0
0.0
0.0
0.0
0.0
0.0
0.0
0.0
0.0
0.0
0.0
0.0
0.0
0.0
0.0
0.0
0.0
0.0
0.0
0.0
0.0
0.0
0.0
0.0
0.0
0.0
0.0
0.0
0.0
0.0
0.0
0.0
0.0
0.0
0.0
0.0
0.0
0.0
0.0
0.0
0.0
0.0
0.0
0.0
0.0
0.0
0.0
0.0
0.0
0.0
0.0
0.0
0.0
0.0
0.0
0.0
0.0
0.0
0.0
0.0
0.0
0.0
0.0
0.0
0.0
0.0
0.0
0.0
0.0
0.0
0.0
0.0
0.0
0.0
0.0
0.0
0.0
0.0
0.0
0.0
0.0
0.0
0.0
0.0
0.0
0.0
0.0
0.0
0.0
0.0
0.0
0.0
0.0
0.0
0.0
0.0
0.0
0.0
0.0
0.0
0.0
0.0
0.0
0.0
0.0
0.0
0.0
0.0
0.0
0.0
0.0
0.0
0.0
0.0
0.0
0.0
0.0
0.0
0.0
0.0
0.0
0.0
0.0
0.0
0.0
0.0
0.0
0.0
0.0
0.0
0.0
0.0
0.0
0.0
0.0
0.0
0.0
0.0
0.0
0.0
0.0
0.0
0.0
0.0
0.0
0.0
0.0
0.0
0.0
0.0
0.0
0.0
0.0
0.0
0.0
0.0
0.0
0.0
0.0
0.0
0.0
0.0
0.0
0.0
0.0
0.0
0.0
0.0
0.0
0.0
0.0
0.0
0.0
0.0
0.0
0.0
0.0
0.0
0.0
0.0
0.0
0.0
0.0
0.0
0.0
0.0
0.0
0.0
0.0
0.0
0.0
0.0
0.0
0.0
0.0
0.0
0.0
0.0
0.0
0.0
0.0
0.0
0.0
0.0
0.0
0.0
0.0
0.0
0.0
0.0
0.0
0.0
0.0
0.0
0.0
0.0
0.0
0.0
0.0
0.0
0.0
0.0
0.0
0.0
0.0
0.0
0.0
0.0
0.0
0.0
0.0
0.0
0.0
0.0
0.0
0.0
0.0
0.0
0.0
0.0
0.0
0.0
0.0
0.0
0.0
0.0
0.0
0.0
0.0
0.0
0.0
0.0
0.0
0.0
0.0
0.0
0.0
0.0
0.0
0.0
0.0
0.0
0.0
0.0
0.0
0.0
0.0
0.0
0.0
0.0
0.0
0.0
0.0
0.0
0.0
0.0
0.0
0.0
0.0
0.0
0.0
0.0
0.0
0.0
0.0
0.0
0.0
0.0
0.0
0.0
0.0
0.0
0.0
0.0
0.0
0.0
0.0
0.0
0.0
0.0
0.0
0.0
0.0
0.0
0.0
0.0
0.0
0.0
0.0
0.0
0.0
0.0
0.0
0.0
0.0
0.0
0.0
0.0
0.0
0.0
0.0
0.0
0.0
0.0
0.0
0.0
0.0
0.0
0.0
0.0
0.0
0.0
0.0
0.0
0.0
0.0
0.0
0.0
0.0
0.0
0.0
0.0
0.0
0.0
0.0
0.0
0.0
0.0
0.0
0.0
0.0
0.0
0.0
0.0
0.0
0.0
0.0
0.0
0.0
0.0
0.0
0.0
0.0
0.0
0.0
0.0
0.0
0.0
0.0
0.0
0.0
0.0
0.0
0.0
0.0
0.0
0.0
0.0
0.0
0.0
0.0
0.0
0.0
0.0
0.0
0.0
0.0
0.0
0.0
0.0
0.0
0.0
0.0
0.0
0.0
0.0
0.0
0.0
0.0
0.0
0.0
0.0
0.0
0.0
0.0
0.0
0.0
0.0
0.0
0.0
0.0
0.0
0.0
0.0
0.0
0.0
0.0
0.0
0.0
0.0
0.0
0.0
0.0
0.0
0.0
0.0
0.0
0.0
0.0
0.0
0.0
0.0
0.0
0.0
0.0
0.0
0.0
0.0
0.0
0.0
0.0
0.0
0.0
0.0
0.0
0.0
0.0
0.0
0.0
0.0
0.0
0.0
0.0
0.0
0.0
0.0
0.0
0.0
0.0
0.0
0.0
0.0
0.0
0.0
0.0
0.0
0.0
0.0
0.0
0.0
0.0
0.0
0.0
0.0
0.0
0.0
0.0
0.0
0.0
0.0
0.0
0.0
0.0
0.0
0.0
0.0
0.0
0.0
0.0
0.0
0.0
0.0
0.0
0.0
0.0
0.0
0.0
0.0
0.0
0.0
0.0
0.0
0.0
0.0
0.0
0.0
0.0
0.0
0.0
0.0
0.0
0.0
0.0
0.0
0.0
0.0
0.0
0.0
0.0
0.0
0.0
0.0
0.0
0.0
0.0
0.0
0.0
0.0
0.0
0.0
0.0
0.0
0.0
0.0
0.0
0.0
0.0
0.0
0.0
0.0
0.0
0.0
0.0
0.0
0.0
0.0
0.0
0.0
0.0
0.0
0.0
0.0
0.0
0.0
0.0
0.0
0.0
0.0
0.0
0.0
0.0
0.0
0.0
0.0
0.0
0.0
0.0
0.0
0.0
0.0
0.0
0.0
0.0
0.0
0.0
0.0
0.0
0.0
0.0
0.0
0.0
0.0
0.0
0.0
0.0
0.0
0.0
0.0
0.0
0.0
0.0
0.0
0.0
0.0
0.0
0.0
0.0
0.0
0.0
0.0
0.0
0.0
0.0
0.0
0.0
0.0
0.0
0.0
0.0
0.0
0.0
0.0
0.0
0.0
0.0
0.0
0.0
0.0
0.0
0.0
0.0
0.0
0.0
0.0
0.0
0.0
0.0
0.0
0.0
0.0
0.0
0.0
0.0
0.0
0.0
0.0
0.0
0.0
0.0
0.0
0.0
0.0
0.0
0.0
0.0
0.0
0.0
0.0
0.0
0.0
0.0
0.0
0.0
0.0
0.0
0.0
0.0
0.0
0.0
0.0
0.0
0.0
0.0
0.0
0.0
0.0
0.0
0.0
0.0
0.0
0.0
0.0
0.0
0.0
0.0
0.0
0.0
0.0
0.0
0.0
0.0
0.0
0.0
0.0
0.0
0.0
0.0
0.0
0.0
0.0
0.0
0.0
0.0
0.0
0.0
0.0
0.0
0.0
0.0
0.0
0.0
0.0
0.0
0.0
0.0
0.0
0.0
0.0
0.0
0.0
0.0
0.0
0.0
0.0
0.0
0.0
0.0
0.0
0.0
0.0
0.0
0.0
0.0
0.0
0.0
0.0
0.0
0.0
0.0
0.0
0.0
0.0
0.0
0.0
0.0
0.0
0.0
0.0
0.365
0.331
0.286
0.159
0.15
0.15
0.157
0.153
0.485
0.38
0.613
0.473
1.035
0.426
0.815
0.459
0.222
0.154
0.148
0.23
0.419
0.286
0.274
0.279
0.373
0.244
0.281
0.157
0.147
0.145
0.151
0.156
0.423
0.194
0.861
0.284
0.988
0.815
0.474
0.508
0.569
0.539
0.502
0.419
0.604
0.382
0.236
0.257
0.321
0.184
0.179
0.184
0.177
0.174
0.39
0.285
0.53
0.262
0.953
0.666
1.092
0.852
0.47
0.557
0.626
0.542
0.504
0.465
0.787
0.471
0.237
0.251
0.306
0.18
0.174
0.179
0.178
0.173
0.386
0.334
0.33
1.279
1.059
0.707
0.254
0.844
0.469
0.556
0.625
0.54
0.504
0.465
0.885
0.607
0.367
0.32
0.296
0.27
0.276
0.276
0.273
0.252
0.261
0.272
0.427
0.952
0.905
0.977
1.208
1.892
0.494
0.732
0.412
0.587
0.392
0.429
0.891
0.591
0.285
0.294
0.222
0.225
0.237
0.221
0.229
0.219
0.212
0.228
0.385
0.604
0.583
0.948
1.126
0.626
0.494
0.732
0.576
1.19
0.572
0.338
0.667
0.63
0.351
0.396
0.441
0.33
0.275
0.254
0.248
0.246
0.459
0.395
0.398
1.346
1.113
0.707
0.317
0.839
0.476
0.606
0.624
0.54
0.503
0.465
0.885
0.607
0.474
0.396
0.358
0.331
0.275
0.25
0.254
0.245
0.451
0.395
0.64
1.373
1.113
0.681
0.318
0.833
0.47
0.606
0.575
0.539
0.532
0.42
0.729
0.605
0.464
0.394
0.351
0.458
0.304
0.283
0.283
0.273
0.491
0.414
0.64
1.373
0.486
0.613
0.318
0.18
0.99
0.282
0.245
0.189
0.273
0.319
1.12
0.926
0.425
0.329
0.32
0.437
0.275
0.257
0.261
0.247
0.253
0.29
0.562
1.328
0.424
0.243
0.303
0.443
1.071
0.355
0.273
0.315
0.351
0.893
1.045
1.062
0.524
0.412
0.373
0.485
0.324
0.306
0.305
0.302
0.307
0.29
0.697
0.369
0.512
0.383
0.381
0.488
1.115
0.56
0.291
0.334
0.368
0.907
0.958
0.933
0.413
0.347
0.324
0.306
0.337
0.339
0.262
0.219
0.212
0.228
0.448
0.644
0.583
0.948
1.126
0.525
0.48
0.152
0.311
0.751
0.328
0.262
0.258
0.43
0.262
0.386
0.489
0.302
0.293
0.29
0.217
0.174
0.175
0.164
0.25
0.193
0.368
0.385
0.228
0.276
0.281
0.477
0.393
0.807
0.958
1.534
1.86
1.363
0.447
0.284
0.255
0.355
0.236
0.345
0.242
0.23
0.248
0.226
0.643
0.307
0.469
0.382
0.373
0.501
1.114
0.518
0.299
0.329
0.368
0.932
1.004
0.982
0.371
0.358
0.305
0.385
0.268
0.373
0.27
0.267
0.281
0.25
0.56
0.359
1.189
0.384
0.375
0.504
1.117
0.518
0.299
0.334
0.349
0.923
0.99
0.97
0.361
0.331
0.355
0.372
0.247
0.345
0.249
0.241
0.254
0.231
0.527
0.341
1.185
0.412
0.435
1.213
0.277
0.495
0.49
0.668
0.444
0.947
0.515
0.623
0.44
0.331
0.355
0.372
0.25
0.345
0.249
0.239
0.254
0.224
0.58
1.028
1.12
0.455
0.445
0.982
0.249
0.375
0.527
0.78
0.428
0.413
0.67
0.535
0.341
0.252
0.302
0.332
0.204
0.307
0.209
0.188
0.204
0.172
0.493
0.994
0.933
0.316
0.415
0.989
0.215
0.174
0.513
0.77
0.407
0.624
1.095
0.696
0.468
0.386
0.489
0.329
0.324
0.35
0.25
0.23
0.226
0.221
0.286
0.349
0.406
0.615
1.225
0.448
0.571
0.582
0.602
0.409
1.526
2.444
2.198
1.615
0.601
0.484
0.458
0.303
0.298
0.291
0.294
0.298
0.278
0.291
0.246
0.534
1.666
1.305
1.89
1.04
0.571
0.963
1.876
0.778
1.526
2.444
2.312
1.616
1.342
0.256
0.328
0.318
0.191
0.204
0.196
0.192
0.198
0.172
0.484
0.996
1.043
0.374
0.395
0.984
0.222
0.281
0.522
0.779
0.817
0.746
2.141
1.835
1.642
0.185
0.278
0.286
0.167
0.179
0.165
0.173
0.169
0.152
0.548
0.922
0.32
0.374
0.453
0.984
0.222
0.281
0.514
1.369
1.879
1.599
2.387
1.835
1.702
0.259
0.361
0.302
0.209
0.174
0.169
0.173
0.174
0.148
0.558
0.914
0.569
0.424
0.428
0.274
0.224
0.471
0.777
1.479
2.262
1.658
2.387
1.805
1.698
0.369
0.39
0.323
0.231
0.2
0.188
0.202
0.192
0.176
0.534
0.343
0.723
0.431
0.356
0.223
0.206
0.487
0.673
1.273
2.222
1.658
2.218
1.736
1.698
0.39
0.404
0.336
0.266
0.22
0.213
0.47
0.297
0.185
0.409
0.34
1.053
0.491
0.346
0.19
0.254
0.504
0.691
1.275
2.222
1.54
1.853
1.589
1.644
0.497
0.324
0.303
0.315
0.3
0.297
0.301
0.282
0.292
0.309
0.632
1.938
1.305
1.89
1.04
0.519
0.741
1.876
0.778
0.991
1.376
1.157
1.014
1.342
0.497
0.344
0.331
0.356
0.328
0.348
0.332
0.32
0.348
0.629
0.97
2.201
1.16
1.036
0.982
0.264
0.66
1.535
0.593
0.281
0.366
0.749
0.602
1.093
0.391
0.373
0.345
0.267
0.233
0.218
0.48
0.308
0.196
0.58
1.244
0.98
0.446
0.327
0.662
0.262
0.393
1.023
1.619
1.85
1.648
1.024
0.507
0.452
0.407
0.381
0.345
0.271
0.243
0.218
0.476
0.312
0.199
0.579
1.393
0.955
0.439
0.345
0.734
0.267
0.742
1.405
1.037
0.932
0.907
0.702
0.473
0.415
0.346
0.235
0.224
0.238
0.244
0.216
0.476
0.312
0.211
0.634
1.393
1.0
0.443
0.345
0.737
0.299
0.865
1.331
0.566
0.414
0.815
0.844
0.445
0.386
0.302
0.267
0.255
0.275
0.274
0.25
0.51
0.345
0.237
0.722
1.472
0.856
0.4
0.368
0.737
0.328
1.253
1.379
0.689
0.497
1.069
1.067
0.644
0.482
0.296
0.258
0.247
0.259
0.263
0.243
0.255
0.244
0.238
0.852
1.512
0.631
0.41
0.458
0.752
0.292
1.244
1.379
0.697
0.497
1.069
1.136
0.757
0.522
0.395
0.344
0.321
0.329
0.328
0.313
0.332
0.302
0.348
0.629
0.97
1.287
0.461
0.319
0.302
0.194
0.259
1.949
0.623
0.454
0.24
0.298
0.272
0.278
0.407
0.372
0.384
0.352
0.334
0.349
0.352
0.324
0.369
0.662
0.938
1.042
0.376
0.33
0.328
0.206
0.715
3.272
0.692
0.57
0.719
0.861
0.697
0.437
0.414
0.392
0.378
0.433
0.361
0.284
0.25
0.245
0.244
0.747
0.643
0.687
0.46
0.459
0.295
1.204
1.806
1.32
0.494
0.488
1.052
1.118
0.875
0.657
0.462
0.395
0.392
0.468
0.364
0.306
0.251
0.24
0.254
0.539
0.518
0.774
0.491
0.382
0.239
1.204
1.858
1.304
0.518
0.434
1.074
1.167
0.978
0.833
0.462
0.395
0.392
0.468
0.354
0.306
0.251
0.239
0.245
0.483
0.578
0.756
0.536
0.392
0.386
1.245
1.575
0.924
1.104
0.632
1.087
1.106
0.978
0.833
0.497
0.38
0.344
0.411
0.326
0.277
0.218
0.221
0.218
0.401
0.464
0.818
0.559
0.526
0.445
1.295
1.204
1.819
1.272
0.584
0.912
0.975
0.898
0.842
0.484
0.368
0.328
0.394
0.32
0.259
0.211
0.216
0.208
0.21
0.432
0.854
0.535
1.116
0.524
1.317
1.461
1.937
1.321
0.699
1.026
1.008
0.898
0.866
0.409
0.353
0.401
0.341
0.314
0.346
0.338
0.313
0.375
0.821
0.869
0.667
0.225
0.923
0.243
0.223
0.715
3.272
0.692
0.57
0.719
0.861
0.697
0.437
0.654
0.73
0.401
0.341
0.314
0.346
0.338
0.313
0.375
0.821
0.869
0.667
0.312
0.928
0.227
0.889
0.681
1.679
0.297
0.348
0.677
0.788
0.944
0.477
0.525
0.243
0.189
0.222
0.199
0.214
0.208
0.198
0.191
0.2
0.419
0.896
0.711
1.446
1.058
0.4
0.924
1.685
1.209
0.845
0.962
0.927
0.837
0.86
0.453
0.218
0.164
0.196
0.187
0.29
0.198
0.197
0.17
0.193
0.415
0.896
0.718
1.441
1.058
1.246
1.01
1.447
1.176
0.814
0.842
0.851
0.78
0.731
0.535
0.308
0.274
0.268
0.21
0.298
0.2
0.202
0.169
0.2
0.315
0.619
0.625
1.412
0.912
1.713
1.006
1.42
0.581
0.561
0.769
0.734
0.686
0.716
0.526
0.352
0.365
0.359
0.283
0.345
0.25
0.248
0.218
0.251
0.305
0.554
0.697
1.266
1.443
1.708
1.286
0.525
0.364
0.563
0.653
0.641
0.605
0.651
0.588
0.737
0.421
0.38
0.323
0.377
0.278
0.296
0.253
0.281
0.279
0.4
0.662
0.611
1.371
1.723
1.303
0.472
0.377
0.763
0.845
0.618
0.606
0.589
0.625
0.698
0.348
0.307
0.32
0.311
0.317
0.3
0.385
0.792
0.714
0.7
0.312
0.928
0.186
0.889
0.246
0.358
0.252
0.237
0.2
0.217
0.534
0.32
1.051
0.89
0.326
0.276
0.328
0.276
0.316
0.284
0.364
0.352
0.449
0.729
0.304
1.026
2.394
2.116
1.394
0.251
1.288
0.656
0.849
1.22
1.554
1.327
0.541
0.808
0.464
0.38
0.326
0.377
0.288
0.296
0.262
0.287
0.359
0.742
0.665
0.445
0.829
2.179
1.353
0.472
0.381
0.565
0.699
0.936
0.653
0.621
0.541
0.844
0.509
0.366
0.326
0.273
0.288
0.289
0.271
0.415
0.439
0.863
0.66
0.514
1.111
1.611
0.972
0.331
0.381
0.562
0.79
1.074
0.74
0.722
0.511
0.842
0.45
0.283
0.316
0.269
0.277
0.293
0.271
0.415
0.469
0.863
0.98
0.78
1.213
1.228
0.972
0.332
0.38
0.575
0.79
1.128
0.78
0.763
0.584
0.932
0.513
0.356
0.306
0.258
0.379
0.212
0.196
0.331
0.438
0.821
0.915
0.78
0.611
1.173
0.664
0.263
0.273
0.525
0.907
1.128
0.78
0.763
0.516
0.552
0.461
0.319
0.272
0.225
0.35
0.165
0.163
0.62
0.404
0.793
0.915
0.722
0.62
1.143
0.355
0.162
0.17
0.173
0.682
1.114
0.799
0.8
0.875
0.491
0.326
0.286
0.328
0.301
0.316
0.284
0.381
0.356
1.196
1.294
0.692
0.985
3.848
1.546
1.471
0.282
1.354
0.726
0.928
1.315
1.313
1.305
0.953
0.613
0.429
0.395
0.419
0.417
0.41
0.408
0.436
0.445
1.542
1.294
0.757
1.028
3.848
1.546
1.71
2.458
1.694
0.864
1.081
1.54
1.759
1.502
0.49
0.506
0.445
0.332
0.27
0.226
0.339
0.168
0.154
0.64
0.363
0.308
0.774
0.528
0.62
1.147
0.272
0.203
0.228
0.247
0.752
0.733
0.704
0.756
0.499
0.55
0.364
0.343
0.267
0.231
0.346
0.171
0.149
0.584
0.436
0.609
0.767
0.494
0.362
0.929
0.165
0.203
0.225
0.247
0.645
0.617
0.638
1.232
0.665
0.558
0.361
0.347
0.261
0.231
0.352
0.16
0.149
0.591
0.365
0.649
0.562
0.629
0.825
0.767
0.154
0.199
0.224
0.236
0.641
0.505
0.574
1.11
0.494
0.607
0.202
0.185
0.177
0.162
0.172
0.165
0.145
0.591
0.367
1.101
1.078
0.724
1.09
0.802
0.227
0.319
0.33
0.397
0.634
0.607
0.676
1.185
0.502
0.607
0.204
0.184
0.171
0.159
0.176
0.28
0.252
0.385
0.361
1.101
1.076
0.722
1.054
0.788
0.395
0.396
0.385
0.763
0.768
0.694
0.754
1.111
0.609
0.416
0.403
0.412
0.409
0.419
0.377
0.416
0.436
0.445
1.542
2.268
0.757
0.275
1.648
1.533
1.187
2.592
0.707
0.546
0.559
0.651
0.853
0.627
0.629
0.51
0.506
0.514
0.502
0.5
0.499
0.504
0.529
0.52
1.242
1.649
1.598
0.275
1.126
1.622
1.187
2.592
1.485
0.651
0.679
0.819
1.271
0.911
0.406
0.569
0.168
0.173
0.166
0.159
0.176
0.282
0.254
0.361
0.679
1.496
1.238
0.73
1.046
0.281
0.403
0.467
1.732
1.416
0.842
0.954
0.855
1.122
0.422
0.407
0.162
0.164
0.16
0.158
0.173
0.273
0.254
0.383
0.52
1.25
1.212
0.738
1.309
0.785
0.771
0.533
1.799
1.477
0.907
1.296
0.928
0.529
0.301
0.454
0.212
0.218
0.211
0.212
0.222
0.323
0.31
0.429
0.569
1.316
1.162
0.399
0.816
0.856
0.837
0.535
1.826
1.74
1.19
1.377
1.045
0.73
0.331
0.276
0.245
0.269
0.24
0.243
0.254
0.343
0.344
0.456
0.613
1.594
0.567
0.297
0.547
1.459
0.82
0.486
1.774
1.712
1.175
1.377
0.984
0.703
0.335
0.269
0.258
0.269
0.245
0.252
0.249
0.23
0.25
0.421
1.01
1.594
0.582
0.421
0.566
1.552
0.716
0.567
1.786
1.455
1.415
1.406
0.855
0.658
0.905
1.287
1.337
1.125
1.084
1.051
1.09
1.034
1.094
1.045
1.362
2.428
1.599
0.393
1.126
1.622
1.152
0.502
1.132
0.54
0.557
0.608
0.863
0.837
0.906
1.316
1.337
1.125
1.084
1.051
1.09
1.034
1.094
1.045
1.362
1.27
1.655
0.404
1.183
0.461
0.58
0.378
1.116
0.565
1.5
0.803
1.071
1.14
1.013
0.269
0.268
0.262
0.251
0.252
0.247
0.232
0.25
0.431
0.652
1.252
0.327
0.421
0.566
1.552
0.716
0.47
0.395
0.785
1.335
1.203
0.722
0.586
0.335
0.276
0.268
0.263
0.251
0.247
0.244
0.235
0.249
0.397
0.652
1.081
0.288
0.371
0.267
0.971
0.351
0.401
0.466
0.884
1.39
1.017
0.765
0.694
0.407
0.379
0.386
0.363
0.367
0.334
0.233
0.239
0.238
0.376
0.612
1.199
0.165
0.283
0.182
0.888
0.284
0.327
0.382
0.604
1.14
0.869
0.627
0.463
0.373
0.335
0.362
0.324
0.337
0.309
0.216
0.215
0.201
0.357
0.568
0.463
0.165
0.329
0.205
0.243
0.239
0.31
0.358
0.468
0.98
0.706
0.543
0.501
0.399
0.37
0.354
0.34
0.342
0.303
0.227
0.227
0.194
0.282
0.439
0.53
0.25
0.218
0.18
0.149
0.174
0.15
0.298
0.36
0.431
0.526
0.53
0.573
0.468
1.316
1.307
1.084
1.054
1.033
1.054
1.015
1.013
0.994
1.422
1.447
0.441
0.423
2.215
1.092
0.418
0.419
0.807
0.69
1.604
0.903
0.684
0.956
0.692
0.521
0.465
0.461
0.442
0.468
0.443
0.465
0.511
0.355
0.821
0.683
0.977
0.433
2.252
1.208
1.971
2.125
2.722
2.364
2.082
1.003
0.938
1.216
0.612
0.413
0.381
0.384
0.386
0.346
0.27
0.273
0.238
0.282
0.483
0.632
0.279
0.324
0.229
0.156
0.165
0.185
0.369
0.587
0.496
0.604
0.659
0.716
0.604
0.417
0.381
0.384
0.386
0.346
0.27
0.27
0.248
0.209
0.619
1.049
0.3
0.379
0.308
0.175
0.44
1.019
0.357
0.68
0.604
0.683
0.831
0.679
0.571
0.424
0.222
0.222
0.23
0.209
0.228
0.22
0.208
0.191
0.621
0.793
0.377
0.766
0.855
0.239
0.431
1.025
0.357
0.688
0.594
0.683
0.831
0.679
0.571
0.424
0.316
0.311
0.277
0.203
0.215
0.221
0.407
0.191
0.621
0.799
0.377
0.736
0.822
0.239
0.415
1.024
0.353
0.681
0.597
0.674
0.819
0.626
0.506
0.387
0.315
0.293
0.274
0.196
0.203
0.207
0.402
0.183
0.579
0.759
0.279
0.77
0.822
0.23
0.416
1.024
0.344
0.781
0.857
0.922
1.097
0.787
0.429
0.472
0.465
0.461
0.442
0.468
0.443
0.465
0.511
0.328
0.8
0.683
2.051
0.915
2.252
1.208
2.926
2.497
2.722
2.918
2.708
1.495
0.839
0.972
0.424
1.025
0.55
0.441
0.365
0.387
0.364
0.392
0.452
0.258
0.31
0.922
2.051
2.061
0.459
2.29
3.205
2.497
2.628
3.585
2.708
1.495
1.426
1.014
0.568
0.334
0.276
0.243
0.224
0.153
0.164
0.147
0.358
0.137
0.532
0.797
0.255
0.661
0.773
0.225
0.848
1.104
0.386
0.619
0.79
0.845
0.975
0.647
0.393
0.502
0.323
0.254
0.222
0.153
0.158
0.149
0.349
0.141
0.391
0.459
0.302
0.596
0.685
0.207
0.569
0.264
0.251
2.261
1.111
1.137
1.133
0.528
0.271
0.333
0.315
0.253
0.21
0.148
0.155
0.148
0.348
0.143
0.381
0.459
0.459
0.194
0.147
0.146
0.629
0.38
0.406
2.397
1.252
1.281
1.272
0.653
0.387
0.439
0.455
0.386
0.413
0.239
0.148
0.142
0.143
0.143
0.378
0.457
0.525
0.222
0.146
0.146
0.629
0.38
0.406
2.424
1.301
1.33
1.323
0.802
0.539
0.656
0.964
0.392
0.405
0.238
0.146
0.134
0.134
0.133
0.316
0.423
0.572
0.449
0.918
0.521
0.636
0.455
0.477
2.424
1.138
1.343
1.24
0.571
0.54
0.958
0.455
0.35
0.284
0.273
0.275
0.281
0.281
0.266
0.302
0.881
2.274
2.162
0.854
3.09
2.683
2.167
0.947
2.67
2.687
1.459
1.251
0.813
0.649
0.922
0.461
0.345
0.274
0.274
0.262
0.269
0.279
0.263
0.295
0.926
2.069
2.214
1.567
4.246
3.307
3.172
1.412
2.616
1.923
1.978
1.517
1.131
0.953
0.659
0.957
0.399
0.409
0.233
0.151
0.134
0.134
0.133
0.322
0.288
0.578
0.461
0.921
1.03
0.697
0.468
0.447
2.395
1.471
1.444
1.337
0.81
0.592
0.577
1.002
0.484
0.499
0.237
0.15
0.135
0.142
0.131
0.496
0.203
0.565
0.503
0.918
1.027
0.704
0.473
0.446
0.563
0.945
1.059
0.992
0.824
0.629
0.618
1.048
0.524
0.546
0.31
0.217
0.198
0.203
0.195
0.559
0.262
0.391
0.548
1.006
1.042
0.644
0.347
0.29
0.451
1.083
1.051
0.992
0.847
0.661
0.655
0.917
0.338
0.335
0.264
0.267
0.253
0.258
0.25
0.6
0.31
0.368
0.566
1.126
2.009
0.715
0.604
0.486
0.517
1.124
1.097
1.028
0.888
0.638
0.571
0.555
0.445
0.341
0.267
0.267
0.26
0.262
0.278
0.842
0.324
0.384
0.351
0.446
1.638
0.707
0.535
0.413
0.459
1.101
0.844
0.872
0.985
0.733
0.295
0.309
0.284
0.276
0.285
0.27
0.269
0.296
0.32
0.387
0.831
2.069
1.597
1.567
3.327
2.394
3.172
1.587
1.246
1.311
1.799
0.903
1.002
0.89
0.295
0.309
0.267
0.276
0.285
0.264
0.267
0.296
0.312
0.431
0.831
1.767
3.355
2.762
3.71
3.141
2.254
1.794
2.204
1.802
1.956
1.183
0.989
0.857
0.653
0.617
0.522
0.444
0.385
0.368
0.369
0.377
0.385
0.906
0.433
0.428
0.42
0.498
1.126
0.822
0.587
0.489
0.549
0.824
1.066
0.733
0.68
0.612
1.011
0.984
0.889
0.817
0.85
0.834
0.828
0.815
0.833
1.257
0.576
0.447
0.438
0.498
1.135
0.813
0.592
0.7
0.682
0.934
1.099
0.807
0.802
0.966
1.055
0.984
0.889
0.778
0.787
0.765
0.767
0.754
0.796
1.241
0.561
0.432
0.45
0.442
1.113
0.824
0.592
0.697
0.682
0.85
1.184
0.884
0.877
1.232
1.032
0.92
0.84
0.726
0.75
0.715
0.717
0.708
0.785
1.259
0.574
0.474
0.966
0.352
0.154
0.755
0.334
0.501
0.496
1.419
1.132
0.797
0.7
1.106
0.968
0.782
0.726
0.718
0.75
0.716
0.711
0.821
0.849
0.975
0.786
0.415
0.986
0.392
0.988
1.169
0.451
0.618
0.611
1.419
1.191
0.898
0.789
1.038
0.248
0.245
0.224
0.228
0.224
0.229
0.197
0.235
0.269
0.505
0.849
1.704
2.866
3.586
3.075
2.379
1.68
1.8
2.338
1.844
1.553
1.656
1.403
1.256
0.364
0.384
0.218
0.238
0.22
0.222
0.198
0.218
0.216
0.425
0.445
1.704
2.866
3.586
3.075
2.379
1.46
1.8
2.338
1.844
1.553
2.262
1.914
1.411
0.88
0.7
0.64
0.639
0.658
0.636
0.638
0.732
0.77
0.899
0.771
0.552
0.938
0.413
1.041
0.571
0.268
0.458
0.442
1.406
0.875
0.847
0.818
1.074
0.524
0.544
0.198
0.178
0.191
0.17
0.172
0.289
0.302
0.371
0.577
0.491
0.905
0.92
1.037
0.571
0.261
0.251
0.276
1.389
0.987
0.926
0.912
0.828
0.363
0.499
0.477
0.191
0.182
0.173
0.164
0.287
0.33
0.421
0.572
0.531
0.839
0.88
1.037
0.592
0.536
0.384
0.401
2.245
0.886
0.736
0.713
0.424
0.3
0.495
0.478
0.191
0.171
0.174
0.166
0.287
0.298
0.356
0.507
0.494
0.342
0.883
1.032
0.591
0.536
0.385
0.394
1.487
0.773
0.758
0.799
0.523
0.607
0.499
0.487
0.196
0.175
0.177
0.167
0.175
0.205
0.321
0.327
0.487
0.26
0.902
0.58
0.408
0.475
0.335
0.341
1.398
0.63
0.827
0.573
0.463
0.648
0.884
0.748
0.238
0.214
0.222
0.199
0.218
0.201
0.421
0.445
1.166
0.897
2.05
2.004
1.315
1.269
1.23
1.279
1.46
1.491
2.262
1.914
1.411
0.648
0.884
0.748
0.299
0.273
0.26
0.26
0.264
0.273
0.77
0.558
0.763
0.902
0.473
0.658
0.474
0.391
0.394
0.382
0.615
0.708
1.511
1.128
0.772
0.577
0.476
0.451
0.163
0.147
0.144
0.132
0.147
0.17
0.286
0.453
0.315
0.27
0.846
0.548
0.521
1.02
0.596
0.598
1.645
1.15
1.05
0.823
0.547
0.612
0.304
0.565
0.289
0.165
0.167
0.163
0.161
0.212
0.443
0.538
0.392
0.308
0.4
0.543
0.54
1.07
0.658
0.651
1.562
0.942
0.856
0.619
0.439
0.666
0.356
0.349
0.341
0.227
0.228
0.226
0.223
0.239
0.455
0.606
0.409
0.369
0.484
0.607
0.948
0.971
0.644
0.649
0.621
0.934
0.938
0.694
0.442
0.666
0.357
0.348
0.348
0.228
0.228
0.226
0.228
0.247
0.455
0.606
0.401
0.47
1.073
1.721
1.223
1.027
0.696
0.704
0.676
1.0
0.984
0.695
0.446
0.475
0.467
0.452
0.461
0.225
0.267
0.26
0.257
0.286
0.416
0.774
0.401
0.47
1.002
1.337
1.015
1.015
0.696
0.694
0.668
0.988
0.74
0.695
0.83
0.734
0.95
0.982
0.329
0.289
0.291
0.29
0.294
0.303
0.759
0.556
0.789
0.902
0.438
0.331
0.474
0.375
0.386
0.656
0.865
0.863
0.8
0.791
0.685
0.518
0.506
0.566
0.392
0.365
0.346
0.307
0.323
0.337
0.764
0.556
1.309
1.734
0.899
0.502
0.468
0.449
0.527
1.065
1.805
0.899
0.824
0.813
0.833
0.489
0.467
0.451
0.461
0.229
0.27
0.264
0.257
0.286
0.448
0.569
0.332
0.457
1.002
1.322
0.903
0.474
0.439
0.438
0.416
0.432
0.463
0.395
0.715
0.38
0.332
0.32
0.331
0.212
0.252
0.247
0.246
0.244
0.436
0.773
0.587
0.501
1.048
1.79
1.132
0.805
0.82
0.5
0.506
0.563
0.616
0.622
0.737
0.352
0.312
0.288
0.323
0.18
0.218
0.221
0.22
0.212
0.403
0.74
0.611
0.655
1.052
1.77
0.937
0.659
0.927
0.587
0.555
0.615
1.047
0.671
0.823
0.403
0.374
0.358
0.378
0.237
0.277
0.284
0.273
0.262
0.429
0.778
0.732
0.92
0.822
0.727
1.034
0.843
1.091
0.76
0.638
0.996
1.425
1.045
0.746
0.304
0.261
0.323
0.259
0.237
0.24
0.254
0.243
0.232
0.592
0.903
1.129
0.982
0.924
1.308
1.258
1.112
1.584
1.268
1.016
1.44
1.646
1.317
0.579
0.583
0.601
0.603
0.446
0.442
0.411
0.554
0.691
0.519
0.614
0.37
0.855
1.633
0.972
0.627
0.69
1.391
1.182
1.065
1.939
0.934
0.871
0.92
0.858
0.757
0.71
0.526
0.467
0.451
0.452
0.614
0.748
0.564
0.664
0.424
0.876
1.633
1.036
1.659
0.69
1.391
2.117
1.737
1.939
0.928
1.115
1.755
1.129
0.558
0.545
0.472
0.367
0.352
0.348
0.359
0.347
0.335
0.668
1.151
1.314
0.982
0.924
1.308
1.258
1.112
1.584
1.268
1.016
2.22
1.653
1.457
0.806
0.562
0.545
0.472
0.365
0.349
0.344
0.355
0.346
0.335
0.668
1.13
1.267
1.013
0.909
0.973
1.075
0.799
1.209
1.253
0.977
2.196
1.653
1.304
0.809
0.598
0.572
0.982
0.359
0.393
0.438
0.425
0.425
0.42
0.72
1.19
1.267
0.892
0.82
0.936
0.831
0.782
1.101
1.218
1.294
2.667
1.364
1.448
1.092
0.764
0.557
0.948
0.334
0.371
0.406
0.388
0.403
0.398
0.72
1.19
1.414
1.185
0.777
1.484
0.523
0.585
0.902
1.017
1.186
2.761
1.09
1.18
1.238
0.942
0.634
0.951
0.414
0.478
0.572
0.551
0.555
0.544
0.699
0.997
1.842
1.241
0.671
0.947
0.358
0.334
0.44
0.571
0.875
2.384
0.929
0.973
1.075
0.819
0.71
0.526
0.467
0.46
0.461
0.626
0.756
0.564
0.678
0.486
0.806
0.865
1.774
2.724
1.246
2.64
2.477
2.053
1.115
0.986
1.522
2.403
1.071
0.819
0.7
0.515
0.6
0.533
0.518
0.506
0.51
0.481
0.506
0.486
0.806
0.826
1.774
2.724
0.962
1.758
2.477
2.053
0.959
0.981
1.522
2.403
1.071
0.699
0.351
0.802
0.315
0.366
0.469
0.442
0.449
0.448
0.627
0.748
1.687
1.241
0.68
0.947
0.371
0.334
0.43
0.49
0.785
1.458
0.801
0.803
0.874
0.691
0.359
0.816
0.332
0.366
0.486
0.444
0.477
0.448
0.512
0.492
1.43
1.187
0.662
0.906
0.399
0.345
0.44
0.518
0.797
1.46
0.757
0.751
0.828
0.643
0.311
0.281
0.289
0.298
0.432
0.409
0.42
0.386
0.473
1.223
1.428
1.152
0.714
0.959
0.609
0.33
0.334
0.331
0.327
0.865
0.516
0.515
0.479
0.437
0.291
0.28
0.292
0.301
0.446
0.406
0.418
0.393
0.467
1.227
1.159
0.435
0.424
0.363
0.567
0.265
0.285
0.28
0.277
0.303
0.331
0.33
0.3
0.247
0.255
0.218
0.257
0.216
0.327
0.265
0.312
0.264
0.478
1.026
0.341
0.303
0.359
0.305
0.51
0.243
0.263
0.259
0.251
0.289
0.331
0.33
0.3
0.494
0.456
0.44
0.594
0.533
0.518
0.506
0.51
0.533
0.506
0.47
0.72
0.726
1.535
1.611
0.914
1.758
1.284
1.02
0.629
0.629
1.079
1.229
0.494
0.286
0.314
0.299
0.451
0.382
0.362
0.35
0.353
0.533
0.414
0.31
0.205
0.173
0.165
0.206
0.202
0.342
0.15
0.19
0.21
0.193
0.389
0.21
0.151
0.247
0.255
0.218
0.254
0.215
0.327
0.265
0.312
0.26
0.478
0.997
0.337
0.294
0.337
0.31
0.481
0.252
0.228
0.254
0.249
0.283
0.212
0.236
0.232
0.197
0.245
0.182
0.239
0.184
0.286
0.255
0.299
0.26
0.421
0.97
0.295
0.204
0.307
0.201
0.391
0.166
0.249
0.241
0.268
0.285
0.209
0.239
0.23
0.197
0.239
0.189
0.262
0.201
0.323
0.282
0.337
0.293
0.411
0.182
0.239
0.195
0.307
0.192
0.255
0.252
0.338
0.332
0.37
0.313
0.194
0.218
0.223
0.188
0.229
0.172
0.238
0.206
0.381
0.351
0.4
0.335
0.465
0.23
0.292
0.255
0.351
0.259
0.298
0.311
0.389
0.385
0.427
0.343
0.192
0.205
0.213
0.195
0.204
0.174
0.215
0.225
0.431
0.426
0.447
0.398
0.402
0.386
0.39
0.357
0.444
0.361
0.403
0.394
0.499
0.472
0.49
0.342
0.22
0.205
0.223
0.184
0.176
0.103
0.105
0.136
0.157
0.138
0.089
0.291
0.241
0.182
0.173
0.121
0.125
0.206
0.19
0.129
0.099
0.19
0.193
0.102
0.13
0.158
0.162
0.14
0.129
0.11
0.054
0.09
0.186
0.094
0.053
0.053
0.217
0.105
0.095
0.052
0.118
0.165
0.108
0.051
0.056
0.166
0.146
0.052
0.052
0.071
0.129
0.222
0.201
0.19
0.215
0.248
0.448
0.437
0.447
0.4
0.412
0.417
0.366
0.363
0.444
0.372
0.403
0.4
0.499
0.472
0.49
0.354
0.22
0.193
0.23
0.222
0.201
0.19
0.226
0.248
0.448
0.437
0.436
0.4
0.789
0.953
0.372
0.363
0.386
0.372
0.393
0.4
0.379
0.399
0.388
0.277
0.208
0.165
0.211
0.21
0.169
0.16
0.218
0.206
0.324
0.351
0.322
0.296
0.744
0.9
0.294
0.325
0.304
0.302
0.315
0.319
0.27
0.327
0.277
0.192
0.189
0.135
0.163
0.193
0.13
0.125
0.211
0.143
0.205
0.252
0.211
0.194
0.649
0.815
0.181
0.227
0.22
0.192
0.212
0.241
0.162
0.241
0.195
0.102
0.142
0.121
0.11
0.164
0.104
0.077
0.186
0.086
0.082
0.163
0.098
0.086
0.51
0.665
0.064
0.15
0.12
0.084
0.126
0.134
0.07
0.142
0.12
0.23
0.233
0.238
0.221
0.231
0.073
0.124
0.068
0.068
0.186
0.189
0.068
0.068
0.148
0.105
0.148
0.113
0.114
0.123
0.131
0.128
0.066
0.134
0.146
0.122
0.067
0.071
0.164
0.408
0.326
0.381
0.332
0.322
0.395
0.415
0.332
0.323
0.391
0.306
0.368
0.364
0.357
0.352
0.351
0.377
0.307
0.367
0.364
0.371
0.314
0.318
0.373
0.272
0.221
0.182
0.286
0.2
0.179
0.268
0.214
0.182
0.628
0.762
0.181
0.246
0.245
0.186
0.249
0.226
0.19
0.236
0.242
0.327
0.359
0.362
0.319
0.312
0.28
0.242
0.306
0.257
0.241
0.305
0.25
0.237
0.3
0.263
0.232
0.298
0.269
0.249
0.288
0.259
0.245
0.281
0.332
0.417
0.381
0.386
0.36
0.324
0.312
0.278
0.317
0.332
0.351
0.353
0.295
0.271
0.305
0.307
0.266
0.301
0.306
0.316
0.374
0.358
0.346
0.389
1.306
0.62
0.497
0.514
0.513
0.448
0.451
0.315
0.353
0.391
0.446
0.402
0.305
0.306
0.305
0.322
0.423
0.438
0.353
0.381
0.456
0.717
1.083
0.972
1.858
0.779
0.772
0.739
0.586
0.448
0.451
0.315
0.353
0.391
0.446
0.402
0.318
0.306
0.403
0.483
0.866
0.605
0.46
0.422
0.563
0.8
1.164
1.05
1.885
0.763
0.742
0.686
0.539
0.569
0.569
0.583
0.597
0.575
0.58
0.589
0.591
0.575
0.561
0.563
0.561
0.546
0.429
0.443
0.457
0.437
0.426
0.429
0.444
0.442
0.438
0.423
0.456
0.569
0.569
0.583
0.597
0.575
0.58
0.589
0.591
0.575
0.561
0.563
0.571
0.955
2.123
1.039
0.457
0.437
1.437
0.785
0.825
0.69
0.916
1.236
0.774
0.508
0.348
0.235
0.261
0.321
0.422
0.355
0.285
0.264
0.355
0.452
0.845
0.541
0.384
0.492
1.689
0.742
1.099
1.172
2.547
0.832
0.778
0.725
0.552
0.594
0.474
0.401
0.355
0.383
0.477
0.414
0.343
0.322
0.46
0.484
0.873
0.576
0.458
0.491
1.689
0.742
1.098
1.172
2.547
0.832
0.778
0.725
0.552
0.579
0.471
0.39
0.334
0.336
0.392
0.359
0.324
0.313
0.449
0.468
1.026
0.627
0.519
0.572
1.691
0.773
1.11
1.149
1.659
0.744
0.786
0.798
0.635
0.658
0.55
0.474
0.295
0.304
0.335
0.309
0.326
0.316
0.449
0.464
0.961
0.613
1.07
0.551
1.612
0.423
0.385
1.064
1.519
0.79
0.687
0.767
0.584
0.685
0.57
0.501
0.325
0.333
0.365
0.337
0.35
0.343
0.378
0.325
0.625
0.615
1.769
0.627
1.483
0.316
0.498
1.675
1.582
0.808
0.787
0.823
0.559
0.454
0.422
0.455
0.449
0.423
0.429
0.44
0.43
0.423
0.419
0.433
2.31
2.182
3.88
2.507
0.417
0.363
1.593
0.875
0.908
0.773
1.005
1.337
0.863
0.289
0.269
0.288
0.29
0.295
0.379
0.367
0.345
0.341
0.335
0.45
2.31
2.182
3.88
2.507
0.701
1.152
2.568
2.039
1.206
0.863
1.179
1.508
0.888
0.569
0.561
0.485
0.325
0.299
0.298
0.282
0.292
0.288
0.325
0.251
0.735
0.674
1.769
0.472
0.264
0.272
0.465
1.56
0.982
0.84
0.817
0.952
0.474
0.456
0.398
0.274
0.197
0.236
0.271
0.255
0.255
0.245
0.347
0.234
0.765
1.705
1.725
0.451
0.263
0.26
0.46
1.56
0.982
1.064
0.955
0.952
0.453
0.456
0.397
0.264
0.195
0.251
0.266
0.249
0.246
0.238
0.337
0.24
0.677
1.711
1.671
0.33
0.185
0.156
0.369
1.466
0.976
1.064
0.955
0.829
0.376
0.273
0.218
0.187
0.188
0.243
0.254
0.238
0.233
0.226
0.334
0.235
0.677
1.71
1.163
0.412
0.599
0.172
0.395
1.001
0.756
1.19
0.884
0.74
0.409
0.259
0.2
0.168
0.171
0.225
0.239
0.224
0.211
0.345
0.489
0.429
0.626
1.635
0.354
0.255
0.59
0.245
0.294
0.396
0.698
1.175
0.799
0.699
0.466
0.315
0.274
0.293
0.285
0.298
0.376
0.367
0.345
0.341
0.335
0.536
2.631
1.783
2.24
1.923
1.89
1.533
1.835
1.901
1.047
0.82
0.913
0.939
0.793
0.523
0.532
0.225
0.224
0.307
0.438
0.355
0.333
0.329
0.324
0.536
0.687
0.6
0.437
0.386
1.89
1.533
1.734
1.849
0.996
0.745
0.745
0.907
0.709
0.302
0.29
0.338
0.223
0.316
0.377
0.301
0.236
0.384
0.52
0.454
0.671
1.99
0.32
0.275
0.648
0.3
0.354
0.343
0.598
1.087
0.787
0.575
0.616
0.465
0.456
0.52
0.395
0.353
0.391
0.245
0.166
0.338
0.478
0.399
0.626
0.941
0.25
0.269
0.648
0.293
0.355
0.343
0.598
0.854
0.58
0.57
0.616
0.465
0.5
0.52
0.395
0.331
0.392
0.252
0.17
0.338
0.48
0.4
0.5
0.81
0.239
0.352
0.63
0.299
0.358
0.343
1.242
1.096
0.534
0.521
0.508
0.455
0.483
0.51
0.391
0.343
0.392
0.26
0.178
0.333
0.487
0.393
0.582
0.778
0.214
0.321
0.284
0.289
0.334
0.323
1.039
0.692
0.475
0.405
0.441
0.439
0.476
0.493
0.377
0.328
0.359
0.244
0.167
0.171
0.426
0.344
0.604
0.791
0.215
0.317
0.281
0.554
0.333
0.411
1.459
0.759
0.539
0.434
0.379
0.558
0.532
0.225
0.228
0.284
0.388
0.206
0.193
0.213
0.196
0.444
0.985
0.922
0.739
1.48
1.636
0.787
0.505
0.513
0.523
0.448
0.479
0.79
0.733
0.558
0.534
0.235
0.335
0.283
0.388
0.209
0.194
0.224
0.197
0.387
0.779
2.016
1.09
1.531
0.42
0.395
0.429
0.797
1.023
1.694
1.659
1.059
0.824
0.34
0.383
0.327
0.322
0.262
0.349
0.297
0.226
0.204
0.508
0.32
0.393
0.602
0.358
0.402
0.337
0.844
1.29
1.143
1.675
0.943
1.24
0.874
0.407
0.243
0.257
0.194
0.181
0.224
0.299
0.324
0.263
0.233
0.595
0.333
0.499
0.576
0.36
0.403
0.341
0.844
1.291
1.146
1.755
1.119
1.327
0.993
0.516
0.428
0.239
0.2
0.2
0.352
0.38
0.379
0.262
0.241
0.595
0.328
0.522
0.576
0.361
0.338
0.41
0.906
1.352
1.749
1.233
1.027
1.336
1.001
0.502
0.423
0.235
0.206
0.203
0.344
0.399
0.375
0.264
0.249
0.617
0.681
0.469
0.637
0.402
0.629
0.452
1.117
1.46
1.866
1.274
1.027
1.336
1.001
0.523
0.445
0.352
0.221
0.245
0.344
0.399
0.375
0.265
0.252
0.598
0.579
0.453
0.627
0.408
0.629
0.67
0.772
1.334
1.652
0.864
1.013
1.323
1.02
0.949
0.472
0.3
0.274
0.386
0.272
0.337
0.278
0.255
0.264
0.254
0.769
1.58
2.016
1.807
2.176
0.35
0.341
0.381
0.724
0.95
1.792
2.21
1.059
0.858
0.55
0.3
1.469
0.4
0.334
0.43
0.4
0.266
0.264
0.254
0.726
1.58
1.875
1.807
1.165
0.46
0.425
0.477
0.788
1.164
1.981
2.21
0.99
0.817
0.445
0.352
0.221
0.245
0.351
0.346
0.298
0.257
0.291
0.486
0.576
0.453
0.331
0.262
0.542
0.62
0.494
0.388
0.926
0.661
0.767
0.492
0.457
0.764
0.549
0.415
0.287
0.308
0.454
0.307
0.261
0.221
0.256
0.347
0.657
0.394
0.283
0.264
0.546
0.62
0.492
0.385
0.924
0.637
0.637
0.454
0.522
0.747
0.401
0.399
0.276
0.297
0.355
0.25
0.202
0.222
0.256
0.347
0.657
0.399
0.457
0.409
0.639
0.629
0.494
1.06
0.599
0.557
0.545
0.473
0.526
0.772
0.391
0.394
0.272
0.295
0.354
0.245
0.199
0.221
0.251
0.313
0.307
0.445
1.208
0.468
0.42
0.579
0.334
1.008
0.728
0.669
0.797
0.55
0.505
0.757
0.371
0.278
0.26
0.249
0.353
0.246
0.2
0.221
0.303
0.379
0.349
0.67
1.218
0.51
0.537
0.409
0.404
1.059
0.788
0.617
0.724
0.492
0.445
0.345
0.692
0.344
1.519
0.31
0.363
0.531
0.469
0.266
0.218
0.22
0.644
1.449
1.533
2.826
2.692
0.359
0.322
0.308
0.262
0.423
0.7
1.196
0.697
0.783
0.731
0.508
1.607
0.34
0.477
0.531
0.469
0.229
0.175
0.175
0.174
0.456
1.16
1.82
1.908
0.359
0.322
0.299
0.264
0.416
0.517
0.441
0.516
0.674
0.418
0.339
0.333
0.39
0.39
0.191
0.15
0.149
0.197
0.384
0.354
0.67
1.313
0.51
0.524
0.339
0.339
0.988
0.729
0.72
0.851
0.565
0.562
0.455
0.261
0.273
0.234
0.295
0.287
0.275
0.2
0.152
0.202
0.417
0.289
0.622
1.355
0.511
0.527
0.339
0.339
0.988
0.729
0.72
0.918
0.564
0.456
0.435
0.315
0.382
0.265
0.314
0.328
0.25
0.199
0.153
0.206
0.422
0.289
0.571
1.183
0.387
0.426
0.267
0.277
0.258
0.914
0.901
0.872
0.519
0.447
0.442
0.347
0.41
0.266
0.319
0.333
0.255
0.199
0.15
0.21
0.427
0.295
0.426
0.344
0.223
0.286
0.416
0.321
0.279
0.923
1.131
0.986
0.634
0.463
0.442
0.347
0.41
0.266
0.319
0.333
0.261
0.202
0.155
0.356
0.351
0.514
0.204
0.364
0.194
0.378
0.496
0.379
0.36
0.995
1.248
1.186
0.82
0.66
0.638
0.731
0.508
0.704
0.416
0.49
0.463
0.43
0.279
0.298
0.291
0.286
0.475
1.26
2.724
1.903
0.247
0.243
0.448
0.323
0.324
0.294
0.206
0.29
0.462
0.466
0.495
0.704
0.416
0.49
0.33
0.297
0.273
0.293
0.284
0.288
0.504
0.561
1.343
1.781
0.22
0.225
0.456
0.323
0.479
0.527
0.596
0.424
0.378
0.54
0.59
0.441
0.202
0.318
0.339
0.279
0.232
0.415
0.42
0.572
0.269
0.515
0.198
0.381
0.491
0.387
0.425
1.154
1.378
1.125
0.785
0.664
0.54
0.578
0.613
0.563
0.235
0.329
0.29
0.262
0.257
0.436
0.353
0.582
0.408
0.906
0.271
0.373
0.492
0.387
0.911
1.411
1.378
1.111
0.894
0.727
0.547
0.506
0.49
0.533
0.217
0.282
0.357
0.308
0.25
0.436
0.353
0.582
0.484
0.918
1.242
0.438
0.487
0.385
0.911
1.122
1.245
1.111
0.894
0.728
0.562
0.574
0.472
0.526
0.214
0.277
0.356
0.308
0.251
0.43
0.345
0.571
0.58
0.91
1.365
0.431
0.272
0.286
0.842
0.998
0.897
0.786
0.744
0.759
0.624
0.708
0.488
0.523
0.244
0.281
0.355
0.29
0.254
0.227
0.243
0.239
0.58
0.91
1.349
0.212
0.245
0.157
0.716
0.897
0.793
0.666
0.616
0.621
0.495
0.291
0.345
0.567
0.364
0.342
0.346
0.355
0.328
0.354
0.301
0.295
0.684
0.691
1.527
2.085
0.267
0.24
1.479
0.492
0.702
0.825
1.421
0.873
0.572
0.443
0.474
0.551
0.478
0.389
0.362
0.361
0.344
0.35
0.282
0.299
0.684
0.691
0.604
2.085
0.247
2.054
1.29
0.424
0.717
0.825
1.421
0.873
0.572
0.598
0.249
0.278
0.516
0.233
0.263
0.216
0.296
0.174
0.178
0.187
0.592
0.664
1.34
0.198
0.249
0.147
0.649
0.731
0.566
0.596
0.64
0.606
0.547
0.688
0.241
0.338
0.726
0.425
0.475
0.428
0.504
0.375
0.319
0.257
0.471
0.248
1.267
0.206
0.251
0.147
0.159
0.593
0.68
0.571
0.638
0.515
0.51
0.688
0.244
0.342
0.726
0.4
0.406
0.392
0.52
0.392
0.336
0.262
0.409
0.471
0.878
0.149
0.264
0.159
0.161
0.427
0.569
0.554
0.638
0.607
0.605
0.721
0.295
0.35
0.724
0.4
0.414
0.419
0.526
0.405
0.337
0.266
0.329
0.455
0.756
0.179
0.264
0.161
0.159
0.397
0.482
0.493
0.627
0.547
0.547
0.577
0.266
0.35
0.691
0.428
0.449
0.44
0.526
0.405
0.552
0.309
0.316
0.456
0.82
0.183
0.162
0.161
0.159
0.402
0.421
0.323
0.514
0.434
0.432
0.443
0.474
0.551
0.478
0.389
0.362
0.361
0.344
0.35
0.282
0.299
0.626
0.566
0.487
0.487
0.225
2.054
1.29
0.424
0.717
0.826
1.257
0.939
0.722
0.769
0.877
0.558
0.497
0.415
0.405
0.392
0.381
0.455
0.435
1.054
0.434
0.344
0.164
0.148
0.16
2.047
0.265
0.261
0.705
0.742
0.74
0.791
0.819
0.458
0.276
0.352
0.399
0.424
0.446
0.44
0.408
0.399
0.549
0.304
0.24
0.49
0.841
0.19
0.164
0.165
0.164
0.408
0.438
0.454
0.609
0.519
0.527
0.323
0.223
0.166
0.163
0.221
0.272
0.229
0.176
0.175
0.385
0.254
0.44
0.478
0.841
0.371
0.174
0.162
0.175
0.158
0.237
0.446
0.49
0.638
0.517
0.327
0.22
0.175
0.17
0.222
0.272
0.221
0.167
0.168
0.379
0.256
0.542
0.307
0.295
0.458
0.224
0.221
0.494
0.859
1.018
0.634
0.58
0.659
0.465
0.236
0.161
0.176
0.17
0.225
0.263
0.212
0.161
0.158
0.379
0.394
0.66
0.364
0.507
0.534
0.337
0.297
0.644
0.935
1.138
0.782
0.673
0.773
0.564
0.236
0.172
0.183
0.17
0.195
0.221
0.188
0.161
0.153
0.162
0.351
0.794
0.397
1.41
0.79
0.551
0.304
0.644
1.201
1.21
0.782
0.683
0.773
0.632
0.791
0.715
0.279
0.277
0.305
0.33
0.333
0.334
0.5
0.93
0.932
0.435
0.769
0.831
0.885
0.28
0.274
0.295
0.311
0.766
0.742
0.74
0.791
0.819
0.791
0.818
0.361
0.349
0.305
0.33
0.333
0.334
0.5
0.93
0.964
0.356
0.789
0.967
0.91
0.28
0.274
0.295
0.311
0.766
0.704
0.65
0.858
0.52
0.303
0.262
0.296
0.228
0.257
0.27
0.242
0.213
0.199
0.207
0.463
0.794
0.373
1.396
0.79
0.551
0.3
0.639
1.197
1.21
0.708
0.543
0.661
0.52
0.322
0.288
0.313
0.249
0.265
0.241
0.252
0.252
0.246
0.244
0.451
0.631
0.404
1.414
0.616
0.541
0.3
0.628
1.197
1.144
0.604
0.497
0.604
0.447
0.344
0.371
0.317
0.254
0.276
0.252
0.264
0.264
0.249
0.243
0.46
0.533
0.33
1.426
0.516
0.477
0.273
0.362
0.549
0.421
0.426
0.342
0.453
0.369
0.304
0.371
0.332
0.26
0.286
0.327
0.33
0.323
0.315
0.308
0.376
0.398
0.297
1.273
0.431
0.38
0.214
0.275
1.074
0.59
0.46
0.448
0.378
0.299
0.306
0.358
0.332
0.26
0.286
0.327
0.33
0.323
0.373
0.464
0.442
0.81
0.795
0.32
0.172
0.155
1.096
0.386
0.909
0.658
0.736
0.603
0.401
0.894
0.77
0.721
0.668
0.551
0.346
0.381
0.357
0.269
0.362
0.787
0.193
0.302
1.342
1.721
0.91
0.41
0.382
0.363
0.37
0.445
0.406
0.333
0.599
0.694
0.707
0.721
0.668
0.551
0.314
0.341
0.313
0.183
0.211
0.181
0.348
1.181
3.332
3.972
2.639
0.713
0.257
0.218
0.207
1.511
0.768
0.653
0.964
0.265
0.264
0.318
0.246
0.239
0.293
0.381
0.373
0.373
0.47
0.535
0.43
1.052
0.875
0.967
0.257
0.174
1.097
0.386
0.945
0.733
0.92
0.798
0.449
0.317
0.304
0.368
0.268
0.205
0.25
0.34
0.329
0.324
0.43
0.495
0.404
1.026
0.85
1.128
0.253
0.165
1.097
0.386
0.945
0.733
0.92
0.795
0.428
0.317
0.276
0.288
0.255
0.192
0.238
0.328
0.316
0.311
0.424
0.492
0.392
1.053
0.829
1.063
0.247
0.167
1.044
0.312
0.875
0.67
0.881
0.803
0.448
0.302
0.276
0.288
0.229
0.182
0.215
0.248
0.24
0.24
0.354
0.424
0.325
0.986
1.694
1.178
0.219
0.139
1.015
0.237
0.746
0.59
1.372
1.961
1.648
0.278
0.259
0.284
0.23
0.181
0.211
0.241
0.236
0.24
0.459
0.535
0.83
1.513
2.354
1.317
0.214
0.322
0.612
0.155
0.736
1.054
1.71
2.479
1.956
0.924
0.611
0.595
0.589
0.423
0.278
0.35
0.323
0.179
0.222
0.793
0.809
2.478
3.332
3.972
2.642
0.713
0.296
0.258
0.249
1.511
0.768
0.749
0.773
0.703
0.285
0.267
0.282
0.205
0.216
0.259
0.257
0.241
0.258
1.141
0.912
2.478
2.788
3.117
2.645
0.616
0.24
0.221
0.221
1.525
0.768
0.749
0.773
0.239
0.232
0.234
0.201
0.145
0.135
0.136
0.143
0.133
0.343
0.528
1.33
1.425
2.266
0.661
0.117
0.324
0.759
0.38
1.464
1.63
1.91
2.439
1.899
0.174
0.151
0.154
0.159
0.149
0.138
0.14
0.147
0.14
0.635
0.629
1.334
1.485
2.266
0.476
0.125
0.329
0.764
0.916
2.729
2.395
2.234
3.666
1.978
0.175
0.151
0.153
0.156
0.149
0.145
0.137
0.143
0.136
0.635
0.666
1.335
1.437
2.378
0.845
0.243
0.803
1.171
0.919
2.729
3.8
2.43
3.666
2.004
0.2
0.172
0.156
0.17
0.187
0.148
0.144
0.155
0.145
0.635
0.769
2.508
2.31
1.461
0.665
0.258
0.807
1.173
0.926
2.261
3.8
2.085
2.399
0.842
0.2
0.176
0.158
0.169
0.206
0.181
0.174
0.183
0.172
0.698
0.54
1.92
1.232
0.257
0.518
0.258
0.628
0.686
0.894
2.173
3.177
1.39
1.652
0.513
0.616
0.288
0.271
0.395
0.208
0.214
0.259
0.257
0.241
0.258
1.141
0.912
1.625
0.198
0.19
0.222
0.225
0.24
0.221
0.221
0.997
1.217
0.336
0.452
0.294
0.275
0.297
0.395
0.265
0.266
0.278
0.274
0.271
0.262
0.599
1.467
0.942
1.661
1.986
0.225
0.257
0.257
0.251
0.192
0.997
1.199
0.2
0.345
0.206
0.163
0.148
0.164
0.202
0.184
0.173
0.175
0.173
0.666
0.467
1.316
1.115
0.244
0.515
0.525
0.603
0.534
0.665
3.028
3.727
1.958
2.252
0.512
0.202
0.167
0.153
0.173
0.213
0.203
0.18
0.182
0.177
0.561
0.492
1.32
1.07
0.253
0.515
0.528
0.606
0.54
0.142
1.775
3.508
2.839
2.266
1.656
0.214
0.161
0.148
0.173
0.212
0.197
0.185
0.186
0.178
0.563
0.457
1.405
1.074
0.51
0.976
1.356
0.374
0.164
0.17
1.797
1.918
2.336
2.197
1.575
0.204
0.648
0.879
0.537
0.175
0.197
0.185
0.18
0.176
0.563
0.314
0.325
0.452
0.566
1.708
2.414
2.217
0.758
0.235
1.838
1.975
2.476
2.321
1.613
0.204
0.658
0.887
0.537
0.157
0.166
0.159
0.155
0.152
0.533
0.318
0.325
0.452
0.574
1.71
2.414
2.221
0.761
0.368
3.038
2.562
3.134
3.053
1.827
0.27
0.333
0.294
0.376
0.205
0.21
0.224
0.317
0.214
0.293
0.388
1.321
0.942
3.069
4.947
1.967
1.182
0.373
0.283
0.18
0.977
1.166
0.163
0.326
0.221
2.244
0.697
0.242
0.207
0.21
0.245
0.317
0.226
0.293
0.424
1.321
0.827
3.069
5.83
3.181
1.721
0.373
0.283
0.182
0.193
0.185
0.153
0.184
0.189
0.658
0.887
0.537
0.157
0.165
0.158
0.155
0.152
0.617
0.761
0.392
0.454
0.654
1.714
2.155
2.225
0.765
0.372
1.422
1.378
2.198
2.296
1.772
0.182
0.654
0.892
0.521
0.144
0.149
0.165
0.156
0.151
0.666
0.79
0.45
0.453
0.654
1.712
2.155
2.233
0.765
0.372
1.424
0.853
0.999
1.051
0.54
0.219
0.652
0.896
0.526
0.142
0.146
0.162
0.162
0.158
0.665
0.852
1.001
0.704
0.588
0.984
1.522
2.003
0.753
0.345
1.403
1.144
2.003
1.738
0.636
0.198
0.148
0.164
0.15
0.141
0.146
0.166
0.161
0.156
0.665
0.853
2.033
0.799
0.757
0.297
0.478
0.189
0.17
0.298
1.368
1.103
1.943
1.704
0.685
0.29
0.246
0.261
0.164
0.139
0.15
0.172
0.159
0.16
0.643
0.881
2.033
0.799
0.862
0.301
0.475
0.192
0.167
0.17
0.168
0.617
2.245
1.437
0.391
0.151
2.244
0.691
0.216
0.165
0.161
0.183
0.276
0.181
0.254
0.424
0.335
0.174
2.725
5.83
3.181
1.721
0.386
0.428
0.331
1.543
1.688
0.153
0.189
0.674
3.576
2.131
1.69
1.7
1.67
0.608
0.295
0.276
0.256
0.389
0.307
0.221
1.592
3.491
2.043
0.836
0.336
0.379
0.312
1.509
1.697
0.21
0.278
0.294
0.249
0.27
0.172
0.138
0.151
0.179
0.161
0.161
0.56
0.493
2.021
0.752
1.071
0.318
0.474
0.185
0.158
0.172
0.161
0.604
2.521
1.557
0.518
0.302
0.252
0.26
0.172
0.139
0.146
0.169
0.153
0.154
0.327
0.393
2.007
0.834
1.181
0.318
0.473
0.172
0.161
0.175
0.15
0.598
2.553
1.557
0.518
0.267
0.26
0.263
0.195
0.168
0.174
0.183
0.139
0.141
0.32
0.322
1.618
1.285
0.994
0.213
0.169
0.172
0.145
0.175
0.145
0.279
1.605
0.861
0.413
0.27
0.26
0.26
0.192
0.168
0.174
0.178
0.139
0.141
0.32
0.269
0.492
0.975
0.769
0.166
0.137
0.142
0.13
0.199
1.201
1.443
1.542
0.784
0.323
0.18
0.154
0.161
0.188
0.173
0.172
0.172
0.143
0.139
0.342
0.307
0.495
1.044
0.655
0.165
0.15
0.133
0.133
0.192
1.203
1.931
1.66
0.925
0.341
0.774
1.656
1.715
1.72
1.754
1.73
0.648
0.326
0.316
0.304
0.268
0.386
0.209
0.436
0.779
0.821
0.242
0.336
0.366
0.309
1.505
1.697
0.285
0.361
0.774
1.656
1.715
1.72
1.754
1.883
0.648
0.326
0.316
1.163
0.369
0.386
0.209
0.6
0.201
0.255
0.166
0.267
0.155
0.153
0.155
0.176
0.285
0.423
0.18
0.149
0.159
0.182
0.171
0.17
0.16
0.139
0.14
0.35
0.296
0.914
1.436
0.542
0.229
0.152
0.138
0.136
0.231
1.384
2.18
1.865
1.501
0.305
0.172
0.146
0.218
0.191
0.173
0.169
0.158
0.137
0.138
0.514
0.73
1.379
1.379
0.321
0.232
0.155
0.139
0.133
0.229
1.388
2.183
1.754
1.501
0.305
0.162
0.198
0.215
0.158
0.143
0.138
0.139
0.138
0.14
0.515
0.732
1.356
1.505
0.32
0.229
0.153
0.14
0.47
0.792
1.443
2.236
1.807
1.543
0.348
0.21
0.253
0.264
0.215
0.215
0.141
0.142
0.14
0.142
0.515
0.732
1.356
1.478
0.319
0.231
0.157
0.144
0.473
0.752
0.376
1.058
1.792
1.525
0.396
0.203
0.25
0.262
0.198
0.202
0.135
0.138
0.136
0.135
0.526
0.664
1.301
1.396
0.395
0.226
0.148
0.144
0.473
0.94
1.704
1.812
1.864
2.175
0.547
0.404
0.306
0.281
0.276
0.305
0.44
0.283
0.268
0.266
1.132
0.466
1.089
0.928
0.327
0.256
0.34
1.289
0.144
0.152
0.139
0.147
0.138
0.223
0.409
0.379
0.302
0.278
0.27
0.294
0.44
0.279
0.268
0.259
1.127
0.466
1.412
1.079
1.671
1.072
2.449
1.756
0.214
0.294
0.807
0.728
0.777
1.49
0.438
0.2
0.251
0.259
0.191
0.199
0.131
0.137
0.139
0.135
0.512
0.615
0.821
1.062
0.23
0.155
0.157
0.156
0.496
0.916
1.542
1.996
1.771
2.048
0.466
0.197
0.26
0.2
0.205
0.215
0.135
0.137
0.139
0.148
0.541
0.244
1.134
1.619
0.24
0.152
0.156
0.163
0.494
0.916
1.55
1.996
1.771
2.051
0.466
0.255
0.233
0.194
0.22
0.221
0.14
0.145
0.138
0.148
0.552
0.244
0.965
0.805
0.237
0.157
0.158
0.163
0.163
0.356
1.496
1.94
1.72
2.038
0.418
0.209
0.178
0.139
0.173
0.157
0.139
0.143
0.146
0.153
0.553
0.247
1.279
0.898
0.593
0.17
0.156
0.165
0.164
0.354
1.504
1.937
1.716
2.044
0.354
0.213
0.292
0.141
0.177
0.17
0.142
0.143
0.158
0.153
0.606
0.314
1.352
1.017
0.515
0.17
0.162
0.163
0.172
0.162
0.174
0.575
0.538
0.79
0.231
0.381
0.317
0.282
0.275
0.314
0.282
0.272
0.267
0.263
0.279
0.48
1.889
1.632
1.505
1.602
3.795
1.756
0.283
0.875
1.74
0.745
0.912
1.845
0.32
0.229
0.239
0.216
0.223
0.246
0.216
0.204
0.207
0.213
0.221
0.297
1.563
1.035
1.712
1.602
3.795
0.74
0.283
0.875
1.74
0.745
0.912
1.845
0.427
0.223
0.32
0.214
0.219
0.201
0.173
0.185
0.182
0.179
0.645
0.383
1.352
0.944
0.495
0.151
0.153
0.143
0.151
0.141
0.154
0.152
0.183
0.544
0.222
0.223
0.311
0.214
0.2
0.187
0.17
0.189
0.182
0.168
0.651
0.341
0.572
0.499
0.486
0.151
0.156
0.136
0.151
0.144
0.147
0.152
0.292
0.625
0.293
0.188
0.29
0.227
0.204
0.187
0.173
0.18
0.19
0.163
0.647
0.341
0.565
0.489
0.498
0.151
0.159
0.145
0.151
0.281
0.54
0.231
0.299
0.592
0.3
0.187
0.312
0.226
0.202
0.184
0.171
0.184
0.18
0.161
0.647
0.336
0.262
0.485
0.183
0.259
0.159
0.139
0.143
0.288
0.526
0.238
0.298
0.588
0.347
0.194
0.212
0.221
0.202
0.178
0.166
0.18
0.173
0.194
0.518
0.317
0.189
0.457
0.295
0.728
0.184
0.146
0.135
0.293
1.057
0.279
1.172
0.578
0.305
0.372
0.239
0.23
0.204
0.246
0.216
0.208
0.207
0.213
0.21
0.297
1.141
1.761
0.856
0.745
1.591
0.27
0.217
0.726
1.06
0.169
0.281
0.889
0.343
0.316
0.208
0.176
0.144
0.18
0.151
0.158
0.151
0.158
0.152
0.182
2.286
3.221
1.238
3.137
1.998
0.526
0.151
0.143
0.155
0.14
0.162
0.688
0.31
0.206
0.2
0.154
0.16
0.147
0.139
0.146
0.142
0.163
0.489
0.247
0.683
0.749
0.356
0.77
0.175
0.146
0.131
0.293
1.311
0.901
1.739
0.97
0.805
0.206
0.205
0.158
0.17
0.143
0.153
0.148
0.144
0.179
0.827
0.236
0.686
0.636
0.402
0.771
0.168
0.147
0.134
0.29
1.455
0.965
1.659
0.891
0.745
0.192
0.205
0.16
0.155
0.151
0.148
0.157
0.469
0.276
0.883
0.236
0.64
0.636
0.402
0.771
0.167
0.141
0.132
0.153
1.062
0.892
1.643
0.891
0.729
0.19
0.183
0.164
0.153
0.151
0.159
0.148
0.474
0.274
0.883
0.243
0.634
0.551
0.371
0.648
0.172
0.14
0.14
0.142
1.072
0.89
1.654
0.891
0.681
0.186
0.176
0.164
0.161
0.142
0.163
0.15
0.471
0.242
0.744
0.14
0.639
0.435
0.267
0.178
0.143
0.139
0.14
0.141
0.539
0.849
0.78
0.879
0.664
0.316
0.204
0.176
0.433
0.241
0.243
0.225
0.243
0.217
0.253
0.238
2.299
3.221
1.238
3.127
2.023
0.521
0.164
0.126
0.17
0.14
0.16
0.844
0.389
0.243
0.284
0.181
0.444
0.236
0.25
0.225
0.243
0.222
0.309
0.238
2.552
2.507
0.894
3.145
2.023
0.524
0.164
0.136
0.17
0.145
0.162
0.46
0.389
0.165
0.164
0.15
0.166
0.14
0.167
0.138
0.477
0.242
0.741
0.138
0.275
0.7
0.208
0.133
0.151
0.142
0.139
0.151
0.292
0.231
0.177
0.167
0.153
0.162
0.15
0.188
0.159
0.143
0.161
0.136
0.481
0.238
0.212
0.131
0.277
0.764
0.157
0.128
0.151
0.145
0.136
0.153
0.147
0.157
0.155
0.168
0.216
0.205
0.214
0.229
0.167
0.134
0.161
0.141
0.15
0.147
0.15
0.131
0.277
0.811
0.153
0.137
0.147
0.153
0.131
0.158
0.145
0.197
0.162
0.239
0.23
0.21
0.214
0.238
0.167
0.15
0.152
0.151
0.156
0.146
0.159
0.132
0.371
0.971
0.19
0.139
0.151
0.153
0.129
0.161
0.137
0.214
0.156
0.291
0.32
0.299
0.299
0.339
0.288
0.166
0.16
0.154
0.155
0.153
0.351
0.242
0.371
0.971
0.185
0.141
0.154
0.151
0.138
0.157
0.144
0.209
0.156
0.575
0.578
0.224
0.263
0.169
0.614
0.3
0.276
0.25
0.271
0.245
0.309
0.406
0.521
0.421
0.306
0.162
0.16
0.149
0.155
0.136
0.153
0.156
0.157
0.46
0.37
0.244
0.262
0.182
0.341
0.227
0.187
0.183
0.185
0.182
0.251
0.347
0.568
0.618
0.416
0.303
0.302
0.192
0.143
0.149
1.95
0.641
0.406
0.336
0.251
0.302
0.318
0.339
0.289
0.17
0.153
0.166
0.15
0.153
0.359
0.248
0.249
0.496
0.307
0.389
0.956
0.147
0.149
0.152
0.925
0.929
0.811
1.167
0.711
0.417
0.414
0.472
0.296
0.181
0.146
0.17
0.142
0.149
0.628
0.389
0.249
0.855
0.347
0.393
0.955
0.142
0.156
0.145
0.928
0.929
1.132
1.255
0.69
0.374
0.358
0.42
0.299
0.183
0.154
0.17
0.156
0.147
0.628
0.396
0.313
0.87
0.444
0.412
0.964
0.135
0.162
0.136
0.939
0.882
1.138
1.233
0.743
0.477
0.364
0.42
0.299
0.181
0.152
0.173
0.149
0.153
0.627
0.458
0.217
1.374
0.67
0.427
0.971
0.136
0.164
0.32
0.944
0.871
1.138
1.62
1.048
0.766
0.281
0.388
0.178
0.176
0.136
0.173
0.155
0.203
0.572
0.621
0.702
1.522
0.695
0.537
0.965
0.143
0.166
0.319
0.944
0.876
1.138
1.34
0.827
0.233
0.225
0.219
0.386
0.29
0.234
0.248
0.206
0.181
0.201
0.51
0.552
0.985
1.449
1.334
1.178
0.197
0.147
0.148
1.963
0.641
0.412
0.343
0.483
0.233
0.225
0.227
0.215
0.225
0.214
0.224
0.185
0.163
0.173
0.46
0.552
0.985
1.449
1.334
1.178
0.209
0.143
0.17
3.473
3.137
2.796
0.945
0.783
0.766
0.267
0.542
0.172
0.183
0.133
0.166
0.157
0.203
0.564
0.621
0.705
1.972
1.037
0.298
0.156
0.155
0.167
0.324
0.182
0.176
0.928
0.902
0.687
0.646
0.187
0.386
0.169
0.179
0.141
0.165
0.166
0.209
0.443
0.586
0.723
1.599
1.037
0.307
0.178
0.176
0.179
0.345
0.324
0.2
0.614
0.774
0.665
0.636
0.187
0.386
0.16
0.178
0.141
0.16
0.158
0.207
0.433
0.629
0.665
1.562
0.957
0.292
0.172
0.176
0.175
0.348
0.318
0.201
0.606
0.767
0.574
0.523
0.222
0.382
0.161
0.171
0.139
0.156
0.16
0.201
0.433
0.634
0.665
0.904
0.694
0.28
0.161
0.176
0.171
0.163
0.318
0.203
0.639
0.512
0.18
0.147
0.215
0.319
0.157
0.169
0.146
0.152
0.157
0.148
0.497
0.454
0.205
0.732
0.655
0.513
1.093
0.294
0.168
0.166
0.323
0.204
0.755
0.564
0.184
0.535
0.284
0.281
0.269
0.297
0.283
0.283
0.244
0.357
0.323
1.612
0.896
0.796
1.737
1.517
1.451
1.676
0.79
0.175
1.675
2.65
2.553
0.771
0.783
0.683
0.451
0.424
0.224
0.444
0.44
0.675
0.95
0.552
0.304
1.636
0.8
0.254
0.738
0.682
0.571
1.888
0.941
0.206
1.853
2.653
2.73
0.94
0.682
0.161
0.215
0.161
0.157
0.161
0.15
0.144
0.158
0.151
0.487
0.523
0.22
0.193
0.183
0.508
1.094
0.287
0.162
0.166
0.305
0.176
0.6
0.825
1.132
0.16
0.202
0.145
0.147
0.154
0.143
0.134
0.15
0.142
0.505
0.463
0.208
0.388
0.214
0.532
1.097
0.268
0.142
0.144
0.159
0.157
0.648
0.898
1.191
0.295
0.37
0.308
0.319
0.165
0.131
0.126
0.146
0.139
0.502
0.433
0.232
0.386
0.208
0.532
1.097
0.262
0.137
0.141
0.153
0.151
0.648
0.898
1.191
0.295
0.324
0.298
0.312
0.158
0.133
0.117
0.138
0.135
0.5
0.362
0.257
0.377
0.204
0.527
1.091
0.256
0.134
0.13
0.143
0.143
0.608
0.708
1.224
0.3
0.327
0.313
0.32
0.157
0.133
0.117
0.127
0.128
0.982
0.45
0.244
0.4
0.17
0.178
0.158
0.125
0.127
0.123
0.131
0.153
0.52
0.677
1.226
0.698
0.609
0.424
0.451
0.444
0.613
0.82
0.95
0.758
0.85
1.636
0.8
0.254
0.738
0.682
0.571
1.888
1.178
0.396
0.34
0.155
0.342
0.34
0.352
0.688
0.67
0.498
0.529
0.418
0.613
0.82
0.9
0.758
0.701
0.465
0.407
0.203
0.439
0.363
0.164
0.388
0.689
0.396
0.347
0.162
0.609
1.375
1.257
0.291
0.321
0.32
0.328
0.153
0.134
0.129
0.121
0.129
0.993
0.657
0.814
0.441
0.221
0.181
0.162
0.124
0.125
0.136
0.133
0.154
0.542
0.495
0.486
0.298
0.319
0.329
0.338
0.158
0.142
0.143
0.128
0.13
1.04
0.755
0.835
0.262
0.178
0.139
0.142
0.135
0.134
0.137
0.143
0.395
0.593
0.428
0.416
0.168
0.148
0.165
0.169
0.143
0.147
0.154
0.124
0.14
1.047
0.757
0.859
0.306
0.195
0.141
0.148
0.149
0.138
0.148
0.144
1.008
1.064
0.487
0.425
0.179
0.162
0.17
0.169
0.146
0.154
0.156
0.137
0.149
1.047
0.763
0.889
0.701
0.542
0.535
0.212
0.193
0.147
0.155
0.501
1.033
1.064
0.487
0.392
0.177
0.154
0.164
0.16
0.142
0.159
0.156
0.148
0.201
0.451
0.713
0.889
1.18
0.612
0.542
0.212
0.733
0.752
0.269
0.542
1.162
1.068
0.564
0.414
0.737
1.225
0.427
0.529
0.249
0.445
0.376
0.174
0.557
0.707
0.279
0.214
0.451
0.781
0.186
0.286
0.156
0.542
0.363
0.163
0.159
0.422
1.19
1.233
0.761
1.225
0.522
0.496
0.242
0.19
0.176
0.168
0.155
0.159
0.169
0.282
0.451
0.781
0.186
0.286
0.169
1.218
2.58
1.353
0.216
0.443
1.199
1.233
0.175
0.166
0.17
0.159
0.141
0.156
0.154
0.148
0.199
0.45
0.439
0.402
1.175
0.57
0.535
0.248
0.765
0.782
0.271
0.541
1.162
0.779
0.717
0.347
0.226
0.18
0.172
0.152
0.145
0.161
0.145
0.152
0.199
0.42
0.377
0.56
1.214
0.563
0.543
0.249
0.764
0.783
0.271
0.534
0.932
0.673
0.716
0.402
0.241
0.196
0.205
0.166
0.148
0.168
0.134
0.16
0.194
0.42
0.419
0.53
1.221
0.576
0.546
0.248
0.758
0.787
0.267
0.603
0.342
0.214
0.669
0.392
0.315
0.188
0.205
0.175
0.147
0.162
0.141
0.156
0.195
0.42
0.419
0.514
1.281
0.51
0.219
0.243
0.724
0.787
0.26
0.258
0.356
0.484
0.761
0.501
0.317
0.188
0.194
0.181
0.147
0.163
0.144
0.156
0.145
0.51
0.849
0.864
0.962
0.5
0.27
0.242
0.966
0.33
0.153
0.221
0.218
0.458
0.778
0.552
0.72
1.165
0.519
0.412
0.204
0.19
0.176
0.158
0.151
0.164
0.169
0.278
0.498
1.433
0.545
1.378
0.507
1.218
2.577
1.347
0.208
0.166
0.215
1.337
0.466
0.387
0.402
0.348
0.179
0.141
0.169
0.164
0.142
0.174
0.154
0.497
0.75
1.66
0.573
1.333
0.507
1.224
2.57
1.352
0.202
0.18
0.215
1.245
0.338
0.188
0.191
0.182
0.147
0.166
0.139
0.16
0.143
0.508
0.995
0.851
0.971
0.536
0.273
0.198
0.934
0.305
0.152
0.513
0.48
0.493
0.39
0.414
0.284
0.179
0.253
0.194
0.165
0.171
0.152
0.152
0.148
0.508
0.953
0.656
0.946
0.536
0.273
0.191
0.936
0.305
0.145
0.56
0.504
0.587
0.405
0.355
0.268
0.169
0.213
0.181
0.169
0.164
0.152
0.151
0.146
0.578
0.999
0.658
0.946
0.521
0.273
0.192
0.94
0.294
0.149
0.499
0.494
0.587
0.405
0.407
0.242
0.214
0.282
0.2
0.174
0.164
0.148
0.156
0.139
0.779
0.999
0.64
0.483
0.819
0.412
0.158
0.941
0.287
0.156
0.495
0.448
0.296
0.303
0.299
1.166
0.365
0.296
0.2
0.174
0.165
0.148
0.155
0.141
0.648
0.448
0.837
0.311
0.863
0.357
0.222
0.193
0.148
0.149
0.495
0.443
0.293
0.193
0.218
0.16
0.155
0.174
0.134
0.184
0.134
0.165
0.151
0.135
0.18
0.128
0.377
0.75
1.66
0.573
1.333
0.501
0.151
0.153
0.166
0.152
0.155
0.221
1.245
0.16
0.146
0.174
0.138
0.184
0.132
0.171
0.151
0.155
0.18
0.148
0.377
0.652
0.901
0.205
0.226
0.147
0.158
0.151
0.158
0.158
0.154
0.162
0.147
1.147
0.352
0.293
0.194
0.183
0.163
0.153
0.151
0.145
0.648
0.249
0.751
0.25
0.837
0.351
0.232
0.188
0.156
0.139
0.205
0.169
0.257
0.176
0.213
1.146
0.363
0.223
0.182
0.161
0.155
0.149
0.151
0.148
0.902
0.256
0.751
0.199
0.837
0.344
0.234
0.191
0.15
0.143
0.163
0.137
0.157
0.159
0.211
1.14
0.365
0.227
0.18
0.161
0.153
0.152
0.151
0.147
0.838
0.164
0.75
0.21
0.837
0.345
0.24
0.18
0.157
0.145
0.161
0.149
0.154
0.146
0.161
1.113
0.4
0.259
0.245
0.243
0.187
0.176
0.182
0.179
0.661
0.2
0.748
0.218
0.27
0.143
0.225
0.172
0.164
0.147
0.576
0.267
0.194
0.198
0.201
0.235
0.28
0.292
0.288
0.285
0.226
0.221
0.22
0.227
0.789
0.301
0.213
0.23
0.788
0.22
0.166
0.137
0.159
0.156
0.758
0.582
0.365
0.204
0.208
0.147
0.146
0.161
0.132
0.172
0.125
0.167
0.138
0.163
0.154
0.155
0.147
0.15
0.141
0.153
0.139
0.162
0.137
0.163
0.136
0.162
0.141
0.162
0.148
0.164
0.14
0.175
0.297
0.257
0.217
0.218
0.145
0.163
0.2
0.164
0.15
0.15
0.407
0.231
0.212
0.181
0.14
0.177
0.153
0.158
0.167
0.147
0.177
0.291
0.28
0.282
0.294
0.284
0.226
0.222
0.221
0.228
0.789
0.301
0.263
0.645
0.873
0.225
0.163
0.137
0.159
0.204
0.75
0.587
0.368
0.204
0.211
0.371
0.295
0.284
0.291
0.284
0.223
0.225
0.221
0.227
0.351
0.287
0.258
0.725
0.865
0.233
0.163
0.14
0.159
0.207
0.74
0.779
0.479
0.233
0.226
0.371
0.31
0.285
0.295
0.282
0.231
0.225
0.223
0.227
0.351
0.282
0.264
0.751
0.874
0.23
0.159
0.151
0.148
0.209
0.74
0.78
0.479
0.243
0.226
0.344
0.228
0.195
0.208
0.194
0.203
0.199
0.202
0.192
0.331
0.243
0.243
0.751
0.92
0.233
0.15
0.16
0.138
0.256
0.806
0.763
0.488
0.298
0.214
0.333
0.216
0.19
0.183
0.185
0.189
0.183
0.252
0.143
0.316
0.227
0.2
1.09
0.517
0.248
0.848
0.448
0.366
0.496
0.716
0.544
0.4
0.353
0.313
0.164
0.149
0.207
0.326
0.299
0.249
0.257
0.174
0.2
0.227
0.205
0.176
0.194
0.432
0.712
1.007
0.369
0.618
0.505
0.153
0.17
0.167
0.267
0.334
0.182
0.149
0.207
0.326
0.299
0.249
0.257
0.174
0.208
0.227
0.356
1.159
0.374
0.538
0.712
1.007
0.477
0.641
0.505
0.166
0.176
0.169
0.291
0.334
0.282
0.207
0.198
0.179
0.193
0.189
0.182
0.254
0.138
0.32
0.226
0.15
0.745
0.611
0.494
0.915
1.067
0.923
0.566
0.757
0.619
0.493
0.48
0.355
0.226
0.234
0.21
0.177
0.192
0.187
0.185
0.254
0.135
0.489
0.286
0.15
0.667
0.685
0.492
0.915
1.064
0.924
0.566
0.757
0.429
0.374
0.453
0.328
0.224
0.21
0.25
0.18
0.2
0.177
0.185
0.253
0.135
0.489
0.291
0.141
0.612
0.685
0.496
0.91
1.065
0.924
0.565
0.757
0.429
0.376
0.453
0.334
0.306
0.235
0.251
0.198
0.2
0.165
0.262
0.236
0.139
0.481
0.291
0.146
0.612
0.683
0.496
0.905
1.063
0.922
0.517
0.268
0.333
0.333
0.361
0.321
0.285
0.211
0.219
0.167
0.173
0.126
0.231
0.146
0.133
0.489
0.237
0.145
0.264
0.46
0.41
0.196
0.78
0.694
0.273
0.179
0.321
0.34
0.295
0.21
0.196
0.152
0.201
0.183
0.236
0.375
0.264
0.241
0.255
0.231
0.356
1.207
0.374
0.897
0.787
0.949
0.477
0.641
0.493
0.176
0.176
0.163
0.291
0.318
0.196
0.133
0.265
0.19
0.196
0.358
0.227
0.222
0.216
0.233
0.433
1.207
0.524
0.897
0.313
0.156
0.277
0.174
0.156
0.176
0.148
0.165
0.158
0.156
0.281
0.211
0.21
0.176
0.155
0.126
0.231
0.14
0.13
0.484
0.24
0.387
0.547
0.621
0.193
0.118
0.161
0.123
0.159
0.134
0.244
0.381
0.301
0.169
0.264
0.157
0.193
0.2
0.176
0.136
0.217
0.151
0.125
0.488
0.174
0.459
0.543
0.537
0.193
0.159
0.181
0.141
0.177
0.157
0.259
0.402
0.315
0.19
0.346
0.24
0.151
0.195
0.163
0.144
0.223
0.144
0.136
0.488
0.179
0.459
0.64
0.481
0.195
0.452
1.035
0.214
0.191
0.18
0.281
0.554
0.451
0.204
0.261
0.239
0.152
0.178
0.161
0.154
0.145
0.147
0.14
0.486
0.245
0.616
0.665
0.691
0.577
0.615
1.065
0.246
0.21
0.213
0.304
0.555
0.471
0.205
0.265
0.265
0.173
0.208
0.173
0.188
0.164
0.175
0.164
0.438
0.381
0.642
0.647
0.716
0.599
0.639
1.09
0.388
0.222
0.225
0.235
0.483
0.512
0.205
0.191
0.149
0.261
0.21
0.174
0.358
0.2
0.222
0.187
0.233
0.319
0.37
0.892
0.897
0.301
0.156
0.151
0.142
0.147
0.162
0.133
0.572
0.233
0.204
0.203
0.168
0.245
0.21
0.146
0.151
0.144
0.154
0.128
0.265
0.254
0.363
0.892
0.366
0.15
0.135
0.155
0.12
0.147
0.148
0.131
0.561
0.231
0.204
0.265
0.265
0.181
0.204
0.185
0.188
0.165
0.175
0.171
0.429
0.387
0.391
0.35
0.388
0.573
0.639
1.09
0.803
0.463
0.673
0.257
0.377
0.395
0.209
0.298
0.269
0.181
0.178
0.157
0.185
0.165
0.172
0.171
0.406
0.392
0.327
0.366
0.394
0.567
0.602
1.111
1.236
0.571
0.673
0.255
0.372
0.381
0.194
0.211
0.189
0.18
0.187
0.187
0.19
0.187
0.195
0.18
0.415
0.392
0.327
0.334
0.394
0.56
0.315
0.255
1.193
0.568
0.663
0.23
0.209
0.247
0.253
0.245
0.229
0.216
0.18
0.193
0.187
0.185
0.2
0.179
0.416
0.326
0.168
0.732
0.282
0.173
0.156
0.227
1.176
0.542
0.641
0.363
0.282
0.265
0.256
0.261
0.229
0.224
0.189
0.201
0.182
0.2
0.202
0.186
0.532
0.413
0.167
0.741
0.692
0.153
0.142
0.196
1.036
0.524
1.129
0.89
0.385
0.31
0.271
0.183
0.168
0.145
0.179
0.248
0.146
0.168
0.144
0.153
0.249
0.134
0.315
0.742
0.463
0.578
0.137
0.155
0.12
0.15
0.155
0.125
0.56
0.239
0.292
0.183
0.18
0.145
0.165
0.248
0.156
0.168
0.133
0.173
0.233
0.156
0.467
0.847
0.77
0.936
0.143
0.181
0.346
0.21
0.208
0.291
0.371
0.381
0.478
0.261
0.233
0.218
0.203
0.194
0.187
0.192
0.207
0.213
0.549
0.405
0.294
1.109
1.171
0.161
0.148
0.191
0.615
0.264
0.669
1.506
0.497
0.349
0.274
0.25
0.251
0.233
0.228
0.21
0.196
0.203
0.205
0.289
0.518
0.41
0.291
1.109
1.164
0.164
0.148
0.14
0.166
0.128
0.661
1.511
0.491
0.349
0.274
0.25
0.251
0.333
0.232
0.201
0.192
0.184
0.181
0.278
0.513
0.42
0.291
1.096
1.173
0.166
0.533
0.164
0.157
0.142
0.934
3.176
1.277
0.369
0.206
0.225
0.192
0.294
0.232
0.205
0.201
0.187
0.18
0.29
0.513
0.444
0.322
0.674
1.089
0.166
0.691
0.168
0.159
0.157
0.932
3.035
2.336
0.421
0.188
0.188
0.166
0.271
0.2
0.182
0.18
0.153
0.155
0.263
0.445
0.644
0.684
0.661
0.689
0.158
0.701
0.169
0.164
0.157
0.833
2.816
2.357
0.454
0.299
0.365
0.405
0.392
0.335
0.262
0.162
0.162
0.153
0.173
0.149
0.156
0.543
0.847
0.77
0.936
0.157
0.181
0.359
0.21
0.208
0.314
0.37
0.397
0.547
0.634
0.687
0.591
0.499
0.301
0.221
0.214
0.25
0.224
0.316
0.203
0.543
0.854
0.614
0.562
0.219
0.179
2.083
1.553
1.545
1.219
0.454
0.453
0.547
0.185
0.177
0.271
0.206
0.182
0.19
0.154
0.157
0.236
0.529
0.833
0.715
0.298
0.226
0.162
0.709
0.171
0.171
0.159
1.301
2.395
2.337
0.542
0.41
0.169
0.168
0.262
0.188
0.173
0.187
0.149
0.172
0.158
0.416
0.826
0.961
0.474
0.579
1.08
1.289
0.221
0.203
0.21
1.335
3.03
3.089
0.662
0.525
0.29
0.179
0.174
0.262
0.159
0.184
0.147
0.172
0.169
0.416
0.846
0.961
0.726
0.627
1.131
1.616
0.251
0.743
0.293
1.172
1.473
2.773
1.153
0.638
0.293
0.179
0.168
0.258
0.155
0.177
0.146
0.169
0.157
0.412
0.828
1.088
0.905
0.634
1.172
1.523
0.244
0.743
0.285
1.172
1.473
1.861
1.153
0.638
0.439
0.206
0.192
0.275
0.157
0.176
0.154
0.159
0.165
0.241
0.371
0.816
1.012
0.655
1.234
1.521
0.251
0.73
0.295
0.878
1.486
1.865
1.134
0.634
0.634
0.687
0.591
0.499
0.301
0.219
0.216
0.25
0.222
0.316
0.207
0.304
0.665
0.35
0.219
0.219
0.148
1.88
1.875
3.766
1.774
0.533
0.279
0.394
0.617
0.545
0.417
0.459
0.359
0.237
0.221
0.246
0.222
0.321
0.272
0.248
0.665
0.35
0.219
0.21
0.16
1.88
1.875
3.766
1.886
0.643
0.583
0.502
0.579
0.249
0.255
0.314
0.22
0.212
0.217
0.201
0.216
0.191
0.234
0.813
1.012
0.886
1.67
1.574
0.258
0.724
0.295
0.417
1.314
1.865
1.101
0.668
0.716
0.272
0.276
0.346
0.25
0.215
0.23
0.187
0.22
0.174
0.238
0.599
0.955
0.566
0.792
0.978
0.215
0.679
0.252
0.432
0.851
1.009
0.971
0.642
0.607
0.267
0.269
0.258
0.258
0.21
0.237
0.19
0.219
0.179
0.451
1.266
1.204
0.547
0.746
0.271
0.169
0.149
0.164
0.325
0.968
0.683
0.466
0.569
0.646
0.292
0.301
0.283
0.294
0.231
0.262
0.231
0.241
0.214
0.488
1.201
1.042
0.551
0.931
1.415
0.232
0.215
0.207
0.448
1.106
1.006
0.903
0.56
0.523
0.3
0.289
0.265
0.296
0.232
0.262
0.238
0.239
0.219
0.49
1.271
1.127
0.797
0.863
1.42
0.224
0.229
0.202
0.337
0.771
0.878
0.794
0.447
0.618
0.341
0.244
0.361
0.248
0.18
0.168
0.159
0.172
0.166
0.227
0.792
0.982
1.936
1.658
0.204
0.316
0.286
0.635
2.687
1.694
0.643
0.63
0.544
0.618
0.341
0.382
0.408
0.367
0.289
0.273
0.24
0.205
0.219
0.283
0.818
0.732
2.628
1.7
0.277
0.762
0.332
0.307
1.734
2.29
0.587
0.63
0.691
0.377
0.254
0.627
0.255
0.241
0.184
0.206
0.187
0.181
0.226
0.443
1.12
1.035
0.531
0.393
1.354
0.214
0.221
0.208
0.324
0.766
0.878
0.789
0.293
0.307
0.27
0.694
0.259
0.239
0.206
0.224
0.199
0.177
0.399
0.578
1.16
1.237
0.693
0.808
1.367
0.213
0.23
0.208
0.277
1.697
1.848
0.982
0.362
0.345
0.274
0.694
0.265
0.247
0.216
0.238
0.204
0.184
0.402
0.349
0.648
0.911
0.743
0.95
1.375
0.215
0.237
0.208
0.888
2.242
2.08
0.946
0.323
0.301
0.255
0.669
0.25
0.212
0.199
0.214
0.17
0.169
0.375
0.433
0.551
0.884
0.704
0.729
0.167
0.156
0.176
0.17
0.762
2.047
1.518
0.417
0.237
0.281
0.311
0.668
0.251
0.208
0.202
0.214
0.174
0.169
0.512
0.445
0.432
0.635
0.4
0.729
0.164
0.163
0.164
0.169
0.762
2.046
1.516
0.417
0.234
0.499
0.28
0.367
0.306
0.295
0.279
0.306
0.261
0.219
0.224
0.25
0.818
0.845
2.628
2.019
0.277
0.762
0.332
0.307
1.6
1.569
0.515
0.365
0.547
0.226
1.402
0.367
0.306
0.295
0.279
0.306
0.261
0.219
0.224
0.25
1.216
2.611
2.431
2.05
1.733
0.977
0.226
0.207
1.501
1.469
0.459
0.408
2.106
0.282
0.311
1.476
0.272
0.212
0.21
0.208
0.174
0.184
0.465
0.445
0.504
0.639
0.396
0.723
0.177
0.163
0.158
0.163
0.766
2.043
1.512
0.405
0.231
0.306
0.331
1.437
0.281
0.231
0.229
0.235
0.221
0.235
0.562
0.451
0.575
0.424
0.276
0.596
1.424
0.177
0.145
0.153
0.768
1.772
1.087
0.233
0.235
0.279
0.32
1.443
0.281
0.222
0.236
0.224
0.222
0.225
0.57
0.451
0.457
0.358
0.575
0.445
1.899
0.422
0.176
0.147
0.151
1.988
1.958
0.608
0.304
0.309
0.326
1.443
0.298
0.222
0.237
0.23
0.224
0.224
0.841
0.331
0.615
0.415
0.634
0.439
1.906
0.427
0.18
0.142
0.167
1.98
1.964
0.609
0.314
0.309
0.234
1.442
0.315
0.233
0.237
0.233
0.221
0.224
0.843
0.376
0.615
0.415
0.698
0.438
1.989
0.638
0.784
1.3
1.348
3.016
2.51
0.693
0.334
2.154
1.402
0.183
0.194
0.161
0.166
0.207
0.199
0.186
0.172
0.191
1.485
2.611
2.456
2.05
1.69
0.532
0.181
0.137
0.165
0.162
0.225
0.324
1.828
2.233
2.149
0.236
0.185
0.159
0.176
0.178
0.19
0.168
0.269
0.155
1.485
2.424
2.456
1.877
1.69
0.52
0.168
0.125
0.178
0.207
0.265
0.382
1.882
0.305
0.249
0.238
0.264
0.233
0.228
0.242
0.225
0.215
0.843
0.377
0.639
0.984
0.787
1.092
2.104
0.638
0.785
1.314
1.34
3.019
2.513
0.761
0.368
0.231
0.233
0.216
0.249
0.221
0.179
0.187
0.177
0.163
0.681
0.324
0.53
1.096
1.654
1.607
1.075
1.002
0.849
1.329
1.332
2.182
1.946
1.297
0.674
0.235
0.232
0.214
0.249
0.221
0.18
0.184
0.177
0.164
0.683
0.319
0.731
1.087
1.495
1.656
0.709
0.766
0.941
1.726
1.397
1.261
0.765
1.317
1.276
0.221
0.255
0.23
0.229
0.218
0.176
0.182
0.173
0.157
0.414
0.327
0.705
1.088
1.899
1.978
0.716
0.762
0.943
1.726
1.392
1.261
1.259
1.413
1.412
0.239
0.32
0.221
0.21
0.205
0.17
0.178
0.174
0.161
0.443
0.398
0.742
1.088
1.899
1.978
0.716
0.544
0.349
0.578
0.833
0.864
1.347
1.969
1.546
3.543
1.857
0.259
0.175
0.187
0.18
0.17
0.181
0.191
0.269
0.155
0.468
0.544
1.012
0.605
0.756
0.21
0.2
0.153
0.182
0.224
0.2
1.48
0.723
1.78
1.857
0.313
0.214
0.263
0.229
0.241
0.226
0.237
0.341
0.319
0.611
0.528
0.214
0.519
1.083
0.275
0.332
0.238
0.358
0.729
0.711
1.932
1.015
0.282
0.366
0.27
0.235
0.231
0.193
0.189
0.197
0.187
0.46
0.416
0.717
0.541
1.833
1.334
0.586
0.538
0.35
0.565
1.54
1.236
1.418
1.969
1.546
0.269
0.438
0.244
0.284
0.238
0.231
0.194
0.192
0.191
0.504
0.468
0.717
0.385
0.918
0.661
0.625
0.17
0.301
0.551
1.54
1.228
1.418
1.45
1.728
0.288
0.442
0.278
0.319
0.247
0.235
0.204
0.198
0.196
0.502
0.468
0.698
0.247
0.69
0.79
1.017
0.182
0.185
0.165
1.493
1.185
1.375
1.024
1.399
0.838
0.457
0.312
0.371
0.295
0.28
0.248
0.243
0.237
0.536
1.078
1.179
0.218
0.245
0.486
1.019
0.268
0.253
0.244
1.57
1.254
0.953
0.925
1.32
0.901
0.469
0.438
0.371
0.299
0.29
0.267
0.256
0.245
0.644
0.972
1.341
0.236
0.262
0.497
1.041
0.285
0.267
0.251
1.68
1.386
0.374
0.345
1.198
1.768
1.201
0.314
0.419
0.306
0.302
0.298
0.29
0.306
0.281
0.912
2.113
1.571
1.296
0.519
1.083
0.275
0.332
0.238
0.321
0.702
0.67
1.932
1.015
0.391
0.354
0.314
0.445
1.499
0.385
0.298
0.29
0.306
1.161
1.876
2.522
1.44
1.296
0.287
0.522
0.231
0.663
2.274
2.573
2.29
2.125
2.134
1.987
0.864
0.452
0.409
0.359
0.288
0.287
0.267
0.251
0.242
0.645
1.502
1.302
0.264
0.198
0.497
1.087
0.285
0.267
0.255
0.978
1.015
0.301
0.31
1.198
1.928
0.356
0.409
1.2
0.253
0.267
0.267
0.251
0.242
0.683
1.682
1.308
0.271
0.194
0.367
0.838
0.27
0.259
0.453
3.194
1.204
0.362
0.356
0.677
1.991
0.344
0.381
1.181
0.249
0.258
0.258
0.248
0.24
0.683
1.724
1.133
0.295
0.194
0.248
0.392
0.313
0.3
0.501
3.248
1.539
0.382
0.387
0.474
1.443
0.302
0.338
1.131
0.209
0.218
0.213
0.212
0.202
0.646
1.133
0.685
0.87
0.795
0.591
0.63
0.824
0.756
0.509
3.226
1.51
0.383
0.402
0.486
1.451
0.715
0.378
1.696
0.224
0.191
0.197
0.193
0.218
0.87
1.307
0.613
1.338
0.778
0.577
0.632
0.902
0.83
0.581
2.589
0.846
0.4
0.384
0.552
1.006
0.279
0.228
0.445
1.489
0.385
0.222
0.228
0.245
1.14
1.876
2.522
1.604
1.263
0.183
0.169
0.182
0.52
2.201
2.409
1.76
1.62
1.613
3.189
0.865
0.152
0.178
0.246
1.428
0.294
0.151
0.159
0.158
1.093
1.418
1.285
0.928
0.169
0.361
0.55
1.469
1.446
2.447
2.722
2.219
2.143
2.112
3.189
1.46
0.706
0.361
1.683
0.207
0.196
0.188
0.167
0.198
0.851
0.763
0.647
1.306
0.775
0.572
0.574
0.901
0.831
0.581
3.045
1.306
0.451
0.602
0.573
0.396
0.706
0.361
0.767
0.198
0.196
0.192
0.168
0.198
0.667
0.438
0.782
2.062
0.8
0.575
0.576
0.91
0.835
0.389
0.885
1.158
0.424
0.574
0.573
0.311
0.733
0.365
1.087
0.198
0.195
0.191
0.167
0.197
0.665
0.371
0.78
2.027
0.876
0.526
0.516
0.856
0.781
0.332
0.826
0.806
0.396
0.533
0.43
0.306
0.723
0.359
1.084
0.195
0.191
0.188
0.16
0.196
0.665
0.366
0.557
1.424
0.288
0.207
0.192
0.271
0.264
0.259
0.858
0.89
1.188
0.478
0.351
0.226
0.24
0.191
0.506
0.171
0.198
0.188
0.166
0.171
0.17
0.167
1.096
1.518
0.315
0.207
0.178
0.175
0.177
0.172
0.768
0.795
1.116
0.446
0.402
0.998
0.291
0.266
0.276
0.238
0.231
0.229
0.232
0.234
0.235
0.834
0.921
1.496
0.44
1.91
1.226
2.435
1.913
1.785
1.363
0.986
0.962
1.268
1.976
0.413
0.455
0.407
0.415
0.32
0.285
0.285
0.283
0.283
0.282
0.834
0.921
1.496
0.479
1.91
1.226
2.435
1.913
1.785
1.808
0.986
0.967
1.268
0.724
0.529
0.502
0.191
0.504
0.171
0.174
0.179
0.174
0.173
0.171
0.831
1.296
1.532
0.315
0.226
0.191
0.203
0.197
0.202
0.297
0.337
1.082
0.245
0.384
0.815
1.07
0.815
0.532
0.193
0.192
0.192
0.191
0.189
0.176
1.138
1.241
0.813
0.305
0.244
0.207
0.232
0.239
0.25
0.345
0.385
1.124
0.292
0.43
0.862
1.162
0.822
0.219
0.205
0.204
0.205
0.206
0.203
0.191
1.152
1.255
0.91
0.236
0.235
0.244
0.583
0.713
0.528
0.526
0.524
1.231
0.352
0.594
0.917
1.189
0.823
0.217
0.195
0.197
0.199
0.206
0.203
0.191
1.152
1.35
1.046
0.72
0.412
0.244
0.629
0.732
0.551
0.476
0.825
0.499
0.4
0.603
0.984
1.189
0.826
0.209
0.192
0.195
0.192
0.209
0.201
0.251
1.275
0.747
1.112
0.784
0.482
0.244
0.639
0.733
0.554
0.476
0.825
0.499
0.4
0.484
0.984
0.494
0.864
0.415
0.32
0.285
0.285
0.283
0.283
0.282
0.747
0.813
1.046
0.48
1.85
0.887
1.172
1.026
1.747
1.808
0.811
0.719
1.053
0.714
0.559
0.494
0.864
0.406
0.289
0.249
0.24
0.234
0.234
0.245
0.241
0.339
0.446
0.466
0.421
0.344
0.332
0.317
1.218
2.25
1.59
2.042
0.851
0.781
0.665
0.943
0.856
0.326
0.264
0.237
0.22
0.24
0.269
0.441
0.653
0.508
1.112
0.804
0.495
0.257
0.645
0.744
0.554
0.463
0.814
0.483
0.386
0.683
0.429
0.461
0.323
0.396
0.338
0.329
0.28
0.292
0.312
0.502
0.402
0.398
1.093
0.857
0.479
0.241
0.645
0.909
0.596
0.514
0.892
0.511
0.402
1.324
0.609
0.347
0.336
0.423
0.36
0.353
0.302
0.313
0.325
0.493
0.39
0.398
0.998
0.895
0.479
0.197
0.417
0.494
0.384
0.394
0.809
0.921
0.448
1.202
0.58
0.324
0.336
0.418
0.361
0.353
0.305
0.313
0.319
0.493
0.39
0.292
1.3
0.462
0.263
0.195
0.653
1.307
0.413
0.408
0.431
0.842
0.42
1.199
0.55
0.487
0.379
0.436
0.374
0.365
0.325
0.304
0.318
0.423
0.353
0.319
0.69
0.409
0.196
0.22
0.688
1.339
0.441
0.44
0.512
0.906
0.432
1.205
0.567
0.462
0.812
0.343
0.281
0.328
0.398
0.378
0.248
0.247
0.244
1.091
0.898
0.466
0.446
0.428
0.411
0.419
1.113
1.601
1.434
2.026
0.756
0.679
0.635
1.56
0.692
0.399
0.299
0.345
0.372
0.368
0.235
0.218
0.209
1.056
0.898
0.538
0.568
0.462
0.487
0.465
1.214
1.601
1.434
2.026
0.756
0.679
0.635
0.511
0.364
0.373
0.309
0.354
0.33
0.264
0.244
0.227
0.31
0.289
0.654
0.431
0.163
0.189
0.654
1.339
0.441
0.44
0.512
0.906
0.432
1.011
0.577
0.547
0.33
0.272
0.291
0.244
0.249
0.186
0.178
0.156
1.205
1.061
0.652
0.366
0.155
0.187
0.645
1.825
0.473
0.461
0.504
0.939
0.605
0.336
0.379
0.522
0.292
0.228
0.254
0.205
0.208
0.145
0.144
0.143
1.194
1.054
0.752
0.405
0.879
0.564
0.601
1.856
0.621
1.18
0.789
0.573
1.027
0.49
0.566
0.522
0.351
0.228
0.249
0.223
0.207
0.141
0.142
0.142
1.199
1.119
0.371
0.344
0.884
0.923
0.418
1.093
0.693
1.285
0.87
0.979
1.245
0.96
0.603
0.351
0.314
0.206
0.228
0.207
0.19
0.144
0.142
0.235
1.229
1.108
0.818
0.382
0.945
0.983
0.613
1.479
0.791
1.289
0.807
0.936
1.259
0.954
0.602
1.56
0.692
0.399
0.299
0.345
0.368
0.35
0.217
0.202
0.207
1.053
0.757
0.264
0.568
1.921
1.152
0.595
0.803
0.715
0.78
1.043
0.681
0.617
0.619
1.525
0.704
0.34
0.24
0.371
0.152
0.141
0.138
0.135
0.148
0.148
0.397
0.259
0.527
1.921
1.152
0.595
0.878
0.888
0.94
1.027
0.712
1.01
0.682
0.354
0.541
0.813
0.923
0.878
0.217
0.191
0.186
0.28
1.274
1.153
0.845
0.324
0.946
1.028
0.613
1.479
0.791
1.289
0.807
0.936
1.259
0.954
0.532
0.427
0.681
0.919
0.857
0.883
0.217
0.227
0.23
0.321
1.14
0.568
0.845
0.324
0.997
1.028
0.667
0.868
0.748
1.247
0.771
0.903
1.037
0.957
0.553
0.442
0.689
0.938
0.875
0.915
0.282
0.297
0.294
0.376
1.199
0.585
0.786
0.269
0.319
0.656
0.577
0.769
0.532
0.461
0.424
0.747
0.506
0.748
0.325
0.528
0.678
0.961
0.904
0.918
0.305
0.317
0.317
0.376
1.199
0.566
0.735
0.271
0.372
0.311
0.496
0.82
0.52
0.423
0.412
0.395
0.293
0.284
0.287
0.547
0.692
0.973
0.926
0.939
0.3
0.317
0.317
0.308
1.101
0.579
0.25
0.231
0.865
1.681
0.533
0.395
0.391
0.389
0.488
0.478
0.317
0.319
0.287
0.269
0.378
0.197
0.196
0.435
0.357
0.311
0.191
0.192
0.198
0.141
0.398
0.34
0.466
1.883
1.071
0.543
0.878
0.888
0.94
1.027
0.712
1.01
0.682
0.247
0.324
0.197
0.196
0.435
0.357
0.308
0.207
0.192
0.198
1.528
0.992
0.356
0.384
0.308
0.3
0.301
0.559
0.538
0.571
0.446
0.395
0.767
0.589
0.519
0.465
0.331
0.236
0.243
0.234
0.255
0.271
0.264
1.044
0.559
0.759
1.147
0.865
1.643
0.601
0.46
0.447
1.407
0.587
0.714
0.392
0.323
0.342
0.526
0.39
0.239
0.222
0.241
0.234
0.231
0.224
0.223
0.63
0.985
0.764
1.132
0.885
1.677
0.62
0.466
0.528
1.489
0.661
0.781
0.468
0.398
0.404
0.587
0.462
0.268
0.211
0.262
0.295
0.283
0.276
0.275
0.673
1.026
0.846
1.543
1.851
2.15
1.4
0.592
0.625
1.571
0.679
0.793
0.601
0.48
0.404
0.521
0.437
0.258
0.169
0.243
0.272
0.25
0.265
0.234
0.654
0.992
1.406
1.973
2.205
2.136
1.4
0.492
0.84
1.736
0.99
0.793
0.655
0.599
0.51
0.484
0.4
0.226
0.125
0.212
0.274
0.267
0.251
0.395
1.23
1.065
1.44
2.087
1.673
0.682
1.185
0.521
1.144
2.093
0.983
0.785
0.807
0.684
0.662
0.247
0.241
0.37
0.208
0.277
0.359
0.295
0.211
0.18
0.215
1.528
0.973
0.36
0.384
0.357
0.3
0.264
0.313
0.294
0.278
0.396
0.255
0.325
0.403
0.57
0.32
0.476
0.298
0.248
0.245
0.218
0.237
0.198
0.254
2.296
3.509
1.035
0.84
0.383
0.227
0.19
0.235
0.441
0.302
0.563
0.55
0.711
0.705
0.534
0.453
0.281
0.176
0.262
0.316
0.319
0.303
0.44
1.261
1.126
2.021
1.31
1.743
0.968
1.146
0.63
1.187
1.191
1.062
1.227
0.915
0.855
0.731
0.377
0.354
0.419
0.253
0.333
0.388
0.378
0.387
0.472
0.858
0.47
2.021
1.31
1.694
0.933
1.072
0.534
1.147
1.086
1.017
1.175
0.915
0.848
0.813
0.301
0.259
0.37
0.253
0.27
0.267
0.244
0.252
0.381
0.752
0.347
1.9
0.878
0.825
0.535
0.339
0.436
1.083
1.036
0.967
1.107
0.763
0.79
0.813
0.339
0.246
0.353
0.262
0.296
0.295
0.246
0.239
0.381
0.739
0.354
1.361
1.38
1.837
0.784
0.336
0.424
0.751
0.753
0.553
1.131
0.69
0.658
0.703
0.387
0.294
0.697
0.265
0.329
0.376
0.287
0.248
0.219
0.554
1.415
2.151
1.454
1.814
0.793
0.326
0.459
0.481
0.768
0.509
1.079
0.527
0.559
0.574
0.648
0.367
0.533
0.355
0.341
0.341
0.337
0.29
0.326
0.312
0.994
3.186
2.095
1.012
1.194
0.273
0.281
0.282
0.485
0.379
0.563
0.562
0.711
0.705
0.649
0.367
0.451
0.355
0.341
0.341
0.337
0.29
0.326
0.312
0.994
3.186
2.095
1.373
1.194
0.273
0.281
0.41
1.083
0.474
0.517
0.632
0.797
0.74
0.403
0.324
0.729
0.392
0.297
0.341
0.26
0.217
0.192
0.515
1.368
1.032
1.297
1.714
0.501
0.292
0.281
0.311
0.685
0.484
0.516
0.373
0.364
0.517
0.446
0.315
0.594
0.351
0.264
0.359
0.254
0.169
0.196
0.532
1.394
1.046
1.27
1.734
0.639
0.398
0.321
0.334
0.737
0.499
0.516
0.651
0.373
0.357
0.446
0.315
0.609
0.358
0.264
0.358
0.263
0.174
0.185
0.534
1.405
1.037
1.428
1.86
0.557
0.321
0.262
0.27
0.656
0.451
0.916
0.694
0.384
0.401
0.394
0.31
0.609
0.365
0.239
0.334
0.277
0.167
0.195
0.843
1.948
0.989
0.47
0.43
0.302
0.327
0.267
0.269
0.649
0.451
0.835
1.15
0.453
0.363
0.344
0.271
0.275
0.365
0.211
0.246
0.236
0.176
0.183
0.934
1.228
0.157
0.296
0.429
0.301
0.303
0.282
0.241
0.218
0.431
0.813
1.131
0.435
0.345
0.457
0.286
0.467
0.247
0.244
0.267
0.245
0.229
0.258
0.222
0.245
3.012
3.571
3.061
2.211
1.364
1.249
0.592
1.103
0.598
0.543
0.427
0.79
0.475
0.485
0.737
0.313
0.174
0.22
0.317
0.266
0.165
0.148
0.144
0.149
2.776
3.569
3.647
2.347
1.479
1.338
0.594
1.103
0.611
0.552
0.478
0.834
0.728
0.687
0.194
0.204
0.2
0.227
0.315
0.276
0.15
0.161
0.932
1.617
0.399
0.296
0.429
0.318
0.377
0.346
0.309
0.38
0.403
0.831
1.158
0.467
0.371
0.598
0.177
0.186
0.182
0.212
0.301
0.252
0.127
0.139
1.026
2.307
0.438
0.296
0.41
0.175
0.272
0.318
0.27
0.349
0.446
0.996
0.912
0.503
0.469
0.592
0.19
0.183
0.156
0.25
0.362
0.252
0.134
0.152
1.025
2.355
0.794
0.723
0.196
0.261
0.301
0.341
0.292
0.38
0.738
0.772
0.954
0.517
0.439
0.605
0.277
0.18
0.142
0.246
0.363
0.238
0.141
0.13
0.71
2.208
1.01
0.74
0.24
0.461
0.518
0.471
0.391
0.46
0.867
0.875
0.661
0.654
0.504
0.65
0.322
0.217
0.178
0.305
0.406
0.264
0.191
0.182
0.387
1.951
1.255
1.151
0.239
0.443
0.599
0.514
0.526
0.514
0.889
0.875
0.685
0.673
0.543
0.409
0.732
0.485
0.229
0.207
0.314
0.266
0.165
0.169
0.239
0.11
3.945
3.569
3.647
2.347
1.479
1.338
0.594
0.601
0.611
0.552
0.424
1.093
0.918
0.462
0.988
0.453
0.229
0.225
0.314
0.248
0.165
0.204
1.781
0.39
1.477
2.09
1.445
1.328
0.56
0.517
0.502
0.514
0.522
0.484
0.36
0.946
0.918
0.336
0.423
0.314
0.195
0.281
0.339
0.219
0.191
0.177
0.401
1.689
1.668
1.506
1.144
0.419
0.53
0.462
0.448
0.372
0.82
0.841
0.673
0.654
0.476
0.421
0.423
0.442
0.314
0.373
0.381
0.268
0.236
0.222
0.335
1.014
2.253
2.17
1.423
0.634
0.63
0.543
0.543
0.44
0.811
0.701
0.663
0.686
0.498
0.489
0.496
0.53
0.341
0.345
0.336
0.268
0.228
0.218
0.342
0.568
2.11
1.668
1.381
0.543
0.606
0.531
0.519
0.418
0.502
0.619
0.645
0.726
0.59
0.559
0.501
0.566
0.341
0.345
0.326
0.266
0.225
0.226
0.342
0.304
1.894
1.668
1.333
0.341
0.387
0.399
0.422
0.335
0.394
0.577
0.548
0.596
0.618
0.59
0.574
0.566
0.313
0.308
0.294
0.257
0.196
0.178
0.355
0.251
1.594
1.307
1.336
0.347
0.243
0.241
0.217
0.222
0.296
0.578
0.511
0.594
0.596
