0.0
0.0
0.0
0.0
0.0
0.0
0.0
0.0
0.0
0.0
0.0
0.0
0.0
0.0
0.0
0.0
0.0
0.0
0.0
0.0
0.0
0.0
0.0
0.0
0.0
0.0
0.0
0.0
0.0
0.0
0.0
0.0
0.0
0.0
0.0
0.0
0.0
0.0
0.0
0.0
0.0
0.0
0.0
0.0
0.0
0.0
0.0
0.0
0.0
0.0
0.0
0.0
0.0
0.0
0.0
0.0
0.0
0.0
0.0
0.0
0.0
0.0
0.0
0.0
0.0
0.0
0.0
0.0
0.0
0.0
0.0
0.0
0.0
0.0
0.0
0.0
0.0
0.0
0.0
0.0
0.0
0.0
0.0
0.0
0.0
0.0
0.0
0.0
0.0
0.0
0.0
0.0
0.0
0.0
0.0
0.0
0.0
0.0
0.0
0.0
0.0
0.0
0.0
0.0
0.0
0.0
0.0
0.0
0.0
0.0
0.0
0.0
0.0
0.0
0.0
0.0
0.0
0.0
0.0
0.0
0.0
0.0
0.0
0.0
0.0
0.0
0.0
0.0
0.0
0.0
0.0
0.0
0.0
0.0
0.0
0.0
0.0
0.0
0.0
0.0
0.0
0.0
0.0
0.0
0.0
0.0
0.0
0.0
0.0
0.0
0.0
0.0
0.0
0.0
0.0
0.0
0.0
0.0
0.0
0.0
0.0
0.0
0.0
0.0
0.0
0.0
0.0
0.0
0.0
0.0
0.0
0.0
0.0
0.0
0.0
0.0
0.0
0.0
0.0
0.0
0.0
0.0
0.0
0.0
0.0
0.0
0.0
0.0
0.0
0.0
0.0
0.0
0.0
0.0
0.0
0.0
0.0
0.0
0.0
0.0
0.0
0.0
0.0
0.0
0.0
0.0
0.0
0.0
0.0
0.0
0.0
0.0
0.0
0.0
0.0
0.0
0.0
0.0
0.0
0.0
0.0
0.0
0.0
0.0
0.0
0.0
0.0
0.0
0.0
0.0
0.0
0.0
0.0
0.0
0.0
0.0
0.0
0.0
0.0
0.0
0.0
0.0
0.0
0.0
0.0
0.0
0.0
0.0
0.0
0.0
0.0
0.0
0.0
0.0
0.0
0.0
0.0
0.0
0.0
0.0
0.0
0.0
0.0
0.0
0.0
0.0
0.0
0.0
0.0
0.0
0.0
0.0
0.0
0.0
0.0
0.0
0.0
0.0
0.0
0.0
0.0
0.0
0.0
0.0
0.0
0.0
0.0
0.0
0.0
0.0
0.0
0.0
0.0
0.0
0.0
0.0
0.0
0.0
0.0
0.0
0.0
0.0
0.0
0.0
0.0
0.0
0.0
0.0
0.0
0.0
0.0
0.0
0.0
0.0
0.0
0.0
0.0
0.0
0.0
0.0
0.0
0.0
0.0
0.0
0.0
0.0
0.0
0.0
0.0
0.0
0.0
0.0
0.0
0.0
0.0
0.0
0.0
0.0
0.0
0.0
0.0
0.0
0.0
0.0
0.0
0.0
0.0
0.0
0.0
0.0
0.0
0.0
0.0
0.0
0.0
0.0
0.0
0.0
0.0
0.0
0.0
0.0
0.0
0.0
0.0
0.0
0.0
0.0
0.0
0.0
0.0
0.0
0.0
0.0
0.0
0.0
0.0
0.0
0.0
0.0
0.0
0.0
0.0
0.0
0.0
0.0
0.0
0.0
0.0
0.0
0.0
0.0
0.0
0.0
0.0
0.0
0.0
0.0
0.0
0.0
0.0
0.0
0.0
0.0
0.0
0.0
0.0
0.0
0.0
0.0
0.0
0.0
0.0
0.0
0.0
0.0
0.0
0.0
0.0
0.0
0.0
0.0
0.0
0.0
0.0
0.0
0.0
0.0
0.0
0.0
0.0
0.0
0.0
0.0
0.0
0.0
0.0
0.0
0.0
0.0
0.0
0.0
0.0
0.0
0.0
0.0
0.0
0.0
0.0
0.0
0.0
0.0
0.0
0.0
0.0
0.0
0.0
0.0
0.0
0.0
0.0
0.0
0.0
0.0
0.0
0.0
0.0
0.0
0.0
0.0
0.0
0.0
0.0
0.0
0.0
0.0
0.0
0.0
0.0
0.0
0.0
0.0
0.0
0.0
0.0
0.0
0.0
0.0
0.0
0.0
0.0
0.0
0.0
0.0
0.0
0.0
0.0
0.0
0.0
0.0
0.0
0.0
0.0
0.0
0.0
0.0
0.0
0.0
0.0
0.0
0.0
0.0
0.0
0.0
0.0
0.0
0.0
0.0
0.0
0.0
0.0
0.0
0.0
0.0
0.0
0.0
0.0
0.0
0.0
0.0
0.0
0.0
0.0
0.0
0.0
0.0
0.0
0.0
0.0
0.0
0.0
0.0
0.0
0.0
0.0
0.0
0.0
0.0
0.0
0.0
0.0
0.0
0.0
0.0
0.0
0.0
0.0
0.0
0.0
0.0
0.0
0.0
0.0
0.0
0.0
0.0
0.0
0.0
0.0
0.0
0.0
0.0
0.0
0.0
0.0
0.0
0.0
0.0
0.0
0.0
0.0
0.0
0.0
0.0
0.0
0.0
0.0
0.0
0.0
0.0
0.0
0.0
0.0
0.0
0.0
0.0
0.0
0.0
0.0
0.0
0.0
0.0
0.0
0.0
0.0
0.0
0.0
0.0
0.0
0.0
0.0
0.0
0.0
0.0
0.0
0.0
0.0
0.0
0.0
0.0
0.0
0.0
0.0
0.0
0.0
0.0
0.0
0.0
0.0
0.0
0.0
0.0
0.0
0.0
0.0
0.0
0.0
0.0
0.0
0.0
0.0
0.0
0.0
0.0
0.0
0.0
0.0
0.0
0.0
0.0
0.0
0.0
0.0
0.0
0.0
0.0
0.0
0.0
0.0
0.0
0.0
0.0
0.0
0.0
0.0
0.0
0.0
0.0
0.0
0.0
0.0
0.0
0.0
0.0
0.0
0.0
0.0
0.0
0.0
0.0
0.0
0.0
0.0
0.0
0.0
0.0
0.0
0.0
0.0
0.0
0.0
0.0
0.0
0.0
0.0
0.0
0.0
0.0
0.0
0.0
0.0
0.0
0.0
0.0
0.0
0.0
0.0
0.0
0.0
0.0
0.0
0.0
0.0
0.0
0.0
0.0
0.0
0.0
0.0
0.0
0.0
0.0
0.0
0.0
0.0
0.0
0.0
0.0
0.0
0.0
0.0
0.0
0.0
0.0
0.0
0.0
0.0
0.0
0.0
0.0
0.0
0.0
0.0
0.0
0.0
0.0
0.0
0.0
0.0
0.0
0.0
0.0
0.0
0.0
0.0
0.0
0.0
0.0
0.0
0.0
0.0
0.0
0.0
0.0
0.0
0.0
0.0
0.0
0.0
0.0
0.0
0.0
0.0
0.0
0.0
0.0
0.0
0.0
0.0
0.0
0.0
0.0
0.0
0.0
0.0
0.0
0.0
0.0
0.0
0.0
0.0
0.0
0.0
0.0
0.0
0.0
0.0
0.0
0.0
0.0
0.0
0.0
0.0
0.0
0.0
0.0
0.0
0.0
0.0
0.0
0.0
0.0
0.0
0.0
0.0
0.0
0.0
0.0
0.0
0.0
0.0
0.0
0.0
0.0
0.0
0.0
0.0
0.0
0.0
0.0
0.0
0.0
0.0
0.0
0.0
0.0
0.0
0.0
0.0
0.0
0.0
0.116
0.12
0.12
0.109
0.121
0.837
1.171
0.175
0.275
0.241
0.254
1.25
0.796
0.25
0.615
0.575
1.303
0.638
0.346
0.501
0.795
0.628
0.543
0.238
0.21
0.193
0.216
0.18
0.213
0.829
1.253
0.26
0.337
0.273
0.325
1.18
1.107
0.296
0.604
0.575
1.268
0.617
0.362
0.495
0.788
0.628
0.611
0.249
0.207
0.194
0.215
0.18
0.213
0.825
1.26
0.257
0.337
0.285
0.463
1.34
1.129
0.359
0.612
0.618
1.252
0.6
0.401
0.485
0.768
0.663
0.583
0.256
0.195
0.206
0.202
0.189
0.211
1.644
0.541
0.256
0.337
0.298
0.463
1.34
1.111
0.371
0.601
0.561
1.392
0.603
0.435
0.516
0.763
0.696
0.624
0.12
0.11
0.132
0.114
0.127
0.124
1.234
1.821
1.924
1.809
0.201
0.42
0.647
1.981
1.144
1.356
0.82
0.263
0.339
0.665
0.373
0.982
0.503
0.39
0.122
0.102
0.138
0.111
0.114
0.137
1.07
1.83
1.924
1.809
0.201
0.163
0.827
1.981
1.136
1.455
0.773
0.367
0.627
0.665
0.514
0.832
0.444
0.364
0.385
0.224
0.211
0.194
0.2
0.203
1.656
0.527
0.267
0.335
0.273
0.45
1.389
1.128
0.452
0.58
0.585
1.387
0.627
0.443
0.694
0.672
0.672
0.607
0.385
0.236
0.198
0.196
0.208
0.198
1.717
0.47
0.294
0.312
0.399
0.579
1.472
1.22
0.462
0.368
0.378
0.601
0.873
1.292
0.831
0.618
0.597
0.449
0.264
0.155
0.111
0.11
0.128
0.106
1.644
0.383
0.17
0.272
0.42
0.568
1.255
1.084
0.411
0.39
0.422
0.614
0.874
1.281
0.706
0.699
0.593
0.394
0.263
0.145
0.122
0.103
0.126
0.112
1.644
0.399
0.17
0.269
0.44
0.489
1.288
0.985
0.381
0.388
0.427
0.614
2.038
1.386
0.805
0.643
0.568
0.381
0.258
0.152
0.115
0.104
0.122
0.114
0.185
0.465
0.162
0.266
0.448
0.487
1.29
0.991
0.417
0.39
0.412
0.623
2.102
1.411
0.742
0.658
0.525
0.283
0.125
0.102
0.13
0.121
0.094
0.142
1.254
4.437
1.213
0.419
0.184
0.148
0.827
2.968
2.928
2.01
0.773
0.367
0.627
0.8
0.528
0.658
0.542
0.384
0.125
0.099
0.13
0.099
0.117
0.138
0.277
3.058
0.68
0.366
0.156
0.112
0.469
1.263
2.006
0.965
0.35
0.87
2.804
1.626
0.56
0.598
0.583
0.478
0.13
0.125
0.117
0.11
0.113
0.127
0.225
0.421
0.194
0.206
0.474
0.588
1.29
0.984
0.335
0.432
0.406
0.612
2.102
1.424
0.701
0.676
0.517
0.323
0.203
0.12
0.12
0.109
0.106
0.13
0.242
0.478
0.277
0.355
0.451
0.549
2.431
0.98
0.316
0.772
0.406
0.721
1.912
0.56
0.567
1.136
0.521
0.307
0.198
0.107
0.129
0.099
0.118
0.13
0.239
0.481
0.305
0.331
0.414
0.554
1.984
0.383
0.312
0.78
0.368
0.726
2.067
0.617
0.595
1.055
0.575
0.28
0.2
0.108
0.121
0.096
0.126
0.123
0.233
0.45
0.316
0.322
0.426
1.184
2.845
0.391
0.27
0.731
0.389
0.802
0.99
0.528
0.53
1.102
0.842
0.229
0.2
0.1
0.119
0.103
0.127
0.115
0.936
0.723
0.666
0.333
0.426
1.184
2.838
0.371
0.787
1.633
0.675
0.656
0.941
0.465
0.9
1.477
1.135
0.228
0.122
0.101
0.109
0.118
0.115
0.122
2.082
3.058
0.68
0.366
0.126
0.112
0.119
1.263
2.038
0.89
0.249
0.781
2.666
1.654
0.56
0.534
0.621
0.498
0.119
0.105
0.094
0.109
0.115
0.112
1.912
0.474
0.207
0.204
2.408
0.707
0.142
0.435
0.843
0.318
0.355
1.501
2.885
1.654
0.544
1.15
0.566
0.46
0.2
0.098
0.106
0.104
0.133
0.104
0.885
0.734
0.645
0.351
0.398
1.191
2.805
0.489
0.801
1.633
0.693
0.895
2.359
0.486
0.83
1.624
1.492
0.289
0.126
0.098
0.105
0.105
0.133
0.106
0.813
0.725
0.556
0.317
0.439
1.197
1.645
0.572
1.027
1.329
0.722
0.825
2.383
1.4
0.841
1.173
1.492
0.275
0.127
0.1
0.104
0.105
0.133
0.106
0.807
0.746
0.523
0.397
0.412
1.233
1.671
0.572
1.031
1.359
0.734
0.811
2.211
1.31
0.951
1.18
1.459
0.274
0.118
0.107
0.109
0.105
0.12
0.102
0.814
0.747
0.535
0.397
0.477
0.607
0.787
0.569
1.098
1.402
0.679
1.893
2.483
1.3
1.337
1.182
1.174
0.274
0.124
0.112
0.106
0.098
0.115
0.106
0.596
1.378
0.411
0.367
0.477
0.607
0.787
0.569
0.546
0.536
0.387
1.928
2.625
1.361
0.983
0.852
0.881
0.275
0.109
0.097
0.112
0.127
0.096
0.11
1.912
0.482
0.136
0.173
2.378
0.702
0.434
0.325
0.843
0.52
0.451
1.253
0.814
0.817
0.494
1.603
0.917
0.483
0.112
0.116
0.111
0.108
0.095
0.109
0.123
2.357
1.319
0.173
2.391
0.705
0.609
0.325
0.883
0.52
0.451
1.253
0.853
0.803
0.561
1.603
0.912
0.452
0.115
0.117
0.112
0.092
0.105
0.115
0.7
1.374
0.479
0.326
0.452
0.536
0.678
0.434
0.484
0.405
0.473
1.671
1.19
1.323
1.071
0.694
0.525
0.213
0.109
0.113
0.114
0.095
0.114
0.108
0.77
1.325
0.496
0.226
0.301
0.369
0.493
0.314
0.32
0.351
0.433
1.572
1.118
1.835
1.225
0.798
0.659
0.297
0.185
0.205
0.187
0.178
0.189
0.203
0.897
1.361
0.5
0.127
0.237
0.257
0.314
0.267
0.293
0.272
0.37
1.671
1.15
1.901
1.169
1.022
0.821
0.297
0.196
0.197
0.186
0.184
0.189
0.201
0.897
1.604
0.631
0.131
0.117
0.186
0.138
0.232
0.226
0.175
0.36
0.454
2.114
3.553
1.157
0.969
0.737
0.296
0.189
0.196
0.192
0.184
0.188
0.196
0.499
0.638
0.421
0.157
0.138
0.16
0.153
0.252
0.244
0.476
0.45
1.319
2.625
3.52
1.272
0.934
0.829
0.362
0.095
0.111
0.129
0.109
0.097
0.093
0.191
2.353
1.319
0.119
0.123
0.131
0.609
0.493
0.347
0.461
0.495
0.951
0.673
0.662
0.672
1.086
0.92
0.452
0.111
0.12
0.114
0.092
0.097
0.089
0.333
2.274
1.326
0.111
0.188
0.132
0.684
0.505
0.347
0.212
0.299
0.681
0.647
3.811
0.976
0.698
0.617
0.362
0.195
0.19
0.193
0.192
0.19
0.192
0.408
0.714
0.37
0.22
0.245
0.247
0.206
0.425
0.315
0.489
0.288
1.334
2.724
3.529
1.179
1.122
1.226
0.653
0.264
0.195
0.193
0.192
0.185
0.194
0.335
0.791
0.337
0.235
0.275
0.297
1.116
1.045
0.351
0.575
0.303
1.485
2.472
2.205
1.051
1.045
1.096
0.586
0.179
0.103
0.115
0.115
0.105
0.102
0.202
0.745
0.337
0.237
0.319
0.334
1.18
1.102
0.388
0.575
0.308
1.443
2.497
2.182
1.06
0.845
0.963
0.663
0.166
0.11
0.119
0.111
0.105
0.102
0.192
0.784
0.202
0.266
0.337
0.385
1.338
1.141
2.558
0.769
0.371
1.655
1.258
0.62
0.783
0.858
0.963
0.663
0.174
0.106
0.111
0.111
0.109
0.104
0.209
0.784
0.189
0.251
0.337
0.385
1.364
1.141
2.558
0.478
0.3
0.74
0.72
0.641
0.661
0.918
0.973
0.595
0.112
0.102
0.112
0.097
0.1
0.093
0.333
0.419
0.14
0.114
0.188
0.132
0.69
0.582
0.221
0.189
0.275
0.971
0.57
3.677
0.996
0.673
1.042
0.85
0.112
0.102
0.092
0.106
0.109
0.1
0.26
0.392
0.303
0.179
0.182
0.099
1.034
0.269
0.182
0.106
0.187
0.756
0.56
3.741
0.996
0.808
1.042
0.984
0.179
0.106
0.103
0.106
0.106
0.105
0.209
0.771
0.177
0.227
0.314
0.455
1.48
1.008
2.509
0.476
0.324
0.749
0.869
0.658
0.665
0.762
0.665
0.272
0.158
0.144
0.122
0.133
0.145
0.123
0.323
0.704
0.227
0.208
0.36
0.631
0.811
0.437
2.543
0.493
0.411
0.744
0.879
0.657
0.677
0.747
0.681
0.195
0.163
0.147
0.135
0.126
0.151
0.121
0.324
0.752
0.239
0.219
0.377
0.662
0.94
0.405
2.57
0.516
0.422
0.801
0.876
0.654
0.688
0.756
0.563
0.122
0.163
0.145
0.133
0.147
0.151
0.122
0.328
0.477
0.215
0.238
0.373
0.629
0.886
1.111
1.289
0.39
0.379
0.756
1.015
1.09
1.014
0.772
0.686
0.179
0.155
0.147
0.142
0.148
0.15
0.122
0.279
0.539
0.271
0.238
0.373
0.629
0.886
1.211
1.402
0.439
0.591
0.756
1.357
2.633
1.056
0.741
0.682
0.258
0.114
0.091
0.09
0.106
0.113
0.116
0.272
0.491
0.99
0.219
0.117
0.096
1.554
1.974
0.681
0.114
0.238
0.756
0.56
0.708
0.694
1.062
1.728
0.984
0.113
0.097
0.096
0.109
0.113
0.118
0.281
0.456
0.99
0.521
0.117
0.095
1.554
2.247
0.841
0.332
0.519
0.681
0.591
0.708
0.669
1.062
1.296
0.718
0.156
0.155
0.147
0.15
0.155
0.118
0.282
0.547
0.296
0.204
0.306
0.539
0.857
1.886
1.402
0.439
0.628
1.32
1.54
2.624
1.113
0.759
0.599
0.249
0.11
0.117
0.129
0.12
0.116
0.099
0.171
0.559
0.284
0.188
0.265
0.304
0.789
1.814
1.284
0.339
0.576
1.507
2.299
2.61
1.176
0.872
0.708
0.324
0.189
0.195
0.2
0.206
0.188
0.18
0.249
0.562
0.412
0.258
0.218
0.317
0.759
1.814
1.22
0.352
0.576
1.564
2.299
2.628
1.198
1.055
1.078
0.603
0.191
0.194
0.195
0.178
0.188
0.181
0.245
0.592
0.412
0.231
0.181
0.306
1.796
1.649
0.311
0.343
0.563
1.525
2.168
2.453
1.194
1.372
1.128
0.576
0.193
0.191
0.185
0.179
0.189
0.178
0.279
0.592
0.397
0.232
0.181
0.302
1.796
1.527
0.341
0.292
0.449
1.525
1.843
0.962
1.357
1.676
1.52
0.509
0.124
0.107
0.096
0.101
0.108
0.118
0.281
0.577
0.94
0.484
0.121
0.107
1.338
2.247
0.841
0.432
0.519
0.605
0.708
0.647
0.701
0.92
1.384
0.656
0.109
0.107
0.104
0.09
0.094
0.104
0.116
0.568
0.375
0.452
0.161
0.195
0.6
0.824
0.35
0.432
0.463
0.467
0.708
0.841
0.701
0.578
0.766
0.656
0.181
0.176
0.171
0.178
0.187
0.175
0.271
0.506
0.459
0.275
0.562
0.551
2.825
1.774
0.546
0.369
0.68
1.151
1.454
1.381
1.357
1.676
1.645
0.519
0.181
0.174
0.178
0.18
0.176
0.18
0.271
0.402
0.504
0.994
0.917
0.666
2.769
1.85
0.574
0.343
0.642
1.007
0.654
1.406
1.388
1.636
1.887
0.587
0.098
0.092
0.096
0.097
0.094
0.1
0.19
0.362
0.361
0.91
1.024
0.655
2.811
1.865
0.621
0.438
0.691
1.022
0.649
1.406
1.68
1.635
1.93
0.526
0.12
0.093
0.097
0.097
0.093
0.1
0.188
0.327
1.077
1.412
1.217
0.879
3.282
1.325
0.622
0.427
0.739
1.208
1.56
1.146
1.326
1.287
1.93
0.505
0.117
0.098
0.095
0.092
0.087
0.103
0.183
0.345
1.062
1.412
1.217
0.879
3.282
1.387
0.51
0.459
0.712
1.208
1.538
1.17
1.132
0.938
1.554
0.496
0.11
0.104
0.103
0.089
0.087
0.103
0.1
0.492
0.467
0.366
0.94
0.477
0.254
0.542
0.12
0.216
0.125
1.08
1.011
0.841
0.721
1.424
1.411
1.109
0.096
0.101
0.103
0.104
0.1
0.103
0.337
0.656
0.467
0.353
0.94
0.477
0.252
0.216
0.182
0.304
0.151
1.099
0.819
0.837
0.699
1.38
1.406
1.024
0.119
0.102
0.102
0.089
0.083
0.103
0.184
0.451
0.996
1.376
0.946
0.657
2.171
0.486
0.393
0.412
0.404
1.129
1.538
0.788
1.157
1.138
1.568
0.474
0.192
0.103
0.094
0.093
0.094
0.103
0.184
0.451
0.998
0.882
1.043
0.827
2.923
1.136
0.924
0.575
0.488
1.001
2.256
1.135
1.289
1.021
1.181
0.338
0.19
0.103
0.095
0.091
0.096
0.1
0.189
0.446
1.539
1.228
1.168
0.96
2.914
1.156
0.964
0.601
0.518
0.876
2.245
1.135
0.934
0.765
0.776
0.126
0.17
0.102
0.088
0.091
0.097
0.102
0.188
0.432
0.804
0.723
1.056
0.763
1.452
2.218
0.948
0.562
1.24
1.156
1.651
1.851
2.074
1.328
0.962
0.127
0.169
0.103
0.092
0.094
0.104
0.098
0.18
0.426
0.804
0.723
1.056
0.763
1.452
2.237
0.978
0.563
1.356
1.442
1.501
1.939
2.789
1.677
1.355
0.295
0.092
0.098
0.101
0.105
0.105
0.101
0.33
0.774
0.413
0.368
0.886
0.389
0.093
0.306
0.18
0.298
0.143
1.353
1.011
1.287
1.401
1.61
1.397
1.178
0.088
0.095
0.101
0.105
0.105
0.101
0.334
0.808
0.29
0.115
0.093
0.099
0.102
0.202
0.397
0.572
1.057
1.945
2.171
2.008
2.8
1.713
1.42
1.112
0.092
0.1
0.092
0.095
0.109
0.1
0.181
0.406
0.797
0.73
0.932
0.673
2.124
3.756
1.342
0.589
1.356
1.977
2.101
2.281
3.087
1.876
1.527
0.444
0.169
0.152
0.098
0.095
0.106
0.095
0.18
0.406
0.821
0.512
0.469
0.394
1.331
3.03
0.784
0.398
1.331
1.977
1.387
1.932
3.183
2.261
1.946
0.916
0.097
0.152
0.1
0.098
0.099
0.092
0.175
0.307
0.337
0.204
0.228
0.231
1.11
3.033
0.689
0.241
1.239
1.953
1.959
2.269
3.236
2.289
2.189
1.429
0.503
0.154
0.102
0.099
0.102
0.087
0.177
0.228
0.414
0.212
0.149
0.217
0.933
1.996
0.678
0.254
0.455
1.413
1.658
1.866
2.506
2.098
2.214
1.452
0.501
0.151
0.102
0.1
0.099
0.09
0.094
0.266
1.001
0.312
0.166
0.217
0.935
1.924
0.632
0.238
0.668
1.396
2.077
2.104
2.117
2.084
2.195
1.768
0.71
0.103
0.101
0.106
0.092
0.089
0.095
0.567
3.202
0.359
1.107
1.042
1.505
0.896
0.334
0.386
1.404
2.607
2.8
2.049
2.915
2.269
2.175
1.71
0.092
0.103
0.098
0.105
0.088
0.085
0.098
0.552
5.817
1.374
1.466
1.048
1.505
0.796
1.178
1.419
1.404
3.212
4.134
2.321
2.915
2.269
2.273
1.925
0.197
0.15
0.103
0.1
0.095
0.089
0.092
0.176
1.001
0.391
0.194
0.243
0.19
0.419
0.173
0.17
0.619
0.948
1.93
2.075
2.118
2.057
2.195
2.103
0.708
0.106
0.103
0.1
0.095
0.095
0.093
0.176
0.892
0.429
0.163
0.628
0.602
0.714
0.177
0.443
0.678
0.874
2.054
2.075
1.726
1.632
2.151
1.786
0.717
0.107
0.102
0.099
0.097
0.095
0.089
0.172
0.883
0.422
0.193
0.604
0.677
0.882
0.198
0.462
0.675
0.874
1.543
1.652
1.258
1.199
1.732
1.34
0.354
0.104
0.099
0.098
0.097
0.096
0.086
0.161
0.787
0.472
0.224
0.75
0.965
1.218
0.481
0.756
0.865
1.067
1.459
1.214
1.61
0.827
1.318
1.253
0.407
0.113
0.099
0.098
0.095
0.095
0.09
0.096
0.279
0.384
0.209
0.75
1.012
1.218
0.474
0.764
0.441
0.655
1.032
0.77
1.619
0.912
0.886
0.836
0.273
0.102
0.096
0.105
0.092
0.097
0.101
0.302
5.817
1.374
1.466
1.999
2.454
2.179
4.82
2.114
1.359
2.781
3.388
2.321
2.249
2.085
2.273
1.925
0.319
0.092
0.1
0.101
0.092
0.099
0.103
0.109
2.813
1.295
0.491
1.126
1.048
1.594
4.82
2.114
1.011
1.916
2.609
1.507
1.34
1.291
1.437
1.29
0.4
0.117
0.099
0.098
0.094
0.094
0.092
0.096
0.282
0.379
0.2
0.986
1.278
1.427
0.472
1.05
0.5
0.519
0.703
0.378
1.28
0.463
0.467
0.399
0.281
0.155
0.11
0.109
0.099
0.09
0.106
0.113
0.334
0.356
0.247
0.597
0.841
1.169
0.472
0.793
0.437
0.514
0.574
0.874
1.748
0.612
0.557
0.477
0.471
0.296
0.201
0.193
0.183
0.176
0.184
0.19
0.332
0.439
0.21
0.568
0.971
1.568
0.72
1.078
0.807
0.534
0.593
0.857
1.798
0.635
0.576
0.505
0.498
0.311
0.201
0.19
0.185
0.179
0.187
0.19
0.332
0.37
0.254
0.434
0.956
1.322
1.105
1.116
0.613
0.259
0.609
0.886
1.0
0.661
0.601
0.501
0.481
0.304
0.201
0.189
0.185
0.179
0.187
0.197
0.399
0.71
0.268
0.428
0.923
1.417
1.097
1.533
1.328
0.246
0.98
1.429
1.202
0.566
0.556
0.562
1.079
0.132
0.11
0.099
0.088
0.107
0.11
0.109
0.297
0.428
0.146
1.126
1.047
1.594
4.331
1.109
1.011
0.388
0.468
0.623
0.457
0.559
0.512
0.459
0.538
0.137
0.11
0.086
0.093
0.108
0.108
0.109
0.297
0.464
0.216
0.197
0.097
0.215
0.471
0.138
0.245
0.357
0.484
0.623
0.457
0.665
0.512
0.414
0.538
0.316
0.201
0.194
0.189
0.183
0.185
0.188
0.394
0.699
0.283
0.748
1.1
1.289
1.097
1.255
1.302
0.269
0.947
1.429
1.156
0.669
0.589
0.571
1.079
0.274
0.194
0.198
0.198
0.201
0.184
0.178
0.359
0.771
0.331
0.821
1.103
1.289
1.198
1.255
1.332
0.327
0.85
0.98
0.673
0.589
0.494
0.51
0.915
0.138
0.1
0.108
0.116
0.119
0.104
0.11
0.287
0.761
0.337
1.14
1.192
0.758
1.036
1.007
1.016
0.393
1.281
1.062
0.664
0.599
0.48
0.494
0.879
0.121
0.102
0.112
0.115
0.119
0.105
0.11
0.287
0.761
1.022
1.096
0.936
1.073
0.802
1.006
1.75
0.53
1.258
1.06
0.693
0.536
0.44
0.542
0.883
0.122
0.097
0.104
0.116
0.12
0.11
0.1
0.22
0.413
1.022
1.096
0.977
1.068
0.802
0.605
1.084
0.559
0.829
0.521
0.457
0.553
0.472
0.471
0.241
0.146
0.12
0.103
0.124
0.128
0.104
0.13
0.374
0.474
0.214
0.12
0.121
0.129
0.847
0.142
0.227
0.245
0.546
0.614
0.441
0.665
0.546
0.414
0.418
0.11
0.096
0.101
0.126
0.123
0.101
0.131
0.282
0.474
0.214
0.12
0.121
0.219
0.507
0.17
0.235
0.245
0.546
0.409
0.421
0.575
0.636
0.41
0.269
0.11
0.097
0.104
0.115
0.12
0.109
0.109
0.222
0.403
1.02
0.541
0.506
0.905
0.825
0.583
1.088
0.559
0.919
0.5
0.457
0.483
0.525
0.429
0.211
0.139
0.104
0.099
0.11
0.105
0.104
0.114
0.216
0.385
0.927
0.512
1.011
0.971
0.729
0.628
1.088
0.51
0.955
0.492
0.487
0.44
0.561
0.467
0.189
0.135
0.109
0.108
0.108
0.104
0.105
0.102
0.218
0.401
0.907
0.245
0.753
1.054
0.638
0.553
1.017
0.414
0.523
0.395
0.514
0.426
0.533
0.535
0.226
0.135
0.109
0.102
0.109
0.104
0.105
0.108
0.218
0.476
0.143
0.291
0.753
0.72
0.184
0.706
0.621
0.263
0.53
0.389
0.524
0.426
0.536
0.537
0.225
0.133
0.111
0.111
0.109
0.096
0.103
0.133
1.058
0.476
0.143
0.291
0.706
0.699
0.241
0.686
0.81
0.423
0.9
0.775
1.463
0.888
0.865
1.089
1.16
0.116
0.113
0.118
0.126
0.123
0.107
0.133
0.282
0.443
0.133
0.205
0.161
0.237
0.838
0.17
0.237
0.303
0.59
0.418
0.436
0.451
0.638
0.478
0.374
0.107
0.093
0.105
0.104
0.086
0.111
0.106
0.205
0.37
0.233
0.195
0.146
0.237
0.601
0.255
0.307
0.361
0.609
0.44
0.422
0.457
0.645
0.482
0.456
0.504
0.113
0.114
0.113
0.086
0.109
0.14
1.052
0.74
0.532
0.273
1.245
1.181
0.504
1.038
1.089
0.49
0.859
0.833
1.463
0.882
0.826
1.089
1.253
0.506
0.094
0.107
0.11
0.078
0.107
0.131
1.033
0.64
0.606
0.234
0.752
1.411
1.056
1.455
1.529
0.499
0.876
0.835
1.461
0.887
0.839
1.047
1.258
0.51
0.078
0.108
0.11
0.066
0.113
0.131
1.026
0.54
1.052
0.641
1.255
1.705
1.603
1.913
1.529
0.529
0.917
0.835
1.438
0.883
0.872
0.993
1.257
0.519
0.068
0.109
0.11
0.048
0.114
0.133
1.026
0.457
1.127
0.741
1.47
2.404
1.913
1.435
1.469
0.971
1.691
1.091
1.435
0.886
0.867
0.941
1.268
0.519
0.073
0.109
0.109
0.062
0.114
0.104
0.089
0.55
1.127
0.741
1.47
2.404
1.913
1.938
1.627
1.044
1.354
1.203
0.884
0.438
0.542
0.441
0.379
0.115
0.094
0.105
0.107
0.075
0.108
0.108
0.084
0.342
0.233
0.366
0.146
0.168
0.601
0.461
0.408
0.386
0.664
0.472
0.423
0.567
0.645
0.482
0.529
0.11
0.096
0.082
0.109
0.098
0.088
0.106
0.087
0.178
0.384
2.894
0.334
1.029
1.413
1.322
1.364
1.727
0.962
0.472
0.49
0.563
0.626
0.49
0.529
0.152
0.072
0.102
0.106
0.079
0.114
0.082
0.098
0.212
0.791
1.206
1.412
2.382
2.084
2.095
1.753
1.39
1.354
1.145
0.883
0.479
0.541
0.472
0.323
0.125
0.084
0.102
0.101
0.083
0.113
0.085
0.097
0.221
0.793
1.204
1.415
2.21
1.732
2.493
1.473
1.39
1.362
1.139
0.884
0.466
0.491
0.525
0.357
0.159
0.115
0.112
0.11
0.095
0.115
0.112
0.104
0.221
0.446
1.189
1.414
2.193
1.783
2.473
1.778
1.459
1.331
1.128
0.892
0.468
0.507
0.546
0.38
0.174
0.115
0.111
0.11
0.107
0.098
0.115
0.121
0.312
0.363
1.068
1.816
1.921
1.562
2.473
1.801
1.071
0.57
1.775
1.408
0.526
0.535
0.822
0.749
0.174
0.114
0.111
0.102
0.104
0.114
0.113
0.208
0.271
0.36
1.063
1.816
1.921
1.37
1.985
1.512
0.801
0.553
1.3
1.056
0.527
0.568
0.822
0.778
0.122
0.105
0.081
0.109
0.098
0.085
0.128
0.186
0.242
0.281
2.894
0.486
2.23
2.182
2.046
2.166
1.859
0.962
0.517
0.537
0.56
0.583
0.513
0.577
0.116
0.105
0.104
0.106
0.097
0.084
0.129
0.195
0.448
0.28
2.746
0.486
2.23
2.182
2.046
2.166
1.859
0.944
0.469
0.581
0.439
0.53
0.513
0.517
0.174
0.113
0.125
0.118
0.095
0.116
0.124
0.21
0.264
0.356
0.629
1.371
1.483
1.022
1.503
1.155
0.425
0.569
1.337
1.06
0.495
0.61
0.827
0.778
0.197
0.126
0.137
0.114
0.116
0.116
0.129
0.219
0.511
1.317
0.629
1.334
1.405
1.062
0.807
1.199
0.524
0.617
1.345
1.06
0.495
0.61
0.832
0.781
0.198
0.116
0.128
0.1
0.109
0.112
0.119
0.213
0.597
1.25
0.192
0.843
1.256
1.315
0.878
1.239
0.844
0.617
1.345
1.068
0.492
0.587
0.822
0.775
0.194
0.119
0.121
0.1
0.112
0.112
0.115
0.214
0.601
1.28
0.157
0.644
1.629
1.318
0.893
1.223
0.808
1.352
1.048
0.582
0.436
1.083
0.679
0.428
0.198
0.119
0.135
0.115
0.1
0.12
0.126
0.216
0.551
1.28
0.154
0.646
1.569
1.474
0.895
1.204
0.809
1.368
1.039
0.55
0.44
1.084
0.664
0.402
0.152
0.107
0.118
0.118
0.104
0.091
0.141
0.383
0.448
0.107
0.1
0.269
1.692
1.013
1.126
1.218
0.589
0.562
0.469
0.567
0.428
0.53
0.486
0.517
0.142
0.085
0.125
0.118
0.126
0.069
0.127
0.448
0.369
0.096
0.102
0.114
0.473
0.064
0.176
0.318
0.462
0.396
0.397
0.567
0.44
0.517
0.489
0.409
0.198
0.121
0.111
0.109
0.113
0.113
0.123
0.215
0.619
1.204
0.135
0.584
1.529
1.378
0.895
1.157
0.886
1.34
1.013
0.54
0.425
1.091
0.615
0.349
0.172
0.115
0.08
0.109
0.098
0.095
0.126
0.201
0.445
0.17
0.123
0.64
1.41
1.174
0.815
1.057
0.792
1.305
0.99
0.673
0.423
1.093
0.576
0.287
0.142
0.11
0.135
0.107
0.098
0.103
0.11
0.187
0.471
0.14
0.17
0.616
1.079
0.309
0.304
0.552
0.375
1.269
1.014
0.63
0.411
1.15
0.581
0.291
0.148
0.102
0.135
0.114
0.08
0.089
0.132
0.245
0.43
0.176
0.165
0.188
0.095
0.263
0.262
0.205
0.361
0.517
0.401
0.599
0.431
0.658
0.422
0.273
0.137
0.11
0.11
0.108
0.08
0.063
0.137
0.157
0.452
0.182
0.364
1.21
0.1
0.061
0.573
0.156
1.291
1.304
0.584
1.63
1.232
0.793
0.419
0.38
0.154
0.075
0.125
0.083
0.127
0.055
0.127
0.448
0.342
0.167
0.16
0.087
0.473
0.115
0.176
0.233
0.462
0.439
0.369
0.52
0.397
0.564
0.489
0.326
0.225
0.054
0.13
0.035
0.123
0.048
0.117
0.292
0.427
0.32
0.634
0.157
0.164
0.503
0.233
0.128
0.334
0.452
0.39
0.441
0.557
0.564
0.454
0.27
0.139
0.127
0.119
0.103
0.089
0.072
0.15
0.208
0.615
0.254
0.327
1.213
0.079
0.065
0.573
0.167
1.162
1.304
0.597
1.63
1.27
0.776
0.435
0.422
0.172
0.132
0.14
0.141
0.095
0.098
0.169
0.227
0.645
0.266
0.619
1.177
0.104
0.084
0.497
0.205
1.152
1.297
0.613
1.516
1.296
0.736
0.506
0.447
0.2
0.141
0.112
0.148
0.137
0.091
0.178
0.245
0.79
0.407
0.895
1.162
0.085
0.077
0.48
0.274
1.181
1.511
0.637
1.612
1.319
0.746
0.594
0.555
0.288
0.224
0.195
0.224
0.231
0.176
0.255
0.257
0.846
0.366
0.938
1.195
0.148
0.58
1.247
0.278
1.18
1.808
0.699
1.58
1.628
0.824
0.63
0.586
0.299
0.222
0.204
0.225
0.231
0.185
0.255
0.362
0.846
0.366
0.754
0.175
0.139
0.707
0.911
0.271
0.198
0.943
0.593
0.552
0.835
0.626
0.687
0.524
0.246
0.106
0.128
0.125
0.121
0.14
0.115
0.16
0.597
0.32
1.303
1.521
0.328
0.975
0.237
0.19
0.282
0.607
0.395
0.407
0.558
0.524
0.509
0.339
0.328
0.106
0.134
0.124
0.123
0.14
0.094
0.16
1.223
0.916
2.553
2.06
1.683
2.25
0.335
0.995
0.393
2.411
1.517
0.927
0.558
0.472
0.509
0.359
0.394
0.208
0.204
0.226
0.2
0.185
0.224
0.314
0.678
1.035
1.271
0.173
0.151
0.708
0.891
0.272
0.198
0.936
0.771
0.746
0.817
0.578
1.599
1.111
0.381
0.196
0.191
0.199
0.182
0.178
0.182
0.326
0.648
1.034
1.336
0.256
0.661
1.12
0.908
0.238
0.184
0.893
0.771
0.742
0.807
0.623
1.556
1.111
0.4
0.223
0.215
0.228
0.212
0.207
0.208
0.348
0.456
0.963
1.004
0.254
0.791
1.12
0.969
0.558
0.198
0.744
0.75
0.637
0.822
0.548
1.494
0.969
0.29
0.121
0.15
0.139
0.132
0.14
0.102
0.278
0.333
1.027
0.958
0.204
1.373
2.06
0.421
0.609
0.538
0.466
0.686
0.925
0.511
0.507
1.477
0.874
0.282
0.119
0.143
0.129
0.132
0.141
0.105
0.171
0.481
1.027
0.979
0.221
1.369
1.935
0.423
0.609
0.678
0.51
0.611
0.924
0.511
0.529
1.417
0.897
0.256
0.155
0.122
0.192
0.123
0.167
0.119
0.111
1.223
0.901
2.553
2.06
1.683
2.25
0.227
0.995
0.7
2.411
1.49
0.927
0.419
0.54
0.506
0.359
0.244
0.107
0.11
0.126
0.114
0.077
0.096
0.083
1.153
0.901
1.955
0.878
2.431
2.551
0.309
0.97
0.7
2.226
1.49
1.027
0.419
0.603
0.469
0.319
0.169
0.097
0.16
0.108
0.141
0.136
0.101
0.167
0.55
0.263
0.447
0.226
1.357
1.915
0.504
0.62
0.703
0.52
0.505
0.709
0.492
0.596
0.549
0.293
0.484
0.084
0.17
0.38
0.183
0.124
0.108
0.145
0.781
0.271
0.125
0.131
1.136
2.209
1.259
0.687
0.711
0.536
0.513
0.815
0.559
0.622
0.641
0.329
0.448
0.084
0.131
0.38
0.142
0.126
0.077
0.135
0.817
0.229
0.16
0.172
1.021
2.342
1.218
0.301
0.716
0.5
0.508
0.828
0.489
0.605
0.656
0.367
0.435
0.102
0.123
0.39
0.135
0.126
0.097
0.119
0.817
0.177
0.214
0.172
0.501
1.637
0.99
0.503
0.358
0.486
0.508
0.519
0.458
0.606
0.641
0.398
0.438
0.154
0.143
0.428
0.161
0.143
0.141
0.224
0.74
0.177
0.203
0.153
0.523
1.732
0.97
0.503
0.305
0.486
0.572
0.68
1.166
0.594
0.698
0.339
0.128
0.158
0.062
0.126
0.1
0.099
0.076
0.053
0.398
0.414
0.294
0.792
3.48
2.101
1.512
1.004
0.843
0.762
0.825
0.539
1.017
0.603
0.594
0.306
0.123
0.131
0.031
0.097
0.1
0.082
0.07
0.113
0.469
0.369
0.196
0.792
3.48
2.101
1.512
1.004
0.567
0.746
0.886
0.539
1.037
0.593
0.71
0.433
0.463
0.207
0.158
0.461
0.193
0.165
0.185
0.236
0.739
0.211
0.24
0.156
0.648
1.732
1.349
1.283
0.781
0.504
1.14
1.527
1.306
0.581
0.63
0.325
0.15
0.207
0.155
0.185
0.165
0.159
0.185
0.226
0.521
0.178
0.632
0.26
0.567
2.023
1.346
1.336
0.941
0.521
1.106
1.41
1.242
0.531
0.581
0.301
0.166
0.207
0.175
0.187
0.186
0.159
0.202
0.214
0.558
0.149
0.661
0.21
0.562
2.023
1.358
1.334
0.931
0.544
1.098
1.422
1.292
0.569
0.533
0.289
0.168
0.205
0.175
0.201
0.186
0.182
0.205
0.214
0.577
0.128
0.629
0.3
0.812
1.329
1.384
2.715
1.407
0.506
1.144
1.754
1.474
1.028
1.341
0.527
0.189
0.205
0.193
0.193
0.205
0.195
0.291
0.168
0.577
0.144
0.629
0.312
0.806
1.411
1.384
2.751
1.357
0.55
1.055
1.579
0.853
1.055
1.294
0.505
0.166
0.156
0.134
0.142
0.166
0.154
0.163
0.404
0.251
0.369
0.058
1.086
3.5
2.382
1.418
0.962
0.495
0.809
0.886
0.432
1.037
0.559
0.71
0.433
0.23
0.158
0.237
0.189
0.209
0.236
0.185
0.647
0.237
0.292
0.763
2.371
2.346
1.285
2.001
0.574
0.198
0.472
0.49
0.466
0.648
0.619
0.635
0.424
0.178
0.172
0.165
0.167
0.181
0.181
0.263
0.156
0.539
0.131
0.625
0.295
0.744
1.42
0.976
2.011
0.952
0.615
0.401
0.751
0.769
1.0
1.288
0.533
0.201
0.203
0.208
0.19
0.226
0.199
0.28
0.221
1.256
0.14
0.201
0.482
0.623
0.449
0.368
2.148
1.11
0.605
0.433
0.763
0.785
1.364
1.35
0.585
0.248
0.231
0.26
0.222
0.269
0.25
0.316
0.28
1.207
0.252
0.95
1.334
1.596
1.087
1.091
2.425
1.097
1.164
0.665
0.807
0.785
1.336
1.393
0.605
0.247
0.231
0.266
0.216
0.269
0.249
0.306
0.284
1.198
0.252
0.969
2.275
1.265
1.211
1.403
0.856
0.626
1.196
0.697
0.597
0.691
0.898
0.694
0.366
0.27
0.234
0.292
0.25
0.27
0.272
0.228
0.289
1.237
0.25
1.002
2.291
1.265
1.226
1.403
0.856
0.734
1.231
0.697
0.597
0.651
0.957
0.753
0.415
0.23
0.214
0.237
0.249
0.219
0.268
0.211
0.647
1.594
1.465
0.851
2.371
2.346
1.285
2.002
0.956
0.388
0.472
1.09
0.547
0.709
0.708
1.138
0.362
0.212
0.211
0.217
0.249
0.196
0.268
0.18
0.52
1.635
1.465
2.536
3.374
2.093
0.259
2.003
0.956
0.451
0.458
1.115
0.547
0.753
0.708
1.138
0.461
0.269
0.224
0.292
0.252
0.257
0.269
0.234
0.289
1.237
0.238
1.004
2.729
1.794
1.654
1.852
1.256
0.668
1.164
0.709
0.587
0.627
0.998
0.753
0.415
0.266
0.245
0.269
0.252
0.261
0.272
0.247
0.38
0.505
0.242
1.004
2.449
1.722
1.654
2.433
1.421
0.309
1.199
0.771
0.587
0.585
0.662
0.761
0.482
0.281
0.261
0.262
0.273
0.251
0.276
0.257
0.383
0.605
0.203
0.263
2.302
1.105
0.905
1.741
1.194
0.354
0.655
0.526
0.507
0.547
1.11
0.75
0.533
0.323
0.268
0.262
0.273
0.261
0.27
0.257
0.382
0.617
0.196
1.144
2.166
2.056
1.139
1.444
2.617
1.529
0.732
0.461
0.386
0.419
1.121
0.675
0.504
0.276
0.23
0.207
0.233
0.214
0.224
0.216
0.902
0.94
0.274
1.151
2.374
2.041
0.964
1.706
2.617
1.422
0.993
0.454
0.499
0.435
1.064
0.626
0.436
0.217
0.21
0.219
0.226
0.224
0.224
0.226
0.317
1.842
1.452
1.956
1.54
0.79
0.53
0.136
0.537
0.451
0.389
1.212
0.569
0.659
0.629
1.198
0.461
0.149
0.125
0.176
0.107
0.181
0.11
0.183
1.448
3.86
0.742
1.956
2.581
0.415
0.53
1.237
0.182
0.224
0.447
1.284
0.624
0.632
0.541
0.646
0.432
0.276
0.23
0.209
0.229
0.214
0.231
0.205
0.902
0.929
0.274
1.47
1.999
1.508
0.65
1.24
2.21
1.517
0.993
0.421
0.519
0.424
1.043
0.607
0.412
0.276
0.185
0.186
0.222
0.157
0.217
0.177
0.839
0.929
0.243
1.477
2.532
2.025
0.688
0.479
1.774
1.517
1.236
0.336
0.577
0.42
1.039
0.464
0.298
0.188
0.094
0.111
0.134
0.077
0.131
0.085
0.761
0.827
0.147
1.473
2.551
2.188
1.087
1.079
1.711
1.519
1.21
0.368
0.643
0.5
0.589
0.435
0.305
0.145
0.095
0.111
0.139
0.058
0.131
0.08
0.756
0.836
0.133
0.598
2.514
1.44
0.745
3.009
0.592
0.508
1.077
0.439
0.643
0.528
0.535
0.459
0.315
0.136
0.077
0.106
0.121
0.055
0.123
0.164
0.212
0.409
0.062
0.598
2.369
1.44
0.781
2.73
0.556
0.513
0.72
0.558
0.534
0.506
0.515
0.522
0.306
0.147
0.13
0.176
0.099
0.181
0.113
0.183
1.57
3.86
0.755
0.202
1.104
0.782
0.499
1.237
0.155
0.099
0.403
1.284
0.624
0.509
0.638
0.646
0.526
0.086
0.099
0.111
0.075
0.115
0.093
0.118
1.57
3.806
0.755
0.183
1.647
0.782
0.114
1.202
0.228
0.205
0.49
1.18
0.648
0.493
0.6
0.597
0.494
0.136
0.093
0.086
0.126
0.054
0.123
0.18
0.208
0.421
0.06
0.515
2.802
1.72
0.667
2.71
1.001
0.421
0.72
0.653
0.509
0.51
0.508
0.565
0.361
0.111
0.091
0.069
0.109
0.054
0.109
0.174
0.119
0.779
0.195
1.223
3.618
1.41
0.632
3.305
1.494
0.429
0.378
0.74
0.708
0.571
0.722
1.113
0.315
0.102
0.106
0.068
0.106
0.073
0.1
0.185
0.126
0.77
0.196
1.215
3.666
1.305
0.226
3.072
2.196
0.575
0.393
2.076
0.643
0.58
0.699
1.114
0.273
0.103
0.086
0.088
0.095
0.077
0.1
0.185
0.133
0.743
0.213
1.795
3.152
1.171
0.169
1.149
1.832
0.4
0.415
2.076
0.654
0.579
0.807
1.114
0.276
0.099
0.104
0.071
0.099
0.077
0.094
0.098
0.145
0.743
0.199
1.795
3.152
1.171
0.078
1.246
1.83
0.386
0.45
1.988
0.622
0.562
0.846
1.095
0.349
0.112
0.093
0.092
0.111
0.074
0.117
0.09
2.245
0.329
0.255
0.183
0.619
0.657
0.219
0.091
0.202
0.207
0.452
0.513
0.516
0.493
0.617
0.66
0.494
0.112
0.088
0.069
0.117
0.038
0.117
0.066
1.987
0.51
0.131
0.262
0.619
0.3
0.366
0.148
0.174
0.43
0.882
1.097
1.271
0.502
1.184
0.66
0.284
0.095
0.104
0.075
0.093
0.091
0.079
0.102
0.143
0.742
0.207
1.522
2.659
0.88
0.643
1.256
1.914
0.945
0.525
2.858
1.184
0.557
0.846
1.089
0.32
0.084
0.107
0.076
0.098
0.087
0.074
0.103
0.142
1.051
0.882
0.922
1.259
0.687
1.961
0.861
1.954
1.518
0.525
3.396
1.014
0.477
0.936
0.539
0.396
0.412
0.178
0.073
0.105
0.23
0.276
0.089
0.134
1.069
0.898
0.919
0.987
0.808
1.969
0.449
1.287
1.389
0.511
1.99
1.328
0.452
1.771
0.999
0.387
0.406
0.178
0.071
0.105
0.238
0.262
0.101
0.12
1.031
0.995
0.293
0.681
0.866
1.969
1.121
2.105
1.408
0.5
2.367
1.329
0.472
1.712
0.968
0.387
0.411
0.17
0.089
0.09
0.255
0.246
0.122
0.144
1.045
0.995
0.297
0.681
0.866
2.037
1.018
2.241
1.411
0.458
2.47
1.35
0.472
1.716
0.949
0.411
0.104
0.106
0.064
0.116
0.054
0.104
0.089
1.969
0.506
0.128
0.272
0.207
4.269
2.855
0.156
0.045
0.339
0.881
1.097
1.17
0.52
1.184
0.702
0.318
0.097
0.108
0.049
0.116
0.083
0.076
0.286
0.173
0.506
0.134
0.272
0.249
4.274
2.855
0.185
0.098
0.376
0.881
1.099
1.119
0.52
1.212
0.569
0.318
0.423
0.171
0.086
0.096
0.256
0.246
0.122
0.153
1.04
1.003
0.306
0.657
1.01
2.839
0.989
1.709
0.857
0.375
1.558
0.801
0.842
1.716
0.953
0.363
0.588
0.175
0.119
0.087
0.267
0.249
0.134
0.231
0.371
0.231
0.177
0.63
1.005
1.626
0.773
1.23
0.265
0.378
1.919
1.254
0.864
1.399
0.936
0.259
0.267
0.112
0.103
0.091
0.124
0.071
0.134
0.222
0.378
0.213
0.185
0.119
0.478
1.711
0.78
1.556
0.317
2.331
3.056
0.965
1.247
0.585
0.415
0.362
0.353
0.202
0.17
0.184
0.205
0.153
0.21
0.313
0.533
0.183
0.211
0.124
0.522
1.711
0.147
0.826
0.314
2.325
2.748
0.945
1.238
0.507
0.451
0.425
0.352
0.213
0.173
0.186
0.211
0.161
0.214
0.353
0.496
0.253
0.211
0.158
0.539
1.851
0.147
0.695
0.67
2.335
3.172
1.182
1.278
0.469
0.432
0.334
0.102
0.108
0.075
0.102
0.084
0.077
0.286
0.36
1.237
2.045
2.697
1.951
5.32
4.277
1.094
1.21
1.195
0.825
1.145
1.465
1.457
0.489
1.428
0.984
0.102
0.099
0.092
0.094
0.106
0.067
0.294
0.412
1.176
2.053
2.613
5.022
3.232
3.037
2.231
2.21
2.237
1.717
1.775
1.989
1.797
1.422
1.409
0.877
0.349
0.213
0.191
0.179
0.2
0.174
0.196
0.359
0.498
1.768
0.866
1.368
1.896
0.717
0.144
0.695
0.682
2.397
3.098
1.635
1.514
0.545
0.415
0.384
0.189
0.187
0.176
0.184
0.171
0.19
0.163
0.363
0.498
2.325
2.475
2.268
3.129
1.359
0.847
2.451
1.379
3.602
2.09
1.123
1.51
0.611
0.589
0.494
0.278
0.258
0.266
0.275
0.272
0.264
0.283
0.47
0.517
2.342
2.546
3.166
3.623
1.291
0.849
2.112
1.306
1.641
0.901
1.166
1.077
0.578
0.654
0.379
0.214
0.189
0.204
0.191
0.203
0.187
0.22
0.411
0.449
2.331
2.855
3.928
3.937
2.302
1.918
2.303
2.203
2.553
1.169
1.589
1.252
1.611
1.098
0.34
0.212
0.178
0.199
0.19
0.194
0.187
0.296
0.31
0.445
2.3
2.855
3.928
3.937
2.227
1.935
2.284
1.853
2.563
0.622
1.374
1.21
1.656
1.098
0.326
0.091
0.1
0.104
0.074
0.093
0.099
0.282
2.634
2.277
2.053
2.615
5.022
3.232
3.037
2.231
2.21
2.237
1.717
1.775
1.989
1.797
1.434
1.409
0.88
0.091
0.105
0.091
0.081
0.112
0.099
0.282
2.615
1.539
0.214
0.18
3.321
2.257
1.812
1.265
1.199
1.273
2.489
2.856
0.96
0.851
1.434
0.56
0.235
0.206
0.183
0.2
0.197
0.206
0.166
0.314
0.397
0.366
0.817
2.189
2.719
2.521
2.019
1.935
2.284
1.853
2.575
0.624
0.957
0.609
1.602
1.058
0.275
0.206
0.183
0.199
0.199
0.206
0.164
0.314
0.41
0.35
0.279
0.566
1.815
1.357
1.402
1.24
0.467
1.154
1.451
0.62
0.925
0.665
1.563
0.957
0.224
0.117
0.103
0.107
0.104
0.122
0.083
0.204
0.393
0.24
0.252
0.499
1.002
0.882
1.477
1.268
0.54
1.157
1.483
0.803
1.009
0.76
1.743
1.062
0.278
0.123
0.093
0.098
0.113
0.107
0.089
0.188
0.466
0.138
0.269
0.483
0.734
1.143
1.04
0.736
0.785
0.397
1.42
1.216
1.564
1.116
0.742
0.968
0.354
0.132
0.089
0.096
0.113
0.098
0.1
0.185
1.16
0.161
0.269
0.474
0.734
1.06
1.091
0.732
0.764
0.397
1.42
1.222
1.591
1.116
0.723
1.005
0.445
0.103
0.105
0.103
0.081
0.101
0.104
0.319
2.497
1.539
0.155
0.18
0.144
0.227
0.799
0.093
0.183
0.314
1.399
2.254
0.517
0.451
0.585
0.475
0.235
0.103
0.113
0.095
0.094
0.109
0.109
1.484
0.429
0.461
0.19
0.174
0.098
0.187
0.585
0.134
0.212
0.314
1.725
2.178
0.505
0.441
0.516
0.419
0.284
0.135
0.1
0.095
0.115
0.094
0.104
0.182
1.162
0.161
0.282
0.467
0.737
1.07
1.091
0.777
0.769
0.398
1.479
2.361
1.626
1.151
0.685
1.005
0.445
0.144
0.103
0.095
0.113
0.099
0.094
0.187
1.183
0.158
0.573
0.712
0.735
1.822
2.153
0.777
0.808
0.806
1.45
2.361
1.626
1.131
0.686
0.981
0.403
0.144
0.103
0.098
0.111
0.092
0.089
0.191
2.457
0.609
0.538
0.764
0.691
1.829
2.148
0.737
0.816
0.863
1.397
2.254
1.59
1.179
0.584
0.924
0.379
0.12
0.099
0.097
0.102
0.093
0.091
0.204
2.451
0.648
0.523
0.463
0.174
1.063
1.72
0.162
0.294
0.727
1.303
2.474
0.595
0.671
0.57
0.558
0.323
0.125
0.106
0.104
0.112
0.108
0.11
0.581
2.274
0.645
0.523
0.467
0.174
1.063
1.714
0.184
0.294
0.69
1.266
2.46
0.593
0.671
0.539
0.506
0.243
0.099
0.111
0.101
0.092
0.101
0.109
1.484
0.587
0.273
0.256
0.096
0.088
0.811
0.759
0.145
0.132
0.269
0.518
1.759
1.991
0.614
0.533
0.316
0.341
0.096
0.109
0.098
0.097
0.104
0.107
1.436
0.587
0.11
0.32
1.519
2.48
1.13
1.309
1.185
0.384
1.326
1.588
2.394
2.064
0.606
0.459
0.455
0.265
0.119
0.104
0.102
0.106
0.108
0.11
0.596
2.273
0.645
0.52
0.511
0.231
1.067
1.714
0.199
0.377
0.718
1.141
1.333
0.546
0.62
0.544
0.467
0.253
0.107
0.102
0.095
0.099
0.108
0.112
0.694
2.227
0.678
0.57
1.012
0.982
0.533
0.704
1.483
0.699
1.233
1.868
1.427
1.636
0.622
0.544
0.406
0.189
0.107
0.103
0.096
0.096
0.108
0.115
0.762
0.868
0.403
0.765
1.211
1.409
0.703
0.966
1.668
0.928
1.264
1.841
1.347
1.602
0.462
0.47
0.27
0.179
0.105
0.103
0.107
0.086
0.113
0.19
0.767
0.844
0.36
0.741
1.19
1.48
0.694
0.803
1.668
0.928
1.362
1.038
0.446
1.607
0.406
0.461
0.251
0.163
0.097
0.086
0.102
0.08
0.103
0.18
0.316
0.338
0.305
0.781
1.946
2.048
1.064
0.968
1.986
1.246
1.613
1.086
0.471
1.574
0.417
0.457
0.21
0.341
0.097
0.099
0.098
0.094
0.076
0.115
0.316
0.46
0.11
0.32
1.502
2.855
1.13
1.309
1.157
0.353
1.399
1.333
2.394
2.064
0.614
0.498
0.464
0.256
0.084
0.099
0.097
0.094
0.1
0.115
0.487
2.765
1.003
0.24
2.466
3.162
2.944
1.63
1.225
0.407
1.451
1.307
1.047
0.495
0.436
0.485
0.545
0.114
0.103
0.089
0.093
0.084
0.09
0.181
0.406
0.25
0.334
1.175
2.27
2.376
1.099
1.204
2.139
1.354
1.613
1.086
0.466
1.565
0.435
0.46
0.185
0.105
0.106
0.093
0.088
0.093
0.093
0.183
0.318
0.351
0.305
2.333
1.621
1.702
0.971
1.052
0.857
0.984
0.984
1.388
0.348
0.459
0.388
0.469
0.179
0.104
0.106
0.092
0.088
0.108
0.08
0.183
0.328
0.345
0.156
2.123
1.321
1.341
0.754
0.74
0.664
0.722
1.166
1.362
0.325
0.794
1.296
1.257
0.314
0.102
0.107
0.091
0.078
0.108
0.076
0.105
0.307
0.4
0.171
2.353
1.989
1.64
0.817
0.783
0.73
0.964
1.164
1.408
0.349
1.094
2.515
2.137
0.413
0.169
0.168
0.153
0.137
0.17
0.156
0.154
0.467
1.505
1.084
2.371
1.281
1.059
0.559
0.518
0.48
0.736
0.997
1.407
0.394
1.126
2.555
2.186
0.515
0.149
0.094
0.128
0.11
0.094
0.13
0.116
0.531
2.597
1.084
0.108
1.057
1.178
2.667
0.743
0.208
0.206
0.704
2.346
1.669
0.355
0.475
0.42
0.399
0.15
0.095
0.128
0.104
0.089
0.13
0.1
0.511
2.589
1.084
0.966
1.105
2.105
4.549
1.199
0.215
0.206
1.184
2.418
1.662
0.312
0.403
0.423
0.372
0.234
0.229
0.215
0.212
0.22
0.225
0.319
0.424
1.564
1.116
1.995
0.971
0.762
0.435
0.343
0.394
0.589
0.997
1.454
0.328
1.104
3.313
2.957
1.116
0.221
0.226
0.211
0.218
0.218
0.224
0.367
0.457
1.49
1.112
0.492
0.878
0.805
0.353
0.354
0.402
0.589
0.938
0.381
0.348
1.627
4.063
3.521
1.116
0.222
0.225
0.21
0.214
0.217
0.224
0.457
0.382
1.503
1.383
0.857
1.239
1.112
0.635
0.676
0.532
0.757
1.045
0.551
0.947
1.991
3.958
3.386
0.987
0.221
0.224
0.21
0.218
0.216
0.222
0.457
0.454
1.439
1.386
0.666
0.569
0.879
0.586
0.676
0.531
0.613
1.043
1.902
1.9
2.336
3.356
2.991
0.906
0.158
0.16
0.156
0.156
0.152
0.162
0.506
1.867
0.45
0.471
0.603
0.518
0.879
0.48
0.674
0.517
0.597
0.96
1.852
1.782
2.678
3.587
3.315
0.959
0.152
0.101
0.13
0.112
0.101
0.129
0.1
0.511
0.091
0.27
0.966
0.176
1.826
2.383
0.561
0.17
0.195
1.184
2.444
1.59
0.276
0.481
0.423
0.325
0.105
0.101
0.1
0.099
0.092
0.099
0.188
0.476
0.152
0.243
1.228
0.277
1.705
2.383
0.63
2.125
2.003
0.845
0.671
2.758
1.937
2.263
1.331
1.014
0.099
0.096
0.09
0.095
0.101
0.107
0.345
1.888
0.627
0.704
0.854
0.693
0.952
0.417
0.636
0.399
0.537
0.935
1.862
1.87
3.098
3.597
3.365
0.538
0.12
0.115
0.109
0.114
0.121
0.123
0.31
1.935
0.647
0.911
1.218
1.031
1.035
0.412
0.576
0.388
0.526
0.849
1.862
1.851
2.976
3.395
3.233
0.902
0.119
0.115
0.11
0.117
0.121
0.123
0.224
1.935
0.645
0.647
0.824
0.73
0.729
0.14
0.236
0.3
0.314
0.644
1.688
1.251
2.581
3.376
2.989
0.865
0.119
0.116
0.114
0.119
0.121
0.123
0.219
1.933
0.645
0.659
0.923
0.788
0.67
0.179
1.573
0.806
0.714
1.355
1.181
1.395
2.58
3.759
3.833
1.102
0.119
0.116
0.117
0.12
0.121
0.115
0.532
1.136
0.778
0.659
0.923
0.788
0.67
0.233
1.571
0.714
0.667
1.397
1.477
1.993
2.695
3.577
3.736
0.971
0.101
0.101
0.1
0.1
0.101
0.099
0.347
0.384
1.225
2.381
2.306
1.389
2.607
1.229
0.191
2.211
2.234
1.367
3.068
6.779
3.588
3.832
2.872
1.014
0.094
0.098
0.097
0.098
0.102
0.098
0.347
0.375
1.225
2.593
4.928
2.237
3.112
0.867
1.012
3.231
2.234
3.096
4.345
6.779
3.601
3.832
2.932
0.983
0.117
0.116
0.117
0.12
0.117
0.115
0.532
1.139
0.58
0.401
0.614
0.659
0.528
0.316
1.538
0.756
0.701
1.611
2.944
2.463
2.353
3.256
3.366
0.955
0.099
0.098
0.107
0.1
0.097
0.095
0.515
1.123
0.618
0.225
0.214
0.381
0.488
0.316
1.576
0.786
0.701
1.529
3.167
2.971
2.41
3.237
3.409
0.81
0.115
0.112
0.116
0.109
0.106
0.103
0.604
1.091
0.621
0.202
0.211
0.333
0.373
0.373
1.549
0.786
0.702
1.988
3.408
2.971
2.44
2.88
3.409
1.09
0.12
0.117
0.12
0.106
0.108
0.106
0.606
1.092
0.582
0.226
0.167
0.339
0.42
0.347
0.186
0.234
0.29
1.649
4.335
2.314
2.462
2.581
3.426
1.477
0.121
0.117
0.12
0.105
0.108
0.106
0.279
0.328
0.274
0.226
0.167
0.339
0.56
0.316
0.271
0.287
0.299
1.994
4.497
2.186
2.399
2.419
3.166
1.828
0.095
0.098
0.097
0.099
0.103
0.099
0.287
0.527
1.183
2.593
4.928
2.237
3.112
0.898
0.971
1.37
0.406
3.096
4.345
6.516
3.562
2.853
2.944
0.502
0.111
0.109
0.115
0.116
0.119
0.116
0.329
0.527
0.132
0.484
3.02
1.09
1.275
0.279
1.083
2.052
1.362
3.034
2.886
3.465
2.846
2.169
2.262
1.394
0.125
0.117
0.12
0.112
0.114
0.108
0.357
0.29
0.508
0.198
0.236
1.008
0.857
0.29
0.464
0.278
0.495
2.18
3.557
2.158
2.365
2.45
3.133
1.828
0.123
0.115
0.109
0.112
0.114
0.11
0.357
0.394
0.416
0.208
0.581
0.96
0.731
0.38
0.441
0.296
0.496
2.18
3.557
2.457
2.767
2.785
3.451
2.326
0.108
0.103
0.1
0.104
0.106
0.102
0.269
0.437
0.371
0.223
0.622
1.054
0.897
0.324
0.428
0.344
0.948
2.2
4.722
2.45
2.771
2.785
3.415
2.346
0.102
0.098
0.095
0.103
0.105
0.101
0.268
0.406
0.427
0.228
0.601
1.074
0.836
0.366
0.473
0.374
0.901
2.143
4.948
2.581
2.513
2.519
2.514
2.021
0.1
0.099
0.097
0.106
0.108
0.103
0.268
0.407
0.439
0.228
0.601
1.074
0.819
0.366
0.394
0.345
0.899
2.428
5.909
2.967
2.558
2.506
2.892
1.807
1.024
0.113
0.116
0.116
0.116
0.116
0.397
0.457
0.181
0.294
0.227
1.055
1.657
0.805
0.271
0.937
1.826
2.232
2.217
2.138
2.111
2.169
2.192
1.394
1.024
0.113
0.116
0.114
0.114
0.114
0.397
0.396
0.238
0.341
0.22
1.05
1.657
0.805
0.244
0.99
1.826
2.232
2.217
1.251
1.201
1.276
1.291
1.15
0.094
0.099
0.099
0.1
0.105
0.103
0.267
0.407
0.243
0.22
0.527
0.299
0.75
0.332
0.199
0.441
1.163
2.471
5.811
2.942
2.558
2.479
2.918
1.807
0.095
0.099
0.099
0.1
0.105
0.101
0.266
0.379
0.276
0.417
0.578
0.73
1.019
0.322
0.402
0.822
1.192
2.581
6.817
2.597
2.138
2.491
2.999
1.353
0.095
0.098
0.098
0.101
0.105
0.102
0.264
0.307
0.322
0.822
0.955
0.769
0.964
0.309
0.432
0.792
1.058
2.311
5.701
2.615
2.965
2.491
3.277
1.502
0.097
0.099
0.099
0.103
0.105
0.102
0.265
0.341
0.3
0.803
1.017
0.74
0.964
1.776
0.51
0.823
1.109
2.455
4.135
2.509
2.601
2.49
4.226
1.808
0.112
0.109
0.11
0.107
0.106
0.107
0.274
0.29
0.286
0.823
1.037
0.76
1.025
1.775
0.545
0.823
1.532
2.246
3.192
2.199
2.573
2.434
3.89
2.013
1.01
0.104
0.102
0.099
0.103
0.103
0.2
2.59
1.615
0.278
0.445
1.641
1.344
0.757
0.105
0.184
0.717
1.493
1.672
1.318
1.227
1.194
1.398
1.078
0.092
0.099
0.1
0.1
0.104
0.104
0.101
2.59
1.813
0.279
0.345
2.877
2.508
0.223
1.088
0.204
1.204
1.463
1.635
2.211
2.141
2.161
2.202
1.075
0.112
0.109
0.108
0.103
0.102
0.102
0.197
0.359
0.288
0.823
1.037
0.76
0.858
1.742
0.621
0.771
1.142
2.088
4.394
2.625
2.636
2.428
3.89
1.878
0.11
0.108
0.11
0.107
0.102
0.103
0.193
0.407
0.293
0.591
0.724
0.421
0.642
1.642
0.459
0.404
1.142
1.772
3.404
2.625
3.027
2.062
3.485
1.961
0.111
0.11
0.11
0.106
0.101
0.102
0.292
0.411
0.247
0.167
0.424
0.387
0.695
1.748
0.492
0.401
0.863
1.523
3.387
2.633
2.162
2.105
3.181
1.815
0.111
0.109
0.109
0.105
0.102
0.102
0.391
0.356
0.237
0.14
0.4
0.442
0.691
0.274
1.486
1.38
1.536
3.634
3.671
3.498
3.269
2.22
2.782
1.908
0.104
0.105
0.1
0.108
0.11
0.108
0.407
0.405
0.237
0.127
0.38
0.489
0.695
0.274
1.482
2.306
1.776
3.176
3.324
3.468
3.257
2.221
2.759
1.881
0.101
0.106
0.11
0.105
0.114
0.106
0.294
2.422
1.813
0.155
0.343
2.877
2.508
0.441
1.088
0.123
1.08
1.484
2.446
2.211
2.226
2.192
2.314
1.581
0.118
0.104
0.104
0.118
0.108
0.1
0.436
0.261
0.453
0.907
0.362
2.262
2.43
0.421
1.1
0.228
1.105
1.484
2.513
4.124
2.209
2.192
2.193
0.689
0.11
0.109
0.1
0.11
0.12
0.109
0.407
0.431
0.208
0.165
0.417
0.501
0.695
0.369
1.418
2.268
1.765
3.165
1.619
3.179
3.234
2.28
2.759
1.881
0.11
0.124
0.102
0.111
0.133
0.11
0.407
0.385
0.18
0.2
0.379
0.472
0.662
0.408
1.465
2.311
1.771
3.186
1.635
3.179
3.175
2.28
2.784
2.13
0.108
0.127
0.112
0.109
0.133
0.11
0.321
0.476
0.18
0.184
0.307
0.429
0.578
0.295
1.442
2.984
2.959
3.502
1.915
2.734
2.84
2.306
2.794
1.999
0.115
0.128
0.11
0.109
0.133
0.119
0.355
0.476
0.199
0.205
0.254
0.322
0.569
0.235
0.302
1.954
2.276
0.884
1.154
1.389
1.526
2.231
2.211
1.819
0.116
0.127
0.109
0.098
0.119
0.106
0.32
0.468
0.231
0.203
0.254
0.293
0.368
0.337
0.297
0.97
1.728
0.91
1.497
1.409
1.53
2.245
2.216
1.799
0.133
0.102
0.111
0.136
0.11
0.102
0.436
0.422
0.254
0.88
0.406
0.143
0.444
0.447
0.122
0.217
0.137
0.507
2.513
4.056
1.385
1.272
1.35
0.713
0.248
0.818
1.018
0.145
0.964
0.129
1.347
2.316
1.091
1.404
0.406
0.155
0.452
0.213
0.287
0.583
2.847
2.873
2.148
4.475
4.084
1.352
1.332
1.23
0.109
0.13
0.115
0.097
0.109
0.106
0.32
0.464
0.267
0.381
0.421
0.22
0.357
0.244
0.248
1.012
1.802
0.98
2.531
2.408
2.225
2.512
2.4
2.462
0.114
0.119
0.113
0.095
0.097
0.103
0.32
0.511
0.267
0.385
0.374
0.205
0.326
0.263
0.208
0.946
1.732
1.061
2.531
2.672
2.581
2.518
2.389
2.038
0.116
0.12
0.11
0.094
0.097
0.102
0.338
0.468
0.238
0.479
0.381
0.301
0.444
0.321
0.194
0.217
0.482
0.759
1.921
2.744
2.581
2.472
2.409
2.488
0.323
0.121
0.11
0.094
0.097
0.093
0.235
0.478
0.245
0.492
0.406
0.374
0.541
0.331
0.279
0.29
0.543
0.759
1.911
2.744
2.462
2.471
2.418
2.14
0.315
0.124
0.107
0.094
0.1
0.161
1.093
1.178
0.483
0.492
0.415
0.343
0.541
0.316
0.277
0.295
0.397
0.75
2.155
3.151
2.523
2.516
2.418
2.109
0.408
0.831
1.022
0.145
0.964
0.129
1.228
2.316
1.113
0.725
0.162
0.155
0.452
1.526
2.602
0.485
2.836
3.681
1.69
1.646
6.359
3.068
2.183
1.442
0.408
0.831
1.031
0.129
0.961
0.127
1.221
2.315
1.113
0.732
0.128
0.109
0.108
1.526
2.602
0.484
2.946
3.681
1.69
2.401
6.359
3.068
2.274
2.027
0.318
0.118
0.116
0.098
0.101
0.163
1.104
1.162
0.437
0.362
0.281
0.425
0.548
0.384
0.283
0.296
0.244
0.892
1.138
1.519
1.362
2.243
2.245
1.679
0.523
0.118
0.115
0.098
0.109
0.165
1.104
1.146
0.441
0.412
0.353
0.398
0.615
0.346
0.257
0.338
0.279
0.866
1.511
1.701
1.428
2.243
2.236
1.731
0.524
0.112
0.108
0.098
0.107
0.166
1.083
1.157
0.484
0.347
0.359
0.384
0.469
0.336
0.319
0.386
0.426
0.787
1.343
1.64
1.45
2.265
2.218
1.721
0.316
0.113
0.109
0.097
0.108
0.167
1.051
1.157
0.484
0.314
0.378
0.417
0.518
0.336
0.287
0.369
1.338
1.978
1.805
2.159
1.882
2.279
2.21
1.721
0.316
0.103
0.111
0.097
0.106
0.099
0.208
0.698
0.22
0.284
0.378
0.458
0.542
0.79
1.037
0.629
1.561
2.011
1.076
1.295
1.512
2.235
2.202
1.633
0.28
0.114
0.131
0.107
0.095
0.12
0.21
1.098
2.923
0.256
0.125
0.182
0.465
1.468
2.558
0.16
0.297
1.49
1.243
2.096
3.709
2.998
2.281
1.974
0.093
0.106
0.131
0.104
0.098
0.13
0.21
1.098
2.901
0.72
2.996
0.201
0.682
0.155
0.32
0.16
0.297
0.821
1.156
2.185
2.298
2.217
2.281
1.974
0.315
0.11
0.106
0.094
0.104
0.1
0.198
0.682
0.316
0.252
0.338
0.431
0.561
0.815
1.084
0.625
1.795
1.808
1.555
1.768
1.83
2.228
2.24
1.39
0.105
0.11
0.105
0.094
0.094
0.101
0.2
0.659
0.316
0.201
0.293
0.507
0.492
0.839
1.087
0.661
1.795
3.162
1.294
1.34
1.428
2.264
2.203
1.675
0.107
0.116
0.109
0.094
0.095
0.1
0.195
0.678
0.268
0.248
0.262
0.484
0.456
0.858
1.038
0.658
1.78
3.319
1.308
1.395
1.727
2.257
2.2
1.654
0.103
0.108
0.106
0.097
0.102
0.105
0.281
0.603
0.255
0.25
0.246
0.413
0.4
0.858
1.039
0.713
0.985
2.178
1.79
1.703
1.735
2.566
2.225
1.654
0.113
0.112
0.105
0.097
0.108
0.122
1.041
1.193
0.261
0.25
0.246
0.349
0.355
0.344
0.291
0.455
0.801
2.155
1.824
1.685
1.645
2.566
2.221
1.81
0.115
0.107
0.114
0.096
0.101
0.236
0.201
1.096
2.901
0.743
3.076
0.242
0.855
1.395
1.261
1.14
1.243
1.283
1.214
2.24
2.18
2.281
2.185
1.553
0.125
0.118
0.098
0.098
0.101
0.226
0.308
2.464
1.61
0.743
3.076
0.176
0.707
1.449
1.151
1.182
1.183
1.132
1.495
4.68
2.126
2.281
2.108
1.144
0.112
0.109
0.107
0.095
0.109
0.126
1.05
1.288
0.158
0.252
0.282
0.4
0.364
0.254
0.235
0.428
0.564
2.312
1.372
1.197
1.217
2.108
2.172
1.608
0.121
0.116
0.108
0.096
0.116
0.131
1.081
1.246
0.219
0.215
0.308
0.286
0.44
0.215
0.206
0.377
0.442
2.133
1.658
1.194
1.193
1.637
1.738
1.151
0.119
0.124
0.108
0.097
0.119
0.136
1.161
1.133
0.246
0.176
0.275
0.286
0.5
0.163
0.233
0.333
0.395
2.083
1.658
1.129
0.739
1.189
1.301
0.675
0.117
0.124
0.121
0.096
0.113
0.136
1.087
1.229
0.233
0.2
0.388
0.354
0.548
0.243
0.299
0.344
0.296
2.154
0.724
0.344
0.339
0.408
0.82
0.682
0.112
0.121
0.123
0.109
0.108
0.122
0.323
0.355
0.251
0.2
0.396
0.422
0.548
0.254
0.363
0.395
0.336
2.154
0.687
0.351
0.308
0.418
0.386
0.247
0.131
0.131
0.095
0.096
0.096
0.23
0.503
2.452
1.649
0.221
0.206
0.17
0.874
1.453
1.154
1.182
1.248
1.224
1.495
4.68
2.126
2.271
2.108
1.816
0.617
0.131
0.094
0.118
0.103
0.127
0.503
2.462
1.649
0.219
0.117
0.209
0.637
0.269
2.393
1.149
0.214
1.311
1.133
3.68
3.047
3.683
2.161
1.988
0.122
0.123
0.112
0.109
0.118
0.12
0.4
0.262
0.267
0.142
0.375
0.341
0.542
0.254
0.373
0.356
0.318
2.143
0.656
0.351
0.338
0.381
0.382
0.597
0.114
0.119
0.122
0.115
0.112
0.114
0.378
0.312
0.245
0.136
0.311
0.327
0.548
0.254
0.396
0.436
0.394
0.791
0.302
0.343
0.325
0.602
0.767
0.557
0.114
0.114
0.128
0.115
0.11
0.109
0.376
0.344
0.244
0.131
0.353
0.379
0.548
0.335
0.435
0.514
0.439
0.791
0.311
0.368
0.389
0.575
0.777
0.582
0.118
0.117
0.119
0.129
0.118
0.112
0.369
0.354
0.259
0.113
0.311
0.342
0.437
0.327
0.385
0.457
0.383
0.723
1.44
0.781
0.351
0.615
0.739
0.577
0.112
0.12
0.129
0.117
0.118
0.112
0.331
0.388
0.257
0.125
0.3
0.275
0.396
0.368
0.349
0.653
0.409
0.84
2.089
1.552
0.373
0.604
0.743
0.543
0.617
0.113
0.121
0.123
0.104
0.114
0.506
0.295
0.292
0.219
0.126
0.402
0.637
0.211
2.395
1.174
0.255
1.311
2.228
1.636
2.149
2.781
1.534
1.988
1.112
0.146
0.146
0.136
0.131
0.138
0.322
0.464
0.2
0.337
0.155
0.402
0.438
0.197
2.472
1.174
0.218
1.771
2.228
2.275
3.064
3.705
2.165
1.923
0.107
0.114
0.129
0.127
0.116
0.109
0.324
0.388
0.258
0.136
0.364
0.304
0.434
0.364
0.349
0.653
0.463
0.67
2.089
1.538
0.329
0.638
0.819
0.728
0.124
0.138
0.132
0.135
0.126
0.128
0.41
0.3
0.228
0.147
0.465
0.392
0.396
0.441
0.31
0.663
0.429
0.78
2.153
1.579
0.336
0.431
0.42
0.81
0.174
0.131
0.127
0.135
0.129
0.129
0.325
0.347
0.257
0.147
0.53
0.413
0.428
0.383
0.258
0.626
0.395
0.747
2.151
3.123
1.08
0.896
0.828
0.923
0.171
0.137
0.125
0.122
0.121
0.127
0.325
0.258
0.221
0.147
0.502
0.341
0.455
0.325
0.218
0.566
0.395
1.059
2.179
2.733
1.063
1.104
1.33
1.128
0.171
0.135
0.115
0.13
0.123
0.128
0.361
0.218
0.231
0.137
0.502
0.341
0.461
0.263
0.183
0.312
0.318
0.913
1.533
2.179
1.49
1.571
1.781
1.128
0.607
0.152
0.146
0.122
0.123
0.138
0.456
0.329
0.253
0.248
0.272
0.376
0.419
0.543
0.255
0.255
0.345
0.766
2.147
2.275
1.217
1.4
1.237
1.326
0.607
0.152
0.143
0.124
0.123
0.141
0.358
2.161
1.258
0.248
0.272
0.195
0.313
0.543
0.377
0.162
1.288
1.716
1.24
1.787
2.136
2.32
2.229
2.063
0.168
0.132
0.115
0.132
0.116
0.128
0.279
0.305
0.233
0.127
0.47
0.391
0.374
0.318
0.209
0.384
0.296
1.312
2.704
2.179
1.678
1.609
1.74
0.611
0.151
0.107
0.102
0.119
0.112
0.114
0.194
0.363
0.271
0.118
0.369
0.333
0.384
0.258
0.233
0.366
0.355
1.241
2.676
2.165
1.678
1.609
1.973
1.057
0.114
0.11
0.104
0.117
0.109
0.111
0.286
0.285
0.267
0.122
0.394
0.324
0.46
0.233
0.252
0.357
0.356
1.284
2.711
0.61
1.124
1.571
2.026
1.24
0.12
0.103
0.1
0.117
0.108
0.11
0.291
0.367
0.267
0.161
0.375
0.429
0.478
0.205
0.283
0.384
0.568
2.458
1.605
0.61
1.124
1.486
1.966
1.416
0.12
0.103
0.1
0.116
0.111
0.109
0.295
0.367
0.272
0.158
0.375
0.429
0.469
0.37
0.283
0.398
0.577
2.458
1.688
0.814
1.166
1.484
1.972
1.455
0.136
0.148
0.139
0.124
0.113
0.119
0.454
2.026
1.271
0.131
0.255
0.188
0.149
0.869
0.415
0.233
1.288
1.264
1.24
1.283
1.197
1.408
1.371
1.127
0.141
0.145
0.133
0.124
0.115
0.119
0.401
2.184
1.271
0.199
0.385
0.493
0.152
1.8
1.85
0.586
1.147
1.264
1.204
1.92
2.152
2.302
2.238
1.439
0.122
0.114
0.099
0.104
0.11
0.111
0.298
0.28
0.312
0.196
0.297
0.414
0.482
0.307
0.268
0.365
0.548
2.047
1.352
0.867
1.307
1.858
2.133
1.801
0.136
0.13
0.119
0.115
0.114
0.116
0.305
0.313
0.314
0.198
0.352
0.435
0.534
0.311
0.237
0.342
0.507
2.206
1.329
0.867
1.319
1.858
2.133
1.334
0.148
0.141
0.132
0.13
0.134
0.135
0.225
0.407
0.318
0.195
0.28
0.377
0.478
0.336
0.204
0.37
0.551
2.246
1.325
0.846
1.062
1.446
1.672
1.066
0.143
0.139
0.132
0.133
0.141
0.14
0.231
0.393
0.325
0.168
0.211
0.302
0.47
0.353
0.189
0.396
0.441
0.842
1.307
0.809
1.853
2.115
1.265
0.693
0.15
0.139
0.131
0.132
0.145
0.14
0.211
1.628
0.403
0.168
0.269
0.374
0.47
0.223
0.173
0.375
0.433
0.978
1.237
0.855
2.071
2.191
1.926
1.865
0.141
0.138
0.114
0.121
0.123
0.125
0.306
0.454
1.144
2.42
0.385
0.567
0.152
1.8
1.811
0.586
0.218
0.323
0.277
1.455
2.215
2.209
2.223
0.987
0.121
0.094
0.1
0.104
0.11
0.114
0.121
0.49
1.059
2.421
0.385
0.567
0.14
1.755
1.736
0.582
0.218
0.307
0.65
1.455
2.215
2.209
2.223
0.987
0.172
0.138
0.132
0.132
0.145
0.141
0.307
1.628
0.356
0.161
0.279
0.292
0.496
0.223
0.169
0.375
0.451
0.978
0.451
2.398
1.856
1.811
1.933
1.493
0.164
0.123
0.114
0.125
0.138
0.139
0.383
1.568
0.346
0.163
0.251
0.257
0.386
0.221
0.185
0.422
0.486
0.854
0.452
2.394
1.892
1.804
1.933
1.508
0.145
0.108
0.101
0.122
0.127
0.117
0.537
2.993
0.35
0.159
0.193
0.247
0.316
0.201
0.185
0.636
0.477
0.816
0.452
2.957
2.489
1.953
1.908
1.489
0.145
0.109
0.111
0.123
0.12
0.111
0.537
3.011
0.307
0.182
0.298
0.29
0.343
0.191
0.204
0.675
0.41
0.815
0.43
2.987
1.756
1.157
1.881
1.473
0.139
0.109
0.112
0.116
0.119
0.118
0.478
1.785
0.442
1.078
0.273
0.204
0.343
0.151
0.215
0.773
0.421
0.822
0.393
2.508
1.075
0.621
0.768
0.325
0.112
0.096
0.102
0.1
0.113
0.121
0.125
2.803
1.129
2.421
0.132
0.204
0.11
0.64
1.612
1.979
0.205
0.269
0.704
1.735
2.155
2.112
2.29
1.555
0.131
0.112
0.102
0.097
0.107
0.118
0.126
4.065
2.492
0.187
0.223
0.118
0.103
0.303
1.563
1.979
0.334
0.199
0.744
1.295
1.219
1.239
1.293
1.269
0.122
0.107
0.11
0.113
0.123
0.125
0.458
1.742
0.501
1.062
0.263
0.201
0.25
0.156
0.211
0.773
0.414
0.822
0.358
0.886
1.041
0.553
0.356
0.325
0.116
0.106
0.112
0.115
0.123
0.116
0.373
1.834
0.508
1.399
1.375
0.291
0.889
0.765
0.291
0.9
0.354
0.8
0.43
1.394
1.937
1.686
1.035
0.403
0.11
0.11
0.12
0.106
0.117
0.115
0.289
0.36
0.468
1.399
1.376
0.299
0.973
0.79
0.298
0.737
0.461
0.805
0.531
0.846
1.338
1.54
1.466
0.839
0.118
0.113
0.117
0.101
0.123
0.121
0.289
0.324
0.512
1.363
1.306
0.224
1.01
0.784
0.238
0.647
0.446
0.808
1.41
2.069
2.032
2.012
1.951
0.811
0.119
0.119
0.122
0.112
0.126
0.126
0.357
0.341
0.257
0.463
1.274
0.261
1.153
0.802
1.069
0.975
0.41
0.674
1.408
2.092
2.027
2.428
2.385
1.26
0.149
0.115
0.102
0.098
0.106
0.128
0.302
4.065
2.492
0.116
0.217
0.108
0.102
0.428
1.563
1.975
0.337
0.282
0.428
1.36
1.219
2.149
2.265
1.519
0.152
0.132
0.135
0.129
0.122
0.136
0.491
1.606
2.497
0.114
0.205
0.102
0.117
0.703
0.122
0.19
0.46
0.267
0.426
0.815
1.326
2.182
2.317
1.588
0.112
0.114
0.131
0.119
0.118
0.117
0.337
0.341
0.237
0.486
1.282
0.273
1.238
0.838
1.091
0.982
0.412
0.754
1.386
3.408
2.17
2.428
2.385
1.62
0.129
0.126
0.528
0.129
0.129
0.497
0.409
0.279
0.228
0.141
0.222
0.171
0.675
0.263
0.981
0.802
0.442
0.754
1.261
2.915
1.269
1.297
2.146
1.489
0.133
0.126
0.525
0.127
0.129
0.504
0.407
0.257
0.263
0.148
0.282
0.219
0.682
0.24
1.169
0.814
0.429
0.719
1.242
2.918
1.267
1.311
1.736
1.117
0.163
0.13
0.522
0.138
0.124
0.507
0.426
0.201
0.251
0.168
0.308
0.26
0.719
0.24
1.206
0.814
0.431
1.269
1.309
1.926
0.626
0.863
1.26
1.117
0.164
0.134
0.519
0.128
0.112
0.497
0.447
0.176
0.252
0.167
0.308
0.235
0.724
0.21
0.374
0.372
0.491
1.249
1.317
2.222
1.093
0.899
1.22
0.775
0.218
0.122
0.136
0.145
0.129
0.136
0.491
0.776
2.635
0.123
0.099
0.104
0.117
0.703
0.181
0.19
0.262
0.345
1.743
1.618
1.232
2.182
2.317
2.176
0.223
0.13
0.146
0.145
0.144
0.147
0.497
0.743
2.635
0.137
0.123
0.114
0.434
0.673
0.272
0.114
0.338
0.372
1.743
1.618
1.26
2.038
2.251
2.176
0.164
0.145
0.516
0.131
0.121
0.505
0.471
0.17
0.256
0.137
0.307
0.235
0.558
0.215
0.846
1.173
0.745
2.058
1.964
0.909
0.925
0.903
0.785
0.457
0.157
0.139
0.124
0.128
0.119
0.134
0.471
0.155
0.271
0.157
0.242
0.229
0.558
0.215
0.873
1.129
0.727
2.149
1.974
0.909
1.345
1.373
1.23
0.991
0.381
0.139
0.136
0.138
0.123
0.134
0.469
0.165
0.292
0.21
0.191
0.186
0.468
0.251
0.686
1.049
0.598
2.141
2.042
1.007
1.42
1.404
1.281
0.934
0.369
0.153
0.146
0.139
0.137
0.134
0.462
0.245
1.784
0.238
0.176
0.378
0.305
0.41
0.662
1.082
0.644
1.453
1.084
0.771
1.346
1.471
1.741
1.216
0.369
0.149
0.146
0.142
0.145
0.138
0.61
1.005
2.162
0.242
0.176
0.378
0.317
0.41
0.669
1.102
0.731
1.502
1.796
2.099
1.294
1.446
1.858
1.543
0.223
0.13
0.117
0.126
0.135
0.146
0.456
0.76
2.679
0.14
0.155
0.13
0.433
0.708
0.272
0.18
0.219
0.415
1.711
1.163
0.347
1.646
1.909
1.599
0.169
0.13
0.122
0.142
0.14
0.146
0.456
0.344
0.276
3.016
0.321
0.237
0.454
0.643
0.245
0.189
0.219
0.444
0.843
0.891
2.764
3.201
2.198
1.656
0.391
0.143
0.153
0.146
0.141
0.136
0.597
1.006
2.162
0.278
0.226
0.386
0.443
0.386
0.182
0.31
0.511
0.902
2.304
2.066
1.42
1.828
2.277
1.578
0.406
0.149
0.156
0.152
0.158
0.154
0.534
1.081
2.124
0.321
0.217
0.387
0.535
0.373
0.15
0.339
0.497
0.972
2.303
2.081
1.011
1.409
1.903
1.08
0.186
0.149
0.15
0.153
0.164
0.154
0.465
1.162
2.068
0.317
0.221
0.378
0.549
0.387
0.19
0.312
0.504
0.852
2.236
1.969
1.055
1.794
2.281
1.576
0.193
0.138
0.147
0.153
0.155
0.152
0.459
1.096
0.623
0.537
1.544
0.142
0.56
0.25
0.182
0.279
0.486
0.88
2.236
1.928
1.055
1.753
2.281
1.64
0.194
0.142
0.147
0.149
0.146
0.147
0.216
0.418
0.209
0.537
1.543
0.145
0.44
0.306
0.167
0.34
0.453
0.845
1.552
0.26
0.644
1.352
1.767
1.179
0.913
0.135
0.121
0.142
0.138
0.146
0.278
0.464
0.242
3.015
0.382
0.301
0.152
0.681
0.178
0.189
0.134
0.444
0.924
0.904
3.625
3.588
2.337
1.647
0.913
0.126
0.121
0.149
0.138
0.146
0.133
0.471
0.139
3.057
0.382
0.442
0.147
0.57
0.155
0.217
0.137
0.32
0.924
0.937
3.625
3.588
2.355
2.255
0.181
0.14
0.14
0.141
0.146
0.152
0.199
0.447
0.223
0.502
1.543
0.151
0.374
0.292
0.208
0.29
0.493
1.35
1.267
0.305
0.527
0.94
1.451
1.586
0.166
0.13
0.131
0.128
0.122
0.13
0.259
0.376
0.256
0.527
1.847
0.226
0.402
0.471
0.328
0.351
0.545
1.299
2.099
0.842
0.7
1.383
1.882
1.892
0.172
0.13
0.127
0.13
0.114
0.126
0.325
0.293
0.259
0.479
1.84
0.277
0.52
0.45
0.365
0.408
0.528
1.824
2.458
1.297
1.053
1.379
1.872
1.888
0.165
0.122
0.118
0.126
0.113
0.123
0.399
0.293
0.18
0.239
0.473
0.306
0.538
0.544
0.365
0.458
0.528
1.824
2.458
1.316
1.053
1.364
1.434
1.536
0.16
0.111
0.11
0.119
0.11
0.12
1.769
0.406
0.232
0.255
0.509
0.428
0.538
0.501
0.371
0.374
0.419
1.807
2.417
1.342
1.035
1.558
1.926
1.921
0.918
0.133
0.121
0.127
0.137
0.146
0.146
0.445
0.716
2.956
0.284
0.412
0.16
0.641
0.26
0.274
0.136
0.326
1.503
1.288
2.134
2.181
2.355
1.659
0.142
0.129
0.121
0.126
0.12
0.129
0.146
0.461
0.776
2.956
0.688
0.609
0.169
0.566
0.266
0.274
0.232
0.518
2.075
3.002
3.714
2.544
2.304
2.263
0.146
0.11
0.112
0.117
0.104
0.111
1.769
0.38
0.28
0.249
0.499
0.445
0.513
0.539
0.327
0.405
0.316
0.915
1.61
1.337
1.428
1.998
2.221
1.917
0.14
0.103
0.111
0.115
0.103
0.11
1.787
0.382
0.269
0.157
0.226
0.4
0.483
0.359
0.513
0.778
0.695
1.383
1.218
1.262
1.694
1.998
2.22
2.045
0.124
0.098
0.105
0.101
0.098
0.108
1.728
0.459
0.275
0.186
0.237
0.401
0.328
0.8
0.898
1.164
1.123
1.406
1.21
1.293
1.628
2.048
2.226
1.656
0.102
0.105
0.11
0.099
0.096
0.109
1.728
0.459
0.295
0.164
0.292
0.381
0.326
0.708
0.961
1.14
1.168
2.186
1.932
1.544
1.755
2.755
3.057
2.154
0.103
0.105
0.109
0.099
0.097
0.105
0.729
1.072
0.629
0.142
0.262
0.24
0.289
0.733
0.97
1.14
1.681
2.958
2.337
2.486
2.298
2.755
3.028
2.241
1.1
0.129
0.121
0.109
0.108
0.125
0.292
2.051
2.122
2.907
0.688
0.525
0.213
0.601
0.266
0.265
0.214
0.518
2.137
3.002
3.714
2.565
2.268
1.986
1.076
0.116
0.183
0.11
0.11
0.114
0.26
2.051
1.597
0.22
0.681
0.525
0.182
0.528
0.145
0.227
0.206
0.471
1.689
2.97
3.757
2.565
2.3
2.205
0.117
0.104
0.102
0.098
0.097
0.106
0.729
1.067
0.626
0.163
0.215
0.192
0.289
0.694
0.984
1.137
1.681
2.958
2.337
2.486
2.145
2.758
3.055
1.923
0.135
0.123
0.11
0.106
0.107
0.111
0.649
1.137
0.633
0.175
0.182
0.218
0.268
0.7
0.709
0.656
1.251
2.368
2.024
2.279
2.107
2.752
3.05
2.0
0.211
0.13
0.11
0.103
0.107
0.111
0.714
1.074
0.633
0.138
0.208
0.165
0.34
0.225
0.27
0.244
0.797
2.025
2.419
2.682
2.092
2.737
3.084
2.135
0.218
0.135
0.115
0.106
0.113
0.113
0.642
1.132
0.629
0.128
0.443
0.182
0.656
0.838
0.497
0.332
0.835
1.241
3.143
2.42
2.414
2.313
2.251
1.649
0.218
0.135
0.115
0.105
0.113
0.113
0.306
0.318
0.289
0.127
0.444
0.182
0.655
0.851
0.497
0.368
0.37
1.015
2.977
1.479
1.989
2.313
2.2
1.6
1.076
0.119
0.185
0.11
0.11
0.114
0.281
2.05
1.608
0.22
0.192
0.244
0.165
0.626
0.129
0.191
0.1
0.351
1.049
1.289
2.155
2.25
2.302
1.986
0.114
0.119
0.185
0.11
0.105
0.099
0.128
0.508
0.424
3.126
0.106
0.098
0.119
2.035
1.141
1.031
1.088
1.143
1.332
1.251
2.129
2.377
2.377
2.239
0.207
0.132
0.115
0.107
0.114
0.109
0.765
1.022
0.539
0.109
0.497
0.182
0.655
0.859
0.473
0.347
0.402
1.526
3.277
1.947
2.175
2.311
2.132
1.515
0.187
0.115
0.107
0.102
0.106
0.104
0.841
0.942
0.535
0.097
0.534
0.152
0.656
0.877
0.468
0.341
0.404
2.308
4.467
2.126
2.453
2.318
2.755
2.098
0.378
0.11
0.107
0.102
0.105
0.106
0.77
1.013
0.534
0.139
0.518
0.224
0.584
0.89
0.453
0.3
0.426
2.182
3.917
1.263
2.471
2.301
2.712
1.793
0.367
0.099
0.1
0.099
0.099
0.098
0.839
0.963
0.788
1.392
0.218
0.201
0.29
0.587
0.206
0.177
0.367
2.279
3.587
2.403
2.346
2.239
2.746
2.296
0.619
0.098
0.098
0.099
0.099
0.1
0.823
0.966
0.794
1.392
0.218
0.209
0.368
0.537
0.243
0.142
0.351
2.126
4.538
3.366
2.392
2.257
2.772
2.411
0.118
0.115
0.111
0.099
0.101
0.103
0.128
0.528
0.424
3.126
0.101
0.167
0.404
2.035
1.201
1.031
1.434
1.97
2.509
2.164
2.1
2.417
2.366
2.294
0.118
0.101
0.099
0.1
0.101
0.103
0.274
0.528
0.421
3.126
0.113
0.162
0.404
1.732
1.261
1.09
1.434
1.97
2.509
2.237
2.126
2.417
2.357
2.294
0.721
0.098
0.1
0.099
0.104
0.107
0.448
0.264
0.509
1.389
0.165
0.246
0.424
0.502
0.243
0.181
0.336
2.107
4.548
3.348
2.456
2.281
2.826
2.362
0.722
0.098
0.099
0.097
0.103
0.105
0.435
0.281
0.514
1.39
0.16
0.26
0.457
0.473
0.244
0.403
1.668
1.414
4.642
3.978
2.237
2.265
2.593
1.614
0.536
0.181
0.492
0.182
0.188
0.186
0.731
0.326
0.514
1.383
0.144
0.228
0.457
0.556
0.229
0.425
1.617
1.535
4.651
3.978
2.237
2.277
2.593
1.694
0.536
0.183
0.492
0.182
0.189
0.189
0.731
0.873
0.951
0.317
0.174
0.247
0.493
0.236
0.217
0.425
1.636
1.378
3.992
3.254
2.228
2.26
2.579
1.226
0.281
0.183
0.492
0.183
0.187
0.188
0.731
0.865
0.94
0.317
0.174
0.247
0.417
0.273
0.172
0.407
1.622
0.982
2.866
2.59
2.196
2.262
2.645
1.102
0.119
0.101
0.099
0.095
0.1
0.101
0.4
0.361
0.275
0.201
0.113
0.166
0.665
0.105
0.305
0.165
0.458
1.426
2.397
2.237
2.128
2.303
2.267
2.128
0.103
0.1
0.099
0.097
0.094
0.094
0.449
2.213
1.375
0.102
0.107
0.098
0.373
0.372
0.249
0.163
0.113
1.172
2.094
2.167
2.202
2.265
2.267
1.818
0.183
0.183
0.496
0.187
0.186
0.186
0.717
0.898
0.939
0.321
0.172
0.252
0.458
0.333
0.24
0.385
1.62
0.96
2.87
2.584
2.132
2.209
2.64
1.522
0.178
0.183
0.497
0.188
0.188
0.186
0.69
0.96
0.91
0.363
0.135
0.256
0.343
0.477
0.227
0.217
0.296
0.898
1.477
1.946
2.108
2.203
2.358
1.567
0.194
0.194
0.198
0.199
0.198
0.194
0.428
0.932
0.903
0.359
0.129
0.207
0.398
0.494
0.237
0.206
0.302
0.725
1.445
1.978
2.088
2.211
2.381
1.481
0.195
0.193
0.198
0.199
0.197
0.195
0.354
0.439
0.22
0.174
0.134
0.181
0.389
0.494
0.255
1.232
0.927
0.991
2.091
2.161
2.124
2.269
2.386
1.509
0.194
0.193
0.198
0.199
0.201
0.196
0.366
0.439
0.222
0.174
0.137
0.18
0.393
0.588
0.255
1.273
0.929
0.999
2.104
2.165
2.169
2.253
2.336
1.457
0.103
0.1
0.1
0.097
0.092
0.105
0.418
3.268
2.808
0.099
0.097
1.005
0.778
0.813
0.117
0.102
0.1
1.723
3.753
2.72
2.202
2.273
2.206
2.082
0.103
0.104
0.107
0.105
0.101
0.115
0.434
3.268
2.808
0.115
0.112
1.009
0.499
0.821
0.119
0.107
0.108
1.723
3.769
2.743
2.178
2.301
2.166
2.044
0.197
0.195
0.194
0.196
0.196
0.196
0.312
0.488
0.224
0.178
0.145
0.183
0.405
0.552
0.213
1.273
1.185
0.99
2.132
2.146
2.207
2.273
2.333
1.087
0.202
0.192
0.193
0.199
0.2
0.197
0.316
1.086
1.058
1.124
0.904
0.201
0.491
0.413
0.237
1.879
1.574
1.227
2.401
2.189
2.188
2.273
2.244
1.091
0.106
0.102
0.103
0.105
0.111
0.109
0.214
1.066
1.063
1.098
0.95
1.03
1.295
0.302
0.227
1.99
1.924
1.778
2.553
2.276
2.29
2.233
2.276
1.293
0.112
0.106
0.105
0.106
0.114
0.11
0.215
1.077
1.056
1.166
0.922
1.043
1.176
0.451
0.182
1.133
3.133
1.977
2.547
2.327
3.128
2.71
2.246
1.293
0.112
0.107
0.105
0.11
0.115
0.116
0.381
1.077
1.056
1.166
0.922
1.043
1.323
0.313
0.256
1.092
3.133
1.989
2.547
2.35
3.123
2.73
2.252
1.101
0.111
0.112
0.112
0.111
0.108
0.117
0.253
1.414
1.714
0.22
0.126
1.009
0.5
0.821
0.102
0.107
0.118
1.162
3.769
2.743
2.053
2.301
2.25
2.167
0.111
0.112
0.116
0.113
0.113
0.116
0.253
0.512
0.21
0.321
0.17
0.174
0.144
0.679
0.163
0.111
0.196
0.813
2.142
2.172
2.148
2.21
2.357
2.04
0.109
0.105
0.108
0.113
0.115
0.118
0.466
1.024
1.074
1.176
0.918
0.993
1.218
0.437
0.233
1.092
2.894
2.163
3.058
2.377
3.1
2.742
2.242
1.334
0.111
0.109
0.115
0.109
0.114
0.121
0.469
0.425
0.248
0.226
0.166
0.989
1.136
0.523
0.193
0.465
2.573
2.605
3.076
2.377
3.1
2.789
2.222
1.424
0.429
0.11
0.11
0.099
0.115
0.122
0.469
0.407
0.219
0.27
0.156
0.202
0.365
0.518
0.232
0.387
2.196
2.239
2.937
2.275
2.979
2.789
2.12
1.173
0.429
0.105
0.114
0.104
0.115
0.122
0.47
0.416
0.219
0.238
0.18
0.195
0.454
0.398
0.222
0.263
0.325
1.943
2.188
1.781
1.713
1.849
1.713
1.205
0.436
0.112
0.12
0.09
0.116
0.121
0.273
1.044
0.541
0.238
0.18
0.187
0.412
0.398
0.182
0.251
0.314
1.849
1.811
1.372
1.291
1.429
1.326
1.126
0.112
0.117
0.115
0.112
0.119
0.117
0.112
0.512
0.136
0.336
1.28
3.089
0.446
0.404
0.161
0.116
0.198
1.318
2.207
2.186
2.162
2.186
2.357
1.763
0.112
0.126
0.137
0.132
0.123
0.116
0.278
0.489
0.195
0.336
1.28
3.089
0.446
0.406
0.15
0.277
0.237
1.318
2.207
2.154
2.162
2.178
2.226
1.332
0.442
0.115
0.121
0.091
0.118
0.109
0.191
1.061
0.497
0.261
0.219
0.195
0.427
0.592
1.112
0.252
0.33
1.64
0.83
1.619
1.521
0.994
0.846
0.815
0.445
0.103
0.121
0.11
0.118
0.114
0.183
1.051
0.625
0.262
0.243
0.155
0.429
0.549
1.154
0.215
0.212
1.003
0.36
1.208
1.134
0.529
0.492
0.323
0.13
0.096
0.121
0.125
0.118
0.099
0.179
0.987
0.713
0.215
0.238
0.121
0.356
0.527
1.141
0.21
0.24
0.952
0.433
1.253
1.131
0.541
0.503
0.443
0.13
0.106
0.113
0.114
0.116
0.111
0.18
0.993
0.751
0.192
0.207
0.119
0.266
0.5
1.141
0.247
0.24
0.952
0.484
1.229
1.173
0.534
0.493
0.403
0.126
0.105
0.11
0.114
0.115
0.11
0.212
0.351
0.416
0.19
0.208
0.119
0.251
0.51
1.106
0.288
0.272
0.912
0.437
1.229
1.135
0.497
0.424
0.338
0.118
0.126
0.138
0.136
0.123
0.118
0.278
0.468
0.174
0.335
1.232
3.129
0.698
0.161
0.091
0.277
0.163
0.891
1.367
1.382
1.277
1.401
1.318
0.832
0.119
0.126
0.138
0.136
0.123
0.122
0.413
0.362
0.274
0.239
0.098
0.218
0.407
0.161
0.091
0.365
0.163
0.447
0.461
0.443
0.439
0.539
0.482
0.249
0.115
0.106
0.11
0.114
0.115
0.12
0.22
0.351
0.431
0.168
0.169
0.118
0.382
0.167
0.177
0.325
0.29
0.506
0.437
0.566
0.489
0.519
0.448
0.34
0.119
0.106
0.11
0.096
0.121
0.111
0.22
0.429
0.326
0.181
0.142
0.152
0.411
0.214
0.174
0.325
0.286
0.448
0.581
0.55
0.462
0.606
0.431
0.46
0.214
0.194
0.196
0.176
0.199
0.195
0.299
0.55
0.255
0.215
0.116
0.145
0.409
0.213
0.147
0.372
0.292
0.336
0.542
0.474
0.443
0.608
0.451
0.42
0.23
0.198
0.198
0.183
0.199
0.192
0.294
0.525
0.245
0.24
0.135
0.203
0.423
0.372
0.151
1.148
0.727
0.4
0.504
0.474
0.413
0.608
0.451
0.508
0.248
0.197
0.198
0.196
0.195
0.19
0.194
0.525
0.229
0.271
0.134
0.199
0.393
0.37
0.149
1.229
0.65
0.311
0.499
0.523
0.413
0.561
0.484
0.51
0.253
0.106
0.123
0.112
0.121
0.129
0.253
0.479
0.263
2.498
0.12
1.88
2.233
0.896
2.478
1.762
0.244
0.447
0.486
0.333
0.401
0.539
0.358
0.249
0.116
0.103
0.106
0.094
0.121
0.129
0.254
0.475
0.263
2.394
0.205
1.788
1.945
1.112
2.568
1.762
0.268
0.599
0.486
0.342
0.494
0.502
0.379
0.266
0.247
0.196
0.198
0.192
0.194
0.189
0.192
0.519
0.198
0.294
0.136
0.201
0.239
0.371
0.15
1.189
0.76
0.255
0.514
0.773
0.936
1.179
0.65
0.556
0.275
0.196
0.198
0.192
0.194
0.189
0.192
0.506
0.274
0.278
0.136
0.724
0.772
0.279
0.2
1.189
0.867
0.4
0.582
0.947
1.133
1.251
0.593
0.432
0.19
0.123
0.119
0.122
0.13
0.12
0.109
0.373
0.347
0.285
0.135
0.782
0.789
0.431
0.242
1.102
0.829
0.456
0.605
0.958
1.176
1.179
0.579
0.472
0.194
0.122
0.118
0.128
0.135
0.12
0.115
0.297
0.401
0.301
0.114
0.721
0.781
0.275
0.244
0.284
0.506
0.39
0.633
0.958
1.151
1.221
0.579
0.472
0.183
0.12
0.119
0.116
0.14
0.106
0.121
0.288
0.405
0.302
0.106
0.721
0.724
0.256
0.288
0.196
0.496
0.406
0.746
0.894
1.193
1.266
0.578
0.487
0.196
0.118
0.139
0.123
0.147
0.128
0.134
0.475
0.372
2.39
0.274
1.788
1.945
1.174
2.568
1.733
0.268
0.579
0.496
0.533
0.548
0.369
0.384
0.436
0.247
0.118
0.12
0.144
0.144
0.113
0.138
0.314
0.465
0.152
0.274
2.425
0.126
0.694
0.496
0.527
0.176
0.579
1.285
0.603
0.569
1.223
0.606
0.545
1.264
0.115
0.125
0.122
0.14
0.111
0.112
0.203
0.486
0.281
0.106
0.729
0.724
0.26
0.413
0.192
0.394
0.436
0.746
0.673
0.763
0.593
0.429
0.442
0.176
0.12
0.124
0.122
0.141
0.099
0.124
0.19
0.484
0.302
0.113
0.175
0.119
0.261
0.334
0.293
0.307
0.315
0.57
0.514
0.569
0.392
0.411
0.497
0.188
0.106
0.135
0.098
0.136
0.076
0.136
0.25
0.419
0.322
0.113
0.125
0.087
0.112
0.281
0.287
0.396
0.288
0.56
0.526
0.603
0.429
0.442
0.471
0.182
0.11
0.135
0.078
0.137
0.082
0.126
0.268
0.409
0.308
0.117
0.125
0.119
0.118
0.461
1.417
0.271
0.727
0.711
0.501
0.603
0.413
0.481
0.486
0.189
0.102
0.137
0.093
0.131
0.084
0.123
0.291
1.365
0.877
0.119
0.13
0.121
0.118
0.422
1.466
0.271
0.706
0.646
0.5
0.585
0.421
0.494
0.487
0.201
0.144
0.18
0.144
0.806
0.135
0.16
0.329
0.904
0.153
0.255
2.55
0.919
0.458
1.443
2.213
0.843
2.007
1.299
0.603
0.47
1.123
0.631
0.545
1.133
0.143
0.155
0.125
0.785
0.129
0.151
0.313
0.9
0.408
2.138
2.55
0.919
0.794
1.443
2.213
0.934
1.953
1.299
0.466
0.499
1.165
0.649
0.428
1.178
0.114
0.132
0.081
0.134
0.081
0.13
0.28
1.358
0.877
0.161
0.122
0.129
0.155
0.789
2.281
0.226
0.686
0.644
0.465
0.445
0.451
0.494
0.515
0.216
0.116
0.122
0.099
0.128
0.099
0.122
0.291
1.359
0.832
0.195
0.363
0.368
0.157
1.168
3.465
0.793
0.69
0.674
0.621
0.597
0.558
0.65
0.624
0.333
0.123
0.111
0.109
0.105
0.112
0.116
0.216
1.375
0.777
0.272
0.394
0.382
0.153
1.281
3.716
0.82
0.695
0.767
0.561
1.451
0.563
0.654
0.609
0.331
0.11
0.108
0.12
0.093
0.116
0.125
0.264
1.427
1.658
1.03
0.94
1.071
0.335
1.522
2.637
0.81
0.29
0.611
0.575
1.473
0.563
0.654
0.569
0.321
0.114
0.106
0.11
0.095
0.116
0.123
0.228
0.527
1.075
1.03
0.934
1.062
0.478
1.522
2.553
0.853
0.304
0.728
0.654
1.5
0.621
0.671
0.611
0.294
0.143
0.155
0.126
0.785
0.133
0.152
0.313
0.9
0.424
2.29
2.288
0.992
0.794
1.147
2.126
0.934
1.953
0.51
0.455
0.457
0.475
0.463
0.4
0.213
0.127
0.096
0.122
0.104
0.113
0.108
0.118
0.454
2.052
3.04
2.972
0.947
1.585
1.09
1.106
0.32
0.336
0.596
0.447
0.547
0.524
0.513
0.569
0.321
0.111
0.097
0.118
0.086
0.101
0.126
0.228
0.469
1.155
1.031
0.938
1.066
0.44
1.15
1.735
0.903
0.304
0.742
0.606
1.533
0.602
0.671
0.614
0.274
0.095
0.104
0.108
0.086
0.104
0.126
0.203
0.391
1.842
1.61
1.815
1.359
1.086
1.29
0.916
0.538
0.431
0.793
0.456
1.422
0.564
0.552
0.572
0.197
0.113
0.127
0.11
0.12
0.103
0.146
0.211
0.643
2.93
1.907
2.616
1.986
1.497
1.418
0.847
0.64
0.439
0.768
0.609
0.523
0.574
0.569
0.551
0.232
0.13
0.146
0.112
0.129
0.13
0.142
0.178
0.508
2.787
1.424
2.375
1.683
1.913
1.485
1.296
0.755
0.534
0.771
0.64
0.54
0.565
0.592
0.564
0.232
0.14
0.126
0.122
0.109
0.13
0.149
0.098
0.887
3.613
1.813
2.869
1.982
2.102
1.769
1.85
1.238
0.662
0.645
0.564
0.516
0.486
0.585
0.528
0.243
0.123
0.102
0.122
0.105
0.113
0.131
0.083
0.254
3.207
1.97
4.097
3.339
1.899
2.308
1.782
0.49
1.193
1.519
0.447
1.301
1.426
0.605
0.569
0.383
0.128
0.073
0.098
0.101
0.08
0.129
0.072
0.068
3.207
2.965
3.024
3.494
2.258
2.308
1.956
0.961
1.14
1.665
0.336
1.301
1.37
0.605
0.641
0.383
0.126
0.146
0.114
0.124
0.122
0.138
0.113
0.883
3.613
2.601
3.079
2.852
2.994
2.231
2.045
1.576
0.662
0.654
0.564
0.488
0.492
0.585
0.531
0.218
0.122
0.16
0.101
0.145
0.097
0.138
0.139
0.853
2.931
2.941
2.393
2.69
2.758
2.016
1.913
1.661
0.523
0.599
0.525
0.468
0.52
0.603
0.446
0.198
0.107
0.118
0.08
0.132
0.077
0.096
0.151
0.491
2.627
2.907
1.931
2.51
2.865
2.198
2.073
1.612
0.513
0.53
0.379
0.45
0.5
0.526
0.495
0.148
0.084
0.109
0.055
0.112
0.063
0.075
0.103
0.499
2.773
3.315
2.017
2.548
2.802
3.484
2.146
1.924
0.467
0.538
0.35
0.415
0.527
0.501
0.487
0.17
0.061
0.109
0.059
0.112
0.063
0.048
0.134
0.069
2.962
3.414
1.897
2.548
2.802
3.371
2.678
1.844
0.347
0.646
0.373
0.419
0.508
0.49
0.465
0.158
0.136
0.073
0.106
0.101
0.057
0.129
0.035
0.115
2.778
3.171
4.608
4.23
2.285
2.521
1.956
0.961
1.251
1.665
0.378
1.252
1.337
0.681
0.513
0.319
0.136
0.032
0.122
0.056
0.088
0.105
0.174
2.336
2.183
3.171
3.63
2.655
2.285
2.233
1.908
0.846
0.31
0.8
0.443
0.515
0.394
0.53
0.565
0.248
0.069
0.104
0.064
0.103
0.063
0.057
0.12
0.098
3.75
2.682
1.689
1.7
1.969
2.946
2.547
1.66
0.501
0.652
0.452
0.404
0.485
0.548
0.415
0.158
0.074
0.093
0.075
0.085
0.08
0.057
0.119
0.098
3.827
2.127
1.901
2.248
1.644
2.672
2.525
1.5
0.501
0.71
0.452
0.362
0.377
0.474
0.378
0.841
0.07
0.092
0.097
0.057
0.102
0.057
0.11
0.091
3.806
2.245
3.214
2.327
1.318
2.183
2.036
1.387
0.536
0.71
0.47
0.386
0.819
0.571
1.188
1.468
0.088
0.064
0.111
0.055
0.095
0.057
0.137
1.419
4.426
1.975
2.856
1.862
0.79
0.399
1.512
0.966
0.473
1.779
1.554
1.45
1.876
1.639
1.315
1.527
0.096
0.069
0.104
0.069
0.102
0.078
0.108
2.209
4.048
1.64
2.609
1.865
0.809
0.476
0.424
0.542
0.466
1.792
1.565
1.506
2.202
1.65
1.934
2.263
0.135
0.068
0.122
0.085
0.088
0.101
0.173
2.547
3.048
2.287
3.612
2.639
2.362
2.286
1.694
0.848
0.557
0.558
0.443
0.515
0.455
0.53
0.443
0.248
0.089
0.114
0.072
0.127
0.063
0.098
0.208
2.547
3.351
2.064
1.969
1.877
2.336
2.125
1.698
1.666
1.293
0.651
0.391
0.591
0.465
0.435
0.443
0.202
0.19
0.073
0.104
0.071
0.102
0.074
0.108
2.202
3.912
1.764
2.87
1.824
0.8
0.462
0.458
0.694
0.47
1.788
1.497
1.521
2.236
1.613
1.962
2.263
0.221
0.06
0.094
0.097
0.084
0.073
0.086
2.232
3.703
1.923
2.611
1.336
1.052
0.469
0.495
0.712
0.517
1.825
1.505
1.521
2.248
1.613
1.962
1.555
0.222
0.06
0.072
0.097
0.082
0.09
0.063
2.232
3.376
2.104
1.418
1.742
2.252
0.785
0.851
1.321
0.532
1.825
1.523
1.473
1.839
1.521
1.098
0.935
0.216
0.06
0.053
0.097
0.061
0.09
0.036
1.432
2.944
2.201
2.79
2.269
2.964
1.044
1.141
2.088
1.099
0.94
1.005
0.474
0.746
0.436
0.983
0.887
0.211
0.054
0.041
0.109
0.055
0.069
0.52
1.577
2.718
2.201
2.79
2.269
2.964
1.008
1.841
2.637
1.482
1.0
1.007
0.387
0.437
0.397
0.414
0.167
0.075
0.114
0.083
0.127
0.034
0.129
0.066
0.317
3.351
2.064
2.072
1.877
2.336
2.125
1.764
1.755
1.437
0.67
0.373
0.494
0.465
0.456
0.422
0.213
0.064
0.09
0.138
0.078
0.034
0.109
0.066
0.125
4.172
2.117
2.03
1.94
1.933
2.395
1.976
1.755
1.437
0.67
0.598
0.532
0.407
0.607
0.369
0.227
0.116
0.052
0.041
0.087
0.052
0.048
0.52
1.739
3.324
2.32
2.981
2.536
3.755
1.874
3.091
2.319
1.377
1.001
1.039
0.42
0.43
0.382
0.44
0.159
0.076
0.076
0.041
0.069
0.066
0.048
0.544
1.709
2.992
2.168
2.904
2.385
3.7
2.204
3.148
2.466
1.54
0.868
1.039
0.436
0.36
0.407
0.424
0.161
0.057
0.093
0.047
0.084
0.053
0.042
0.561
1.714
3.162
1.644
2.439
1.447
2.325
2.211
3.998
2.169
1.807
0.881
1.409
0.829
1.026
0.617
1.185
0.801
0.066
0.113
0.048
0.104
0.068
0.047
0.581
1.248
2.268
1.128
0.964
0.907
1.588
2.005
3.998
1.497
1.213
0.658
0.863
0.794
1.031
0.631
1.207
0.813
0.066
0.113
0.057
0.078
0.088
0.071
0.096
0.427
1.83
1.071
0.964
0.919
1.588
2.005
3.283
0.954
0.782
0.61
0.83
0.794
1.057
0.613
1.194
0.836
