0.0
0.0
0.0
0.0
0.0
0.0
0.0
0.0
0.0
0.0
0.0
0.0
0.0
0.0
0.0
0.0
0.0
0.0
0.0
0.0
0.0
0.0
0.0
0.0
0.0
0.0
0.0
0.0
0.0
0.0
0.0
0.0
0.0
0.0
0.0
0.0
0.0
0.0
0.0
0.0
0.0
0.0
0.0
0.0
0.0
0.0
0.0
0.0
0.0
0.0
0.0
0.0
0.0
0.0
0.0
0.0
0.0
0.0
0.0
0.0
0.0
0.0
0.0
0.0
0.0
0.0
0.0
0.0
0.0
0.0
0.0
0.0
0.0
0.0
0.0
0.0
0.0
0.0
0.0
0.0
0.0
0.0
0.0
0.0
0.0
0.0
0.0
0.0
0.0
0.0
0.0
0.0
0.0
0.0
0.0
0.0
0.0
0.0
0.0
0.0
0.0
0.0
0.0
0.0
0.0
0.0
0.0
0.0
0.0
0.0
0.0
0.0
0.0
0.0
0.0
0.0
0.0
0.0
0.0
0.0
0.0
0.0
0.0
0.0
0.0
0.0
0.0
0.0
0.0
0.0
0.0
0.0
0.0
0.0
0.0
0.0
0.0
0.0
0.0
0.0
0.0
0.0
0.0
0.0
0.0
0.0
0.0
0.0
0.0
0.0
0.0
0.0
0.0
0.0
0.0
0.0
0.0
0.0
0.0
0.0
0.0
0.0
0.0
0.0
0.0
0.0
0.0
0.0
0.0
0.0
0.0
0.0
0.0
0.0
0.0
0.0
0.0
0.0
0.0
0.0
0.0
0.0
0.0
0.0
0.0
0.0
0.0
0.0
0.0
0.0
0.0
0.0
0.0
0.0
0.0
0.0
0.0
0.0
0.0
0.0
0.0
0.0
0.0
0.0
0.0
0.0
0.0
0.0
0.0
0.0
0.0
0.0
0.0
0.0
0.0
0.0
0.0
0.0
0.0
0.0
0.0
0.0
0.0
0.0
0.0
0.0
0.0
0.0
0.0
0.0
0.0
0.0
0.0
0.0
0.0
0.0
0.0
0.0
0.0
0.0
0.0
0.0
0.0
0.0
0.0
0.0
0.0
0.0
0.0
0.0
0.0
0.0
0.0
0.0
0.0
0.0
0.0
0.0
0.0
0.0
0.0
0.0
0.0
0.0
0.0
0.0
0.0
0.0
0.0
0.0
0.0
0.0
0.0
0.0
0.0
0.0
0.0
0.0
0.0
0.0
0.0
0.0
0.0
0.0
0.0
0.0
0.0
0.0
0.0
0.0
0.0
0.0
0.0
0.0
0.0
0.0
0.0
0.0
0.0
0.0
0.0
0.0
0.0
0.0
0.0
0.0
0.0
0.0
0.0
0.0
0.0
0.0
0.0
0.0
0.0
0.0
0.0
0.0
0.0
0.0
0.0
0.0
0.0
0.0
0.0
0.0
0.0
0.0
0.0
0.0
0.0
0.0
0.0
0.0
0.0
0.0
0.0
0.0
0.0
0.0
0.0
0.0
0.0
0.0
0.0
0.0
0.0
0.0
0.0
0.0
0.0
0.0
0.0
0.0
0.0
0.0
0.0
0.0
0.0
0.0
0.0
0.0
0.0
0.0
0.0
0.0
0.0
0.0
0.0
0.0
0.0
0.0
0.0
0.0
0.0
0.0
0.0
0.0
0.0
0.0
0.0
0.0
0.0
0.0
0.0
0.0
0.0
0.0
0.0
0.0
0.0
0.0
0.0
0.0
0.0
0.0
0.0
0.0
0.0
0.0
0.0
0.0
0.0
0.0
0.0
0.0
0.0
0.0
0.0
0.0
0.0
0.0
0.0
0.0
0.0
0.0
0.0
0.0
0.0
0.0
0.0
0.0
0.0
0.0
0.0
0.0
0.0
0.0
0.0
0.0
0.0
0.0
0.0
0.0
0.0
0.0
0.0
0.0
0.0
0.0
0.0
0.0
0.0
0.0
0.0
0.0
0.0
0.0
0.0
0.0
0.0
0.0
0.0
0.0
0.0
0.0
0.0
0.0
0.0
0.0
0.0
0.0
0.0
0.0
0.0
0.0
0.0
0.0
0.0
0.0
0.0
0.0
0.0
0.0
0.0
0.0
0.0
0.0
0.0
0.0
0.0
0.0
0.0
0.0
0.0
0.0
0.0
0.0
0.0
0.0
0.0
0.0
0.0
0.0
0.0
0.0
0.0
0.0
0.0
0.0
0.0
0.0
0.0
0.0
0.0
0.0
0.0
0.0
0.0
0.0
0.0
0.0
0.0
0.0
0.0
0.0
0.0
0.0
0.0
0.0
0.0
0.0
0.0
0.0
0.0
0.0
0.0
0.0
0.0
0.0
0.0
0.0
0.0
0.0
0.0
0.0
0.0
0.0
0.0
0.0
0.0
0.0
0.0
0.0
0.0
0.0
0.0
0.0
0.0
0.0
0.0
0.0
0.0
0.0
0.0
0.0
0.0
0.0
0.0
0.0
0.0
0.0
0.0
0.0
0.0
0.0
0.0
0.0
0.0
0.0
0.0
0.0
0.0
0.0
0.0
0.0
0.0
0.0
0.0
0.0
0.0
0.0
0.0
0.0
0.0
0.0
0.0
0.0
0.0
0.0
0.0
0.0
0.0
0.0
0.0
0.0
0.0
0.0
0.0
0.0
0.0
0.0
0.0
0.0
0.0
0.0
0.0
0.0
0.0
0.0
0.0
0.0
0.0
0.0
0.0
0.0
0.0
0.0
0.0
0.0
0.0
0.0
0.0
0.0
0.0
0.0
0.0
0.0
0.0
0.0
0.0
0.0
0.0
0.0
0.0
0.0
0.0
0.0
0.0
0.0
0.0
0.0
0.0
0.0
0.0
0.0
0.0
0.0
0.0
0.0
0.0
0.0
0.0
0.0
0.0
0.0
0.0
0.0
0.0
0.0
0.0
0.0
0.0
0.0
0.0
0.0
0.0
0.0
0.0
0.0
0.0
0.0
0.0
0.0
0.0
0.0
0.0
0.0
0.0
0.0
0.0
0.0
0.0
0.0
0.0
0.0
0.0
0.0
0.0
0.0
0.0
0.0
0.0
0.0
0.0
0.0
0.0
0.0
0.0
0.0
0.0
0.0
0.0
0.0
0.0
0.0
0.0
0.0
0.0
0.0
0.0
0.0
0.0
0.0
0.0
0.0
0.0
0.0
0.0
0.0
0.0
0.0
0.0
0.0
0.0
0.0
0.0
0.0
0.0
0.0
0.0
0.0
0.0
0.0
0.0
0.0
0.0
0.0
0.0
0.0
0.0
0.0
0.0
0.0
0.0
0.0
0.0
0.0
0.0
0.0
0.0
0.0
0.0
0.0
0.0
0.0
0.0
0.0
0.0
0.0
0.0
0.0
0.0
0.0
0.0
0.0
0.0
0.0
0.0
0.0
0.0
0.0
0.0
0.0
0.0
0.0
0.0
0.0
0.0
0.0
0.0
0.0
0.0
0.0
0.0
0.0
0.0
0.0
0.0
0.0
0.0
0.0
0.0
0.0
0.0
0.0
0.0
0.0
0.0
0.0
0.0
0.0
0.0
0.0
0.0
0.0
0.0
0.0
0.0
0.0
0.0
0.0
0.0
0.0
0.0
0.0
0.0
0.0
0.0
0.0
0.0
0.0
0.0
0.0
0.0
0.0
0.0
0.0
0.0
0.0
0.0
0.0
0.0
0.0
0.0
0.0
0.0
0.0
0.0
0.0
0.0
0.539
0.449
0.322
0.291
0.32
0.208
0.19
0.56
1.004
1.928
2.358
1.921
1.768
1.274
1.179
0.527
0.795
1.149
0.825
1.926
1.72
1.193
1.054
0.603
0.453
0.347
0.284
0.196
0.233
0.238
0.184
0.623
0.89
1.578
2.569
1.771
0.587
1.039
0.783
0.852
0.795
1.128
1.259
1.83
1.497
1.213
1.009
0.603
0.402
0.339
0.286
0.233
0.24
0.216
0.174
0.99
0.756
1.614
2.01
2.228
0.449
0.96
0.846
1.768
1.782
1.162
1.396
1.559
1.615
1.969
1.302
0.476
0.391
0.367
0.247
0.242
0.237
0.189
0.208
1.013
0.756
1.454
0.878
2.133
0.74
0.802
1.02
1.715
1.879
1.576
1.376
1.176
1.748
1.894
1.344
0.908
0.837
0.582
0.335
0.329
0.163
0.157
0.22
0.196
0.386
0.531
2.644
2.359
2.619
1.416
0.51
1.589
0.543
0.801
1.91
0.807
1.239
1.205
1.072
0.908
0.837
0.582
0.299
0.311
0.229
0.159
0.22
0.36
0.249
1.975
1.153
3.986
2.105
1.057
0.645
1.26
0.593
0.902
1.765
0.942
2.197
1.184
1.182
0.595
0.4
0.354
0.274
0.265
0.235
0.201
1.381
0.794
1.111
1.423
1.83
2.359
1.044
0.676
0.919
2.074
2.009
1.496
1.594
0.972
1.438
1.894
1.228
0.771
0.448
0.466
0.396
0.313
0.246
0.211
1.382
0.794
1.373
1.467
2.078
1.599
1.17
0.782
0.919
2.074
2.154
1.946
1.594
1.45
1.277
1.934
1.242
0.862
0.475
0.491
0.445
0.336
0.27
0.213
1.408
1.329
1.346
1.596
1.998
1.7
1.17
0.756
0.842
1.78
2.154
1.946
1.192
1.332
1.277
2.11
1.729
0.821
0.461
0.491
0.449
0.355
0.273
0.217
1.408
1.178
1.307
0.598
1.969
1.011
1.257
0.554
0.942
0.857
1.329
2.01
1.004
1.997
1.501
1.723
1.384
0.819
0.396
0.432
0.454
0.355
0.273
0.252
1.416
1.3
1.321
0.654
2.195
1.113
1.029
1.108
0.845
0.865
1.138
1.487
1.007
2.385
2.067
1.703
1.332
1.116
0.797
0.52
0.281
0.243
0.282
0.159
0.202
0.36
0.456
2.138
1.182
2.744
0.729
0.818
3.161
2.802
1.026
0.79
0.922
1.055
2.197
1.156
1.307
0.768
0.341
0.274
0.236
0.204
0.282
0.188
0.194
0.326
2.068
2.138
1.182
2.977
0.729
1.05
3.161
2.802
1.026
0.79
0.818
1.055
1.871
1.372
1.307
0.698
0.49
0.46
0.477
0.343
0.268
0.263
0.26
1.203
1.013
0.654
1.367
0.815
0.669
2.764
0.952
0.494
1.481
1.745
0.884
2.72
2.45
1.703
1.328
0.649
0.535
0.421
0.396
0.336
0.301
0.279
0.276
1.207
0.662
0.918
0.898
0.667
0.73
2.765
1.562
1.84
1.97
1.404
0.875
2.495
2.708
1.723
1.319
0.544
0.509
0.397
0.372
0.31
0.285
0.268
0.257
0.729
0.792
0.839
0.839
1.576
1.19
2.686
2.02
2.255
2.133
1.404
1.025
2.811
2.708
1.596
0.826
0.527
0.493
0.389
0.362
0.281
0.258
0.285
0.351
0.676
0.818
1.08
0.853
1.569
1.061
2.686
1.866
2.24
2.12
1.314
1.025
2.237
2.595
1.156
0.845
0.601
0.551
0.394
0.39
0.313
0.301
0.299
0.441
1.091
0.829
1.524
1.495
1.605
1.218
2.077
2.145
2.423
2.289
1.755
1.166
2.245
2.882
1.26
0.926
0.768
0.377
0.319
0.293
0.248
0.257
0.221
0.296
0.237
2.068
2.011
0.965
0.841
0.596
1.101
4.704
3.375
2.247
5.196
0.442
0.628
0.914
1.631
1.301
0.428
0.308
0.319
0.293
0.248
0.223
0.221
0.279
0.605
2.681
2.084
0.942
1.22
1.029
0.871
4.101
0.96
2.021
5.147
1.739
0.583
0.83
1.631
1.014
0.585
0.45
0.35
0.362
0.303
0.293
0.298
0.551
1.163
0.966
2.604
1.536
1.552
1.364
0.357
2.014
2.57
1.868
1.436
1.283
1.962
2.575
1.251
0.953
0.531
0.376
0.293
0.32
0.259
0.244
0.269
0.643
1.283
2.155
2.686
1.513
1.604
1.216
0.422
1.37
1.56
1.452
1.4
1.36
1.754
2.22
1.263
1.075
0.628
0.39
0.327
0.434
0.255
0.257
0.282
0.645
1.283
2.078
2.686
1.647
1.135
0.779
0.846
0.92
1.343
1.349
1.434
1.453
1.666
2.125
1.309
1.075
0.627
0.436
0.31
0.42
0.237
0.272
0.259
0.645
1.286
2.064
2.537
1.612
1.896
0.942
1.165
1.535
1.343
1.287
1.528
1.622
1.68
2.048
1.453
1.178
0.585
0.45
0.277
0.364
0.176
0.219
0.218
0.602
0.855
2.586
3.111
1.187
1.79
0.772
1.175
1.247
1.173
1.053
1.37
1.548
1.366
1.19
1.277
1.03
0.371
0.273
0.279
0.286
0.24
0.216
0.214
0.31
0.605
1.523
2.084
0.882
1.179
1.334
2.002
4.101
1.484
2.202
5.147
2.752
0.93
0.886
1.39
0.895
0.285
0.214
0.214
0.216
0.212
0.192
0.199
0.195
0.561
1.523
0.801
0.887
1.283
2.569
1.855
3.217
0.855
1.009
2.555
2.752
1.175
1.274
1.091
0.889
0.585
0.436
0.265
0.348
0.171
0.24
0.212
0.583
0.816
2.433
2.597
1.134
1.753
0.746
1.201
1.262
1.161
1.118
1.701
1.471
1.592
1.956
1.277
0.924
0.569
0.423
0.251
0.339
0.162
0.23
0.193
0.564
0.779
1.677
2.283
1.517
1.735
0.746
1.088
1.694
0.824
0.842
1.853
1.467
1.948
2.677
1.158
0.708
0.435
0.373
0.201
0.211
0.175
0.206
0.159
0.585
1.108
1.677
2.283
1.388
1.311
0.753
0.798
1.678
0.736
0.832
1.998
2.907
2.323
2.899
1.148
0.748
0.419
0.325
0.183
0.189
0.191
0.182
0.142
0.593
1.145
1.686
2.119
1.428
0.768
0.732
1.064
1.535
0.802
1.1
1.999
2.989
3.035
2.947
1.048
0.542
0.335
0.222
0.163
0.193
0.191
0.193
0.14
0.603
1.242
1.098
2.599
1.236
0.795
0.731
1.064
1.776
0.971
1.325
1.882
2.89
3.035
2.947
1.156
0.564
0.437
0.29
0.23
0.22
0.24
0.235
0.199
0.195
1.071
0.964
1.236
1.04
1.095
3.671
1.794
1.183
0.865
1.009
2.947
1.742
2.119
1.426
1.063
0.889
0.498
0.29
0.223
0.195
0.241
0.214
0.2
0.152
2.092
0.544
1.224
1.131
2.423
3.671
0.461
0.559
0.545
0.721
2.947
0.815
2.119
1.426
0.992
1.116
0.364
0.218
0.186
0.199
0.186
0.2
0.164
0.874
1.593
1.134
1.918
1.192
0.795
0.547
0.998
1.71
0.848
1.295
1.614
3.066
2.922
2.952
1.308
0.702
0.323
0.211
0.204
0.206
0.17
0.218
0.196
0.874
1.576
0.718
1.927
0.836
0.789
0.625
1.054
2.102
1.104
1.589
1.594
3.098
2.627
2.802
1.815
0.958
0.328
0.228
0.199
0.212
0.175
0.218
0.195
0.855
1.552
0.74
2.422
0.831
0.715
0.725
1.086
2.102
1.103
1.507
1.523
1.869
1.887
2.585
1.732
0.895
0.333
0.216
0.208
0.223
0.183
0.227
0.211
0.855
1.712
0.735
3.515
0.822
0.552
1.163
0.766
1.697
1.024
1.301
1.328
1.665
1.358
2.481
1.852
0.934
0.376
0.262
0.259
0.251
0.239
0.252
0.223
0.851
2.106
0.758
2.93
0.986
0.552
1.245
0.912
2.244
1.164
1.072
1.328
1.665
1.194
2.438
1.832
0.999
0.562
0.303
0.266
0.178
0.241
0.227
0.199
0.151
2.092
0.617
1.413
1.004
4.409
2.336
0.461
0.88
1.631
0.495
1.34
0.967
2.252
1.494
1.086
0.841
0.643
0.273
0.275
0.179
0.222
0.198
0.213
0.193
1.392
0.881
0.693
0.939
4.409
1.036
0.365
0.88
1.799
0.444
1.022
4.37
2.009
2.419
1.026
2.599
0.359
0.287
0.27
0.251
0.264
0.256
0.236
0.576
1.767
0.778
2.93
0.958
0.552
1.245
0.912
2.195
1.186
1.023
1.217
1.427
1.383
1.719
1.707
0.971
0.367
0.296
0.277
0.269
0.272
0.257
0.234
0.587
1.767
0.875
3.097
1.421
0.66
1.192
0.892
1.275
1.161
0.902
1.253
1.523
2.035
1.129
1.646
0.73
0.386
0.31
0.308
0.277
0.273
0.259
0.242
0.57
1.485
0.877
2.64
1.309
0.552
1.005
0.774
1.178
1.097
1.35
1.357
1.138
2.473
1.202
1.741
0.758
0.377
0.32
0.308
0.277
0.273
0.259
0.243
0.592
1.271
0.855
2.631
1.406
0.514
0.613
0.572
1.378
1.363
1.264
1.557
1.42
2.552
1.301
1.599
0.762
0.489
0.37
0.312
0.265
0.254
0.246
0.244
0.592
0.792
0.91
1.668
1.35
0.561
0.674
0.48
0.644
1.575
1.292
1.749
1.556
2.552
1.576
1.5
0.757
0.852
0.354
0.275
0.24
0.251
0.234
0.237
0.25
0.699
0.982
0.539
0.678
2.95
0.703
0.397
0.992
1.799
0.808
0.976
5.551
2.009
2.419
2.065
2.493
0.852
0.354
0.314
0.24
0.316
0.263
0.237
0.25
0.699
0.982
0.465
0.419
0.774
0.971
0.561
0.792
0.685
0.808
0.624
5.551
1.856
2.249
1.961
2.493
0.56
0.375
0.301
0.249
0.249
0.232
0.232
0.499
0.99
0.823
1.644
1.512
0.707
0.772
0.453
0.764
1.661
1.835
1.749
1.556
2.472
1.576
1.699
1.13
0.56
0.375
0.292
0.232
0.239
0.229
0.227
0.484
1.066
0.769
1.384
0.972
0.553
0.752
0.708
1.285
1.7
1.836
1.816
1.462
1.82
1.832
1.639
1.151
0.588
0.355
0.27
0.225
0.239
0.229
0.227
0.486
1.117
0.861
1.414
0.989
0.573
0.903
0.656
1.638
1.9
1.856
1.865
1.8
1.666
1.758
1.624
1.151
0.586
0.339
0.268
0.221
0.239
0.23
0.2
0.433
1.171
0.844
0.444
0.768
0.625
0.833
1.024
1.487
1.741
2.249
1.903
1.867
1.386
2.19
1.715
1.194
0.414
0.268
0.234
0.213
0.23
0.219
0.217
0.567
1.195
0.833
1.296
0.456
1.008
0.801
1.005
1.489
1.399
2.249
2.317
3.438
1.49
2.185
1.715
1.173
0.718
0.333
0.31
0.241
0.316
0.263
0.249
0.241
0.513
0.837
1.579
0.372
0.667
0.672
1.949
1.068
0.304
1.141
1.68
2.292
2.956
1.671
2.004
0.736
0.574
0.249
0.246
0.224
0.281
0.191
0.22
0.213
0.273
0.613
1.579
0.33
0.819
0.754
1.949
2.03
1.525
0.765
1.581
1.385
2.794
1.432
0.988
0.736
0.317
0.249
0.23
0.194
0.222
0.219
0.221
0.603
1.045
0.833
1.335
0.381
0.887
0.721
1.278
1.436
1.656
1.886
2.548
3.984
1.519
2.595
1.63
0.765
0.309
0.239
0.209
0.193
0.203
0.2
0.207
0.569
1.042
0.743
1.482
0.859
0.887
0.721
1.011
0.98
1.482
1.805
2.897
4.257
1.766
2.761
1.32
0.826
0.272
0.227
0.203
0.161
0.198
0.181
0.203
0.589
1.043
0.695
1.515
1.448
0.951
0.579
1.085
0.577
1.61
1.568
2.841
4.257
2.201
2.761
1.359
0.826
0.228
0.205
0.191
0.164
0.21
0.151
0.208
0.604
1.903
1.122
2.349
1.573
1.296
1.295
0.849
0.957
1.917
1.348
2.851
4.243
2.201
2.697
1.353
0.883
0.393
0.181
0.187
0.147
0.188
0.157
0.169
0.576
1.936
1.223
1.654
2.266
0.975
1.32
1.026
0.807
2.261
1.554
2.494
3.183
2.311
2.445
1.353
1.017
0.516
0.394
0.186
0.218
0.193
0.193
0.22
0.195
0.315
0.795
1.365
0.33
0.762
3.282
2.549
2.03
1.695
0.863
2.129
1.711
3.153
1.432
1.044
0.723
0.516
0.374
0.246
0.183
0.21
0.193
0.206
0.195
0.471
0.719
0.328
0.42
0.803
3.638
3.407
1.757
1.752
1.071
1.391
1.711
2.271
1.035
1.123
0.93
0.442
0.189
0.196
0.162
0.198
0.154
0.174
0.552
1.877
1.295
1.722
2.367
1.062
1.511
0.705
1.629
1.967
1.604
2.07
2.781
2.238
2.113
1.697
0.987
0.47
0.192
0.196
0.173
0.191
0.184
0.157
0.555
1.82
1.543
2.324
2.383
1.208
1.876
0.893
1.658
2.756
1.604
1.733
2.267
1.921
1.636
2.502
0.857
0.437
0.192
0.175
0.187
0.177
0.185
0.143
0.617
2.284
1.543
3.124
2.088
1.208
1.876
0.956
2.571
2.651
1.457
1.538
1.854
1.396
2.066
2.447
0.918
0.448
0.191
0.179
0.187
0.181
0.185
0.169
0.618
1.428
1.297
2.553
2.088
1.086
1.279
0.893
2.163
2.519
1.586
1.379
2.209
3.165
2.149
2.38
0.76
0.281
0.181
0.17
0.179
0.205
0.153
0.201
0.599
1.358
1.176
2.729
1.532
1.062
1.111
1.251
2.384
2.88
1.523
1.448
1.704
2.859
2.588
2.337
0.663
0.537
0.365
0.246
0.214
0.201
0.22
0.206
0.179
0.379
1.097
0.295
0.459
0.746
3.638
3.407
0.861
1.174
2.188
1.391
1.44
2.271
1.23
2.125
1.175
0.542
0.163
0.214
0.189
0.168
0.198
0.164
0.209
0.53
0.897
1.077
0.673
2.268
1.35
3.144
0.698
1.174
2.188
1.285
3.097
2.349
1.23
2.125
1.175
0.542
0.183
0.156
0.19
0.17
0.172
0.19
0.599
1.407
1.146
2.729
1.471
1.127
1.023
1.251
1.62
2.88
2.072
1.886
2.219
2.883
2.928
1.94
0.672
0.241
0.184
0.152
0.183
0.175
0.165
0.194
0.519
1.407
0.841
2.178
1.036
1.094
1.015
1.386
2.413
2.089
2.391
1.941
2.194
2.883
2.928
1.028
0.672
0.449
0.282
0.175
0.169
0.195
0.146
0.202
0.339
0.745
0.819
2.015
0.912
1.114
1.436
1.476
1.521
2.826
2.391
2.406
2.164
2.739
2.509
0.907
0.904
0.766
0.309
0.152
0.187
0.168
0.165
0.191
0.309
0.557
0.749
1.784
1.307
0.904
1.258
1.576
1.595
2.538
2.584
2.364
1.93
0.855
2.419
0.881
1.475
0.914
0.361
0.18
0.218
0.202
0.212
0.198
0.25
0.377
0.749
1.498
1.288
1.052
1.683
1.125
1.755
1.751
2.412
2.354
2.132
0.911
2.246
1.042
1.486
1.003
0.226
0.154
0.193
0.124
0.198
0.143
0.209
1.31
0.932
2.04
0.528
2.087
1.019
0.972
0.828
0.96
1.768
1.374
3.075
2.136
1.131
2.022
1.164
0.383
0.288
0.214
0.157
0.184
0.192
0.186
0.224
1.31
0.601
2.04
0.828
2.087
1.33
2.04
1.043
0.384
1.046
1.779
3.143
2.136
0.94
0.936
0.9
0.643
0.391
0.22
0.245
0.244
0.225
0.218
0.237
0.193
0.694
1.386
1.471
0.948
1.896
1.198
2.121
2.409
2.048
1.859
1.4
0.832
3.238
1.363
1.676
1.148
0.391
0.233
0.24
0.266
0.2
0.227
0.242
0.368
0.787
1.618
1.471
0.948
1.872
1.076
1.38
2.513
1.635
1.567
1.818
1.08
3.959
1.705
1.692
1.015
0.319
0.226
0.267
0.245
0.219
0.237
0.267
0.591
0.936
1.084
1.422
0.821
1.555
0.933
1.38
1.477
1.963
1.436
2.044
1.158
3.959
1.731
1.604
0.775
0.326
0.243
0.277
0.283
0.201
0.234
0.222
0.662
0.888
1.277
2.305
0.883
1.555
0.89
1.635
1.593
1.483
1.865
1.787
1.678
3.47
1.758
1.166
0.693
0.275
0.253
0.292
0.23
0.186
0.21
0.172
0.782
1.493
1.403
2.55
0.744
1.625
0.937
1.473
1.822
1.574
1.868
1.892
1.949
3.397
1.84
1.285
0.776
0.306
0.335
0.196
0.253
0.166
0.19
0.166
1.132
0.601
1.389
0.669
0.667
0.942
2.577
2.193
1.24
1.833
1.949
1.066
1.846
0.94
1.011
1.054
0.75
0.333
0.354
0.19
0.253
0.171
0.32
0.254
0.227
0.442
0.485
0.733
0.617
0.942
2.577
2.193
1.24
1.833
1.949
1.305
1.202
0.988
1.092
1.242
1.42
0.236
0.25
0.254
0.227
0.169
0.198
0.203
0.782
1.493
1.512
3.274
0.74
1.412
0.817
1.016
1.129
1.201
1.868
1.892
1.949
1.942
1.499
1.616
0.667
0.247
0.259
0.258
0.228
0.192
0.167
0.186
0.74
1.504
1.234
3.234
1.478
1.442
0.645
0.867
1.159
1.62
1.712
1.789
1.905
1.663
1.3
1.669
0.791
0.253
0.259
0.243
0.228
0.179
0.163
0.221
0.634
1.708
1.172
3.234
1.47
1.332
0.578
1.03
1.616
1.396
2.444
2.149
2.199
2.258
1.462
1.665
0.962
0.318
0.236
0.24
0.198
0.186
0.165
0.2
0.573
1.767
1.089
2.006
1.484
1.57
0.552
0.962
1.769
1.785
1.972
2.453
1.81
2.257
3.033
2.063
0.962
0.326
0.207
0.193
0.221
0.167
0.159
0.263
0.568
1.309
1.026
1.581
1.321
1.092
0.389
0.706
1.546
1.889
2.53
2.07
1.637
2.282
2.794
2.01
0.94
0.328
0.354
0.217
0.234
0.177
0.31
0.212
0.227
0.273
3.24
1.267
0.568
0.471
1.165
1.814
1.129
1.481
1.353
1.305
1.268
1.01
1.276
1.366
1.235
0.448
0.273
0.27
0.231
0.263
0.375
0.267
0.292
0.273
3.372
1.963
0.486
0.306
0.583
0.713
0.234
0.776
0.683
0.937
1.416
1.445
1.963
1.643
1.481
0.351
0.213
0.225
0.242
0.15
0.187
0.244
0.644
1.309
0.75
1.016
1.897
2.324
0.744
0.855
1.546
1.982
2.684
2.159
1.699
2.898
2.907
1.614
1.081
0.379
0.208
0.212
0.231
0.149
0.187
0.273
0.588
1.297
0.848
0.974
1.184
1.986
0.814
0.894
1.394
1.799
3.122
2.504
1.737
2.396
2.896
1.57
1.119
0.424
0.252
0.197
0.246
0.157
0.171
0.237
0.704
1.331
1.885
1.098
1.273
2.089
0.977
1.154
1.376
2.099
2.776
2.268
1.97
1.816
2.765
1.567
0.966
0.338
0.252
0.177
0.244
0.163
0.154
0.244
0.704
1.279
1.937
1.56
1.244
1.879
1.092
0.879
1.007
1.955
2.88
2.05
1.97
2.186
1.167
1.216
0.966
0.345
0.253
0.177
0.231
0.174
0.152
0.203
0.627
1.221
2.077
1.687
1.244
1.86
1.092
0.879
0.857
2.903
2.991
2.035
1.756
2.263
1.327
1.3
0.906
0.594
0.323
0.322
0.306
0.304
0.303
0.249
0.471
0.381
3.372
1.963
2.195
0.626
0.448
0.713
0.241
0.811
0.543
0.656
1.935
1.465
2.766
1.668
1.112
0.594
0.323
0.322
0.306
0.304
0.303
0.249
0.471
0.599
0.58
1.307
2.195
1.28
0.768
0.805
0.341
1.284
0.578
0.998
1.935
1.727
2.819
1.668
1.112
0.331
0.249
0.15
0.186
0.184
0.128
0.203
0.614
1.196
2.077
1.259
0.769
1.811
0.967
1.284
0.958
3.253
3.592
2.194
2.324
1.879
1.236
1.232
0.823
0.341
0.273
0.198
0.246
0.197
0.176
0.299
0.714
1.226
2.359
1.259
0.565
1.811
1.04
1.338
1.054
3.03
3.361
1.631
2.152
1.983
1.374
1.285
0.766
0.374
0.338
0.23
0.254
0.209
0.2
0.302
0.544
0.888
1.27
1.263
1.006
1.795
0.95
2.034
0.691
2.557
2.518
1.648
1.671
1.983
1.413
1.39
0.88
0.4
0.384
0.247
0.302
0.243
0.227
0.349
0.563
1.009
1.219
1.788
1.283
2.096
1.374
2.383
1.194
2.975
2.533
1.72
1.76
2.32
3.035
1.347
0.892
0.403
0.384
0.252
0.298
0.243
0.249
0.344
0.516
1.514
1.712
1.731
1.958
2.15
1.319
2.387
1.208
2.029
2.374
1.844
2.339
2.119
2.99
1.339
1.018
0.493
0.246
0.269
0.263
0.232
0.259
0.215
0.404
0.599
0.443
0.718
1.989
3.37
0.679
0.771
0.691
1.261
0.809
1.125
1.947
3.3
2.819
1.437
0.966
0.506
0.268
0.233
0.277
0.26
0.22
0.269
0.218
0.693
0.364
0.738
0.276
3.37
0.958
1.941
1.907
2.343
1.226
1.704
1.3
3.3
2.09
1.32
0.897
0.403
0.376
0.252
0.312
0.231
0.249
0.339
0.549
1.529
1.712
2.211
2.656
1.279
1.237
1.929
1.199
1.479
1.626
1.572
1.76
1.96
2.99
1.427
1.075
0.39
0.363
0.216
0.265
0.216
0.219
0.267
0.437
1.577
2.303
2.592
2.656
1.279
1.051
1.955
1.249
1.603
1.765
2.001
1.782
2.359
2.923
1.514
1.15
0.416
0.314
0.268
0.248
0.21
0.19
0.248
0.547
1.704
2.33
2.566
2.163
1.158
1.349
0.977
1.123
2.065
2.709
2.413
2.199
3.654
3.332
1.462
1.122
0.382
0.255
0.242
0.21
0.16
0.179
0.209
0.557
1.665
2.306
1.623
1.84
1.12
1.287
0.754
1.179
1.707
3.383
2.352
2.199
3.003
1.719
1.462
1.122
0.401
0.281
0.266
0.246
0.171
0.183
0.322
0.759
1.167
1.706
2.243
1.285
0.975
1.392
0.642
1.103
1.574
2.838
2.237
1.911
2.919
1.684
1.443
1.095
0.484
0.355
0.229
0.319
0.274
0.22
0.277
0.259
0.426
0.591
0.916
1.413
4.17
0.719
2.531
2.954
2.282
2.135
1.704
1.318
3.244
1.447
1.154
0.842
0.598
0.355
0.295
0.319
0.321
0.2
0.277
0.667
0.805
0.752
0.916
1.395
2.05
1.874
3.438
2.954
2.282
2.135
1.592
1.652
2.191
1.525
1.146
0.995
0.374
0.275
0.285
0.237
0.186
0.17
1.29
0.765
1.564
1.722
2.688
0.555
0.734
1.353
0.799
1.251
1.547
2.812
2.303
2.387
2.925
1.697
1.361
1.204
0.375
0.275
0.326
0.229
0.227
0.196
1.226
0.765
2.33
1.459
2.857
0.62
0.806
1.353
0.744
1.093
1.509
2.986
2.362
2.569
2.994
1.734
1.417
1.212
0.289
0.227
0.267
0.227
0.211
0.223
1.277
0.705
2.182
1.471
2.857
0.697
0.888
1.159
0.892
1.234
1.12
2.115
1.819
2.327
2.137
2.049
1.792
1.151
0.293
0.23
0.275
0.22
0.211
0.236
1.278
0.619
2.24
1.487
2.823
0.697
0.673
0.98
1.226
1.513
1.469
1.292
2.198
2.327
2.21
2.174
1.903
1.26
0.249
0.222
0.283
0.188
0.252
0.247
1.179
0.41
2.353
1.487
2.622
1.046
1.089
1.287
1.226
1.517
1.772
1.724
2.372
2.202
2.281
2.769
1.983
1.273
0.662
0.528
0.561
0.281
0.288
0.162
0.203
0.991
0.781
0.752
0.853
1.625
2.474
1.816
3.035
2.078
1.296
2.073
0.957
1.652
2.167
1.586
2.003
0.769
0.934
0.587
0.561
0.281
0.327
0.262
0.228
0.991
0.781
0.535
0.71
0.654
1.728
2.315
3.078
1.56
1.031
2.141
0.957
1.493
2.167
1.586
2.003
0.755
0.302
0.206
0.283
0.201
0.246
0.247
0.228
0.414
2.019
2.161
1.928
1.023
0.97
1.283
1.092
1.508
1.822
2.058
2.423
1.751
2.305
2.778
1.983
1.326
0.279
0.197
0.24
0.196
0.223
0.22
0.228
0.361
1.313
1.623
2.246
0.917
0.904
1.21
1.106
1.508
1.853
2.202
2.143
1.677
2.378
2.84
1.947
1.406
0.288
0.197
0.219
0.203
0.221
0.189
0.216
0.361
1.313
1.794
2.157
0.767
0.809
1.308
0.882
1.323
1.853
2.302
2.35
1.662
2.502
2.461
1.74
1.504
0.387
0.261
0.257
0.263
0.291
0.224
0.259
0.382
1.168
1.96
2.251
1.327
1.599
1.027
0.673
1.193
1.76
2.839
2.716
1.934
2.57
3.091
1.818
1.49
0.394
0.284
0.284
0.292
0.299
0.256
0.321
0.404
1.191
2.314
1.983
0.998
1.345
0.714
0.859
1.345
1.478
2.715
2.964
2.177
3.16
3.786
1.813
1.478
0.934
0.587
0.534
0.281
0.289
0.266
0.232
0.547
0.625
0.52
0.756
0.654
1.728
1.299
1.407
1.458
1.649
2.374
1.241
2.318
1.438
1.375
2.195
0.538
0.784
0.401
0.322
0.312
0.377
0.383
0.488
0.15
0.676
0.739
2.262
1.276
1.121
1.727
1.349
1.458
1.649
2.374
1.566
2.625
1.87
2.763
2.548
0.972
0.389
0.333
0.313
0.299
0.31
0.273
0.306
0.289
1.185
1.732
1.639
1.13
1.639
0.761
0.908
1.272
1.26
2.543
2.968
2.526
3.474
4.004
1.974
1.34
0.455
0.43
0.395
0.376
0.392
0.348
0.326
0.35
1.017
1.607
0.689
1.163
1.865
0.791
0.948
1.826
1.233
2.359
3.273
2.637
3.16
4.031
2.11
3.028
0.504
0.43
0.395
0.376
0.392
0.352
0.305
0.697
1.065
1.4
0.737
1.186
1.865
0.669
0.948
1.826
1.233
2.413
3.28
2.89
2.735
4.699
2.065
3.046
0.465
0.385
0.344
0.305
0.347
0.311
0.272
0.852
2.064
1.372
0.812
0.671
1.188
0.911
1.138
1.16
1.229
1.85
2.75
2.872
2.715
4.276
2.135
3.232
0.554
0.406
0.331
0.32
0.322
0.263
0.27
0.905
1.898
1.244
1.13
0.519
1.039
0.958
1.905
1.362
1.286
1.687
2.507
2.766
2.26
3.158
2.19
3.373
0.659
0.48
0.428
0.474
0.464
0.459
0.689
0.395
0.76
0.897
3.686
1.352
1.414
1.826
1.201
2.631
2.999
2.631
1.952
3.21
4.076
3.537
2.713
1.437
0.859
0.787
0.736
0.718
0.588
0.5
0.689
0.602
0.76
1.029
4.324
1.59
1.414
1.826
1.508
3.252
3.416
2.729
2.428
2.529
4.961
3.537
2.713
1.437
0.706
0.488
0.392
0.405
0.352
0.276
0.301
0.905
1.782
1.47
2.369
1.137
1.21
1.761
2.257
2.036
2.14
2.138
2.867
2.675
2.295
3.317
2.36
3.373
0.739
0.406
0.328
0.353
0.259
0.221
0.287
0.85
1.645
1.47
2.822
1.967
1.553
2.147
2.563
1.714
1.864
2.063
2.882
2.569
2.147
3.12
2.4
1.655
0.789
0.457
0.404
0.43
0.3
0.282
0.342
0.547
1.646
1.545
2.822
2.012
1.654
2.479
2.632
1.725
3.187
2.677
3.71
3.133
2.193
2.312
2.4
1.606
0.789
0.529
0.411
0.43
0.293
0.318
0.344
0.888
0.801
1.482
2.745
1.975
1.683
2.246
2.573
1.782
3.175
2.965
3.998
3.342
2.451
2.279
2.255
1.405
0.902
0.567
0.435
0.442
0.314
0.355
0.294
0.766
0.776
1.236
3.117
2.631
1.773
2.727
2.139
2.237
3.37
3.453
4.18
3.869
2.838
2.315
2.216
1.448
0.859
0.787
0.736
0.718
0.588
0.5
0.587
0.602
0.664
1.15
4.268
3.482
2.454
2.702
1.508
3.252
3.416
2.729
2.428
2.529
4.961
3.421
1.843
1.316
1.119
0.687
0.632
0.599
0.489
0.422
0.369
0.395
0.578
2.154
3.625
4.16
2.142
3.186
1.823
1.487
2.022
1.595
2.375
2.375
2.992
2.958
3.039
1.545
1.11
0.52
0.382
0.366
0.29
0.348
0.296
0.766
0.783
1.009
2.165
2.567
2.981
2.17
2.636
2.34
2.945
3.093
4.129
3.932
2.576
2.1
1.908
1.442
1.311
0.675
0.537
0.532
0.485
0.471
0.414
0.887
1.017
1.009
1.817
2.274
2.588
1.678
2.335
2.305
2.945
3.202
4.805
3.932
2.576
2.287
1.962
1.488
1.26
0.683
0.563
0.543
0.5
0.456
0.417
0.951
1.103
0.896
1.878
2.271
2.442
1.252
1.952
2.335
2.019
3.005
3.992
3.147
2.544
2.208
1.962
1.488
1.254
0.664
0.579
0.579
0.573
0.509
0.426
0.473
0.952
0.996
1.878
2.279
2.273
1.317
2.015
2.484
1.941
2.814
3.695
2.891
2.238
2.208
2.375
1.571
1.104
0.651
0.615
0.606
0.65
0.579
0.49
0.527
1.176
0.835
1.011
2.252
2.39
1.221
2.194
2.423
2.173
2.417
3.275
2.366
1.648
2.369
2.633
1.455
1.045
0.467
0.456
0.435
0.291
0.35
0.22
0.272
0.519
2.154
2.192
4.16
2.883
3.186
1.748
0.505
0.846
1.372
2.205
2.396
2.145
2.958
3.024
1.788
1.045
0.467
0.513
0.477
0.291
0.35
0.259
0.246
0.638
1.859
1.533
1.627
2.299
3.045
1.748
0.899
0.846
1.372
2.205
2.141
2.77
1.811
3.024
1.788
0.836
0.729
0.669
0.637
0.691
0.629
0.556
0.56
1.357
0.764
0.715
1.695
1.111
1.358
1.244
1.688
1.792
2.223
3.352
1.908
1.615
2.323
2.603
1.365
0.583
0.568
0.539
0.501
0.555
0.549
0.452
0.468
1.281
0.806
1.086
2.594
1.361
1.361
1.244
1.655
1.517
2.067
2.402
2.105
2.278
2.016
2.265
1.209
0.621
0.506
0.473
0.456
0.498
0.541
0.429
0.503
1.259
0.824
1.018
2.597
1.361
1.427
1.159
1.814
1.415
1.437
2.21
1.793
2.13
2.228
2.723
1.209
0.621
0.453
0.466
0.442
0.448
0.476
0.414
0.463
1.416
0.626
1.002
2.663
1.795
1.881
1.273
2.087
1.483
2.249
2.787
2.069
2.126
2.152
2.154
1.289
0.643
0.377
0.387
0.378
0.329
0.374
0.348
0.411
1.316
0.613
1.562
3.6
1.972
1.988
1.378
1.746
1.42
2.517
2.634
1.967
2.341
1.836
1.718
1.109
0.683
0.478
0.536
0.487
0.402
0.456
0.496
0.45
0.703
0.662
0.696
0.731
2.062
2.398
1.592
1.294
1.492
1.383
1.523
2.302
2.77
1.569
1.506
1.345
0.712
0.462
0.444
0.442
0.38
0.431
0.541
0.467
0.703
0.502
0.548
0.751
0.697
2.398
2.561
1.711
2.182
2.439
1.747
1.966
2.675
1.39
1.296
1.258
0.507
0.234
0.264
0.292
0.209
0.277
0.249
0.324
1.967
0.549
1.682
4.329
1.889
1.615
1.416
1.746
1.611
3.409
2.704
2.165
2.157
1.56
1.77
1.188
0.476
0.239
0.252
0.273
0.24
0.246
0.376
0.426
2.191
1.69
1.374
3.186
2.084
1.615
1.523
1.911
1.617
3.32
2.688
2.026
1.791
1.664
1.793
1.111
0.394
0.287
0.24
0.266
0.219
0.197
0.367
0.259
2.171
1.819
1.89
4.049
2.446
1.972
1.523
1.861
1.612
3.402
2.908
2.026
1.921
2.07
1.698
1.207
0.405
0.317
0.191
0.234
0.159
0.158
0.458
0.296
2.05
1.932
1.89
4.049
2.252
1.604
1.876
1.413
1.936
2.573
2.207
2.428
3.24
2.118
1.744
0.972
0.314
0.311
0.191
0.241
0.153
0.16
0.465
0.283
2.075
2.014
1.593
3.056
1.938
1.947
1.236
1.091
1.542
2.363
2.207
2.603
3.359
2.229
1.957
0.927
0.85
0.667
0.68
0.801
0.812
0.82
0.895
0.815
0.859
0.956
0.94
1.046
1.699
1.863
2.597
1.711
2.182
2.439
1.752
1.852
1.757
1.717
1.562
1.258
1.015
0.755
0.627
0.766
0.657
0.708
0.722
0.675
0.765
0.713
0.961
1.83
3.106
1.821
2.597
1.01
1.763
2.288
2.07
1.664
1.636
1.653
1.562
1.118
0.339
0.342
0.242
0.285
0.185
0.207
0.465
0.276
1.364
2.019
1.695
2.377
1.746
1.96
1.278
1.091
1.519
1.499
1.88
2.35
3.359
2.35
1.976
0.892
0.413
0.359
0.296
0.327
0.155
0.232
0.327
0.158
1.174
0.943
1.523
2.186
1.299
2.141
1.375
1.004
1.559
1.777
1.773
2.074
2.959
2.329
1.976
0.917
0.55
0.325
0.292
0.321
0.164
0.252
0.319
0.174
1.221
0.882
1.064
2.029
2.299
1.944
1.375
1.426
1.684
2.311
1.745
2.43
3.596
1.58
1.647
0.963
0.575
0.315
0.34
0.325
0.205
0.31
0.253
0.167
1.717
1.159
1.549
1.945
2.69
1.887
0.792
1.345
1.355
2.046
2.248
2.414
2.291
2.05
1.61
0.955
0.575
0.315
0.34
0.321
0.244
0.334
0.221
0.277
1.711
1.192
1.429
2.758
2.693
0.985
1.169
1.405
1.425
2.265
2.785
2.673
1.96
2.862
1.618
0.99
1.015
0.755
0.614
0.744
0.624
0.667
0.658
0.611
0.702
0.944
3.958
1.83
3.106
1.489
2.004
0.289
1.295
1.244
1.49
1.668
2.031
2.303
2.024
1.116
0.958
0.571
0.298
0.38
0.237
0.211
0.237
0.264
0.688
1.2
4.296
1.675
2.544
1.178
1.597
0.482
1.295
2.439
1.49
1.668
2.031
1.787
1.683
1.159
0.574
0.297
0.293
0.272
0.245
0.286
0.22
0.476
1.639
1.375
1.249
3.719
2.833
1.175
1.376
1.44
1.425
2.258
2.785
2.633
1.96
2.727
1.614
0.952
0.514
0.345
0.269
0.229
0.281
0.269
0.199
0.486
1.561
1.751
1.644
3.776
2.874
1.242
1.285
1.223
1.381
1.858
2.698
2.714
2.852
2.71
1.614
1.087
0.427
0.385
0.3
0.266
0.285
0.244
0.199
0.486
1.598
1.786
1.839
3.178
1.454
1.055
1.451
1.323
1.179
1.113
2.519
2.346
2.038
2.86
1.568
1.099
0.454
0.392
0.31
0.295
0.285
0.218
0.235
0.54
1.125
1.515
1.399
3.19
1.266
1.039
1.598
1.483
1.264
1.305
2.019
1.877
2.257
2.725
1.564
1.145
0.44
0.393
0.377
0.319
0.266
0.181
0.255
0.439
1.187
1.57
1.746
1.956
1.478
1.039
1.183
1.39
1.061
1.112
1.713
1.382
2.535
2.242
1.555
1.145
0.52
0.339
0.242
0.338
0.439
0.211
0.232
0.264
0.81
1.2
4.296
0.984
0.889
1.701
1.812
0.961
1.118
2.439
2.207
1.62
1.913
2.234
1.683
1.159
0.59
0.368
0.228
0.391
0.439
0.196
0.374
0.252
1.562
1.601
1.361
0.772
0.983
1.701
1.812
1.191
1.172
2.329
4.044
1.269
1.434
2.32
1.105
0.741
0.455
0.439
0.377
0.345
0.288
0.203
0.332
0.294
1.243
1.952
1.695
1.027
1.477
1.31
1.147
1.334
0.99
1.101
1.916
1.414
2.525
2.282
1.502
1.057
0.418
0.376
0.389
0.345
0.234
0.223
0.332
0.307
1.801
1.93
1.219
1.027
1.356
1.013
1.268
1.343
0.861
1.572
1.916
2.018
1.859
2.564
1.506
0.937
0.344
0.337
0.37
0.307
0.22
0.24
0.329
0.488
2.011
2.351
0.963
1.172
2.135
1.374
1.363
1.3
2.136
1.64
1.762
2.098
2.419
2.595
1.413
0.814
0.307
0.317
0.347
0.253
0.177
0.23
0.302
0.494
2.123
2.351
1.223
1.094
1.965
1.474
1.255
1.12
2.135
1.622
1.534
1.841
2.241
2.297
1.34
0.712
0.296
0.285
0.307
0.223
0.178
0.23
0.298
0.494
2.139
2.329
0.845
1.112
1.607
1.442
1.255
1.191
2.383
1.701
1.693
1.959
1.926
1.837
1.098
0.878
0.325
0.262
0.212
0.228
0.404
0.185
0.302
0.204
1.485
0.956
0.738
0.974
0.906
5.571
2.148
1.49
1.172
1.593
4.95
2.415
1.434
2.32
2.161
0.644
0.49
0.348
0.364
0.298
0.294
0.235
0.309
0.217
1.572
0.956
0.432
0.941
0.906
4.963
1.352
1.372
1.134
1.551
4.95
2.54
1.681
2.303
2.181
0.628
0.353
0.304
0.346
0.269
0.208
0.311
0.282
0.47
2.139
2.955
0.941
0.934
1.602
1.181
1.19
1.214
2.355
1.713
1.392
2.016
1.952
1.739
1.082
0.949
0.394
0.335
0.303
0.275
0.244
0.29
0.284
0.473
2.272
2.895
0.963
1.151
1.67
1.241
1.188
1.546
2.587
1.301
1.373
1.324
1.752
1.377
1.202
1.021
0.54
0.424
0.386
0.401
0.334
0.298
0.341
0.406
2.027
2.466
1.794
0.832
0.773
0.88
0.942
1.395
1.463
1.706
1.932
1.622
1.591
1.245
1.212
1.016
0.596
0.482
0.392
0.438
0.355
0.267
0.322
0.335
1.799
2.483
1.718
1.13
0.99
0.89
1.087
1.812
1.579
1.696
2.401
2.097
1.57
1.221
1.359
1.104
0.653
0.527
0.439
0.438
0.388
0.304
0.322
0.313
1.796
2.456
1.74
1.041
1.109
1.332
1.117
1.881
1.476
1.616
2.922
1.983
1.754
1.628
1.466
1.027
0.52
0.288
0.362
0.165
0.268
0.24
0.097
0.217
0.976
0.41
0.713
3.179
1.15
6.663
1.514
1.467
1.165
2.283
3.553
2.54
2.856
1.695
2.315
0.584
0.573
0.335
0.404
0.299
0.297
0.282
0.21
0.194
0.976
0.294
0.507
2.769
1.01
2.452
0.629
1.012
1.135
2.818
1.878
1.576
2.856
1.732
1.262
0.997
0.665
0.488
0.404
0.391
0.332
0.26
0.292
0.29
1.72
1.923
1.711
1.124
0.928
1.245
1.013
1.881
1.476
1.549
3.534
2.251
1.955
1.666
1.63
0.981
0.665
0.451
0.404
0.396
0.342
0.294
0.309
0.292
0.936
1.878
1.937
0.952
0.961
1.259
0.857
1.803
1.635
1.834
3.534
2.41
2.18
1.924
1.568
0.933
0.565
0.361
0.341
0.327
0.289
0.331
0.342
0.314
1.019
1.824
1.056
1.267
1.083
1.381
1.382
1.591
1.571
1.85
3.332
2.259
1.872
2.131
1.98
0.935
0.515
0.361
0.352
0.306
0.328
0.348
0.335
0.519
1.107
1.769
0.846
0.901
0.818
1.43
1.267
1.235
1.345
1.901
3.228
2.131
1.82
2.165
1.953
0.925
0.429
0.309
0.339
0.313
0.308
0.334
0.335
0.688
2.005
1.769
1.359
0.94
0.643
1.029
1.584
1.66
1.774
2.308
3.113
2.4
1.641
2.2
1.905
0.908
0.677
0.524
0.423
0.418
0.248
0.325
0.321
0.198
0.91
0.402
0.703
2.863
2.122
2.825
1.289
1.012
1.325
3.342
1.949
1.344
3.635
1.732
1.221
0.969
0.677
0.524
0.423
0.418
0.248
0.325
0.321
0.195
0.76
0.717
0.515
1.583
2.685
1.274
1.368
0.835
1.064
3.342
2.101
1.369
2.618
1.631
1.04
1.069
0.358
0.3
0.357
0.317
0.312
0.313
0.349
0.784
2.305
1.235
1.366
0.727
1.416
1.313
1.667
2.25
1.943
2.308
2.598
2.875
1.797
2.2
1.739
0.857
0.338
0.3
0.357
0.317
0.304
0.307
0.337
0.819
2.305
0.842
1.018
0.755
1.535
1.217
1.797
2.096
1.998
2.342
2.614
2.845
1.494
2.016
1.748
0.77
0.331
0.328
0.326
0.305
0.313
0.264
0.236
0.802
2.343
0.904
1.242
0.794
1.332
1.28
1.374
1.831
1.947
2.191
2.483
2.817
1.448
2.09
1.404
0.773
0.339
0.349
0.326
0.308
0.268
0.237
0.219
0.716
2.422
0.92
2.193
0.901
1.711
1.286
1.352
1.935
2.026
2.055
2.713
2.658
1.773
2.332
1.777
0.804
0.436
0.357
0.312
0.289
0.259
0.245
0.224
0.56
1.401
1.958
1.655
0.998
1.773
1.322
1.044
1.513
1.552
1.541
2.342
2.44
1.977
2.066
1.898
0.929
0.585
0.495
0.375
0.335
0.235
0.29
0.275
0.22
0.76
0.78
0.772
2.521
2.685
1.492
1.368
0.763
3.236
2.915
2.101
1.652
3.96
1.35
1.027
0.677
0.356
0.22
0.22
0.198
0.184
0.169
0.217
0.248
0.573
0.78
0.88
3.451
2.024
1.269
1.158
0.796
2.87
1.921
2.225
1.745
2.729
1.474
1.031
0.677
0.487
0.344
0.279
0.252
0.224
0.232
0.198
0.45
1.08
1.774
1.692
1.053
1.138
0.921
0.993
0.907
1.301
1.747
2.674
1.813
1.612
2.066
1.898
1.068
0.487
0.376
0.266
0.248
0.235
0.238
0.165
0.499
1.093
1.897
1.842
1.053
0.956
0.921
0.829
0.947
0.993
1.484
2.427
2.703
1.937
2.011
1.895
1.068
0.495
0.381
0.292
0.214
0.192
0.229
0.475
0.612
1.026
1.817
1.588
0.629
1.062
0.652
1.043
1.196
0.993
1.16
2.454
2.703
2.006
1.635
1.786
1.041
0.49
0.32
0.265
0.181
0.196
0.229
0.475
0.759
0.875
1.709
1.504
0.853
0.897
0.424
0.95
1.076
0.9
1.475
2.08
2.612
2.625
1.607
1.444
0.926
0.396
0.303
0.237
0.159
0.204
0.219
0.569
1.912
0.879
0.639
2.538
0.931
0.948
0.582
0.922
0.896
1.025
1.407
1.612
2.422
2.906
1.432
1.47
0.833
0.356
0.214
0.193
0.204
0.184
0.109
0.203
0.248
0.408
1.148
0.934
4.506
2.199
1.105
1.193
0.978
3.105
1.955
1.982
1.745
2.729
1.527
1.256
0.724
0.285
0.186
0.218
0.204
0.152
0.169
0.203
0.353
0.698
1.172
0.887
4.506
1.715
0.783
1.193
1.299
1.592
1.955
1.982
1.411
1.193
1.527
1.256
0.903
0.318
0.312
0.242
0.142
0.205
0.211
0.548
1.912
0.952
0.982
2.772
1.134
0.941
0.55
0.913
0.884
1.119
1.519
2.015
2.31
2.906
1.405
1.47
0.706
0.308
0.282
0.249
0.142
0.205
0.208
0.605
1.842
0.984
0.954
2.566
1.172
0.941
0.647
1.218
1.016
1.433
1.488
2.293
1.333
2.778
1.417
1.471
0.689
0.255
0.222
0.213
0.144
0.19
0.195
0.313
1.742
1.031
1.734
2.855
1.372
0.822
0.635
0.883
0.747
1.493
1.515
2.375
1.582
2.662
1.421
1.443
0.689
0.241
0.314
0.257
0.202
0.19
0.181
0.337
1.746
1.512
2.218
2.061
1.399
0.983
0.827
0.93
0.952
1.702
1.481
2.177
1.603
1.754
1.16
1.445
0.735
0.202
0.287
0.258
0.202
0.186
0.181
0.226
0.736
1.542
2.218
1.935
1.176
0.946
0.872
1.281
1.064
1.621
1.633
2.177
1.676
1.382
1.308
1.367
0.745
0.305
0.211
0.252
0.218
0.146
0.253
0.202
0.302
1.035
1.172
0.613
2.769
1.575
0.797
0.983
2.0
2.071
1.693
4.85
1.646
1.306
3.661
1.315
0.903
0.353
0.24
0.261
0.242
0.208
0.257
0.221
0.334
1.035
0.671
0.658
0.957
1.192
0.797
0.739
2.0
2.071
1.099
5.002
1.646
1.171
3.456
1.248
0.838
0.254
0.326
0.282
0.197
0.195
0.173
0.226
0.714
1.668
2.885
1.937
0.901
0.782
0.919
1.236
1.076
1.703
1.273
1.41
1.676
1.402
1.412
1.439
0.826
0.36
0.344
0.288
0.231
0.196
0.144
0.198
0.689
1.668
3.288
2.681
1.14
0.862
0.803
0.76
0.958
1.372
1.155
1.18
1.595
1.203
2.22
1.378
0.811
0.418
0.4
0.286
0.203
0.217
0.14
0.199
1.194
1.844
2.841
2.479
1.199
0.977
0.863
1.032
0.978
1.392
1.166
1.138
1.634
2.326
2.249
1.447
0.869
0.441
0.323
0.28
0.189
0.222
0.204
0.202
1.115
1.467
2.769
3.233
0.897
0.645
0.814
1.174
0.853
1.178
1.107
1.469
1.777
2.736
2.64
1.361
0.777
0.441
0.323
0.277
0.22
0.202
0.205
0.216
0.97
1.625
2.769
2.276
1.5
0.731
0.704
0.804
0.905
1.181
1.318
2.079
1.989
2.974
2.604
1.438
0.753
0.353
0.24
0.372
0.285
0.169
0.257
0.221
0.349
0.698
0.564
0.802
1.681
2.411
0.548
0.804
2.158
4.97
1.244
5.002
1.845
1.822
3.558
1.33
0.729
0.302
0.24
0.346
0.285
0.23
0.15
0.215
0.349
0.278
0.576
0.981
1.681
3.668
0.557
0.692
1.467
4.318
0.983
2.359
1.106
1.528
1.148
1.33
0.755
0.432
0.298
0.297
0.259
0.245
0.26
0.24
1.452
1.839
1.943
2.033
1.527
1.581
0.749
0.817
1.003
1.024
1.704
2.079
2.064
2.973
2.578
1.367
0.797
0.389
0.344
0.312
0.267
0.307
0.32
0.228
1.337
1.861
1.828
1.527
1.346
1.553
0.816
0.92
1.182
1.12
2.152
2.227
2.329
3.143
1.809
1.326
0.713
0.355
0.304
0.321
0.267
0.278
0.342
0.232
0.734
1.751
1.58
1.527
1.26
2.049
1.283
1.113
1.272
1.055
2.179
2.124
2.088
2.17
1.847
1.21
0.732
0.447
0.4
0.373
0.348
0.32
0.288
0.204
0.869
1.751
1.215
1.264
1.29
2.031
1.448
1.208
1.907
1.311
2.179
2.036
2.072
1.744
1.567
1.297
0.738
0.457
0.457
0.419
0.366
0.338
0.305
0.206
2.205
1.547
1.234
1.342
0.981
2.188
1.485
1.208
1.864
1.216
1.935
1.67
1.765
1.467
1.538
1.192
0.843
0.364
0.281
0.419
0.299
0.176
0.174
0.247
0.348
1.531
0.978
1.061
1.55
3.668
0.534
0.692
1.715
4.299
0.956
1.713
1.421
1.805
1.398
1.219
0.799
0.355
0.281
0.298
0.257
0.208
0.249
0.429
0.305
1.509
1.462
1.061
1.33
2.586
0.651
1.452
1.426
0.676
1.558
1.263
1.556
1.802
1.484
1.064
0.611
0.54
0.55
0.46
0.436
0.341
0.295
0.208
1.773
1.15
1.19
1.502
0.981
1.618
1.483
1.488
1.989
1.28
1.714
1.661
1.712
1.467
1.538
1.159
0.572
0.504
0.506
0.441
0.424
0.298
0.262
0.237
1.783
2.046
0.989
1.252
1.09
1.865
1.572
1.493
1.765
1.288
1.263
1.848
1.543
1.854
1.542
1.296
0.604
0.504
0.499
0.435
0.424
0.298
0.263
0.232
1.9
1.801
0.955
1.252
1.143
1.421
1.114
1.104
1.716
1.397
1.122
1.896
1.741
1.965
1.445
1.239
0.568
0.403
0.464
0.456
0.415
0.3
0.298
0.267
1.727
1.715
1.055
0.785
1.126
1.454
1.02
0.941
0.98
1.124
1.366
1.673
1.807
2.248
1.3
1.156
0.594
0.482
0.508
0.483
0.431
0.343
0.332
0.296
0.446
1.898
0.952
0.773
1.03
1.246
0.932
1.163
1.364
1.389
1.304
1.483
2.147
3.54
1.261
1.078
0.866
0.367
0.285
0.32
0.237
0.213
0.249
0.429
0.299
1.554
1.462
1.71
2.904
2.883
0.439
1.496
1.426
0.526
1.558
1.263
1.556
1.802
1.484
0.948
0.88
0.49
0.555
0.47
0.571
0.227
0.266
0.395
0.605
0.288
2.044
2.034
2.904
4.684
0.662
1.496
0.91
0.922
4.39
1.519
1.93
2.182
1.261
0.949
0.659
0.507
0.517
0.473
0.373
0.338
0.298
0.274
0.467
1.799
1.022
0.897
1.182
1.091
0.853
0.91
1.15
1.645
1.515
1.483
2.147
3.54
2.387
1.349
0.63
0.518
0.517
0.485
0.393
0.329
0.303
0.388
0.673
0.745
1.145
1.371
1.014
0.808
0.686
1.009
1.085
1.625
1.625
1.082
1.999
3.411
2.316
1.498
0.523
0.529
0.525
0.485
0.393
0.335
0.286
0.512
0.716
1.5
1.239
1.371
0.941
0.898
0.651
1.009
1.533
1.526
1.466
1.004
1.716
3.261
2.306
1.498
0.556
0.529
0.481
0.396
0.324
0.304
0.32
0.551
0.891
1.732
1.295
1.412
1.016
1.095
0.58
1.262
1.533
1.526
1.198
0.89
1.396
3.029
2.259
1.413
0.442
0.432
0.368
0.324
0.273
0.26
0.285
0.561
1.176
1.846
2.116
1.31
0.819
1.201
0.58
1.003
1.158
1.385
1.358
0.932
1.223
2.075
2.264
1.427
0.88
0.685
0.61
0.568
0.566
0.227
0.262
0.209
0.777
0.284
1.86
2.034
3.553
4.684
0.57
0.689
0.735
1.14
3.398
0.982
1.506
1.748
2.858
1.024
0.798
0.685
0.61
0.568
0.548
0.216
0.224
0.201
0.777
0.224
1.681
1.17
1.84
2.301
0.835
0.714
0.602
1.14
4.082
1.513
2.286
1.807
2.955
1.024
0.398
0.315
0.248
0.23
0.246
0.204
0.282
0.576
1.193
1.862
1.979
1.09
0.756
1.323
0.543
1.053
1.244
1.189
1.124
0.961
1.101
1.938
1.114
1.174
0.391
0.281
0.248
0.203
0.217
0.179
0.277
0.786
1.43
1.974
1.647
0.552
0.756
1.323
0.464
0.855
1.256
1.049
0.926
0.911
1.061
1.592
1.075
0.982
0.426
0.241
0.23
0.177
0.217
0.167
0.277
0.725
1.7
1.647
1.618
0.54
0.566
1.168
0.556
0.974
0.714
0.93
1.123
0.957
1.234
1.713
1.435
1.073
0.379
0.243
0.187
0.161
0.174
0.141
0.198
0.825
1.662
1.449
1.414
0.461
0.502
0.772
0.532
0.52
0.714
1.15
1.258
1.144
1.298
1.833
1.495
1.073
0.381
0.258
0.2
0.209
0.172
0.166
0.178
0.825
1.474
1.219
0.46
0.456
0.444
0.633
0.557
0.52
0.802
1.989
1.225
1.441
1.393
1.511
1.859
1.025
0.441
0.411
0.258
0.323
0.124
0.192
0.134
0.739
1.901
0.265
0.427
0.368
2.055
0.474
0.677
0.796
0.537
0.934
1.132
0.949
2.417
2.681
2.955
0.941
0.397
0.252
0.221
0.222
0.21
0.232
0.196
0.739
1.764
0.363
1.687
0.481
0.644
0.762
1.049
0.947
0.263
0.694
1.105
1.065
2.417
2.681
1.195
0.732
0.301
0.221
0.188
0.21
0.165
0.171
0.181
0.937
1.456
1.249
0.708
0.829
0.416
0.619
0.56
0.339
0.814
1.81
1.206
1.611
1.366
1.511
1.859
1.148
0.33
0.267
0.201
0.221
0.141
0.184
0.146
0.678
1.149
1.099
0.836
0.98
0.422
0.609
0.884
0.352
0.819
1.836
1.544
1.954
1.745
1.827
1.862
1.03
0.371
0.314
0.213
0.226
0.127
0.2
0.148
0.732
0.844
0.803
0.798
1.077
0.443
0.637
0.917
0.245
0.968
2.189
1.411
1.954
1.557
1.637
1.53
1.16
0.411
0.342
0.25
0.265
0.155
0.198
0.156
0.611
0.935
1.138
0.984
1.12
0.678
0.868
0.892
0.338
1.067
2.019
1.568
1.941
1.762
2.322
1.497
1.239
0.405
0.369
0.256
0.258
0.214
0.21
0.182
1.047
1.029
1.105
0.984
1.12
0.805
1.038
0.849
0.409
0.972
1.046
1.594
1.571
1.478
2.458
1.408
1.273
0.456
0.252
0.229
0.222
0.223
0.232
0.23
0.714
1.764
1.181
2.117
0.481
2.018
0.762
0.849
1.042
0.936
0.885
2.379
1.741
1.64
2.838
1.35
0.637
0.605
0.334
0.322
0.253
0.292
0.29
0.23
0.153
0.503
1.181
2.117
1.098
2.125
0.729
0.741
1.042
1.264
2.646
3.016
1.741
0.903
1.331
1.224
0.696
0.4
0.374
0.265
0.258
0.218
0.225
0.165
0.857
1.104
1.023
0.851
1.116
0.764
0.738
0.849
0.409
0.886
1.046
1.772
1.343
1.733
2.458
1.408
1.187
0.538
0.533
0.425
0.396
0.25
0.209
0.168
0.796
1.02
1.202
0.911
1.33
1.417
0.75
1.028
0.675
0.914
1.074
1.499
0.936
1.483
2.151
1.408
1.188
0.581
0.622
0.501
0.502
0.302
0.22
0.264
0.833
1.047
1.471
1.491
1.249
1.417
0.707
0.822
0.722
0.855
0.839
1.618
0.908
1.815
2.56
1.524
1.07
0.599
0.611
0.514
0.478
0.315
0.275
0.267
1.022
0.94
1.202
1.353
1.163
1.231
0.759
0.754
0.66
0.685
0.763
1.372
0.657
2.114
1.981
1.614
1.033
0.697
0.617
0.532
0.504
0.325
0.254
0.245
0.543
0.861
1.202
1.979
1.748
1.324
0.703
0.936
0.727
0.806
0.674
1.365
0.646
2.249
2.504
1.727
1.139
0.832
0.532
0.423
0.189
0.24
0.265
0.181
0.132
0.387
1.268
1.648
1.45
2.125
0.851
2.003
1.963
1.264
2.646
3.016
1.849
1.069
1.514
1.539
1.05
0.837
0.535
0.437
0.316
0.324
0.265
0.177
0.735
0.645
0.473
1.296
1.45
0.893
0.874
2.404
1.585
0.718
2.229
1.819
0.91
0.977
1.125
1.248
1.05
0.697
0.62
0.532
0.504
0.356
0.278
0.26
0.565
0.854
1.205
1.939
1.337
1.333
1.137
1.036
0.906
0.933
0.734
1.322
0.825
2.275
2.943
1.815
1.167
0.612
0.439
0.41
0.401
0.356
0.297
0.269
0.66
0.854
1.134
2.323
0.982
0.678
1.137
0.586
0.735
1.044
0.765
1.322
0.868
2.275
3.119
1.851
1.131
0.548
0.36
0.36
0.329
0.303
0.261
0.187
0.555
0.93
0.844
2.023
1.296
0.789
1.127
0.686
0.908
0.974
0.684
1.224
1.109
2.162
2.847
1.871
1.119
0.523
0.369
0.332
0.342
0.274
0.192
0.18
0.455
0.938
0.891
2.081
1.49
0.712
1.075
0.72
0.908
0.974
1.332
1.232
1.138
1.888
2.956
1.934
1.212
0.486
0.36
0.35
0.317
0.267
0.224
0.167
0.455
1.346
0.894
1.514
0.939
0.624
0.979
0.767
0.977
0.964
1.457
1.172
1.138
2.119
2.309
1.633
1.208
0.837
0.535
0.437
0.376
0.269
0.222
0.213
0.741
0.542
0.624
1.858
1.287
0.789
0.9
2.404
1.576
0.371
0.23
1.175
0.91
1.007
1.125
1.432
1.057
0.576
0.357
0.38
0.376
0.288
0.225
0.229
0.898
0.602
0.516
1.112
1.068
0.722
2.46
0.785
0.536
0.43
0.334
1.103
0.885
0.881
0.918
1.182
0.816
0.486
0.336
0.32
0.317
0.233
0.165
0.165
0.56
1.301
0.894
1.471
1.742
0.608
0.554
0.808
0.981
0.946
1.464
0.942
1.007
1.909
2.023
1.612
1.169
0.561
0.403
0.325
0.323
0.253
0.18
0.167
0.54
1.351
0.76
1.264
1.787
0.608
0.554
0.808
1.169
0.763
1.422
0.942
1.033
1.993
1.635
1.492
1.169
0.573
0.419
0.342
0.315
0.298
0.218
0.17
0.477
1.381
0.719
1.146
1.755
0.458
0.512
0.786
1.014
0.911
1.93
0.924
0.948
2.545
1.635
1.446
1.097
0.564
0.424
0.304
0.284
0.299
0.217
0.16
0.543
1.568
0.822
1.247
1.745
0.689
0.417
0.778
1.418
1.318
1.652
0.862
0.883
2.343
1.509
1.362
0.966
0.531
0.421
0.262
0.274
0.273
0.192
0.16
0.627
1.376
1.252
1.39
2.226
0.77
0.657
0.649
1.353
1.426
1.479
0.675
0.938
1.908
2.212
1.296
0.76
0.434
0.341
0.369
0.356
0.218
0.199
0.229
0.367
0.408
0.516
1.414
2.29
0.759
2.46
0.409
1.039
1.076
0.652
0.621
1.065
1.162
1.402
1.617
1.42
0.439
0.341
0.363
0.307
0.227
0.225
0.222
0.367
0.557
0.348
1.733
2.262
0.503
2.325
0.409
1.039
1.076
0.715
1.026
1.065
1.144
1.402
1.442
1.551
0.551
0.421
0.317
0.311
0.273
0.246
0.173
0.738
1.376
1.297
1.39
1.489
0.684
0.698
0.517
1.249
1.254
1.448
1.079
0.938
2.609
2.503
1.33
0.755
0.427
0.382
0.277
0.299
0.301
0.252
0.165
0.763
1.407
1.297
1.047
1.406
0.684
0.698
0.63
1.026
1.45
1.667
1.115
0.923
2.777
2.503
1.312
0.768
0.381
0.333
0.263
0.276
0.263
0.239
0.178
0.763
1.404
1.378
1.031
1.375
0.662
0.676
0.515
0.938
1.33
1.09
1.053
0.725
1.892
2.481
1.39
0.815
0.387
0.347
0.263
0.279
0.262
0.247
0.169
0.702
1.208
1.699
1.099
1.327
0.455
0.732
0.633
0.473
0.927
0.698
1.538
0.725
1.948
2.353
1.289
0.882
0.462
0.375
0.292
0.261
0.287
0.274
0.169
0.684
0.976
1.304
0.957
1.234
0.478
0.565
0.676
0.492
0.837
0.689
2.009
0.981
2.273
1.674
1.398
0.887
0.506
0.424
0.371
0.326
0.227
0.229
0.22
0.228
0.481
1.102
1.733
2.32
1.077
0.416
0.308
0.715
0.843
0.715
1.026
0.941
1.282
1.608
1.58
1.551
0.576
0.433
0.371
0.326
0.227
0.229
0.193
0.471
0.889
1.113
2.425
1.145
1.167
0.478
0.31
0.409
0.374
0.546
0.906
2.067
1.934
1.094
0.964
1.054
0.448
0.402
0.266
0.232
0.29
0.257
0.16
0.485
0.988
1.299
1.034
1.285
0.493
0.563
0.703
0.458
0.839
0.874
1.65
0.939
1.831
1.345
1.536
1.044
0.459
0.39
0.286
0.189
0.255
0.219
0.173
0.436
0.91
1.364
1.062
1.309
0.685
0.561
0.85
0.531
0.634
0.641
1.867
1.082
1.787
1.709
1.653
1.152
0.459
0.39
0.281
0.203
0.255
0.216
0.569
0.676
0.85
1.28
1.17
1.148
0.685
0.799
0.85
0.603
0.551
0.738
1.921
1.345
1.787
1.709
1.486
1.246
0.419
0.355
0.293
0.205
0.241
0.209
0.576
0.659
0.768
0.836
0.902
1.051
1.019
0.642
1.087
0.797
0.591
0.683
1.924
1.417
1.948
1.968
1.486
1.212
0.374
0.313
0.287
0.227
0.216
0.187
0.576
0.686
0.688
0.834
0.873
0.632
0.924
0.646
0.976
0.677
0.554
0.654
1.638
1.346
1.662
2.224
2.031
1.339
0.655
0.64
0.466
0.51
0.39
0.383
0.286
0.528
0.803
1.25
1.572
0.917
1.167
0.478
0.277
0.409
0.351
0.493
0.974
2.471
1.934
1.47
1.707
1.11
0.642
0.531
0.408
0.435
0.397
0.367
0.282
0.58
0.879
0.488
2.671
1.264
0.972
0.734
0.456
0.831
0.589
0.447
1.221
2.471
1.893
1.238
1.388
1.11
0.376
0.302
0.321
0.254
0.195
0.18
0.569
0.702
0.656
0.834
1.303
0.714
0.931
0.555
1.012
0.644
0.554
0.375
1.689
1.346
1.949
2.142
1.856
1.13
0.348
0.309
0.337
0.27
0.218
0.197
0.591
0.696
0.576
0.739
1.315
1.268
1.012
1.129
1.486
1.202
0.605
0.481
1.774
1.3
2.093
2.838
1.764
1.061
0.457
0.381
0.381
0.292
0.247
0.238
0.212
0.607
0.615
0.703
1.207
1.5
1.208
1.05
1.486
1.158
0.605
0.375
2.114
1.181
2.307
2.959
1.769
0.925
0.532
0.409
0.386
0.292
0.29
0.265
0.224
0.551
0.615
0.556
1.21
1.5
0.936
1.109
1.097
0.98
0.597
0.677
1.633
1.623
2.068
2.791
1.814
0.964
0.544
0.485
0.439
0.354
0.335
0.285
0.247
0.459
0.606
0.626
1.681
1.495
0.976
1.114
1.247
1.085
0.554
0.914
1.603
1.518
2.216
2.514
1.266
0.962
0.537
0.515
0.408
0.473
0.397
0.354
0.282
0.392
0.63
0.636
1.994
1.759
1.519
0.695
0.418
1.536
0.65
0.446
1.878
1.281
2.576
1.929
2.654
1.101
0.603
0.479
0.471
0.464
0.418
0.291
0.266
0.509
0.886
0.669
2.297
1.759
1.519
0.764
0.765
1.536
0.751
0.703
1.878
1.01
2.593
1.544
2.328
1.083
0.589
0.563
0.473
0.381
0.338
0.293
0.247
0.384
0.532
0.684
1.201
1.361
1.441
1.156
1.193
1.586
0.662
1.365
1.602
1.518
1.574
2.299
1.283
1.115
0.591
0.563
0.469
0.387
0.323
0.294
0.198
0.385
0.502
0.772
1.043
0.717
1.378
0.716
0.447
1.0
0.588
1.354
1.634
1.529
1.529
1.032
1.283
1.143
0.635
0.556
0.514
0.388
0.343
0.267
0.16
0.247
0.375
0.801
0.851
0.433
1.266
0.783
0.428
0.984
0.629
1.563
1.266
1.402
1.705
0.699
1.326
1.192
0.592
0.603
0.561
0.446
0.41
0.27
0.168
0.243
0.314
0.867
1.398
0.719
1.323
0.877
0.506
1.341
0.944
1.387
1.546
0.905
1.67
0.815
1.25
1.229
0.592
0.524
0.485
0.388
0.361
0.259
0.154
0.255
0.405
0.78
1.498
0.74
1.218
0.877
0.35
1.243
0.898
1.236
1.418
0.775
1.586
0.916
1.215
1.165
0.845
0.649
0.589
0.533
0.463
0.291
0.243
0.4
0.886
0.669
1.379
2.868
1.347
0.56
0.637
1.234
0.76
0.703
1.741
1.01
2.593
1.544
2.328
1.083
0.845
0.649
0.589
0.533
0.463
0.317
0.243
0.4
0.953
0.667
1.379
2.409
1.515
0.808
0.637
0.451
0.76
0.695
1.117
0.708
1.212
0.757
1.166
0.941
0.586
0.474
0.506
0.391
0.44
0.311
0.273
0.317
0.506
0.78
1.842
1.245
0.767
1.14
0.394
1.07
0.744
0.815
1.322
0.758
1.667
0.889
1.124
1.053
0.67
0.536
0.507
0.375
0.442
0.321
0.309
0.321
0.61
0.966
2.126
1.281
0.638
1.229
0.666
1.039
0.763
0.885
1.181
0.53
1.276
0.971
1.08
0.976
0.667
0.576
0.505
0.422
0.485
0.321
0.309
0.269
0.61
1.002
2.126
1.91
0.588
1.203
0.756
1.036
0.806
0.845
1.395
0.568
1.013
1.393
0.97
1.042
0.754
0.552
0.497
0.401
0.472
0.352
0.44
0.351
0.695
1.014
1.643
1.571
0.522
1.121
0.666
1.071
0.732
1.159
1.11
1.154
1.367
1.237
1.062
0.948
0.754
0.587
0.525
0.418
0.473
0.352
0.451
0.355
0.69
0.996
1.041
1.547
0.538
1.144
1.022
1.091
0.794
1.236
1.272
1.439
1.759
1.836
0.946
1.094
0.568
0.41
0.363
0.325
0.24
0.215
0.147
0.186
0.482
0.762
0.894
2.304
1.515
0.994
0.344
0.492
1.092
0.807
1.613
0.566
1.118
0.841
1.124
1.359
0.539
0.444
0.394
0.293
0.229
0.24
0.171
0.511
0.712
1.104
0.84
0.702
1.204
0.994
0.527
1.149
1.54
0.753
1.613
1.141
1.145
0.887
1.236
1.528
0.853
0.653
0.53
0.44
0.413
0.329
0.358
0.301
0.611
0.986
0.749
1.021
0.772
1.098
1.256
0.869
1.077
1.236
1.272
1.572
1.727
2.149
1.02
1.239
0.811
0.642
0.544
0.447
0.435
0.34
0.377
0.323
0.632
0.744
0.436
1.004
0.884
1.322
1.034
0.859
1.077
1.101
1.138
1.576
1.74
2.155
1.15
1.239
0.729
0.593
0.482
0.399
0.364
0.333
0.378
0.661
0.718
0.66
0.377
0.411
0.884
1.222
0.964
1.062
1.147
0.968
0.897
1.616
1.622
1.78
1.127
1.089
0.606
0.539
0.409
0.345
0.282
0.304
0.254
0.585
0.711
0.563
0.551
0.521
0.869
1.305
1.029
0.791
0.983
0.607
0.891
1.085
1.249
1.78
1.285
1.134
0.684
0.447
0.371
0.324
0.277
0.299
0.247
0.58
0.806
0.645
0.556
0.513
0.857
1.24
0.633
0.772
1.458
0.749
0.863
0.786
0.732
1.126
1.285
0.964
0.594
0.531
0.454
0.296
0.265
0.228
0.221
0.507
0.59
1.104
0.84
0.702
0.243
0.859
0.655
1.229
2.431
2.126
1.399
1.141
0.812
0.887
1.236
1.528
0.678
0.531
0.454
0.331
0.3
0.244
0.231
1.09
0.59
0.793
2.739
0.561
0.237
0.554
0.655
1.229
2.479
1.84
0.724
1.057
0.68
0.699
0.881
0.888
0.513
0.316
0.266
0.237
0.235
0.258
0.239
0.746
0.87
0.64
1.059
0.762
0.6
1.117
0.431
0.834
1.399
1.016
0.929
0.883
0.798
0.772
1.213
0.79
0.403
0.234
0.204
0.201
0.204
0.225
0.207
0.714
0.834
0.611
1.108
1.024
0.577
1.288
0.763
0.86
1.399
1.025
1.013
0.899
0.675
0.971
1.52
0.756
0.466
0.264
0.288
0.284
0.278
0.253
0.237
0.536
0.897
1.261
1.167
1.094
0.675
1.343
0.813
1.531
1.368
1.291
1.166
0.738
0.827
0.822
1.428
0.87
0.544
0.354
0.372
0.323
0.315
0.264
0.264
0.559
0.953
1.527
1.277
0.968
0.591
1.216
0.704
1.411
1.384
2.258
1.953
0.777
0.888
1.038
1.075
0.718
0.385
0.352
0.374
0.323
0.315
0.264
0.264
0.559
0.77
1.532
1.35
0.968
0.659
1.439
0.79
1.867
1.439
2.05
1.953
1.072
0.922
1.428
1.319
0.753
0.643
0.291
0.309
0.25
0.247
0.228
0.231
0.802
0.509
0.413
2.744
1.66
1.17
0.325
0.458
0.487
2.479
1.84
0.7
0.716
0.582
0.736
0.72
0.632
0.643
0.259
0.247
0.231
0.278
0.239
0.208
1.672
0.423
0.563
2.744
1.776
1.275
0.428
0.271
0.269
1.152
0.398
0.745
0.892
0.777
0.865
0.969
1.14
0.358
0.345
0.351
0.304
0.314
0.264
0.264
0.384
1.209
1.532
0.908
0.707
0.655
1.366
0.715
1.673
1.302
1.784
1.929
0.773
0.989
1.459
1.684
0.746
0.348
0.366
0.375
0.325
0.317
0.248
0.276
0.364
1.43
1.847
1.466
0.441
0.55
0.759
0.527
1.663
1.354
1.827
2.155
0.823
1.074
1.622
1.189
0.864
0.295
0.322
0.3
0.219
0.254
0.205
0.252
0.183
1.449
1.218
1.448
1.249
0.538
0.768
0.443
0.86
1.625
2.173
2.497
0.902
0.997
2.011
1.279
0.681
0.196
0.203
0.212
0.167
0.211
0.154
0.209
0.138
1.549
1.012
1.188
1.246
0.636
0.802
0.533
0.892
1.591
1.261
1.614
0.922
0.975
1.894
1.733
0.679
0.199
0.207
0.191
0.177
0.204
0.161
0.209
0.302
1.549
0.98
1.737
1.375
0.585
0.772
0.546
0.727
1.476
1.833
1.732
1.036
0.975
1.611
1.596
0.726
0.511
0.243
0.21
0.177
0.243
0.206
0.198
1.067
0.476
0.755
1.324
3.114
2.066
0.817
0.236
1.12
1.222
0.586
1.445
0.892
0.777
0.969
0.969
1.168
0.209
0.262
0.21
0.177
0.243
0.198
0.188
1.331
0.476
0.751
1.74
1.78
1.367
0.817
0.561
1.27
1.923
1.339
1.419
0.769
0.788
0.969
1.208
1.417
0.226
0.248
0.235
0.226
0.237
0.201
0.204
0.311
1.165
0.98
1.69
1.372
0.709
0.712
0.571
0.727
1.487
1.833
1.732
1.73
1.193
1.606
1.163
0.669
0.335
0.341
0.31
0.328
0.262
0.26
0.212
0.366
1.054
0.725
1.105
1.381
0.865
0.949
0.43
0.709
1.363
1.861
1.609
1.99
1.576
1.397
1.627
0.695
0.443
0.445
0.336
0.378
0.265
0.274
0.192
0.362
0.804
0.696
1.247
1.463
0.792
1.107
0.449
0.834
1.108
1.147
1.014
1.969
1.356
0.953
1.623
0.813
0.434
0.445
0.337
0.378
0.266
0.274
0.182
1.101
0.623
0.801
1.401
1.468
0.906
1.142
0.376
0.818
1.446
2.036
0.993
2.029
1.502
0.811
1.174
0.828
0.442
0.431
0.337
0.354
0.266
0.268
0.182
0.939
0.494
0.723
0.935
1.448
0.906
1.023
0.38
0.763
1.185
2.114
0.926
1.784
1.632
0.757
1.142
0.941
0.615
0.381
0.386
0.358
0.416
0.357
0.292
0.434
0.446
0.744
2.62
1.674
1.367
0.801
0.601
1.27
1.923
2.559
2.41
0.896
1.06
0.835
1.103
0.949
1.136
0.45
0.43
0.388
0.38
0.369
0.257
1.634
2.118
0.36
2.62
0.222
0.656
0.326
0.601
0.832
1.824
2.559
1.783
0.868
1.476
0.946
1.357
0.949
0.566
0.406
0.318
0.334
0.251
0.252
0.205
0.938
0.513
0.727
1.291
1.856
0.868
1.023
0.412
0.788
1.118
2.067
0.914
1.177
1.52
1.027
1.3
1.062
0.473
0.307
0.24
0.24
0.216
0.211
0.182
0.89
0.513
0.591
1.291
1.85
0.718
0.979
0.5
1.064
1.279
2.16
1.124
0.859
1.012
0.868
0.841
0.988
0.515
0.35
0.362
0.317
0.203
0.198
0.165
0.89
0.509
0.563
1.092
0.934
1.375
0.829
1.153
1.026
1.316
2.25
1.251
0.859
1.439
1.106
0.795
0.929
0.515
0.352
0.345
0.317
0.193
0.198
0.162
0.148
0.444
0.484
1.012
1.052
1.558
1.476
1.337
0.983
1.224
1.511
1.564
0.829
1.156
1.106
0.803
1.051
0.555
0.376
0.349
0.326
0.209
0.202
0.179
0.313
0.466
0.945
0.816
1.653
1.733
1.411
1.311
1.281
1.459
1.393
1.688
1.52
1.236
1.358
0.764
0.914
1.136
0.45
0.43
0.388
0.422
0.369
0.259
1.473
2.087
0.183
1.698
0.419
0.416
0.326
0.211
0.632
1.484
2.399
1.919
1.034
1.476
0.788
1.222
0.597
0.966
0.298
0.25
0.196
0.181
0.179
0.153
1.473
2.105
1.769
0.536
0.439
0.182
0.189
1.221
0.755
1.121
1.204
1.001
0.794
1.288
1.049
1.14
0.569
0.418
0.346
0.331
0.292
0.187
0.169
0.143
0.319
0.332
0.958
0.42
1.259
1.594
1.496
1.258
1.301
1.459
1.485
2.349
1.44
1.009
1.036
0.571
0.928
0.445
0.344
0.324
0.286
0.187
0.153
0.142
0.312
0.329
1.059
0.464
2.13
1.676
1.426
1.753
1.337
1.302
1.354
2.873
1.412
1.277
1.306
0.847
0.872
0.323
0.234
0.186
0.194
0.202
0.181
0.184
0.352
0.361
1.131
1.033
2.038
1.0
1.329
1.073
2.0
1.127
1.545
2.873
1.43
1.546
1.128
0.916
0.897
0.382
0.252
0.211
0.219
0.216
0.212
0.203
0.371
0.368
1.288
1.257
3.038
0.882
0.657
0.788
2.0
0.824
1.344
2.928
1.612
1.759
1.184
0.965
0.92
0.369
0.261
0.204
0.255
0.203
0.239
0.205
0.216
0.591
0.915
1.229
2.369
1.162
0.677
0.841
1.676
1.044
1.12
2.746
0.821
1.635
1.019
1.634
1.059
0.732
0.389
0.219
0.207
0.18
0.186
0.163
0.273
0.266
1.769
1.768
1.145
0.387
0.945
3.034
1.49
0.897
1.309
0.912
0.825
1.453
0.867
0.782
0.878
0.732
0.393
0.172
0.248
0.118
0.207
0.134
0.187
0.368
1.92
3.38
1.213
0.472
1.045
3.034
1.49
0.897
1.17
0.65
0.684
1.453
0.867
0.782
0.878
0.452
0.261
0.239
0.27
0.209
0.269
0.611
0.37
0.603
0.915
1.386
2.419
1.326
0.694
0.874
1.732
1.404
1.138
2.303
0.852
1.873
1.1
1.652
0.957
0.511
0.259
0.281
0.276
0.244
0.293
0.634
0.385
0.615
0.953
1.708
1.732
1.199
0.699
0.29
1.537
1.471
1.429
1.326
1.042
1.698
0.723
1.461
1.058
0.511
0.233
0.251
0.267
0.213
0.284
0.607
0.369
0.655
0.989
1.127
1.732
1.199
0.716
0.292
0.716
1.56
1.548
1.326
1.096
1.256
0.651
1.461
0.989
0.629
0.266
0.269
0.284
0.232
0.284
0.613
0.368
0.701
0.729
0.819
1.515
1.038
0.679
0.314
0.966
1.72
1.69
1.17
1.627
1.155
0.757
1.416
0.868
0.589
0.242
0.274
0.267
0.234
0.249
0.606
0.356
0.468
0.73
0.81
1.581
0.56
0.675
0.569
0.941
1.202
1.659
1.126
1.958
1.156
0.719
0.813
0.81
0.501
0.44
0.172
0.248
0.128
0.209
0.142
0.192
0.555
0.323
3.38
1.213
2.982
2.585
2.427
1.851
0.866
1.305
1.099
0.49
1.043
1.328
0.795
1.051
0.631
0.341
0.259
0.256
0.2
0.209
0.183
0.197
0.555
0.986
3.362
1.286
3.005
2.214
0.954
0.746
0.66
0.823
0.924
0.872
0.973
0.996
0.729
0.956
0.511
0.236
0.263
0.253
0.24
0.224
0.212
0.312
0.561
0.724
0.949
1.551
0.403
0.61
0.708
0.855
0.898
1.659
1.592
1.958
0.929
0.703
0.773
1.019
0.403
0.223
0.235
0.229
0.232
0.185
0.19
0.281
0.561
0.636
0.593
1.357
1.167
0.697
0.755
0.744
0.843
1.602
1.745
1.678
0.851
0.703
0.705
0.928
0.42
0.212
0.242
0.207
0.238
0.169
0.196
0.269
0.551
0.615
0.796
1.357
1.167
0.894
0.792
0.796
0.783
1.333
2.142
1.76
0.989
0.754
0.825
0.928
0.267
0.221
0.258
0.216
0.257
0.166
0.202
0.271
0.581
0.621
0.783
0.789
1.05
1.031
0.792
0.559
0.516
1.032
1.996
1.06
0.857
0.805
0.826
0.968
0.328
0.25
0.308
0.253
0.308
0.201
0.239
0.322
0.74
0.563
0.981
0.867
1.39
1.189
0.742
0.377
0.376
1.241
1.96
1.121
0.939
0.8
0.887
0.98
0.631
0.341
0.316
0.244
0.232
0.188
0.196
0.181
0.553
1.371
1.463
1.189
3.005
2.214
0.954
0.966
0.666
1.113
0.9
0.856
1.016
0.97
0.888
0.999
0.645
0.31
0.316
0.247
0.243
0.179
0.243
0.594
0.418
1.371
1.932
1.495
0.539
0.759
1.031
0.534
0.666
1.094
0.318
1.058
1.054
0.204
0.788
0.819
0.34
0.291
0.339
0.282
0.322
0.234
0.245
0.257
0.646
0.765
1.248
0.847
1.776
1.189
0.599
0.44
0.324
1.112
1.639
1.431
1.057
1.219
0.887
0.865
0.34
0.292
0.338
0.292
0.306
0.246
0.243
0.261
0.71
0.707
1.182
0.808
1.074
1.012
0.566
0.408
0.563
1.197
1.614
1.668
1.695
1.264
0.88
0.908
0.496
0.458
0.482
0.345
0.289
0.256
0.236
0.266
0.71
0.65
1.175
1.535
1.438
1.159
0.742
0.749
0.59
1.27
1.375
1.682
1.574
1.53
0.851
1.06
0.67
0.523
0.45
0.318
0.267
0.256
0.224
0.266
0.719
0.626
1.197
1.5
1.567
0.976
1.131
0.927
0.974
1.27
2.087
1.682
1.574
1.417
0.905
1.164
0.802
0.697
0.469
0.306
0.248
0.234
0.731
0.228
0.599
0.747
1.457
1.57
1.334
0.784
0.859
0.895
0.969
0.754
2.087
1.409
2.697
1.64
1.022
1.119
0.315
0.254
0.202
0.23
0.193
0.189
0.203
0.588
0.418
1.014
1.972
0.728
0.38
0.521
1.234
1.743
1.259
1.302
1.329
0.648
1.056
0.724
0.851
0.859
0.505
0.254
0.203
0.23
0.194
0.22
0.203
0.609
0.292
0.971
2.609
0.724
0.347
0.335
1.234
1.502
1.233
1.128
1.517
0.764
1.396
1.084
0.857
0.813
0.739
0.679
0.418
0.278
0.235
0.195
0.734
0.17
0.648
0.567
0.881
1.918
1.015
0.894
0.858
0.857
0.969
1.116
2.269
1.471
2.676
1.196
1.015
1.153
0.751
0.679
0.418
0.273
0.245
0.189
0.733
0.17
0.6
0.583
0.979
1.918
1.015
0.918
0.843
0.833
0.738
0.877
2.237
1.377
2.126
1.245
1.076
1.488
0.57
0.523
0.263
0.209
0.246
0.187
0.738
0.176
0.611
0.599
1.469
1.419
0.708
0.562
0.603
0.482
0.67
1.044
2.047
1.179
1.876
1.174
1.168
1.295
0.454
0.433
0.272
0.231
0.228
0.192
0.742
0.27
0.604
1.305
1.869
1.268
0.542
0.679
0.305
0.342
0.23
1.033
1.484
1.125
1.846
1.272
1.37
1.099
0.254
0.247
0.199
0.207
0.209
0.179
0.217
0.235
0.593
1.253
1.577
1.086
0.675
0.891
0.531
0.386
0.577
1.121
1.836
1.558
0.623
0.974
1.172
1.103
0.548
0.294
0.203
0.221
0.193
0.22
0.189
0.165
0.197
1.011
2.609
0.459
0.783
1.687
2.16
1.61
1.392
1.266
1.517
0.764
1.396
1.084
0.881
0.718
0.553
0.29
0.195
0.213
0.208
0.183
0.227
0.378
0.312
1.011
1.668
1.078
0.822
1.746
1.682
0.533
0.681
0.98
0.752
1.12
1.255
1.469
0.95
0.594
0.268
0.234
0.215
0.201
0.201
0.184
0.197
0.27
0.782
1.309
1.577
0.756
0.544
0.744
0.579
0.327
0.81
1.756
1.605
1.227
0.727
1.1
2.288
1.166
0.315
0.257
0.241
0.238
0.228
0.209
0.23
0.344
0.839
1.325
1.499
0.756
0.621
0.746
0.61
0.418
0.956
2.422
1.538
1.547
1.029
1.042
2.286
0.846
0.35
0.267
0.256
0.258
0.245
0.22
0.251
0.351
1.073
1.311
1.035
0.786
0.753
1.001
0.61
0.573
1.552
2.777
1.855
1.879
1.486
0.916
2.22
0.811
0.265
0.245
0.258
0.244
0.257
0.239
0.257
0.285
1.075
0.675
0.611
0.645
0.761
0.909
0.718
1.006
1.552
2.812
2.389
2.233
1.544
1.027
2.212
0.891
0.316
0.255
0.269
0.264
0.261
0.254
0.25
0.349
1.075
0.635
0.736
0.787
0.934
0.917
0.815
1.065
1.511
2.831
2.254
2.117
1.828
1.086
2.253
0.915
0.461
0.305
0.171
0.255
0.208
0.182
0.227
0.333
0.444
0.718
0.764
1.078
0.822
2.114
3.201
1.84
1.667
1.049
1.503
1.524
1.744
1.54
0.964
0.79
0.461
0.245
0.177
0.257
0.194
0.216
0.235
0.345
0.444
0.559
0.767
1.13
0.811
0.894
2.42
1.84
1.539
1.222
1.503
1.942
1.744
1.54
0.964
0.952
0.332
0.266
0.269
0.265
0.263
0.261
0.259
0.449
1.057
0.539
0.721
0.742
0.934
0.99
0.804
1.065
1.399
1.767
2.638
2.159
2.034
1.387
1.16
0.734
0.303
0.23
0.263
0.255
0.254
0.247
0.24
0.425
1.06
0.843
0.813
0.744
0.987
1.059
0.924
1.111
1.779
1.232
2.638
1.991
2.063
1.469
1.184
0.703
0.298
0.206
0.267
0.24
0.241
0.237
0.229
0.421
0.851
0.926
0.61
0.662
0.97
0.809
1.235
0.952
1.579
0.732
2.62
2.06
1.826
1.469
1.127
0.788
0.305
0.216
0.261
0.244
0.226
0.234
0.221
0.409
0.844
0.874
0.633
0.766
1.106
0.977
1.062
0.479
1.533
0.652
2.027
1.711
2.16
1.447
0.984
0.775
0.286
0.207
0.282
0.24
0.239
0.229
0.219
0.382
0.833
0.939
0.334
0.859
0.807
0.949
0.847
0.596
1.241
0.547
1.859
1.633
2.046
1.441
0.931
1.174
0.427
0.239
0.178
0.26
0.167
0.244
0.199
0.164
0.426
0.585
0.778
0.837
0.785
0.894
2.42
1.856
1.572
1.449
3.369
2.033
2.086
1.224
0.947
0.952
0.44
0.247
0.232
0.24
0.249
0.223
0.225
0.164
0.37
0.552
1.446
0.837
1.664
1.4
1.67
1.662
0.718
1.514
2.852
2.033
2.137
1.342
0.973
0.894
0.286
0.227
0.278
0.25
0.217
0.224
0.204
0.34
1.042
0.939
0.352
0.859
0.807
0.911
0.819
0.575
1.382
0.624
1.283
1.358
2.171
1.36
1.063
1.202
0.284
0.227
0.271
0.247
0.226
0.213
0.212
0.282
0.992
0.664
0.567
0.843
0.681
0.886
0.71
0.488
1.089
0.504
1.208
1.926
1.881
1.458
1.317
1.202
0.283
0.233
0.258
0.258
0.226
0.222
0.213
0.342
0.99
0.708
0.756
0.946
0.573
1.309
0.467
1.02
1.509
1.038
1.345
1.553
1.752
1.431
2.005
1.161
0.273
0.267
0.263
0.259
0.224
0.215
0.21
0.395
1.075
0.664
1.139
0.87
0.613
1.504
0.727
1.179
1.638
1.093
1.314
2.411
1.284
1.317
2.084
1.135
0.267
0.282
0.25
0.272
0.223
0.237
0.235
0.378
1.118
0.955
1.182
0.523
0.686
1.363
0.867
1.272
1.982
1.271
1.97
2.524
1.554
1.914
2.87
1.666
0.536
0.45
0.384
0.402
0.411
0.376
0.386
0.267
0.283
1.592
1.446
0.75
1.308
1.287
1.209
1.755
0.8
1.846
2.852
1.312
2.137
1.342
0.973
0.728
0.575
0.45
0.384
0.402
0.411
0.369
0.386
0.339
0.495
1.445
1.295
0.423
3.327
1.287
1.209
1.755
1.368
1.846
0.817
0.574
1.332
0.911
0.814
1.069
0.299
0.257
0.27
0.245
0.262
0.22
0.246
0.48
0.754
0.95
1.289
0.824
0.92
1.363
1.018
1.331
1.974
2.384
1.942
2.498
1.233
1.705
2.866
1.673
0.311
0.273
0.254
0.245
0.262
0.238
0.24
0.48
0.754
0.864
1.039
1.071
1.181
1.356
1.018
1.331
1.924
2.649
2.345
1.952
1.238
1.558
2.623
1.679
0.302
0.286
0.281
0.261
0.281
0.252
0.255
0.454
0.974
1.477
0.968
1.069
1.181
0.875
1.066
0.916
1.439
2.37
2.367
2.211
1.494
1.586
1.971
1.679
0.287
0.261
0.284
0.221
0.287
0.242
0.255
0.492
0.906
1.472
0.623
1.038
0.966
0.633
0.902
0.883
1.366
2.553
2.367
1.483
1.755
1.561
1.984
1.809
0.277
0.258
0.246
0.213
0.275
0.286
0.237
0.569
0.808
1.106
0.9
1.744
1.088
0.966
0.714
0.66
1.028
2.889
1.751
1.333
1.732
0.988
1.162
0.853
0.575
0.481
0.399
0.447
0.413
0.417
0.425
0.339
0.617
1.445
1.247
0.281
2.887
1.99
1.657
0.859
1.673
1.899
0.48
0.551
1.096
0.767
0.894
1.034
0.537
0.305
0.293
0.292
0.29
0.289
0.277
1.172
0.658
0.305
1.176
1.027
2.887
2.239
1.651
0.754
1.673
1.366
1.433
0.824
1.12
0.762
0.893
1.034
0.255
0.274
0.239
0.237
0.262
0.309
0.238
0.477
0.826
1.148
0.749
1.491
0.943
1.002
0.56
0.685
1.149
2.01
1.623
1.342
2.078
1.027
1.118
0.818
0.269
0.297
0.287
0.288
0.272
0.318
0.267
0.55
1.171
1.19
1.344
1.26
0.971
1.299
0.795
0.681
1.094
2.158
1.209
1.689
2.078
1.001
1.158
0.814
0.285
0.282
0.269
0.253
0.268
0.309
0.253
0.55
0.953
0.626
1.664
1.284
0.966
1.299
0.647
0.514
1.029
2.097
0.795
1.773
2.062
0.973
1.158
0.837
0.285
0.298
0.241
0.258
0.253
0.309
0.263
0.498
1.007
0.9
1.768
1.887
1.076
1.202
0.687
0.419
1.029
2.324
1.308
1.651
1.978
1.205
1.066
0.739
0.311
0.282
0.248
0.245
0.243
0.228
0.257
0.399
1.213
1.118
1.529
1.533
0.908
0.93
0.702
1.094
1.228
1.785
1.308
1.68
1.732
1.181
0.921
0.739
0.437
0.3
0.293
0.292
0.29
0.289
0.277
1.148
0.519
0.272
2.181
1.64
0.906
2.239
2.655
2.926
1.146
1.902
1.663
1.053
1.332
1.023
1.251
0.622
0.603
0.362
0.314
0.252
0.27
0.267
0.237
1.142
0.41
0.441
2.089
2.805
0.943
0.771
2.004
2.736
0.818
1.959
1.771
1.337
1.486
1.035
1.127
0.585
0.315
0.284
0.25
0.248
0.248
0.236
0.267
0.345
1.185
1.379
1.69
1.758
0.986
0.914
0.689
0.967
1.183
2.001
1.43
1.739
1.329
1.183
1.002
0.811
0.29
0.262
0.24
0.229
0.217
0.304
0.225
0.333
1.186
1.493
1.099
1.758
0.636
0.518
0.388
0.961
1.132
1.69
1.422
1.367
1.572
1.594
1.051
0.786
0.314
0.291
0.268
0.265
0.246
0.326
0.262
0.359
1.273
1.493
0.699
1.533
0.669
0.633
0.675
1.108
0.965
2.023
1.823
1.251
1.35
2.041
1.43
1.037
0.34
0.282
0.29
0.274
0.265
0.348
0.26
0.338
1.223
1.484
0.762
1.138
0.73
0.631
0.76
1.706
1.515
2.421
1.604
1.326
1.206
2.232
1.408
0.959
0.335
0.303
0.308
0.274
0.281
0.367
0.258
0.338
1.102
1.364
0.748
0.918
1.106
0.82
0.739
0.998
1.207
2.529
2.014
1.63
1.414
2.503
1.408
0.911
0.603
0.311
0.297
0.235
0.244
0.217
0.213
0.224
0.323
0.704
2.089
3.879
1.098
1.722
2.744
3.567
1.117
2.246
1.085
1.398
1.486
1.035
1.279
0.665
0.585
0.545
0.371
0.235
0.267
0.239
0.207
0.251
0.437
0.753
1.318
3.879
1.098
1.722
2.186
1.257
0.899
1.995
1.18
2.361
1.479
0.908
1.104
0.748
0.325
0.292
0.296
0.254
0.26
0.365
0.247
0.32
1.106
1.05
0.539
0.688
1.021
0.965
1.269
1.082
1.134
2.292
2.323
1.546
1.414
2.503
1.306
0.725
0.322
0.286
0.275
0.249
0.26
0.288
0.264
0.288
0.841
0.838
0.549
0.89
1.273
0.965
1.269
1.082
1.182
2.541
2.323
1.566
1.15
2.043
1.208
0.822
0.321
0.321
0.271
0.233
0.245
0.322
0.274
0.261
0.748
0.766
0.996
0.833
1.273
0.995
1.083
1.091
1.299
2.439
2.104
1.52
1.189
1.666
1.763
0.62
0.297
0.333
0.28
0.218
0.233
0.33
0.262
0.29
0.861
0.93
1.17
0.891
1.164
1.182
1.322
0.634
1.313
1.806
1.81
1.614
1.487
1.28
1.773
0.79
0.275
0.289
0.261
0.217
0.206
0.315
0.271
0.268
0.915
0.919
1.136
1.155
0.681
1.029
1.365
0.683
1.407
1.806
1.745
1.374
1.311
1.119
1.768
0.886
0.394
0.53
0.309
0.232
0.245
0.218
0.214
0.236
0.437
0.837
0.646
2.47
1.337
2.48
2.479
2.01
1.24
2.268
0.938
2.259
0.896
0.936
1.298
0.756
0.43
0.53
0.312
0.247
0.248
0.243
0.241
0.241
0.565
0.74
1.124
0.814
1.648
1.417
2.055
1.771
0.81
1.495
0.938
2.032
0.814
0.851
1.011
1.017
0.366
0.313
0.287
0.242
0.231
0.321
0.285
0.37
0.937
1.394
1.128
1.155
0.759
1.671
0.92
0.839
1.407
1.651
1.583
1.378
1.394
1.557
1.793
0.886
0.377
0.338
0.29
0.22
0.224
0.321
0.262
0.308
0.912
1.296
1.136
1.138
1.2
1.671
0.92
1.057
1.436
1.644
1.364
1.378
1.394
1.557
1.837
1.001
0.383
0.309
0.275
0.198
0.229
0.267
0.211
0.308
0.813
1.354
0.674
1.56
1.2
2.75
1.171
0.987
1.3
1.475
2.105
1.527
1.692
1.513
0.944
0.97
0.522
0.295
0.267
0.256
0.266
0.282
0.212
0.253
0.678
1.056
0.348
1.269
1.271
2.56
1.175
0.941
1.048
1.114
2.647
1.491
1.299
1.535
1.245
1.014
0.53
0.298
0.267
0.271
0.292
0.277
0.214
0.282
0.435
1.124
0.396
0.918
1.248
2.641
1.097
1.254
1.589
1.187
2.473
1.312
1.281
1.392
1.245
1.021
0.563
0.387
0.287
0.254
0.245
0.297
0.243
0.238
1.429
0.691
1.179
0.709
2.011
2.214
2.454
1.771
1.64
1.495
0.788
0.962
1.019
1.197
1.142
0.996
0.545
0.349
0.333
0.3
0.292
0.331
0.253
0.251
1.429
0.391
1.179
0.432
2.175
1.571
2.454
1.343
1.344
0.804
0.683
1.212
1.271
0.977
0.814
0.963
0.88
0.275
0.262
0.277
0.298
0.274
0.203
0.21
0.311
0.672
0.521
1.455
1.453
2.099
1.684
1.025
1.53
1.591
2.408
1.313
1.207
1.014
1.27
1.038
0.504
0.272
0.284
0.292
0.31
0.277
0.23
0.235
0.309
0.672
0.47
1.425
0.798
2.149
2.189
0.738
1.421
1.428
2.551
1.353
1.364
1.116
1.537
0.993
0.637
0.244
0.284
0.292
0.302
0.277
0.235
0.219
0.297
1.029
0.921
1.102
0.836
1.245
2.086
0.867
1.485
1.239
1.947
1.499
1.205
1.428
1.594
1.404
0.757
0.258
0.292
0.274
0.289
0.259
0.237
0.234
0.213
1.021
0.972
1.123
0.756
1.245
1.689
0.794
1.093
1.291
2.155
1.394
1.205
1.361
1.237
1.345
0.708
0.246
0.285
0.277
0.292
0.262
0.24
0.233
0.206
1.017
0.966
1.123
0.756
1.041
1.686
0.398
0.399
2.293
2.748
1.414
1.263
1.592
1.572
1.366
0.708
0.388
0.334
0.331
0.297
0.331
0.255
0.252
1.381
0.391
1.015
0.439
3.269
2.178
2.029
0.764
1.65
1.301
1.406
1.304
1.271
1.03
1.047
0.642
0.749
0.827
0.573
0.455
0.405
0.429
0.373
0.334
0.495
0.215
0.988
0.958
3.076
1.179
1.842
1.042
1.129
1.301
1.573
1.53
1.84
1.641
1.398
1.115
1.026
0.254
0.245
0.248
0.251
0.237
0.227
0.212
0.177
1.047
0.92
0.605
0.391
0.763
1.203
0.764
0.764
1.987
2.684
1.454
1.261
1.464
1.962
1.418
0.823
0.245
0.213
0.244
0.236
0.222
0.209
0.201
0.175
1.121
0.962
0.741
0.6
0.641
0.679
0.847
1.064
1.994
2.476
2.193
1.366
1.511
1.789
1.574
0.868
0.312
0.3
0.303
0.319
0.275
0.2
0.201
0.171
0.755
0.595
0.718
0.681
0.513
0.662
0.877
1.115
2.03
2.573
1.939
1.155
1.428
1.814
1.321
0.922
0.515
0.391
0.328
0.284
0.254
0.182
0.194
0.215
0.806
0.786
0.712
0.612
0.491
0.901
1.342
1.316
2.076
2.226
2.112
1.155
1.553
1.814
1.297
1.285
0.515
0.371
0.311
0.246
0.234
0.145
0.182
0.19
0.889
0.786
0.728
0.61
0.488
0.947
1.342
1.316
2.332
1.816
2.319
1.162
1.697
1.677
1.297
1.285
1.135
0.642
0.562
0.488
0.509
0.437
0.375
0.416
0.247
1.119
0.991
3.579
3.531
2.738
1.783
2.675
1.362
1.573
2.063
2.272
1.817
1.55
1.379
0.933
1.135
0.642
0.562
0.488
0.509
0.437
0.375
0.283
0.334
0.805
1.947
2.288
2.666
2.738
2.026
2.675
0.834
1.04
2.063
2.272
1.817
1.55
1.379
0.933
0.507
0.375
0.319
0.238
0.243
0.14
0.184
0.24
0.929
0.83
0.764
0.976
0.577
0.818
1.251
1.092
2.531
1.969
2.319
1.15
1.697
1.404
1.276
1.387
0.535
0.373
0.331
0.226
0.267
0.129
0.197
0.285
0.966
0.847
0.969
0.994
0.557
0.818
1.24
0.816
2.372
2.175
1.879
1.297
1.674
1.3
1.211
1.37
0.459
0.312
0.267
0.154
0.225
0.127
0.213
0.297
1.004
0.818
1.564
0.945
0.727
0.61
1.135
0.738
2.962
2.393
1.828
1.318
1.522
1.338
1.776
1.267
0.242
0.205
0.217
0.167
0.224
0.149
0.213
0.248
1.061
0.667
1.936
1.252
0.629
0.824
0.744
0.522
2.962
2.593
2.052
1.405
1.973
2.187
2.015
0.954
0.284
0.205
0.211
0.178
0.208
0.167
0.189
0.248
1.062
0.668
1.936
1.252
0.614
0.846
1.05
0.823
1.644
2.555
1.922
1.358
2.124
2.078
2.041
1.102
0.791
0.345
0.386
0.341
0.326
0.295
0.256
0.283
0.334
0.805
2.484
2.125
2.629
1.992
2.026
2.303
2.871
1.337
2.502
1.858
1.095
1.262
1.197
1.062
0.37
0.214
0.229
0.178
0.22
0.188
0.166
0.165
0.265
0.494
2.484
1.318
0.754
1.013
1.521
0.377
2.816
1.561
1.84
1.314
1.103
1.102
1.159
1.074
0.356
0.212
0.215
0.181
0.174
0.181
0.169
0.594
1.062
0.595
1.877
1.224
0.924
0.757
0.804
0.768
1.469
2.555
1.922
2.005
2.124
1.987
2.056
1.025
0.379
0.192
0.196
0.18
0.136
0.181
0.173
0.556
1.032
0.684
1.37
0.926
0.929
0.835
1.04
1.632
1.862
2.91
1.632
1.676
2.055
2.017
1.976
1.059
0.38
0.179
0.183
0.165
0.121
0.169
0.163
0.532
1.029
0.727
1.864
0.944
0.84
0.819
0.971
1.814
1.46
2.617
1.82
1.668
2.401
1.963
1.398
1.059
0.38
0.164
0.186
0.164
0.136
0.155
0.163
0.569
0.937
0.698
1.402
0.627
0.842
0.634
1.024
1.814
1.553
2.559
1.779
1.602
2.356
1.115
1.183
1.049
0.325
0.175
0.175
0.174
0.136
0.155
0.168
0.62
0.93
0.763
1.411
0.921
1.06
0.583
0.971
1.557
1.811
2.357
1.693
1.584
2.713
1.181
1.186
1.065
0.303
0.232
0.215
0.228
0.233
0.193
0.168
0.139
0.165
0.382
2.511
2.256
1.407
1.124
1.658
1.986
3.369
3.064
2.263
1.583
1.491
1.736
1.29
1.074
0.303
0.232
0.215
0.222
0.233
0.193
0.154
0.18
0.303
0.515
1.513
3.585
1.407
1.124
1.209
2.571
1.479
2.906
1.554
1.583
1.567
2.582
1.254
1.013
0.308
0.172
0.137
0.169
0.143
0.132
0.179
0.218
0.967
0.808
1.499
0.588
0.649
0.595
1.245
1.488
1.811
2.357
2.446
1.04
3.16
1.278
1.16
0.996
1.004
0.243
0.168
0.152
0.174
0.129
0.175
0.262
1.122
1.038
1.767
0.712
1.454
0.648
1.537
1.325
1.944
2.37
3.06
1.236
3.16
1.456
1.455
0.934
1.116
0.252
0.202
0.172
0.194
0.167
0.164
0.347
1.097
1.157
0.652
0.636
1.776
1.137
1.976
1.628
2.22
2.513
2.942
1.508
3.17
1.638
2.693
0.97
1.152
0.269
0.238
0.185
0.193
0.165
0.232
0.436
1.362
1.169
1.212
1.037
2.2
1.125
2.09
2.467
2.704
2.876
2.734
2.575
2.81
1.638
2.803
1.106
1.152
0.322
0.261
0.203
0.211
0.191
0.233
0.425
1.362
1.15
1.511
0.97
2.25
1.408
2.038
2.764
2.839
3.021
2.885
2.834
2.26
2.621
2.85
1.025
0.593
0.432
0.18
0.225
0.161
0.195
0.138
0.172
0.303
0.581
1.598
3.585
1.495
0.813
1.334
2.571
2.979
2.925
1.784
1.819
2.182
2.582
1.265
1.256
0.486
0.392
0.164
0.164
0.132
0.178
0.142
0.172
0.578
0.519
0.539
2.712
1.017
0.607
0.987
1.418
2.468
4.093
1.539
1.834
2.382
2.015
1.182
1.256
1.162
0.399
0.339
0.3
0.289
0.311
0.306
0.478
1.376
1.41
1.496
1.405
2.25
2.169
1.958
2.764
2.839
3.021
2.218
3.226
1.819
2.562
3.249
1.025
0.435
0.345
0.321
0.3
0.269
0.311
0.28
0.478
1.227
1.097
1.461
1.327
1.706
2.169
1.576
2.075
2.28
2.466
2.335
3.226
1.816
2.395
3.067
1.069
0.351
0.398
0.35
0.34
0.309
0.311
0.289
0.409
1.118
1.033
2.408
1.54
1.427
1.67
1.014
1.642
2.306
2.898
2.784
3.084
1.407
2.207
1.822
1.164
0.345
0.384
0.312
0.343
0.304
0.33
0.23
0.293
0.843
1.048
1.894
2.157
1.476
1.45
1.595
0.895
1.724
2.253
2.717
2.078
1.402
2.28
1.725
0.991
0.339
0.341
0.293
0.323
0.297
0.352
0.277
0.297
0.863
1.416
1.555
1.968
1.267
1.306
1.498
0.542
1.35
2.313
3.016
1.746
1.109
1.353
1.883
1.121
0.486
0.392
0.138
0.172
0.118
0.27
0.239
0.163
0.422
0.519
0.684
0.866
1.455
2.459
3.16
1.478
2.465
4.093
1.539
1.989
2.407
1.194
1.253
1.226
0.169
0.193
0.138
0.17
0.139
0.27
0.243
0.168
0.48
0.435
2.186
1.164
1.384
2.544
3.16
1.068
1.377
4.694
1.597
1.989
2.264
1.327
1.418
1.312
0.297
0.236
0.206
0.234
0.205
0.257
0.191
0.257
0.842
1.567
1.498
1.912
1.067
0.521
1.769
0.667
1.272
2.328
3.161
1.432
1.361
1.471
1.756
1.281
0.294
0.241
0.197
0.234
0.205
0.257
0.185
0.259
1.381
2.112
1.29
1.901
1.067
0.508
1.769
0.667
2.117
2.668
3.087
1.447
1.71
1.763
1.778
1.403
0.279
0.194
0.156
0.197
0.165
0.248
0.194
0.282
1.381
2.205
0.782
1.65
0.753
0.579
1.854
1.083
1.952
2.185
3.133
1.542
1.777
1.763
1.925
1.447
0.349
0.224
0.152
0.199
0.184
0.236
0.219
0.288
1.51
2.205
1.309
0.849
0.499
0.538
0.868
1.154
1.947
1.997
3.133
1.528
1.818
1.766
1.961
1.477
0.349
0.227
0.152
0.196
0.19
0.179
0.183
0.244
1.547
1.901
1.36
1.052
0.989
0.492
0.83
1.343
2.005
2.267
2.644
1.528
1.818
1.68
1.877
1.425
0.166
0.209
0.114
0.187
0.108
0.293
0.243
0.206
0.158
1.727
4.562
1.702
1.384
2.544
2.54
1.095
1.728
1.882
2.088
1.737
2.241
1.622
1.742
1.339
0.664
0.332
0.262
0.235
0.283
0.239
0.25
0.187
0.634
1.796
4.562
1.702
1.002
1.222
0.908
1.426
2.066
2.946
2.088
2.276
1.986
1.748
1.778
1.681
0.389
0.36
0.164
0.209
0.23
0.173
0.217
0.186
1.551
1.533
1.363
0.618
0.938
0.369
0.354
1.164
2.003
2.251
2.528
2.028
2.026
1.777
1.678
1.455
0.364
0.36
0.178
0.209
0.23
0.167
0.217
0.205
1.007
1.545
1.573
0.698
1.749
0.773
0.568
1.312
1.376
2.646
2.56
2.117
2.09
1.703
1.831
1.467
0.48
0.455
0.236
0.304
0.313
0.316
0.347
0.315
1.199
1.441
1.342
1.073
2.162
0.917
0.477
0.819
1.146
2.76
2.988
2.232
2.648
1.905
2.415
1.393
0.418
0.427
0.245
0.278
0.309
0.316
0.317
0.603
0.974
2.12
1.28
1.703
2.26
1.016
0.881
0.744
1.602
2.857
3.38
2.432
2.735
1.938
2.487
2.204
0.785
0.583
0.353
0.333
0.363
0.368
0.355
0.627
0.914
2.205
2.292
1.735
1.897
1.189
1.637
0.706
1.514
2.508
3.772
2.432
2.768
2.302
2.789
2.354
1.185
0.439
0.343
0.235
0.35
0.239
0.277
0.223
0.742
1.936
3.715
2.489
0.874
1.626
0.849
1.426
2.001
2.109
1.89
2.221
2.026
1.809
1.778
1.441
1.185
0.439
0.343
0.237
0.353
0.224
0.312
0.197
0.742
0.846
2.223
3.833
1.478
1.626
2.665
2.485
3.64
3.257
2.114
2.866
1.82
1.782
2.428
1.541
0.945
0.611
0.546
0.491
0.526
0.455
0.353
0.641
1.732
2.842
2.548
1.735
1.897
1.189
2.091
1.071
1.514
2.475
3.772
1.918
3.086
2.928
3.356
2.323
0.945
0.611
0.553
0.493
0.526
0.455
0.356
0.638
1.727
2.279
2.777
2.371
2.139
1.943
2.268
1.072
1.322
1.691
3.123
1.908
2.765
2.817
3.31
2.229
0.905
0.623
0.476
0.357
0.427
0.286
0.207
0.518
1.496
2.124
2.777
2.445
1.76
2.341
2.268
1.072
1.213
1.433
1.948
1.547
2.338
3.277
2.718
2.24
0.951
0.623
0.475
0.372
0.433
0.267
0.208
0.218
1.431
1.273
2.918
1.781
1.455
2.205
1.938
1.133
1.007
1.816
1.791
1.692
2.67
3.284
2.549
1.392
0.736
0.68
0.421
0.322
0.371
0.219
0.15
0.205
1.264
0.97
2.058
2.064
1.404
2.511
1.132
0.918
0.841
2.079
1.495
1.66
2.639
2.913
2.234
1.221
