0.0
0.0
0.0
0.0
0.0
0.0
0.0
0.0
0.0
0.0
0.0
0.0
0.0
0.0
0.0
0.0
0.0
0.0
0.0
0.0
0.0
0.0
0.0
0.0
0.0
0.0
0.0
0.0
0.0
0.0
0.0
0.0
0.0
0.0
0.0
0.0
0.0
0.0
0.0
0.0
0.0
0.0
0.0
0.0
0.0
0.0
0.0
0.0
0.0
0.0
0.0
0.0
0.0
0.0
0.0
0.0
0.0
0.0
0.0
0.0
0.0
0.0
0.0
0.0
0.0
0.0
0.0
0.0
0.0
0.0
0.0
0.0
0.0
0.0
0.0
0.0
0.0
0.0
0.0
0.0
0.0
0.0
0.0
0.0
0.0
0.0
0.0
0.0
0.0
0.0
0.0
0.0
0.0
0.0
0.0
0.0
0.0
0.0
0.0
0.0
0.0
0.0
0.0
0.0
0.0
0.0
0.0
0.0
0.0
0.0
0.0
0.0
0.0
0.0
0.0
0.0
0.0
0.0
0.0
0.0
0.0
0.0
0.0
0.0
0.0
0.0
0.0
0.0
0.0
0.0
0.0
0.0
0.0
0.0
0.0
0.0
0.0
0.0
0.0
0.0
0.0
0.0
0.0
0.0
0.0
0.0
0.0
0.0
0.0
0.0
0.0
0.0
0.0
0.0
0.0
0.0
0.0
0.0
0.0
0.0
0.0
0.0
0.0
0.0
0.0
0.0
0.0
0.0
0.0
0.0
0.0
0.0
0.0
0.0
0.0
0.0
0.0
0.0
0.0
0.0
0.0
0.0
0.0
0.0
0.0
0.0
0.0
0.0
0.0
0.0
0.0
0.0
0.0
0.0
0.0
0.0
0.0
0.0
0.0
0.0
0.0
0.0
0.0
0.0
0.0
0.0
0.0
0.0
0.0
0.0
0.0
0.0
0.0
0.0
0.0
0.0
0.0
0.0
0.0
0.0
0.0
0.0
0.0
0.0
0.0
0.0
0.0
0.0
0.0
0.0
0.0
0.0
0.0
0.0
0.0
0.0
0.0
0.0
0.0
0.0
0.0
0.0
0.0
0.0
0.0
0.0
0.0
0.0
0.0
0.0
0.0
0.0
0.0
0.0
0.0
0.0
0.0
0.0
0.0
0.0
0.0
0.0
0.0
0.0
0.0
0.0
0.0
0.0
0.0
0.0
0.0
0.0
0.0
0.0
0.0
0.0
0.0
0.0
0.0
0.0
0.0
0.0
0.0
0.0
0.0
0.0
0.0
0.0
0.0
0.0
0.0
0.0
0.0
0.0
0.0
0.0
0.0
0.0
0.0
0.0
0.0
0.0
0.0
0.0
0.0
0.0
0.0
0.0
0.0
0.0
0.0
0.0
0.0
0.0
0.0
0.0
0.0
0.0
0.0
0.0
0.0
0.0
0.0
0.0
0.0
0.0
0.0
0.0
0.0
0.0
0.0
0.0
0.0
0.0
0.0
0.0
0.0
0.0
0.0
0.0
0.0
0.0
0.0
0.0
0.0
0.0
0.0
0.0
0.0
0.0
0.0
0.0
0.0
0.0
0.0
0.0
0.0
0.0
0.0
0.0
0.0
0.0
0.0
0.0
0.0
0.0
0.0
0.0
0.0
0.0
0.0
0.0
0.0
0.0
0.0
0.0
0.0
0.0
0.0
0.0
0.0
0.0
0.0
0.0
0.0
0.0
0.0
0.0
0.0
0.0
0.0
0.0
0.0
0.0
0.0
0.0
0.0
0.0
0.0
0.0
0.0
0.0
0.0
0.0
0.0
0.0
0.0
0.0
0.0
0.0
0.0
0.0
0.0
0.0
0.0
0.0
0.0
0.0
0.0
0.0
0.0
0.0
0.0
0.0
0.0
0.0
0.0
0.0
0.0
0.0
0.0
0.0
0.0
0.0
0.0
0.0
0.0
0.0
0.0
0.0
0.0
0.0
0.0
0.0
0.0
0.0
0.0
0.0
0.0
0.0
0.0
0.0
0.0
0.0
0.0
0.0
0.0
0.0
0.0
0.0
0.0
0.0
0.0
0.0
0.0
0.0
0.0
0.0
0.0
0.0
0.0
0.0
0.0
0.0
0.0
0.0
0.0
0.0
0.0
0.0
0.0
0.0
0.0
0.0
0.0
0.0
0.0
0.0
0.0
0.0
0.0
0.0
0.0
0.0
0.0
0.0
0.0
0.0
0.0
0.0
0.0
0.0
0.0
0.0
0.0
0.0
0.0
0.0
0.0
0.0
0.0
0.0
0.0
0.0
0.0
0.0
0.0
0.0
0.0
0.0
0.0
0.0
0.0
0.0
0.0
0.0
0.0
0.0
0.0
0.0
0.0
0.0
0.0
0.0
0.0
0.0
0.0
0.0
0.0
0.0
0.0
0.0
0.0
0.0
0.0
0.0
0.0
0.0
0.0
0.0
0.0
0.0
0.0
0.0
0.0
0.0
0.0
0.0
0.0
0.0
0.0
0.0
0.0
0.0
0.0
0.0
0.0
0.0
0.0
0.0
0.0
0.0
0.0
0.0
0.0
0.0
0.0
0.0
0.0
0.0
0.0
0.0
0.0
0.0
0.0
0.0
0.0
0.0
0.0
0.0
0.0
0.0
0.0
0.0
0.0
0.0
0.0
0.0
0.0
0.0
0.0
0.0
0.0
0.0
0.0
0.0
0.0
0.0
0.0
0.0
0.0
0.0
0.0
0.0
0.0
0.0
0.0
0.0
0.0
0.0
0.0
0.0
0.0
0.0
0.0
0.0
0.0
0.0
0.0
0.0
0.0
0.0
0.0
0.0
0.0
0.0
0.0
0.0
0.0
0.0
0.0
0.0
0.0
0.0
0.0
0.0
0.0
0.0
0.0
0.0
0.0
0.0
0.0
0.0
0.0
0.0
0.0
0.0
0.0
0.0
0.0
0.0
0.0
0.0
0.0
0.0
0.0
0.0
0.0
0.0
0.0
0.0
0.0
0.0
0.0
0.0
0.0
0.0
0.0
0.0
0.0
0.0
0.0
0.0
0.0
0.0
0.0
0.0
0.0
0.0
0.0
0.0
0.0
0.0
0.0
0.0
0.0
0.0
0.0
0.0
0.0
0.0
0.0
0.0
0.0
0.0
0.0
0.0
0.0
0.0
0.0
0.0
0.0
0.0
0.0
0.0
0.0
0.0
0.0
0.0
0.0
0.0
0.0
0.0
0.0
0.0
0.0
0.0
0.0
0.0
0.0
0.0
0.0
0.0
0.0
0.0
0.0
0.0
0.0
0.0
0.0
0.0
0.0
0.0
0.0
0.0
0.0
0.0
0.0
0.0
0.0
0.0
0.0
0.0
0.0
0.0
0.0
0.0
0.0
0.0
0.0
0.0
0.0
0.0
0.0
0.0
0.0
0.0
0.0
0.0
0.0
0.0
0.0
0.0
0.0
0.0
0.0
0.0
0.0
0.0
0.0
0.0
0.0
0.0
0.0
0.0
0.0
0.0
0.0
0.0
0.0
0.0
0.0
0.0
0.0
0.0
0.0
0.0
0.0
0.0
0.0
0.0
0.0
0.0
0.0
0.0
0.0
0.0
0.0
0.0
0.0
0.0
0.0
0.0
0.0
0.0
0.0
0.0
0.0
0.0
0.0
0.0
0.0
0.0
0.0
0.0
0.0
0.0
0.0
0.0
0.0
0.0
0.0
0.0
0.0
0.0
0.0
0.0
0.0
0.0
0.0
1.278
0.265
0.233
0.24
0.224
0.268
1.769
2.037
3.687
4.909
4.248
2.045
3.027
1.948
2.039
1.358
2.612
4.413
2.529
2.054
2.806
3.106
2.869
1.664
1.215
0.301
0.219
0.235
0.185
0.215
0.575
2.776
3.731
4.909
3.323
2.406
3.601
1.569
3.101
1.762
3.396
3.949
2.632
2.063
2.751
3.489
2.74
1.481
0.992
0.314
0.225
0.196
0.205
0.234
0.529
2.966
3.294
5.068
3.998
2.901
4.417
2.418
4.245
3.708
3.396
3.949
1.365
0.754
1.981
3.442
2.578
1.531
1.022
0.314
0.208
0.207
0.208
0.234
0.516
2.981
3.019
5.269
3.793
2.494
4.417
2.719
5.463
3.779
3.635
3.306
1.27
1.508
1.506
2.884
2.46
3.741
2.219
1.043
1.143
1.237
0.277
0.211
1.43
1.272
4.988
7.194
2.781
4.0
6.797
2.918
1.759
3.072
1.191
1.66
5.583
5.11
4.447
2.605
2.765
3.741
1.826
0.591
0.141
0.296
0.255
0.105
0.297
1.987
4.988
7.194
4.507
4.545
6.797
4.345
1.759
3.999
4.438
3.955
5.583
2.38
3.231
2.098
2.67
1.463
0.9
0.294
0.213
0.198
0.246
0.225
0.521
2.151
3.351
5.068
3.801
2.108
3.746
2.719
5.463
3.779
2.976
3.167
1.236
1.473
1.727
2.715
1.847
1.928
0.926
0.329
0.179
0.226
0.267
0.184
0.568
2.151
3.722
5.52
2.852
2.897
4.399
4.033
4.954
3.629
2.772
3.801
1.658
1.996
1.735
2.793
2.737
2.782
0.903
0.307
0.181
0.225
0.267
0.17
0.228
0.737
4.536
6.085
4.211
3.225
3.643
3.26
3.832
2.414
0.684
2.985
1.45
1.929
1.363
1.481
2.389
2.756
1.09
0.359
0.145
0.256
0.25
0.144
0.249
0.509
3.997
5.456
3.723
2.796
2.515
2.374
2.591
0.408
0.641
3.019
2.341
2.441
1.541
1.903
2.75
2.686
0.994
0.382
0.149
0.256
0.237
0.133
0.261
0.406
4.171
5.832
3.28
3.137
2.155
3.226
1.22
1.812
2.014
3.066
1.809
1.975
2.037
2.452
3.093
2.999
2.285
0.789
0.106
0.242
0.244
0.07
0.26
1.987
4.714
5.883
4.664
5.377
4.966
5.521
4.57
3.146
4.125
3.466
3.67
2.157
4.673
2.544
3.898
1.223
1.144
0.551
0.188
0.187
0.223
0.128
0.245
1.676
2.679
3.724
4.664
4.184
1.962
5.521
3.886
2.408
4.125
3.466
3.284
2.08
2.638
2.375
3.672
2.814
1.164
0.408
0.144
0.253
0.224
1.222
0.435
1.847
4.18
5.435
2.773
3.137
2.155
3.226
1.243
3.439
2.074
3.051
1.8
1.946
1.943
2.452
3.086
2.394
1.742
0.909
0.402
0.29
0.243
1.322
1.633
2.896
4.18
5.036
2.94
2.139
0.695
1.848
1.063
3.485
2.107
1.97
2.463
2.319
2.055
2.406
2.241
1.531
1.606
0.909
0.4
0.289
0.243
2.771
3.252
4.547
3.815
3.574
2.332
1.36
0.682
2.033
1.386
3.871
2.921
2.847
2.553
2.486
2.566
3.983
3.05
1.581
1.321
0.859
0.384
0.273
0.256
3.652
5.099
5.832
3.466
2.567
2.246
1.038
0.432
2.044
2.622
3.932
2.988
2.681
2.841
2.331
2.846
3.643
2.642
1.839
1.574
1.027
0.387
0.295
0.236
4.938
7.027
5.832
3.208
0.778
1.803
0.923
0.403
0.856
2.601
2.412
1.27
2.167
3.285
2.079
2.508
3.168
2.314
1.223
1.1
0.428
0.209
0.22
0.183
0.23
0.312
0.489
2.163
3.724
2.561
5.15
4.043
6.104
3.886
0.696
0.694
0.954
3.187
2.43
3.117
2.375
3.716
1.062
0.529
0.105
0.214
0.205
0.121
0.275
0.23
0.836
2.255
4.51
3.97
3.378
3.03
3.723
1.431
1.81
2.496
2.118
1.381
1.029
1.398
1.791
1.559
1.694
1.334
1.011
0.406
0.305
0.238
5.042
7.47
5.855
2.101
0.91
1.803
1.022
0.382
0.933
2.616
1.27
1.79
2.167
3.285
2.079
2.508
3.168
2.399
1.602
0.688
0.459
0.134
0.282
0.204
5.042
7.47
5.249
1.743
0.402
1.313
1.15
0.341
0.657
1.999
1.267
2.158
3.944
2.185
1.401
2.502
3.319
2.546
1.533
0.691
0.461
0.111
0.277
0.21
4.369
7.249
4.178
1.262
0.976
0.744
1.193
0.307
0.411
1.64
1.329
2.032
4.068
2.262
1.523
2.733
2.746
2.14
1.291
0.691
0.464
0.128
0.277
0.228
4.823
7.198
4.289
1.263
0.975
0.949
1.193
0.531
1.045
0.901
1.717
2.23
4.188
2.466
1.459
2.967
3.143
2.103
0.997
0.423
0.254
0.163
0.235
0.229
4.309
5.988
4.274
1.245
0.97
0.897
0.686
0.58
0.997
0.862
2.179
3.916
4.929
2.267
1.575
2.986
3.416
2.615
1.041
0.741
0.509
0.182
0.234
0.096
0.275
0.311
1.124
1.672
3.95
4.422
4.239
3.446
5.279
2.223
2.304
2.606
3.148
3.065
1.792
2.483
4.711
4.378
1.262
0.741
0.588
0.182
0.229
0.18
0.202
0.599
1.226
2.673
3.95
5.233
4.085
3.612
4.475
2.517
2.304
3.943
3.148
4.502
1.664
2.346
4.556
4.287
1.249
0.439
0.2
0.191
0.201
0.224
4.023
5.697
3.978
1.422
1.012
0.897
0.597
1.055
1.346
0.898
2.335
3.67
4.929
2.267
2.279
3.637
3.626
2.493
1.225
0.378
0.189
0.238
0.158
0.234
4.638
5.649
5.091
2.389
1.038
1.442
0.373
1.17
1.354
1.046
2.335
4.283
4.949
2.424
2.669
3.899
3.626
2.699
1.273
0.394
0.186
0.264
0.13
0.246
5.071
5.233
5.282
2.772
1.876
2.232
0.35
1.652
2.413
2.634
2.738
4.612
4.486
2.418
3.17
4.194
3.156
2.369
1.273
0.394
0.151
0.264
0.145
0.222
4.93
4.334
5.645
3.109
2.468
2.327
0.701
1.447
1.735
2.287
2.634
4.612
4.47
1.631
3.169
3.896
2.85
2.827
1.265
0.361
0.16
0.237
0.128
0.231
4.93
4.334
5.723
3.109
2.901
2.341
1.392
1.732
1.921
2.896
2.593
2.939
3.531
1.456
3.332
4.128
2.927
2.509
1.632
1.087
0.61
0.235
0.266
0.18
0.188
0.632
1.108
4.109
5.568
4.951
6.093
3.651
4.475
3.69
1.22
2.183
1.922
4.896
2.255
3.477
6.512
5.484
1.846
1.386
1.078
0.212
0.217
0.215
0.179
1.239
0.921
4.109
5.024
7.203
6.093
4.352
4.088
3.498
2.125
2.89
1.824
4.896
1.859
3.011
3.415
2.619
1.072
0.357
0.166
0.22
0.128
0.23
4.819
4.369
5.721
3.094
3.028
2.347
1.377
1.349
1.439
2.896
2.977
2.883
3.531
1.456
2.978
3.554
2.531
2.744
1.636
0.772
0.164
0.207
0.131
0.217
4.183
4.767
5.437
2.598
3.028
2.373
1.771
1.949
2.203
3.051
2.977
2.274
2.403
1.483
3.449
3.898
3.04
2.44
1.661
0.769
0.182
0.21
0.119
0.193
4.185
5.044
5.735
2.347
1.612
1.112
2.309
2.095
1.253
1.577
2.942
2.619
2.983
1.581
3.05
4.029
3.199
2.44
1.661
0.743
0.227
0.21
0.124
0.221
3.579
5.333
5.614
2.123
1.07
0.889
2.011
2.08
1.316
1.374
2.854
2.788
3.539
1.062
3.05
3.957
3.178
2.398
2.016
0.747
0.222
0.207
0.151
0.201
3.489
5.333
5.874
2.481
0.874
0.919
1.661
1.901
1.25
0.653
2.573
2.736
3.058
1.044
2.944
3.729
2.967
2.183
1.846
2.147
2.009
0.287
0.279
0.232
0.179
0.931
0.471
2.857
4.194
7.203
5.643
2.56
2.991
4.198
4.355
1.986
1.824
3.442
1.894
2.779
3.531
3.024
1.651
2.147
2.009
0.596
0.223
0.278
0.137
0.823
0.925
0.537
0.821
4.509
2.833
2.955
2.045
4.974
5.704
2.497
1.592
1.638
1.947
1.735
1.99
2.26
2.059
0.811
0.213
0.216
0.151
0.212
3.315
4.282
5.559
2.187
0.805
1.534
2.6
1.901
1.25
0.68
2.213
3.301
3.504
1.044
2.792
3.756
2.967
1.917
1.544
0.797
0.256
0.221
0.159
0.201
3.123
5.052
6.151
1.983
0.805
0.952
2.188
1.185
0.471
0.599
2.85
3.175
3.337
2.717
2.426
3.694
2.967
1.966
1.466
0.775
0.222
0.217
0.176
0.209
1.848
4.113
6.748
2.022
1.062
1.464
1.661
0.605
0.371
0.699
2.464
2.525
3.384
2.749
2.562
3.489
3.325
2.355
1.592
0.775
0.211
0.217
0.166
0.196
1.265
3.565
6.774
2.281
1.713
1.458
1.727
0.513
1.075
0.713
2.274
2.267
2.733
2.809
2.562
3.598
3.417
2.106
1.221
0.825
0.282
0.28
0.213
0.211
0.59
4.655
6.992
1.771
1.889
1.467
1.59
0.326
1.406
0.765
2.212
2.186
2.932
3.296
2.616
3.547
3.573
2.804
1.455
2.234
1.907
1.167
0.225
0.278
0.307
0.219
0.984
0.349
0.327
0.532
1.566
1.762
1.153
4.974
6.176
3.562
0.614
1.88
3.887
2.015
2.178
2.26
1.304
1.084
1.002
1.167
0.125
0.233
0.404
0.353
0.984
0.761
0.708
1.207
1.566
2.572
2.34
4.041
6.176
3.562
1.738
2.054
4.793
2.808
2.207
2.188
1.716
0.871
0.313
0.291
0.213
0.187
0.223
5.109
6.992
1.849
2.254
1.842
0.829
0.351
2.995
1.632
1.958
1.62
2.606
3.296
2.525
3.563
3.573
2.804
1.735
0.381
0.298
0.267
0.213
0.199
1.14
3.407
6.286
1.681
2.254
1.842
0.829
1.031
2.999
1.667
1.49
1.72
2.968
1.813
2.105
2.975
3.152
2.702
1.735
0.349
0.298
0.28
0.202
0.201
1.16
4.047
5.733
2.118
2.891
1.784
0.909
1.147
2.999
2.221
1.929
1.839
3.524
2.329
2.088
2.615
2.547
2.221
1.484
0.338
0.29
0.28
0.199
0.193
1.16
3.719
5.188
1.676
2.173
2.017
0.873
2.467
2.648
2.221
1.969
1.839
4.002
2.346
1.92
2.444
2.382
2.084
1.428
0.241
0.246
0.194
0.16
0.17
1.154
2.819
4.915
1.691
2.021
1.973
0.688
2.467
2.238
2.173
1.969
1.923
4.914
2.322
2.031
2.483
2.139
1.37
1.447
1.45
0.946
0.852
0.198
0.166
0.404
0.353
0.337
0.712
2.649
4.271
2.631
1.685
1.822
2.561
4.965
3.388
2.617
4.103
4.793
3.772
3.138
2.353
1.293
0.708
0.186
0.231
0.207
0.166
0.303
0.295
0.402
2.438
3.135
4.271
3.193
2.633
2.79
2.721
3.601
1.366
2.617
4.197
3.959
3.772
3.138
2.353
0.865
0.182
0.25
0.192
0.197
0.199
1.112
2.88
5.534
2.568
2.294
1.14
0.438
2.519
0.717
1.63
2.096
2.148
4.914
2.514
2.468
2.536
2.099
1.241
0.836
0.253
0.217
0.218
0.184
0.207
0.169
4.206
5.814
3.412
2.828
1.163
0.561
2.325
0.819
1.38
1.777
2.925
5.139
2.448
2.532
2.979
2.225
1.274
0.806
0.24
0.235
0.179
0.205
0.209
0.129
4.155
5.432
3.017
1.911
0.757
0.99
2.695
1.105
1.35
0.926
2.891
4.101
2.084
3.081
3.248
2.018
1.274
0.861
0.35
0.251
0.178
0.215
0.199
0.157
4.155
6.836
3.369
3.193
1.899
0.988
1.37
0.908
1.555
1.485
2.923
4.365
2.372
3.229
3.661
2.018
1.312
0.928
0.451
0.213
0.217
0.186
0.227
0.133
5.465
6.466
3.369
4.196
2.411
1.007
1.424
0.908
1.572
1.854
2.997
4.134
2.185
3.176
3.912
2.058
1.326
1.506
0.982
0.273
0.166
0.207
0.177
0.189
0.233
0.803
4.678
3.135
3.983
3.193
1.705
2.914
2.978
5.109
3.743
3.452
8.134
3.082
4.825
4.51
2.151
1.239
0.566
0.208
0.202
0.157
0.217
0.156
0.283
0.928
4.678
1.617
4.643
3.723
1.973
2.914
2.437
3.682
4.235
4.185
7.627
3.082
5.01
3.391
2.413
0.843
0.402
0.199
0.179
0.175
0.196
1.447
4.909
5.518
3.26
4.191
2.374
1.414
1.567
2.147
1.371
2.15
3.222
4.128
2.129
3.142
3.912
2.039
1.535
0.854
0.361
0.224
0.15
0.194
0.169
1.497
3.851
5.261
2.565
3.742
2.689
1.226
1.102
2.004
1.371
2.143
2.23
3.6
2.712
3.032
4.159
2.151
1.62
1.009
0.91
0.691
0.161
0.187
0.167
1.503
3.496
5.73
2.476
4.877
2.689
0.912
1.377
2.427
0.596
2.217
2.088
4.159
2.829
2.79
4.068
2.442
2.114
1.308
0.835
0.658
0.162
0.195
0.162
1.523
4.698
5.141
2.77
4.241
1.368
0.898
1.676
2.35
0.383
1.623
1.983
4.322
2.771
2.508
3.848
2.497
2.134
1.391
0.787
0.658
0.157
0.235
0.133
1.941
3.245
4.951
2.669
3.021
1.408
1.353
2.174
2.405
0.415
1.267
2.082
4.082
2.748
2.483
3.541
2.51
2.155
1.662
1.565
0.803
0.224
0.104
0.222
0.068
1.408
0.928
3.466
2.726
9.52
6.429
2.618
2.105
1.598
3.515
4.235
4.339
7.627
3.861
5.01
3.567
3.365
1.485
1.321
0.719
0.224
0.103
0.222
0.098
2.053
4.583
0.946
2.402
9.52
6.429
4.748
3.495
0.441
1.742
2.007
4.267
5.204
3.883
4.389
2.387
3.365
1.82
0.787
0.651
0.2
0.219
0.167
1.292
3.304
5.942
2.971
2.163
1.763
1.798
2.2
1.128
1.513
1.66
1.771
4.082
2.789
2.709
3.83
2.51
2.076
1.391
1.047
0.76
0.29
0.24
0.222
1.256
3.082
5.536
2.971
2.213
1.515
1.926
2.754
2.99
2.705
3.848
2.984
5.212
2.349
2.718
3.161
2.298
2.043
1.385
0.615
0.381
0.503
0.678
0.47
1.431
2.524
4.313
2.684
0.974
2.493
2.165
2.167
2.302
3.595
3.821
3.931
5.535
2.698
2.236
2.513
2.04
1.546
1.453
0.933
0.833
0.783
0.863
0.51
1.401
1.057
3.604
2.473
0.334
2.493
2.165
1.986
3.038
5.389
3.836
3.931
4.667
4.82
3.121
2.422
1.937
1.603
1.487
1.266
1.207
1.064
1.093
0.52
0.967
0.696
2.838
2.323
0.285
2.637
1.812
2.042
3.81
5.389
3.853
3.657
4.058
5.12
3.865
2.422
1.976
1.681
1.589
1.829
1.932
0.206
0.158
0.451
0.165
2.068
4.752
1.423
3.69
7.786
7.11
5.819
5.249
1.818
2.5
1.919
4.214
5.066
3.883
3.46
2.387
2.887
1.785
1.338
1.464
0.251
0.162
0.474
0.184
1.618
4.752
1.817
2.826
3.846
5.251
5.819
6.292
2.886
3.952
3.113
3.015
4.192
2.224
3.848
2.654
2.298
1.864
1.551
1.343
1.064
1.093
0.52
0.297
0.281
1.065
1.022
1.019
3.412
0.976
1.898
3.81
4.749
2.709
3.34
3.952
5.692
4.563
2.59
2.571
1.847
1.897
1.472
1.316
1.011
1.06
0.493
0.313
0.281
2.743
2.393
1.501
3.682
0.818
1.797
2.791
3.585
0.505
2.041
3.3
5.993
4.633
2.545
2.774
1.914
2.514
2.036
1.414
0.811
0.614
0.267
0.156
0.302
4.742
3.016
1.731
2.619
0.302
2.062
3.333
2.692
0.723
0.722
2.756
6.898
4.633
2.842
3.034
1.943
2.524
1.914
0.983
0.522
0.427
0.238
0.206
0.295
4.361
2.882
2.633
3.149
0.755
2.321
2.678
0.886
0.66
0.647
2.695
4.929
4.861
3.409
3.306
1.967
2.492
1.738
0.613
0.226
0.137
0.236
0.208
0.275
4.967
3.883
3.465
2.738
0.758
1.737
1.891
0.27
0.554
0.59
3.154
5.405
4.262
3.44
3.306
1.918
2.499
1.368
1.931
0.458
0.162
0.482
0.184
0.928
0.677
1.817
4.187
3.846
4.799
5.164
5.746
3.876
4.572
3.113
2.864
2.42
2.059
2.851
2.623
2.135
1.757
2.38
1.129
0.502
0.161
0.279
0.208
0.207
3.082
1.983
5.632
2.362
3.168
2.452
4.64
3.629
4.572
2.587
1.667
2.038
1.997
5.316
2.793
2.038
1.936
1.516
0.423
0.202
0.166
0.209
0.215
0.266
5.018
3.883
2.965
1.459
0.881
1.737
1.978
0.313
0.576
1.167
3.701
5.269
3.595
2.935
2.881
1.934
2.709
1.939
0.565
0.191
0.182
0.189
0.226
0.266
3.95
3.038
2.834
2.032
1.543
1.416
1.356
0.421
0.64
2.376
3.397
5.554
3.72
3.07
2.796
2.099
2.619
1.824
0.383
0.165
0.235
0.145
0.218
0.238
2.46
3.613
2.81
2.024
1.543
1.866
0.944
0.624
1.858
2.922
3.409
4.574
3.72
2.872
3.018
2.682
2.958
1.99
0.532
0.307
0.23
0.185
0.18
0.231
2.103
5.125
2.634
1.589
1.014
1.527
0.91
0.679
1.999
3.337
3.409
6.023
3.143
2.838
3.35
2.916
2.967
2.423
1.034
0.31
0.23
0.179
0.188
0.217
1.599
4.202
1.726
1.409
1.216
2.75
0.91
0.957
2.022
3.765
3.517
5.591
4.137
2.884
3.35
2.916
2.978
2.566
1.201
0.502
0.215
0.247
0.186
0.216
3.082
1.67
5.632
2.029
2.979
1.071
2.926
2.654
3.159
4.079
4.35
3.126
2.354
4.898
3.523
2.409
1.792
2.566
1.021
0.288
0.298
0.183
0.253
0.235
3.062
1.67
3.804
1.584
1.843
1.181
1.889
0.595
1.345
3.516
4.164
3.741
2.266
4.833
3.523
2.481
1.859
2.423
1.021
0.31
0.234
0.175
0.193
0.26
1.636
3.772
1.78
2.135
1.191
2.926
0.907
0.957
2.017
3.643
3.555
5.255
3.706
3.115
3.373
3.379
2.739
2.034
0.88
0.286
0.258
0.19
0.159
0.303
1.915
4.292
1.389
2.276
1.701
2.637
0.748
1.519
2.778
2.812
3.206
4.558
4.39
3.266
3.426
3.525
3.087
2.026
1.018
0.286
0.236
0.201
0.137
0.681
2.302
3.262
1.921
2.977
2.516
3.476
0.609
1.37
1.288
2.615
3.873
5.592
4.378
3.412
3.292
3.027
2.754
1.99
0.866
0.149
0.2
0.17
0.175
0.629
3.147
1.656
1.456
4.123
2.914
3.476
0.523
1.337
1.169
2.344
4.359
4.646
4.487
2.913
2.67
2.793
2.888
1.783
0.456
0.193
0.244
0.2
0.248
0.669
3.399
2.235
2.181
4.123
3.726
3.47
1.301
2.727
2.86
3.098
3.914
4.962
3.407
3.335
3.125
2.691
3.338
1.506
0.875
0.337
0.328
0.253
0.276
0.266
0.227
0.706
2.087
1.584
3.955
3.985
5.694
1.485
1.781
4.55
5.464
4.744
2.266
2.04
2.92
2.556
1.77
1.487
0.923
0.461
0.328
0.29
0.276
0.261
0.282
0.929
1.848
2.764
2.995
3.803
4.293
1.355
1.471
4.422
2.677
4.902
2.136
3.566
1.86
2.194
1.972
1.81
0.467
0.243
0.25
0.193
0.234
0.64
3.34
2.352
2.676
4.151
3.937
4.211
1.547
2.767
2.863
2.998
3.566
5.388
3.935
3.253
3.179
2.241
3.183
1.81
0.851
0.755
0.247
0.226
0.269
0.591
3.253
2.249
2.965
3.614
3.247
4.123
1.506
2.132
2.063
2.72
3.997
5.388
3.104
3.116
3.406
1.896
2.48
1.39
0.781
0.86
0.259
0.214
0.307
0.248
3.072
2.249
2.504
2.88
2.499
2.492
2.167
2.267
2.232
2.719
3.49
4.459
3.152
2.983
2.996
2.069
3.291
2.194
0.869
0.86
0.259
0.254
0.26
0.273
2.497
2.833
2.406
2.216
2.323
2.635
2.077
2.682
2.521
2.703
3.301
4.938
2.611
2.617
2.996
2.467
3.473
1.992
0.804
0.797
0.247
0.189
0.21
0.29
2.212
2.576
2.268
2.18
1.433
1.397
1.226
1.039
0.821
1.206
3.273
5.053
2.951
2.314
3.186
2.988
3.011
1.777
1.696
1.265
0.226
0.29
0.276
0.226
0.342
3.721
4.682
2.582
3.057
4.057
4.827
3.839
1.707
4.422
2.677
4.902
5.358
4.169
3.072
2.662
1.993
1.777
2.019
1.6
0.514
0.259
0.206
0.175
1.387
7.985
3.876
2.582
0.53
0.973
1.091
2.886
1.707
3.645
1.615
3.23
6.822
4.169
3.113
3.237
1.993
2.011
1.155
1.088
0.338
0.219
0.231
0.293
2.204
2.684
2.305
1.627
0.743
0.513
1.319
1.635
0.847
1.222
3.273
4.156
2.524
2.007
3.052
3.009
3.059
1.958
0.793
0.613
0.299
0.214
0.193
0.318
1.475
2.866
1.847
2.431
1.498
0.495
1.329
1.593
0.847
1.55
3.045
4.982
2.524
2.137
3.107
3.009
2.983
2.078
1.105
0.846
0.379
0.222
0.181
0.285
1.44
2.866
2.164
2.431
2.297
2.484
0.91
1.521
0.7
1.117
2.688
5.557
2.653
2.024
2.977
2.826
2.099
1.126
0.996
0.859
0.372
0.222
0.181
0.303
1.243
1.879
2.59
3.188
2.601
2.665
0.983
1.853
0.891
1.223
2.363
4.898
2.625
2.18
2.856
2.483
1.609
1.181
1.39
1.135
0.529
0.249
0.146
0.258
1.469
2.535
2.0
2.758
2.935
3.269
1.365
1.868
0.826
1.332
2.472
4.664
2.23
1.816
2.151
2.063
1.517
1.418
2.019
1.6
0.572
0.184
0.219
0.205
1.387
7.985
8.277
0.364
0.446
0.825
0.945
3.765
2.095
0.961
1.532
2.238
6.822
2.965
3.357
3.237
1.925
1.413
1.566
1.077
0.572
0.247
0.125
0.206
1.33
6.774
5.882
1.766
0.913
2.075
0.526
1.741
1.433
0.885
1.653
3.692
4.788
3.101
2.803
3.799
2.292
1.168
1.019
0.841
0.389
0.247
0.127
0.239
1.281
2.401
1.458
2.956
3.874
5.024
1.492
1.294
0.762
1.332
2.581
5.124
2.015
1.773
2.151
1.856
1.479
1.231
1.347
1.253
0.46
0.22
0.17
0.213
1.279
1.847
1.457
2.086
3.6
5.024
2.89
1.999
1.408
2.171
2.426
4.939
2.851
1.714
1.685
1.805
1.587
1.285
1.116
0.919
0.371
0.226
0.156
0.242
1.255
1.699
1.023
2.872
2.816
3.103
3.322
2.132
1.598
2.045
1.961
4.253
3.345
2.875
1.757
1.956
1.7
1.295
1.218
0.94
0.38
0.235
0.165
0.246
1.443
1.915
0.513
2.616
3.41
3.279
3.322
1.937
1.141
2.817
2.69
4.219
3.312
2.664
1.663
1.86
1.789
1.378
0.967
0.631
0.241
0.188
0.192
0.251
0.844
1.747
0.394
2.54
3.029
2.885
3.22
1.937
1.503
2.992
3.145
4.575
3.581
2.728
1.821
1.96
1.881
1.845
1.293
0.657
0.251
0.165
0.196
0.217
0.334
3.098
6.232
2.092
2.162
4.142
2.755
1.741
1.433
1.595
2.87
5.796
3.502
2.996
2.803
3.194
2.452
1.845
1.466
1.085
0.851
0.238
0.142
2.393
2.236
2.034
2.271
2.092
2.639
4.142
3.673
1.138
1.21
2.011
3.296
5.796
4.264
3.169
3.132
3.527
2.452
1.516
0.967
0.6
0.284
0.162
0.228
0.241
1.821
1.851
1.743
4.188
2.401
1.392
2.768
2.056
1.66
3.413
3.902
4.292
3.723
3.553
1.981
1.942
1.809
1.961
0.99
0.386
0.381
0.184
0.351
0.252
1.843
2.093
2.979
5.264
2.507
2.206
2.407
1.768
1.764
3.908
5.433
5.557
3.182
3.751
2.363
1.984
1.812
2.24
1.181
0.854
0.392
0.183
0.365
0.316
2.965
2.797
3.022
4.495
2.42
2.79
2.768
2.203
2.772
4.036
5.433
5.557
2.666
2.725
2.558
1.972
1.893
2.24
1.455
1.112
0.565
0.161
0.365
0.31
2.695
3.064
3.077
3.374
1.293
2.589
2.986
2.55
2.772
3.496
4.718
6.454
3.523
3.552
2.637
2.101
1.745
2.208
1.461
1.177
0.559
0.204
0.357
0.34
3.29
3.876
3.404
3.787
1.668
2.589
2.804
2.55
2.584
3.473
4.278
6.238
3.437
3.587
2.615
1.988
1.572
1.754
1.374
0.864
0.851
0.225
0.159
2.401
2.236
1.888
2.006
0.976
2.639
5.358
5.295
1.506
1.489
3.27
3.296
5.516
3.172
2.847
2.644
2.699
2.114
1.519
1.374
0.864
0.801
0.225
0.132
2.401
2.23
1.87
1.159
0.791
1.88
4.643
4.246
1.644
1.509
4.043
3.447
3.233
3.504
2.621
2.734
2.813
2.04
2.208
1.461
1.177
0.532
0.222
0.311
0.355
2.826
3.749
1.947
2.37
0.855
2.313
2.705
3.099
2.521
3.999
4.241
5.709
3.378
2.966
3.075
2.539
1.754
1.795
1.14
0.978
0.378
0.222
0.185
0.355
3.723
3.689
1.479
1.882
1.121
1.527
1.729
2.851
1.896
2.498
2.678
4.132
3.987
2.968
3.818
3.364
2.186
1.681
0.954
0.548
0.38
0.222
0.179
0.301
3.111
2.964
1.989
2.758
1.29
0.857
1.348
3.355
1.781
2.464
3.172
5.203
3.929
3.263
4.601
4.332
2.911
2.606
1.012
0.268
0.203
0.213
0.184
0.302
3.111
3.582
2.688
2.758
1.277
0.661
1.103
3.452
2.113
2.464
3.172
3.478
2.576
3.007
4.601
4.407
3.712
3.047
1.164
0.26
0.208
0.176
0.225
0.468
2.599
2.195
2.576
3.429
1.543
1.402
1.871
4.072
3.45
3.965
6.054
3.228
3.659
4.086
5.159
4.66
4.023
1.907
0.862
0.401
0.118
0.232
0.132
0.248
0.359
1.583
1.159
0.985
2.417
4.643
3.613
2.506
2.457
4.043
3.102
1.906
2.5
2.26
3.484
2.273
1.841
3.535
1.289
1.377
1.096
0.216
0.23
0.279
0.359
1.556
1.562
2.336
2.619
2.548
3.601
8.314
7.38
4.297
3.984
2.717
3.685
2.552
4.353
2.892
2.464
3.242
1.352
0.43
0.275
0.188
0.225
0.433
2.225
2.554
2.593
3.151
3.163
3.826
2.695
4.039
4.361
4.883
7.471
3.98
4.433
4.502
4.84
4.274
4.239
3.242
1.536
0.812
0.657
0.328
0.189
0.452
1.339
3.415
2.136
2.714
3.385
3.81
2.799
4.039
4.361
5.301
7.486
4.731
4.766
4.989
4.773
3.924
4.091
3.537
1.758
1.175
0.647
0.501
0.172
0.58
0.851
3.415
3.417
2.801
3.546
3.752
2.22
3.037
4.483
6.795
8.702
5.283
4.833
5.343
3.98
3.103
3.441
2.957
1.908
1.607
0.642
0.481
0.167
0.601
0.851
2.433
2.817
3.529
3.546
3.674
2.22
2.215
4.378
6.795
9.033
5.463
6.02
5.321
3.991
3.103
2.923
2.761
1.943
1.607
0.642
0.535
0.156
0.389
0.756
2.185
2.734
2.596
2.972
2.907
1.563
2.231
4.452
5.994
6.998
6.169
5.339
4.807
3.526
2.912
2.804
3.689
1.646
1.956
1.704
0.956
0.255
0.319
0.364
0.589
1.772
2.521
2.619
1.725
4.272
9.993
9.05
5.645
2.635
2.893
3.503
4.14
4.353
3.071
2.484
4.315
1.874
1.956
1.704
0.937
0.29
0.319
0.366
0.544
1.772
2.521
3.084
1.877
8.344
13.356
10.936
7.105
6.899
4.331
4.854
4.672
3.319
3.649
3.736
2.629
1.943
1.659
0.626
0.489
0.17
0.442
0.537
1.606
2.567
3.407
1.949
0.53
1.468
1.932
3.686
5.04
4.912
6.123
5.098
4.572
3.505
3.329
2.79
2.858
2.165
1.643
0.276
0.353
0.18
0.482
0.498
0.49
2.391
3.308
2.019
0.764
1.718
1.932
3.661
4.562
4.912
5.934
4.435
3.834
2.662
2.938
2.797
2.53
2.158
1.54
0.582
0.193
0.18
0.347
0.489
0.214
0.576
2.378
1.794
1.183
1.71
1.911
3.339
4.297
4.202
5.295
4.991
3.075
2.6
2.856
2.805
2.323
1.995
1.427
1.014
0.221
0.216
0.308
0.451
0.269
0.527
1.53
1.879
1.227
2.427
1.814
3.104
5.09
4.361
6.34
4.239
2.957
3.221
3.571
2.769
2.224
1.985
1.46
1.014
0.177
0.23
0.339
1.232
0.473
0.598
1.599
1.879
1.227
2.696
1.065
1.631
4.112
3.773
5.839
4.729
2.561
3.349
3.591
2.738
3.138
1.776
1.319
0.742
0.93
0.279
0.273
0.366
0.295
3.025
2.228
3.504
3.278
7.119
9.644
8.965
7.105
5.948
3.996
7.241
5.592
3.686
3.529
3.451
3.949
1.776
0.96
0.236
0.214
0.279
0.26
0.391
0.397
4.353
3.529
3.504
3.278
7.119
7.962
7.805
4.853
6.203
3.996
7.241
4.728
3.686
3.369
3.451
2.237
1.985
1.46
0.995
0.177
0.22
0.337
1.231
0.482
0.531
0.453
1.302
1.25
1.997
0.756
2.468
5.731
4.488
6.162
4.729
2.761
3.289
3.096
2.714
2.073
1.586
1.117
1.002
0.203
0.212
0.289
1.269
0.513
1.197
1.126
1.217
2.697
1.831
0.806
2.534
6.021
5.008
6.28
4.848
2.86
3.274
3.563
2.683
2.038
1.41
1.066
0.714
0.175
0.212
0.306
2.379
1.315
1.843
1.125
1.144
2.342
1.831
0.974
2.046
4.804
4.48
6.728
4.535
3.173
3.598
4.503
3.401
2.027
1.041
0.726
0.287
0.15
0.206
0.351
2.393
1.509
2.525
1.314
0.986
3.161
3.638
1.407
2.091
4.009
4.42
6.407
5.41
3.173
2.896
3.738
3.31
2.038
0.774
0.593
0.256
0.142
0.358
0.347
2.627
1.542
2.625
1.51
1.03
3.343
4.046
1.779
2.149
4.72
4.866
6.407
4.511
3.007
2.741
3.565
3.1
3.393
1.514
0.687
0.357
0.289
0.306
0.345
0.478
0.397
4.353
3.95
2.384
3.084
2.5
2.443
2.996
3.146
3.167
3.932
6.277
4.212
3.365
2.526
2.329
3.042
1.064
0.486
0.357
0.289
0.237
0.345
1.005
2.122
3.67
3.95
4.464
2.452
2.146
2.33
1.075
2.842
5.149
6.518
4.007
2.617
2.119
2.384
2.371
1.948
1.019
0.654
0.223
0.143
0.406
0.33
2.981
1.951
2.625
2.64
1.895
3.931
4.486
1.854
1.333
2.867
4.431
5.813
4.091
3.173
2.733
3.608
2.603
1.776
0.894
0.643
0.16
0.147
0.439
0.33
4.111
1.951
2.006
1.92
1.205
2.874
4.666
1.854
1.331
2.664
3.73
4.985
4.19
3.134
2.968
3.182
2.605
1.753
0.845
0.445
0.141
0.183
0.439
0.284
2.995
1.296
1.45
2.3
1.658
3.026
4.666
2.617
2.311
2.523
4.074
3.969
4.178
2.882
2.919
2.527
2.069
1.597
0.883
0.474
0.182
0.235
0.429
0.227
3.421
1.248
0.768
2.084
1.66
2.429
3.072
2.71
2.278
2.385
3.377
2.952
3.743
2.877
2.869
2.488
2.104
1.503
0.932
0.352
0.236
0.249
0.238
0.243
2.823
1.593
0.729
2.772
2.369
2.164
2.666
2.278
2.089
2.218
2.708
3.007
3.773
2.982
2.833
2.512
2.104
2.251
1.517
1.301
0.803
0.536
0.266
0.344
1.005
2.148
2.544
3.492
4.328
2.452
1.985
1.304
1.982
2.919
5.717
7.983
3.406
3.065
3.097
2.641
2.371
2.068
1.553
1.208
0.786
0.491
0.258
0.263
0.968
2.165
1.255
2.084
3.598
1.687
1.85
1.535
2.231
1.654
5.717
7.983
3.999
3.532
3.097
2.603
2.186
1.442
0.652
0.272
0.257
0.249
0.39
0.335
2.554
1.917
0.788
2.157
3.99
1.94
2.326
2.017
1.812
1.566
2.257
2.954
3.773
2.457
3.728
2.792
2.223
1.582
0.729
0.292
0.27
0.201
0.346
0.343
1.485
1.917
0.788
2.11
3.99
1.347
5.113
2.907
1.945
2.998
2.948
3.278
3.639
2.484
4.123
3.027
2.382
1.7
0.739
0.283
0.283
0.163
0.371
0.392
1.485
2.33
1.359
2.557
3.725
0.971
5.165
2.35
2.738
3.672
2.747
3.99
4.871
2.738
3.779
2.95
2.626
1.902
1.208
0.661
0.357
0.133
0.325
0.392
1.707
3.364
2.665
2.913
3.862
1.041
4.796
2.673
3.254
3.986
2.747
4.35
5.033
2.863
3.779
2.95
2.604
1.846
1.156
0.655
0.352
0.128
0.321
0.386
1.253
3.149
3.29
2.525
3.748
1.115
4.796
2.585
4.497
3.54
2.912
4.883
5.029
2.717
3.841
3.4
3.257
2.638
1.553
1.208
0.757
0.445
0.258
0.256
0.442
0.552
2.003
1.905
0.589
1.984
2.287
1.097
2.231
1.654
5.434
6.907
3.488
3.532
3.252
2.51
2.259
2.144
1.147
0.356
0.247
0.203
0.202
0.271
0.445
0.455
3.391
2.618
1.331
3.2
3.221
0.964
1.624
3.187
4.899
5.738
3.488
3.222
1.926
2.101
2.306
2.141
1.188
0.66
0.352
0.145
0.112
0.29
1.239
3.017
3.491
3.915
2.821
0.978
4.733
2.916
5.379
3.687
3.299
4.883
5.71
3.025
2.982
3.037
3.227
2.248
1.262
0.699
0.368
0.173
0.15
0.315
2.625
3.825
3.883
4.766
3.208
0.978
1.55
2.096
5.379
2.614
3.049
4.962
5.289
2.914
2.502
3.066
3.607
2.011
1.075
0.715
0.36
0.173
0.162
0.322
2.927
3.737
3.634
4.507
3.448
2.648
3.013
1.951
3.587
2.246
3.726
5.508
4.02
2.483
2.94
3.306
3.278
2.052
0.823
0.566
0.291
0.189
0.171
0.329
2.809
2.743
2.642
4.507
3.941
4.031
3.1
1.046
4.085
2.165
4.106
5.334
2.896
2.942
2.94
3.306
3.278
2.012
0.8
0.566
0.301
0.192
0.181
0.347
2.809
3.874
3.133
4.687
3.645
4.12
3.041
1.046
3.041
2.165
3.862
4.566
3.127
2.904
2.974
2.871
2.649
2.28
1.364
0.318
0.265
0.276
0.221
0.377
0.618
0.239
3.391
2.618
2.096
3.2
3.365
3.191
6.554
5.374
4.334
4.161
5.783
3.521
2.357
2.198
2.306
1.862
1.707
0.943
0.571
0.276
0.221
0.447
1.999
0.196
2.61
1.715
2.096
2.948
3.027
3.284
6.228
5.374
2.386
2.077
5.159
5.23
2.722
2.139
2.35
1.743
0.854
0.583
0.3
0.221
0.213
0.355
2.852
4.253
4.578
4.236
2.544
4.765
3.356
0.854
2.035
2.185
3.953
4.316
2.442
3.135
2.938
2.803
2.521
1.726
1.216
0.815
0.5
0.192
0.187
0.356
1.899
3.25
3.911
3.15
2.614
6.073
5.424
1.123
1.802
2.108
4.679
5.04
2.438
3.936
3.236
2.981
2.062
1.706
1.252
0.812
0.5
0.229
0.176
0.336
1.834
3.42
3.651
3.109
2.572
4.972
4.096
0.791
1.43
1.618
3.806
4.653
2.438
4.237
3.173
2.572
2.15
1.444
0.984
0.546
0.461
0.193
0.208
0.302
1.326
4.238
4.071
3.814
2.007
3.71
3.708
1.205
0.724
1.714
3.328
4.935
3.114
3.66
3.173
2.632
2.153
1.477
0.996
0.546
0.424
0.196
0.203
0.283
1.902
3.322
3.309
3.478
2.192
3.926
4.651
2.026
0.969
1.993
4.41
7.026
3.346
4.25
3.658
2.711
2.188
1.862
1.707
0.943
0.571
0.279
0.218
0.447
1.999
0.196
1.538
2.335
2.338
2.311
5.563
3.857
7.933
4.764
3.171
5.357
5.159
5.23
2.722
2.197
2.222
1.58
1.329
0.862
0.563
0.163
0.073
0.371
1.821
0.302
1.232
2.721
1.935
2.311
5.174
5.059
2.571
4.712
4.078
6.81
2.086
4.291
3.087
2.085
2.222
1.504
0.949
0.536
0.422
0.193
0.202
0.282
2.506
2.763
1.477
2.027
2.079
3.088
4.684
1.973
1.026
1.616
4.387
7.341
4.284
5.1
3.596
2.711
2.188
1.315
0.556
0.344
0.264
0.26
0.247
0.284
2.303
2.763
1.477
2.027
1.716
1.738
3.555
3.135
1.897
1.355
4.142
7.027
4.152
4.359
3.032
2.919
3.036
1.554
0.517
0.461
0.302
0.401
0.229
0.488
2.077
2.662
1.313
1.657
1.342
1.24
3.536
3.744
1.897
1.335
4.08
7.061
4.302
4.091
2.702
3.13
2.716
1.611
0.537
0.417
0.302
0.423
0.229
0.488
2.63
1.601
0.77
0.831
1.123
1.166
3.536
4.727
2.185
0.931
4.08
7.248
4.189
4.139
2.702
3.122
2.835
1.759
0.686
0.46
0.32
0.423
0.229
0.441
2.057
0.942
0.214
0.99
0.605
0.783
2.413
4.579
2.084
0.535
2.872
5.575
4.18
3.59
2.712
3.652
3.074
1.356
1.347
0.367
0.247
0.212
0.077
0.24
0.46
1.759
3.913
4.69
3.949
1.658
5.174
5.059
3.016
4.712
4.078
6.81
1.796
2.046
3.252
2.085
1.825
2.13
1.534
0.47
0.247
0.157
0.183
0.289
0.54
3.142
4.849
3.661
4.547
1.923
3.341
9.085
6.02
6.175
3.192
4.826
3.62
1.845
3.944
3.063
4.426
1.825
0.813
0.467
0.308
0.418
0.187
0.414
1.381
0.592
0.27
0.994
0.369
0.601
2.139
5.09
3.494
0.822
2.458
4.843
4.195
2.236
2.725
4.266
3.948
2.017
0.718
0.382
0.21
0.354
0.163
0.373
1.663
2.225
1.395
2.534
0.825
1.401
1.297
4.3
2.607
0.789
1.851
5.221
4.819
2.498
3.197
3.736
3.794
1.874
0.808
0.259
0.159
0.188
0.198
0.16
1.663
4.055
2.201
2.476
1.027
2.883
2.569
4.324
4.3
1.714
2.741
4.946
4.819
2.827
3.596
3.566
3.794
1.816
1.185
0.688
0.341
0.186
0.315
0.149
1.267
5.631
3.601
3.115
1.248
2.969
2.632
2.994
3.629
1.963
3.093
4.093
4.831
2.787
3.596
3.566
3.656
1.693
1.376
0.97
0.532
0.158
0.356
0.152
1.43
6.06
3.601
2.538
1.232
3.085
3.46
2.516
4.777
2.419
4.191
4.373
5.307
3.418
3.187
3.402
3.81
3.045
1.534
0.475
0.219
0.215
0.277
0.238
0.54
4.663
4.849
3.357
4.547
1.356
2.527
5.948
6.02
4.114
3.795
4.887
3.707
2.132
3.944
3.13
4.47
3.045
1.308
0.689
0.206
0.263
0.277
0.273
0.433
4.638
2.388
2.569
3.583
2.82
2.976
7.401
5.659
4.114
3.795
4.887
4.334
3.545
3.576
3.239
5.21
1.653
1.528
0.961
0.502
0.328
0.356
0.47
1.845
6.968
4.031
2.547
1.273
3.085
3.439
1.381
4.532
2.77
4.191
4.122
4.324
3.329
3.221
2.857
2.906
1.399
1.838
1.213
0.711
0.365
0.337
0.587
2.444
6.492
3.914
1.04
0.797
2.245
3.439
1.436
4.563
2.77
4.02
3.789
4.087
3.007
2.767
2.623
2.31
1.435
1.838
1.222
0.719
0.345
0.345
0.591
2.479
5.652
3.394
0.911
1.14
0.759
1.777
0.804
3.706
2.48
4.017
3.142
4.066
2.587
2.821
2.917
2.258
1.336
1.545
0.793
0.537
0.321
0.209
0.611
2.513
4.821
3.318
0.231
0.809
1.591
2.633
1.79
3.706
2.284
3.438
4.169
4.012
2.925
3.415
3.422
2.184
1.195
1.251
0.484
0.336
0.447
0.209
0.729
2.67
5.615
3.796
1.026
1.37
1.751
1.94
1.628
2.475
1.756
2.232
4.61
3.215
2.294
3.366
2.984
1.728
2.958
1.336
0.689
0.28
0.263
0.195
0.301
0.338
3.45
1.615
2.967
4.233
6.123
3.878
3.984
2.01
2.461
7.222
4.425
2.622
3.545
2.502
2.256
2.589
2.123
1.336
0.622
0.28
0.214
0.172
0.301
3.043
1.893
2.499
2.988
4.233
6.123
6.228
6.4
2.01
2.029
7.123
4.63
2.628
8.029
3.42
2.787
2.691
1.074
0.92
0.484
0.377
0.265
0.215
0.781
3.345
4.952
3.817
1.729
2.113
1.983
1.838
1.598
1.446
1.604
2.023
4.61
3.172
3.909
3.33
2.901
2.456
1.189
0.581
0.2
0.174
0.262
0.215
0.681
2.37
4.221
3.125
2.176
2.976
2.129
1.94
1.562
1.498
1.892
2.359
4.652
2.668
3.922
3.761
3.39
2.525
1.275
0.491
0.184
0.181
0.262
0.205
0.681
3.573
4.049
3.181
2.874
2.565
2.129
1.898
1.848
1.693
2.225
2.101
4.617
2.756
3.922
3.733
3.692
2.917
1.413
0.491
0.177
0.18
0.285
0.178
0.689
3.343
4.442
1.892
2.874
2.682
1.657
1.623
1.252
1.715
2.097
2.092
4.603
2.756
3.706
3.128
3.181
3.133
1.413
0.451
0.192
0.152
0.179
0.159
0.568
3.617
3.408
1.454
3.855
2.272
1.448
1.443
1.793
2.532
2.256
2.045
3.572
2.847
3.741
3.103
3.223
3.133
1.415
1.334
0.988
1.05
0.153
0.226
0.241
3.058
3.484
2.499
1.901
2.891
5.388
6.228
5.568
6.207
4.149
7.123
4.63
3.194
7.88
5.031
3.461
1.743
1.274
1.223
0.988
0.953
0.106
0.25
0.108
3.877
3.484
1.802
1.087
1.569
1.426
5.869
5.019
4.966
5.191
3.457
4.626
3.194
7.88
5.031
4.396
3.081
1.38
0.42
0.192
0.105
0.89
0.143
0.187
2.505
3.408
0.968
3.18
1.543
1.233
1.86
1.938
2.675
2.097
2.004
4.276
2.847
2.144
2.987
3.142
2.495
1.481
0.727
0.473
0.341
0.844
0.179
0.163
3.181
3.271
0.946
2.733
0.804
1.048
1.649
1.938
2.618
1.778
1.944
3.805
3.368
2.217
2.556
2.669
2.219
1.276
0.724
0.451
0.351
0.864
0.139
0.197
2.307
2.736
0.765
3.737
1.037
0.946
1.646
1.92
1.983
1.167
2.023
3.582
3.338
2.311
2.291
2.338
2.511
1.179
0.683
0.431
0.393
0.821
0.174
0.173
2.307
2.146
0.728
4.365
0.765
0.459
0.881
1.579
2.923
1.268
2.375
2.414
3.281
2.795
2.739
3.049
3.08
1.392
1.041
0.859
0.456
0.825
0.181
0.221
1.644
2.512
0.974
2.619
0.741
1.2
0.835
1.047
2.023
1.519
2.779
3.379
3.225
2.742
2.726
2.947
3.014
1.852
1.441
1.054
0.953
0.222
0.25
0.151
1.259
2.049
0.298
1.99
1.44
1.16
3.852
4.768
4.966
5.191
1.641
2.587
3.531
3.18
3.893
4.396
2.875
1.958
1.744
0.953
0.548
0.263
0.247
0.174
1.259
2.183
0.572
2.055
1.563
0.468
1.381
6.674
1.697
3.537
0.637
0.906
3.583
1.869
2.179
3.786
3.026
1.724
1.297
1.075
0.466
0.114
0.216
0.207
2.911
2.282
0.965
2.597
0.757
1.777
0.438
0.785
1.791
1.338
3.115
4.138
3.47
2.742
2.956
3.542
3.411
1.715
0.917
0.778
0.266
0.136
0.187
0.25
2.922
2.234
0.932
2.661
1.487
1.745
0.467
0.89
2.275
1.732
3.115
5.123
2.888
3.739
4.657
4.937
3.488
1.715
0.898
0.788
0.266
0.152
0.187
0.246
2.582
3.191
1.287
1.049
1.936
2.247
1.3
0.553
2.655
2.658
3.449
5.777
2.918
3.736
4.87
5.177
2.965
1.864
0.914
0.791
0.283
0.161
0.194
0.288
2.849
3.156
1.944
0.781
2.217
2.577
2.285
0.848
2.384
3.108
3.365
6.054
3.231
3.414
4.639
4.681
2.373
1.706
0.913
0.659
0.401
0.153
0.214
0.239
3.101
2.693
1.883
1.105
3.002
2.091
2.501
0.855
2.785
3.584
4.028
6.029
3.006
3.324
4.639
4.681
2.373
2.322
2.483
1.38
1.024
0.263
0.176
0.256
0.823
4.072
0.831
2.805
1.128
2.395
0.844
6.674
1.704
2.61
1.321
3.095
4.957
2.467
3.043
2.71
3.467
2.073
2.483
1.38
1.024
0.192
0.259
0.22
1.433
4.072
0.831
2.156
1.128
3.346
2.817
5.841
7.677
3.213
2.041
3.937
4.957
3.389
3.103
2.71
2.167
1.498
0.667
0.443
0.405
0.153
0.212
0.241
2.197
2.701
1.908
1.705
3.307
1.835
3.188
1.127
3.57
4.447
3.404
4.876
3.259
3.622
5.136
4.242
2.033
1.583
0.972
0.623
0.385
0.183
0.222
0.625
1.721
2.595
1.908
1.69
2.71
1.835
5.245
1.406
3.907
4.447
3.775
3.916
3.168
2.383
3.727
3.422
2.078
1.583
0.98
1.158
0.433
0.146
0.248
0.625
1.625
1.589
1.406
1.676
1.952
1.671
4.668
1.974
3.642
3.951
3.209
2.872
3.108
2.855
3.951
3.091
1.938
1.352
0.968
1.189
0.399
0.141
0.258
0.986
1.295
1.08
0.735
1.653
2.025
2.653
5.432
2.268
3.459
3.703
3.502
1.52
2.111
2.535
3.8
3.019
1.841
1.135
0.611
0.878
0.264
0.135
0.235
1.076
0.751
0.671
0.889
1.285
1.545
2.454
6.001
2.268
3.271
3.116
2.932
2.559
2.194
3.01
4.444
3.008
3.467
2.073
1.938
1.464
1.426
0.294
0.219
0.238
1.433
3.851
1.58
3.589
2.922
3.997
4.088
5.595
6.488
3.213
3.335
3.937
4.76
3.389
3.103
2.41
3.341
1.843
1.119
0.965
0.977
0.301
0.238
0.266
0.992
2.637
2.583
4.037
2.303
3.018
4.088
5.595
11.358
1.746
3.192
3.196
2.888
2.63
2.106
2.248
1.582
0.9
0.602
0.881
0.232
0.191
0.222
2.292
1.557
0.239
0.834
0.682
1.096
2.309
5.848
2.57
2.619
1.963
2.932
2.231
2.58
2.753
3.729
2.967
1.57
0.491
0.28
0.742
0.274
0.161
0.222
2.306
2.13
0.416
1.444
0.819
3.033
2.806
3.646
2.11
3.401
2.091
2.359
1.937
2.58
2.753
3.449
2.498
1.469
0.68
0.618
0.234
0.245
0.164
0.867
2.306
2.286
0.456
2.114
0.819
3.033
2.555
3.633
1.634
3.785
2.093
1.942
1.893
2.721
2.344
2.908
2.196
1.442
1.015
0.926
0.574
0.263
0.168
0.836
1.917
2.276
0.453
2.731
0.526
2.817
1.326
3.12
1.244
3.283
3.138
1.829
1.84
3.923
2.395
2.908
2.155
1.498
1.241
1.049
0.581
0.235
0.185
0.86
1.985
2.388
1.56
2.418
1.422
2.554
1.326
2.325
1.667
3.905
3.588
1.38
0.96
3.887
2.136
2.197
2.052
1.555
2.134
1.529
1.344
0.946
0.319
0.232
0.35
1.226
3.468
3.089
4.037
6.757
2.736
3.167
6.871
6.393
3.61
3.282
2.496
3.75
2.773
3.57
2.512
1.352
1.631
1.236
0.646
0.189
0.197
0.24
0.35
1.324
3.015
3.089
2.651
4.832
2.121
1.517
4.533
6.393
4.119
2.93
3.429
4.778
3.189
3.928
2.512
1.53
1.303
1.049
0.581
0.251
0.138
0.869
0.756
1.132
1.56
2.418
1.391
2.625
1.248
2.331
3.724
4.322
3.64
1.743
1.376
2.843
2.056
2.024
1.98
1.629
1.303
1.044
0.581
0.228
0.152
0.873
0.886
0.902
1.974
1.874
1.183
0.661
1.75
2.789
3.724
2.74
3.64
2.226
1.367
3.373
2.236
2.654
2.82
1.642
1.069
0.686
0.558
0.194
0.187
0.6
1.317
1.145
2.013
1.173
1.749
1.486
1.848
3.073
4.028
2.832
4.152
2.116
1.387
3.12
2.3
3.318
3.631
1.558
0.686
0.395
0.172
0.166
0.219
0.6
3.245
1.886
2.586
1.253
1.87
1.962
1.69
2.31
3.972
2.997
3.779
2.337
1.373
2.504
2.799
3.735
3.785
1.632
0.42
0.246
0.174
0.138
0.239
0.553
4.375
2.762
1.552
0.975
0.982
1.955
1.763
2.35
4.259
2.394
3.435
2.337
2.149
2.341
2.829
3.909
3.785
1.632
2.719
1.989
1.105
0.246
0.159
0.285
0.722
3.015
3.74
2.22
3.491
5.817
2.662
2.536
4.901
2.66
5.206
3.129
1.902
5.796
3.33
5.105
3.05
1.637
1.828
1.179
0.708
0.246
0.095
0.253
0.658
2.201
3.57
0.93
2.66
1.68
2.991
2.169
1.795
2.315
2.39
4.256
3.913
5.796
2.505
3.476
2.909
1.599
0.672
0.52
0.449
0.106
0.239
0.555
5.159
3.265
1.818
1.204
0.96
1.755
2.665
3.168
2.66
1.423
2.944
1.97
1.673
2.264
2.829
3.909
3.756
1.622
1.0
0.912
0.442
0.099
0.245
0.532
5.033
3.222
1.678
1.142
0.991
1.729
1.659
2.927
2.66
1.477
3.523
1.983
2.401
1.546
3.278
3.075
2.707
1.526
0.993
0.889
0.458
0.101
0.236
0.119
5.456
3.493
2.037
1.142
0.44
0.825
1.454
2.686
2.513
1.073
3.257
1.875
2.297
1.612
3.093
2.358
1.852
1.418
1.372
1.104
0.671
0.083
0.227
0.123
3.744
3.542
2.1
0.477
0.354
0.251
1.452
2.176
2.853
1.195
2.645
1.51
2.297
1.154
2.484
1.978
1.694
1.189
1.372
1.101
0.671
0.1
0.2
0.129
3.01
3.267
2.1
0.863
0.362
0.231
1.546
1.761
2.178
1.173
2.645
1.917
1.71
1.221
2.797
2.367
1.577
1.637
2.5
1.606
1.083
0.213
0.136
0.222
0.658
2.284
2.906
1.413
3.729
2.544
2.991
2.169
1.795
2.315
2.688
4.443
4.01
2.934
2.309
3.285
2.802
1.977
1.445
0.777
0.652
0.221
0.129
0.191
0.499
0.973
1.916
2.339
2.555
3.377
3.494
3.535
2.464
3.076
1.424
4.443
4.847
0.925
2.209
2.545
3.709
1.415
1.055
0.825
0.406
0.12
0.2
0.112
1.808
3.007
2.72
0.977
0.382
0.214
0.541
1.144
1.617
1.082
2.609
4.075
1.89
1.291
2.797
2.417
1.532
1.223
0.753
0.423
0.392
0.132
0.191
0.118
1.99
3.042
2.316
1.065
0.342
0.242
0.531
1.404
2.248
1.346
1.851
4.488
1.69
1.295
2.397
2.826
1.953
1.236
0.761
0.466
0.406
0.138
0.215
0.158
1.638
2.918
1.937
1.065
0.419
0.769
1.426
1.495
2.198
2.622
1.628
4.701
1.842
1.202
3.098
3.297
2.595
1.394
0.407
0.214
0.194
0.157
0.195
0.187
2.487
3.111
1.382
1.083
0.325
0.743
1.613
1.618
1.771
2.317
1.88
5.139
2.06
1.267
3.596
3.753
2.677
1.394
0.407
0.21
0.219
0.149
0.228
0.186
2.443
3.099
1.583
1.208
0.526
1.435
2.762
1.676
3.239
2.924
2.276
5.544
2.709
2.072
3.169
3.319
2.677
3.091
1.445
0.777
0.575
0.231
0.121
0.246
0.448
1.998
2.551
3.269
2.555
3.377
2.668
2.981
3.002
2.916
1.92
4.326
3.976
1.218
2.209
3.159
4.399
3.091
1.505
0.946
0.655
0.326
0.177
0.348
1.699
1.998
2.551
3.269
1.564
2.988
2.668
4.274
3.002
2.601
1.236
4.315
3.976
1.743
2.233
3.159
4.399
1.119
0.464
0.178
0.235
0.116
0.258
0.175
2.443
2.567
0.659
1.636
0.503
1.543
2.989
1.658
3.364
3.343
2.396
4.112
2.685
2.531
3.629
3.478
2.961
1.229
0.574
0.662
0.533
0.362
0.312
0.234
2.319
2.686
1.854
1.767
0.645
1.914
3.41
2.365
2.669
3.009
2.396
3.804
3.062
2.81
3.484
3.377
2.769
1.373
0.954
0.865
0.718
0.366
0.28
0.21
2.863
2.868
1.854
1.767
1.063
1.608
2.742
2.365
2.442
1.824
2.483
3.802
3.085
2.81
2.778
2.843
2.095
1.291
1.269
1.156
0.88
0.385
0.28
0.295
2.673
2.567
1.762
2.009
1.102
1.608
2.594
2.265
2.524
2.192
2.529
3.171
3.533
2.447
2.371
2.436
2.762
1.481
1.269
1.156
0.88
0.415
0.24
0.322
3.235
2.262
1.616
1.461
0.903
0.935
1.339
2.445
2.042
2.298
3.412
2.092
2.42
1.445
2.289
2.369
3.38
2.856
1.708
1.772
1.862
0.441
0.339
0.412
1.576
2.106
2.002
2.136
0.512
1.922
1.266
1.985
3.748
1.408
2.063
5.66
2.339
2.254
2.761
2.713
2.883
3.043
1.708
1.772
1.862
0.441
0.339
0.412
1.576
2.68
1.405
1.784
1.425
1.922
0.894
3.918
3.838
1.29
2.043
3.971
2.69
2.254
2.761
2.244
1.989
1.567
1.257
1.182
0.855
0.444
0.227
0.322
3.93
2.533
1.954
1.162
0.882
1.473
2.003
1.957
1.477
1.965
3.788
1.473
3.002
1.103
1.68
2.037
3.174
1.538
1.197
0.701
0.568
0.199
0.169
0.267
3.93
2.94
0.746
0.972
0.714
1.308
1.663
1.017
1.464
2.354
3.788
1.909
2.663
0.802
2.224
1.801
2.997
1.43
1.128
0.837
0.423
0.234
0.152
0.28
3.557
2.94
0.751
0.967
0.236
1.112
1.691
1.142
1.781
2.18
3.78
2.276
2.595
1.255
2.947
2.269
3.011
1.476
0.811
0.552
0.238
0.221
0.142
0.198
2.724
2.912
1.309
1.091
0.938
1.977
2.56
1.55
1.718
2.111
4.72
2.862
2.144
1.265
2.872
2.329
2.293
1.306
0.74
0.551
0.246
0.195
0.174
0.158
2.696
2.871
1.691
1.477
1.816
2.435
2.886
1.384
0.672
1.56
3.475
3.432
3.462
1.605
3.567
2.85
1.82
3.043
1.124
1.323
1.418
0.372
0.281
0.348
0.465
2.68
1.405
3.106
2.497
2.152
2.653
2.619
3.838
2.402
2.043
3.971
2.69
1.938
2.374
1.877
1.708
2.854
1.483
0.466
0.258
0.191
0.181
1.097
0.316
2.459
1.393
3.106
2.841
3.088
2.975
5.015
2.98
1.769
1.183
0.893
4.043
1.975
1.039
1.538
2.034
1.172
0.608
0.548
0.246
0.206
0.144
0.201
3.047
2.49
1.327
1.021
2.092
1.902
2.003
1.147
0.927
1.555
3.202
3.432
2.945
1.488
3.567
2.85
2.291
1.065
0.965
0.796
0.453
0.206
0.158
0.192
3.091
1.824
1.35
1.352
2.486
2.387
1.917
1.096
1.505
1.676
3.23
3.362
2.987
1.464
3.7
2.809
2.31
0.99
0.644
0.417
0.388
0.203
0.158
0.207
2.464
1.824
1.325
1.941
2.671
2.738
1.985
2.292
1.249
2.256
3.327
3.126
2.946
1.083
2.984
2.885
3.013
1.091
1.006
0.744
0.531
0.171
0.21
0.169
2.428
1.517
1.711
2.361
2.185
2.494
1.811
1.891
1.402
2.298
2.077
3.337
3.066
1.916
3.882
2.96
3.088
1.323
1.128
0.779
0.513
0.233
0.187
0.205
2.018
1.937
1.244
1.951
1.767
2.557
1.894
2.064
1.74
2.48
2.077
2.887
1.678
1.548
3.245
2.706
3.026
1.736
1.872
1.385
0.208
0.191
0.183
1.035
0.193
2.438
1.699
3.294
4.134
3.737
3.689
3.127
1.533
1.702
0.415
0.562
3.079
1.721
1.259
1.776
2.034
2.161
1.872
1.985
1.108
0.199
0.237
1.08
0.401
2.438
1.548
2.476
4.134
3.737
3.66
3.266
3.671
1.939
0.408
0.373
3.079
1.721
1.053
1.772
1.865
1.366
1.184
0.812
0.523
0.225
0.215
0.194
1.387
2.177
1.291
1.951
1.703
2.557
1.894
2.064
2.148
2.85
2.495
3.318
2.25
1.707
3.071
3.075
2.929
1.735
1.267
0.831
0.528
0.225
0.217
0.216
1.347
2.024
1.345
2.526
1.83
2.109
1.954
2.036
1.865
2.517
2.748
3.158
1.644
1.842
2.353
3.075
2.929
2.053
1.415
0.985
0.525
0.211
0.244
0.173
1.748
2.189
1.387
1.954
1.637
1.785
2.193
1.008
2.767
2.531
2.98
2.267
1.583
1.783
1.983
2.457
2.248
2.076
1.442
1.149
0.926
0.269
0.296
0.173
2.048
2.189
0.466
1.151
1.521
1.494
1.732
0.997
2.767
2.452
2.735
1.469
1.839
0.989
0.896
2.317
2.136
2.007
1.783
1.371
1.098
0.257
0.296
0.172
1.476
1.996
0.496
1.221
1.391
1.149
1.421
0.8
2.916
2.301
2.735
2.3
2.062
1.073
0.96
2.132
2.063
2.087
1.564
1.985
1.108
0.207
0.244
0.206
0.433
2.89
2.476
2.476
3.819
3.605
3.66
1.705
3.356
2.063
1.588
0.56
2.882
1.775
1.205
2.101
1.601
2.591
1.492
1.087
1.137
0.28
0.289
0.268
0.709
2.156
1.82
1.564
1.634
2.266
4.568
3.022
3.356
2.063
3.494
1.889
3.194
2.067
2.648
3.317
2.728
2.128
2.0
1.456
1.263
0.269
0.295
0.157
1.048
1.824
0.586
1.255
1.385
1.25
1.509
1.14
2.356
2.403
2.06
1.661
1.746
1.117
1.062
1.788
2.017
2.061
1.9
1.445
1.062
0.269
0.268
0.186
0.987
2.25
0.575
0.406
0.877
1.25
1.447
1.173
2.178
2.209
1.777
1.225
2.828
1.066
1.156
1.864
2.051
1.816
1.9
1.445
1.062
0.287
0.262
0.183
0.584
1.892
0.567
0.438
0.732
2.385
1.926
0.947
1.313
2.124
1.207
1.204
2.828
1.066
1.209
1.864
2.051
1.685
1.6
1.068
0.61
0.294
0.22
0.232
0.54
1.892
0.567
0.438
0.623
2.097
1.8
0.96
1.313
2.073
1.925
2.748
2.151
0.966
1.317
1.758
2.152
1.736
1.714
1.104
0.628
0.304
0.244
0.206
0.587
1.432
0.947
0.587
0.336
1.951
1.651
0.96
0.799
2.352
1.925
1.959
2.888
2.14
1.541
2.505
2.516
3.077
1.601
1.014
0.622
0.978
0.772
0.624
0.506
2.156
2.313
1.849
1.634
1.127
3.519
3.022
2.584
0.722
3.782
2.249
3.316
2.067
2.88
3.317
2.728
3.165
1.902
1.629
0.726
0.997
0.772
0.624
0.556
2.198
1.332
1.541
0.669
1.127
2.708
3.068
2.552
1.004
5.814
2.756
2.696
1.203
2.88
3.128
3.239
1.71
1.771
1.16
0.743
0.328
0.284
0.247
0.615
1.352
1.797
1.142
0.562
1.654
1.948
1.342
1.028
2.337
2.678
2.233
3.266
2.471
1.798
2.784
3.092
1.603
1.853
1.178
0.882
0.328
0.299
0.21
0.631
1.481
2.122
1.365
1.245
2.751
1.858
2.066
0.998
2.303
2.656
3.054
2.589
2.456
2.075
3.481
3.3
1.687
1.829
1.178
0.882
0.334
0.311
0.214
0.631
1.707
2.091
1.374
1.185
2.402
1.74
2.728
1.314
1.582
1.983
3.663
2.94
2.58
2.25
3.581
3.3
1.687
2.21
1.306
1.007
0.3
0.29
0.214
0.858
2.225
2.052
1.374
1.494
2.704
2.238
2.649
1.46
1.917
1.253
2.481
3.037
2.636
2.25
3.613
3.29
1.584
1.667
1.026
0.819
0.272
0.299
0.222
0.817
2.322
1.775
1.159
2.084
2.705
2.863
2.71
1.46
1.592
1.545
3.193
2.518
1.508
2.117
2.88
3.018
3.165
2.153
1.688
0.911
0.997
0.769
0.635
0.212
1.345
1.529
1.311
0.411
1.031
1.176
1.986
2.33
1.143
5.437
4.479
2.716
0.948
1.333
1.894
2.368
2.577
2.153
1.638
0.67
0.288
0.246
0.226
1.076
2.471
1.51
0.337
0.57
0.73
1.176
3.462
1.648
1.348
4.048
4.479
1.62
1.802
1.029
1.744
2.368
1.533
1.529
1.043
0.611
0.237
0.238
0.222
0.818
2.913
1.025
0.633
1.887
2.705
2.533
2.278
1.455
1.172
1.155
3.193
1.92
1.039
1.754
2.565
2.17
1.49
1.705
1.065
0.693
0.223
0.207
0.249
0.775
2.937
0.65
0.345
1.279
1.588
3.374
1.906
1.653
1.18
1.155
2.4
2.387
1.247
1.257
1.903
1.954
1.484
2.071
1.261
0.9
0.204
0.154
0.278
0.96
3.458
0.665
0.318
1.499
0.792
2.859
2.032
1.671
1.846
2.569
2.26
2.174
1.406
1.83
2.78
2.571
1.674
1.66
1.057
0.718
0.22
0.196
0.249
0.43
3.084
0.849
0.601
1.27
0.514
2.6
2.341
1.801
1.636
2.611
2.314
2.411
1.309
1.844
3.134
2.798
1.888
1.885
1.381
1.049
0.266
0.192
0.226
0.467
3.462
0.705
0.621
0.651
0.768
2.42
2.341
1.801
1.636
2.295
1.811
2.81
1.439
1.866
3.159
2.938
2.17
1.646
1.562
1.255
0.302
0.25
0.249
0.959
1.869
1.671
0.253
0.51
1.229
2.11
3.004
1.305
1.157
0.611
3.563
1.779
2.392
1.204
2.139
2.051
2.332
0.94
1.196
0.912
0.309
0.179
0.195
1.957
1.869
1.671
0.552
1.927
2.494
1.891
5.338
1.305
1.642
0.641
0.686
0.736
2.392
1.225
1.766
1.914
2.044
1.605
1.07
1.004
0.246
0.196
0.319
0.357
2.648
0.731
0.891
1.192
0.797
2.381
2.123
1.679
2.146
2.744
3.089
2.81
1.552
2.213
3.503
3.78
2.079
1.139
0.805
0.779
0.26
0.211
0.272
0.397
1.733
1.088
1.329
1.583
1.144
1.376
1.883
1.514
2.287
2.861
3.089
2.058
1.76
2.213
3.427
3.78
2.196
1.019
0.826
0.562
0.261
0.237
0.225
0.243
1.058
1.346
1.313
1.281
1.171
1.329
1.61
1.138
2.42
1.933
3.704
2.122
1.822
1.7
2.522
3.256
2.123
1.019
0.819
0.519
0.257
0.235
0.229
0.384
1.042
1.615
1.103
1.441
1.781
1.677
1.31
0.882
2.674
1.849
3.549
1.773
2.014
2.661
2.165
2.992
1.924
1.22
0.891
0.402
0.214
0.208
0.28
0.586
0.411
1.615
1.18
1.473
1.51
1.183
1.626
0.888
2.674
1.884
3.158
1.84
2.164
2.692
2.294
2.812
2.332
1.686
1.519
1.513
0.309
0.165
0.234
1.108
0.88
1.791
0.689
1.7
2.494
1.891
3.594
0.703
2.188
1.448
1.844
2.101
1.855
1.225
1.791
1.908
2.114
1.816
1.026
0.769
0.263
0.129
0.232
1.13
0.584
1.33
0.689
2.347
1.874
2.1
4.491
1.211
2.494
2.851
2.435
2.459
1.518
1.22
1.142
1.975
1.692
1.23
0.936
0.383
0.21
0.239
0.154
0.756
0.621
1.694
0.873
0.931
1.946
1.313
1.969
0.709
1.89
1.022
2.855
2.72
2.164
2.275
1.861
1.915
1.708
1.582
1.325
0.407
0.202
0.222
0.17
0.756
0.651
1.521
0.667
0.536
1.612
1.311
1.905
0.924
2.361
1.098
3.058
2.72
1.845
2.384
1.804
1.847
1.467
1.672
1.37
0.597
0.221
0.239
0.22
0.757
0.973
1.444
1.204
0.809
1.5
1.216
1.344
0.755
1.736
1.499
3.164
2.596
1.757
2.397
2.016
1.732
1.467
1.76
1.37
0.597
0.181
0.253
0.252
0.637
1.005
1.26
1.494
0.579
0.855
0.638
1.29
0.706
1.32
1.531
3.412
2.706
2.348
1.301
2.229
1.63
1.377
1.706
1.263
0.572
0.203
0.245
0.239
0.44
1.005
1.381
1.822
0.579
1.356
0.692
0.912
0.722
1.254
1.787
3.677
2.576
2.069
1.203
2.027
1.549
1.691
1.972
1.69
1.313
0.456
0.17
0.232
1.432
0.93
1.532
0.631
1.241
0.634
2.094
2.146
1.073
2.494
2.851
2.435
2.579
1.218
1.651
1.598
2.372
2.081
1.537
1.564
1.106
0.456
0.244
1.042
2.755
1.733
0.617
0.527
1.241
0.634
2.094
2.146
1.168
3.253
3.015
2.753
2.653
2.637
3.913
2.545
2.372
1.468
2.055
1.624
0.807
0.246
0.197
0.24
0.519
0.791
1.265
2.133
0.547
0.877
0.523
0.446
0.722
1.486
2.179
3.344
1.565
1.988
1.203
2.073
1.602
1.337
2.037
1.457
0.996
0.218
0.237
0.263
0.519
0.732
1.216
2.133
0.598
1.223
1.13
0.577
0.53
0.929
2.103
3.344
1.991
2.159
1.811
2.244
1.701
1.793
1.987
1.246
0.819
0.196
0.242
0.239
0.48
0.589
1.207
1.917
0.396
1.549
1.506
0.766
1.449
1.163
2.152
2.948
1.894
2.138
2.462
2.599
1.989
2.23
1.987
1.246
0.819
0.208
0.238
0.222
0.433
0.574
1.247
1.805
0.624
1.779
1.977
0.758
1.911
1.245
2.469
2.908
1.929
1.33
2.518
2.781
2.499
2.503
2.088
1.151
0.772
0.217
0.269
0.211
0.706
0.601
1.263
1.668
0.698
1.606
2.287
0.869
1.975
1.273
2.714
2.637
1.469
1.535
3.204
2.847
2.676
2.1
1.998
1.856
1.551
0.472
0.283
1.08
2.755
2.214
0.939
1.308
1.667
1.812
1.056
1.498
2.856
2.416
2.754
2.082
3.899
2.486
3.913
2.545
2.819
2.263
2.259
1.65
1.401
0.286
0.283
1.08
1.663
2.214
0.656
1.058
1.664
3.455
1.84
3.983
3.278
3.889
2.754
2.153
3.899
2.486
3.776
2.883
2.958
2.591
2.003
1.096
0.892
0.218
0.281
0.195
0.606
0.623
1.25
1.122
0.976
1.616
2.636
0.972
1.975
1.086
2.383
2.71
2.004
1.535
3.204
3.364
2.92
2.591
1.735
1.007
0.785
0.218
0.263
0.197
0.731
0.892
1.136
0.843
0.992
1.486
2.673
1.33
2.083
1.036
2.562
2.313
1.598
1.248
2.563
3.421
3.19
2.253
1.591
0.991
0.808
0.218
0.224
0.206
0.897
0.633
1.128
0.848
1.356
1.152
2.852
1.254
1.285
1.201
2.11
2.106
1.545
1.152
1.78
2.888
3.088
1.905
1.52
0.991
0.808
0.251
0.197
0.17
0.897
0.891
1.352
1.005
1.667
1.378
2.783
1.743
1.01
1.422
2.417
2.106
1.697
1.088
1.695
2.438
2.752
1.573
1.154
0.907
0.641
0.203
0.213
0.217
0.654
1.047
1.068
0.786
1.667
1.04
2.831
1.693
1.192
1.406
1.973
2.19
2.373
0.836
1.035
2.427
2.76
2.268
2.259
1.223
1.055
0.286
0.256
0.483
0.517
1.648
1.116
1.373
1.664
3.455
2.417
4.961
4.653
4.012
4.615
1.039
3.3
1.346
1.221
1.964
2.958
2.268
2.186
0.833
0.498
0.278
0.214
0.382
0.492
1.099
0.992
1.878
1.215
2.883
2.417
4.961
2.814
4.012
4.122
1.873
1.52
2.302
1.755
2.359
2.318
1.647
0.911
0.968
0.518
0.397
0.196
0.21
0.696
1.073
1.074
1.298
1.62
1.225
3.023
1.959
1.192
2.477
1.878
1.475
1.852
0.714
0.952
1.798
2.519
1.94
1.108
1.189
0.843
0.397
0.207
0.211
0.627
0.926
1.365
1.39
2.298
1.312
3.1
1.699
1.64
2.771
1.9
1.81
2.236
1.117
0.868
1.448
1.94
1.894
1.117
1.19
0.847
0.378
0.207
0.224
0.532
0.823
1.756
2.221
2.07
1.312
2.571
1.681
1.603
2.178
1.375
1.184
2.187
0.908
0.593
1.495
2.06
1.876
1.32
1.356
1.067
0.349
0.207
0.273
0.491
0.598
1.597
2.378
1.968
0.934
2.58
1.693
1.622
2.155
0.66
1.212
2.139
1.647
0.596
1.373
1.856
2.128
1.484
1.495
1.067
0.389
0.206
0.23
0.518
0.902
1.597
2.652
1.968
1.914
3.096
1.978
1.28
2.066
0.627
0.786
1.455
1.646
0.543
1.318
1.68
1.987
1.797
0.892
0.526
0.174
0.213
0.467
0.492
1.099
1.675
2.238
1.776
1.215
1.903
2.863
2.708
4.108
4.126
1.873
1.606
2.302
1.491
1.861
1.699
1.693
1.672
1.476
1.251
0.414
0.213
0.205
0.37
0.527
1.329
2.238
1.776
1.107
1.296
3.39
1.404
2.448
2.66
3.563
1.155
2.579
2.329
2.019
1.572
1.919
1.433
1.123
0.818
0.159
0.236
0.261
0.318
0.869
1.799
2.239
2.085
1.574
2.223
1.736
1.364
1.558
1.157
0.904
2.18
1.724
0.641
1.488
1.83
1.745
1.246
0.81
0.401
0.172
0.258
0.235
0.264
0.869
1.534
2.083
1.526
1.493
1.492
1.435
0.724
1.72
0.854
0.693
1.782
1.386
0.641
1.488
1.924
1.872
1.336
0.834
0.425
0.209
0.279
0.226
0.222
0.869
1.31
0.95
1.311
1.616
1.554
2.556
1.242
2.032
1.825
1.739
1.946
1.488
0.747
1.521
1.804
1.816
1.217
0.641
0.229
0.236
0.281
0.219
0.23
0.83
1.226
0.708
1.188
1.898
1.865
1.983
1.049
1.792
1.773
1.81
1.649
0.707
0.762
1.97
1.804
1.552
1.275
0.66
0.505
0.239
0.277
0.219
0.43
0.612
1.226
0.428
0.998
0.897
0.922
2.449
1.104
1.857
1.97
1.81
2.614
1.503
0.831
2.942
1.759
1.719
1.346
1.734
1.4
0.734
0.239
0.298
0.943
1.424
2.122
1.141
2.007
1.107
0.924
3.03
1.404
2.448
2.66
4.227
1.155
1.81
2.006
1.743
1.502
1.719
1.346
1.734
1.4
0.734
0.252
0.276
0.943
1.745
1.638
0.617
1.569
1.699
1.7
3.03
1.985
0.793
1.862
4.227
1.551
1.63
2.926
2.531
1.459
1.624
1.285
0.962
0.901
0.239
0.262
0.452
0.471
0.509
1.02
1.279
1.047
0.896
1.043
2.409
1.037
1.321
1.543
1.718
2.033
1.527
1.054
2.939
1.715
1.755
1.509
1.227
0.901
0.243
0.26
0.45
0.471
0.579
0.996
1.555
1.131
0.911
1.482
2.413
1.037
1.19
2.24
1.488
2.033
1.527
1.054
2.939
1.877
1.723
1.452
1.184
0.889
0.25
0.236
0.897
0.484
0.582
0.779
1.555
1.255
1.226
2.296
1.616
0.995
1.295
1.769
1.363
2.003
1.43
1.224
2.983
2.185
2.123
1.536
1.24
0.901
0.257
0.204
1.142
0.781
0.612
0.452
1.469
1.04
0.938
1.946
2.003
1.388
1.295
1.769
1.825
1.978
1.829
1.233
2.978
2.186
2.267
1.429
0.989
0.636
0.261
0.199
1.434
0.548
0.369
0.41
1.421
1.04
1.205
3.054
2.027
1.718
1.238
1.621
2.446
2.011
1.589
1.561
2.303
2.186
1.617
1.323
1.143
0.668
0.603
0.267
0.597
2.463
1.837
1.638
1.053
1.32
1.187
1.338
1.488
1.44
0.574
0.342
2.808
1.047
1.576
1.77
2.59
1.332
1.426
0.865
0.519
0.302
0.273
0.262
0.533
1.906
0.993
0.7
1.003
0.626
1.197
2.556
2.039
1.8
1.353
1.443
2.047
3.43
2.072
2.026
3.496
2.49
2.263
1.429
0.694
0.255
0.279
0.193
1.425
0.551
0.368
0.185
0.558
0.669
1.251
3.19
2.661
2.07
1.83
1.951
2.612
2.12
1.564
1.353
2.24
2.132
2.136
1.37
0.477
0.27
0.285
0.193
1.425
0.551
0.297
0.118
0.397
0.671
1.251
2.712
2.704
2.07
2.035
1.293
3.722
2.931
1.886
1.482
2.499
1.996
2.032
1.351
0.46
0.258
0.277
0.246
0.982
0.542
0.297
0.773
0.759
0.877
0.78
1.814
2.704
1.753
1.91
0.822
3.153
2.931
1.886
1.349
2.375
1.809
1.738
1.146
0.398
0.252
0.27
0.251
0.743
0.215
0.264
0.819
0.75
0.788
0.802
2.106
2.283
1.46
2.049
1.623
3.8
2.731
1.43
1.98
2.268
1.967
1.88
1.357
0.521
0.319
0.225
0.263
0.465
0.452
0.251
0.855
0.627
0.861
0.531
1.235
1.432
1.328
2.259
1.605
3.412
1.817
2.634
1.722
1.926
2.049
1.644
1.263
0.784
0.632
0.273
0.184
0.573
1.906
1.077
0.557
2.203
1.671
1.521
3.649
2.141
1.03
1.271
1.45
1.23
2.662
2.072
0.854
2.924
2.422
1.577
1.328
0.72
0.603
0.229
0.157
0.242
0.368
0.97
0.65
1.615
1.874
1.738
3.649
2.819
1.03
1.271
1.483
2.016
3.111
0.99
0.929
2.661
2.566
2.054
1.568
0.521
0.339
0.205
0.263
0.265
0.42
0.223
0.88
0.613
0.754
0.398
0.877
0.648
0.849
1.757
1.205
3.485
1.65
2.633
1.722
1.954
2.049
2.175
1.56
0.734
0.339
0.189
0.262
0.265
0.424
0.222
0.88
0.5
1.002
1.636
1.323
0.756
0.976
2.042
1.539
2.634
1.474
2.574
1.792
1.798
1.896
2.175
1.717
1.036
0.531
0.337
0.236
0.224
0.415
0.214
0.24
0.238
1.187
1.995
1.565
1.833
1.822
2.326
2.32
3.463
1.765
3.057
1.983
1.934
1.788
2.087
1.939
1.263
0.674
0.352
0.263
0.184
0.417
0.705
0.312
0.34
1.313
2.902
1.298
2.569
1.685
2.12
1.613
2.735
2.63
3.467
1.995
1.858
1.592
1.81
1.993
1.502
0.931
0.384
0.263
0.198
0.199
0.713
0.267
0.463
1.349
3.151
1.082
3.262
1.458
1.829
1.891
2.767
2.667
2.531
2.085
2.44
1.842
1.577
1.328
0.736
0.603
0.221
0.233
1.259
1.014
1.432
0.65
1.537
1.874
1.885
3.268
2.303
1.551
1.039
1.026
1.133
1.371
0.637
1.269
1.596
1.93
1.65
1.246
1.018
0.657
0.599
0.255
1.209
1.02
1.884
1.524
0.387
1.326
1.398
1.566
2.472
2.436
1.337
1.801
2.647
2.761
1.9
1.656
2.396
2.673
1.735
1.986
1.719
1.146
0.528
0.263
0.188
0.199
0.713
0.262
0.629
1.906
3.151
2.407
3.262
1.549
2.056
2.877
3.124
2.667
2.557
2.185
2.651
2.084
1.61
1.894
1.658
1.146
0.548
0.239
0.186
0.216
0.709
0.403
0.629
1.68
2.348
2.373
3.168
1.243
1.188
2.624
3.411
2.04
2.557
2.177
2.792
2.331
1.765
1.719
1.684
1.263
0.41
0.225
0.229
0.201
0.69
0.433
0.59
1.269
2.059
2.319
2.425
0.659
1.056
2.9
3.679
1.751
2.11
2.028
2.792
2.237
1.686
1.636
1.714
1.267
0.41
0.23
0.26
0.188
0.214
0.362
0.514
1.16
1.447
2.393
1.755
1.226
1.472
2.9
3.757
1.294
1.678
1.448
2.661
2.237
1.516
1.281
1.42
0.964
0.406
0.202
0.215
0.301
0.186
0.362
0.496
1.149
1.612
2.73
1.105
1.177
1.411
2.919
3.763
1.244
0.908
1.473
2.203
2.249
2.897
1.906
1.877
1.179
0.904
0.255
1.305
1.138
1.884
1.466
0.772
1.745
1.991
2.543
1.666
2.436
1.337
1.801
1.942
2.761
1.9
1.656
2.6
2.673
2.897
1.906
1.877
1.179
0.904
0.26
0.24
0.371
1.253
1.718
0.772
2.789
2.308
4.04
1.503
2.223
1.404
1.28
2.189
4.072
1.876
1.476
2.974
2.576
1.572
1.793
1.249
0.948
0.283
0.174
0.201
0.333
0.167
0.354
0.353
0.468
1.971
2.437
1.632
1.225
1.37
2.752
4.458
1.609
1.43
1.391
1.882
1.929
1.823
1.793
1.249
0.932
0.276
0.16
0.203
0.342
0.116
0.214
0.385
0.475
3.002
2.25
1.281
1.331
1.33
2.688
4.355
2.076
1.43
1.461
1.73
1.758
1.617
1.961
0.959
0.589
0.224
0.187
0.169
0.598
0.51
0.184
0.448
0.367
3.117
2.213
1.386
1.821
1.575
2.537
3.804
2.343
1.755
1.396
1.983
1.808
1.617
1.76
0.72
0.397
0.234
0.184
0.137
0.704
0.871
0.514
0.792
0.396
3.123
2.131
1.383
1.342
1.66
2.844
4.052
1.975
2.083
1.632
2.017
1.853
1.916
2.006
1.003
0.371
0.236
0.198
0.142
1.072
0.974
0.544
0.72
0.258
3.114
2.11
1.368
1.342
1.752
2.868
4.052
2.046
2.136
1.871
2.41
2.026
3.056
2.064
1.824
1.25
0.853
0.246
0.33
0.34
1.266
1.086
0.757
2.789
2.308
4.04
1.001
1.2
1.166
3.046
0.593
2.309
0.802
1.518
2.483
2.058
2.037
1.709
1.127
0.795
0.566
0.202
0.825
0.638
1.871
2.169
0.603
2.072
1.414
3.678
1.281
1.704
1.665
3.046
0.574
2.309
0.632
1.518
2.391
1.869
1.9
1.646
0.984
0.347
0.196
0.221
0.172
1.848
1.278
0.77
0.72
0.266
2.714
1.1
0.894
1.76
2.072
2.043
3.068
1.657
1.338
1.745
2.41
2.126
1.686
1.646
0.984
0.4
0.173
0.223
0.47
2.444
1.722
1.176
0.652
0.224
1.272
1.486
0.883
1.652
2.072
2.043
2.561
2.461
1.574
2.666
2.382
2.016
1.656
1.435
0.935
0.394
0.207
0.2
0.605
2.615
2.302
1.634
0.902
0.21
0.763
1.466
0.436
0.897
1.374
1.167
1.798
2.683
1.314
2.666
2.167
1.917
1.801
1.368
1.077
0.417
0.192
0.199
0.854
2.649
2.135
1.281
0.536
0.204
0.309
1.428
1.072
0.797
1.023
1.1
1.578
3.48
1.406
2.557
2.157
1.902
1.511
0.962
0.687
0.44
0.171
0.199
1.049
2.672
2.135
1.44
0.539
0.23
0.291
0.939
2.237
0.918
1.294
1.25
1.723
3.496
1.47
2.252
1.612
1.371
2.037
1.556
1.061
0.761
0.573
0.139
0.825
0.688
1.871
2.169
0.505
1.316
0.525
1.763
0.868
1.078
1.095
2.968
0.626
0.805
0.716
1.398
1.585
1.527
1.517
0.926
0.414
0.336
0.237
0.211
1.069
1.165
1.036
1.64
0.505
1.506
0.525
1.872
1.259
2.475
1.738
0.496
0.724
0.976
1.324
1.409
1.364
1.378
1.426
0.88
0.72
0.253
0.192
0.164
1.198
2.3
2.107
1.22
0.537
0.267
0.312
1.457
2.798
0.442
0.81
1.154
1.723
3.496
1.47
2.319
1.618
1.331
1.438
1.165
1.103
0.254
0.174
0.204
1.121
2.736
1.721
0.813
0.516
0.267
0.271
0.833
2.798
0.444
1.361
1.154
1.68
2.271
1.388
1.553
1.511
1.378
1.626
1.071
1.11
0.266
0.135
0.222
1.121
2.415
1.034
0.813
0.428
0.268
0.271
1.261
2.79
0.454
1.467
1.619
2.638
1.885
1.644
1.745
1.487
1.432
1.624
0.932
0.917
0.266
0.186
0.195
1.044
2.644
0.879
1.182
0.823
0.246
0.29
1.244
2.109
0.721
1.594
1.457
2.447
1.269
1.711
1.813
1.586
1.539
1.739
1.152
1.161
0.259
0.16
0.232
0.964
2.657
1.043
1.042
0.787
0.228
0.282
1.239
0.94
0.677
1.23
1.749
2.677
1.481
2.177
2.025
1.927
1.539
1.289
1.063
0.847
0.942
0.258
0.214
0.454
1.354
1.004
0.897
0.416
2.39
0.484
0.796
1.706
1.927
1.418
0.525
0.869
1.555
1.422
1.565
1.529
1.437
1.289
0.968
0.952
0.942
0.219
0.214
1.126
2.185
1.641
1.676
0.364
1.679
0.417
0.796
1.706
1.927
1.334
0.525
0.615
1.92
1.539
1.657
1.529
1.389
1.7
1.183
1.076
0.444
0.148
0.232
0.872
3.11
0.843
1.041
0.785
0.179
0.215
0.662
0.276
0.575
1.199
1.736
2.677
1.481
2.257
2.025
1.89
1.508
1.755
1.238
0.945
0.575
0.163
0.222
0.89
2.636
0.785
1.041
0.889
0.325
0.242
0.836
0.28
0.549
0.652
1.959
2.855
1.805
2.285
1.989
1.991
1.399
1.56
1.238
0.944
0.532
0.202
0.223
0.89
2.744
0.865
0.624
0.67
0.34
0.242
0.418
0.302
1.233
1.877
3.108
2.271
1.628
2.177
1.856
1.884
1.335
1.368
1.513
1.258
0.626
0.203
0.223
0.902
2.707
0.905
0.283
0.317
0.471
0.319
0.741
0.644
1.054
1.544
3.092
1.914
1.637
2.252
1.799
1.911
1.502
1.49
1.461
1.187
0.639
0.203
0.228
0.961
2.707
0.876
0.57
0.585
0.494
0.278
0.786
0.659
0.918
2.344
3.26
1.234
1.883
1.751
1.509
1.578
1.496
1.06
0.968
0.952
0.883
0.219
0.125
0.892
2.185
1.641
1.676
1.027
2.889
0.328
1.084
1.861
0.391
1.345
3.326
1.404
2.691
2.137
1.831
1.51
1.481
1.195
0.854
0.535
0.281
0.249
0.099
0.892
1.68
1.336
1.325
0.879
1.714
0.539
1.296
3.0
0.452
1.735
3.566
1.43
2.691
2.137
1.831
1.44
1.418
1.499
1.279
1.065
0.557
0.193
0.241
0.904
3.006
0.912
0.895
0.588
0.526
0.364
0.985
0.748
1.261
3.328
3.747
1.607
2.463
2.169
2.023
1.899
2.127
1.574
0.972
0.812
0.362
0.222
0.215
0.696
2.976
0.999
1.146
0.736
0.401
0.38
0.833
0.748
1.3
3.316
4.08
2.099
2.912
2.66
2.348
1.88
2.232
1.582
1.019
0.822
0.368
0.225
0.201
0.561
2.725
0.751
1.662
0.783
0.753
0.83
0.861
0.721
0.666
2.196
2.823
2.141
2.912
2.747
3.064
2.248
2.236
1.594
1.078
0.771
0.467
0.204
0.24
0.4
3.073
1.404
1.962
1.047
0.77
0.72
0.558
0.371
0.574
2.207
4.117
2.141
2.892
2.331
2.893
2.12
1.976
1.279
0.951
0.595
0.489
0.22
0.235
0.204
3.073
1.265
1.923
0.827
0.773
0.72
0.525
0.368
0.574
1.463
3.541
2.047
2.412
2.318
2.827
2.072
1.812
1.54
0.754
0.445
0.28
0.257
0.128
0.236
0.364
0.575
0.555
1.119
2.489
1.019
1.296
3.0
0.452
1.735
3.566
1.795
3.317
3.212
1.879
1.882
2.238
1.54
0.769
0.555
1.103
0.769
0.228
0.24
0.27
0.151
0.245
0.486
1.043
1.019
0.905
2.573
0.768
1.068
1.268
1.128
2.968
2.795
2.157
2.032
3.15
1.112
0.875
0.488
0.352
0.27
0.231
0.196
2.255
1.165
1.803
1.079
0.743
0.664
0.585
0.27
0.299
0.489
2.925
1.601
1.892
2.161
2.29
1.696
1.169
0.899
0.82
0.512
0.376
0.236
0.25
0.202
2.311
1.031
1.813
1.358
0.977
0.778
0.722
0.259
0.285
0.996
2.36
1.188
1.114
1.621
1.918
1.704
1.139
0.847
0.724
0.476
0.403
0.231
0.247
0.236
2.329
1.24
1.362
1.733
1.135
0.372
0.856
0.539
0.232
1.267
2.473
1.64
1.078
1.545
1.668
2.5
1.838
1.16
0.682
0.458
0.412
0.23
0.22
0.22
1.751
0.843
0.857
1.455
1.257
0.886
1.443
0.564
0.541
2.297
1.097
1.695
1.19
1.935
2.789
2.609
1.939
1.244
1.071
0.758
0.59
0.302
0.244
0.271
2.272
0.89
1.103
1.506
1.221
0.886
1.443
0.727
0.58
2.33
2.032
2.672
1.247
2.046
2.789
2.603
2.486
1.769
1.341
0.518
1.013
0.785
0.23
0.249
0.435
0.297
0.381
0.634
2.162
1.299
0.42
0.505
0.666
0.582
1.145
1.506
2.988
2.851
2.329
2.032
3.15
1.394
1.497
0.518
1.057
0.785
0.252
0.249
0.403
0.627
0.771
0.476
1.468
0.926
1.757
0.569
1.042
0.609
1.145
1.17
2.774
3.053
2.329
1.772
2.568
1.693
1.054
0.728
0.604
0.236
0.247
0.253
2.333
1.071
1.103
1.254
1.261
1.179
1.116
1.073
0.927
2.69
1.998
2.909
1.877
1.837
2.798
2.734
2.533
1.692
1.328
0.942
0.726
0.287
0.207
0.268
2.505
1.071
0.882
0.721
1.067
1.182
1.148
1.099
0.995
2.274
2.019
3.374
2.229
1.788
2.856
2.818
2.502
2.016
1.628
1.27
0.794
0.294
0.203
0.261
2.505
1.075
0.828
0.39
0.534
1.728
1.202
1.01
0.995
2.664
2.633
2.765
2.368
2.05
2.836
2.044
1.985
1.825
1.363
0.992
0.634
0.279
0.187
0.276
2.507
0.921
0.984
0.582
0.298
1.256
1.033
1.021
1.198
1.749
2.331
3.289
2.83
2.304
1.871
2.189
2.165
1.898
1.021
0.723
0.42
0.217
0.147
0.198
2.295
1.023
1.011
0.816
0.319
1.256
1.165
0.925
1.168
1.749
1.412
3.013
2.988
2.231
1.871
2.189
1.729
1.994
1.882
0.747
0.196
0.312
0.179
0.254
0.386
0.627
0.771
1.018
3.0
1.882
2.461
2.601
2.264
2.288
2.768
1.181
3.338
3.976
2.026
1.943
1.698
1.629
1.779
1.336
0.835
0.386
0.282
0.258
0.193
1.097
1.091
1.281
2.346
1.44
2.461
4.081
2.904
2.808
2.681
0.831
2.838
3.976
1.841
1.946
1.664
1.62
1.007
0.765
0.396
0.23
0.136
0.209
2.293
1.156
1.018
0.808
0.307
0.935
1.257
0.621
0.751
1.336
1.412
3.283
2.778
2.55
1.924
2.174
1.729
1.62
1.011
0.915
0.264
0.203
0.136
0.218
1.993
1.231
1.023
1.327
0.527
0.809
1.266
0.828
0.827
1.319
2.077
2.843
2.572
2.874
2.187
2.111
1.702
1.4
0.999
0.83
0.344
0.191
0.136
0.217
1.897
1.182
1.831
1.226
0.569
0.288
1.149
0.769
0.952
0.996
1.688
3.401
2.459
2.641
2.255
2.063
1.607
1.214
1.235
1.164
0.407
0.21
0.12
0.223
1.562
1.063
1.771
1.037
0.601
0.563
0.82
0.791
0.537
0.908
1.655
3.193
2.855
2.638
2.395
1.897
1.439
1.157
1.527
1.421
0.572
0.222
0.11
0.225
1.38
0.902
1.352
0.808
0.647
0.671
0.886
0.765
0.604
0.915
1.715
3.096
2.654
2.624
2.395
2.053
1.387
1.629
1.95
1.511
1.176
0.386
0.266
0.258
0.214
0.851
1.138
2.166
3.663
2.857
1.788
4.081
2.904
2.808
2.681
2.476
2.859
2.966
1.957
1.991
1.589
1.397
2.1
1.511
1.237
0.313
0.297
0.177
0.324
1.14
1.138
1.953
2.571
2.014
2.296
2.419
1.527
1.334
0.777
3.172
2.476
1.991
1.718
1.852
1.594
1.116
1.527
1.421
0.572
0.235
0.091
0.235
0.989
0.567
1.718
1.481
0.647
0.671
1.296
1.054
0.881
1.024
1.806
3.264
2.938
2.653
2.389
2.025
1.404
1.209
1.426
1.056
0.553
0.255
0.098
0.244
0.425
0.698
2.173
1.386
0.568
0.798
1.771
2.689
1.908
2.263
3.803
4.151
3.351
2.788
2.482
2.039
1.406
1.399
1.166
0.852
0.401
0.255
0.143
0.225
0.398
1.073
2.236
1.904
0.807
1.283
2.033
2.633
1.952
2.498
3.609
3.777
3.351
2.862
2.079
1.682
1.268
1.523
1.282
0.752
0.552
0.231
0.181
0.466
1.01
1.101
2.172
1.913
0.788
1.038
2.033
2.655
1.945
4.071
3.931
3.84
2.616
2.341
1.952
1.631
1.217
1.585
1.29
0.839
0.502
0.259
0.215
0.439
1.034
1.093
2.473
1.913
0.807
1.045
2.427
2.722
1.945
4.071
4.698
4.703
2.597
2.446
2.519
1.791
1.487
1.562
2.17
1.433
1.104
0.145
0.206
0.171
0.405
0.962
0.805
1.787
2.518
2.014
1.667
0.851
0.443
1.372
1.055
3.172
2.476
1.991
2.432
1.906
1.828
1.562
2.17
1.353
1.104
0.157
0.219
0.171
0.405
1.219
1.219
1.694
0.867
0.682
2.727
1.998
0.518
2.473
1.203
2.378
3.224
1.759
2.385
1.808
1.771
1.547
1.365
0.842
0.525
0.238
0.261
0.415
1.019
1.664
2.138
1.257
0.942
2.506
1.963
2.528
1.758
4.063
4.698
4.359
2.298
2.672
2.552
1.766
1.398
1.874
1.328
1.221
0.757
0.406
0.261
0.378
1.019
1.283
1.619
0.822
0.757
2.43
1.412
0.755
0.78
3.347
2.146
3.417
3.128
2.543
2.12
1.848
1.49
1.976
1.427
1.25
0.754
0.406
0.265
0.386
0.99
1.595
1.037
0.36
0.451
1.9
1.049
0.755
1.012
3.729
2.748
3.937
3.998
2.541
2.066
2.333
2.264
2.077
1.319
1.381
0.826
0.538
0.259
0.112
0.329
1.776
1.418
0.349
0.462
1.857
0.928
0.679
1.029
2.232
2.49
3.892
4.253
2.838
2.351
2.51
2.415
2.155
1.133
1.366
1.007
0.628
0.255
0.112
0.313
1.946
1.251
0.333
0.675
1.798
0.649
1.352
1.05
2.321
1.724
2.842
5.194
3.043
1.754
2.202
2.268
2.155
1.604
1.007
0.684
0.188
0.22
0.147
0.341
1.47
1.758
2.62
2.403
1.404
2.292
2.312
1.203
3.883
3.758
2.184
2.459
1.572
2.385
1.737
1.762
1.385
0.884
0.52
0.281
0.36
0.227
0.103
0.288
1.47
1.758
2.62
3.786
2.346
4.042
2.312
1.354
3.883
4.407
2.184
3.226
2.56
2.375
1.557
1.574
1.561
1.14
1.698
1.276
0.807
0.211
0.133
0.238
1.807
1.276
0.358
0.499
0.909
0.611
1.288
0.992
2.321
1.62
2.853
5.194
2.889
1.828
2.202
2.268
1.832
1.275
1.357
1.038
0.628
0.209
0.155
0.208
1.807
1.757
0.358
0.515
0.909
0.513
1.233
0.985
1.807
1.583
2.735
4.597
2.898
2.572
2.465
2.414
1.861
1.248
1.357
1.057
0.632
0.158
0.164
0.238
2.127
1.686
0.356
0.514
0.937
0.527
1.233
0.665
0.844
1.071
2.661
4.129
2.898
2.632
2.812
2.343
1.886
1.092
1.368
1.108
0.595
0.16
0.164
0.236
1.922
1.301
0.281
0.495
0.965
0.656
1.32
1.164
0.836
1.133
3.133
4.106
2.648
2.42
2.717
2.391
1.907
1.163
1.064
0.816
0.482
0.136
0.168
0.245
1.811
1.512
0.88
0.384
0.915
1.245
0.609
1.162
0.765
1.17
3.034
3.127
3.84
2.673
2.798
2.481
2.021
1.202
0.811
0.728
0.922
0.981
0.138
0.28
0.794
1.337
1.848
3.786
2.346
4.738
1.614
3.343
3.871
4.407
3.031
5.191
3.828
3.417
2.363
2.568
1.642
1.136
0.898
0.77
0.922
0.976
0.123
0.245
0.265
1.065
0.919
2.773
1.59
4.738
1.285
3.061
2.182
1.93
2.991
5.191
3.828
3.417
2.409
2.59
1.642
1.578
1.041
0.785
0.308
0.164
0.137
0.3
1.431
1.558
0.868
0.459
0.375
1.788
1.065
1.162
0.765
1.17
2.992
3.1
3.858
2.653
2.873
2.537
2.021
1.752
1.253
1.001
0.295
0.17
0.135
0.3
1.59
1.134
0.89
0.415
0.41
2.087
1.108
1.107
1.05
1.28
2.992
2.65
4.558
1.973
2.503
2.775
1.954
1.772
1.253
0.992
0.262
0.205
0.116
0.286
1.564
1.363
0.96
1.008
0.918
2.295
1.634
1.734
0.946
1.248
4.14
4.746
5.863
1.954
2.737
3.439
2.94
2.109
1.248
0.923
0.387
0.179
0.138
0.272
2.542
1.988
1.311
1.183
1.002
2.583
2.004
1.716
2.034
1.705
4.034
4.831
5.863
2.129
2.748
3.439
3.043
2.248
1.653
1.178
0.576
0.2
0.133
0.28
2.93
1.725
0.738
1.547
1.517
2.019
2.004
1.681
2.382
2.455
4.232
5.033
4.648
1.854
2.717
3.554
2.981
1.436
0.898
0.827
0.852
0.974
0.135
0.203
0.269
2.282
1.95
2.192
1.731
3.304
1.163
3.544
1.471
1.545
3.8
6.078
4.976
3.13
2.409
2.646
1.803
1.335
0.599
0.514
0.279
0.203
0.157
0.203
0.388
2.207
1.692
1.699
1.738
1.994
1.163
1.471
1.909
1.737
2.57
3.445
4.92
2.127
1.921
1.944
1.983
1.91
1.684
1.183
0.802
0.169
0.157
0.239
2.93
1.826
0.693
1.515
1.467
1.557
1.551
1.787
2.416
2.455
4.352
5.125
4.276
1.725
2.634
3.474
2.981
1.736
1.801
1.272
0.969
0.193
0.132
0.239
2.779
1.83
0.682
1.515
1.535
1.289
1.699
1.807
2.224
2.43
4.352
5.125
3.672
1.693
2.543
3.035
2.883
1.722
1.801
1.272
0.969
0.174
0.189
0.232
1.826
1.506
0.558
1.072
1.211
1.473
1.307
1.195
2.224
2.546
3.267
3.135
2.376
1.693
1.444
1.829
1.805
1.374
1.815
1.254
0.97
0.173
0.207
0.215
0.92
0.97
0.254
0.989
1.089
0.889
0.842
0.642
1.09
2.094
2.668
3.499
2.27
1.616
1.461
1.889
1.556
1.164
2.185
1.3
0.994
0.136
0.24
0.171
0.61
0.867
0.413
0.433
0.53
0.825
0.866
0.632
0.638
1.311
3.095
4.064
3.282
1.852
1.535
1.781
1.598
1.499
1.205
0.935
0.514
0.219
0.157
0.212
0.244
1.836
2.334
1.708
1.738
1.994
0.781
1.441
2.353
2.899
4.247
5.829
4.92
2.112
2.003
1.944
1.983
1.974
1.547
1.246
1.436
0.196
0.232
0.199
0.591
1.008
1.296
1.002
1.754
1.211
1.277
2.148
2.346
2.972
3.681
4.449
2.826
2.981
2.003
1.999
2.038
1.233
1.892
1.043
0.822
0.169
0.229
0.204
0.644
0.752
0.489
0.394
0.546
0.793
0.83
0.455
0.666
2.016
2.995
4.017
3.799
2.082
1.598
1.834
1.545
1.121
1.912
1.119
0.735
0.139
0.249
0.206
0.723
0.655
0.545
0.471
0.434
0.734
0.527
0.321
0.485
2.095
2.968
4.122
3.363
1.991
1.632
1.834
1.59
1.062
1.916
1.119
0.722
0.124
0.229
0.214
0.723
0.789
0.545
0.351
0.206
0.223
0.735
0.452
0.611
1.663
3.01
4.386
3.417
2.091
1.71
1.776
1.492
1.306
1.617
0.862
0.522
0.122
0.233
0.205
0.697
1.542
0.908
0.375
0.361
0.863
1.885
1.605
0.685
1.534
3.286
4.203
3.652
2.014
1.574
1.702
1.534
1.445
1.05
0.89
0.723
0.162
0.185
0.244
0.631
1.542
0.8
0.535
0.411
1.05
1.9
1.696
0.748
1.843
3.467
4.388
2.632
1.848
1.486
1.781
1.68
1.974
1.761
1.654
1.436
0.223
0.177
0.245
0.624
1.039
1.296
1.185
1.948
0.703
1.277
2.055
2.206
2.972
3.681
5.151
2.625
3.175
1.854
1.929
1.587
1.965
1.398
2.121
1.953
0.737
0.24
0.198
0.899
1.157
1.029
0.959
1.948
0.703
1.329
2.787
1.756
1.458
1.808
3.053
3.318
3.175
2.692
1.97
2.668
1.627
1.05
0.884
0.73
0.124
0.231
0.206
0.67
1.496
0.802
0.57
0.454
1.161
1.971
2.534
0.581
1.198
3.361
4.388
3.143
1.627
1.405
1.752
1.705
1.858
0.951
0.836
0.661
0.184
0.224
0.208
1.161
1.486
0.89
0.526
0.475
1.161
1.971
2.547
0.669
1.269
3.309
5.067
3.282
1.627
1.582
1.807
1.669
1.858
0.886
0.865
0.628
0.216
0.206
0.191
1.266
1.468
1.456
1.042
0.523
1.243
1.571
3.74
0.544
1.8
3.881
4.946
3.343
1.545
1.535
1.792
1.75
1.588
0.845
0.889
0.585
0.25
0.165
0.769
1.552
0.81
1.562
1.285
0.367
0.585
0.891
3.624
0.928
2.502
3.931
4.852
3.18
1.575
1.634
1.783
1.776
1.493
0.649
0.537
0.172
0.209
0.202
0.731
1.602
0.92
2.06
1.581
0.324
0.41
0.807
3.612
0.935
2.256
3.51
4.109
4.037
1.676
1.678
1.548
2.042
1.428
1.398
2.121
0.993
0.755
0.17
0.245
0.704
0.747
1.413
1.006
0.9
0.392
2.862
1.39
1.301
3.258
3.843
4.757
3.528
1.959
2.692
1.97
2.544
1.672
1.456
1.562
1.282
0.755
0.211
0.177
0.592
0.747
1.394
1.031
1.636
1.6
3.412
1.453
1.359
3.478
4.143
4.777
3.239
1.896
2.835
1.999
2.725
1.672
0.688
0.537
0.151
0.212
0.186
0.73
1.617
0.92
2.06
1.721
0.377
0.3
0.747
2.828
0.935
2.256
3.485
4.109
3.018
1.59
1.697
2.127
2.247
1.502
0.796
0.706
0.23
0.239
0.253
0.806
1.133
0.935
2.067
1.721
0.418
0.33
1.725
3.007
0.943
2.493
4.38
3.295
3.026
1.944
1.803
2.3
2.309
2.002
1.228
1.002
0.311
0.284
0.316
0.879
1.136
0.798
1.614
1.28
0.506
0.256
2.088
2.056
1.353
2.294
3.517
2.752
2.973
2.048
1.899
2.352
2.397
2.111
1.301
1.028
0.362
0.326
0.354
0.413
0.856
0.59
1.405
2.067
1.536
1.309
2.157
1.352
1.119
1.88
3.472
4.022
3.014
2.299
1.985
2.501
2.397
2.341
1.568
1.507
0.396
0.406
0.38
0.491
0.872
0.723
0.948
1.741
2.169
1.552
2.362
1.491
1.17
1.956
3.169
4.127
2.486
2.307
2.54
2.595
1.983
1.836
1.954
1.13
0.771
0.252
0.138
0.23
0.149
1.049
1.394
1.031
1.552
1.705
3.412
1.018
1.646
3.819
5.369
6.399
3.042
2.255
2.12
2.037
1.854
1.836
1.954
1.13
0.771
0.336
0.211
0.313
0.394
0.767
1.159
1.706
1.737
2.216
2.643
1.725
1.708
2.659
4.154
6.501
3.963
3.214
3.204
2.293
2.349
2.108
1.739
1.946
0.888
0.485
0.414
0.491
0.828
0.813
1.579
1.731
2.282
1.666
3.229
1.957
1.193
1.956
3.264
5.162
3.116
2.55
2.749
3.001
2.193
2.108
1.482
1.563
0.9
0.534
0.385
0.461
0.828
0.832
1.717
2.71
2.386
1.671
2.482
1.83
1.726
2.096
2.538
4.972
3.028
2.364
3.119
2.916
2.266
1.725
1.323
1.712
1.145
0.686
0.325
0.43
0.744
0.832
1.673
3.179
2.784
2.036
2.726
2.159
1.846
1.665
2.142
5.051
3.736
2.446
3.119
2.916
2.237
1.948
1.35
1.981
1.431
0.8
0.296
0.343
0.751
0.775
1.369
2.167
1.969
1.059
2.439
2.107
1.707
2.209
2.111
3.75
4.329
2.409
3.431
2.896
2.265
1.898
1.539
1.816
1.551
0.8
0.246
0.297
0.68
0.462
1.256
2.189
1.355
0.961
2.555
2.409
2.006
2.448
2.124
3.243
3.915
2.503
3.362
3.111
2.994
2.511
1.985
1.43
1.193
0.392
0.261
0.415
0.587
0.745
1.752
3.872
2.033
1.451
2.285
1.725
1.708
2.659
4.154
6.501
4.599
3.642
3.185
2.293
2.137
2.725
1.748
1.325
1.826
0.392
0.261
0.415
0.587
0.803
1.752
3.872
3.206
4.088
3.632
2.715
2.562
4.459
7.846
5.123
4.599
3.642
3.832
3.186
2.541
1.971
1.55
1.838
1.395
0.927
0.206
0.251
0.721
0.522
0.716
2.191
1.267
1.226
2.165
2.073
3.197
3.429
3.302
2.596
3.581
2.202
3.142
2.182
2.698
1.971
1.55
1.838
1.395
0.834
0.194
0.268
0.721
0.417
0.609
1.199
1.124
1.226
2.171
2.816
2.841
3.523
4.246
3.573
4.645
3.069
2.833
2.204
2.725
2.3
1.647
1.822
1.08
0.643
0.201
0.257
0.692
0.401
0.601
0.662
1.085
0.857
1.722
2.399
2.495
3.523
4.246
4.377
4.647
3.149
2.929
2.302
2.75
2.321
1.819
1.85
1.222
0.517
0.172
0.281
0.633
0.578
0.658
0.646
1.077
1.083
1.622
2.348
3.437
3.639
4.239
4.745
4.818
3.299
2.69
2.347
2.725
2.206
1.484
1.716
1.104
0.519
0.169
0.264
0.575
0.594
0.67
0.493
1.029
1.13
1.363
1.914
3.258
3.375
4.106
4.745
4.818
3.043
2.151
1.956
1.853
