0.0
0.0
0.0
0.0
0.0
0.0
0.0
0.0
0.0
0.0
0.0
0.0
0.0
0.0
0.0
0.0
0.0
0.0
0.0
0.0
0.0
0.0
0.0
0.0
0.0
0.0
0.0
0.0
0.0
0.0
0.0
0.0
0.0
0.0
0.0
0.0
0.0
0.0
0.0
0.0
0.0
0.0
0.0
0.0
0.0
0.0
0.0
0.0
0.0
0.0
0.0
0.0
0.0
0.0
0.0
0.0
0.0
0.0
0.0
0.0
0.0
0.0
0.0
0.0
0.0
0.0
0.0
0.0
0.0
0.0
0.0
0.0
0.0
0.0
0.0
0.0
0.0
0.0
0.0
0.0
0.0
0.0
0.0
0.0
0.0
0.0
0.0
0.0
0.0
0.0
0.0
0.0
0.0
0.0
0.0
0.0
0.0
0.0
0.0
0.0
0.0
0.0
0.0
0.0
0.0
0.0
0.0
0.0
0.0
0.0
0.0
0.0
0.0
0.0
0.0
0.0
0.0
0.0
0.0
0.0
0.0
0.0
0.0
0.0
0.0
0.0
0.0
0.0
0.0
0.0
0.0
0.0
0.0
0.0
0.0
0.0
0.0
0.0
0.0
0.0
0.0
0.0
0.0
0.0
0.0
0.0
0.0
0.0
0.0
0.0
0.0
0.0
0.0
0.0
0.0
0.0
0.0
0.0
0.0
0.0
0.0
0.0
0.0
0.0
0.0
0.0
0.0
0.0
0.0
0.0
0.0
0.0
0.0
0.0
0.0
0.0
0.0
0.0
0.0
0.0
0.0
0.0
0.0
0.0
0.0
0.0
0.0
0.0
0.0
0.0
0.0
0.0
0.0
0.0
0.0
0.0
0.0
0.0
0.0
0.0
0.0
0.0
0.0
0.0
0.0
0.0
0.0
0.0
0.0
0.0
0.0
0.0
0.0
0.0
0.0
0.0
0.0
0.0
0.0
0.0
0.0
0.0
0.0
0.0
0.0
0.0
0.0
0.0
0.0
0.0
0.0
0.0
0.0
0.0
0.0
0.0
0.0
0.0
0.0
0.0
0.0
0.0
0.0
0.0
0.0
0.0
0.0
0.0
0.0
0.0
0.0
0.0
0.0
0.0
0.0
0.0
0.0
0.0
0.0
0.0
0.0
0.0
0.0
0.0
0.0
0.0
0.0
0.0
0.0
0.0
0.0
0.0
0.0
0.0
0.0
0.0
0.0
0.0
0.0
0.0
0.0
0.0
0.0
0.0
0.0
0.0
0.0
0.0
0.0
0.0
0.0
0.0
0.0
0.0
0.0
0.0
0.0
0.0
0.0
0.0
0.0
0.0
0.0
0.0
0.0
0.0
0.0
0.0
0.0
0.0
0.0
0.0
0.0
0.0
0.0
0.0
0.0
0.0
0.0
0.0
0.0
0.0
0.0
0.0
0.0
0.0
0.0
0.0
0.0
0.0
0.0
0.0
0.0
0.0
0.0
0.0
0.0
0.0
0.0
0.0
0.0
0.0
0.0
0.0
0.0
0.0
0.0
0.0
0.0
0.0
0.0
0.0
0.0
0.0
0.0
0.0
0.0
0.0
0.0
0.0
0.0
0.0
0.0
0.0
0.0
0.0
0.0
0.0
0.0
0.0
0.0
0.0
0.0
0.0
0.0
0.0
0.0
0.0
0.0
0.0
0.0
0.0
0.0
0.0
0.0
0.0
0.0
0.0
0.0
0.0
0.0
0.0
0.0
0.0
0.0
0.0
0.0
0.0
0.0
0.0
0.0
0.0
0.0
0.0
0.0
0.0
0.0
0.0
0.0
0.0
0.0
0.0
0.0
0.0
0.0
0.0
0.0
0.0
0.0
0.0
0.0
0.0
0.0
0.0
0.0
0.0
0.0
0.0
0.0
0.0
0.0
0.0
0.0
0.0
0.0
0.0
0.0
0.0
0.0
0.0
0.0
0.0
0.0
0.0
0.0
0.0
0.0
0.0
0.0
0.0
0.0
0.0
0.0
0.0
0.0
0.0
0.0
0.0
0.0
0.0
0.0
0.0
0.0
0.0
0.0
0.0
0.0
0.0
0.0
0.0
0.0
0.0
0.0
0.0
0.0
0.0
0.0
0.0
0.0
0.0
0.0
0.0
0.0
0.0
0.0
0.0
0.0
0.0
0.0
0.0
0.0
0.0
0.0
0.0
0.0
0.0
0.0
0.0
0.0
0.0
0.0
0.0
0.0
0.0
0.0
0.0
0.0
0.0
0.0
0.0
0.0
0.0
0.0
0.0
0.0
0.0
0.0
0.0
0.0
0.0
0.0
0.0
0.0
0.0
0.0
0.0
0.0
0.0
0.0
0.0
0.0
0.0
0.0
0.0
0.0
0.0
0.0
0.0
0.0
0.0
0.0
0.0
0.0
0.0
0.0
0.0
0.0
0.0
0.0
0.0
0.0
0.0
0.0
0.0
0.0
0.0
0.0
0.0
0.0
0.0
0.0
0.0
0.0
0.0
0.0
0.0
0.0
0.0
0.0
0.0
0.0
0.0
0.0
0.0
0.0
0.0
0.0
0.0
0.0
0.0
0.0
0.0
0.0
0.0
0.0
0.0
0.0
0.0
0.0
0.0
0.0
0.0
0.0
0.0
0.0
0.0
0.0
0.0
0.0
0.0
0.0
0.0
0.0
0.0
0.0
0.0
0.0
0.0
0.0
0.0
0.0
0.0
0.0
0.0
0.0
0.0
0.0
0.0
0.0
0.0
0.0
0.0
0.0
0.0
0.0
0.0
0.0
0.0
0.0
0.0
0.0
0.0
0.0
0.0
0.0
0.0
0.0
0.0
0.0
0.0
0.0
0.0
0.0
0.0
0.0
0.0
0.0
0.0
0.0
0.0
0.0
0.0
0.0
0.0
0.0
0.0
0.0
0.0
0.0
0.0
0.0
0.0
0.0
0.0
0.0
0.0
0.0
0.0
0.0
0.0
0.0
0.0
0.0
0.0
0.0
0.0
0.0
0.0
0.0
0.0
0.0
0.0
0.0
0.0
0.0
0.0
0.0
0.0
0.0
0.0
0.0
0.0
0.0
0.0
0.0
0.0
0.0
0.0
0.0
0.0
0.0
0.0
0.0
0.0
0.0
0.0
0.0
0.0
0.0
0.0
0.0
0.0
0.0
0.0
0.0
0.0
0.0
0.0
0.0
0.0
0.0
0.0
0.0
0.0
0.0
0.0
0.0
0.0
0.0
0.0
0.0
0.0
0.0
0.0
0.0
0.0
0.0
0.0
0.0
0.0
0.0
0.0
0.0
0.0
0.0
0.0
0.0
0.0
0.0
0.0
0.0
0.0
0.0
0.0
0.0
0.0
0.0
0.0
0.0
0.0
0.0
0.0
0.0
0.0
0.0
0.0
0.0
0.0
0.0
0.0
0.0
0.0
0.0
0.0
0.0
0.0
0.0
0.0
0.0
0.0
0.0
0.0
0.0
0.0
0.0
0.0
0.0
0.0
0.0
0.0
0.0
0.0
0.0
0.0
0.0
0.0
0.0
0.0
0.0
0.0
0.0
0.0
0.0
0.0
0.0
0.0
0.0
0.0
0.0
0.0
0.0
0.0
0.0
0.0
0.0
0.0
0.0
0.0
0.0
0.0
0.0
0.0
0.0
0.0
0.0
0.0
0.0
0.0
0.0
0.0
0.0
0.0
0.0
0.0
0.0
0.0
0.0
0.0
0.0
0.0
0.0
0.337
0.154
0.149
0.158
0.148
3.493
0.356
0.155
0.159
0.536
1.042
0.566
0.966
1.622
2.173
1.674
1.693
1.51
0.917
0.83
1.017
1.293
0.702
0.406
0.229
0.154
0.155
0.157
0.15
3.617
0.356
0.153
0.174
0.533
0.995
1.234
1.324
1.564
1.448
1.632
1.648
1.518
0.718
1.254
1.023
0.946
0.692
0.315
0.217
0.152
0.151
0.151
0.152
3.453
0.348
0.148
0.169
0.31
0.572
1.395
1.268
1.494
1.8
1.813
0.584
0.913
0.718
1.254
0.988
0.928
0.59
0.326
0.209
0.146
0.151
0.142
0.154
3.453
0.283
0.153
0.169
0.209
0.73
1.557
1.503
1.235
1.869
1.72
0.584
0.787
1.269
1.314
1.082
0.857
0.617
0.543
0.423
0.318
0.321
0.334
0.354
1.013
0.248
0.174
0.171
0.311
0.392
0.738
0.356
0.519
1.56
2.589
0.886
1.642
1.097
1.249
0.807
1.984
0.456
0.543
0.423
0.399
0.314
0.305
0.231
1.005
0.248
0.221
0.668
0.366
0.699
0.878
0.461
0.623
1.117
1.809
2.056
0.667
0.589
4.196
0.673
1.941
0.546
0.313
0.254
0.14
0.159
0.136
0.154
3.526
0.279
0.159
0.164
0.274
0.395
1.839
1.503
0.964
1.869
1.72
0.577
0.644
1.067
1.249
1.082
0.857
0.565
0.329
0.259
0.143
0.145
0.145
0.148
3.56
0.223
0.394
0.59
0.344
0.393
1.839
1.498
0.964
1.639
1.091
0.953
0.592
1.136
1.619
2.021
1.174
0.566
0.315
0.254
0.151
0.139
0.143
0.147
3.49
0.402
0.391
0.579
0.344
0.396
0.971
0.629
0.727
1.213
0.885
1.9
0.526
1.213
1.2
1.959
1.155
0.698
0.34
0.238
0.142
0.147
0.136
0.146
3.472
0.684
0.392
0.579
0.34
0.377
0.733
0.394
0.377
0.348
0.438
1.813
0.761
1.294
1.387
2.395
1.764
0.726
0.31
0.238
0.147
0.14
0.142
0.141
3.456
0.778
0.386
0.587
0.33
0.199
0.53
0.161
0.348
0.161
0.541
1.982
0.745
0.705
1.098
3.08
1.873
0.692
0.576
0.569
0.533
0.531
0.518
0.359
0.149
0.156
0.207
0.668
0.336
1.046
0.458
0.45
0.623
1.117
1.866
2.056
0.667
0.96
4.196
0.819
0.79
0.609
0.695
0.593
0.478
0.357
0.379
0.279
0.149
0.22
0.215
0.647
0.291
1.046
0.956
0.634
0.491
0.44
1.574
1.724
0.56
2.762
4.256
1.666
0.683
0.671
0.316
0.15
0.154
0.141
0.14
0.14
3.709
0.902
0.383
0.587
0.264
0.169
0.13
0.159
0.152
0.185
0.8
1.982
0.745
0.705
1.886
4.072
1.903
0.77
0.375
0.146
0.156
0.149
0.131
0.147
3.775
0.902
0.153
0.155
0.192
0.405
0.148
0.154
0.467
0.956
0.953
1.567
0.797
0.658
2.385
3.208
1.569
0.656
0.375
0.142
0.159
0.151
0.133
0.149
3.886
0.736
0.15
0.157
0.277
0.63
0.387
0.156
0.517
1.384
1.292
0.734
1.077
1.69
2.395
3.208
1.569
0.575
0.334
0.158
0.159
0.153
0.132
0.148
4.052
0.396
0.15
0.214
0.55
0.627
0.391
0.153
0.937
1.881
1.589
0.786
0.836
2.436
2.637
2.801
1.166
0.563
0.352
0.162
0.16
0.154
0.129
0.158
4.052
0.314
0.156
0.343
0.553
0.62
0.446
0.445
1.299
2.283
1.517
0.624
0.829
2.473
2.686
2.146
1.059
0.654
0.824
0.695
0.676
0.46
0.378
0.301
0.155
0.22
0.167
0.143
0.506
1.086
1.769
1.701
1.938
1.107
1.574
0.567
0.633
2.762
1.208
1.677
1.235
0.729
0.824
0.695
0.527
0.339
0.187
0.153
0.182
0.414
0.169
0.152
1.001
0.665
1.769
1.701
2.023
1.189
1.565
1.34
0.637
2.612
1.111
1.677
1.565
0.729
0.325
0.166
0.152
0.156
0.129
0.159
3.754
0.193
0.158
0.343
0.553
0.839
0.678
0.571
1.526
2.283
1.43
0.946
2.028
2.473
1.953
1.209
1.036
0.566
0.289
0.164
0.152
0.15
0.139
0.156
3.712
0.189
0.159
0.34
0.503
0.596
0.667
0.575
1.261
1.833
1.755
1.607
2.589
2.618
1.124
1.179
0.956
0.615
0.34
0.17
0.149
0.157
0.137
0.157
3.629
0.181
0.161
0.343
0.422
0.369
0.433
0.575
1.212
1.412
1.701
2.235
2.66
1.573
1.138
1.082
1.071
0.623
0.344
0.152
0.163
0.153
0.15
0.153
3.663
0.175
0.164
0.285
0.152
0.371
0.438
0.575
0.792
0.919
2.072
2.223
2.539
1.095
0.768
1.043
0.818
0.585
0.324
0.151
0.157
0.152
0.148
0.151
3.715
0.172
0.164
0.148
0.148
0.379
0.388
0.281
0.414
0.492
1.879
2.239
2.955
1.569
0.697
0.909
0.824
0.503
0.629
0.605
0.527
0.339
0.187
0.153
0.182
0.341
0.178
0.572
1.001
0.712
2.118
1.781
2.574
1.722
0.995
1.34
0.798
1.891
0.562
0.773
1.565
0.624
0.318
0.596
0.391
0.342
0.24
0.161
0.179
0.344
0.661
0.905
0.788
0.82
1.535
0.693
1.131
1.614
0.792
1.327
0.74
3.229
0.546
0.849
1.801
0.462
0.332
0.147
0.162
0.147
0.162
0.147
3.779
0.174
0.165
0.155
0.16
0.27
0.227
0.218
0.198
0.435
3.177
2.587
2.087
1.569
0.695
0.909
0.824
0.503
0.304
0.147
0.16
0.151
0.152
0.151
3.721
0.185
0.16
0.164
0.152
0.275
0.225
0.217
0.202
0.432
2.755
2.267
1.489
1.353
0.709
0.927
1.186
0.579
0.406
0.148
0.162
0.146
0.156
0.149
3.605
0.183
0.158
0.156
0.318
0.284
0.325
0.252
0.636
0.948
3.043
1.74
1.117
1.246
1.253
1.399
1.108
0.588
0.406
0.161
0.157
0.15
0.144
0.155
3.563
0.241
0.155
0.15
0.322
0.371
0.41
0.341
0.695
1.71
2.448
1.74
1.138
0.93
1.547
1.454
1.32
0.608
0.385
0.173
0.164
0.159
0.156
0.152
3.72
0.267
0.299
0.405
0.734
0.369
0.718
0.363
0.794
2.193
2.632
1.701
0.753
0.51
1.707
1.488
1.297
0.708
0.285
0.596
0.565
0.258
0.211
0.171
0.142
0.157
0.661
0.905
0.324
1.917
1.481
1.257
1.508
1.614
0.464
0.554
0.74
3.229
0.652
0.852
1.534
0.458
0.417
0.738
0.565
0.263
0.257
0.171
0.147
0.157
0.65
0.485
0.29
1.917
0.895
1.862
1.281
1.598
0.436
2.739
0.592
2.835
0.749
0.911
1.475
0.562
0.485
0.224
0.167
0.165
0.149
0.152
3.447
0.272
0.297
0.4
1.464
0.77
0.741
0.324
0.8
2.001
1.408
1.118
0.69
1.227
2.574
1.488
1.297
0.759
0.505
0.24
0.172
0.169
0.163
0.158
3.06
0.376
0.306
0.399
1.467
0.836
1.126
0.601
0.8
2.307
1.513
0.794
1.111
1.483
2.574
1.341
0.963
0.669
0.367
0.24
0.174
0.169
0.164
0.155
3.16
0.379
0.305
0.404
1.499
0.837
1.121
0.657
0.598
1.961
1.571
0.61
1.158
1.483
2.081
0.851
0.874
0.707
0.47
0.278
0.174
0.16
0.167
0.148
3.337
0.334
0.304
0.41
1.612
1.041
1.104
0.805
0.575
1.892
1.841
0.738
1.183
1.501
1.993
0.803
0.719
0.852
0.599
0.284
0.171
0.151
0.161
0.142
3.487
0.356
0.157
0.519
1.628
1.041
0.848
0.894
0.909
1.768
2.011
0.747
1.356
1.503
1.914
1.659
1.334
0.802
0.689
0.633
0.456
0.177
0.232
0.221
0.244
0.386
0.396
0.375
0.462
1.546
1.186
2.922
2.622
2.039
1.042
3.458
0.97
1.861
1.793
0.634
0.65
0.698
0.689
0.635
0.216
0.161
0.232
0.214
0.249
0.37
0.396
0.403
0.502
1.184
1.559
2.922
2.568
2.039
1.08
3.458
1.218
1.18
1.793
3.872
0.578
0.698
0.512
0.404
0.165
0.143
0.161
0.141
3.879
0.361
0.163
0.52
0.894
0.572
0.756
0.894
0.859
2.141
2.011
0.731
1.302
0.866
1.095
1.775
1.273
0.717
0.526
0.386
0.161
0.139
0.154
0.137
3.879
0.348
0.151
0.521
0.891
0.501
0.607
0.716
1.314
2.599
1.985
0.865
0.947
0.996
1.896
1.937
1.293
0.735
0.526
0.389
0.151
0.155
0.148
0.138
3.979
0.434
0.156
0.521
0.725
1.086
1.019
0.629
1.137
2.599
1.438
0.904
0.984
0.996
1.878
2.0
1.72
0.644
0.43
0.446
0.142
0.16
0.137
0.147
3.728
0.44
0.201
0.523
0.603
0.846
0.966
1.087
1.137
2.681
1.343
0.92
1.068
1.01
1.803
2.042
1.834
0.532
0.333
0.433
0.14
0.16
0.141
0.143
3.492
0.429
0.204
0.163
0.171
1.243
1.01
1.403
1.28
3.078
1.355
0.956
0.957
1.021
1.927
1.295
1.495
0.638
0.615
0.564
0.166
0.238
0.243
0.338
0.249
0.396
0.393
0.403
0.544
1.384
1.559
2.18
2.242
2.107
1.701
1.437
1.218
0.534
1.699
4.873
1.167
0.783
0.497
0.635
0.258
0.31
0.274
0.261
0.166
0.159
0.149
0.186
0.45
2.375
1.025
0.893
0.534
1.719
2.997
1.336
0.623
0.518
0.672
4.873
1.12
0.573
0.384
0.321
0.141
0.167
0.136
0.154
3.51
0.429
0.201
0.161
0.174
1.239
1.087
1.403
1.33
2.983
1.355
0.956
1.242
1.224
1.927
1.26
1.495
0.749
0.419
0.328
0.141
0.169
0.137
0.152
3.51
0.336
0.207
0.152
0.268
1.24
0.764
1.358
1.293
2.484
1.964
0.983
1.247
1.441
1.569
1.119
1.446
0.757
0.494
0.333
0.147
0.161
0.136
0.152
3.583
0.257
0.207
0.229
0.233
0.687
0.483
1.463
1.277
2.608
2.018
0.893
1.247
1.456
1.555
1.148
1.378
0.81
0.603
0.238
0.151
0.155
0.146
0.143
3.73
0.253
0.16
0.229
0.234
0.681
0.488
1.057
1.489
2.298
2.058
0.808
1.254
1.456
1.427
1.154
1.209
0.769
0.603
0.241
0.145
0.155
0.147
0.143
3.526
0.225
0.159
0.225
0.234
0.549
0.808
0.892
1.063
1.882
1.769
0.799
1.487
2.033
1.383
1.037
0.945
0.638
0.408
0.485
0.274
0.31
0.274
0.261
0.152
0.172
0.14
0.158
0.534
1.862
1.486
1.513
1.484
2.511
2.997
1.257
0.358
0.513
1.509
1.854
1.26
0.661
0.408
0.7
0.504
0.218
0.221
0.138
0.155
0.155
0.142
0.434
0.641
2.081
1.53
1.513
2.705
3.057
3.682
1.257
0.806
1.362
1.509
0.673
0.441
0.457
0.585
0.191
0.147
0.145
0.159
0.132
3.563
0.225
0.161
0.228
0.276
0.549
0.736
0.899
1.038
1.693
1.769
0.9
1.109
1.932
1.501
1.025
0.955
0.545
0.607
0.189
0.155
0.138
0.16
0.135
3.57
0.294
0.152
0.237
0.183
0.578
0.94
0.899
0.86
1.61
1.062
0.657
1.087
1.538
1.114
1.164
1.055
0.574
0.534
0.183
0.149
0.139
0.165
0.133
3.579
0.293
0.158
0.155
0.193
0.532
0.799
0.817
1.32
1.643
1.284
0.729
1.088
1.521
1.05
1.08
1.177
0.619
0.39
0.174
0.145
0.143
0.159
0.138
3.391
0.29
0.165
0.691
0.304
0.48
0.788
0.599
1.09
1.648
1.123
0.798
1.03
1.573
1.119
1.136
1.278
0.645
0.411
0.166
0.147
0.146
0.182
0.138
3.531
0.289
0.162
0.699
0.307
0.817
1.005
1.225
1.367
1.65
1.217
0.748
0.806
1.109
1.068
1.259
1.324
0.745
0.376
0.654
0.441
0.151
0.155
0.149
0.15
0.155
0.166
0.5
0.641
1.164
2.09
2.636
3.425
3.057
1.886
0.64
0.806
2.353
2.955
1.32
0.796
0.534
0.583
0.654
0.423
0.152
0.142
0.149
0.152
0.14
0.174
0.5
1.972
2.055
1.09
1.922
3.425
2.563
2.462
3.217
0.915
2.353
2.232
1.103
1.001
0.619
0.356
0.165
0.141
0.148
0.177
0.139
3.449
0.377
0.154
0.694
0.258
0.83
1.158
1.175
1.483
1.749
1.379
0.673
0.778
1.793
1.031
1.339
1.324
0.745
0.247
0.16
0.143
0.148
0.183
0.129
3.424
0.313
0.159
0.684
0.266
0.812
1.287
1.398
1.22
2.201
1.54
1.057
0.804
1.712
1.049
1.561
1.225
0.769
0.22
0.16
0.147
0.149
0.179
0.136
3.147
0.298
0.157
0.737
0.266
0.812
1.288
1.445
0.726
1.97
1.788
1.038
0.775
1.77
1.154
1.561
1.049
0.643
0.286
0.183
0.147
0.15
0.178
0.14
3.375
0.302
0.148
0.192
0.16
1.395
1.288
1.411
0.713
1.971
1.776
1.352
1.025
1.869
1.268
1.523
1.085
0.658
0.25
0.177
0.149
0.148
0.149
0.14
3.142
0.775
0.262
0.191
0.157
0.788
0.707
0.515
0.287
1.895
1.776
1.793
0.939
1.756
1.263
1.378
1.124
0.556
0.583
0.536
0.276
0.181
0.138
0.14
0.153
0.132
0.174
0.218
1.936
1.912
1.249
1.91
2.706
2.56
2.747
3.743
1.125
1.787
2.254
1.229
1.057
0.642
0.494
0.563
0.276
0.181
0.138
0.132
0.152
0.143
0.146
0.142
2.385
2.042
0.514
0.535
1.104
2.56
2.774
3.743
1.125
1.423
0.878
0.892
1.057
0.789
0.369
0.176
0.147
0.147
0.145
0.137
3.605
0.759
0.262
0.192
0.163
0.767
0.554
0.484
0.159
1.91
1.549
1.793
1.114
1.644
1.263
1.288
1.124
0.556
0.236
0.181
0.143
0.147
0.184
0.325
3.134
0.758
0.257
0.194
0.163
0.715
0.366
0.33
0.257
1.344
1.257
1.426
1.082
2.087
1.164
1.23
1.235
0.545
0.41
0.281
0.16
0.16
0.207
0.337
2.511
1.334
0.264
0.148
0.165
0.824
0.492
0.349
0.26
1.631
1.28
1.502
1.229
2.139
1.604
1.682
1.166
0.923
0.497
0.358
0.184
0.163
0.211
0.332
1.634
1.932
0.264
0.153
0.16
0.32
0.699
0.616
0.531
1.245
1.537
1.267
1.054
2.348
2.001
1.893
1.304
1.025
0.528
0.367
0.186
0.161
0.211
0.35
1.376
2.283
0.234
0.152
0.166
0.319
1.116
0.824
0.531
1.245
1.862
1.185
1.252
2.348
2.182
2.039
1.298
1.148
0.737
0.614
0.462
0.18
0.143
0.141
0.144
0.159
0.128
0.158
1.191
1.105
0.844
0.648
0.687
2.788
2.774
1.569
1.268
3.081
1.471
0.892
1.005
0.789
0.571
0.663
0.425
0.159
0.143
0.152
0.127
0.162
0.121
0.157
1.191
0.806
2.627
1.035
0.606
3.131
1.213
1.318
0.975
3.594
2.464
0.839
0.603
0.589
0.571
0.435
0.193
0.181
0.211
0.357
0.217
2.945
0.241
0.155
0.162
0.327
1.116
0.824
0.524
0.875
1.989
1.185
1.265
1.81
2.182
2.039
1.327
1.19
0.737
0.481
0.193
0.18
0.174
0.172
0.177
2.945
0.295
0.158
0.157
0.328
1.0
0.786
0.431
0.746
2.188
1.294
1.367
1.495
2.272
1.901
1.32
1.19
0.653
0.392
0.18
0.165
0.156
0.158
0.165
3.381
0.314
0.158
0.147
0.42
0.917
0.846
0.515
0.415
2.016
1.335
1.312
1.436
1.649
1.511
1.223
1.191
0.702
0.349
0.184
0.166
0.15
0.157
0.167
3.307
0.314
0.161
0.149
0.338
0.82
0.665
1.088
1.012
1.734
1.315
1.281
1.261
1.201
1.305
1.151
1.104
0.7
0.349
0.184
0.173
0.151
0.153
0.158
3.128
0.235
0.165
0.144
0.387
0.401
0.452
1.088
1.084
1.584
1.472
1.109
1.876
0.968
1.118
1.185
1.156
0.747
0.611
0.425
0.387
0.456
0.23
0.219
0.162
0.139
0.165
0.495
0.305
3.321
1.568
2.427
3.131
0.82
1.185
0.975
3.594
2.464
0.78
0.481
0.903
0.829
0.649
0.411
0.408
0.456
0.23
0.219
0.149
0.146
0.153
0.137
0.299
3.321
1.568
2.404
2.692
0.656
0.803
1.253
4.825
4.0
0.78
0.481
0.903
0.631
0.385
0.255
0.154
0.155
0.146
0.155
3.022
0.228
0.353
0.207
0.398
0.434
0.448
1.117
1.221
1.534
1.472
0.95
2.079
1.148
1.092
1.104
1.133
0.795
0.367
0.249
0.154
0.152
0.148
0.154
3.225
0.175
0.352
0.203
0.824
0.617
0.448
1.11
1.221
1.527
1.678
0.709
2.151
2.136
1.255
1.154
1.233
0.898
0.411
0.252
0.146
0.147
0.142
0.146
2.837
0.142
0.346
0.203
0.625
1.015
1.051
1.724
1.154
1.295
1.627
0.782
2.151
2.165
1.277
1.291
1.168
0.941
0.503
0.233
0.134
0.147
0.15
0.141
2.837
0.147
0.339
0.286
0.69
0.897
0.968
0.915
0.507
2.401
1.993
0.813
2.1
2.145
1.223
1.173
1.206
0.941
0.503
0.232
0.13
0.15
0.145
0.141
2.886
0.242
0.338
0.289
0.842
1.03
1.44
0.91
0.733
2.645
1.541
0.959
1.507
2.184
1.441
1.377
1.304
0.959
0.45
0.5
0.411
0.667
0.376
0.221
0.133
0.146
0.146
0.133
0.657
1.788
1.671
2.574
2.516
1.5
1.049
1.219
4.114
3.166
0.979
0.827
1.353
0.829
0.538
0.5
0.214
0.361
0.297
0.136
0.13
0.135
0.13
0.123
0.657
1.316
1.202
0.726
2.664
2.011
1.835
2.604
4.781
3.166
0.784
0.598
0.691
0.45
0.527
0.265
0.118
0.135
0.134
0.129
3.028
0.242
0.144
0.225
0.882
0.999
1.378
0.933
0.594
2.645
1.657
1.234
1.453
2.166
1.474
1.494
1.304
0.949
0.555
0.262
0.116
0.119
0.126
0.125
2.926
0.25
0.144
0.228
0.527
0.878
1.614
0.937
0.64
2.945
1.445
1.279
1.424
1.194
1.246
1.511
1.335
0.903
0.538
0.328
0.124
0.119
0.131
0.128
3.105
0.264
0.152
0.322
0.527
0.841
0.895
0.309
0.649
3.024
1.545
1.277
1.446
1.194
1.246
1.411
1.35
0.815
0.443
0.316
0.132
0.119
0.12
0.129
3.383
0.282
0.157
0.293
0.47
0.841
0.895
0.27
0.63
1.76
1.693
1.328
1.446
1.277
1.383
1.353
1.294
0.89
0.443
0.323
0.131
0.118
0.11
0.13
3.545
0.211
0.15
0.38
0.274
0.785
0.424
0.315
0.376
1.466
1.99
1.648
1.741
1.283
1.179
1.195
1.086
0.894
0.336
0.48
0.376
0.39
0.293
0.135
0.141
0.142
0.137
0.137
1.128
1.325
1.868
1.109
2.664
2.011
2.375
3.225
1.966
1.106
1.045
1.063
1.063
1.052
0.504
0.367
0.339
0.163
0.135
0.119
0.158
0.133
0.127
0.168
0.846
1.486
1.498
0.992
1.682
2.731
2.375
3.225
2.343
1.118
0.809
0.917
0.7
1.101
0.513
0.214
0.131
0.125
0.11
0.133
3.405
0.211
0.149
0.802
0.299
0.821
0.425
0.267
0.38
1.434
1.872
1.725
1.741
1.231
1.151
1.129
1.11
0.954
0.504
0.214
0.124
0.121
0.11
0.131
3.52
0.21
0.147
0.802
0.223
1.126
0.776
0.312
0.428
1.235
1.968
1.751
1.642
1.896
1.265
1.018
1.097
0.955
0.472
0.137
0.129
0.137
0.114
0.136
3.505
0.206
0.138
0.706
0.332
0.66
0.728
0.237
0.341
2.071
1.987
1.751
1.7
1.999
1.336
1.101
0.937
0.984
0.526
0.154
0.123
0.135
0.119
0.132
3.385
0.209
0.173
0.651
0.392
0.757
0.73
0.239
0.341
2.517
1.43
1.755
1.932
1.933
1.173
1.242
0.966
0.98
0.534
0.155
0.131
0.131
0.124
0.127
3.3
0.262
0.175
0.657
0.644
0.689
0.728
0.195
1.211
4.35
1.315
1.508
1.779
1.93
1.173
1.284
0.96
0.873
0.672
0.531
0.42
0.186
0.135
0.136
0.158
0.135
0.146
0.168
1.178
1.486
2.517
1.782
2.617
2.854
1.611
1.877
1.594
1.307
2.253
1.325
1.125
1.296
0.792
0.756
0.243
0.143
0.134
0.137
0.158
0.13
0.139
0.148
0.763
1.23
1.858
3.262
3.412
2.854
0.773
2.549
1.614
1.415
3.249
1.152
0.849
0.941
0.393
0.152
0.141
0.137
0.132
0.134
3.408
0.262
0.18
0.336
0.566
0.653
0.726
0.187
1.182
4.35
1.315
1.44
1.816
1.939
1.226
1.275
1.084
0.837
0.433
0.167
0.145
0.139
0.134
0.134
3.484
0.274
0.321
0.496
0.694
0.528
0.136
0.138
1.066
3.871
1.177
1.719
2.202
1.22
1.069
1.343
0.994
0.825
0.433
0.167
0.143
0.137
0.137
0.139
3.48
0.265
0.321
0.496
0.58
0.52
0.131
0.142
1.065
2.705
1.089
1.825
2.202
1.245
1.038
1.446
1.568
0.955
0.336
0.157
0.144
0.138
0.139
0.138
3.398
0.247
0.282
0.497
0.526
0.417
0.133
0.141
1.066
2.179
0.999
2.322
2.104
1.294
1.137
1.407
1.529
0.919
0.355
0.156
0.143
0.136
0.137
0.137
3.411
0.183
0.283
0.403
0.272
0.416
0.131
0.14
0.147
0.191
1.444
2.431
2.606
1.398
1.178
1.309
1.682
0.885
0.792
0.756
0.275
0.256
0.327
0.148
0.217
0.142
0.139
0.115
1.777
1.713
2.186
3.496
3.412
1.837
0.793
2.813
2.047
1.533
3.249
1.229
1.072
1.112
0.714
0.667
0.214
0.237
0.346
0.145
0.217
0.154
0.13
0.758
2.176
2.651
1.824
3.649
2.211
1.051
1.93
2.813
2.047
1.533
1.942
0.891
0.642
0.864
0.341
0.155
0.143
0.135
0.136
0.132
3.266
0.192
0.321
0.299
0.27
0.414
0.505
0.529
0.163
0.25
1.39
2.431
2.689
1.406
1.588
1.956
1.637
0.917
0.383
0.17
0.143
0.137
0.141
0.136
3.037
0.175
0.179
0.503
0.244
0.139
0.513
0.545
0.338
0.957
1.875
2.238
2.302
1.746
1.976
2.17
1.82
0.905
0.402
0.168
0.14
0.134
0.136
0.13
2.944
0.19
0.244
0.502
0.244
0.641
0.64
0.733
0.357
1.278
1.966
2.17
2.319
2.343
2.804
2.207
1.186
0.675
0.472
0.181
0.129
0.125
0.132
0.123
3.089
0.21
0.244
0.502
0.389
0.638
0.639
0.808
0.45
2.257
2.121
1.616
2.404
2.409
2.872
2.235
1.194
0.746
0.466
0.175
0.122
0.129
0.136
0.125
3.089
0.22
0.244
0.501
0.532
1.077
0.753
0.833
0.45
2.535
1.654
1.611
2.433
2.575
2.872
2.235
1.144
0.822
0.643
0.784
0.23
0.243
0.346
0.152
0.219
0.156
0.131
0.767
2.268
2.651
1.824
2.81
2.425
1.841
2.489
1.412
2.174
1.565
1.187
0.921
0.825
0.879
0.643
1.053
0.199
0.14
0.167
0.142
0.151
0.156
0.131
0.767
1.985
2.24
1.452
2.354
2.054
1.751
2.489
2.532
2.74
1.426
1.358
0.771
0.598
0.655
0.528
0.319
0.144
0.141
0.141
0.129
3.109
0.216
0.202
0.501
0.532
1.075
0.434
0.531
0.468
2.535
1.769
2.406
2.181
2.575
2.462
1.583
1.073
0.731
0.398
0.288
0.135
0.231
0.133
0.123
3.109
0.316
0.3
0.234
0.523
1.116
0.432
0.531
0.291
2.249
1.516
2.406
2.244
2.273
2.404
2.022
0.934
0.757
0.376
0.287
0.157
0.229
0.133
0.12
3.138
0.389
0.236
0.234
0.52
1.036
0.307
0.606
0.268
2.547
1.665
2.371
2.187
1.663
1.628
1.876
1.133
0.928
0.319
0.359
0.163
0.236
0.136
0.125
3.374
0.478
0.335
0.331
0.471
1.352
0.667
1.014
0.208
1.936
1.748
2.482
2.056
1.606
1.655
2.042
1.271
0.954
0.414
0.359
0.159
0.228
0.128
0.12
3.427
0.477
0.368
0.328
0.394
1.109
0.749
1.291
0.239
1.713
1.843
2.272
1.481
1.336
1.661
2.042
1.091
0.842
0.545
1.053
0.248
0.143
0.152
0.142
0.141
0.136
0.131
0.131
1.102
1.814
1.406
1.166
2.054
1.971
1.68
3.068
2.74
1.437
1.464
1.07
0.982
0.579
0.41
0.911
0.235
0.273
0.154
0.127
0.126
0.136
0.137
0.114
0.127
1.273
1.669
1.161
2.135
1.763
1.906
3.068
2.971
1.756
1.375
1.113
0.912
0.575
0.354
0.236
0.142
0.22
0.123
0.115
3.438
0.477
0.367
0.328
0.395
1.123
0.7
1.28
0.31
1.684
1.82
1.365
1.481
1.379
1.874
2.023
1.169
0.842
0.472
0.236
0.142
0.122
0.154
0.166
3.438
0.375
0.267
0.337
0.297
1.123
0.7
1.28
0.41
1.751
1.889
1.41
1.445
1.334
1.572
1.445
1.342
0.959
0.472
0.236
0.114
0.124
0.154
0.166
3.247
0.38
0.401
0.355
0.294
0.766
1.198
1.336
0.521
1.891
2.176
1.56
1.416
1.442
2.395
1.393
1.058
0.784
0.833
0.499
0.122
0.116
0.148
0.161
2.649
0.257
0.298
0.382
0.506
0.723
1.047
0.903
0.683
1.684
2.001
1.403
2.02
1.444
2.353
1.264
1.025
0.882
0.968
0.54
0.14
0.116
0.145
0.161
1.785
0.225
0.261
0.382
0.938
0.963
1.289
0.983
1.089
2.198
1.787
1.45
1.902
1.44
2.338
1.216
0.996
0.839
0.374
0.594
0.235
0.273
0.134
0.119
0.123
0.128
0.142
0.115
0.122
1.264
2.383
1.78
3.47
3.221
2.016
2.123
3.167
1.999
1.401
2.035
1.108
0.696
0.743
0.57
0.238
0.264
0.133
0.117
0.119
0.133
0.142
0.114
0.243
1.253
2.843
1.78
3.47
3.221
2.936
3.23
3.167
1.999
1.059
1.883
0.837
0.696
1.167
0.55
0.143
0.134
0.143
0.161
1.018
0.225
0.259
0.439
1.498
1.927
1.318
1.013
1.083
2.198
1.765
1.44
1.852
1.368
2.265
1.448
1.195
1.036
1.21
0.674
0.228
0.15
0.12
0.115
0.592
0.216
0.261
0.333
1.502
1.986
1.687
1.358
1.227
1.921
1.621
1.54
1.869
1.43
2.969
1.484
1.038
0.947
1.21
0.728
0.243
0.245
0.132
0.123
0.121
0.12
0.127
0.316
1.517
1.986
1.323
1.374
1.357
1.93
0.891
1.09
1.61
1.336
2.247
1.62
1.276
1.111
1.053
0.549
0.389
0.253
0.14
0.128
0.127
0.121
0.127
0.184
1.262
1.966
1.27
1.48
1.489
2.191
1.172
1.82
1.388
1.31
2.495
1.605
1.204
1.086
0.949
0.59
0.416
0.253
0.144
0.137
0.143
0.124
0.127
0.19
0.781
2.107
2.333
1.623
1.066
1.639
0.952
1.522
1.162
1.259
2.495
1.605
1.204
1.086
0.702
0.667
0.473
0.207
0.127
0.125
0.119
0.115
0.131
0.144
0.927
1.253
2.843
2.342
2.212
2.69
3.563
4.493
2.846
1.498
1.241
2.071
1.776
0.928
0.714
0.667
0.473
0.207
0.137
0.135
0.118
0.132
0.227
0.158
0.927
0.572
2.29
2.428
1.39
1.869
3.563
4.493
1.365
1.571
1.687
0.865
1.442
0.744
0.821
0.59
0.416
0.241
0.144
0.137
0.148
0.124
0.122
0.136
0.221
1.2
2.333
1.623
1.066
1.702
1.127
1.762
1.45
1.277
2.279
1.348
0.891
0.858
0.786
0.491
0.34
0.232
0.139
0.137
0.718
0.241
0.224
0.23
0.328
1.207
1.935
1.401
0.913
1.893
1.702
2.372
1.657
1.359
1.575
1.268
1.018
0.784
0.677
0.413
0.325
0.138
0.132
0.147
1.514
0.356
0.329
0.333
0.539
1.13
1.809
1.312
0.926
1.771
2.076
2.618
1.864
1.325
1.445
1.254
0.929
0.787
0.469
0.245
0.184
0.142
0.135
0.152
2.07
0.371
0.338
0.333
0.803
0.996
1.662
1.142
1.141
2.129
1.902
2.027
1.489
1.357
1.155
1.204
0.869
0.636
0.424
0.17
0.142
0.141
0.135
0.148
2.66
0.485
0.449
0.427
0.885
0.683
0.191
0.605
1.254
2.858
2.052
2.151
1.489
1.395
1.24
1.445
0.999
0.686
0.335
0.639
1.469
0.214
0.138
0.141
0.131
0.144
0.227
0.158
0.821
0.317
2.545
2.536
2.68
2.477
2.466
3.784
1.369
2.192
1.922
1.76
1.729
1.039
0.751
0.514
1.262
0.149
0.15
0.144
0.141
0.144
0.227
0.153
0.15
0.875
2.545
2.106
2.68
2.477
1.379
3.949
1.725
2.192
1.922
2.301
0.865
0.878
0.424
0.17
0.141
0.14
0.137
0.15
2.769
0.498
0.449
0.608
1.282
0.827
0.3
0.976
1.342
2.858
2.052
2.151
1.68
1.447
1.439
1.484
1.05
0.786
0.354
0.161
0.141
0.139
0.137
0.154
2.905
0.408
0.351
0.517
1.276
0.777
0.642
0.902
2.1
3.21
2.79
1.765
1.542
1.422
1.508
1.409
0.967
0.873
0.368
0.157
0.143
0.148
0.137
0.143
2.77
0.417
0.253
0.42
1.052
0.777
0.642
0.654
1.995
3.232
2.81
1.799
1.527
1.513
1.631
1.403
0.996
0.862
0.445
0.278
0.137
0.148
0.135
0.14
2.863
0.417
0.252
0.42
0.735
0.71
1.185
0.72
1.492
3.554
3.354
1.672
1.457
1.478
1.599
1.429
1.015
0.898
0.392
0.28
0.15
0.156
0.134
0.139
2.863
0.316
0.147
0.329
1.187
1.122
1.816
0.821
1.326
3.294
4.438
2.437
1.582
1.478
1.561
1.291
1.066
0.898
0.857
0.493
1.432
0.264
0.42
0.266
0.145
0.143
0.149
0.155
0.248
1.538
2.417
1.736
2.951
2.984
1.178
2.964
1.725
1.889
1.795
2.301
0.976
0.966
1.082
0.493
0.415
0.264
0.42
0.266
0.148
0.139
0.155
1.697
0.442
1.538
0.884
1.003
1.834
2.472
1.197
2.913
1.694
1.666
1.695
1.787
0.902
0.892
0.392
0.279
0.149
0.157
0.134
0.137
2.949
0.302
0.148
0.147
0.693
1.022
2.383
0.499
1.189
3.294
4.438
2.437
1.345
1.397
1.385
1.217
1.168
0.881
0.372
0.274
0.149
0.157
0.136
0.139
3.088
0.295
0.25
0.238
0.719
0.943
2.035
0.4
0.252
2.604
3.47
2.099
1.24
1.301
1.267
1.201
1.196
0.793
0.338
0.273
0.148
0.158
0.135
0.139
3.074
0.343
0.248
0.235
0.717
0.893
2.031
0.4
0.221
1.938
3.691
2.077
1.332
1.247
1.076
1.116
1.525
0.677
0.232
0.154
0.146
0.15
0.132
0.14
3.021
0.647
0.248
0.233
0.716
0.891
1.479
0.295
0.179
0.839
3.462
2.082
1.379
1.273
1.059
1.061
1.525
0.627
0.224
0.249
0.144
0.149
0.139
0.141
3.137
0.651
0.246
0.233
0.167
0.577
0.816
0.194
0.685
1.437
2.805
1.224
2.948
1.942
1.028
1.054
1.489
0.8
0.775
0.476
0.392
0.26
0.415
0.266
0.148
0.164
0.217
1.874
0.847
2.296
1.45
2.341
2.859
2.472
1.197
0.949
1.41
2.634
1.695
1.15
0.875
0.901
0.673
0.531
0.289
0.288
0.149
0.147
0.147
0.158
0.199
1.874
0.847
1.727
1.454
4.753
2.596
3.227
3.55
1.034
1.351
3.025
1.607
1.308
0.923
0.968
0.437
0.269
0.15
0.15
0.136
0.148
2.785
0.651
0.25
0.232
0.175
0.56
0.207
0.262
0.667
1.847
2.805
2.173
3.151
1.942
0.903
1.021
1.473
0.684
0.484
0.264
0.155
0.15
0.133
0.148
2.648
0.644
0.146
0.14
0.148
0.912
0.231
0.262
0.721
2.251
2.454
2.148
3.17
1.942
1.043
1.184
1.341
0.74
0.492
0.264
0.155
0.146
0.138
0.154
2.642
0.483
0.142
0.14
0.312
1.44
0.727
0.372
1.428
2.505
2.309
2.24
3.207
1.892
1.02
1.102
1.156
0.799
0.506
0.265
0.153
0.145
0.14
0.158
3.061
0.175
0.143
0.14
0.571
1.44
0.727
0.372
1.466
2.545
1.999
2.224
3.316
2.023
1.083
1.159
1.081
0.83
0.506
0.169
0.142
0.135
0.136
0.158
2.903
0.17
0.221
0.138
0.569
1.114
0.963
1.301
0.983
1.558
1.836
2.182
1.689
1.444
1.17
1.312
1.111
0.613
0.637
0.695
0.427
0.288
0.149
0.143
0.142
0.158
0.199
0.324
0.646
2.765
2.114
6.169
2.596
2.873
3.303
2.294
1.636
3.025
1.633
1.308
1.141
0.968
0.637
0.695
0.427
0.291
0.15
0.134
0.136
0.131
0.551
0.44
0.282
1.918
1.89
6.169
1.752
2.926
3.303
3.558
1.578
4.059
2.152
1.251
1.141
0.931
0.304
0.155
0.135
0.131
0.136
0.155
3.252
0.197
0.236
0.157
0.895
1.196
0.902
1.18
0.972
1.094
2.002
1.202
1.554
1.479
1.225
1.358
0.965
0.737
0.278
0.173
0.13
0.133
0.137
0.151
3.339
0.213
0.235
0.154
0.897
0.844
0.882
1.179
0.919
0.692
2.002
1.692
1.523
1.479
1.062
1.269
1.006
0.687
0.262
0.174
0.138
0.134
0.135
0.145
3.328
0.217
0.238
0.159
0.734
0.317
0.387
1.082
0.393
0.59
1.724
1.663
1.811
1.402
1.09
1.269
0.722
0.651
0.314
0.182
0.146
0.136
0.135
0.143
3.285
0.234
0.245
0.159
0.525
0.3
0.479
1.56
0.398
0.627
2.515
2.275
1.671
1.287
1.096
1.158
0.672
0.638
0.366
0.184
0.153
0.139
0.132
0.14
3.415
0.237
0.168
0.221
0.525
0.378
0.575
0.828
1.282
1.662
2.242
2.289
1.64
1.197
1.118
1.127
0.793
0.723
0.633
0.689
0.417
0.518
0.174
0.138
0.133
0.132
0.551
0.809
0.335
1.918
1.89
4.347
1.455
1.061
1.029
3.558
1.578
3.683
2.003
1.146
1.001
0.653
0.329
0.562
0.248
0.523
0.174
0.138
0.131
0.13
0.557
2.701
1.307
0.861
1.87
2.072
2.336
3.105
0.961
2.366
1.189
3.41
1.824
1.069
0.561
0.393
0.504
0.184
0.157
0.141
0.131
0.138
3.234
0.22
0.148
0.205
0.304
0.233
0.615
1.107
1.36
1.782
1.895
2.574
1.615
1.098
1.084
1.106
0.802
0.627
0.488
0.166
0.161
0.141
0.13
0.137
3.07
0.205
0.221
0.205
0.302
0.266
1.072
1.157
1.36
1.883
2.064
2.074
1.666
1.16
1.12
0.966
0.733
0.612
0.527
0.185
0.158
0.136
0.128
0.135
3.063
0.196
0.219
0.206
0.373
0.268
1.072
1.157
1.586
2.772
2.122
1.968
1.305
1.206
1.194
1.032
1.249
0.564
0.515
0.227
0.15
0.136
0.126
0.137
2.87
0.197
0.213
0.792
0.361
0.532
1.597
1.212
1.776
2.74
1.328
2.032
1.377
1.21
1.285
1.374
1.48
0.548
0.493
0.222
0.145
0.138
0.134
0.142
2.736
0.197
0.218
0.736
0.63
0.542
1.299
1.086
0.963
2.124
1.342
2.0
1.343
1.248
1.248
1.366
1.289
0.445
0.263
0.571
0.264
0.523
0.169
0.14
0.131
0.132
0.145
2.701
1.315
0.85
1.297
1.425
3.031
3.045
0.945
0.899
1.134
1.45
1.043
0.976
0.78
0.647
0.41
0.444
0.158
0.157
0.134
0.131
0.127
0.145
0.141
2.601
1.63
1.845
2.065
1.921
3.031
2.833
0.651
0.897
0.989
1.45
0.947
0.463
0.529
0.605
0.371
0.29
0.153
0.135
0.136
0.144
2.657
0.197
0.218
0.734
0.519
0.542
1.304
0.838
0.9
2.124
1.528
1.808
1.404
1.248
1.248
1.407
1.348
0.57
0.353
0.288
0.146
0.134
0.142
0.15
2.901
0.215
0.148
0.736
0.764
0.954
0.977
0.958
0.92
2.095
1.624
1.8
1.379
1.192
1.314
1.485
1.458
0.635
0.291
0.271
0.156
0.14
0.143
0.15
3.121
0.229
0.151
0.735
0.742
0.953
0.977
1.093
0.636
1.394
1.655
1.852
1.603
1.184
1.24
1.48
1.021
0.635
0.334
0.228
0.158
0.146
0.146
0.147
3.244
0.228
0.15
0.15
1.239
0.762
0.362
0.593
0.408
1.294
1.794
1.136
1.577
1.078
1.317
1.616
0.876
0.633
0.322
0.228
0.158
0.144
0.145
0.147
3.274
0.234
0.148
0.145
0.971
0.924
0.678
1.054
0.383
0.878
2.271
1.142
1.577
1.092
1.321
1.554
0.913
0.764
0.475
0.595
0.17
0.146
0.143
0.138
0.133
0.145
0.126
0.445
1.066
2.656
2.592
3.117
3.021
1.06
0.866
0.973
1.131
1.344
1.155
0.706
0.751
0.8
0.475
0.615
0.212
0.143
0.183
0.149
0.136
0.146
0.118
0.445
1.066
2.656
2.955
3.117
3.787
3.282
1.102
1.286
1.188
1.253
1.337
1.133
0.812
0.792
0.5
0.194
0.148
0.145
0.145
0.145
3.353
0.234
0.148
0.145
1.018
0.926
0.623
1.022
0.424
0.784
2.189
1.076
2.342
1.092
1.321
1.507
0.913
0.603
0.512
0.197
0.15
0.147
0.142
0.14
3.24
0.224
0.142
0.14
0.776
0.64
0.959
1.102
0.382
1.209
2.24
1.072
2.483
1.167
1.324
1.535
0.851
0.549
0.49
0.192
0.141
0.141
0.148
0.138
3.097
0.221
0.143
0.141
0.726
0.715
0.96
0.927
0.277
1.159
2.568
1.338
2.283
1.351
1.434
1.569
0.74
0.584
0.383
0.182
0.14
0.137
0.147
0.139
2.979
0.21
0.143
0.143
0.317
1.328
1.43
1.955
0.71
1.348
2.329
1.391
2.31
1.511
1.266
1.152
0.744
0.703
0.396
0.181
0.139
0.135
0.141
0.135
3.023
0.211
0.142
0.143
0.695
1.081
1.253
1.499
0.704
2.546
1.758
1.366
2.31
1.533
1.255
1.185
0.718
0.648
0.549
0.666
0.431
0.291
0.184
0.15
0.141
0.143
0.13
0.182
0.67
2.151
2.302
3.327
4.389
3.351
1.102
1.289
1.289
1.253
1.649
1.479
0.922
0.792
0.446
0.628
0.431
0.291
0.184
0.15
1.187
0.351
0.347
0.348
0.419
1.125
2.454
4.011
4.389
3.351
2.395
1.918
1.482
1.222
1.636
1.479
0.922
0.699
0.217
0.262
0.141
0.14
0.143
0.134
3.068
0.211
0.144
0.143
0.679
1.51
1.312
1.507
0.638
2.546
1.723
1.28
1.535
1.533
1.255
1.185
0.967
0.773
0.344
0.268
0.14
0.138
0.143
0.134
3.105
0.209
0.149
0.149
0.754
1.357
0.845
1.246
0.638
2.805
1.598
1.301
1.386
1.498
1.162
1.182
1.037
0.773
0.349
0.276
0.143
0.137
0.136
0.134
3.109
0.214
0.148
0.15
1.017
1.514
0.956
1.343
0.67
3.292
1.567
1.457
1.325
1.375
1.064
1.175
1.037
0.807
0.355
0.378
0.143
0.137
0.135
0.136
3.28
0.213
0.149
0.21
0.923
0.811
0.824
0.681
0.488
3.221
1.451
1.39
1.242
1.516
1.189
1.172
1.03
0.742
0.344
0.378
0.146
0.141
0.14
0.137
3.286
0.21
0.151
0.377
0.546
1.27
0.891
0.782
0.445
2.547
2.109
1.538
1.292
1.642
1.26
1.136
1.073
0.778
0.458
0.651
0.43
0.321
0.14
0.14
1.187
0.351
0.347
0.383
0.5
0.821
2.006
4.011
4.371
1.401
2.286
1.638
1.44
1.28
1.554
1.42
0.758
0.579
0.425
0.617
0.223
0.183
0.144
0.14
1.184
0.344
0.349
0.383
0.971
1.874
2.702
3.991
2.824
1.743
4.173
2.165
1.4
1.297
1.24
1.047
0.392
0.382
0.457
0.389
0.152
0.138
0.142
0.139
3.224
0.21
0.151
0.377
0.569
0.844
0.835
0.782
0.455
2.547
2.109
2.025
1.194
1.676
1.302
1.135
0.879
0.625
0.309
0.379
0.152
0.138
0.142
0.139
3.292
0.212
0.151
0.378
0.495
0.838
0.835
0.773
0.455
1.951
1.922
2.612
1.115
1.676
1.302
1.015
0.797
0.631
0.306
0.371
0.15
0.139
0.143
0.141
3.292
0.2
0.153
0.375
0.201
0.603
0.723
0.674
0.407
1.175
1.309
2.063
1.049
1.591
1.3
1.003
0.797
0.574
0.328
0.27
0.151
0.14
0.143
0.137
3.173
0.195
0.153
0.306
0.206
0.607
0.383
0.312
0.156
0.848
1.607
2.714
1.728
1.831
1.812
1.143
0.768
0.589
0.33
0.273
0.151
0.139
0.138
0.135
3.08
0.179
0.153
0.142
0.208
0.148
0.141
0.127
0.159
0.226
0.82
2.691
1.739
1.725
2.016
1.159
0.829
0.616
0.426
0.617
0.231
0.364
0.371
0.158
0.158
0.153
0.155
0.313
0.913
2.239
1.818
2.983
2.824
1.54
2.684
1.551
1.148
1.297
1.446
1.084
0.627
0.541
0.426
0.541
0.202
0.344
0.371
0.292
0.379
0.357
0.34
0.484
0.971
2.239
1.846
1.822
1.647
1.477
2.895
3.616
1.083
1.37
1.49
0.989
0.939
0.793
0.426
0.232
0.147
0.14
0.137
0.133
2.968
0.177
0.153
0.199
0.493
0.227
1.317
0.153
0.151
0.135
0.82
2.112
1.667
1.523
1.917
1.033
0.795
0.616
0.446
0.232
0.148
0.142
0.139
0.137
2.679
0.163
0.149
0.2
0.493
0.293
2.196
0.505
0.428
0.765
1.325
1.529
1.69
1.548
1.963
0.972
0.929
0.608
0.457
0.235
0.149
0.142
0.139
0.137
2.383
0.168
0.146
0.247
0.648
0.366
2.317
0.673
0.593
1.822
2.039
2.141
1.829
1.835
2.122
1.146
0.939
0.648
0.613
0.286
0.151
0.141
0.139
0.137
1.665
0.163
0.144
0.472
1.307
1.072
2.327
0.669
0.589
1.822
1.589
1.354
0.887
1.08
1.482
1.063
1.024
0.871
0.65
0.29
0.151
0.164
0.173
0.165
1.314
0.205
0.17
0.53
1.308
1.072
2.365
0.75
0.764
1.895
1.812
1.111
1.034
1.127
1.283
1.123
0.949
0.862
0.496
0.394
0.183
0.335
0.365
0.292
0.379
0.357
0.34
0.783
1.31
1.454
0.597
0.978
1.949
2.006
2.086
3.106
0.915
1.272
1.49
0.989
1.15
0.995
0.798
0.551
0.164
0.157
0.137
0.293
0.575
0.356
0.339
0.783
1.31
1.339
1.679
0.978
2.125
2.009
2.086
2.895
0.621
1.372
1.068
0.984
1.15
0.995
0.465
0.205
0.15
0.168
0.171
0.169
1.978
0.205
0.175
0.489
1.025
1.347
1.483
0.766
0.787
2.1
1.918
1.858
1.771
1.366
1.283
1.184
1.117
0.953
0.475
0.205
0.155
0.165
0.167
0.175
2.093
0.208
0.181
0.489
1.074
1.343
0.613
0.454
0.678
2.119
1.519
1.788
1.696
1.332
1.285
1.234
1.291
1.017
0.504
0.21
0.151
0.172
0.164
0.178
2.496
0.198
0.19
0.446
0.979
1.644
0.951
0.362
0.519
1.503
1.246
1.453
1.878
1.326
1.195
1.189
1.291
1.017
0.343
0.247
0.148
0.177
0.163
0.184
2.814
0.201
0.195
0.218
0.638
0.946
0.95
0.427
0.817
1.784
1.649
1.539
1.878
1.495
1.158
1.194
1.215
0.869
0.326
0.247
0.155
0.158
0.129
0.167
2.948
0.164
0.171
0.156
0.638
1.007
0.906
0.378
0.659
1.784
1.683
1.539
1.653
1.674
1.225
1.175
1.136
0.802
0.798
0.551
0.348
0.397
0.406
0.186
0.356
0.156
0.158
0.581
1.347
2.21
2.478
2.757
2.125
2.696
2.092
0.659
0.68
1.086
0.895
1.5
1.152
1.086
0.603
0.676
0.348
0.397
0.409
0.186
0.369
0.164
0.158
0.151
0.901
2.59
2.478
2.538
2.791
1.274
0.843
1.353
0.614
1.086
1.457
1.29
0.724
0.716
0.407
0.292
0.151
0.164
0.134
0.165
3.062
0.165
0.171
0.16
0.588
0.728
0.644
0.753
0.64
1.676
2.103
2.0
1.185
1.642
1.155
1.095
0.974
0.624
0.366
0.292
0.146
0.17
0.144
0.806
3.062
0.262
0.169
0.16
0.535
0.711
0.74
0.859
0.833
1.241
2.103
2.159
1.29
1.639
1.075
1.056
0.736
0.525
0.319
0.285
0.147
0.166
0.155
1.176
2.316
0.26
0.165
0.358
0.944
0.665
0.645
0.861
1.162
0.99
1.878
2.022
1.173
1.62
1.139
1.043
0.694
0.426
0.391
0.201
0.147
0.164
0.155
2.014
1.692
0.259
0.161
0.402
0.623
0.665
0.654
1.377
1.182
0.802
1.624
2.112
1.173
1.447
1.182
0.859
0.622
0.304
0.438
0.196
0.142
0.16
0.155
2.891
0.991
0.254
0.159
0.609
0.623
0.595
0.654
1.875
1.432
1.225
1.504
2.112
1.16
1.319
1.119
0.771
0.595
0.744
0.301
0.562
0.351
0.397
0.409
0.185
0.157
0.153
0.16
0.159
0.901
2.59
2.067
2.571
2.86
1.262
0.843
1.577
0.971
0.978
1.575
1.717
1.081
0.982
0.304
0.562
0.171
0.162
0.147
0.16
0.157
0.153
0.156
0.154
0.758
1.578
2.392
0.986
2.86
1.337
2.005
1.663
0.863
0.883
2.946
0.741
0.657
0.401
0.344
0.15
0.14
0.151
0.154
3.416
0.223
0.251
0.157
0.6
0.802
0.518
0.684
1.546
1.715
2.795
1.256
1.041
1.067
1.319
1.119
0.748
0.603
0.37
0.344
0.149
0.143
0.145
0.15
3.14
0.197
0.152
0.561
1.504
1.242
0.618
0.766
2.276
1.897
2.751
1.203
0.963
1.078
1.71
1.113
0.659
0.483
0.369
0.336
0.148
0.144
0.146
0.141
3.486
0.208
0.15
0.555
1.305
0.899
0.32
0.827
2.454
1.884
2.927
1.378
1.337
1.309
1.621
1.094
0.793
0.68
0.498
0.258
0.14
0.157
0.146
0.141
3.374
0.207
0.149
0.553
1.405
0.967
0.325
1.214
2.125
1.825
3.035
1.318
1.195
1.268
1.627
1.111
0.954
0.807
0.657
0.198
0.135
0.158
0.153
0.139
2.912
0.188
0.146
0.552
1.377
0.967
0.441
1.34
2.339
2.323
2.78
1.222
1.293
1.295
1.443
1.21
1.109
0.956
0.562
0.521
0.733
0.299
0.207
0.143
0.148
0.143
0.142
0.224
0.969
0.392
0.806
2.392
1.93
1.527
1.406
2.122
1.231
1.078
1.114
2.668
0.944
0.857
0.599
0.521
0.532
0.292
0.194
0.146
0.151
0.141
0.154
1.734
1.712
1.099
0.808
3.809
1.655
0.614
1.406
2.122
1.094
0.91
1.007
2.4
0.518
0.505
0.674
0.206
0.135
0.166
0.151
0.145
2.54
0.189
0.159
0.633
1.5
0.87
0.506
1.34
2.339
2.008
1.187
1.261
1.304
1.295
1.448
1.231
1.109
0.982
0.683
0.205
0.136
0.163
0.148
0.142
2.675
0.189
0.17
0.223
0.594
1.138
0.967
1.633
1.571
2.021
1.347
1.214
1.193
1.185
1.063
1.301
1.126
1.0
0.683
0.204
0.141
0.162
0.149
0.142
2.552
0.243
0.168
0.228
0.847
1.385
0.961
1.369
1.557
2.199
1.132
1.379
0.783
0.738
0.948
1.418
1.023
0.869
0.661
0.21
0.148
0.147
0.155
0.14
2.454
0.255
0.17
0.231
0.864
1.707
0.961
0.979
1.317
2.235
1.288
1.372
0.8
0.698
0.958
1.444
0.883
0.854
0.51
0.188
0.148
0.144
0.154
0.138
2.688
0.252
0.17
0.482
0.688
1.707
0.847
0.846
0.533
2.002
1.162
1.371
0.635
0.621
0.899
1.333
0.675
0.739
0.348
0.502
0.705
0.382
0.222
0.154
0.161
0.159
0.204
1.817
1.712
1.309
0.677
3.046
1.769
0.689
0.837
0.671
0.859
1.483
1.023
0.721
0.759
0.734
0.397
0.278
0.314
0.258
0.167
0.154
0.161
0.152
0.204
1.817
1.539
1.801
0.673
2.698
1.735
0.68
0.982
1.932
0.758
1.271
0.743
2.276
0.648
0.636
0.369
0.253
0.155
0.132
0.164
0.13
2.961
0.253
0.155
0.404
0.774
2.138
0.862
0.71
0.725
2.002
1.333
1.042
0.588
0.618
0.897
1.346
0.7
0.707
0.307
0.256
0.153
0.126
0.165
0.129
2.961
0.255
0.153
0.404
1.179
2.373
0.716
0.286
0.806
1.899
1.322
1.24
0.732
0.71
0.912
1.346
0.668
0.641
0.307
0.258
0.148
0.126
0.165
0.135
3.246
0.187
0.151
0.399
0.966
2.489
0.731
0.319
0.567
1.868
1.534
1.379
0.626
0.741
0.982
1.199
0.664
0.701
0.223
0.278
0.144
0.135
0.17
0.142
3.399
0.174
0.156
0.397
0.956
2.12
0.739
0.319
0.648
1.9
1.487
1.381
0.572
0.71
0.915
1.014
0.728
0.591
0.209
0.278
0.144
0.136
0.169
0.146
3.356
0.172
0.156
0.146
1.293
2.12
1.018
0.607
0.845
2.039
1.487
1.694
1.444
0.762
1.432
0.965
0.714
0.564
0.442
0.348
0.346
0.256
0.181
0.165
0.157
0.159
0.198
0.313
1.25
1.364
0.689
1.162
1.736
0.685
1.919
1.932
0.758
1.271
0.841
2.336
0.879
0.636
0.442
0.348
0.164
0.165
0.161
0.164
0.143
0.147
0.161
0.151
1.25
1.364
0.689
1.162
1.736
0.674
1.919
1.725
0.413
0.538
0.776
2.336
0.73
0.493
0.278
0.21
0.132
0.144
0.161
0.146
3.02
0.169
0.155
0.2
1.126
1.603
0.943
1.006
0.556
2.039
1.344
1.694
1.432
0.702
1.32
0.799
0.624
0.498
0.311
0.202
0.138
0.148
0.152
0.146
3.03
0.166
0.146
0.208
0.714
0.987
1.125
1.382
0.43
2.279
1.276
1.494
1.283
0.721
1.29
0.882
0.685
0.575
0.335
0.203
0.138
0.155
0.152
0.142
2.904
0.164
0.155
0.208
0.715
0.576
1.084
1.352
0.432
2.045
1.402
1.013
1.963
0.719
1.273
1.325
0.84
0.657
0.444
0.169
0.144
0.148
0.147
0.14
2.781
0.163
0.145
0.257
0.867
0.559
1.073
1.346
0.448
2.338
1.278
1.132
2.043
0.81
1.467
1.369
0.808
0.701
0.457
0.188
0.165
0.165
0.158
0.152
2.788
0.169
0.153
0.608
0.537
0.559
0.783
1.006
0.243
1.894
1.487
0.912
1.691
0.847
1.053
1.588
0.924
0.761
0.344
0.259
0.164
0.157
0.161
0.153
0.14
0.147
0.161
0.155
0.602
0.513
0.428
0.978
0.428
0.45
1.501
0.19
0.14
0.556
1.229
1.046
0.63
0.783
0.221
0.141
0.149
0.146
0.141
0.137
0.148
0.145
0.145
0.626
0.755
0.189
0.323
0.43
0.387
0.391
0.307
0.302
0.279
0.607
1.011
0.888
0.386
0.761
0.399
0.266
0.171
0.16
0.161
0.152
3.117
0.169
0.158
0.555
0.536
0.612
1.23
0.6
0.317
1.894
1.546
0.964
1.703
1.299
1.114
1.616
0.924
0.799
0.409
0.341
0.223
0.163
0.167
0.152
3.117
0.165
0.159
0.546
0.619
0.415
0.873
0.306
0.595
1.507
1.713
1.3
1.759
1.328
1.114
1.595
1.164
0.786
0.4
0.342
0.223
0.154
0.167
0.151
3.087
0.236
0.151
0.546
0.575
0.639
1.059
0.355
0.597
1.518
2.082
1.361
1.225
1.693
1.259
1.159
1.158
0.665
0.295
0.429
0.22
0.157
0.168
0.148
3.113
0.229
0.151
0.499
0.646
1.024
1.158
0.362
0.591
1.971
2.082
1.322
1.255
1.721
1.176
1.346
1.158
0.676
0.315
0.424
0.198
0.15
0.15
0.143
3.083
0.227
0.151
0.153
0.635
1.024
1.158
0.365
0.65
1.932
2.07
1.225
0.888
1.692
1.088
1.074
1.121
0.676
0.218
0.158
0.147
0.13
0.138
0.153
0.144
0.133
0.129
0.626
1.497
0.335
2.332
0.43
0.385
0.391
0.312
0.312
0.285
0.607
1.011
0.888
0.417
0.793
0.273
0.175
0.147
0.128
0.158
0.153
0.144
0.136
0.142
1.182
3.716
0.392
2.818
0.477
0.519
0.514
0.458
0.889
0.496
0.534
0.496
0.591
0.674
0.626
0.34
0.341
0.194
0.152
0.142
0.145
2.887
0.256
0.176
0.148
0.703
1.184
0.938
0.43
0.683
1.932
2.064
1.225
0.888
1.406
1.175
1.011
1.121
0.652
0.431
0.297
0.143
0.145
0.146
0.142
2.887
0.259
0.177
0.148
0.712
1.17
0.73
0.368
0.571
2.263
1.838
0.901
0.932
1.403
1.232
1.156
0.851
0.618
0.564
0.303
0.152
0.145
0.151
0.148
2.489
0.21
0.21
0.182
0.712
1.023
0.559
0.402
0.602
2.451
1.894
0.756
0.86
1.064
1.055
1.145
0.76
0.62
0.645
0.221
0.146
0.155
0.141
0.149
2.433
0.254
0.215
0.186
0.361
0.97
0.78
0.402
0.568
2.11
1.972
0.709
0.932
1.29
1.043
0.89
0.788
0.744
0.702
0.226
0.153
0.15
0.143
0.144
2.383
0.255
0.211
0.181
0.374
0.97
0.812
0.393
0.506
2.339
1.812
0.747
0.877
1.29
1.028
0.867
0.869
0.841
0.397
0.237
0.126
0.13
0.162
0.142
0.125
0.147
0.145
0.725
3.745
0.423
2.818
0.402
0.97
1.403
1.363
2.005
1.12
0.378
0.571
1.538
0.88
0.626
0.475
0.37
0.167
0.148
0.162
0.129
0.13
0.158
0.15
0.725
3.745
0.423
0.971
0.959
1.108
1.512
1.47
2.005
3.648
0.378
0.571
1.538
0.88
0.612
0.702
0.211
0.153
0.152
0.145
0.143
2.38
0.236
0.196
0.248
0.365
0.835
0.6
0.445
1.023
2.339
1.812
0.989
1.262
1.284
0.93
0.93
0.869
0.89
0.658
0.189
0.149
0.152
0.137
0.143
2.669
0.235
0.196
0.248
0.778
0.899
0.761
0.563
1.088
2.148
1.795
1.015
1.587
1.422
0.922
1.03
0.886
0.901
0.562
0.17
0.14
0.157
0.136
0.136
2.669
0.216
0.164
0.215
0.961
1.014
0.98
0.476
1.123
2.984
1.136
1.034
1.607
1.426
0.899
0.994
1.4
0.899
0.46
0.17
0.142
0.144
0.144
0.137
2.734
0.175
0.292
0.385
1.361
0.676
0.663
0.477
1.182
2.841
1.146
1.047
1.554
1.172
0.83
1.024
1.356
0.76
0.457
0.158
0.139
0.138
0.148
0.127
2.761
0.165
0.297
0.384
1.361
0.833
0.844
0.739
1.233
2.545
1.415
1.044
1.554
1.415
0.835
1.011
1.258
0.805
0.475
0.37
0.381
0.162
0.153
0.147
0.15
0.158
0.14
0.175
1.264
1.095
0.581
1.089
1.108
1.552
1.585
1.781
3.648
0.5
0.751
1.528
0.821
0.464
0.458
0.43
0.381
0.162
0.142
0.154
0.156
0.155
0.139
0.142
1.009
1.237
2.227
1.349
0.677
0.726
0.785
0.757
3.143
0.5
0.534
0.421
0.473
0.756
0.476
0.185
0.145
0.137
0.152
0.134
2.807
0.169
0.296
0.32
1.373
0.802
0.856
0.605
0.663
2.958
1.363
0.778
1.121
1.286
0.79
0.97
1.523
0.802
0.508
0.193
0.148
0.146
0.157
0.137
2.771
0.175
0.301
0.327
0.916
0.879
0.68
0.456
0.44
2.934
1.649
0.997
0.699
1.039
0.648
0.708
1.607
0.857
0.523
0.197
0.15
0.147
0.157
0.144
2.886
0.174
0.301
0.33
0.722
0.732
0.769
0.456
0.519
1.77
1.49
0.888
0.586
0.953
1.31
1.055
1.218
0.857
0.55
0.234
0.15
0.155
0.156
0.146
2.764
0.185
0.174
0.15
0.364
0.732
0.769
0.514
0.73
1.917
1.403
0.782
0.483
1.189
1.289
1.223
1.223
0.853
0.474
0.234
0.153
0.157
0.157
0.148
2.685
0.254
0.168
0.163
0.737
0.685
0.698
0.264
0.752
2.016
1.415
0.919
0.733
0.994
1.334
1.472
1.223
0.75
1.488
0.695
0.518
0.216
0.157
0.159
0.157
0.152
0.143
0.144
0.678
1.495
2.227
2.282
0.602
0.6
0.675
0.655
1.198
0.841
0.8
0.821
0.798
0.867
1.488
0.792
0.621
0.274
0.171
0.155
0.152
0.158
0.581
0.812
0.722
1.035
3.931
2.282
0.398
0.316
0.331
0.309
0.948
0.732
0.631
0.682
0.518
0.867
0.526
0.237
0.157
0.156
0.16
0.147
2.841
0.254
0.208
0.168
0.702
0.638
0.683
0.27
0.762
1.679
1.415
1.047
0.745
1.024
1.964
1.439
0.965
0.72
0.532
0.225
0.161
0.146
0.155
0.15
2.895
0.253
0.201
0.16
0.811
0.377
0.62
0.235
0.762
1.593
1.149
1.01
0.806
1.065
1.976
1.433
0.851
0.621
0.559
0.217
0.171
0.144
0.161
0.149
2.653
0.254
0.201
0.167
0.846
0.922
0.384
0.261
0.555
1.702
1.357
1.128
0.806
1.47
1.341
1.161
0.79
0.753
0.589
0.199
0.171
0.147
0.162
0.152
2.653
0.241
0.332
0.743
0.787
0.995
0.395
0.389
0.296
1.189
1.159
1.128
0.799
1.512
1.354
0.967
1.154
0.758
0.589
0.2
0.169
0.148
0.158
0.15
2.513
0.176
0.332
1.155
0.38
0.939
0.622
0.507
0.574
1.178
0.857
1.244
0.581
1.997
1.64
0.793
1.161
0.719
1.404
0.807
0.647
0.389
0.205
0.162
0.177
0.165
0.584
0.835
0.223
1.035
3.228
3.371
1.647
1.852
2.463
1.35
1.204
1.732
0.89
0.882
0.68
0.714
0.235
0.622
0.647
0.385
0.205
0.161
0.175
0.165
0.591
1.302
0.223
0.651
3.228
1.925
1.451
1.715
2.315
1.197
0.531
1.831
1.009
1.48
0.704
0.643
0.531
0.184
0.165
0.153
0.152
0.15
2.194
0.174
0.287
1.151
0.515
1.092
0.63
0.558
0.564
1.674
1.248
1.161
0.559
1.997
1.053
0.793
1.161
0.719
0.437
0.185
0.161
0.158
0.157
0.145
1.98
0.168
0.291
1.151
0.397
1.092
0.63
0.558
0.571
1.459
1.317
1.683
0.795
1.988
1.067
0.879
1.189
0.692
0.377
0.19
0.154
0.158
0.148
0.149
1.96
0.164
0.404
1.869
0.699
0.865
0.548
0.685
0.642
1.74
1.156
1.625
0.841
2.583
1.035
1.006
1.155
0.586
0.409
0.18
0.158
0.156
0.142
0.143
1.999
0.158
0.267
1.678
0.694
0.803
0.624
1.403
1.014
2.184
1.157
1.884
1.248
2.167
1.031
1.291
0.838
0.546
0.444
0.179
0.156
0.157
0.141
0.148
2.268
0.164
0.273
1.262
1.228
1.432
0.74
1.378
0.942
2.285
1.365
1.698
1.244
2.154
0.642
1.157
0.837
0.698
0.309
0.522
0.466
0.397
0.2
0.161
0.185
0.161
0.165
0.858
0.486
0.61
1.398
2.355
2.989
2.885
2.315
1.197
0.531
1.831
1.009
1.48
0.704
0.643
0.425
0.334
0.28
0.266
0.155
0.167
0.159
0.166
1.091
0.858
0.632
0.585
1.135
1.405
2.019
3.26
0.44
0.161
0.27
0.601
0.543
1.16
0.534
0.359
0.452
0.283
0.157
0.156
0.142
0.153
2.423
0.166
0.268
1.31
1.3
1.318
0.773
1.321
0.961
1.921
1.029
1.698
1.244
2.185
0.886
1.739
0.837
0.716
0.64
0.305
0.151
0.156
0.133
0.16
2.54
0.172
0.262
1.31
1.349
1.32
0.991
1.46
0.961
2.593
1.298
0.999
1.458
2.151
0.94
1.705
0.888
0.781
0.64
0.309
0.153
0.159
0.137
0.163
2.557
0.226
0.155
0.594
1.202
1.039
1.228
1.302
0.907
2.301
1.682
1.53
1.446
1.167
0.938
1.456
0.837
0.742
0.616
0.305
0.148
0.153
0.141
0.163
2.631
0.226
0.158
0.218
1.674
1.102
1.18
0.429
0.536
1.845
1.673
1.426
2.277
1.264
0.983
1.221
0.773
0.85
0.701
0.391
0.158
0.157
0.156
0.166
2.563
0.218
0.21
0.433
1.192
0.482
0.676
0.328
0.231
1.602
1.916
1.467
2.252
0.705
1.034
1.381
0.794
0.794
0.425
0.288
0.326
0.478
0.319
0.162
0.172
0.166
1.087
0.511
0.632
1.372
1.14
1.405
2.395
3.36
1.479
0.483
0.418
0.489
0.432
0.433
0.595
0.561
0.436
0.245
0.391
1.052
0.7
0.187
0.188
0.181
1.092
0.317
0.347
1.2
1.658
1.599
1.183
3.36
1.479
0.74
1.46
0.761
0.701
0.699
0.849
0.974
0.716
0.286
0.159
0.16
0.162
0.169
2.552
0.215
0.215
0.386
0.954
0.453
0.635
0.326
0.24
1.986
1.865
1.467
2.755
0.71
0.843
0.835
0.806
0.788
0.695
0.269
0.16
0.159
0.163
0.166
2.509
0.21
0.215
0.654
1.098
0.653
0.656
0.236
0.294
1.273
2.13
1.552
2.554
0.95
0.784
0.857
0.824
0.765
0.695
0.263
0.154
0.158
0.163
0.161
2.565
0.163
0.214
0.65
0.937
0.828
1.163
0.538
0.455
1.502
2.25
1.108
2.848
0.949
0.782
0.956
0.853
0.745
0.676
0.265
0.154
0.158
0.163
0.16
2.576
0.17
0.217
0.804
0.531
0.924
1.17
0.504
0.547
1.696
2.525
1.006
1.669
0.877
0.708
0.887
0.947
0.656
0.584
0.18
0.169
0.151
0.156
0.154
2.529
0.17
0.162
0.588
0.751
0.884
1.218
0.506
0.548
2.502
2.076
0.876
2.272
0.972
0.749
0.835
0.946
0.665
0.555
0.365
0.455
1.052
0.7
0.177
0.188
0.167
0.169
0.172
0.316
1.213
0.968
1.109
1.277
2.802
1.904
0.801
2.612
0.764
1.272
0.699
0.984
0.974
0.555
0.365
0.455
0.901
0.531
0.177
0.179
0.171
0.321
0.277
0.726
1.171
1.06
1.109
0.838
1.923
1.131
1.318
2.612
0.703
2.03
0.692
0.825
0.826
0.603
0.178
0.171
0.15
0.15
0.149
2.557
0.17
0.163
0.588
0.751
0.884
1.219
0.825
0.579
2.044
2.076
1.975
1.798
0.966
0.779
0.866
0.946
0.688
0.51
0.177
0.172
0.148
0.149
0.149
2.557
0.17
0.163
0.319
0.612
0.744
1.158
0.876
0.735
1.965
2.136
2.506
1.922
0.725
0.785
0.949
0.835
0.62
0.51
0.276
0.175
0.152
0.15
0.149
2.645
0.173
0.162
0.318
0.61
0.619
0.404
0.581
0.726
2.118
1.698
2.915
2.023
1.168
1.028
1.023
0.862
0.755
0.433
0.268
0.175
0.152
0.149
0.148
2.758
0.208
0.195
0.272
0.588
0.759
0.693
0.843
0.936
2.559
1.783
3.251
2.285
1.204
1.028
1.074
0.761
0.716
0.398
0.26
0.155
0.152
0.149
0.147
2.839
0.214
0.195
0.446
0.5
0.74
0.705
0.983
0.936
2.019
1.674
3.251
2.221
1.429
1.094
1.087
0.75
0.618
0.544
0.435
0.311
0.274
0.155
0.156
0.168
0.155
0.308
0.288
1.553
1.295
0.665
0.577
0.948
1.79
1.139
1.335
2.422
1.13
2.03
0.815
0.976
0.802
0.467
0.454
0.192
0.173
0.153
0.155
0.167
0.155
0.54
0.504
1.553
1.642
1.41
0.847
0.801
2.184
0.744
1.346
2.212
1.301
2.478
0.671
0.728
0.701
0.435
0.274
0.157
0.156
0.154
0.151
2.746
0.214
0.195
0.45
0.493
0.738
0.705
0.676
0.938
2.398
2.035
2.684
2.221
1.506
1.153
1.087
0.761
0.697
0.375
0.273
0.157
0.155
0.154
0.152
2.746
0.214
0.197
0.451
0.493
0.885
0.714
0.601
0.907
2.536
1.365
2.277
1.924
1.506
1.147
1.059
0.808
0.742
0.445
0.182
0.158
0.153
0.154
0.153
2.786
0.206
0.198
0.624
0.498
0.673
0.714
0.601
0.819
2.536
1.232
2.286
1.915
1.065
0.879
0.909
0.855
0.673
0.519
0.201
0.16
0.156
0.154
0.158
2.937
0.172
0.166
0.52
0.398
0.438
1.43
0.803
0.832
2.398
1.041
2.138
1.661
1.075
0.917
0.934
0.966
0.69
0.52
0.202
0.169
0.158
0.161
0.158
2.873
0.169
0.172
0.346
0.273
0.556
1.667
0.667
0.832
2.059
1.222
2.296
1.506
0.833
0.848
0.815
0.95
0.69
0.467
0.454
0.461
0.175
0.144
0.156
0.166
0.142
0.385
0.433
2.072
1.998
2.84
1.076
0.801
2.915
0.759
0.851
2.212
1.301
1.777
1.382
0.897
0.712
0.447
0.312
0.419
0.171
0.272
0.279
0.15
0.16
0.385
0.417
1.261
1.998
2.84
1.185
0.988
2.915
1.206
1.857
3.146
1.724
1.777
1.276
0.775
0.607
0.425
0.194
0.161
0.155
0.156
0.152
2.813
0.173
0.17
0.385
0.22
0.559
1.648
0.663
0.804
2.047
1.33
1.819
1.448
0.771
1.17
0.953
0.897
0.574
0.503
0.194
0.167
0.155
0.16
0.147
3.007
0.171
0.168
0.383
0.275
0.677
1.502
0.661
0.695
2.312
1.6
1.601
1.819
0.773
1.201
0.818
0.873
0.527
0.448
0.186
0.163
0.158
0.16
0.151
3.089
0.175
0.162
0.211
0.736
0.981
1.722
1.042
0.798
2.388
1.632
1.096
1.493
0.782
1.201
0.843
0.833
0.565
0.435
0.173
0.164
0.155
0.155
0.149
2.98
0.237
0.166
0.202
0.754
0.924
1.02
1.139
0.723
2.376
1.813
1.101
1.55
0.771
1.245
0.882
0.721
0.523
0.423
0.173
0.157
0.168
0.154
0.154
3.112
0.233
0.162
0.205
1.018
0.92
0.955
1.149
0.694
2.376
1.813
0.659
1.362
1.731
1.187
0.966
0.766
0.523
0.56
0.363
0.764
0.519
0.433
0.283
0.166
0.177
0.159
0.186
1.139
1.624
1.996
1.185
1.655
1.83
2.76
1.768
3.221
2.015
0.768
1.276
0.868
0.674
0.879
0.783
0.617
0.519
0.433
0.283
0.189
0.177
0.153
0.254
0.475
0.643
0.438
1.412
1.655
1.061
2.76
3.67
3.221
2.015
1.176
0.97
1.019
0.717
0.393
0.174
0.157
0.169
0.152
0.155
3.112
0.23
0.166
0.156
1.018
1.123
1.01
1.149
0.704
1.923
1.469
0.682
1.937
2.419
0.803
0.771
0.766
0.492
0.437
0.182
0.157
0.174
0.147
0.155
3.095
0.235
0.163
0.153
0.968
0.829
1.01
1.273
1.022
1.592
1.169
0.585
1.497
2.928
0.792
0.887
0.742
0.548
0.539
0.189
0.152
0.171
0.151
0.148
3.011
0.233
0.167
0.153
0.778
0.688
0.952
0.885
1.071
1.854
1.116
0.67
1.463
2.968
0.795
0.902
0.676
0.456
0.563
0.187
0.142
0.171
0.156
0.141
3.152
0.176
0.159
0.158
0.763
0.69
0.915
0.325
0.803
1.347
1.234
0.679
1.507
3.03
0.758
0.991
0.718
0.635
0.563
0.187
0.145
0.153
0.15
0.134
3.161
0.178
0.156
0.324
0.646
0.652
1.183
0.386
0.846
1.569
1.972
0.684
1.281
2.804
1.068
1.009
0.764
0.779
0.879
0.918
0.617
0.514
0.312
0.156
0.189
0.156
0.161
0.253
0.936
1.455
1.775
3.404
1.802
1.277
2.915
2.575
1.761
1.925
1.219
1.099
1.019
0.716
0.934
0.918
0.38
0.16
0.164
0.15
0.175
0.155
0.154
0.238
0.936
1.48
1.775
3.404
1.388
1.071
2.499
2.575
0.766
1.546
1.246
1.099
0.909
0.722
0.582
0.193
0.154
0.149
0.153
0.137
3.111
0.178
0.158
0.324
0.798
0.474
1.24
0.422
1.031
1.63
1.93
1.189
0.643
2.163
1.068
1.009
0.764
0.786
0.509
0.215
0.177
0.179
0.184
0.165
2.998
0.175
0.201
0.439
0.934
0.524
1.24
0.36
0.714
1.233
2.092
1.625
0.903
1.736
1.603
0.909
0.713
0.73
0.454
0.212
0.19
0.177
0.184
0.173
2.74
0.171
0.21
0.467
0.613
0.389
1.158
0.378
0.513
0.747
1.946
1.488
0.836
1.633
1.664
1.038
0.661
1.126
0.902
0.236
0.19
0.179
0.182
0.178
1.854
0.162
0.21
0.484
0.613
0.369
0.904
0.378
0.513
0.747
1.444
2.052
0.818
1.465
1.612
1.005
0.585
0.956
0.902
0.236
0.185
0.175
0.176
0.178
1.193
0.925
0.668
0.311
0.457
0.294
0.416
0.33
0.477
0.47
0.537
2.052
0.759
0.777
2.081
1.74
1.443
1.043
0.903
0.548
0.263
0.148
0.146
0.15
0.143
0.155
0.146
0.147
0.66
1.48
1.848
3.409
0.997
1.195
2.499
1.741
1.347
1.862
0.83
0.994
0.659
0.722
0.903
0.222
0.165
0.144
0.143
0.157
0.128
0.163
0.128
0.16
0.257
1.731
2.295
0.999
0.339
0.308
2.202
1.64
2.208
1.189
1.421
0.934
0.585
0.692
0.891
0.291
0.174
0.177
0.163
0.175
0.649
0.91
0.764
0.467
0.407
0.414
0.454
0.426
0.468
0.502
0.548
1.512
1.057
0.901
2.081
1.724
1.454
1.045
0.822
0.252
0.147
0.133
0.131
0.145
0.224
0.897
0.721
0.342
0.267
0.321
0.367
0.35
0.383
0.384
0.309
1.752
0.886
0.809
1.573
1.798
1.578
1.069
0.771
0.254
0.139
0.135
0.137
0.136
0.948
0.916
0.716
0.312
0.317
0.305
0.413
0.842
0.954
0.875
1.023
1.861
1.021
1.703
2.287
1.781
1.724
0.66
0.302
0.237
0.143
0.132
0.149
0.126
1.775
0.918
0.716
0.296
0.313
0.653
0.528
1.47
0.962
0.947
1.204
1.288
1.571
1.728
2.3
1.963
2.028
0.722
0.339
0.248
0.136
0.143
0.159
0.152
2.413
0.154
0.259
0.306
0.831
0.813
0.528
1.442
0.955
1.661
1.709
1.344
1.851
1.583
1.448
1.27
1.206
0.614
0.839
0.487
0.315
0.284
0.271
0.273
0.263
0.267
0.264
0.226
2.523
3.122
3.423
1.263
0.293
0.308
0.784
1.638
2.208
0.996
1.329
0.856
0.566
0.567
0.503
0.61
0.431
0.431
0.319
0.273
0.275
0.267
0.278
0.226
2.587
3.122
3.423
0.825
0.3
0.297
0.338
1.23
1.507
0.485
1.234
0.574
0.506
0.554
0.346
0.19
0.138
0.147
0.159
0.156
3.275
0.223
0.156
0.16
0.722
0.738
0.752
2.394
1.049
3.133
1.7
1.344
1.615
1.502
1.448
1.27
1.206
0.599
0.359
0.19
0.13
0.151
0.157
0.158
3.275
0.228
0.16
0.16
0.723
0.855
0.944
2.443
1.052
3.133
1.7
0.994
1.523
1.504
1.43
1.307
1.177
0.772
0.424
0.187
0.129
0.147
0.154
0.163
3.394
0.226
0.156
0.16
1.181
1.21
1.596
2.22
0.652
3.439
1.136
0.865
1.771
1.11
0.616
1.292
1.127
0.807
0.374
0.269
0.136
0.151
0.147
0.171
3.266
0.222
0.159
0.184
1.34
0.984
1.698
1.786
0.66
3.352
0.981
1.596
1.251
1.09
0.671
0.915
0.953
0.789
0.374
0.267
0.15
0.151
0.145
0.151
3.594
0.237
0.155
0.194
0.824
1.061
2.002
1.786
0.667
3.2
0.642
1.61
0.997
1.116
0.679
0.844
1.027
0.813
0.421
0.61
0.431
0.431
0.319
0.263
0.276
0.246
0.283
0.267
2.604
2.826
1.884
0.825
0.52
0.432
0.481
1.645
0.579
0.67
0.583
0.696
0.612
0.481
0.143
0.346
0.267
0.301
0.203
0.153
0.155
1.929
1.813
0.217
0.449
1.3
0.589
0.57
0.52
0.432
0.481
1.645
0.579
0.67
0.583
0.696
0.612
0.481
0.367
0.261
0.162
0.148
0.151
0.154
3.77
0.187
0.155
0.196
0.824
1.134
1.779
0.706
0.4
1.857
0.63
1.61
1.412
1.116
0.679
0.91
1.027
0.813
0.436
0.276
0.165
0.15
0.145
0.154
3.769
0.181
0.154
0.198
1.336
1.131
1.892
0.66
0.4
2.453
1.871
1.369
1.499
1.15
0.741
1.067
0.991
0.669
0.399
0.276
0.165
0.152
0.145
0.154
3.747
0.243
0.147
0.198
0.875
1.166
1.318
0.892
0.422
2.287
1.763
1.371
1.53
0.986
0.961
0.996
0.979
0.743
0.469
0.186
0.157
0.154
0.145
0.155
3.799
0.249
0.147
0.175
0.763
1.099
1.091
0.689
0.399
2.287
1.827
0.562
1.499
1.198
1.037
0.996
0.884
0.777
0.483
0.196
0.144
0.151
0.135
0.144
3.555
0.233
0.152
0.165
0.764
1.14
1.023
0.901
0.396
2.103
1.915
0.533
1.396
1.331
1.119
0.984
0.725
0.681
0.143
0.168
0.126
0.147
0.132
0.142
0.137
1.926
1.813
0.217
0.291
1.134
0.163
0.276
0.337
0.284
0.304
0.955
0.554
0.998
0.681
0.931
0.974
0.734
0.256
0.205
0.178
0.15
0.139
0.154
0.132
1.95
1.792
0.974
0.644
2.649
0.126
0.14
0.256
0.289
0.273
1.115
0.648
2.529
1.21
0.6
0.711
0.612
0.446
0.252
0.145
0.146
0.138
0.144
3.537
0.229
0.159
0.161
0.764
1.029
1.02
0.895
0.413
2.352
2.215
0.533
1.302
1.331
1.119
0.926
0.778
0.848
0.412
0.24
0.14
0.14
0.147
0.135
3.537
0.232
0.154
0.452
1.167
1.949
0.788
0.943
0.417
2.01
1.003
1.061
1.12
1.333
1.101
0.711
1.137
1.183
0.4
0.239
0.146
0.137
0.143
0.139
3.382
0.252
0.161
0.446
1.108
1.526
0.659
0.414
0.206
1.351
0.966
1.039
0.761
2.617
1.012
0.785
1.26
1.134
0.312
0.24
0.145
0.137
0.143
0.139
3.913
0.337
0.165
0.442
1.072
1.475
0.658
0.42
0.206
1.088
0.863
1.018
1.459
2.536
1.41
1.478
1.713
1.156
0.269
0.229
0.146
0.144
0.143
0.149
4.175
0.344
0.155
0.437
1.065
1.187
0.222
0.192
0.196
0.71
0.615
0.984
2.042
2.396
1.451
1.523
1.713
1.156
0.31
0.236
0.25
0.228
0.267
0.211
0.152
0.158
0.132
0.946
0.676
2.806
0.458
0.29
1.009
1.142
0.615
1.152
0.781
3.032
1.21
0.869
0.972
0.976
0.734
0.395
0.25
0.237
0.267
0.211
0.152
0.161
1.305
1.971
0.676
3.476
1.114
0.446
2.023
1.142
0.876
2.286
2.37
3.032
1.231
0.948
0.693
0.823
0.314
0.164
0.139
0.144
0.138
0.149
4.324
0.346
0.142
0.425
1.063
1.093
0.206
0.19
0.171
0.227
0.301
1.032
2.337
2.512
1.479
1.728
1.598
0.982
0.35
0.158
0.136
0.14
0.128
0.149
4.324
0.346
0.135
0.115
0.178
0.113
0.122
0.128
0.206
0.511
0.882
0.452
2.424
2.754
1.834
1.772
1.149
0.57
0.35
0.164
0.136
0.143
0.13
0.152
3.664
0.259
0.122
0.447
0.292
0.125
0.123
0.184
0.207
0.56
1.409
0.71
2.424
1.201
1.814
2.051
0.937
0.472
0.337
0.26
0.146
0.134
0.135
0.148
2.389
0.166
0.108
0.451
0.726
0.219
0.128
0.461
0.222
0.694
1.666
0.91
1.761
1.055
1.346
2.048
0.512
0.361
0.32
0.259
0.151
0.131
0.145
0.139
1.579
0.172
0.116
0.47
1.138
0.393
0.177
0.666
0.223
0.931
1.715
0.925
1.195
1.057
1.355
2.048
0.494
0.291
0.837
0.554
0.24
0.326
0.417
0.211
0.162
0.153
1.314
1.159
0.172
2.269
1.324
1.454
2.023
2.45
2.252
1.877
2.284
1.306
0.701
1.025
0.693
0.823
0.837
0.554
0.208
0.247
0.308
0.142
0.157
0.15
1.54
1.211
0.157
3.523
1.324
3.363
1.522
1.758
2.513
1.877
2.878
0.455
0.701
1.025
0.578
0.439
0.318
0.253
0.148
0.135
0.14
0.129
0.96
0.164
0.566
0.535
1.174
0.393
0.177
0.666
0.212
0.968
1.715
0.925
0.56
0.88
1.344
1.866
0.525
0.321
0.231
0.253
0.152
0.138
0.142
0.14
1.212
0.164
0.566
0.535
1.174
0.392
0.173
0.66
0.168
0.721
1.152
0.9
0.875
0.544
0.89
1.712
0.539
0.336
0.223
0.256
0.151
0.139
0.141
0.137
1.509
0.159
0.58
0.205
1.059
0.381
0.175
0.603
0.165
0.671
0.619
0.678
1.378
0.917
0.807
1.291
0.533
0.348
0.223
0.158
0.145
0.144
0.14
0.133
1.819
0.154
0.595
0.203
0.623
0.29
0.17
0.33
0.151
0.532
0.357
0.908
1.382
1.289
0.68
0.541
0.635
0.412
0.299
0.193
0.145
0.147
0.135
0.141
1.861
0.142
0.597
0.196
0.521
0.41
0.444
0.613
1.175
1.145
0.928
0.938
1.61
1.685
0.785
0.63
0.806
0.773
0.377
0.357
0.171
0.239
0.308
0.142
0.158
0.147
0.384
0.473
0.591
3.523
1.017
3.363
0.531
1.758
2.513
1.344
1.257
0.521
0.565
0.713
0.505
0.261
0.176
0.295
0.137
0.152
0.138
0.141
0.141
0.147
0.375
0.473
0.665
2.869
0.659
2.431
0.554
0.891
0.966
1.161
1.257
0.746
3.546
0.42
0.453
0.261
0.379
0.275
0.165
0.147
0.141
0.146
1.604
0.144
0.164
0.134
0.456
1.105
0.874
0.698
1.198
1.512
1.354
2.302
1.61
1.685
0.687
0.556
0.797
0.714
0.517
0.275
0.157
0.149
0.141
0.142
1.945
0.169
0.216
0.145
0.456
1.173
1.017
0.874
1.265
2.014
1.772
2.436
1.322
1.849
0.819
0.764
0.866
0.773
0.546
0.271
0.153
0.15
0.135
0.147
2.352
0.307
0.212
0.148
0.454
1.211
1.187
1.016
1.899
2.645
1.98
2.529
2.293
1.697
1.112
1.041
0.996
0.881
0.667
0.273
0.162
0.147
0.134
0.156
2.731
0.329
0.209
0.148
0.447
1.577
1.461
1.324
1.93
2.645
2.083
2.199
2.478
1.456
1.412
1.176
0.869
0.937
0.632
0.234
0.166
0.14
0.137
0.153
3.436
0.351
0.209
0.147
0.207
1.518
1.288
0.914
0.982
2.15
1.772
2.243
2.314
1.13
1.408
1.238
0.825
0.733
0.154
0.302
0.183
0.257
0.137
0.155
0.141
0.161
0.14
0.431
0.685
1.461
0.437
0.523
0.794
1.004
0.705
1.296
1.47
2.663
3.737
0.7
0.783
0.651
0.193
0.306
0.174
0.257
0.147
0.16
0.134
0.153
0.329
0.422
0.379
1.461
0.42
0.68
0.935
2.491
0.704
1.898
1.379
2.663
3.737
0.675
0.646
0.607
0.544
0.184
0.143
0.147
0.132
0.15
4.083
0.351
0.206
0.151
0.198
0.894
0.9
0.906
1.182
1.735
1.508
0.986
2.342
1.652
1.408
1.238
0.836
0.75
0.44
0.188
0.143
0.142
0.143
0.147
4.083
0.446
0.155
0.147
0.372
1.007
1.359
0.772
1.789
1.683
1.166
1.224
2.299
1.618
1.347
1.143
0.884
0.83
0.455
0.189
0.152
0.137
0.145
0.147
4.236
0.339
0.158
0.144
0.482
1.133
1.357
0.633
1.205
1.056
1.007
1.427
0.884
1.461
1.206
0.975
0.812
0.816
0.363
0.203
0.145
0.138
0.145
0.14
4.148
0.422
0.158
0.144
0.491
1.314
1.639
0.56
1.255
1.092
1.074
1.386
0.785
1.484
1.126
1.152
0.912
0.816
0.376
0.205
0.143
0.138
0.147
0.14
4.086
0.44
0.158
0.15
0.728
1.156
2.265
0.842
1.256
1.094
0.698
1.326
1.04
1.412
1.013
0.982
0.862
0.742
0.198
0.167
0.174
0.597
0.192
0.165
0.136
0.156
0.332
0.422
0.379
0.82
0.318
0.992
2.563
2.15
0.695
1.898
1.49
2.707
1.046
0.945
0.883
0.94
0.228
0.354
0.174
0.531
0.202
0.155
0.133
0.138
0.339
0.419
0.344
0.997
0.522
1.285
2.439
2.934
0.531
1.894
2.182
1.328
1.324
0.981
0.824
0.703
0.404
0.194
0.152
0.131
0.148
0.148
3.756
0.44
0.154
0.147
0.859
1.388
2.265
0.788
1.051
1.069
0.669
1.326
1.499
1.077
1.595
0.982
0.794
0.708
0.404
0.258
0.16
0.134
0.142
0.148
3.756
0.346
0.148
0.15
0.695
1.267
1.672
0.759
0.524
0.994
1.095
1.046
1.557
1.16
1.64
1.048
0.903
0.703
0.435
0.261
0.15
0.136
0.14
0.139
3.835
0.354
0.149
0.147
0.864
1.431
1.503
0.75
0.524
0.994
1.157
1.063
1.591
1.107
1.604
1.081
1.107
0.746
0.458
0.246
0.149
0.141
0.14
0.133
3.851
0.277
0.141
0.149
0.863
0.916
0.835
0.49
0.473
0.758
1.271
1.019
1.591
1.079
1.761
0.994
1.015
0.751
0.421
0.247
0.141
0.147
0.136
0.129
4.018
0.279
0.15
0.148
0.912
0.916
0.177
0.195
0.384
0.752
1.321
1.173
1.386
1.076
1.761
1.151
1.122
0.885
0.252
0.346
0.328
0.531
0.202
0.145
0.147
0.138
0.153
0.145
0.2
1.787
2.015
2.152
3.191
2.29
0.663
0.671
2.351
1.328
1.445
1.057
1.102
0.746
0.394
0.464
0.762
0.203
0.163
0.136
0.142
0.149
0.153
0.138
0.206
2.507
2.342
3.077
1.505
2.29
0.663
0.671
2.351
1.202
1.445
1.057
1.102
0.601
0.328
0.282
0.144
0.147
0.133
0.126
4.001
0.279
0.147
0.154
0.844
1.022
0.523
0.2
0.339
0.765
1.323
1.173
1.411
0.889
1.404
1.434
1.122
0.885
0.391
0.211
0.145
0.145
0.131
0.136
4.068
0.308
0.158
0.2
0.859
1.32
0.56
0.255
0.206
0.404
0.891
1.4
1.531
0.96
1.471
1.406
0.895
0.836
0.339
0.209
0.144
0.143
0.135
0.134
3.979
0.347
0.148
0.209
0.931
1.359
0.576
0.324
0.22
0.469
0.92
2.029
1.704
1.354
1.577
1.329
0.748
0.833
0.292
0.211
0.153
0.133
0.135
0.142
4.072
0.351
0.148
0.316
1.272
1.298
0.544
0.28
0.163
1.241
0.815
2.078
1.704
1.472
1.471
1.383
0.827
0.788
0.3
0.205
0.162
0.126
0.137
0.145
4.007
0.342
0.144
0.481
1.013
1.601
0.585
0.284
0.165
1.325
1.001
1.983
1.694
1.472
1.471
1.222
0.644
0.627
0.422
0.652
0.804
0.202
0.153
0.146
0.151
0.14
0.133
0.134
0.489
3.885
3.477
3.077
4.071
1.404
0.552
0.56
1.482
2.075
2.572
2.007
1.009
0.786
0.674
0.801
0.804
0.202
0.154
0.146
0.157
0.168
0.122
0.259
1.011
3.886
3.347
2.595
4.897
2.718
0.351
0.311
1.178
2.622
2.449
1.821
0.753
0.807
0.399
0.166
0.163
0.124
0.141
0.145
3.865
0.342
0.144
0.481
1.005
1.199
0.247
0.284
0.202
1.274
0.997
1.984
1.173
2.089
1.354
1.137
0.836
0.804
0.457
0.176
0.155
0.132
0.143
0.139
3.354
0.321
0.133
0.433
1.628
0.913
0.213
0.222
0.26
1.755
1.33
1.964
1.009
1.959
1.252
1.309
0.92
0.869
0.452
0.173
0.159
0.138
0.141
0.145
3.626
0.272
0.16
0.742
1.471
0.531
0.198
0.15
0.254
1.759
1.301
1.027
0.998
1.701
1.224
1.395
0.892
0.922
0.497
0.189
0.153
0.142
0.145
0.14
3.415
0.271
0.233
0.632
1.171
1.052
0.619
0.755
0.269
1.382
1.158
1.091
1.132
2.334
1.166
1.299
0.821
0.871
0.569
0.189
0.15
0.149
0.142
0.139
3.168
0.272
0.238
0.547
1.249
1.026
0.842
0.747
0.27
1.305
0.98
1.569
1.247
2.516
1.176
1.36
0.989
0.956
0.81
0.801
0.629
0.197
0.146
0.158
0.157
0.161
0.139
0.299
1.011
3.886
3.609
1.992
4.897
3.144
0.726
0.742
1.327
2.744
3.101
2.08
0.753
0.807
0.81
0.688
0.455
0.168
0.158
0.147
0.167
0.161
0.144
0.299
1.02
3.557
3.225
5.273
2.349
3.144
0.845
0.619
0.746
2.726
1.908
0.973
0.7
0.668
0.498
0.183
0.151
0.149
0.139
0.144
3.389
0.272
0.249
0.855
1.2
1.074
0.871
0.753
0.233
1.443
1.105
1.538
1.856
1.907
1.176
1.255
0.861
0.82
0.424
0.175
0.149
0.151
0.139
0.143
3.404
0.281
0.249
0.849
0.845
1.249
0.985
0.971
1.051
1.679
2.009
1.267
1.856
1.966
1.244
1.124
0.804
0.756
0.424
0.176
0.149
0.143
0.138
0.143
3.404
0.282
1.204
0.565
0.722
1.249
0.985
0.971
1.05
2.11
2.081
1.295
1.877
2.019
1.23
1.196
0.889
0.756
0.383
0.157
0.16
0.143
0.131
0.144
3.182
0.283
1.136
0.565
1.169
1.079
0.699
0.653
1.202
2.047
2.018
1.319
1.768
1.384
1.28
1.177
0.881
0.756
0.384
0.165
0.156
0.136
0.131
0.15
2.919
0.25
1.129
0.476
1.231
1.664
0.482
0.729
1.33
2.047
2.185
1.07
1.761
2.03
1.25
1.062
0.782
0.817
0.653
0.456
0.611
0.232
0.154
0.149
0.169
0.144
0.144
0.202
0.821
3.328
2.721
6.36
1.305
0.976
0.845
0.721
0.956
2.726
3.021
0.962
0.667
0.757
0.43
0.421
0.324
0.209
0.156
0.134
0.169
0.139
0.13
0.158
0.758
3.328
2.021
6.36
1.259
0.764
1.452
0.693
2.267
2.167
2.223
0.857
0.738
0.813
0.39
0.155
0.144
0.135
0.134
0.14
2.906
0.25
1.122
0.167
1.231
2.059
0.611
0.789
1.357
2.05
3.008
2.3
1.246
2.03
1.25
0.84
0.743
0.739
0.449
0.223
0.21
0.193
0.151
0.142
2.556
0.213
1.117
0.178
1.034
1.913
1.053
0.797
0.467
1.459
2.407
2.3
1.246
1.977
1.17
0.902
0.799
0.674
0.457
0.218
0.214
0.2
0.15
0.134
2.88
0.461
0.548
0.166
0.962
1.913
1.053
0.797
0.475
1.088
2.407
2.257
1.477
1.82
1.181
1.704
0.926
0.584
0.457
0.218
0.214
0.197
0.16
0.134
3.063
0.467
0.555
0.17
0.502
1.746
1.134
0.746
0.713
1.392
2.654
2.206
1.482
1.855
1.372
1.71
0.926
0.705
0.44
0.207
0.217
0.204
0.16
0.133
3.654
0.498
0.566
0.187
0.27
1.175
1.156
0.705
0.702
1.64
2.7
1.936
1.636
1.076
1.383
1.79
0.927
0.591
0.542
0.535
0.363
0.387
0.253
0.138
0.157
0.144
0.144
0.21
0.838
2.292
2.021
3.022
1.886
0.782
1.456
0.81
3.444
1.722
2.384
0.975
0.76
0.962
0.753
0.535
0.263
0.305
0.253
0.138
0.153
0.141
0.151
0.289
1.121
1.443
1.347
2.641
1.559
0.782
1.463
1.614
3.444
1.735
1.112
0.975
0.811
0.911
0.882
0.278
0.226
0.201
0.166
0.132
3.894
0.521
0.564
0.193
0.269
0.795
1.31
0.684
0.766
1.561
1.744
1.138
1.598
1.151
1.433
1.819
0.948
0.651
0.424
0.316
0.168
0.139
0.143
0.138
3.894
1.425
0.593
0.184
0.143
0.7
0.839
0.541
1.223
1.43
1.324
1.107
2.006
1.223
1.433
1.898
0.978
0.774
0.422
0.328
0.163
0.139
0.14
0.15
3.214
2.028
0.238
0.182
0.161
0.724
1.109
1.285
1.306
1.613
1.541
1.216
2.12
1.294
1.338
0.998
0.899
1.28
0.561
0.48
0.256
0.145
0.137
0.15
2.515
2.769
0.261
0.179
0.17
0.541
1.321
1.352
1.518
1.392
1.38
1.533
2.258
1.269
1.539
1.068
1.094
1.287
0.625
0.496
0.253
0.145
0.139
0.148
1.387
3.976
0.341
0.169
0.167
0.305
1.321
1.352
1.488
1.014
1.345
1.505
2.732
1.361
1.53
1.049
1.191
1.287
0.724
0.423
0.263
0.301
0.252
0.128
0.153
0.147
0.151
0.289
1.121
2.338
2.458
3.643
3.531
1.307
0.699
1.7
3.217
2.547
1.143
0.919
0.74
0.874
0.877
0.504
0.417
0.118
0.152
0.129
0.145
0.151
0.127
0.238
1.014
3.174
2.458
3.643
3.196
1.348
1.827
4.694
2.154
1.814
2.116
0.878
0.739
0.687
0.815
0.545
0.339
0.145
0.135
0.152
0.135
4.308
0.341
0.163
0.173
0.238
1.056
1.34
1.406
0.954
1.345
1.031
2.947
1.675
1.521
1.066
1.286
1.299
0.763
0.479
0.341
0.139
0.14
0.142
0.135
4.158
0.335
0.171
0.164
0.234
1.033
1.255
1.058
0.958
1.23
1.275
2.729
1.675
1.509
1.005
1.286
1.349
0.779
0.479
0.345
0.13
0.141
0.133
0.132
4.196
0.317
0.149
0.139
0.625
0.701
0.474
0.884
0.775
1.02
1.165
2.366
2.026
1.698
1.168
1.308
1.521
0.702
0.423
0.258
0.129
0.134
0.133
0.122
4.309
0.309
0.152
0.13
0.623
0.547
0.647
0.288
0.156
1.598
1.017
2.361
1.936
1.396
1.117
1.098
1.571
0.683
0.423
0.258
0.122
0.131
0.127
0.116
4.079
0.255
0.227
0.137
0.555
0.995
1.243
0.697
0.413
1.324
0.872
2.024
1.992
1.567
1.155
1.132
1.571
0.687
0.631
0.589
0.366
0.153
0.132
0.131
0.159
0.137
0.167
0.602
3.174
2.356
2.779
5.409
2.377
1.876
4.32
1.99
1.894
2.632
0.876
0.712
0.939
0.611
0.631
0.589
0.378
0.305
0.142
0.134
0.159
0.139
0.144
0.276
1.788
0.39
0.998
3.112
1.791
2.472
4.32
1.865
2.062
2.632
0.811
0.721
0.958
0.651
0.345
0.265
0.124
0.133
0.126
0.115
3.704
0.255
0.224
0.14
0.597
0.97
1.249
0.69
0.41
1.366
0.877
2.059
2.524
1.633
1.142
1.017
1.6
0.653
0.389
0.271
0.13
0.129
0.126
0.116
3.73
0.33
0.235
0.14
0.597
0.902
1.299
0.587
0.641
1.582
1.101
1.875
2.609
1.676
1.361
1.06
1.58
0.675
0.389
0.27
0.207
0.136
0.12
0.12
3.532
0.307
0.236
0.145
0.181
0.932
1.604
0.826
0.644
1.785
1.852
2.811
2.217
1.614
1.201
0.947
0.903
0.69
0.452
0.267
0.203
0.273
0.128
0.121
3.304
0.283
0.234
0.144
0.283
0.957
1.193
0.88
0.805
1.816
1.768
2.674
2.217
1.487
1.162
0.909
1.414
0.882
0.471
0.261
0.211
0.273
0.128
0.123
3.266
0.275
0.148
0.145
0.287
0.559
1.652
1.041
1.515
2.371
1.965
2.362
2.216
1.531
1.038
0.695
1.49
0.916
0.655
0.645
0.475
0.312
0.13
0.137
0.143
0.139
0.143
0.142
0.646
0.253
1.783
3.676
2.513
1.6
1.525
2.302
2.112
1.476
1.106
1.306
0.958
0.734
0.526
0.519
0.445
0.317
0.134
0.134
0.133
0.127
0.132
0.133
0.603
1.084
1.097
2.14
2.327
2.487
2.819
1.427
2.112
1.604
1.175
1.29
0.704
0.734
0.547
0.184
0.211
0.273
0.129
0.124
3.617
0.286
0.15
0.138
0.231
0.606
1.652
1.09
1.56
2.371
2.524
3.2
1.289
1.353
1.037
0.67
1.416
0.932
0.64
0.197
0.207
0.28
0.13
0.124
3.651
0.306
0.238
0.245
0.34
0.697
2.053
1.232
1.377
2.07
2.95
3.998
1.253
1.204
0.822
0.572
1.398
0.889
0.64
0.277
0.133
0.275
0.133
0.122
3.654
0.312
0.24
0.246
0.563
0.715
1.918
1.147
1.404
2.167
2.455
3.133
1.362
1.129
0.889
0.622
1.803
0.934
0.567
0.266
0.135
0.141
0.131
0.125
3.7
0.326
0.241
0.246
0.462
0.471
1.855
1.14
1.322
1.65
2.777
3.248
1.362
1.293
0.988
0.735
1.27
0.736
0.53
0.266
0.128
0.141
0.134
0.123
3.72
0.425
0.241
0.405
1.128
0.523
0.769
0.569
0.675
2.191
3.103
3.553
1.346
1.047
1.001
0.767
1.377
0.685
0.74
0.805
0.852
0.403
0.133
0.127
0.134
0.139
0.15
0.267
0.605
1.098
1.097
2.14
2.327
2.398
3.648
1.547
1.267
2.191
1.206
1.317
0.671
0.708
0.605
0.812
0.852
0.403
0.133
0.119
0.134
0.141
0.158
0.267
0.605
1.098
0.702
2.075
2.116
2.398
3.648
1.376
1.136
2.191
1.111
0.829
0.884
0.668
0.529
0.236
0.129
0.136
0.13
0.124
3.321
0.425
0.24
0.406
1.128
0.497
0.944
0.631
0.672
2.191
2.892
2.598
2.185
1.047
0.979
0.739
1.377
0.647
0.416
0.216
0.129
0.129
0.133
0.125
3.193
0.432
0.236
0.402
1.13
0.446
0.607
0.686
0.61
2.307
2.419
2.068
2.303
1.031
0.977
0.819
1.289
0.673
0.434
0.137
0.127
0.128
0.132
0.124
2.67
0.412
0.368
0.399
0.902
0.651
0.698
1.173
1.22
2.003
3.028
3.018
2.311
1.067
1.005
0.897
0.856
0.563
0.408
0.15
0.128
0.126
0.129
0.12
2.034
0.391
0.368
0.468
0.911
0.633
0.691
1.156
1.16
2.187
3.048
3.018
2.311
0.955
0.939
0.876
1.178
0.638
0.408
0.154
0.127
0.124
0.131
0.121
1.426
0.284
0.371
0.301
0.407
0.976
1.404
2.447
1.435
1.192
2.942
3.35
2.298
1.062
1.068
0.999
0.959
0.549
0.734
1.103
0.828
0.506
0.152
0.13
0.125
0.141
0.158
0.267
1.963
2.838
1.809
3.775
3.493
1.324
2.912
2.02
1.334
2.233
1.888
0.913
0.861
0.588
0.689
0.966
0.402
0.265
0.147
0.13
0.183
0.136
0.135
1.378
1.6
2.703
1.878
3.535
3.125
1.337
1.789
2.02
1.2
1.928
1.888
0.913
0.861
0.588
0.367
0.162
0.124
0.125
0.131
0.127
0.821
0.284
0.37
0.302
0.468
0.938
1.298
2.359
1.565
1.196
2.973
3.892
1.578
1.062
1.068
1.043
1.138
0.63
0.32
0.156
0.13
0.12
0.129
0.127
0.898
0.245
0.267
0.197
0.41
0.948
1.299
2.235
1.715
1.484
2.875
3.722
1.495
1.163
1.138
1.055
1.717
0.655
0.321
0.151
0.135
0.119
0.127
0.125
1.205
0.26
0.132
0.196
0.41
0.956
1.213
1.818
1.05
1.661
2.197
2.742
1.402
1.221
1.191
1.155
2.223
0.691
0.351
0.156
0.131
0.116
0.123
0.126
1.478
0.26
0.131
0.127
0.4
0.978
1.266
1.988
1.055
2.069
2.782
2.701
1.448
1.562
1.502
1.211
2.262
0.597
0.433
0.168
0.139
0.118
0.116
0.12
1.445
0.352
0.127
0.128
0.234
0.623
0.899
0.801
0.486
2.011
3.056
2.129
1.381
1.515
1.566
1.254
2.262
0.648
0.689
0.998
0.391
0.257
0.148
0.123
0.183
0.126
0.126
1.37
1.598
3.692
4.199
4.931
4.512
1.441
2.031
2.422
1.295
1.788
2.547
1.278
0.867
0.55
0.684
0.65
0.234
0.179
0.129
0.112
0.181
0.117
0.12
1.376
0.125
2.895
3.81
3.707
2.436
1.441
1.263
1.869
1.186
1.15
2.051
1.283
1.175
0.924
0.475
0.168
0.136
0.114
0.114
0.112
1.563
0.455
0.232
0.23
0.307
0.623
0.899
0.801
0.373
2.011
2.804
1.468
1.829
1.878
2.205
1.655
2.217
0.601
0.527
0.17
0.141
0.117
0.117
0.119
1.602
0.384
0.244
0.243
0.267
0.611
0.852
0.72
0.252
1.791
2.935
1.436
1.809
1.826
2.192
1.655
1.761
0.599
0.527
0.191
0.142
0.115
0.118
0.122
2.307
0.392
0.247
0.246
0.524
0.338
0.678
0.977
0.368
1.624
3.747
2.259
1.918
1.842
2.349
1.591
1.36
0.615
0.543
0.195
0.147
0.116
0.119
0.125
2.825
0.411
0.251
0.247
0.526
0.546
0.924
0.791
0.486
1.024
3.201
2.255
1.785
1.563
2.086
1.546
0.926
0.747
0.523
0.186
0.144
0.122
0.123
0.132
3.266
0.312
0.253
0.462
1.003
0.46
0.654
0.697
0.547
0.949
2.779
2.628
1.785
1.557
1.857
1.512
0.871
0.762
0.872
0.65
0.34
0.2
0.129
0.119
0.131
0.129
0.129
0.622
1.223
3.28
3.81
3.707
3.254
1.331
2.208
3.012
2.411
1.276
2.051
1.406
1.175
0.928
0.843
0.558
0.471
0.2
0.124
0.119
0.132
0.132
0.138
0.635
1.831
3.28
1.385
4.906
2.311
1.281
3.067
4.079
3.037
1.22
1.428
1.06
1.102
0.928
0.474
0.19
0.144
0.128
0.127
0.133
3.266
0.216
0.15
0.36
1.282
0.921
1.437
0.844
0.559
1.004
2.779
2.492
1.349
1.295
1.269
1.113
0.999
0.88
0.443
0.195
0.135
0.129
0.131
0.124
3.549
0.319
0.145
0.35
1.273
0.86
1.449
0.807
0.559
0.937
2.563
2.98
1.425
1.283
1.347
1.2
1.06
0.871
0.474
0.187
0.131
0.129
0.131
0.129
3.458
0.421
0.143
0.356
1.018
0.86
1.449
0.404
0.555
1.187
1.859
2.145
1.314
1.348
1.225
1.196
1.056
0.892
0.474
0.187
0.13
0.132
0.142
0.129
2.878
0.579
0.209
0.428
1.285
0.821
1.158
0.457
0.529
1.392
1.565
2.116
1.296
1.749
1.234
1.224
1.129
0.862
0.542
0.199
0.166
0.204
0.156
0.121
2.157
0.592
0.206
0.211
0.969
0.988
2.094
1.036
0.972
1.497
1.583
1.906
1.333
1.806
1.356
1.281
1.292
0.948
0.843
0.498
0.471
0.15
0.124
0.124
0.141
0.132
0.138
0.658
1.843
1.973
0.855
3.74
2.311
2.44
3.067
4.079
3.037
1.74
1.046
0.927
0.874
0.636
0.611
0.539
0.339
0.128
0.128
0.124
0.131
0.132
0.136
0.501
2.264
0.96
0.802
3.74
1.356
1.955
2.264
2.998
1.765
1.525
0.95
0.868
0.936
0.913
0.593
0.206
0.165
0.199
0.155
0.121
2.075
0.592
0.205
0.378
0.698
1.092
1.975
1.489
1.854
1.814
1.583
1.906
1.291
1.692
1.282
1.281
1.216
1.102
0.593
0.206
0.165
0.208
0.151
0.129
1.418
0.472
0.198
0.396
0.835
1.291
2.811
2.573
2.727
2.875
3.061
1.693
1.156
1.681
1.645
1.152
1.186
1.102
0.613
0.315
0.242
0.231
0.156
0.152
0.425
0.35
0.203
0.422
0.866
1.6
3.392
2.998
2.967
2.788
3.253
1.656
1.232
1.673
1.594
1.09
1.156
1.214
0.653
0.361
0.255
0.239
0.145
0.159
0.131
0.163
0.131
0.351
0.736
2.646
3.392
3.056
2.967
2.371
3.088
1.746
1.263
1.363
1.643
1.068
1.258
1.394
0.841
0.546
0.314
0.168
0.14
0.159
0.14
0.139
0.138
0.351
0.638
2.646
3.057
3.043
2.599
2.345
2.992
1.487
1.259
1.4
1.595
0.931
1.08
1.393
