0.0
0.0
0.0
0.0
0.0
0.0
0.0
0.0
0.0
0.0
0.0
0.0
0.0
0.0
0.0
0.0
0.0
0.0
0.0
0.0
0.0
0.0
0.0
0.0
0.0
0.0
0.0
0.0
0.0
0.0
0.0
0.0
0.0
0.0
0.0
0.0
0.0
0.0
0.0
0.0
0.0
0.0
0.0
0.0
0.0
0.0
0.0
0.0
0.0
0.0
0.0
0.0
0.0
0.0
0.0
0.0
0.0
0.0
0.0
0.0
0.0
0.0
0.0
0.0
0.0
0.0
0.0
0.0
0.0
0.0
0.0
0.0
0.0
0.0
0.0
0.0
0.0
0.0
0.0
0.0
0.0
0.0
0.0
0.0
0.0
0.0
0.0
0.0
0.0
0.0
0.0
0.0
0.0
0.0
0.0
0.0
0.0
0.0
0.0
0.0
0.0
0.0
0.0
0.0
0.0
0.0
0.0
0.0
0.0
0.0
0.0
0.0
0.0
0.0
0.0
0.0
0.0
0.0
0.0
0.0
0.0
0.0
0.0
0.0
0.0
0.0
0.0
0.0
0.0
0.0
0.0
0.0
0.0
0.0
0.0
0.0
0.0
0.0
0.0
0.0
0.0
0.0
0.0
0.0
0.0
0.0
0.0
0.0
0.0
0.0
0.0
0.0
0.0
0.0
0.0
0.0
0.0
0.0
0.0
0.0
0.0
0.0
0.0
0.0
0.0
0.0
0.0
0.0
0.0
0.0
0.0
0.0
0.0
0.0
0.0
0.0
0.0
0.0
0.0
0.0
0.0
0.0
0.0
0.0
0.0
0.0
0.0
0.0
0.0
0.0
0.0
0.0
0.0
0.0
0.0
0.0
0.0
0.0
0.0
0.0
0.0
0.0
0.0
0.0
0.0
0.0
0.0
0.0
0.0
0.0
0.0
0.0
0.0
0.0
0.0
0.0
0.0
0.0
0.0
0.0
0.0
0.0
0.0
0.0
0.0
0.0
0.0
0.0
0.0
0.0
0.0
0.0
0.0
0.0
0.0
0.0
0.0
0.0
0.0
0.0
0.0
0.0
0.0
0.0
0.0
0.0
0.0
0.0
0.0
0.0
0.0
0.0
0.0
0.0
0.0
0.0
0.0
0.0
0.0
0.0
0.0
0.0
0.0
0.0
0.0
0.0
0.0
0.0
0.0
0.0
0.0
0.0
0.0
0.0
0.0
0.0
0.0
0.0
0.0
0.0
0.0
0.0
0.0
0.0
0.0
0.0
0.0
0.0
0.0
0.0
0.0
0.0
0.0
0.0
0.0
0.0
0.0
0.0
0.0
0.0
0.0
0.0
0.0
0.0
0.0
0.0
0.0
0.0
0.0
0.0
0.0
0.0
0.0
0.0
0.0
0.0
0.0
0.0
0.0
0.0
0.0
0.0
0.0
0.0
0.0
0.0
0.0
0.0
0.0
0.0
0.0
0.0
0.0
0.0
0.0
0.0
0.0
0.0
0.0
0.0
0.0
0.0
0.0
0.0
0.0
0.0
0.0
0.0
0.0
0.0
0.0
0.0
0.0
0.0
0.0
0.0
0.0
0.0
0.0
0.0
0.0
0.0
0.0
0.0
0.0
0.0
0.0
0.0
0.0
0.0
0.0
0.0
0.0
0.0
0.0
0.0
0.0
0.0
0.0
0.0
0.0
0.0
0.0
0.0
0.0
0.0
0.0
0.0
0.0
0.0
0.0
0.0
0.0
0.0
0.0
0.0
0.0
0.0
0.0
0.0
0.0
0.0
0.0
0.0
0.0
0.0
0.0
0.0
0.0
0.0
0.0
0.0
0.0
0.0
0.0
0.0
0.0
0.0
0.0
0.0
0.0
0.0
0.0
0.0
0.0
0.0
0.0
0.0
0.0
0.0
0.0
0.0
0.0
0.0
0.0
0.0
0.0
0.0
0.0
0.0
0.0
0.0
0.0
0.0
0.0
0.0
0.0
0.0
0.0
0.0
0.0
0.0
0.0
0.0
0.0
0.0
0.0
0.0
0.0
0.0
0.0
0.0
0.0
0.0
0.0
0.0
0.0
0.0
0.0
0.0
0.0
0.0
0.0
0.0
0.0
0.0
0.0
0.0
0.0
0.0
0.0
0.0
0.0
0.0
0.0
0.0
0.0
0.0
0.0
0.0
0.0
0.0
0.0
0.0
0.0
0.0
0.0
0.0
0.0
0.0
0.0
0.0
0.0
0.0
0.0
0.0
0.0
0.0
0.0
0.0
0.0
0.0
0.0
0.0
0.0
0.0
0.0
0.0
0.0
0.0
0.0
0.0
0.0
0.0
0.0
0.0
0.0
0.0
0.0
0.0
0.0
0.0
0.0
0.0
0.0
0.0
0.0
0.0
0.0
0.0
0.0
0.0
0.0
0.0
0.0
0.0
0.0
0.0
0.0
0.0
0.0
0.0
0.0
0.0
0.0
0.0
0.0
0.0
0.0
0.0
0.0
0.0
0.0
0.0
0.0
0.0
0.0
0.0
0.0
0.0
0.0
0.0
0.0
0.0
0.0
0.0
0.0
0.0
0.0
0.0
0.0
0.0
0.0
0.0
0.0
0.0
0.0
0.0
0.0
0.0
0.0
0.0
0.0
0.0
0.0
0.0
0.0
0.0
0.0
0.0
0.0
0.0
0.0
0.0
0.0
0.0
0.0
0.0
0.0
0.0
0.0
0.0
0.0
0.0
0.0
0.0
0.0
0.0
0.0
0.0
0.0
0.0
0.0
0.0
0.0
0.0
0.0
0.0
0.0
0.0
0.0
0.0
0.0
0.0
0.0
0.0
0.0
0.0
0.0
0.0
0.0
0.0
0.0
0.0
0.0
0.0
0.0
0.0
0.0
0.0
0.0
0.0
0.0
0.0
0.0
0.0
0.0
0.0
0.0
0.0
0.0
0.0
0.0
0.0
0.0
0.0
0.0
0.0
0.0
0.0
0.0
0.0
0.0
0.0
0.0
0.0
0.0
0.0
0.0
0.0
0.0
0.0
0.0
0.0
0.0
0.0
0.0
0.0
0.0
0.0
0.0
0.0
0.0
0.0
0.0
0.0
0.0
0.0
0.0
0.0
0.0
0.0
0.0
0.0
0.0
0.0
0.0
0.0
0.0
0.0
0.0
0.0
0.0
0.0
0.0
0.0
0.0
0.0
0.0
0.0
0.0
0.0
0.0
0.0
0.0
0.0
0.0
0.0
0.0
0.0
0.0
0.0
0.0
0.0
0.0
0.0
0.0
0.0
0.0
0.0
0.0
0.0
0.0
0.0
0.0
0.0
0.0
0.0
0.0
0.0
0.0
0.0
0.0
0.0
0.0
0.0
0.0
0.0
0.0
0.0
0.0
0.0
0.0
0.0
0.0
0.0
0.0
0.0
0.0
0.0
0.0
0.0
0.0
0.0
0.0
0.0
0.0
0.0
0.0
0.0
0.0
0.0
0.0
0.0
0.0
0.0
0.0
0.0
0.0
0.0
0.0
0.0
0.0
0.0
0.0
0.0
0.0
0.0
0.0
0.0
0.0
0.0
0.0
0.0
0.0
0.0
0.0
0.0
0.0
0.0
0.0
0.0
0.0
0.0
0.0
0.0
0.0
0.0
0.0
0.0
0.0
0.0
0.0
0.0
0.0
0.0
0.0
0.0
0.0
0.0
0.0
0.0
0.0
0.0
0.0
0.0
0.0
0.0
0.0
0.0
0.0
0.487
0.381
0.391
0.386
0.405
0.361
0.426
1.543
1.777
0.529
0.602
1.254
1.774
0.68
0.989
1.59
2.155
2.309
1.733
0.797
2.958
4.281
1.45
0.54
0.382
0.36
0.425
0.383
0.366
0.339
0.365
1.955
1.885
0.575
0.701
1.19
1.638
0.936
1.009
1.606
2.155
2.652
0.895
1.002
2.958
4.281
1.279
0.34
0.382
0.432
0.429
0.383
0.359
0.34
0.365
2.336
1.885
0.434
0.505
0.347
1.369
1.006
0.466
0.849
1.57
2.722
0.902
1.057
3.034
4.421
1.286
0.291
0.386
0.449
0.444
0.332
0.288
0.35
0.385
2.541
1.906
0.326
0.467
0.362
1.4
1.053
0.4
0.818
1.328
2.636
0.873
1.396
2.754
4.31
1.629
1.984
0.602
0.404
0.461
0.462
0.457
0.445
0.371
0.351
0.88
0.865
1.034
3.36
0.727
1.909
2.465
1.768
3.398
0.782
2.122
1.345
3.2
4.764
1.668
0.939
0.564
0.584
0.554
0.56
0.531
0.441
0.359
0.22
0.836
0.989
1.891
3.36
0.727
0.831
0.752
2.055
2.544
3.721
3.51
1.22
2.514
4.866
1.993
0.343
0.383
0.445
0.421
0.31
0.288
0.408
0.579
2.558
1.988
0.413
0.467
0.5
0.96
0.97
0.363
0.434
0.764
1.884
2.168
1.351
2.615
3.975
1.6
0.387
0.364
0.427
0.416
0.378
0.361
0.416
0.513
2.558
2.119
0.382
0.453
0.482
1.413
1.42
0.545
0.523
1.191
2.088
2.461
1.494
2.454
4.228
1.812
0.453
0.394
0.405
0.406
0.403
0.383
0.423
0.536
2.385
1.907
0.372
0.459
0.489
1.432
1.194
0.684
0.976
1.809
1.995
2.504
1.531
2.689
4.549
2.171
0.498
0.424
0.358
0.336
0.345
0.41
0.435
1.068
2.283
2.151
0.423
0.452
0.499
1.38
1.12
0.724
0.96
1.685
1.785
2.505
1.518
2.827
4.89
2.399
0.498
0.418
0.327
0.275
0.345
0.485
0.433
1.206
2.222
1.824
0.423
0.549
0.493
1.287
1.162
0.875
0.948
1.692
2.109
2.562
1.656
2.972
4.973
2.081
0.564
0.548
0.584
0.55
0.56
0.531
0.463
0.426
0.361
0.849
0.917
2.928
3.637
1.994
2.073
1.868
2.055
3.154
4.395
3.51
1.545
2.562
4.307
2.617
0.664
0.646
0.659
0.635
0.658
0.469
0.453
0.426
0.468
1.021
0.988
2.928
4.601
4.159
2.391
3.404
2.969
3.154
4.893
2.77
2.467
4.712
4.744
2.617
0.499
0.421
0.329
0.263
0.346
0.485
0.428
1.103
2.279
1.585
0.385
0.58
0.442
1.145
1.162
0.875
1.017
2.175
2.241
1.985
2.28
3.207
4.973
2.562
0.494
0.401
0.329
0.323
0.354
0.484
0.428
1.117
2.279
1.542
0.429
0.644
0.41
0.687
0.716
0.849
0.924
1.674
2.027
2.313
2.923
3.881
5.125
2.539
0.468
0.435
0.369
0.254
0.254
0.439
0.44
1.484
2.58
1.582
0.327
0.657
0.52
0.779
0.678
1.073
0.772
1.608
2.01
2.235
3.126
4.199
5.285
2.347
0.464
0.439
0.349
0.258
0.244
0.446
0.444
1.018
3.005
1.63
0.323
0.657
0.582
1.008
0.78
1.55
0.81
2.089
2.01
2.317
3.126
4.199
5.228
2.512
0.458
0.379
0.321
0.332
0.313
0.438
0.433
0.854
2.778
2.193
0.339
0.495
0.6
1.034
0.689
1.509
0.902
2.287
2.048
2.74
3.504
4.673
5.232
2.57
0.69
0.54
0.543
0.473
0.425
0.267
0.394
0.459
0.468
1.07
0.849
2.689
4.601
4.159
3.744
4.792
3.083
3.019
2.883
1.072
2.92
6.047
4.519
2.456
0.98
0.641
0.646
0.643
0.664
0.461
0.294
0.323
0.442
1.07
0.95
1.784
3.375
3.626
4.259
6.045
4.467
3.553
3.707
1.238
3.071
6.047
5.059
2.605
0.435
0.386
0.321
0.372
0.331
0.438
0.394
0.856
2.812
2.193
0.339
0.412
0.639
1.195
0.816
2.032
1.398
1.941
1.818
3.262
3.012
4.054
5.232
2.217
0.547
0.378
0.321
0.36
0.326
0.434
0.391
0.874
2.812
2.098
0.322
0.407
0.694
0.988
0.803
2.029
1.815
2.592
2.833
3.226
2.619
3.421
5.203
2.407
0.547
0.305
0.291
0.428
0.39
0.447
0.387
0.503
2.413
2.093
0.386
0.369
0.649
0.845
1.26
1.776
1.948
2.579
2.716
3.226
2.638
3.05
5.32
2.551
0.541
0.29
0.276
0.428
0.424
0.432
0.377
0.46
1.937
1.805
0.453
0.567
1.093
0.988
1.843
1.801
1.948
2.419
2.758
3.227
2.638
3.164
5.558
2.429
0.544
0.356
0.331
0.382
0.375
0.386
0.427
0.494
1.651
1.523
0.726
0.618
1.077
0.964
1.86
2.069
2.357
2.565
2.864
2.722
2.231
2.602
5.429
2.43
0.98
0.548
0.572
0.557
0.549
0.52
0.377
0.375
0.452
1.024
0.801
1.784
3.614
2.475
4.259
6.232
4.452
3.23
4.459
3.409
3.58
5.684
5.059
3.076
0.986
0.645
0.644
0.647
0.549
0.52
0.421
0.362
0.639
0.925
0.949
0.998
3.614
2.475
3.433
6.232
4.279
3.588
4.459
4.275
3.551
5.608
5.073
3.112
0.54
0.345
0.325
0.376
0.394
0.386
0.427
1.034
1.668
1.523
0.726
0.618
1.022
0.772
2.081
2.015
1.789
2.565
2.864
2.794
2.188
3.201
5.491
2.872
0.373
0.342
0.34
0.397
0.388
0.374
0.354
1.011
1.991
1.241
0.708
0.529
0.885
1.011
2.214
2.355
1.837
2.376
2.05
3.048
2.429
3.01
5.263
2.686
0.416
0.411
0.367
0.389
0.336
0.302
0.284
1.213
2.3
0.823
0.682
0.513
0.915
1.08
1.894
2.355
1.689
2.415
2.268
3.072
2.306
3.143
5.266
2.321
0.368
0.416
0.42
0.426
0.326
0.232
0.217
1.955
2.335
0.845
0.633
0.383
0.494
0.746
1.78
2.238
2.193
2.066
2.228
3.015
2.32
3.059
5.291
1.931
0.366
0.417
0.378
0.426
0.326
0.285
0.213
2.609
2.441
0.622
0.47
0.403
0.571
0.72
1.78
1.9
1.682
1.629
2.028
3.126
1.95
3.217
5.386
1.798
0.7
0.528
0.56
0.544
0.433
0.363
0.421
0.911
1.092
1.344
0.661
0.46
2.917
2.728
2.809
4.318
2.502
2.088
4.278
4.275
3.502
4.877
4.376
3.112
0.704
0.627
0.522
0.523
0.491
0.451
0.442
0.911
1.092
1.344
0.73
1.492
1.606
2.712
2.071
2.188
3.56
4.718
3.184
2.619
2.909
5.114
5.313
2.957
0.313
0.406
0.382
0.428
0.331
0.285
0.213
2.663
2.4
0.688
0.47
0.431
0.601
0.801
1.589
1.773
2.19
1.848
2.07
3.096
1.986
3.126
5.386
1.582
0.285
0.406
0.391
0.425
0.33
0.265
0.214
2.663
2.28
1.083
0.568
0.431
0.652
0.527
1.473
1.372
1.678
1.287
2.173
2.713
2.302
3.835
5.35
1.786
0.292
0.341
0.348
0.404
0.38
0.334
0.256
2.418
2.007
1.397
0.697
0.391
0.633
0.424
1.534
1.452
1.709
1.223
1.895
2.713
2.12
3.539
5.613
2.054
0.299
0.278
0.336
0.409
0.403
0.402
0.286
1.783
2.141
1.683
0.734
0.365
0.757
0.605
0.994
1.142
1.264
1.429
1.85
2.66
2.507
3.562
5.682
2.4
0.39
0.277
0.325
0.409
0.403
0.397
0.286
1.365
2.103
2.101
0.627
0.448
0.801
0.622
1.558
1.367
1.966
1.521
1.43
2.545
3.24
3.71
5.655
2.396
0.619
0.521
0.419
0.419
0.46
0.393
0.322
0.895
1.107
1.283
0.632
2.727
3.646
3.589
3.085
2.536
3.346
4.36
3.003
3.5
2.816
4.127
5.531
2.608
1.13
0.595
0.429
0.427
0.492
0.522
0.451
0.417
0.813
0.701
0.649
2.727
4.706
3.554
2.744
3.656
3.816
5.15
3.343
3.848
3.567
5.536
5.531
2.457
0.391
0.27
0.326
0.411
0.424
0.397
0.286
1.211
2.082
2.101
0.761
0.416
0.72
0.635
1.794
1.074
1.449
1.301
1.374
1.979
4.043
3.779
5.622
1.983
0.473
0.328
0.303
0.376
0.441
0.436
0.316
1.224
2.082
2.137
0.716
0.383
0.659
0.718
1.825
1.08
1.965
1.753
1.442
2.137
3.573
3.151
5.581
2.183
0.49
0.39
0.303
0.328
0.412
0.444
0.343
1.36
2.471
2.258
0.722
0.408
0.823
1.386
1.912
1.291
2.171
1.703
1.665
2.253
3.624
3.691
5.475
2.019
0.485
0.398
0.314
0.322
0.364
0.386
0.313
1.352
2.698
2.209
0.677
0.416
0.705
1.215
2.081
1.218
2.244
1.494
2.083
2.614
4.175
3.973
4.724
1.679
0.39
0.396
0.311
0.322
0.357
0.388
0.314
1.096
2.385
2.266
0.689
0.372
0.655
1.215
1.579
0.901
1.954
2.009
2.318
2.703
3.86
3.717
4.985
1.679
1.38
0.505
0.429
0.427
0.416
0.45
0.442
0.44
0.813
0.699
0.767
2.582
4.96
3.858
4.043
4.224
3.509
2.969
3.343
5.614
4.156
5.513
4.55
1.575
1.38
0.562
0.491
0.491
0.49
0.461
0.442
0.44
0.711
0.751
0.726
1.647
4.271
3.074
5.233
4.263
4.376
3.979
4.237
4.095
4.156
5.513
4.711
1.942
0.46
0.407
0.307
0.281
0.306
0.378
0.377
1.194
2.443
2.266
0.58
0.41
0.788
1.241
1.239
1.056
1.954
2.247
2.318
3.166
3.163
3.489
5.353
2.209
0.435
0.406
0.326
0.243
0.219
0.298
0.383
1.207
2.602
2.184
0.493
0.41
0.797
1.272
1.189
1.707
2.023
2.299
2.374
2.876
2.844
3.489
5.791
1.936
0.344
0.392
0.314
0.263
0.263
0.277
0.37
1.635
2.251
2.001
0.397
0.41
0.735
0.642
0.981
1.404
2.161
2.505
2.34
2.893
2.592
3.407
5.741
1.869
0.401
0.39
0.286
0.182
0.229
0.265
0.371
1.554
1.706
1.491
0.37
0.388
0.74
0.679
0.916
1.768
2.052
4.377
2.599
3.035
2.025
3.361
5.741
2.652
0.495
0.328
0.277
0.173
0.186
0.228
0.365
1.555
2.029
1.484
0.481
0.271
0.86
0.695
0.862
1.833
2.316
4.426
2.681
3.035
2.06
3.443
5.575
2.524
0.918
0.47
0.366
0.372
0.484
0.461
0.42
0.304
0.508
0.68
0.726
1.389
4.137
3.987
5.429
4.404
4.376
3.095
3.98
3.973
4.861
4.555
4.522
1.787
0.757
0.457
0.422
0.49
0.581
0.486
0.374
0.258
0.327
0.689
0.627
2.065
3.436
4.304
6.039
5.15
4.241
3.095
4.141
3.314
5.676
5.445
4.78
2.661
0.417
0.256
0.259
0.202
0.241
0.251
0.339
0.966
2.006
1.57
0.545
0.286
0.738
0.698
0.941
1.787
2.411
4.426
2.681
2.779
2.262
3.444
5.567
2.679
0.41
0.252
0.265
0.202
0.241
0.251
0.29
0.966
1.908
1.647
0.556
0.783
1.194
0.69
0.943
1.366
2.301
4.407
3.025
2.681
2.262
3.444
5.472
2.724
0.467
0.307
0.326
0.232
0.198
0.179
0.219
1.07
1.758
1.699
0.942
0.782
1.156
0.696
0.892
1.366
2.085
3.994
3.124
2.612
2.544
3.333
5.661
2.855
0.426
0.239
0.275
0.277
0.264
0.241
0.23
1.805
2.173
1.699
0.942
0.762
1.033
0.768
0.685
0.955
2.085
2.259
2.799
2.215
2.078
3.272
5.977
1.95
0.322
0.291
0.339
0.341
0.327
0.258
0.22
2.524
2.213
1.242
0.824
0.789
0.827
0.789
0.712
0.97
1.505
2.066
2.801
2.218
2.425
3.582
6.262
1.953
0.996
0.369
0.33
0.394
0.503
0.452
0.374
0.363
0.322
0.703
0.743
2.065
3.643
5.013
5.435
5.792
3.69
2.3
3.023
5.867
5.676
5.445
4.048
2.37
0.996
0.369
0.33
0.472
0.589
0.504
0.365
0.363
0.44
0.703
0.707
2.684
3.643
4.628
4.755
5.792
3.69
2.292
2.737
5.867
6.072
5.196
4.757
2.262
0.322
0.291
0.297
0.349
0.331
0.292
0.288
3.212
2.223
1.225
0.788
0.724
0.921
0.731
0.758
1.586
1.796
2.299
2.801
2.547
2.391
3.878
6.262
1.83
0.325
0.293
0.311
0.368
0.364
0.36
0.356
3.212
2.21
1.279
0.741
0.277
0.377
0.712
0.762
1.708
1.944
2.045
2.123
2.454
2.653
3.995
6.34
2.036
0.329
0.294
0.31
0.368
0.364
0.362
0.356
3.261
2.548
1.113
0.342
0.277
0.288
0.767
0.894
1.982
1.937
2.408
2.21
3.148
2.996
4.216
6.246
1.99
0.298
0.341
0.359
0.368
0.36
0.362
0.345
3.084
2.559
1.374
0.327
0.327
0.399
0.686
0.931
2.142
2.476
2.606
2.348
3.234
3.212
4.316
6.363
2.309
0.305
0.275
0.31
0.322
0.368
0.359
0.274
2.942
2.509
1.727
0.348
0.317
0.4
0.825
0.981
2.45
2.5
2.347
2.303
3.359
3.177
4.28
6.134
2.187
0.924
0.326
0.321
0.439
0.467
0.424
0.372
0.368
0.668
0.632
0.669
2.161
3.798
4.364
4.106
5.455
4.952
3.023
2.048
5.955
5.747
4.008
4.757
1.223
1.251
0.44
0.311
0.427
0.457
0.424
0.371
0.323
0.668
0.442
0.559
1.95
3.238
3.722
3.847
5.642
5.252
4.172
1.412
3.952
5.277
4.647
5.123
2.214
1.251
0.282
0.365
0.302
0.295
0.287
0.231
2.925
2.483
1.727
0.348
0.431
0.441
1.197
0.802
1.965
2.5
2.357
2.613
3.123
3.533
4.227
6.134
2.425
0.3
0.385
0.322
0.284
0.303
0.25
0.167
2.925
2.483
1.2
0.473
0.497
0.621
2.238
1.116
2.407
3.202
3.124
3.385
3.867
3.851
4.227
5.812
2.895
0.641
0.351
0.255
0.226
0.294
0.253
0.133
2.183
2.008
1.507
0.777
0.417
1.038
2.649
1.465
2.914
3.331
3.334
3.846
3.412
3.487
3.985
5.216
4.095
1.48
0.364
0.187
0.221
0.374
0.325
0.153
1.552
1.418
1.302
0.875
0.422
0.922
2.911
1.702
3.174
3.259
3.21
4.284
4.027
3.592
3.904
4.549
4.781
2.077
0.378
0.187
0.261
0.368
0.323
0.153
0.901
0.912
1.088
0.882
0.715
1.626
2.911
2.813
2.727
3.524
3.568
4.465
4.1
3.275
3.67
3.997
5.246
2.41
0.42
0.353
0.28
0.22
0.356
0.31
0.378
0.817
0.659
1.414
1.547
3.125
3.722
3.847
5.642
6.064
5.995
2.781
4.173
3.338
4.759
4.674
2.609
1.115
0.728
0.399
0.311
0.333
0.476
0.362
0.373
0.629
0.767
1.414
1.527
2.46
4.348
2.743
3.943
5.277
5.995
4.277
3.598
5.26
4.759
4.674
4.701
1.844
0.419
0.132
0.201
0.368
0.365
0.179
0.092
0.435
1.679
0.906
0.618
1.516
2.866
2.813
2.727
3.612
3.565
4.465
3.431
3.896
3.309
3.628
5.257
2.894
0.322
0.178
0.222
0.352
0.365
0.184
0.09
0.404
1.785
1.429
0.569
1.328
1.842
2.836
2.298
2.86
3.043
3.383
2.53
3.125
2.975
3.628
5.257
2.925
0.383
0.187
0.221
0.337
0.345
0.236
0.158
1.22
1.902
1.185
0.54
0.901
1.311
2.421
1.557
2.729
2.709
2.492
2.16
2.964
2.674
3.532
5.351
2.429
0.385
0.239
0.201
0.257
0.288
0.273
0.223
1.914
2.767
1.437
0.518
1.305
1.301
2.339
1.078
2.873
2.798
2.119
1.756
2.432
2.724
3.71
5.555
2.164
0.389
0.295
0.16
0.189
0.228
0.283
0.302
2.675
3.173
1.386
0.678
1.154
1.498
1.732
1.136
2.643
2.018
1.362
1.6
2.395
2.415
3.648
5.656
2.075
0.761
0.399
0.253
0.357
0.485
0.373
0.373
0.583
0.843
1.505
2.551
3.664
4.338
3.912
3.246
4.656
5.192
4.277
3.934
5.001
4.559
4.433
5.254
2.97
0.987
0.491
0.416
0.47
0.58
0.504
0.349
0.218
0.782
0.693
1.825
3.734
4.455
4.292
4.853
3.651
3.89
5.6
3.905
5.001
4.284
4.304
6.108
2.97
0.385
0.282
0.197
0.222
0.222
0.296
0.346
3.274
3.049
1.291
0.723
1.219
1.408
1.837
1.136
1.978
1.445
1.188
1.527
2.507
2.45
4.055
5.752
2.575
0.42
0.321
0.236
0.218
0.247
0.318
0.382
3.274
3.049
1.785
1.091
1.744
1.747
2.257
1.319
2.534
2.422
1.378
2.458
2.745
2.708
4.055
5.893
2.492
0.404
0.325
0.244
0.275
0.274
0.312
0.361
3.14
3.115
1.82
1.123
1.812
2.35
2.454
1.322
2.689
2.481
1.891
3.052
2.808
3.012
4.414
6.05
2.748
0.409
0.279
0.244
0.278
0.352
0.33
0.322
2.935
2.652
1.545
1.149
1.443
1.898
2.654
1.802
2.59
2.792
1.728
2.691
3.096
2.628
4.075
5.994
2.745
0.414
0.287
0.31
0.288
0.352
0.33
0.251
2.959
2.68
1.559
0.711
0.922
1.317
2.29
2.478
3.265
3.474
2.431
3.243
3.652
2.944
4.079
5.988
2.756
0.889
0.44
0.366
0.47
0.46
0.385
0.383
0.241
0.932
0.761
1.825
3.96
4.149
4.324
5.915
3.75
3.339
6.489
4.619
4.043
3.948
4.237
5.108
2.116
1.019
0.558
0.561
0.566
0.435
0.621
0.383
1.327
0.979
0.822
0.623
3.185
3.112
3.332
5.915
4.06
3.818
6.489
4.034
4.14
4.004
4.085
5.965
1.726
0.418
0.353
0.346
0.228
0.293
0.272
0.216
2.985
2.802
1.584
0.886
1.029
1.844
2.39
2.559
3.265
3.474
2.833
3.978
3.889
3.041
3.956
5.988
2.463
0.388
0.318
0.31
0.243
0.293
0.239
0.278
2.985
2.802
0.846
1.021
0.945
1.956
2.347
2.543
3.53
3.151
3.151
3.563
3.827
2.841
3.956
5.928
2.703
0.499
0.38
0.377
0.241
0.222
0.182
0.278
2.403
2.776
0.954
1.041
0.884
1.845
2.218
3.091
3.706
3.723
3.696
3.544
3.827
3.028
3.302
5.694
2.711
0.501
0.381
0.378
0.28
0.148
0.114
0.255
2.6
2.377
0.938
1.016
0.847
1.79
2.13
2.888
3.803
3.392
3.696
3.544
3.629
3.639
4.279
6.035
2.844
0.501
0.38
0.378
0.343
0.215
0.181
0.264
2.581
2.364
0.976
1.481
1.266
2.35
2.23
2.15
3.67
3.0
3.694
3.423
3.187
3.265
4.665
6.072
3.032
0.849
0.452
0.351
0.355
0.287
0.578
0.419
1.327
0.979
0.822
1.055
2.92
3.126
3.008
4.397
3.731
2.872
5.042
5.296
4.14
4.004
3.845
5.727
1.726
0.923
0.478
0.478
0.481
0.287
0.578
0.277
1.285
0.998
0.822
1.601
2.456
2.98
2.07
3.629
3.006
3.79
3.964
5.188
3.648
5.178
3.195
5.727
3.777
0.532
0.382
0.38
0.354
0.216
0.181
0.259
2.571
2.34
1.079
1.682
1.573
2.379
2.177
2.115
3.76
2.844
3.415
3.125
3.302
3.425
4.67
5.823
3.047
0.463
0.318
0.392
0.361
0.253
0.251
0.132
2.571
2.34
1.313
1.178
1.148
1.926
1.607
1.532
2.991
2.687
3.577
3.598
3.365
3.425
4.89
6.498
3.368
0.488
0.319
0.392
0.373
0.258
0.252
0.133
2.414
2.689
1.316
1.349
1.642
1.656
1.809
1.037
2.847
2.927
3.289
3.311
3.279
3.528
5.134
6.81
3.381
0.422
0.265
0.364
0.39
0.328
0.319
0.169
2.603
3.197
1.316
1.509
2.202
2.085
2.017
0.845
2.262
2.908
3.289
3.635
3.638
3.185
4.233
6.58
3.479
0.423
0.265
0.355
0.392
0.329
0.301
0.162
1.827
2.713
1.738
1.341
2.266
2.153
2.416
1.374
2.386
2.763
2.677
2.994
3.532
2.979
3.907
6.415
3.445
2.063
0.74
0.439
0.383
0.322
0.361
0.277
0.274
0.936
0.798
2.007
2.456
3.919
4.14
5.155
3.107
3.508
4.451
6.993
3.816
5.018
3.091
4.545
3.594
2.398
0.74
0.439
0.393
0.502
0.734
0.389
0.394
0.942
0.798
1.973
3.758
4.317
5.686
5.664
3.633
2.943
4.451
6.586
3.816
5.018
4.372
4.136
4.028
0.391
0.264
0.354
0.392
0.329
0.301
0.164
2.03
2.687
1.738
1.151
2.363
1.905
2.857
1.5
1.857
2.475
2.445
2.912
3.002
2.774
3.758
6.415
3.325
0.504
0.376
0.34
0.371
0.307
0.281
0.259
2.133
2.988
1.609
1.151
2.41
1.905
2.96
1.829
1.412
2.967
2.311
2.33
2.763
3.014
3.758
6.171
3.345
0.392
0.377
0.294
0.328
0.307
0.284
0.302
2.922
2.749
1.501
1.136
2.439
1.974
2.96
2.1
1.711
2.307
2.151
2.819
3.396
2.805
3.56
6.048
3.345
0.492
0.461
0.348
0.286
0.267
0.247
0.296
2.77
2.871
1.579
1.341
2.323
2.068
2.879
2.1
1.742
2.557
2.689
2.876
3.02
2.59
3.543
6.021
3.114
0.492
0.465
0.386
0.262
0.201
0.2
0.296
2.77
3.048
1.423
1.412
2.384
1.815
2.666
1.608
1.749
3.008
3.201
3.228
3.785
3.072
3.747
6.081
2.893
2.398
0.819
0.504
0.393
0.502
0.734
0.461
0.516
0.992
0.846
2.167
3.848
4.317
5.686
5.664
5.71
2.279
3.756
6.173
4.772
3.313
4.372
4.684
2.004
2.909
0.661
0.543
0.456
0.462
0.734
0.461
0.516
0.992
0.982
1.516
3.848
3.911
4.342
5.412
7.182
4.108
3.123
4.166
4.419
3.701
4.316
4.684
3.537
0.469
0.465
0.389
0.31
0.266
0.265
0.358
2.689
3.137
1.289
1.402
2.422
1.953
2.603
1.484
2.27
3.334
3.201
3.142
3.843
3.074
3.622
6.081
3.153
0.504
0.433
0.394
0.318
0.22
0.219
0.257
2.588
3.137
1.409
1.402
2.345
2.154
2.387
1.03
2.558
3.55
2.95
3.083
3.843
3.194
3.718
6.153
2.805
0.48
0.429
0.395
0.318
0.214
0.214
0.211
2.927
3.097
1.412
1.239
1.893
2.154
2.553
0.792
1.687
3.144
2.672
2.826
3.488
2.851
3.955
6.259
3.377
0.803
0.399
0.385
0.307
0.184
0.183
0.207
3.44
3.057
1.313
1.016
1.879
2.226
2.465
0.95
1.687
2.917
2.313
2.358
3.472
2.607
3.955
6.026
3.766
0.939
0.375
0.396
0.325
0.251
0.195
0.207
4.397
3.012
1.126
0.975
1.901
2.234
2.398
0.878
1.501
2.459
1.769
1.766
3.237
2.04
3.183
5.721
3.766
2.685
0.877
0.543
0.443
0.324
0.286
0.208
0.296
1.011
0.982
1.516
2.63
3.685
3.609
4.945
7.182
5.226
4.001
4.166
4.399
4.805
4.087
4.227
3.691
3.979
2.487
0.634
0.455
0.494
0.502
0.115
0.114
0.808
2.387
1.23
2.546
3.685
3.609
3.742
6.052
5.516
5.043
3.504
3.819
4.805
4.087
3.727
3.691
1.385
0.509
0.392
0.275
0.184
0.128
0.194
3.766
3.004
1.131
0.895
1.485
2.247
2.36
0.917
1.429
2.159
1.286
1.705
3.246
2.218
3.479
5.449
3.513
1.303
0.491
0.378
0.217
0.18
0.123
0.24
3.766
3.023
0.807
0.931
1.915
2.03
2.328
1.638
1.246
1.418
1.729
2.584
3.443
2.099
3.088
5.036
3.308
1.545
0.432
0.379
0.266
0.248
0.169
0.24
3.664
2.956
0.828
1.311
2.357
2.03
2.111
1.586
1.228
1.425
1.635
2.494
3.541
2.664
2.595
4.85
2.842
1.373
0.364
0.356
0.308
0.318
0.237
0.23
3.43
2.991
0.843
1.712
2.431
1.638
2.108
1.637
1.879
1.979
2.277
3.093
3.856
3.049
3.103
5.125
2.907
1.886
0.453
0.288
0.252
0.342
0.293
0.242
3.312
2.991
0.793
1.545
2.445
1.673
2.175
1.641
1.98
2.039
2.45
2.989
3.608
3.049
3.32
5.739
2.965
2.44
2.487
0.542
0.389
0.494
0.427
0.125
0.122
0.684
2.257
1.187
3.606
3.633
5.268
5.725
4.488
5.516
5.043
2.638
3.554
3.283
3.413
3.261
2.952
2.29
2.242
0.666
0.411
0.495
1.049
0.437
0.158
0.434
2.298
1.106
2.456
2.201
4.517
3.491
4.222
6.484
6.259
3.49
3.899
3.791
2.306
3.404
2.649
1.451
0.355
0.289
0.262
0.351
0.376
0.284
3.203
2.636
0.938
2.021
2.445
1.323
1.643
1.98
1.634
1.808
2.45
2.7
2.999
3.061
2.724
5.739
2.863
1.451
0.303
0.308
0.338
0.369
0.376
0.249
3.233
2.257
1.853
2.805
2.782
1.579
1.695
1.876
1.607
1.641
2.388
2.176
2.735
3.123
2.724
5.892
3.5
1.297
0.332
0.249
0.279
0.371
0.44
0.25
2.32
1.97
2.507
2.643
2.751
1.869
2.207
2.128
1.607
1.653
2.895
2.773
2.66
2.71
2.8
5.557
4.011
1.236
0.408
0.302
0.229
0.31
0.392
0.32
1.281
2.136
2.533
2.625
2.665
2.298
2.252
2.037
1.052
1.238
2.795
2.216
2.229
2.547
2.67
5.232
3.602
1.199
0.424
0.365
0.225
0.229
0.357
0.391
0.594
2.055
2.949
3.375
2.789
2.487
2.038
3.443
2.367
2.815
3.633
2.807
3.444
2.557
2.581
4.578
4.066
0.734
0.504
0.514
0.387
0.39
1.007
0.551
0.169
0.671
1.041
0.924
3.547
2.133
5.325
5.355
4.643
5.365
5.403
4.71
3.686
5.274
3.657
4.053
2.614
1.5
0.947
0.58
0.448
0.6
1.009
0.603
0.49
0.899
1.385
1.483
2.448
1.947
2.704
2.889
4.8
8.056
6.837
6.026
4.225
6.946
4.423
4.692
3.711
1.635
0.441
0.394
0.311
0.391
0.436
0.425
0.562
2.038
3.439
3.149
2.928
3.262
4.061
4.824
4.301
4.749
3.972
3.456
3.537
2.916
3.307
4.63
3.707
2.068
0.498
0.405
0.294
0.375
0.436
0.443
0.494
2.102
2.447
2.482
2.479
4.576
4.786
4.784
5.392
5.526
4.017
3.24
3.537
2.761
3.307
4.057
3.553
2.651
0.565
0.492
0.373
0.394
0.444
0.572
0.548
2.118
2.263
3.358
2.846
4.576
4.652
4.508
5.662
6.433
4.142
3.343
3.715
2.674
3.307
3.495
2.919
2.651
0.665
0.842
0.392
0.469
0.45
0.52
0.548
1.465
2.263
3.236
2.971
5.198
4.764
5.116
5.997
6.433
4.252
3.864
4.31
3.09
3.382
3.358
3.501
2.805
0.771
0.842
0.429
0.521
0.43
0.449
0.44
1.395
1.864
2.407
2.827
4.956
4.457
3.825
4.899
5.526
3.948
3.721
3.419
3.585
3.16
2.938
3.489
1.97
0.947
0.347
0.41
0.612
0.646
0.408
0.486
1.08
1.385
1.771
2.483
2.974
3.757
2.953
4.8
8.146
5.451
6.026
4.225
6.248
4.541
5.83
5.35
1.97
0.773
0.347
0.425
0.612
0.417
0.327
0.486
1.014
1.293
1.771
2.453
3.567
2.877
1.87
4.588
8.146
6.425
6.715
4.215
5.939
4.294
5.83
5.629
2.898
1.632
0.87
0.414
0.428
0.277
0.332
0.366
1.378
1.335
2.561
3.68
5.084
3.834
3.046
4.137
5.11
3.996
3.69
3.364
3.396
2.817
2.721
3.692
2.565
1.632
0.869
0.413
0.428
0.282
0.313
0.364
2.057
2.059
2.701
3.763
3.681
3.39
3.049
3.194
5.033
3.88
3.755
3.598
4.03
3.223
3.391
3.299
1.802
1.494
0.778
0.398
0.355
0.174
0.185
0.406
2.857
2.161
1.748
3.371
3.913
4.123
3.168
3.369
4.624
4.059
3.432
3.541
4.03
4.122
3.782
3.299
1.567
1.389
0.398
0.398
0.283
0.214
0.242
0.577
3.61
2.657
1.476
3.452
3.089
3.833
2.726
2.837
4.497
3.883
2.754
2.855
3.792
4.471
4.58
3.044
0.874
1.246
0.398
0.343
0.274
0.277
0.242
0.686
4.062
2.862
1.47
3.451
3.089
4.166
3.151
3.372
3.965
3.406
2.999
2.601
3.139
4.471
4.687
2.419
2.1
0.279
0.271
0.36
0.421
0.268
0.284
0.165
1.014
0.71
1.41
2.496
4.445
2.877
1.933
3.965
7.405
5.595
5.233
3.995
4.383
4.298
5.601
5.626
1.699
0.277
0.37
0.414
0.279
0.418
0.273
0.371
0.84
0.526
1.45
1.924
4.627
2.349
2.434
5.669
8.147
6.795
5.918
4.084
4.29
4.329
4.663
5.014
0.326
0.298
0.294
0.333
0.255
0.285
0.84
0.819
4.062
2.862
1.158
2.61
2.185
2.996
2.403
2.227
2.43
2.54
2.537
3.145
3.225
4.655
4.715
2.444
0.411
0.367
0.322
0.427
0.352
0.353
0.91
0.984
3.41
2.062
1.115
2.372
2.382
3.098
2.065
2.509
1.758
2.489
2.683
2.72
2.606
4.45
4.948
2.457
0.411
0.446
0.323
0.37
0.354
0.382
0.963
1.957
2.662
1.515
1.149
3.125
2.32
3.391
2.475
2.176
1.291
2.535
2.895
3.297
2.583
3.964
5.336
2.533
0.441
0.37
0.29
0.425
0.401
0.333
0.906
2.719
2.293
1.244
1.314
3.034
2.275
3.391
2.462
2.079
1.407
3.0
3.111
3.304
2.507
3.69
5.356
2.164
0.362
0.304
0.297
0.497
0.385
0.271
0.906
3.372
2.308
1.2
1.561
2.9
2.497
3.375
1.981
1.422
1.429
3.0
2.943
3.304
2.761
3.728
5.841
2.164
3.33
0.847
0.47
0.465
0.32
0.611
0.508
0.532
0.748
0.958
2.82
3.175
4.627
2.609
2.641
4.692
6.379
6.665
4.278
5.556
4.29
4.744
4.915
2.565
3.214
1.149
0.505
0.465
0.332
0.611
0.547
0.532
0.658
1.134
2.824
2.813
4.437
3.027
3.519
5.388
6.379
6.665
4.278
5.556
3.504
4.744
4.55
2.849
0.342
0.375
0.312
0.441
0.369
0.334
0.31
3.73
2.667
1.534
1.631
2.787
2.47
3.263
1.804
1.392
1.429
3.473
3.199
3.838
2.187
3.368
5.841
1.901
0.35
0.381
0.301
0.361
0.278
0.271
0.271
3.73
2.667
1.464
1.577
2.787
2.294
3.172
1.69
0.894
1.635
3.267
2.712
3.705
2.037
3.185
5.423
1.702
0.364
0.303
0.253
0.413
0.333
0.236
0.198
3.392
3.005
1.635
1.772
2.132
1.927
2.531
1.132
0.716
1.614
3.577
3.197
3.407
2.263
3.286
5.286
1.945
0.394
0.313
0.253
0.356
0.349
0.292
0.195
2.813
3.139
2.118
1.841
2.156
1.785
2.531
0.984
0.724
1.334
2.948
2.872
3.386
2.683
3.544
5.499
1.994
0.394
0.394
0.301
0.284
0.332
0.353
0.249
3.075
3.121
2.232
1.717
2.236
1.223
2.494
1.048
0.876
1.334
3.305
3.404
4.183
3.119
3.577
5.522
2.256
3.214
1.149
0.509
0.39
0.332
0.49
0.547
0.425
0.53
1.134
2.901
3.277
4.703
3.027
5.266
3.819
3.452
4.622
2.838
4.37
2.818
3.439
4.892
3.419
1.923
0.68
0.446
0.285
0.349
0.683
0.428
0.373
0.466
1.176
1.765
2.692
4.703
3.488
5.266
3.819
3.045
2.527
1.93
2.059
2.188
1.805
4.814
3.419
0.384
0.323
0.285
0.357
0.35
0.284
0.249
3.42
3.063
2.6
1.982
2.042
1.65
2.434
0.956
0.876
1.347
2.785
3.011
3.56
3.232
3.936
5.587
2.422
0.291
0.246
0.266
0.362
0.344
0.278
0.218
3.42
3.063
3.018
2.013
2.348
1.365
2.628
1.506
0.769
1.192
3.282
4.13
4.148
3.232
3.936
5.587
2.46
0.368
0.246
0.314
0.376
0.288
0.278
0.214
3.907
3.042
3.018
2.156
2.313
1.931
2.629
1.432
0.777
1.269
2.112
3.278
3.871
2.686
3.912
5.608
2.329
0.328
0.323
0.411
0.408
0.246
0.267
0.315
4.726
2.5
2.552
2.101
2.316
2.013
2.629
1.454
0.829
1.347
2.049
3.094
3.907
2.379
3.217
4.851
2.329
0.43
0.299
0.359
0.408
0.29
0.276
0.274
4.579
2.43
2.465
2.211
2.38
2.201
2.638
1.347
0.691
1.249
1.623
2.587
3.095
1.952
2.568
4.178
2.161
1.133
0.484
0.525
0.555
0.707
0.889
0.51
0.496
0.916
1.307
2.361
2.692
5.187
4.942
5.479
4.709
3.222
2.787
2.706
2.94
2.188
1.822
4.814
3.351
1.461
1.414
1.158
0.603
0.707
1.062
0.671
0.914
1.002
1.307
2.137
2.616
4.841
4.942
3.961
4.428
2.85
2.963
4.226
4.77
4.219
3.55
4.728
3.013
0.553
0.369
0.373
0.335
0.244
0.353
0.332
4.591
2.456
2.095
2.113
2.38
2.18
2.625
1.465
0.807
1.313
1.602
2.419
3.025
2.066
1.923
3.806
1.798
0.596
0.437
0.362
0.266
0.245
0.353
0.396
4.591
2.409
2.112
2.113
2.358
2.306
2.482
1.179
0.958
1.568
1.726
2.238
2.82
2.429
2.278
3.316
1.656
0.651
0.446
0.379
0.2
0.239
0.353
0.396
4.483
2.303
2.07
1.878
2.064
2.097
2.85
1.153
1.224
1.928
2.498
2.974
2.992
2.756
2.036
2.971
1.567
0.651
0.417
0.343
0.233
0.28
0.366
0.299
4.108
2.837
2.078
2.017
2.111
2.113
2.939
1.269
1.14
1.919
2.524
3.034
2.934
2.756
2.66
3.598
1.857
0.558
0.361
0.361
0.307
0.3
0.36
0.283
3.809
2.808
2.078
2.057
2.154
2.212
2.918
1.34
1.109
1.987
2.583
2.976
2.934
2.5
3.28
4.06
2.271
1.322
1.414
1.158
0.666
0.803
0.828
0.671
1.003
1.002
1.648
2.825
2.481
3.89
4.71
7.161
5.086
2.818
2.963
4.645
5.001
4.018
3.728
4.317
3.388
1.322
1.784
1.954
0.445
0.519
0.782
0.556
1.003
0.6
1.562
2.339
1.821
1.665
3.5
6.47
3.815
2.772
2.763
4.645
5.001
5.957
3.791
4.317
3.388
0.522
0.356
0.361
0.307
0.295
0.282
0.291
4.215
2.942
1.97
1.888
2.128
2.037
2.918
1.253
1.173
2.031
2.612
2.976
2.881
2.628
3.28
4.06
2.271
0.526
0.287
0.323
0.302
0.34
0.348
0.282
4.215
2.942
2.027
2.104
2.048
2.015
3.102
1.191
1.276
2.005
1.797
2.591
3.028
2.345
3.226
4.653
2.35
0.391
0.324
0.356
0.37
0.371
0.379
0.315
4.008
3.042
2.078
2.293
2.483
1.888
3.165
1.48
0.981
1.44
0.914
1.9
2.854
1.771
3.142
4.712
2.509
0.636
0.326
0.298
0.302
0.358
0.393
0.348
4.237
2.886
2.098
2.417
2.375
2.051
3.238
1.247
0.985
1.486
1.259
2.279
2.799
1.896
2.651
4.191
2.185
0.936
0.41
0.333
0.282
0.289
0.328
0.348
4.702
3.0
2.103
2.392
2.449
1.852
3.284
1.727
1.192
1.444
1.337
2.248
2.806
1.91
2.307
4.214
1.878
1.104
0.881
1.306
0.455
0.49
0.415
0.27
0.47
0.564
1.746
2.899
3.698
3.632
4.285
6.633
4.716
3.138
3.433
3.305
3.959
4.217
3.23
3.733
2.648
1.335
0.975
1.404
0.521
0.636
0.548
0.347
0.222
0.557
1.17
2.468
3.823
4.752
4.432
3.568
3.926
3.175
3.433
2.181
3.418
4.217
3.328
3.41
3.475
1.107
0.392
0.391
0.347
0.292
0.328
0.315
4.401
3.016
2.103
2.392
2.558
1.946
3.45
2.002
1.169
1.355
1.524
2.198
2.316
1.748
3.016
4.214
1.956
1.098
0.391
0.391
0.353
0.317
0.324
0.321
4.401
3.016
1.991
2.182
2.665
1.969
3.425
1.905
1.12
1.216
1.556
2.118
2.165
1.608
3.046
4.314
1.938
1.099
0.358
0.312
0.284
0.29
0.297
0.322
4.682
2.928
1.963
2.081
2.739
2.029
3.063
2.28
1.353
1.174
1.556
2.06
2.165
1.624
3.481
4.74
1.776
0.925
0.412
0.31
0.284
0.236
0.265
0.357
4.6
2.891
2.133
1.702
2.739
1.766
3.031
2.889
1.455
1.072
1.208
1.577
2.18
1.772
3.481
4.983
1.694
0.654
0.326
0.32
0.299
0.293
0.264
0.329
4.422
2.839
2.205
1.473
2.689
1.887
3.039
2.821
1.344
1.124
1.094
1.569
2.187
1.772
3.543
4.885
1.916
1.359
0.66
0.634
0.538
0.72
0.64
0.519
0.494
0.617
1.293
2.002
3.823
5.826
5.279
4.642
5.391
3.036
3.953
1.969
3.616
3.325
3.328
3.053
3.475
1.359
0.66
0.634
0.617
0.981
0.936
0.54
0.558
0.515
1.044
1.615
2.571
4.648
4.755
4.047
4.461
2.978
3.588
2.762
3.513
3.329
2.918
3.06
4.903
0.453
0.33
0.25
0.231
0.289
0.264
0.393
4.573
2.694
2.205
1.428
2.677
1.913
3.024
2.869
1.309
1.147
0.869
1.573
2.231
1.721
2.936
4.885
1.92
0.66
0.457
0.34
0.269
0.259
0.241
0.371
4.573
2.694
2.187
1.393
2.631
2.042
2.886
2.869
1.376
1.229
0.726
1.571
2.364
1.714
3.037
5.287
2.41
0.741
0.497
0.428
0.349
0.301
0.283
0.385
4.361
2.676
2.206
1.286
2.63
2.084
2.886
2.999
1.426
1.216
0.818
1.69
2.419
1.897
2.469
4.834
2.379
0.979
0.763
0.74
0.615
0.497
0.282
0.353
3.429
2.42
1.837
1.334
2.639
2.084
2.941
2.759
1.342
1.295
0.831
1.706
2.517
2.277
2.847
4.86
2.379
1.006
0.819
0.721
0.59
0.483
0.325
0.361
3.502
2.453
1.764
1.461
2.639
1.926
2.851
2.722
1.4
1.24
0.831
1.706
2.847
2.685
3.013
5.188
2.476
1.578
0.658
0.632
0.605
0.718
0.747
0.518
0.558
0.595
1.332
2.214
2.326
4.491
4.637
5.493
5.774
4.219
6.2
2.762
3.513
3.399
3.239
3.755
4.798
1.763
0.61
0.619
0.619
0.964
0.988
0.567
0.45
0.567
1.25
2.214
2.687
3.104
3.368
4.668
4.412
4.139
5.516
2.678
3.321
4.559
5.628
4.345
5.823
1.006
0.819
0.721
0.591
0.486
0.346
0.417
3.451
2.468
1.763
1.333
2.585
2.14
2.686
3.035
1.483
1.187
0.881
1.75
2.831
2.553
3.296
5.639
2.431
0.836
0.756
0.675
0.591
0.553
0.358
0.412
3.451
2.54
1.775
1.599
2.52
2.319
2.478
3.035
1.664
0.996
1.052
1.727
2.342
2.553
3.979
5.762
1.953
0.79
0.679
0.639
0.551
0.549
0.349
0.399
3.564
2.512
1.486
1.715
2.502
2.168
2.727
2.619
1.493
1.159
1.006
1.591
2.342
2.332
3.979
5.762
1.959
0.515
0.421
0.36
0.329
0.381
0.385
0.39
4.149
2.566
1.921
1.718
2.489
2.168
2.798
2.723
1.523
1.032
1.013
1.583
2.258
1.707
4.016
5.654
2.383
0.582
0.317
0.325
0.361
0.357
0.342
0.348
3.186
2.32
1.723
1.473
2.284
2.089
2.798
3.032
2.665
1.495
1.013
1.583
2.184
1.79
3.837
5.195
2.032
1.763
0.616
0.621
0.613
0.781
0.775
0.603
0.459
0.657
1.25
1.847
2.854
3.019
3.17
4.668
6.309
5.264
6.542
2.265
4.317
5.189
5.606
4.345
4.658
1.449
1.197
0.621
0.613
0.906
0.894
0.603
0.459
0.581
1.022
1.547
3.446
3.019
2.333
3.046
4.984
3.436
2.85
1.669
4.317
5.189
6.452
5.704
4.095
0.684
0.295
0.311
0.381
0.416
0.313
0.254
2.205
2.398
1.735
1.645
2.155
2.108
2.908
2.589
2.516
1.578
0.961
1.468
2.035
1.921
3.509
4.606
1.924
0.679
0.284
0.282
0.348
0.385
0.29
0.221
2.205
2.235
1.847
1.29
1.767
1.911
3.022
2.422
2.127
1.69
1.044
1.391
2.578
1.928
2.392
4.019
1.882
0.679
0.285
0.245
0.429
0.44
0.294
0.199
1.874
2.253
2.014
1.33
1.721
1.948
3.081
2.395
2.089
1.599
1.287
1.364
2.578
1.907
2.355
4.054
2.28
0.724
0.324
0.347
0.462
0.46
0.299
0.304
2.147
2.448
1.769
1.357
1.781
2.216
3.058
2.182
2.219
1.61
1.264
1.34
2.499
1.983
1.633
3.961
2.64
1.211
0.457
0.459
0.579
0.623
0.434
0.427
3.041
2.794
1.981
1.275
1.777
2.47
3.275
1.369
1.341
1.406
1.377
1.524
2.089
1.345
1.751
4.308
2.946
1.287
1.197
0.576
0.537
0.738
0.736
0.532
0.382
0.581
1.082
1.213
3.091
3.413
3.336
3.186
6.046
4.458
4.49
3.658
6.959
4.659
4.055
5.002
3.014
1.576
1.951
0.628
0.471
0.826
0.789
0.448
0.312
0.52
1.18
1.543
3.608
3.487
3.191
4.301
4.06
2.922
2.313
2.729
5.513
5.129
5.665
4.288
2.418
1.047
0.525
0.537
0.561
0.568
0.526
0.457
3.493
2.652
1.998
1.046
2.06
2.11
3.275
1.904
1.418
1.45
1.448
1.568
2.18
1.272
1.853
4.308
3.021
1.039
0.588
0.597
0.561
0.533
0.597
0.522
3.493
2.652
1.89
1.107
2.507
2.125
3.208
2.478
1.575
1.46
1.434
1.485
1.996
1.406
2.31
4.269
3.062
1.102
0.603
0.597
0.481
0.578
0.603
0.522
3.75
2.641
1.971
0.799
2.505
2.347
2.977
2.666
1.584
1.488
1.698
1.929
1.996
2.067
2.694
4.635
3.205
1.167
0.584
0.537
0.518
0.649
0.603
0.449
2.863
2.339
1.95
1.34
1.915
2.267
2.52
2.937
2.277
2.133
3.158
2.775
2.69
3.304
3.24
5.63
3.011
1.326
0.512
0.444
0.422
0.52
0.508
0.354
1.978
1.965
1.701
1.361
2.34
2.155
2.318
2.937
2.278
2.582
4.077
3.57
2.965
3.478
3.182
5.287
2.799
1.255
1.213
0.589
0.386
0.627
0.463
0.426
0.323
0.501
1.18
1.276
3.083
4.037
3.861
4.301
5.562
4.631
4.654
5.715
6.471
5.129
4.259
1.89
2.895
1.255
1.307
0.515
0.386
0.627
0.583
0.461
0.295
0.501
2.523
1.696
3.083
3.787
3.654
3.139
4.034
2.868
3.237
4.635
4.503
4.572
4.954
2.644
1.573
1.326
0.473
0.368
0.411
0.525
0.449
0.323
2.313
1.955
1.847
1.451
2.333
2.195
2.786
2.847
2.298
2.582
4.077
3.57
3.467
3.759
3.558
5.452
2.982
1.79
0.461
0.282
0.378
0.525
0.421
0.255
2.312
1.808
1.982
1.438
2.323
2.087
2.757
2.9
2.249
2.614
4.362
4.363
4.034
4.027
3.831
6.045
3.237
1.741
0.402
0.344
0.387
0.438
0.367
0.309
2.237
1.79
1.85
1.551
2.397
2.032
2.935
2.827
2.249
2.885
4.33
4.473
4.207
3.864
4.177
6.054
2.826
1.653
0.368
0.309
0.349
0.392
0.351
0.284
2.775
2.179
1.933
0.803
2.513
2.085
2.935
2.802
1.435
2.088
3.112
4.062
3.748
3.183
4.15
5.462
2.26
0.873
0.378
0.351
0.263
0.34
0.327
0.334
3.769
2.556
1.933
0.857
2.626
2.3
2.798
2.866
1.96
2.03
2.665
3.413
3.668
3.211
4.15
5.601
2.559
0.39
0.394
0.238
0.362
0.398
0.322
0.345
0.277
0.609
2.411
1.661
2.046
4.782
3.769
2.519
6.181
3.548
3.237
4.786
5.462
2.934
4.35
3.356
2.81
0.458
0.42
0.332
0.493
0.807
0.463
0.359
0.232
0.601
2.392
1.661
1.636
4.1
3.779
3.391
6.417
1.692
0.95
3.037
5.285
3.381
4.537
4.17
2.806
0.915
0.375
0.342
0.261
0.332
0.336
0.345
2.903
2.149
1.65
0.953
2.545
2.3
2.642
2.87
2.242
2.596
2.849
3.3
3.514
3.039
4.817
5.601
2.365
0.39
0.364
0.48
0.353
0.33
0.294
0.433
3.002
2.653
1.055
1.034
2.58
2.735
2.468
2.742
2.871
2.905
2.756
2.081
2.638
3.144
5.174
4.969
2.256
0.35
0.401
0.418
0.299
0.3
0.277
1.443
2.509
2.589
0.939
0.964
2.589
2.735
2.24
2.468
3.293
3.059
2.862
2.01
2.575
3.302
5.592
4.261
1.982
0.322
0.432
0.418
0.255
0.227
0.328
1.483
2.22
2.123
1.086
1.435
2.506
3.06
2.193
2.169
3.859
3.444
3.769
2.345
2.721
3.037
6.012
3.453
1.296
0.386
0.432
0.346
0.269
0.303
0.337
1.415
1.338
1.742
1.131
1.435
2.25
3.592
2.426
1.785
3.347
3.328
3.66
2.593
2.763
2.715
6.012
2.904
2.114
0.479
0.254
0.433
0.516
0.835
0.32
0.18
0.453
0.92
0.883
1.877
2.106
4.188
3.779
3.391
6.417
2.941
2.09
2.858
7.067
3.484
4.537
4.17
2.275
0.56
0.408
0.433
0.516
0.835
0.49
0.304
0.419
0.995
1.086
2.584
2.792
3.465
3.4
3.65
5.028
3.23
3.14
2.585
8.072
3.686
4.712
4.217
0.666
0.322
0.413
0.449
0.322
0.287
0.294
1.496
1.437
1.749
1.014
1.345
2.823
3.958
2.117
2.071
3.641
3.215
3.358
2.649
2.154
2.735
5.248
2.741
0.438
0.342
0.423
0.307
0.231
0.273
0.339
1.43
1.39
1.179
0.98
1.741
2.954
3.5
2.76
2.543
3.68
3.787
4.082
2.649
2.316
2.954
4.75
2.918
0.711
0.342
0.35
0.328
0.292
0.277
0.339
0.36
1.344
1.317
0.98
1.836
2.854
3.445
2.492
2.834
3.566
4.103
4.002
2.51
2.278
3.015
4.777
2.912
0.711
0.378
0.371
0.366
0.302
0.336
0.329
0.31
2.145
1.83
0.655
1.27
2.836
3.233
2.662
2.652
3.167
3.537
2.707
2.433
2.565
3.245
4.399
3.109
0.716
0.359
0.481
0.42
0.312
0.308
0.424
0.361
2.776
2.332
0.605
1.733
2.948
2.442
2.608
2.73
3.167
3.866
3.663
2.443
2.797
4.126
4.41
3.49
1.82
0.408
0.311
0.435
0.455
0.278
0.326
0.292
0.568
1.079
1.356
2.683
2.961
3.886
4.5
4.313
4.799
3.782
3.14
2.737
8.072
3.686
5.789
3.376
1.82
0.552
0.47
0.329
0.409
0.395
0.446
0.34
0.366
1.007
1.356
2.683
2.961
3.886
4.603
5.646
4.427
2.908
1.906
2.737
5.769
3.603
5.789
3.51
0.841
0.405
0.472
0.319
0.258
0.354
0.43
0.265
3.259
2.879
0.577
1.585
1.947
1.797
2.506
2.012
2.549
3.798
4.246
3.205
3.021
4.274
4.518
3.7
1.002
0.453
0.466
0.346
0.288
0.418
0.453
0.56
3.541
2.879
0.482
0.993
1.502
2.866
2.318
1.766
2.277
2.747
3.088
3.012
3.227
4.045
5.043
3.826
0.849
0.478
0.494
0.349
0.296
0.441
0.488
1.323
3.541
2.735
0.476
0.769
1.043
2.642
2.386
1.418
2.222
2.002
2.621
2.895
3.227
3.996
4.846
3.826
0.875
0.496
0.497
0.406
0.348
0.425
0.474
1.493
3.122
2.765
0.514
0.859
1.092
2.174
1.985
1.376
1.757
1.709
3.219
2.878
3.505
4.192
5.141
3.711
0.875
0.496
0.425
0.348
0.314
0.408
0.392
1.774
3.047
2.648
0.404
0.84
0.927
2.349
1.927
1.619
1.809
1.094
2.606
2.847
3.463
3.692
5.477
3.5
2.841
1.471
0.534
0.403
0.409
0.459
0.515
0.398
0.376
1.007
1.255
2.962
3.124
2.928
5.117
6.248
4.717
3.665
2.023
2.739
3.451
4.529
4.809
3.448
2.013
1.471
0.534
0.44
0.407
0.459
0.515
0.398
0.281
0.832
0.879
2.773
2.155
1.642
3.175
6.248
3.422
2.979
4.137
2.351
3.241
4.529
3.236
3.48
0.642
0.484
0.452
0.383
0.323
0.339
0.36
2.358
2.78
2.638
0.759
1.447
1.103
2.258
2.413
1.951
1.809
1.001
2.019
1.769
3.394
3.407
5.477
3.323
0.557
0.456
0.455
0.423
0.364
0.329
0.328
2.205
2.441
2.618
0.837
1.475
0.988
1.112
1.953
1.542
1.651
1.28
2.559
1.824
3.3
3.586
5.025
2.985
0.518
0.451
0.414
0.382
0.323
0.432
0.36
2.175
2.333
2.716
0.906
1.475
0.974
1.208
2.481
1.882
1.781
2.524
3.069
2.339
3.204
3.75
4.49
2.835
0.481
0.383
0.324
0.29
0.266
0.484
0.388
2.585
2.311
2.619
0.867
1.373
0.845
1.326
2.456
1.882
1.771
2.55
2.411
2.491
2.811
3.47
4.566
2.924
0.482
0.343
0.322
0.29
0.266
0.508
0.456
2.316
1.809
2.611
0.861
0.866
0.603
0.837
2.02
1.538
2.249
2.969
2.471
2.43
2.859
3.795
4.59
2.753
2.38
1.43
0.563
0.491
0.486
0.415
0.483
0.397
0.278
0.826
0.879
3.877
4.813
3.464
4.284
6.007
3.422
2.979
4.137
3.028
3.241
3.96
3.13
3.442
1.005
0.48
0.48
0.481
0.486
0.368
0.248
0.212
0.351
0.873
0.738
2.939
5.081
3.6
3.207
4.743
4.664
1.471
3.011
2.732
2.723
2.46
3.053
3.243
0.461
0.281
0.254
0.293
0.328
0.543
0.457
2.501
2.119
2.43
0.541
0.222
0.302
0.838
1.442
1.275
2.249
2.969
2.601
3.325
3.102
3.88
4.59
2.371
0.509
0.269
0.242
0.282
0.317
0.532
0.45
2.501
2.119
2.576
0.48
0.672
0.592
0.863
1.394
1.432
2.2
3.051
2.731
3.325
2.906
3.811
4.919
2.351
0.495
0.273
0.21
0.253
0.308
0.427
0.409
2.75
2.272
2.323
0.461
0.709
0.655
0.745
0.832
1.014
2.06
2.301
2.818
3.055
2.833
3.626
5.498
2.276
0.489
0.309
0.244
0.245
0.302
0.375
0.406
2.688
2.184
2.172
0.53
0.768
0.721
0.554
0.928
1.122
2.43
2.599
3.101
2.779
2.566
3.601
5.4
2.114
0.478
0.362
0.303
0.246
0.299
0.34
0.373
3.279
2.341
2.038
0.55
0.834
0.723
0.54
0.948
1.051
1.856
2.128
2.685
2.347
2.335
3.304
4.933
2.613
0.967
0.473
0.474
0.461
0.376
0.368
0.238
0.349
0.43
1.006
0.694
2.939
5.304
3.6
3.207
4.495
4.91
1.433
1.188
3.113
4.27
2.085
2.769
2.107
1.027
0.42
0.423
0.404
0.326
0.385
0.373
0.382
0.43
0.956
0.694
2.138
4.268
1.803
2.031
4.619
4.91
1.433
1.188
1.701
3.569
2.085
2.163
1.699
0.661
0.387
0.364
0.215
0.225
0.269
0.308
2.398
2.182
2.31
0.556
0.845
0.725
0.594
0.962
0.934
1.856
2.195
2.542
2.27
2.241
3.288
5.071
3.049
1.162
0.412
0.389
0.222
0.229
0.273
0.284
2.374
2.182
2.009
0.669
0.813
0.687
0.815
1.059
1.179
1.942
1.932
2.498
2.66
2.483
2.903
4.589
2.887
1.528
1.74
0.547
0.274
0.204
0.2
0.22
1.357
1.718
1.862
0.604
0.813
0.682
0.899
1.019
1.154
1.534
2.15
2.416
3.627
3.086
2.631
3.328
2.535
1.526
1.745
0.626
0.446
0.267
0.256
0.177
0.835
1.204
1.589
0.615
2.077
1.641
1.208
1.382
1.921
1.116
1.796
2.478
4.11
3.421
2.287
2.153
2.126
1.526
1.744
0.713
0.593
0.325
0.313
0.231
0.206
0.827
1.182
0.914
3.154
2.236
1.734
2.226
2.058
1.65
2.31
3.056
4.11
3.421
1.825
1.362
1.261
1.06
0.418
0.42
0.411
0.421
0.506
0.505
0.413
0.41
1.027
0.556
1.991
4.13
2.148
1.813
5.192
4.207
2.226
2.125
3.535
3.387
1.539
1.773
2.367
1.14
0.416
0.419
0.411
0.421
0.506
0.505
0.372
0.397
0.759
0.691
1.889
3.181
2.691
2.339
5.192
3.615
3.266
3.997
3.624
1.46
2.552
2.847
3.013
1.316
1.721
0.986
0.606
0.387
0.338
0.227
0.235
0.299
0.778
1.135
3.151
2.234
1.922
2.712
2.647
2.109
2.688
3.056
3.749
3.273
1.817
0.716
0.648
0.728
1.67
0.986
0.61
0.365
0.273
0.191
0.294
0.277
0.826
1.028
3.072
2.413
1.771
2.541
2.143
1.698
2.857
2.912
3.401
3.129
2.266
2.123
1.418
0.372
0.344
0.826
0.61
0.365
0.339
0.199
0.574
1.092
1.731
1.339
3.072
2.869
2.163
2.541
2.255
1.828
2.628
3.319
2.617
2.9
2.104
3.213
1.913
0.343
0.276
0.688
0.506
0.358
0.285
0.205
1.088
1.842
2.017
1.543
2.135
2.424
2.456
2.1
1.396
1.828
2.628
3.268
2.377
2.674
2.729
4.659
2.498
0.343
0.241
0.598
0.415
0.336
0.231
0.149
1.104
2.648
2.448
1.239
1.555
2.276
2.123
1.659
1.419
1.351
2.988
3.232
2.337
3.125
3.137
5.686
3.153
1.034
0.377
0.377
0.286
0.301
0.433
0.401
0.395
0.397
0.661
0.691
1.508
2.178
2.691
4.748
4.9
4.544
3.266
3.997
3.624
2.49
4.001
3.38
3.311
1.034
0.288
0.243
0.153
0.315
0.426
0.327
0.263
0.387
0.919
2.02
1.272
1.366
2.083
4.748
4.677
3.584
3.418
4.497
3.235
3.832
4.001
3.955
3.896
0.459
0.2
0.294
0.417
0.29
0.206
0.149
1.108
2.666
2.797
1.305
2.155
2.276
2.002
1.106
0.801
0.875
2.596
2.805
2.231
3.156
3.326
5.686
3.153
0.536
0.268
0.324
0.411
0.314
0.272
0.173
1.108
2.666
2.797
1.72
2.539
2.362
1.992
1.142
1.279
1.271
2.469
3.243
2.396
3.13
3.357
5.75
3.154
0.637
0.205
0.324
0.411
0.348
0.276
0.235
0.896
1.917
1.679
1.431
3.512
3.263
1.877
1.528
2.088
1.647
2.691
3.396
2.642
2.862
3.357
5.644
3.046
0.637
0.278
0.392
0.408
0.359
0.343
0.24
0.518
1.726
1.764
1.147
3.512
3.023
1.63
1.542
2.175
1.647
2.691
3.415
2.56
2.669
3.311
5.442
3.077
0.679
0.351
0.401
0.377
0.359
0.345
0.284
0.529
1.617
1.777
1.251
3.487
2.788
1.915
1.407
2.043
1.582
1.806
2.92
2.356
1.947
3.172
4.962
2.426
1.641
0.208
0.15
0.23
0.444
0.426
0.327
0.274
0.316
0.972
2.008
1.582
2.817
2.473
5.155
4.559
3.976
2.652
3.802
3.151
3.832
5.087
4.144
3.892
1.136
0.346
0.297
0.376
0.444
0.415
0.329
0.275
0.384
1.226
2.481
1.043
3.468
3.445
2.83
3.165
2.966
2.764
4.58
3.623
3.56
4.455
4.144
3.892
0.597
0.421
0.415
0.379
0.412
0.411
0.348
0.511
1.722
1.62
0.968
3.363
3.146
1.915
1.527
2.043
1.667
1.751
2.92
2.273
1.72
2.327
4.73
2.182
0.745
0.503
0.412
0.378
0.41
0.409
0.388
0.511
1.722
2.013
0.764
3.209
3.236
1.914
1.522
2.062
1.613
2.423
2.692
2.142
1.842
1.758
3.807
1.668
0.598
0.503
0.412
0.416
0.41
0.406
0.383
0.623
1.917
2.15
0.924
2.388
2.003
1.769
1.152
1.262
1.349
2.289
2.114
1.556
1.831
1.992
4.456
2.085
0.636
0.495
0.41
0.413
0.407
0.402
0.383
0.794
2.025
2.149
0.919
2.388
2.409
1.708
1.132
1.269
1.349
2.252
2.68
1.932
1.894
2.013
4.422
1.697
0.618
0.43
0.366
0.413
0.407
0.417
0.412
0.78
1.534
2.2
0.901
2.416
2.501
1.748
1.08
1.373
1.305
2.781
3.164
2.366
2.215
2.885
4.407
2.231
1.185
0.45
0.427
0.425
0.44
0.407
0.406
0.4
0.46
1.043
2.237
1.783
3.468
3.445
2.83
3.165
2.842
3.128
4.58
3.343
2.473
5.454
3.679
3.543
1.527
0.713
0.437
0.434
0.437
0.503
0.417
0.411
0.462
1.043
2.237
1.749
2.141
2.055
3.856
2.349
2.632
3.311
4.673
3.366
3.558
3.718
3.314
3.454
0.639
0.434
0.371
0.418
0.41
0.424
0.414
0.8
2.235
2.317
0.942
2.176
1.952
1.73
0.993
1.373
1.236
2.75
3.164
2.526
2.072
3.313
4.505
2.718
0.472
0.352
0.374
0.401
0.367
0.423
0.405
0.8
2.235
2.344
0.746
1.602
1.518
1.966
1.009
1.464
1.351
2.205
2.558
2.464
1.936
3.429
4.505
3.916
0.825
0.489
0.353
0.332
0.356
0.428
0.411
0.69
2.083
2.331
0.584
1.114
1.562
2.246
1.009
1.333
1.022
2.24
2.822
2.391
1.773
3.755
4.075
4.622
1.489
0.659
0.36
0.34
0.331
0.369
0.411
0.428
1.59
2.374
0.612
1.286
1.638
2.117
1.301
1.186
1.019
2.239
2.345
2.035
1.552
3.551
3.566
4.631
1.706
0.692
0.357
0.339
0.355
0.364
0.414
0.428
1.496
2.286
0.499
1.272
1.823
1.652
1.377
0.974
0.994
1.795
1.824
1.394
1.054
2.831
3.496
4.631
1.628
0.74
0.451
0.427
0.432
0.503
0.455
0.426
0.418
0.968
1.716
2.643
2.138
1.373
4.474
1.605
2.23
3.311
3.333
2.939
3.558
4.184
2.574
3.454
1.628
0.74
0.451
0.414
0.427
0.427
0.455
0.426
0.418
0.73
0.81
2.012
3.824
2.223
4.474
2.633
4.729
4.332
4.813
3.147
3.266
3.449
1.399
2.897
1.921
0.777
0.301
0.27
0.33
0.363
0.415
0.428
0.741
2.225
0.502
1.246
2.149
1.652
1.323
0.97
0.957
1.876
1.786
0.749
0.772
2.426
3.459
4.555
1.921
0.777
0.232
0.277
0.358
0.424
0.428
0.424
0.71
2.107
0.569
1.281
2.387
2.055
2.045
1.676
1.842
2.207
2.123
0.722
1.944
2.453
3.074
3.393
1.671
0.701
0.295
0.337
0.367
0.414
0.364
0.422
0.627
2.046
0.858
1.519
2.491
1.932
2.278
1.67
2.215
1.598
1.266
0.636
1.727
2.379
3.532
2.54
1.284
0.631
0.249
0.265
0.367
0.422
0.424
0.379
0.534
1.986
0.877
1.328
2.413
2.222
2.348
2.187
2.787
2.177
1.738
0.742
2.152
2.967
3.497
2.701
1.32
0.645
0.248
0.298
0.393
0.418
0.404
0.311
0.523
2.063
0.912
1.187
2.379
2.201
2.367
2.184
2.787
2.133
1.652
1.316
2.514
3.425
4.152
3.36
1.307
0.462
0.432
0.344
0.409
0.332
0.424
0.289
0.283
0.532
1.028
2.511
5.289
2.599
2.502
2.298
3.455
3.46
4.789
3.448
1.73
3.84
2.221
4.096
1.481
0.403
0.403
0.397
0.409
0.332
0.248
0.261
0.483
0.672
4.425
1.463
5.289
2.599
0.75
2.437
4.286
3.46
4.789
3.448
1.844
3.677
3.955
4.873
1.448
0.647
0.297
0.359
0.411
0.411
0.395
0.301
0.391
1.697
1.021
1.235
2.562
3.317
2.622
2.319
2.789
2.122
2.359
1.922
3.032
3.425
4.661
4.027
1.398
0.647
0.297
0.361
0.415
0.414
0.394
0.255
0.398
1.99
1.197
1.489
2.678
3.077
2.255
1.036
1.335
1.222
1.903
1.86
2.465
4.181
5.041
4.413
1.591
0.664
0.235
0.325
0.424
0.42
0.41
0.274
0.689
2.583
1.096
1.523
2.702
2.861
2.255
0.999
1.052
1.175
1.987
1.86
2.465
3.862
4.301
5.06
2.131
0.677
0.269
0.359
0.424
0.414
0.402
0.301
0.735
2.607
1.096
1.678
2.67
2.674
2.362
0.485
0.878
0.649
1.45
1.862
2.139
3.947
4.366
5.569
2.281
0.712
0.332
0.385
0.412
0.406
0.402
0.301
0.726
2.586
1.098
1.695
2.731
2.674
2.374
0.483
1.263
0.649
1.45
1.541
1.824
3.833
3.656
5.193
1.481
0.413
0.273
0.349
0.393
0.446
0.385
0.391
0.477
0.571
4.425
1.717
4.788
2.934
1.395
2.023
2.73
2.177
4.034
2.198
1.784
3.677
3.955
4.873
1.552
0.494
0.396
0.397
0.384
0.441
0.396
0.57
0.603
0.733
4.122
1.283
2.647
3.175
2.683
2.439
2.73
4.754
4.66
1.524
1.6
5.97
4.137
4.654
2.2
0.716
0.325
0.38
0.409
0.376
0.337
0.292
0.783
2.827
1.014
1.98
2.591
1.84
2.134
0.346
1.318
0.582
0.833
1.1
1.281
3.86
3.106
5.038
2.2
0.716
0.378
0.397
0.412
0.38
0.288
0.283
0.796
2.915
0.799
1.938
2.087
1.522
1.692
0.367
1.414
0.671
1.074
1.832
1.108
3.614
2.701
4.469
2.131
0.744
0.394
0.397
0.37
0.342
0.293
0.33
0.651
2.4
0.705
1.682
1.512
1.395
1.782
0.385
1.382
1.24
1.386
1.866
1.133
3.614
2.217
3.231
1.761
0.782
0.402
0.405
0.309
0.281
0.294
0.341
0.659
2.4
0.774
1.373
1.337
1.222
1.688
0.366
1.028
1.132
1.436
1.866
1.135
2.982
1.612
2.657
1.705
0.794
0.408
0.376
0.249
0.289
0.371
0.404
0.712
2.307
0.931
1.143
0.763
1.141
2.23
1.008
0.791
1.482
1.567
1.767
1.157
3.375
1.624
3.084
1.497
0.494
0.396
0.394
0.384
0.441
0.396
0.58
0.387
0.448
0.552
1.283
2.647
3.658
2.683
3.593
2.987
4.754
4.66
1.88
1.035
6.832
3.116
3.356
1.844
0.677
0.401
0.394
0.28
0.309
0.399
0.58
0.398
0.689
0.516
1.017
2.276
3.632
3.568
4.841
3.494
5.545
6.292
2.997
2.013
6.832
4.692
4.374
1.395
0.634
0.424
0.383
0.284
0.355
0.419
0.415
0.702
1.871
1.396
1.201
1.348
0.874
2.165
1.015
0.753
1.817
2.644
2.709
1.728
3.226
2.448
2.659
1.401
0.693
0.424
0.369
0.272
0.346
0.419
0.415
0.732
1.756
1.396
1.589
1.744
1.287
2.644
1.073
0.614
2.016
3.002
2.088
1.41
2.148
2.217
2.593
2.021
0.782
0.418
0.369
0.293
0.388
0.413
0.411
0.716
1.815
1.357
1.589
1.756
1.287
2.769
1.116
0.571
1.439
2.736
2.502
2.124
2.89
2.281
2.794
1.929
0.691
0.411
0.363
0.298
0.388
0.413
0.4
0.736
1.92
1.283
2.058
1.83
1.333
2.682
1.145
0.587
1.428
2.637
2.524
2.124
3.289
2.824
2.806
2.032
0.678
0.366
0.332
0.298
0.414
0.41
0.396
0.699
2.349
1.094
2.453
2.381
1.392
2.136
0.514
0.846
1.167
2.534
2.524
2.155
2.506
2.785
3.492
1.349
0.617
0.41
0.369
0.158
0.266
0.441
0.424
0.414
0.626
1.352
1.702
2.693
3.632
3.13
4.841
3.494
3.681
4.356
3.164
3.883
4.993
4.127
2.451
1.349
0.641
0.41
0.298
0.149
0.381
0.441
0.419
0.536
0.785
1.418
3.029
4.115
3.168
3.523
4.775
4.363
2.608
6.977
3.468
4.008
4.303
4.127
3.352
2.4
0.891
0.358
0.333
0.297
0.39
0.343
0.391
0.699
2.476
0.584
1.843
1.803
1.699
2.136
0.602
0.899
0.852
1.278
2.021
1.56
2.526
2.063
3.438
2.4
0.891
0.319
0.352
0.31
0.401
0.329
0.334
0.626
2.538
0.64
1.465
1.425
1.62
2.224
0.783
0.892
0.792
1.599
2.575
1.755
2.662
2.223
3.438
1.747
0.697
0.316
0.397
0.356
0.392
0.324
0.269
0.562
2.498
0.675
1.477
1.46
1.62
1.728
0.772
1.202
0.965
1.796
3.045
2.529
2.304
3.03
3.745
1.683
0.641
0.322
0.339
0.356
0.393
0.4
0.28
0.586
2.445
0.798
1.483
1.135
1.505
1.36
0.737
1.588
0.982
2.003
3.401
3.078
2.286
2.491
3.195
1.314
0.501
0.296
0.366
0.42
0.386
0.381
0.208
0.638
2.348
0.785
1.21
1.019
1.617
1.429
1.312
1.341
1.303
2.442
3.549
3.211
2.286
2.926
3.197
1.019
0.575
0.364
0.209
0.248
0.441
0.441
0.419
0.536
0.647
1.579
3.029
3.959
2.585
4.548
2.699
2.459
0.82
4.229
2.921
4.95
3.782
3.0
3.143
0.952
0.575
0.353
0.27
0.248
0.441
0.416
0.413
0.523
0.998
1.695
2.556
4.002
2.87
5.426
4.8
4.705
3.077
4.371
2.921
4.437
4.042
3.483
4.475
1.232
0.313
0.244
0.303
0.397
0.409
0.401
0.211
0.638
2.163
1.25
1.275
1.161
1.51
1.443
1.309
1.295
1.347
2.747
3.596
3.211
1.954
2.836
3.09
1.65
0.326
0.219
0.273
0.393
0.405
0.416
0.273
0.696
2.087
1.592
1.55
1.434
1.239
1.358
1.466
1.554
1.371
2.075
4.119
3.517
3.236
2.969
3.525
1.62
0.326
0.307
0.304
0.399
0.384
0.405
0.292
0.788
1.741
1.541
1.903
1.745
1.407
1.862
1.943
1.318
1.264
2.354
3.822
2.737
2.835
3.116
2.968
1.469
0.369
0.303
0.363
0.417
0.366
0.334
0.218
0.753
2.018
1.752
1.608
1.751
1.744
1.942
1.999
1.233
1.232
2.354
3.822
2.421
2.609
3.08
2.861
1.396
0.372
0.387
0.405
0.421
0.334
0.284
0.226
0.726
1.638
1.82
1.424
1.535
1.612
1.532
1.523
1.369
1.179
1.994
3.316
2.305
3.367
3.291
2.156
0.839
0.535
0.353
0.257
0.239
0.437
0.414
0.413
0.4
0.927
2.109
1.747
2.695
2.44
5.426
2.943
2.903
3.115
2.523
4.101
4.437
4.042
3.486
4.845
1.215
0.468
0.355
0.271
0.224
0.458
0.41
0.377
0.281
1.018
2.109
1.394
3.076
2.49
3.485
4.589
3.618
5.431
4.304
4.437
4.467
4.922
3.825
4.845
1.171
0.359
0.442
0.423
0.421
0.272
0.218
0.249
0.789
1.595
1.373
1.732
1.945
1.349
2.011
1.887
1.369
1.534
2.139
3.991
2.723
3.439
3.97
2.72
0.725
0.404
0.455
0.434
0.425
0.277
0.168
0.189
0.799
1.136
1.056
1.604
2.151
1.701
1.837
1.61
1.168
1.758
2.087
3.168
3.011
2.038
3.463
2.273
0.715
0.406
0.449
0.432
0.424
0.323
0.236
0.245
0.773
1.224
1.464
1.351
2.14
1.991
1.457
1.44
1.473
2.186
2.152
3.069
2.432
2.024
3.823
2.956
0.924
0.375
0.449
0.432
0.431
0.386
0.301
0.25
0.771
0.608
1.13
1.378
2.607
1.737
1.847
2.084
1.395
2.2
2.612
3.203
2.907
3.015
3.823
2.972
0.994
0.431
0.375
0.4
0.407
0.431
0.37
0.288
0.694
0.563
1.595
1.719
2.607
2.138
1.966
2.466
1.484
2.281
3.069
3.928
3.346
2.901
4.649
2.797
1.376
0.474
0.286
0.154
0.316
0.458
0.418
0.309
0.157
0.688
1.398
1.9
3.076
2.021
2.423
5.153
3.352
4.316
4.304
4.437
4.342
4.404
3.783
3.44
2.745
2.062
0.638
0.311
0.386
0.459
0.413
0.232
0.168
0.784
1.483
2.397
3.021
2.771
2.423
5.153
5.167
6.204
5.295
2.656
4.342
5.384
3.433
2.078
0.969
0.426
0.372
0.356
0.399
0.431
0.429
0.329
0.596
0.541
1.595
1.959
2.549
2.138
1.876
2.399
1.509
2.203
3.169
2.879
2.952
3.163
4.172
2.75
1.001
0.378
0.298
0.35
0.399
0.43
0.435
0.391
0.598
0.587
1.562
2.08
2.417
1.772
1.749
2.401
1.801
1.988
3.169
3.338
2.753
3.354
4.713
2.75
1.042
0.367
0.224
0.356
0.398
0.485
0.43
0.331
0.538
0.542
1.183
2.298
2.51
1.472
1.976
2.401
1.505
1.798
3.114
3.675
2.794
3.354
3.482
2.096
0.901
0.494
0.301
0.38
0.395
0.484
0.43
0.344
0.545
0.469
1.235
2.298
2.145
1.89
1.665
2.038
1.678
1.993
3.055
3.632
2.279
2.994
3.482
2.013
1.172
0.519
0.362
0.425
0.423
0.477
0.427
0.31
0.566
0.595
0.719
1.959
2.262
1.9
1.739
1.969
1.472
1.799
2.967
3.368
2.019
4.162
2.887
1.895
2.504
2.053
0.698
0.437
0.423
0.444
0.4
0.373
0.3
0.634
1.503
2.397
2.632
2.572
4.233
3.495
5.167
4.859
3.575
2.056
4.855
3.524
3.216
1.241
2.504
2.053
0.717
0.442
0.438
0.44
0.666
0.432
0.413
0.761
1.503
2.435
2.545
2.572
3.879
0.807
4.29
6.527
4.271
2.086
3.662
3.467
3.216
1.241
1.265
0.591
0.364
0.428
0.426
0.484
0.423
0.312
0.547
0.584
0.753
1.525
2.129
2.1
1.649
2.045
1.498
1.618
2.796
4.325
2.063
3.876
2.776
1.35
1.252
0.587
0.383
0.431
0.417
0.475
0.359
0.317
0.467
0.596
0.74
1.36
2.189
2.373
1.701
2.533
1.967
2.617
3.469
3.663
1.584
3.983
2.626
1.39
1.362
0.672
0.383
0.42
0.428
0.415
0.291
0.312
0.462
0.521
0.723
1.163
2.28
2.769
2.088
2.533
2.598
3.016
3.718
3.562
2.229
4.022
2.537
1.395
1.311
0.526
0.311
0.358
0.435
0.401
0.222
0.293
0.45
0.675
0.664
1.163
2.28
2.454
2.088
2.2
2.284
2.562
3.718
3.562
2.37
3.809
2.951
1.744
1.043
0.433
0.266
0.367
0.429
0.334
0.233
0.378
0.443
0.673
0.659
1.587
2.415
1.983
1.808
1.893
2.227
2.407
3.457
3.62
2.233
2.19
3.185
2.087
0.922
0.441
0.456
0.429
0.423
0.428
0.69
0.442
0.422
0.579
1.052
2.236
3.832
1.838
4.198
0.774
1.436
3.94
2.791
2.51
5.894
2.763
3.92
1.664
0.841
0.629
0.703
0.429
0.423
0.454
0.709
0.413
0.409
0.573
1.025
2.281
3.771
3.13
2.666
1.891
1.473
3.551
2.791
2.665
3.526
2.391
2.817
2.4
1.57
0.444
0.199
0.311
0.441
0.323
0.169
0.313
0.429
0.673
0.705
2.337
2.415
1.761
1.805
1.821
2.197
2.973
3.796
2.955
2.562
3.049
3.561
2.462
1.48
0.523
0.247
0.243
0.441
0.383
0.244
0.242
0.42
0.693
0.765
2.653
2.077
1.819
1.994
1.149
1.785
2.359
3.493
3.435
3.604
4.091
3.649
2.414
1.265
0.521
0.312
0.238
0.361
0.365
0.32
0.248
0.42
0.752
0.898
2.994
1.826
1.588
1.712
1.363
1.378
2.167
3.646
3.086
3.55
4.673
4.368
2.999
1.58
0.666
0.376
0.238
0.288
0.375
0.376
0.248
0.394
0.712
0.922
3.039
2.088
2.02
2.133
1.363
1.378
2.579
3.841
3.64
3.731
4.592
4.462
3.264
1.591
0.666
0.42
0.182
0.242
0.38
0.451
0.246
0.482
0.638
0.922
2.892
1.642
2.211
2.156
1.771
1.78
2.658
4.307
3.407
3.731
4.592
3.784
2.757
1.719
1.023
0.701
0.362
0.325
0.454
0.467
0.359
0.301
0.402
1.093
2.281
3.903
4.111
3.277
4.657
2.417
1.777
1.7
2.796
5.95
3.724
3.812
2.4
2.97
2.646
1.275
0.362
0.326
0.438
0.467
0.32
0.312
0.696
0.994
1.947
2.736
4.111
3.277
4.657
2.912
2.198
1.982
2.851
5.525
4.159
3.743
3.302
1.006
0.739
0.461
0.224
0.156
0.368
0.459
0.288
0.494
0.592
0.93
2.329
1.443
2.364
2.156
1.814
2.108
2.432
4.074
3.612
3.797
4.759
4.071
2.94
1.195
0.73
0.458
0.25
0.157
0.334
0.463
0.357
0.508
0.513
0.964
2.598
1.963
3.332
2.925
3.048
3.071
2.882
3.694
3.437
3.225
3.942
3.697
3.469
1.832
0.845
0.458
0.319
0.227
0.355
0.461
0.362
0.508
0.406
0.896
2.397
2.271
3.72
3.067
3.018
2.802
2.599
3.227
3.302
3.601
3.528
2.603
2.937
1.465
0.704
0.458
0.319
0.286
0.362
0.461
0.412
0.548
0.271
0.864
2.427
2.074
3.605
3.07
3.173
3.021
2.699
3.002
2.711
3.484
3.609
2.085
2.353
1.507
0.731
0.455
0.362
0.279
0.326
0.433
0.398
0.509
0.267
0.864
2.427
2.362
3.514
3.127
3.013
2.745
3.217
2.713
2.868
3.586
3.648
2.542
2.42
3.507
2.646
1.042
0.362
0.348
0.413
0.441
0.375
0.362
0.657
0.893
2.116
2.736
4.866
3.086
4.492
2.912
2.198
1.952
2.851
5.525
4.344
3.743
2.527
3.507
2.323
1.014
0.331
0.348
0.353
0.431
0.419
0.436
0.901
1.139
3.231
2.717
4.629
2.499
1.684
2.105
3.409
4.786
3.15
3.933
4.344
5.056
3.667
1.505
0.538
0.42
0.371
0.341
0.362
0.416
0.368
0.551
0.269
0.794
2.363
2.513
3.275
3.127
2.887
2.415
3.217
3.109
2.825
3.372
3.302
2.411
2.35
1.438
0.533
0.355
0.339
0.378
0.415
0.407
0.365
0.621
0.257
0.698
1.955
2.305
2.247
2.351
1.847
1.11
3.132
3.446
3.001
3.457
3.156
2.781
2.22
1.015
0.509
0.349
0.281
0.318
0.345
0.408
0.416
0.662
0.289
1.061
1.888
1.888
1.504
2.254
1.898
1.313
3.778
3.891
3.001
2.683
4.023
3.586
2.65
1.142
0.618
0.37
0.288
0.282
0.357
0.414
0.411
0.662
0.334
1.055
1.509
2.279
1.897
2.172
1.786
1.143
3.908
4.181
2.812
2.791
4.52
3.604
3.238
1.164
0.57
0.31
0.229
0.328
0.435
0.436
0.385
0.633
0.359
1.344
1.33
1.83
1.826
2.016
1.958
1.112
3.112
4.181
2.482
2.492
4.931
3.573
3.238
2.095
0.484
0.387
0.351
0.361
0.472
0.448
0.419
0.357
0.495
1.383
3.231
2.712
4.629
2.127
0.7
1.918
3.352
4.352
4.319
3.019
3.676
4.938
3.576
0.732
0.425
0.387
0.444
0.428
0.427
0.448
0.384
0.382
0.787
1.82
3.12
2.712
2.927
2.54
2.202
3.809
5.083
5.374
4.319
4.641
4.442
5.189
3.576
1.164
0.59
0.279
0.164
0.263
0.416
0.436
0.404
0.634
0.369
1.301
1.085
1.458
1.681
2.163
2.085
1.596
3.481
4.161
2.518
2.88
4.778
3.353
2.751
1.374
0.583
0.279
0.164
0.252
0.413
0.436
0.382
0.577
0.368
1.341
1.385
1.57
1.337
1.98
2.058
1.596
3.13
4.462
2.262
2.625
4.778
3.298
2.414
1.304
0.467
0.274
0.273
0.366
0.445
0.426
0.346
0.565
0.455
0.902
1.252
2.013
1.5
1.662
1.755
1.4
2.878
4.401
2.618
2.77
4.451
3.378
2.262
1.144
0.436
0.315
0.334
0.357
0.408
0.371
0.361
0.646
0.446
0.889
1.129
1.454
1.026
1.355
1.631
1.563
2.627
4.041
2.785
2.464
3.94
2.973
1.584
1.041
0.447
0.372
0.323
0.301
0.363
0.369
0.38
0.647
0.435
0.55
1.132
2.138
1.481
1.424
1.475
1.589
2.627
4.041
3.102
2.745
3.592
4.07
2.051
1.183
0.478
0.351
0.444
0.428
0.479
0.43
0.369
0.282
0.61
1.648
2.159
2.639
2.191
1.478
2.19
2.635
3.757
3.435
4.022
5.22
5.767
4.733
3.629
1.18
0.913
0.641
0.351
0.267
0.391
0.275
0.423
0.371
1.106
1.594
2.085
2.263
2.191
1.952
3.745
3.284
4.04
3.435
2.673
5.22
5.767
4.733
3.469
1.036
0.434
0.337
0.395
0.379
0.394
0.372
0.694
0.81
0.871
0.748
1.293
2.192
1.445
0.91
1.03
1.049
2.091
3.609
2.689
2.266
3.008
3.731
2.035
0.847
0.499
0.36
0.444
0.422
0.395
0.374
0.73
0.853
0.846
0.668
1.022
2.092
1.741
0.86
1.163
1.026
1.882
3.17
2.471
2.43
2.589
3.526
1.828
0.727
0.512
0.378
0.398
0.39
0.349
0.361
0.73
0.847
0.964
0.968
0.791
2.301
2.201
0.855
1.709
1.452
2.035
2.485
1.87
1.961
1.834
2.675
1.454
0.708
0.405
0.358
0.404
0.448
0.364
0.361
0.661
0.827
1.017
0.992
1.05
2.609
2.377
1.109
1.895
1.523
1.836
2.163
1.716
2.573
2.083
2.65
1.493
0.797
0.467
0.362
0.404
0.448
0.391
0.36
0.662
0.876
1.227
1.356
1.335
2.338
1.881
0.932
1.526
1.65
2.289
2.014
1.896
2.397
1.83
1.609
1.119
1.248
0.913
0.68
0.352
0.177
0.295
0.28
0.423
0.42
0.943
1.075
1.284
2.511
2.001
1.025
2.499
1.528
2.811
2.952
2.715
4.681
4.76
3.94
2.495
0.997
0.826
0.68
0.387
0.33
0.29
0.287
0.428
0.426
1.053
1.075
0.759
1.886
2.725
2.159
4.273
3.19
4.571
2.821
3.347
5.299
3.592
2.239
1.765
0.859
0.549
0.38
0.411
0.443
0.387
0.343
0.281
0.701
0.881
1.299
1.157
2.338
2.205
0.966
1.557
1.661
2.289
2.036
1.922
2.474
2.272
2.606
1.698
0.953
0.426
0.38
0.366
0.365
0.39
0.338
0.274
0.682
0.881
1.387
1.119
2.412
2.217
0.741
1.62
1.994
2.097
2.021
2.392
2.595
2.323
2.767
1.781
1.038
0.444
0.369
0.33
0.282
0.39
0.405
0.336
0.729
0.719
1.053
1.169
2.225
1.825
1.221
1.514
1.64
2.671
2.993
3.034
3.102
2.996
3.337
2.137
1.088
0.549
0.336
0.251
0.238
0.411
0.408
0.394
0.724
0.67
1.115
0.944
1.965
1.755
1.971
2.128
2.482
3.696
3.603
3.276
3.641
3.621
3.61
2.409
1.03
0.423
0.287
0.319
0.3
0.411
0.397
0.388
0.701
0.566
0.772
1.053
1.783
1.896
2.284
2.492
2.524
3.558
3.473
2.857
3.762
4.18
3.788
2.942
1.561
0.533
0.428
0.419
0.426
0.37
0.287
0.406
0.426
0.721
0.987
1.371
2.388
3.164
1.837
2.975
2.758
4.344
2.447
4.144
5.498
4.162
3.19
2.854
1.561
0.533
0.424
0.387
0.426
0.37
0.351
0.424
0.414
0.794
2.063
2.803
2.612
3.938
2.082
4.939
4.898
5.322
4.907
4.144
5.498
4.208
4.616
3.704
1.137
0.41
0.31
0.309
0.295
0.378
0.397
0.388
0.701
0.605
0.651
1.009
1.783
1.695
2.29
2.492
2.524
3.558
3.408
2.857
3.79
4.292
3.427
2.999
1.039
0.519
0.358
0.38
0.36
0.368
0.36
0.328
0.679
0.603
0.538
0.971
1.51
1.398
2.642
2.754
2.954
4.286
3.245
3.981
4.459
4.292
3.635
2.999
1.022
0.5
0.32
0.344
0.36
0.397
0.366
0.333
0.661
0.668
0.605
0.907
1.209
1.561
2.724
3.098
3.951
3.631
2.777
3.944
4.664
4.069
4.139
3.06
1.001
0.46
0.368
0.406
0.386
0.37
0.308
0.293
0.708
0.877
1.09
1.398
1.524
1.719
2.056
2.506
3.031
3.393
2.274
3.795
3.83
4.118
4.932
2.998
1.027
0.46
0.406
0.403
0.387
0.372
0.314
0.297
0.819
1.272
1.124
1.104
1.763
1.903
1.99
2.734
3.788
3.784
2.614
4.048
4.323
3.992
5.181
2.586
1.488
0.632
0.424
0.377
0.276
0.221
0.278
0.424
0.399
0.794
2.672
2.803
3.076
3.818
1.159
2.833
3.178
3.617
4.504
4.526
4.666
4.208
4.779
3.704
1.122
0.584
0.41
0.374
0.276
0.271
0.346
0.424
0.399
0.787
2.672
2.724
3.076
4.74
2.928
4.337
3.619
5.42
5.421
5.329
2.733
3.7
4.779
3.606
0.872
0.427
0.367
0.379
0.384
0.396
0.374
0.361
1.191
1.435
1.157
1.124
2.083
2.236
1.99
2.787
3.97
3.784
2.946
4.41
4.071
4.213
5.185
2.523
0.902
0.383
0.367
0.379
0.383
0.394
0.422
0.402
1.191
1.778
1.377
1.071
2.083
2.562
2.075
3.191
4.046
3.832
3.184
3.26
2.912
4.785
5.264
3.4
0.936
0.381
0.399
0.379
0.383
0.328
0.421
0.405
1.289
2.076
1.38
1.071
2.083
2.426
1.934
2.853
4.088
3.648
2.955
3.636
2.898
4.791
5.256
3.233
0.831
0.377
0.395
0.376
0.396
0.414
0.421
0.405
1.215
2.237
0.874
0.701
1.922
2.493
1.959
2.853
4.088
2.978
3.643
4.825
3.556
4.462
4.578
4.149
0.928
0.353
0.323
0.311
0.391
0.417
0.423
0.403
1.148
2.043
1.326
0.859
1.75
2.425
1.965
2.67
3.268
2.625
3.948
4.929
3.365
4.462
4.284
5.045
1.277
0.584
0.427
0.42
0.417
0.412
0.414
0.414
0.398
0.802
2.342
1.963
2.983
3.96
3.75
3.233
2.826
4.765
3.595
5.496
3.161
3.595
3.045
3.03
1.277
0.468
0.427
0.42
0.417
0.412
0.492
0.416
0.546
1.974
2.185
2.028
2.597
4.333
3.75
3.233
2.826
4.765
3.595
5.496
2.088
3.17
1.745
1.95
0.976
0.418
0.391
0.329
0.386
0.415
0.42
0.399
0.821
1.869
1.295
0.905
1.633
2.515
2.976
3.447
4.0
3.155
3.676
4.896
3.9
4.332
4.352
5.178
0.813
0.37
0.324
0.301
0.428
0.407
0.398
0.725
1.112
1.725
1.007
1.055
1.507
2.126
2.815
3.037
3.543
3.281
4.236
4.95
4.6
3.982
4.89
4.324
0.759
0.303
0.258
0.297
0.428
0.419
0.382
0.712
1.078
1.724
1.302
1.237
1.507
2.041
2.922
2.936
2.834
3.073
4.236
4.66
4.491
3.624
4.86
4.532
0.756
0.236
0.191
0.268
0.433
0.397
0.393
0.713
1.078
1.776
1.327
1.302
1.604
1.857
2.957
2.946
2.834
3.073
3.713
3.379
4.101
3.166
4.934
4.759
1.122
0.239
0.19
0.328
0.44
0.383
0.376
0.708
1.046
2.255
0.888
1.131
1.985
1.837
2.904
3.355
3.222
3.137
3.66
3.905
4.597
4.261
5.265
4.743
1.173
0.556
0.995
0.397
0.391
0.39
0.492
0.416
0.672
1.974
2.185
2.028
2.626
3.406
2.337
1.646
2.41
2.429
2.085
3.16
1.893
2.075
1.271
1.203
0.928
0.564
0.897
0.256
0.34
0.391
0.492
0.417
0.672
1.918
1.634
1.625
2.626
3.833
4.173
2.482
3.881
3.014
2.526
3.034
2.864
2.256
2.92
3.444
1.18
0.257
0.19
0.324
0.422
0.375
0.335
0.718
1.201
2.354
0.842
1.335
2.078
1.432
1.56
2.531
2.633
2.804
3.594
3.556
4.013
3.586
5.263
4.716
1.511
0.373
0.261
0.328
0.391
0.44
0.414
0.388
0.914
2.354
0.991
1.246
2.957
2.092
1.815
2.958
3.477
2.692
2.862
3.417
3.67
3.289
5.123
4.87
1.445
0.369
0.326
0.363
0.413
0.398
0.353
0.325
0.928
2.95
0.871
1.174
2.957
2.084
1.337
2.895
3.426
3.016
2.862
3.444
3.625
4.172
4.675
4.921
1.66
0.508
0.463
0.452
0.418
0.394
0.359
0.396
0.946
2.923
0.875
1.117
2.962
2.239
1.114
2.857
3.426
3.016
3.079
3.875
4.553
4.403
4.672
4.788
1.478
0.599
0.463
0.445
0.46
0.465
0.472
0.452
1.006
2.904
0.842
1.511
2.65
2.149
0.939
2.613
3.695
3.133
2.779
2.805
3.519
3.174
4.488
4.178
0.819
0.862
1.158
0.478
0.478
0.498
0.389
0.387
0.527
0.603
1.119
1.654
2.771
2.85
4.236
3.596
4.67
3.014
2.766
3.034
3.151
2.973
4.604
5.077
0.819
0.792
0.684
0.583
0.584
0.518
0.364
0.363
0.363
0.873
1.117
2.681
2.445
3.585
5.854
3.596
5.582
5.067
6.042
3.954
3.151
3.486
4.604
5.077
1.429
0.615
0.512
0.492
0.46
0.484
0.544
0.498
0.893
3.359
1.281
1.478
2.578
2.403
1.011
2.529
3.511
3.191
3.05
3.369
3.519
3.705
4.199
3.761
1.174
0.613
0.513
0.492
0.458
0.483
0.523
0.549
0.902
3.359
1.177
1.478
2.054
2.086
0.805
2.157
2.64
3.106
3.841
3.641
2.659
3.299
3.297
3.212
1.78
0.613
0.5
0.549
0.531
0.532
0.523
0.549
0.918
3.372
1.159
1.569
2.054
2.056
1.048
2.344
2.576
3.098
4.104
3.604
2.825
2.314
2.796
3.275
1.729
0.587
0.436
0.462
0.506
0.594
0.566
0.48
0.918
3.431
1.188
1.718
1.833
2.034
1.234
2.368
3.327
3.661
3.801
3.252
1.815
2.902
3.072
2.15
1.468
0.564
0.477
0.529
0.51
0.53
0.499
0.47
0.942
3.463
1.366
1.501
1.899
2.293
1.261
2.024
3.644
4.134
3.801
3.263
2.076
2.935
2.51
2.139
0.942
0.844
0.697
0.591
0.601
0.518
0.31
0.365
0.568
1.33
1.027
2.681
1.965
2.082
3.578
2.09
3.519
3.754
6.295
3.255
1.664
3.701
4.777
4.072
1.093
0.607
0.611
0.586
0.606
0.523
0.406
0.37
0.73
1.33
1.069
2.031
0.776
3.371
4.256
4.012
4.621
5.629
6.295
4.693
1.801
4.01
4.72
3.689
1.497
0.505
0.409
0.501
0.578
0.581
0.516
0.429
0.905
3.08
0.942
1.262
1.562
2.187
1.413
2.233
3.54
3.724
3.524
2.831
2.037
2.405
3.019
2.16
1.507
0.533
0.457
0.504
0.554
0.564
0.525
0.434
0.852
3.079
0.933
1.265
1.524
2.268
2.085
3.443
4.634
3.351
2.632
2.341
2.046
2.71
3.14
2.742
0.949
0.509
0.533
0.492
0.529
0.531
0.525
0.458
0.728
2.068
0.805
1.005
1.591
3.178
2.451
4.387
5.225
4.447
3.085
2.519
2.027
3.567
3.14
2.817
1.07
0.573
0.547
0.492
0.542
0.565
0.537
0.507
0.719
1.602
1.172
1.33
2.072
3.972
2.607
4.121
4.547
4.057
3.64
2.302
2.428
3.117
3.036
3.478
1.072
0.604
0.501
0.42
0.544
0.658
0.621
0.537
0.554
1.264
1.808
1.539
1.961
3.608
2.763
4.108
3.446
3.406
4.266
2.579
2.345
3.306
3.094
4.421
1.093
0.996
0.637
0.598
0.606
0.452
0.412
0.445
0.73
1.12
2.0
1.287
0.786
2.076
1.85
3.456
3.082
3.704
4.656
4.693
1.848
3.798
4.434
3.628
1.519
1.812
1.148
0.531
0.573
0.488
0.522
0.493
0.58
0.684
1.881
2.021
1.051
2.781
2.305
5.162
5.176
5.418
4.061
3.917
1.997
4.016
2.959
3.845
2.08
0.673
0.553
0.429
0.474
0.605
0.559
0.562
0.567
1.072
1.817
1.824
2.23
4.555
2.852
4.774
4.71
3.784
4.331
2.919
2.916
3.306
2.604
4.421
1.223
0.773
0.536
0.479
0.489
0.536
0.481
0.551
0.63
1.133
2.211
2.314
2.017
4.299
2.789
3.429
3.377
3.852
4.536
2.858
2.916
3.114
2.618
4.306
1.295
0.843
0.511
0.463
0.484
0.52
0.469
0.551
0.638
1.232
2.671
2.314
1.942
3.284
2.561
2.252
3.123
2.94
4.018
3.262
3.962
2.668
2.727
3.819
1.431
0.85
0.528
0.517
0.502
0.391
0.376
0.525
0.631
1.279
2.757
2.051
1.81
2.254
2.295
2.271
3.369
3.63
3.988
3.295
3.657
2.375
2.713
3.245
1.492
0.893
0.562
0.557
0.515
0.402
0.304
0.498
0.631
1.148
2.016
1.639
1.878
2.1
2.089
2.476
3.943
4.315
4.591
3.763
4.031
2.742
3.14
3.618
1.519
1.812
1.148
0.448
0.407
0.545
0.537
0.517
0.647
1.086
3.468
3.1
3.3
5.549
2.111
2.537
3.029
3.96
3.221
1.624
1.806
2.911
2.959
3.845
2.08
1.949
1.053
0.419
0.401
0.621
0.597
0.517
0.647
1.086
2.603
3.1
3.59
5.908
3.349
2.862
5.341
6.14
4.893
2.233
2.471
5.105
1.988
3.071
1.369
0.893
0.568
0.56
0.552
0.471
0.335
0.451
0.504
1.03
2.016
1.664
2.714
2.041
2.262
1.671
2.821
3.986
4.665
4.141
3.931
3.56
3.29
3.833
1.611
1.077
0.565
0.56
0.552
0.517
0.376
0.417
0.473
1.03
1.664
1.285
3.104
2.401
2.282
2.38
3.079
4.426
5.371
4.339
4.135
3.965
3.191
4.062
1.954
1.19
0.54
0.535
0.488
0.506
0.372
0.365
0.46
0.826
1.177
2.244
3.104
2.499
2.189
2.309
3.117
5.208
6.584
4.857
3.445
3.667
3.274
4.377
2.223
1.237
0.539
0.525
0.439
0.509
0.403
0.418
0.536
0.977
0.953
2.019
3.172
2.686
2.508
2.64
2.828
4.416
6.082
4.903
3.445
3.667
3.446
4.999
3.157
1.294
0.443
0.444
0.417
0.444
0.397
0.415
0.536
0.986
1.461
2.019
3.144
2.924
2.561
2.452
2.504
4.316
5.432
4.375
2.931
3.655
2.782
4.278
3.157
1.187
0.869
0.79
0.421
0.621
0.594
0.445
0.603
0.859
2.572
2.599
3.713
5.908
3.608
2.805
3.08
4.843
3.876
2.422
2.007
4.051
2.848
2.506
2.032
1.321
0.869
0.79
0.533
0.552
0.603
0.385
0.341
0.289
0.914
0.96
2.249
2.932
4.864
2.805
5.554
6.055
6.328
2.422
2.323
7.332
3.829
4.191
4.985
1.294
0.424
0.377
0.35
0.389
0.433
0.439
0.519
0.895
1.863
1.846
2.134
1.979
1.974
2.121
2.454
4.316
5.402
3.956
2.439
2.998
3.246
5.809
3.995
1.134
0.529
0.381
0.422
0.411
0.482
0.435
0.483
0.895
1.965
1.774
2.138
1.887
1.978
1.323
2.081
4.006
5.687
3.943
3.043
2.802
3.323
5.534
4.099
1.124
0.57
0.408
0.477
0.476
0.482
0.44
0.419
0.863
1.971
0.775
2.364
2.154
2.65
1.947
1.573
3.63
4.318
3.307
2.285
2.596
3.022
5.534
4.542
1.384
0.586
0.416
0.543
0.53
0.465
0.351
0.271
0.52
2.761
1.222
2.396
1.803
2.618
1.492
1.926
3.863
5.38
3.222
2.549
3.087
2.809
5.171
3.931
1.34
0.599
0.467
0.543
0.475
0.444
0.351
0.322
0.524
2.718
1.303
2.031
1.396
2.942
1.737
1.635
2.929
4.925
3.222
2.527
2.367
3.448
4.692
4.247
1.155
0.855
0.657
0.419
0.539
0.548
0.39
0.34
0.291
0.936
0.963
2.378
2.965
5.364
3.553
5.635
4.758
5.207
3.257
2.172
5.047
3.829
4.191
4.985
2.006
0.4
0.272
0.422
0.566
0.548
0.47
0.396
0.271
0.936
1.047
2.848
4.073
5.364
2.59
5.635
6.163
6.331
4.403
2.172
5.159
5.087
4.947
4.136
1.789
0.603
0.53
0.544
0.478
0.368
0.305
0.319
0.776
2.655
1.261
2.023
2.017
3.119
1.74
1.631
3.589
6.075
3.445
2.589
3.002
4.261
4.001
4.471
1.752
0.587
0.53
0.538
0.473
0.368
0.376
0.383
0.94
2.655
1.456
2.045
1.517
3.399
2.295
2.781
4.3
5.711
3.411
1.978
3.398
4.79
5.196
4.562
1.769
0.592
0.584
0.535
0.41
0.356
0.372
0.389
1.12
2.546
1.456
2.674
1.649
3.132
2.099
3.138
4.166
6.021
3.65
2.569
3.915
5.764
5.795
5.065
1.886
0.577
0.583
0.522
0.35
0.448
0.499
0.482
1.22
2.08
1.291
2.641
1.932
2.983
2.747
2.714
3.888
5.036
3.576
2.297
3.582
5.764
5.515
5.372
2.349
0.623
0.543
0.452
0.352
0.465
0.72
0.509
1.219
1.586
1.213
2.767
2.135
3.253
2.502
3.257
4.551
5.897
3.956
3.055
3.582
6.497
6.015
6.203
2.006
0.476
0.395
0.417
0.544
0.619
0.531
0.403
0.271
0.832
1.047
2.819
4.23
4.515
2.814
4.486
5.834
5.157
4.818
3.574
2.284
4.18
3.729
1.943
1.797
0.653
0.877
0.635
0.544
0.619
0.531
0.403
0.426
0.658
0.886
2.819
4.23
3.837
2.128
3.79
5.133
5.127
4.443
2.909
2.284
4.18
3.729
1.715
1.936
0.624
0.543
0.452
0.402
0.528
0.784
0.64
1.043
1.234
1.128
3.168
2.54
3.504
2.976
3.616
4.233
5.043
3.975
2.979
2.801
4.939
5.113
5.545
1.907
0.603
0.54
0.427
0.338
0.439
0.679
0.585
1.024
1.182
0.891
2.729
2.54
4.056
2.665
2.729
3.4
4.331
3.91
2.63
1.979
4.174
3.659
5.694
1.983
0.678
0.573
0.467
0.435
0.534
0.773
0.711
0.974
1.259
1.208
1.719
2.51
4.202
2.633
2.655
3.692
3.664
2.9
1.89
1.39
2.556
2.792
4.62
1.632
0.674
0.573
0.467
0.477
0.503
0.704
0.674
0.833
0.772
0.779
1.2
2.524
4.202
2.122
2.655
3.659
3.268
2.616
1.971
1.718
2.765
3.089
4.534
2.158
1.667
1.203
1.141
1.148
1.108
1.239
1.2
1.25
1.381
1.405
1.831
2.906
4.27
2.545
2.659
3.709
2.602
2.469
2.269
2.515
2.707
3.488
4.273
0.815
0.763
0.978
0.635
0.508
0.591
0.502
0.466
0.588
0.826
1.189
1.881
2.219
2.479
2.477
3.529
1.885
2.291
2.726
2.534
1.721
1.747
2.584
1.908
3.853
1.997
1.821
1.688
1.622
1.538
1.476
1.471
1.866
2.138
1.9
2.082
2.171
2.925
3.685
4.775
4.193
4.299
4.604
2.947
2.972
4.277
4.308
2.383
3.399
2.291
1.766
1.698
1.654
1.511
1.596
1.47
1.632
2.052
1.93
2.163
3.397
4.963
3.049
3.3
4.412
3.094
2.727
3.123
3.359
4.13
4.794
5.37
5.029
3.204
2.242
2.232
2.309
2.158
2.154
2.021
2.038
2.648
2.613
3.652
4.272
4.463
3.167
4.853
5.694
4.971
4.215
4.019
4.085
5.822
5.865
6.501
6.099
3.6
2.617
2.661
2.771
2.587
2.537
2.334
2.388
3.123
2.672
4.276
4.625
5.056
3.655
5.639
5.282
5.903
4.996
4.653
4.295
6.635
6.427
7.125
6.605
3.66
2.716
2.77
2.924
2.775
2.715
2.49
2.53
3.123
2.672
4.287
5.194
5.154
4.357
5.902
5.643
6.515
5.52
4.665
4.407
6.635
7.664
7.125
6.605
3.135
2.639
2.735
2.814
2.618
2.38
2.297
2.416
2.978
2.401
4.287
5.487
5.281
4.357
6.564
5.269
6.515
5.52
4.272
4.082
6.227
7.592
6.981
4.615
2.999
2.65
2.88
2.705
2.562
2.5
2.646
3.275
3.077
1.9
3.162
3.128
3.745
3.685
5.002
5.247
4.513
5.008
4.308
4.493
5.122
6.124
4.409
5.422
3.098
2.879
3.002
2.796
2.845
2.685
2.921
3.275
3.077
2.66
3.706
3.128
5.011
5.712
5.893
6.54
6.107
6.509
4.405
4.493
5.496
6.331
5.917
6.474
3.082
2.651
2.733
2.802
2.679
2.356
2.318
2.369
2.745
2.07
4.213
4.86
4.629
3.831
6.321
4.76
6.263
5.051
3.748
3.631
5.704
7.161
6.621
5.593
2.727
2.745
2.813
2.747
2.533
2.3
2.283
2.385
2.803
2.372
3.493
4.393
4.753
3.551
4.832
3.518
5.276
4.334
3.203
3.139
5.331
7.81
5.695
4.917
2.742
2.767
2.833
2.802
2.64
2.472
2.339
2.433
2.871
2.932
3.789
4.336
5.047
3.755
4.127
2.961
4.26
3.575
2.644
2.715
4.911
7.631
5.568
4.267
2.965
2.773
2.825
2.652
2.551
2.435
2.321
2.368
2.887
4.368
4.105
4.171
5.358
3.301
4.245
3.301
3.796
3.329
2.697
2.851
4.805
6.377
5.215
4.311
3.174
2.773
2.794
2.668
2.623
2.666
2.507
2.583
3.123
4.821
4.118
3.905
5.636
4.131
3.795
3.586
3.792
4.259
3.217
3.499
5.349
6.873
5.46
4.039
2.908
2.879
3.002
2.754
2.873
2.72
2.921
3.129
2.283
3.476
6.194
4.749
3.603
5.542
5.258
4.144
3.922
3.329
3.425
3.454
4.273
7.103
5.917
5.008
3.113
2.723
2.79
2.784
2.873
2.72
2.728
2.741
2.12
3.731
6.21
4.841
4.727
5.542
4.852
4.702
5.047
5.271
4.813
3.556
5.665
7.103
5.837
5.118
3.178
2.735
2.74
2.694
2.623
2.695
2.631
2.805
3.287
5.219
4.077
3.905
5.636
4.88
3.502
4.316
4.904
5.39
4.259
3.955
5.456
7.567
5.915
5.664
3.191
2.676
2.654
2.617
2.688
2.716
2.652
2.77
3.258
5.358
4.053
3.741
5.163
4.88
3.588
4.305
4.772
4.839
4.569
4.038
5.289
6.877
6.09
5.664
3.264
2.718
2.609
2.661
2.677
2.667
2.719
3.091
3.532
5.795
3.946
3.151
5.085
5.032
5.066
5.084
5.15
6.723
5.964
5.433
5.799
7.011
5.668
5.559
3.099
2.75
2.656
2.695
2.692
2.705
2.719
3.161
3.611
4.963
3.613
2.811
4.641
5.503
4.134
4.437
5.052
6.008
5.747
4.936
5.799
7.011
5.753
5.3
3.017
2.825
2.749
2.684
2.672
2.7
2.738
3.038
3.611
4.672
3.399
2.202
3.999
4.695
3.018
4.738
5.257
5.409
5.762
4.948
5.258
6.718
5.282
5.008
3.033
2.518
2.609
2.709
2.693
2.668
2.569
2.553
2.819
4.174
6.479
4.963
4.104
4.138
3.332
6.397
7.857
7.708
6.428
4.736
5.954
7.299
5.918
5.19
3.584
2.94
2.934
2.791
2.741
2.722
2.699
3.153
4.465
4.105
4.592
5.933
6.815
5.451
4.816
7.592
8.224
7.708
6.428
4.961
5.954
6.389
7.744
4.542
3.161
2.835
2.766
2.667
2.672
2.694
2.677
2.852
3.944
4.427
3.567
2.494
4.063
4.376
3.971
4.665
5.123
5.853
5.424
5.295
5.734
6.367
5.407
4.115
3.161
2.835
2.766
2.606
2.535
2.644
2.553
2.852
4.121
4.3
3.585
2.628
4.043
4.428
3.843
5.012
6.007
6.927
5.957
5.776
5.243
6.309
5.929
4.521
3.052
2.822
2.795
2.56
2.417
2.567
2.494
2.59
3.827
3.387
3.253
3.267
3.35
3.909
2.499
4.356
5.559
5.887
5.557
5.042
4.814
5.775
6.266
4.616
3.05
2.726
2.704
2.54
2.402
2.479
2.44
2.476
3.743
3.567
3.252
3.695
3.85
3.33
2.908
4.438
5.559
5.887
6.151
5.15
4.977
5.91
6.74
4.384
2.916
2.633
2.565
2.44
2.309
2.361
2.27
2.421
3.755
4.0
3.252
3.92
4.369
3.33
2.989
3.906
5.861
5.972
6.151
5.15
5.341
5.72
6.74
