0.0
0.0
0.0
0.0
0.0
0.0
0.0
0.0
0.0
0.0
0.0
0.0
0.0
0.0
0.0
0.0
0.0
0.0
0.0
0.0
0.0
0.0
0.0
0.0
0.0
0.0
0.0
0.0
0.0
0.0
0.0
0.0
0.0
0.0
0.0
0.0
0.0
0.0
0.0
0.0
0.0
0.0
0.0
0.0
0.0
0.0
0.0
0.0
0.0
0.0
0.0
0.0
0.0
0.0
0.0
0.0
0.0
0.0
0.0
0.0
0.0
0.0
0.0
0.0
0.0
0.0
0.0
0.0
0.0
0.0
0.0
0.0
0.0
0.0
0.0
0.0
0.0
0.0
0.0
0.0
0.0
0.0
0.0
0.0
0.0
0.0
0.0
0.0
0.0
0.0
0.0
0.0
0.0
0.0
0.0
0.0
0.0
0.0
0.0
0.0
0.0
0.0
0.0
0.0
0.0
0.0
0.0
0.0
0.0
0.0
0.0
0.0
0.0
0.0
0.0
0.0
0.0
0.0
0.0
0.0
0.0
0.0
0.0
0.0
0.0
0.0
0.0
0.0
0.0
0.0
0.0
0.0
0.0
0.0
0.0
0.0
0.0
0.0
0.0
0.0
0.0
0.0
0.0
0.0
0.0
0.0
0.0
0.0
0.0
0.0
0.0
0.0
0.0
0.0
0.0
0.0
0.0
0.0
0.0
0.0
0.0
0.0
0.0
0.0
0.0
0.0
0.0
0.0
0.0
0.0
0.0
0.0
0.0
0.0
0.0
0.0
0.0
0.0
0.0
0.0
0.0
0.0
0.0
0.0
0.0
0.0
0.0
0.0
0.0
0.0
0.0
0.0
0.0
0.0
0.0
0.0
0.0
0.0
0.0
0.0
0.0
0.0
0.0
0.0
0.0
0.0
0.0
0.0
0.0
0.0
0.0
0.0
0.0
0.0
0.0
0.0
0.0
0.0
0.0
0.0
0.0
0.0
0.0
0.0
0.0
0.0
0.0
0.0
0.0
0.0
0.0
0.0
0.0
0.0
0.0
0.0
0.0
0.0
0.0
0.0
0.0
0.0
0.0
0.0
0.0
0.0
0.0
0.0
0.0
0.0
0.0
0.0
0.0
0.0
0.0
0.0
0.0
0.0
0.0
0.0
0.0
0.0
0.0
0.0
0.0
0.0
0.0
0.0
0.0
0.0
0.0
0.0
0.0
0.0
0.0
0.0
0.0
0.0
0.0
0.0
0.0
0.0
0.0
0.0
0.0
0.0
0.0
0.0
0.0
0.0
0.0
0.0
0.0
0.0
0.0
0.0
0.0
0.0
0.0
0.0
0.0
0.0
0.0
0.0
0.0
0.0
0.0
0.0
0.0
0.0
0.0
0.0
0.0
0.0
0.0
0.0
0.0
0.0
0.0
0.0
0.0
0.0
0.0
0.0
0.0
0.0
0.0
0.0
0.0
0.0
0.0
0.0
0.0
0.0
0.0
0.0
0.0
0.0
0.0
0.0
0.0
0.0
0.0
0.0
0.0
0.0
0.0
0.0
0.0
0.0
0.0
0.0
0.0
0.0
0.0
0.0
0.0
0.0
0.0
0.0
0.0
0.0
0.0
0.0
0.0
0.0
0.0
0.0
0.0
0.0
0.0
0.0
0.0
0.0
0.0
0.0
0.0
0.0
0.0
0.0
0.0
0.0
0.0
0.0
0.0
0.0
0.0
0.0
0.0
0.0
0.0
0.0
0.0
0.0
0.0
0.0
0.0
0.0
0.0
0.0
0.0
0.0
0.0
0.0
0.0
0.0
0.0
0.0
0.0
0.0
0.0
0.0
0.0
0.0
0.0
0.0
0.0
0.0
0.0
0.0
0.0
0.0
0.0
0.0
0.0
0.0
0.0
0.0
0.0
0.0
0.0
0.0
0.0
0.0
0.0
0.0
0.0
0.0
0.0
0.0
0.0
0.0
0.0
0.0
0.0
0.0
0.0
0.0
0.0
0.0
0.0
0.0
0.0
0.0
0.0
0.0
0.0
0.0
0.0
0.0
0.0
0.0
0.0
0.0
0.0
0.0
0.0
0.0
0.0
0.0
0.0
0.0
0.0
0.0
0.0
0.0
0.0
0.0
0.0
0.0
0.0
0.0
0.0
0.0
0.0
0.0
0.0
0.0
0.0
0.0
0.0
0.0
0.0
0.0
0.0
0.0
0.0
0.0
0.0
0.0
0.0
0.0
0.0
0.0
0.0
0.0
0.0
0.0
0.0
0.0
0.0
0.0
0.0
0.0
0.0
0.0
0.0
0.0
0.0
0.0
0.0
0.0
0.0
0.0
0.0
0.0
0.0
0.0
0.0
0.0
0.0
0.0
0.0
0.0
0.0
0.0
0.0
0.0
0.0
0.0
0.0
0.0
0.0
0.0
0.0
0.0
0.0
0.0
0.0
0.0
0.0
0.0
0.0
0.0
0.0
0.0
0.0
0.0
0.0
0.0
0.0
0.0
0.0
0.0
0.0
0.0
0.0
0.0
0.0
0.0
0.0
0.0
0.0
0.0
0.0
0.0
0.0
0.0
0.0
0.0
0.0
0.0
0.0
0.0
0.0
0.0
0.0
0.0
0.0
0.0
0.0
0.0
0.0
0.0
0.0
0.0
0.0
0.0
0.0
0.0
0.0
0.0
0.0
0.0
0.0
0.0
0.0
0.0
0.0
0.0
0.0
0.0
0.0
0.0
0.0
0.0
0.0
0.0
0.0
0.0
0.0
0.0
0.0
0.0
0.0
0.0
0.0
0.0
0.0
0.0
0.0
0.0
0.0
0.0
0.0
0.0
0.0
0.0
0.0
0.0
0.0
0.0
0.0
0.0
0.0
0.0
0.0
0.0
0.0
0.0
0.0
0.0
0.0
0.0
0.0
0.0
0.0
0.0
0.0
0.0
0.0
0.0
0.0
0.0
0.0
0.0
0.0
0.0
0.0
0.0
0.0
0.0
0.0
0.0
0.0
0.0
0.0
0.0
0.0
0.0
0.0
0.0
0.0
0.0
0.0
0.0
0.0
0.0
0.0
0.0
0.0
0.0
0.0
0.0
0.0
0.0
0.0
0.0
0.0
0.0
0.0
0.0
0.0
0.0
0.0
0.0
0.0
0.0
0.0
0.0
0.0
0.0
0.0
0.0
0.0
0.0
0.0
0.0
0.0
0.0
0.0
0.0
0.0
0.0
0.0
0.0
0.0
0.0
0.0
0.0
0.0
0.0
0.0
0.0
0.0
0.0
0.0
0.0
0.0
0.0
0.0
0.0
0.0
0.0
0.0
0.0
0.0
0.0
0.0
0.0
0.0
0.0
0.0
0.0
0.0
0.0
0.0
0.0
0.0
0.0
0.0
0.0
0.0
0.0
0.0
0.0
0.0
0.0
0.0
0.0
0.0
0.0
0.0
0.0
0.0
0.0
0.0
0.0
0.0
0.0
0.0
0.0
0.0
0.0
0.0
0.0
0.0
0.0
0.0
0.0
0.0
0.0
0.0
0.0
0.0
0.0
0.0
0.0
0.0
0.0
0.0
0.0
0.0
0.0
0.0
0.0
0.0
0.0
0.0
0.0
0.0
0.0
0.0
0.0
0.0
0.0
0.0
0.0
0.0
0.0
0.0
0.0
0.0
0.0
0.0
0.0
0.0
0.0
0.0
0.0
0.0
0.0
0.0
0.0
0.0
0.0
0.0
0.0
0.0
0.0
0.0
0.861
0.642
0.59
0.507
0.555
0.672
0.56
1.446
2.816
2.445
1.622
1.953
1.744
1.368
2.105
4.157
4.349
3.672
4.979
3.77
2.484
1.639
1.46
0.9
0.81
0.661
0.579
0.543
0.568
0.611
0.754
3.39
2.914
1.939
1.528
1.953
2.011
1.172
2.02
5.24
4.59
4.155
4.984
3.768
2.487
1.712
1.983
0.917
0.694
0.661
0.579
0.543
0.568
0.538
0.754
2.997
3.415
1.975
1.802
2.673
1.715
1.538
2.47
4.141
4.511
3.848
4.608
3.97
2.617
1.671
1.971
0.875
0.771
0.609
0.478
0.45
0.514
0.42
1.009
3.274
3.415
1.224
1.029
1.948
1.622
1.861
2.291
2.905
4.707
4.821
3.996
3.672
2.601
1.631
1.963
0.919
0.683
1.019
0.539
0.597
0.605
0.531
0.632
0.782
3.544
6.749
5.033
4.404
7.354
6.581
4.328
7.472
4.889
3.912
5.723
3.882
4.858
1.523
1.445
0.779
0.683
1.019
0.398
0.576
0.591
0.531
0.632
1.808
4.839
6.749
3.178
2.068
1.202
2.656
3.248
7.249
2.772
3.025
5.723
4.302
2.366
1.803
2.329
0.858
0.698
0.667
0.412
0.485
0.5
0.41
1.017
3.571
3.72
1.269
1.424
2.701
2.455
2.362
1.984
2.859
4.771
4.648
4.861
3.885
3.233
2.393
2.134
0.658
0.686
0.546
0.325
0.411
0.411
0.296
0.899
3.389
3.31
1.417
1.526
3.08
2.455
2.322
1.883
2.267
4.761
4.19
3.821
3.346
3.143
2.266
2.134
0.738
0.573
0.43
0.209
0.307
0.308
0.289
0.597
1.247
2.764
1.759
2.057
3.08
1.93
2.244
1.539
1.027
3.901
2.943
3.233
2.769
2.895
2.062
1.546
0.576
0.469
0.414
0.196
0.298
0.302
0.286
0.598
1.184
1.804
1.817
1.774
2.205
1.465
1.863
1.026
0.915
3.219
3.279
3.049
1.731
2.473
1.755
1.223
0.344
0.227
0.362
0.166
0.271
0.237
0.247
0.236
0.611
1.737
1.817
1.84
2.92
1.443
1.48
1.023
0.757
1.601
1.808
2.467
1.727
1.771
1.688
0.891
0.988
0.543
0.672
0.248
0.371
0.33
0.366
0.429
3.368
3.066
4.903
2.245
1.716
1.091
1.159
1.081
6.303
2.598
2.371
4.922
4.302
2.312
1.803
2.329
0.882
0.273
0.169
0.16
0.159
0.159
0.153
0.17
3.368
2.822
2.603
2.049
1.426
1.044
0.721
0.939
1.247
1.181
0.899
1.686
3.353
1.681
2.593
2.358
0.249
0.151
0.149
0.147
0.154
0.151
0.141
0.151
0.278
0.573
1.44
1.284
2.354
0.549
1.105
1.431
1.094
1.637
1.878
1.375
0.875
0.847
0.726
0.408
0.635
0.504
0.17
0.168
0.181
0.177
0.161
0.171
0.35
1.138
1.787
2.301
2.652
0.636
1.548
1.793
1.444
2.339
2.744
2.702
2.139
1.51
0.921
0.491
0.721
0.708
0.305
0.191
0.382
0.209
0.325
0.287
1.632
1.627
1.434
1.862
2.652
0.618
1.548
1.793
1.401
4.338
3.23
3.088
3.702
2.069
1.197
0.663
0.963
0.744
0.436
0.331
0.561
0.229
0.416
0.915
2.611
2.455
2.353
2.247
3.294
1.205
1.574
2.574
2.252
6.239
4.262
4.886
4.14
2.907
1.444
0.911
0.994
0.861
0.604
0.449
0.637
0.352
0.551
2.338
3.892
2.696
2.593
3.123
2.72
2.171
1.923
2.804
2.496
6.239
4.268
4.773
4.09
3.287
1.455
1.073
1.249
0.232
0.179
0.196
0.252
0.167
0.168
0.177
2.252
2.697
3.097
3.465
1.752
1.703
1.394
1.019
2.721
1.482
5.476
3.117
2.013
1.831
1.982
1.253
1.012
0.448
0.458
0.42
0.489
0.364
0.271
0.517
0.63
3.373
2.811
4.407
1.898
2.257
1.91
1.246
2.975
1.705
5.497
3.117
1.865
1.831
1.982
1.381
0.994
0.861
0.687
0.449
0.649
0.408
0.605
2.457
4.148
2.875
3.311
3.43
2.788
2.374
2.16
2.963
2.431
6.006
4.268
4.781
4.09
3.287
2.093
1.198
0.799
0.542
0.721
0.508
0.682
0.509
0.619
2.487
5.059
2.526
2.559
2.485
1.976
2.372
2.239
2.675
2.686
6.727
3.611
3.734
3.516
2.881
1.966
1.158
0.681
0.376
0.69
0.498
0.523
0.51
0.537
2.514
4.113
2.1
2.943
2.485
2.284
2.786
3.203
2.923
2.686
6.218
3.311
3.747
2.303
2.692
1.773
1.022
0.497
0.367
0.587
0.379
0.377
0.512
0.484
2.019
4.241
1.269
1.834
2.522
1.773
2.831
3.273
2.755
2.507
4.527
1.932
2.211
2.016
2.301
1.649
0.886
0.541
0.317
0.443
0.287
0.327
0.418
0.401
1.057
3.178
2.031
1.543
1.962
1.644
1.91
3.273
3.095
2.37
5.327
2.527
2.063
2.095
2.015
1.659
0.994
1.012
0.685
0.697
0.503
0.517
0.56
0.532
0.698
0.823
3.373
3.928
4.407
2.217
2.585
2.347
2.321
4.562
4.716
6.375
3.567
2.141
2.24
1.103
1.413
0.749
0.688
0.697
0.503
0.564
0.647
0.647
0.698
0.823
2.822
3.351
3.333
2.813
2.585
3.369
3.423
5.005
5.28
3.124
1.735
3.536
2.672
1.318
1.413
0.681
0.457
0.358
0.301
0.321
0.406
0.364
0.982
3.45
1.737
1.818
1.71
1.261
2.054
3.268
2.393
2.306
5.22
2.6
1.966
2.784
2.254
1.212
0.963
0.609
0.529
0.294
0.284
0.309
0.317
0.391
0.901
2.438
2.321
1.797
1.773
1.526
2.006
2.817
2.827
2.166
5.715
3.144
3.02
2.245
2.157
1.28
0.963
0.689
0.523
0.355
0.351
0.389
0.346
0.452
0.947
2.358
2.643
1.785
1.985
1.285
2.107
1.595
2.696
3.158
4.645
4.428
2.953
3.479
1.981
1.267
0.959
0.73
0.596
0.453
0.351
0.418
0.431
0.534
1.055
1.457
2.719
2.095
1.999
1.535
1.711
1.195
3.055
2.603
5.499
5.156
2.719
4.608
1.925
1.486
1.007
0.73
0.608
0.515
0.394
0.494
0.47
0.584
0.683
1.416
2.141
2.214
1.729
1.612
1.915
1.349
2.587
2.603
4.634
4.678
2.781
4.971
2.7
1.95
0.933
0.679
0.766
0.626
0.507
0.523
0.667
0.647
0.557
0.784
2.066
3.269
2.42
3.832
2.603
3.369
3.423
5.005
5.28
3.124
2.139
3.536
2.672
1.491
1.338
0.742
0.757
0.751
0.521
0.624
0.667
0.562
0.563
0.882
5.061
3.726
2.801
3.832
2.875
3.574
2.872
3.399
2.481
2.968
2.26
3.326
1.963
1.491
1.219
0.601
0.531
0.527
0.47
0.518
0.518
0.584
0.683
1.162
2.141
1.544
1.833
1.911
1.669
1.709
2.585
2.445
6.364
5.059
2.814
5.097
3.159
2.019
0.702
0.561
0.458
0.527
0.438
0.518
0.518
0.512
0.834
1.162
1.661
1.806
1.611
1.714
1.669
1.676
2.111
2.548
5.655
6.219
2.682
5.097
4.547
2.039
0.695
0.54
0.486
0.563
0.377
0.543
0.478
0.5
0.827
1.387
2.276
2.002
1.64
2.08
1.236
1.715
1.922
1.954
6.62
4.801
2.575
4.126
4.547
2.039
0.839
0.59
0.513
0.557
0.47
0.605
0.461
0.526
1.074
2.353
3.187
2.242
1.91
2.288
1.328
1.854
1.033
1.948
6.473
4.176
2.503
3.371
4.536
1.965
0.897
0.746
0.489
0.548
0.528
0.571
0.49
0.536
1.184
2.616
3.323
2.792
2.022
2.564
1.534
1.991
1.171
2.09
6.697
4.176
2.594
3.149
4.248
1.543
0.9
0.753
0.609
0.751
0.559
0.624
0.568
0.543
0.563
0.893
4.817
5.05
4.612
3.868
4.826
2.595
2.131
1.923
3.096
2.389
2.758
2.278
1.504
1.151
0.929
0.753
0.487
0.737
0.511
0.614
0.498
0.611
0.49
0.893
4.817
5.05
6.667
3.654
5.306
2.595
2.131
1.923
3.723
4.286
3.215
3.305
2.441
1.296
1.536
0.807
0.521
0.498
0.572
0.616
0.454
0.569
1.184
2.962
3.765
2.998
2.077
2.245
1.477
1.249
1.13
2.162
5.451
4.057
2.42
2.434
3.674
1.407
1.023
0.814
0.601
0.577
0.678
0.699
0.566
0.569
1.124
3.064
3.765
2.998
2.357
2.245
1.477
1.343
1.724
2.169
5.147
2.708
1.765
2.375
2.933
1.333
1.023
0.814
0.605
0.562
0.678
0.716
0.566
0.588
1.163
3.532
3.095
2.838
2.257
1.828
1.386
1.343
1.977
1.83
4.383
3.733
1.645
2.636
3.296
1.253
1.039
0.742
0.626
0.549
0.712
0.669
0.575
0.546
1.377
2.815
2.297
2.484
2.028
1.36
1.397
1.666
2.033
1.83
4.194
3.823
3.018
2.944
3.324
1.232
0.974
0.646
0.626
0.548
0.666
0.713
0.494
0.824
1.725
2.721
2.136
1.908
2.092
0.932
1.27
1.46
1.891
1.707
3.912
3.598
3.07
2.969
3.223
1.337
0.938
0.726
0.466
0.46
0.511
0.503
0.359
0.588
0.908
1.747
2.513
4.004
6.667
3.654
5.306
1.884
2.873
3.214
4.872
5.42
3.563
4.287
3.298
1.903
1.335
0.744
0.639
0.586
0.543
0.452
0.358
0.579
1.06
1.878
2.105
3.352
4.858
3.118
4.371
1.777
3.287
2.598
4.428
5.42
3.563
4.287
3.298
1.903
1.759
0.582
0.572
0.56
0.628
0.653
0.533
0.821
1.895
2.373
2.296
1.673
2.347
0.948
1.543
2.172
2.131
1.601
3.365
3.122
3.07
3.133
3.839
1.388
0.895
0.513
0.471
0.524
0.574
0.576
0.502
0.821
1.895
2.422
3.07
1.502
1.969
0.907
1.543
1.998
1.58
1.228
3.505
3.553
3.43
3.633
3.439
1.537
0.946
0.649
0.633
0.527
0.554
0.525
0.528
0.856
1.883
2.673
3.52
1.708
3.114
1.386
1.902
2.032
1.507
1.186
3.062
3.88
4.165
3.291
2.985
1.681
0.956
0.703
0.686
0.496
0.504
0.525
0.54
0.811
1.496
3.534
4.366
2.767
2.954
1.563
3.11
3.105
1.726
1.304
2.762
4.464
2.913
3.04
3.473
1.619
0.956
0.629
0.686
0.476
0.492
0.553
0.54
0.481
1.075
3.94
5.187
2.767
4.044
2.668
3.683
3.753
1.823
1.23
2.157
4.711
3.108
2.882
3.532
1.469
0.977
0.523
0.784
0.691
0.574
0.521
0.374
0.465
1.06
2.094
2.109
3.352
4.288
2.505
2.746
1.777
3.287
2.529
3.495
3.121
3.867
3.496
2.571
1.781
1.18
0.685
0.784
0.691
0.574
0.432
0.539
0.584
0.651
1.167
2.766
4.109
4.288
3.052
3.179
2.982
3.046
1.458
3.54
3.254
2.986
3.106
1.597
1.39
1.139
0.64
0.698
0.47
0.416
0.552
0.538
0.474
0.96
3.94
5.187
2.538
3.895
2.915
3.372
2.921
1.729
1.628
3.291
5.801
4.026
2.654
2.777
1.367
1.022
0.685
0.751
0.485
0.41
0.539
0.554
0.475
0.97
3.918
4.151
2.64
4.004
2.968
3.78
2.92
1.75
1.524
3.634
5.704
3.56
1.865
2.468
1.205
0.906
0.542
0.547
0.447
0.432
0.553
0.576
0.392
1.118
3.907
4.042
2.406
3.05
2.811
3.687
3.143
2.458
1.483
3.634
4.27
2.943
3.304
2.884
0.999
0.84
0.415
0.36
0.468
0.388
0.601
0.494
0.416
1.092
3.17
3.03
1.815
3.249
2.985
2.891
2.283
2.46
2.059
4.155
4.392
2.944
3.359
2.456
1.115
0.885
0.495
0.464
0.468
0.451
0.545
0.572
0.461
1.169
3.364
2.725
1.815
1.984
1.963
2.2
1.992
2.46
2.545
4.912
4.458
3.512
3.359
2.136
1.18
0.752
0.619
0.901
0.749
0.56
0.609
0.55
0.627
0.595
1.015
3.273
4.27
4.953
6.016
5.54
4.692
3.342
1.762
3.327
3.106
2.986
3.106
2.2
1.39
0.571
0.619
0.791
0.665
0.562
0.596
0.55
0.627
0.615
0.929
3.273
4.27
3.648
6.016
7.344
4.798
3.342
1.762
3.82
3.612
2.838
2.828
1.757
1.496
0.574
0.518
0.448
0.48
0.484
0.571
0.555
0.45
1.198
3.364
3.706
2.989
1.705
1.692
2.914
2.705
2.691
2.96
4.742
3.639
3.776
3.354
2.994
1.731
0.819
0.49
0.389
0.453
0.467
0.571
0.478
0.436
1.397
4.183
4.164
2.751
1.367
1.73
3.325
2.705
2.608
3.493
4.272
3.977
3.701
3.399
3.359
1.918
0.82
0.492
0.393
0.407
0.416
0.5
0.465
0.456
1.575
3.94
4.46
2.83
1.647
1.991
3.778
2.962
2.777
3.493
4.912
3.977
4.928
2.195
3.1
1.918
0.742
0.492
0.393
0.343
0.381
0.427
0.483
0.432
1.575
4.205
4.749
2.725
1.277
1.523
3.568
2.383
2.584
3.434
4.999
3.079
5.934
2.79
3.134
1.714
0.684
0.399
0.29
0.32
0.309
0.388
0.428
0.389
1.329
5.002
4.189
3.2
1.682
1.582
3.568
2.007
2.526
3.127
5.036
3.37
5.143
2.79
3.55
1.693
0.786
0.555
0.779
0.622
0.605
0.596
0.574
0.577
0.615
0.929
2.854
3.085
5.306
5.236
7.344
4.798
3.469
4.157
3.226
1.787
2.886
2.781
1.959
1.339
0.48
0.471
0.585
0.503
0.605
0.497
0.571
0.519
0.604
1.237
2.408
3.763
4.82
2.28
3.537
4.454
3.013
3.704
3.226
1.787
2.886
2.145
2.582
2.83
0.882
0.526
0.255
0.24
0.238
0.335
0.396
0.373
1.165
5.066
4.024
2.238
1.724
2.058
3.224
1.794
2.245
2.462
4.086
3.643
4.768
3.155
2.737
1.232
0.7
0.361
0.268
0.293
0.286
0.335
0.396
0.362
0.765
4.482
3.605
3.192
2.177
2.353
2.703
2.666
3.057
2.063
4.141
3.684
6.168
3.855
3.183
1.057
0.742
0.339
0.268
0.295
0.291
0.319
0.36
0.322
0.351
3.585
2.725
3.877
1.917
2.106
2.207
2.121
1.9
2.543
4.198
4.037
5.093
4.71
3.183
1.193
0.929
0.505
0.319
0.352
0.324
0.299
0.324
0.287
0.333
2.875
2.731
3.98
1.875
2.143
1.829
2.132
2.458
2.051
3.309
4.037
4.275
4.205
3.086
1.382
0.966
0.534
0.353
0.366
0.326
0.27
0.281
0.243
0.323
1.201
3.135
5.151
2.483
2.864
1.984
2.625
2.849
2.051
2.372
4.914
4.732
4.312
2.725
1.899
1.563
0.802
0.484
0.453
0.505
0.372
0.455
0.43
0.541
1.293
2.245
3.763
4.913
2.638
2.136
3.309
3.013
5.126
5.349
1.491
2.979
3.194
2.582
2.6
0.888
0.548
0.521
0.367
0.346
0.313
0.248
0.218
0.504
1.293
1.394
3.252
2.659
3.002
1.867
3.34
2.306
2.335
3.641
1.882
2.588
1.888
2.437
2.6
0.919
0.548
0.416
0.366
0.326
0.245
0.237
0.243
0.259
0.424
2.507
5.297
2.563
2.859
1.638
2.119
2.645
1.983
2.36
4.169
3.977
4.004
3.138
1.97
1.722
0.996
0.439
0.334
0.279
0.278
0.231
0.267
0.253
1.322
3.396
5.258
2.245
3.116
1.419
1.156
2.119
2.079
2.819
4.209
2.824
4.178
2.912
2.034
1.906
1.079
0.439
0.362
0.274
0.263
0.225
0.299
0.232
1.851
3.922
4.993
2.864
3.662
1.381
1.156
2.104
1.387
1.813
4.15
3.669
3.112
3.157
2.406
1.812
0.965
0.429
0.33
0.254
0.244
0.209
0.282
0.29
2.024
3.791
4.993
3.53
3.662
1.959
1.275
1.723
1.703
2.538
4.495
3.94
3.79
3.509
3.153
1.882
1.011
0.423
0.319
0.242
0.261
0.225
0.272
0.299
2.277
3.728
3.976
3.385
3.267
1.967
1.501
2.141
2.137
2.772
4.98
3.605
3.668
3.668
2.755
1.361
1.007
0.521
0.291
0.39
0.272
0.191
0.158
0.355
0.756
1.096
0.964
1.991
3.002
2.056
1.622
1.805
2.411
3.704
2.407
4.085
4.63
2.095
1.471
2.756
0.732
0.427
0.381
0.363
0.23
0.183
0.216
0.286
0.279
0.485
0.811
1.194
3.194
3.359
1.832
1.805
1.261
2.281
4.034
5.167
4.005
2.064
1.388
3.053
0.931
0.417
0.312
0.249
0.291
0.265
0.278
0.327
2.277
3.872
3.865
3.385
3.162
2.111
2.608
2.152
1.939
3.05
5.121
4.477
3.668
3.611
2.922
1.231
0.809
0.475
0.378
0.252
0.254
0.267
0.269
0.375
2.202
3.711
3.336
3.113
2.476
2.143
3.189
2.672
2.005
2.935
5.295
4.352
2.948
3.055
3.064
1.134
0.77
0.49
0.379
0.254
0.263
0.287
0.264
0.41
1.856
3.514
2.829
3.266
1.855
2.208
3.189
3.201
2.923
4.622
5.265
3.52
3.319
3.264
2.714
1.134
0.77
0.49
0.378
0.235
0.266
0.301
0.317
0.403
1.829
3.612
2.344
3.149
1.719
2.907
3.94
3.63
2.695
4.188
5.412
2.977
2.487
2.793
2.282
1.159
0.748
0.47
0.375
0.235
0.257
0.324
0.354
0.403
1.487
3.167
1.814
3.247
1.541
2.72
3.569
3.481
3.186
5.042
4.084
3.47
2.845
2.38
2.282
1.05
0.497
0.345
0.341
0.359
0.21
0.23
0.216
0.286
0.334
0.39
2.098
2.237
2.219
3.359
1.446
1.358
1.261
2.281
4.034
5.167
7.313
2.632
1.55
3.053
0.931
0.685
0.33
0.263
0.234
0.322
0.251
0.374
0.369
0.609
2.52
3.625
2.688
3.426
3.581
1.206
2.24
3.228
5.174
5.953
5.319
1.774
1.414
1.216
0.822
0.408
0.38
0.239
0.262
0.296
0.354
0.428
1.52
2.471
1.438
3.971
1.935
2.965
2.585
3.481
3.186
4.671
3.631
2.226
2.845
2.438
2.126
1.082
0.741
0.315
0.299
0.269
0.262
0.288
0.329
0.394
1.217
2.256
2.202
3.971
1.884
3.305
2.613
2.813
3.268
4.111
3.045
2.152
4.14
2.67
2.043
1.119
0.759
0.269
0.275
0.269
0.258
0.268
0.302
0.391
2.042
2.749
2.63
3.743
2.641
4.485
3.698
2.355
3.005
2.127
3.319
3.248
3.911
2.393
1.941
1.262
0.763
0.293
0.25
0.268
0.263
0.26
0.26
0.369
2.093
2.518
2.613
3.391
2.285
3.396
3.853
1.514
2.744
2.689
2.82
3.73
3.903
2.393
1.587
1.251
0.741
0.347
0.275
0.283
0.266
0.232
0.272
0.401
2.221
3.089
2.721
2.891
2.488
3.396
3.652
0.916
1.814
1.666
2.502
3.6
3.969
2.39
1.657
1.251
0.811
0.685
0.26
0.357
0.346
0.322
0.225
0.27
0.359
0.609
2.803
3.934
2.842
2.605
4.586
1.848
3.257
4.187
6.953
4.224
6.422
2.113
1.48
1.304
0.843
0.701
0.342
0.32
0.348
0.297
0.24
0.384
0.387
0.578
2.233
3.934
2.842
3.299
4.586
1.848
3.257
4.187
6.953
4.384
2.859
1.512
1.48
1.304
0.843
0.4
0.304
0.287
0.246
0.243
0.276
0.383
2.221
3.089
2.481
2.591
2.438
3.06
3.692
0.982
1.946
2.089
3.823
4.838
4.231
2.988
1.828
1.43
0.651
0.403
0.297
0.257
0.253
0.244
0.276
0.383
2.012
3.067
1.95
2.912
2.731
3.446
4.049
1.388
1.567
2.225
3.532
4.838
2.905
2.645
2.261
1.346
0.629
0.403
0.298
0.247
0.253
0.244
0.265
0.361
1.118
2.952
1.547
2.966
2.795
2.077
3.324
1.832
1.56
2.778
4.154
4.252
2.699
2.289
2.261
1.216
0.629
0.361
0.294
0.246
0.241
0.233
0.255
0.356
1.0
2.374
1.547
2.966
2.795
1.847
2.197
1.832
1.633
2.35
4.065
4.23
3.488
3.389
3.035
1.225
0.664
0.348
0.297
0.234
0.232
0.221
0.208
0.337
0.898
2.258
1.563
2.335
2.281
1.744
2.172
1.875
1.88
2.438
4.743
4.327
2.948
3.547
2.907
1.16
0.703
0.394
0.342
0.34
0.352
0.264
0.266
0.306
0.376
0.59
2.096
2.477
2.766
3.299
2.577
2.675
2.258
3.672
5.429
2.756
2.816
2.603
1.255
1.733
0.712
0.591
0.339
0.256
0.244
0.262
0.266
0.346
0.383
1.227
2.579
1.564
1.853
2.811
1.947
2.931
1.2
1.712
4.709
4.624
1.447
2.262
1.031
1.501
0.44
0.286
0.263
0.222
0.225
0.214
0.202
0.335
0.825
1.945
1.506
1.889
1.574
1.626
2.42
2.352
1.841
2.722
3.453
3.335
3.259
3.427
3.228
1.005
0.897
0.256
0.26
0.212
0.211
0.193
0.187
0.32
0.688
1.607
1.616
1.48
1.426
0.935
1.794
1.807
1.779
2.401
3.474
3.167
3.291
3.697
2.716
1.028
0.855
0.288
0.258
0.23
0.23
0.226
0.221
0.351
0.688
1.801
1.849
0.866
0.777
1.573
1.997
1.867
1.583
1.708
3.732
4.141
3.291
3.697
2.717
1.127
0.869
0.349
0.289
0.249
0.249
0.258
0.285
0.374
0.675
2.761
1.973
1.026
2.079
2.46
2.478
2.623
2.104
2.472
4.791
4.785
2.432
2.679
2.061
1.033
0.855
0.313
0.275
0.261
0.263
0.274
0.304
0.392
0.714
2.824
2.443
2.826
2.577
2.608
2.756
3.548
2.116
3.677
5.616
4.82
2.737
2.858
2.159
1.033
0.721
0.511
0.241
0.278
0.225
0.243
0.233
0.321
0.427
1.227
2.198
3.943
1.853
2.341
2.739
3.966
5.011
2.585
4.845
4.516
1.749
2.621
1.23
1.447
0.353
0.493
0.278
0.351
0.214
0.208
0.184
0.321
0.427
1.265
3.606
4.746
3.86
4.322
2.739
4.808
6.224
3.439
4.845
4.516
1.749
1.561
1.234
0.715
0.282
0.285
0.267
0.254
0.259
0.25
0.297
0.383
0.777
3.708
3.073
3.149
2.842
3.251
2.689
3.301
2.28
3.299
5.715
4.82
2.438
2.21
1.713
0.936
0.426
0.353
0.286
0.254
0.259
0.277
0.297
0.383
0.643
4.21
3.795
4.958
3.152
4.123
2.593
4.14
2.961
3.343
6.425
4.804
3.116
2.827
1.852
1.138
0.769
0.568
0.395
0.319
0.315
0.273
0.271
0.331
0.584
4.21
4.52
5.201
3.152
3.664
2.155
3.888
2.785
3.808
5.868
3.585
3.5
3.348
2.369
1.071
0.87
0.59
0.376
0.298
0.297
0.238
0.199
0.269
0.49
3.275
4.664
5.842
2.466
3.196
2.181
3.328
2.164
3.108
5.657
3.88
3.5
3.285
2.447
1.273
0.994
0.663
0.4
0.285
0.281
0.207
0.165
0.236
0.596
3.203
4.666
4.525
2.579
3.882
2.12
2.426
2.207
1.668
4.003
4.627
4.157
2.838
2.29
1.314
1.136
0.301
0.278
0.351
0.28
0.188
0.153
0.263
0.346
0.657
3.291
6.277
5.835
5.634
4.244
4.808
6.224
3.439
2.119
2.79
1.989
2.536
3.16
1.277
0.569
0.638
0.54
0.392
0.291
0.214
0.155
0.239
0.291
0.657
3.291
5.71
5.835
5.634
4.274
4.645
3.394
2.957
2.268
2.161
1.727
2.123
3.031
1.199
0.569
0.667
0.4
0.28
0.277
0.21
0.161
0.221
0.488
2.242
4.666
4.524
2.537
3.144
1.888
2.226
2.544
1.35
3.806
4.992
4.554
3.613
2.613
1.377
1.224
0.667
0.387
0.28
0.276
0.199
0.162
0.242
0.548
2.343
3.935
2.73
2.355
2.677
2.42
1.437
1.732
1.892
4.975
5.884
4.377
3.161
2.512
1.53
1.033
0.475
0.25
0.191
0.209
0.215
0.161
0.256
0.586
2.865
3.712
3.041
2.355
2.677
2.94
1.588
1.999
1.384
4.207
6.334
4.464
3.249
2.435
2.126
1.033
0.445
0.261
0.183
0.202
0.212
0.158
0.256
0.591
2.77
3.013
2.23
2.166
2.758
2.66
1.874
1.999
2.483
4.319
5.682
4.567
3.255
2.297
2.053
0.983
0.429
0.26
0.166
0.189
0.213
0.173
0.245
0.384
2.307
3.158
2.112
2.616
2.002
2.138
1.874
1.574
2.564
4.818
5.386
4.052
3.589
2.613
2.166
1.07
0.638
0.46
0.314
0.291
0.19
0.13
0.284
0.377
0.487
2.666
5.71
4.954
4.491
4.541
3.753
2.397
2.444
2.303
5.546
2.82
3.99
3.763
1.45
0.624
1.064
0.714
0.281
0.228
0.206
0.13
0.284
0.377
0.431
1.872
4.999
4.344
3.317
3.348
2.984
1.646
1.787
2.303
5.538
2.894
4.164
2.897
1.068
0.426
0.509
0.259
0.18
0.194
0.213
0.178
0.25
0.378
3.123
3.279
1.749
2.775
2.248
2.837
2.58
1.106
2.566
6.081
4.95
4.257
2.949
2.405
2.174
1.077
0.544
0.276
0.179
0.179
0.217
0.183
0.24
0.342
2.349
3.053
1.581
2.371
1.777
2.77
2.941
1.139
3.234
5.218
5.209
4.31
3.629
3.003
1.966
1.14
0.652
0.386
0.171
0.16
0.185
0.179
0.213
0.334
1.806
2.653
1.273
2.496
1.777
2.307
2.595
0.928
3.234
5.218
4.866
4.31
3.714
2.915
1.53
1.14
0.652
0.397
0.188
0.152
0.176
0.179
0.192
0.317
1.802
2.653
2.03
2.803
1.371
2.342
2.414
1.142
2.3
4.287
4.879
4.179
3.714
2.811
1.53
1.118
0.614
0.394
0.205
0.154
0.173
0.168
0.175
0.303
1.827
2.048
3.146
2.88
1.666
2.946
2.67
1.261
2.413
3.993
3.798
4.267
3.398
2.688
1.498
0.977
0.768
0.45
0.258
0.202
0.181
0.128
0.241
0.324
0.431
1.816
7.563
4.153
2.753
3.442
2.984
2.603
3.583
2.373
5.852
6.611
4.842
2.897
1.142
0.713
0.768
0.532
0.262
0.184
0.181
0.123
0.172
0.212
0.279
1.454
6.122
4.207
3.185
2.575
2.83
2.6
3.884
2.379
3.657
5.824
4.178
3.184
1.44
0.921
0.535
0.437
0.193
0.15
0.179
0.163
0.151
0.293
0.841
2.316
3.905
3.351
2.153
3.022
2.03
1.32
2.505
2.719
4.185
3.401
3.236
2.653
1.459
0.884
0.491
0.437
0.2
0.174
0.167
0.15
0.151
0.256
0.629
2.293
4.19
3.488
3.128
3.015
1.649
2.069
1.541
1.646
3.442
2.713
2.667
2.001
1.39
0.855
0.325
0.325
0.2
0.176
0.16
0.158
0.156
0.213
0.416
2.387
4.582
4.782
4.063
4.019
2.537
2.122
1.74
2.407
3.756
2.341
2.142
1.83
1.653
1.352
0.523
0.376
0.189
0.185
0.168
0.167
0.161
0.186
0.408
2.201
4.4
5.081
4.285
4.411
3.022
2.537
1.813
2.708
3.756
2.296
2.205
1.943
1.735
1.399
0.579
0.396
0.223
0.185
0.166
0.167
0.162
0.154
0.35
1.894
2.964
4.215
4.285
4.411
3.195
3.633
2.151
2.806
4.438
1.707
2.071
1.645
1.633
1.399
0.603
0.612
0.488
0.176
0.162
0.117
0.176
0.149
0.159
1.526
6.122
4.087
3.628
4.551
3.694
3.766
4.326
2.585
3.657
5.369
3.08
2.471
1.44
0.921
0.763
0.612
0.434
0.157
0.157
0.131
0.153
0.154
0.186
1.625
3.761
5.34
3.628
3.857
2.675
2.773
2.851
2.334
2.828
1.108
1.144
2.064
1.214
0.796
0.526
0.344
0.224
0.181
0.163
0.161
0.156
0.138
0.283
1.355
2.219
3.451
3.717
3.699
3.603
4.315
4.696
3.602
4.728
2.317
2.713
1.604
1.597
1.474
0.581
0.348
0.218
0.165
0.168
0.156
0.157
0.267
0.366
1.244
1.576
3.253
3.39
4.354
3.857
3.646
4.635
3.602
4.156
2.623
2.272
1.65
1.611
1.435
0.619
0.377
0.218
0.165
0.169
0.159
0.156
0.26
0.37
0.661
1.561
2.691
2.786
3.609
3.247
3.58
4.306
3.133
3.834
3.879
2.705
1.499
1.154
0.896
0.388
0.286
0.22
0.163
0.164
0.16
0.161
0.255
0.339
0.64
1.708
2.51
2.865
3.913
3.088
4.538
4.866
3.725
4.804
4.298
3.772
1.504
1.191
0.938
0.43
0.273
0.165
0.159
0.162
0.168
0.166
0.258
0.301
0.748
3.16
3.908
3.236
4.948
2.858
3.365
4.94
3.823
5.933
4.3
3.772
1.572
1.559
0.938
0.763
0.555
0.555
0.317
0.154
0.141
0.138
0.154
0.179
1.628
3.192
3.725
3.064
6.397
5.184
4.737
2.851
4.864
3.66
4.208
1.598
1.68
2.177
0.603
0.541
0.31
0.321
0.334
0.18
0.244
0.15
0.169
0.267
1.636
3.828
4.813
3.079
5.568
4.137
4.819
2.417
4.529
5.022
6.191
2.71
1.846
2.481
0.712
0.466
0.356
0.189
0.157
0.165
0.176
0.173
0.264
0.349
0.721
4.54
3.883
3.236
5.271
2.222
2.748
3.044
3.071
5.335
4.116
3.299
2.046
2.073
0.926
0.444
0.345
0.188
0.15
0.159
0.176
0.173
0.143
0.292
0.757
4.912
4.948
2.981
4.441
1.527
2.69
3.245
5.197
5.335
3.999
3.407
2.844
2.246
0.921
0.448
0.349
0.194
0.149
0.156
0.174
0.173
0.147
0.312
1.344
5.047
5.237
3.676
4.843
2.785
2.695
4.132
5.332
5.201
2.946
2.911
2.792
2.246
0.9
0.508
0.372
0.201
0.155
0.158
0.168
0.166
0.248
1.987
1.691
5.099
5.399
2.939
3.87
2.236
1.192
4.581
6.707
4.372
2.639
2.093
3.3
2.065
0.742
0.406
0.32
0.205
0.168
0.17
0.171
0.168
0.311
2.705
2.226
5.022
4.303
2.876
2.844
2.016
1.535
4.709
7.074
4.068
2.425
2.093
3.456
2.041
0.922
0.329
0.316
0.376
0.334
0.178
0.252
0.171
0.167
0.346
0.696
1.402
4.032
2.524
5.568
6.047
4.819
2.8
4.529
5.022
6.191
3.1
2.384
2.481
0.736
0.489
0.316
0.247
0.167
0.19
0.255
0.173
0.167
0.346
0.698
1.402
4.032
2.778
4.159
4.604
3.339
3.099
1.711
3.313
3.219
3.1
1.772
1.007
0.782
0.413
0.259
0.176
0.172
0.169
0.169
0.165
0.362
3.361
3.072
4.168
4.303
3.068
2.35
2.053
1.314
4.299
7.547
4.333
2.598
2.016
2.938
1.607
0.889
0.433
0.278
0.182
0.175
0.172
0.166
0.197
0.531
5.187
4.176
4.963
4.086
3.541
2.783
3.047
1.407
4.299
6.747
4.232
3.55
2.06
2.05
1.359
0.892
0.556
0.399
0.257
0.178
0.175
0.167
0.226
0.658
5.767
3.889
4.299
2.911
2.565
1.881
2.079
1.48
3.373
7.733
4.471
3.55
2.072
2.242
1.469
1.014
0.562
0.38
0.246
0.17
0.174
0.176
0.259
0.609
4.783
3.738
3.981
2.369
2.595
1.737
2.173
1.5
2.262
6.142
4.385
3.434
2.171
1.753
1.569
1.014
0.614
0.38
0.247
0.17
0.169
0.172
0.286
0.776
5.223
4.054
3.544
2.885
2.671
2.36
2.998
1.072
1.603
7.065
2.97
3.351
2.624
1.647
1.943
0.924
0.46
0.286
0.276
0.186
0.16
0.164
0.163
0.141
0.315
0.702
0.671
3.795
1.851
3.692
3.818
1.714
3.099
2.726
4.228
3.25
3.236
2.659
1.013
0.567
0.495
0.237
0.204
0.191
0.164
0.158
0.195
0.208
0.308
0.702
0.585
1.78
1.936
2.455
1.06
1.593
3.165
2.71
3.596
2.754
1.97
1.739
1.043
0.659
0.614
0.392
0.254
0.178
0.176
0.18
0.293
1.05
5.223
3.44
3.154
2.846
2.551
2.274
2.947
2.158
1.299
6.794
2.433
2.79
2.624
1.653
1.894
0.887
0.607
0.373
0.249
0.176
0.176
0.18
0.291
0.928
3.734
2.39
1.817
1.76
1.601
1.385
4.295
2.692
1.736
5.696
2.391
2.029
2.567
1.653
1.894
0.819
0.443
0.215
0.174
0.174
0.174
0.177
0.293
1.08
3.61
3.819
2.746
2.915
1.727
1.571
4.04
2.57
2.089
4.413
2.375
2.555
3.618
1.477
1.886
0.731
0.393
0.23
0.183
0.18
0.175
0.17
0.298
1.151
3.44
3.819
2.517
4.082
2.29
2.546
4.085
3.326
2.089
3.684
2.975
3.169
3.597
1.586
1.956
0.62
0.291
0.232
0.184
0.184
0.207
0.178
0.301
0.986
3.145
3.206
1.603
3.722
1.911
2.199
4.216
4.376
2.611
2.259
2.917
3.026
3.16
1.743
1.203
0.596
0.379
0.262
0.277
0.283
0.154
0.145
0.258
0.385
0.338
0.695
0.493
0.911
1.541
2.455
1.06
1.593
2.185
2.595
4.071
4.251
2.527
3.181
1.274
0.681
0.346
0.245
0.233
0.249
0.173
0.17
0.301
0.574
0.925
1.489
2.645
1.481
2.593
1.652
1.424
1.982
3.015
4.437
2.825
2.829
1.699
2.204
1.124
0.694
0.269
0.19
0.179
0.183
0.21
0.181
0.301
0.721
3.006
4.159
2.143
4.087
1.876
2.057
4.724
4.651
3.367
2.571
4.993
3.523
3.16
1.723
1.139
0.482
0.285
0.201
0.187
0.191
0.215
0.189
0.302
0.887
4.248
4.774
3.31
5.2
2.528
2.059
3.137
3.974
2.754
3.616
5.773
3.405
3.041
1.694
1.152
0.482
0.269
0.2
0.228
0.193
0.219
0.189
0.302
0.62
3.317
3.929
2.774
4.858
2.378
2.265
3.91
4.514
2.734
4.093
5.216
2.879
2.137
2.131
1.448
0.602
0.23
0.194
0.232
0.208
0.219
0.191
0.301
1.263
3.198
3.929
3.142
3.672
1.904
1.701
3.91
4.23
3.277
4.267
5.612
2.961
1.717
2.345
1.296
0.698
0.335
0.197
0.231
0.208
0.19
0.187
0.678
1.844
3.221
4.019
3.142
3.432
3.069
2.069
3.34
3.162
3.47
4.823
5.532
4.086
2.073
2.151
1.296
0.666
0.278
0.277
0.343
0.256
0.176
0.191
0.301
0.574
0.931
1.601
4.779
2.853
3.449
2.25
1.446
1.422
3.107
7.685
3.314
4.131
1.699
2.352
1.124
0.67
0.278
0.277
0.29
0.175
0.182
0.191
0.244
0.482
0.942
1.909
4.779
3.649
3.449
2.25
1.483
1.422
3.107
7.685
3.314
5.087
3.229
2.888
2.514
0.725
0.352
0.198
0.232
0.204
0.183
0.182
0.672
2.643
4.452
3.781
4.69
3.747
3.852
3.758
3.153
2.391
2.626
4.823
3.787
3.605
3.196
2.337
1.368
0.74
0.33
0.192
0.228
0.198
0.179
0.178
0.667
2.681
3.282
3.047
4.031
2.557
4.031
3.758
2.38
2.404
3.346
4.491
3.465
3.629
3.89
2.891
1.606
0.736
0.387
0.209
0.192
0.199
0.175
0.178
0.646
2.681
3.751
3.343
3.96
1.885
4.031
3.447
1.469
2.214
3.111
5.205
4.632
3.749
3.708
2.501
1.202
0.56
0.414
0.206
0.189
0.177
0.168
0.182
0.623
2.024
3.955
3.968
3.738
1.652
3.845
3.296
2.21
1.75
2.67
5.678
3.702
3.091
3.708
2.442
1.133
0.455
0.313
0.199
0.187
0.171
0.158
0.178
0.215
1.449
4.296
4.5
3.839
2.03
2.583
2.763
1.848
2.154
2.246
5.158
4.257
2.21
3.418
2.473
1.261
0.505
0.335
0.272
0.29
0.188
0.188
0.18
0.179
0.576
4.204
3.246
5.133
3.649
3.016
2.696
3.067
1.358
3.266
6.291
4.076
5.087
4.579
3.009
2.519
0.552
0.415
0.245
0.201
0.188
0.188
0.171
0.178
0.599
4.204
3.246
5.186
3.124
2.089
2.452
3.232
1.445
2.35
3.375
3.904
3.556
4.579
3.009
2.57
0.811
0.273
0.201
0.189
0.173
0.164
0.181
0.19
0.69
3.987
3.818
2.385
1.981
1.968
1.68
2.015
1.582
2.183
5.125
3.973
2.17
2.165
2.352
1.067
0.477
0.433
0.212
0.199
0.18
0.169
0.185
0.197
0.487
3.987
4.911
2.294
1.668
1.013
1.812
2.104
1.867
2.33
5.582
3.795
2.313
1.426
1.823
0.86
0.467
0.415
0.225
0.223
0.205
0.198
0.213
0.228
0.467
3.445
4.092
2.608
1.801
1.318
1.812
2.104
1.548
2.079
5.961
2.994
2.95
1.704
2.613
1.145
0.583
0.392
0.218
0.215
0.207
0.204
0.197
0.22
0.504
3.197
5.513
3.763
2.348
1.615
1.649
1.348
1.507
2.079
5.008
2.947
3.745
2.329
2.262
1.209
0.673
0.422
0.218
0.214
0.207
0.204
0.197
0.212
0.495
2.073
4.983
4.16
2.962
2.489
1.734
1.22
1.06
1.683
4.933
2.971
3.56
2.197
2.075
1.078
0.775
0.415
0.231
0.254
0.283
0.205
0.157
0.192
0.611
4.195
2.685
5.186
1.844
2.089
3.244
4.515
2.046
2.853
4.577
6.047
2.774
2.935
1.485
1.16
1.02
0.413
0.296
0.254
0.252
0.175
0.143
0.171
0.359
0.344
2.358
4.075
2.307
1.463
3.168
4.105
2.513
2.449
3.159
4.387
2.412
1.172
1.21
1.16
1.063
0.422
0.209
0.203
0.198
0.195
0.179
0.203
0.395
1.133
5.039
4.175
2.524
2.218
1.035
0.721
0.99
1.817
4.99
2.971
3.723
2.197
2.075
1.078
0.718
0.303
0.202
0.197
0.198
0.196
0.178
0.224
0.433
1.21
3.78
4.465
2.989
2.231
1.386
0.7
0.689
0.872
3.202
2.895
3.309
3.102
2.003
0.956
0.72
0.264
0.171
0.171
0.158
0.171
0.158
0.205
0.527
1.739
3.982
4.465
2.989
1.873
1.637
2.054
1.726
2.492
2.771
3.184
2.606
3.596
1.093
0.691
0.61
0.252
0.174
0.165
0.17
0.163
0.164
0.252
0.538
2.15
3.043
3.266
2.834
1.598
1.637
2.911
2.014
2.529
2.743
3.072
1.881
4.132
1.01
0.81
0.511
0.222
0.183
0.158
0.185
0.161
0.175
0.301
0.582
2.901
3.525
2.394
1.791
0.969
2.796
3.164
2.61
2.612
2.692
3.538
1.739
3.986
1.108
0.943
0.414
0.469
0.325
0.339
0.261
0.179
0.152
0.171
0.267
0.355
2.532
4.148
5.529
3.103
3.395
4.105
4.37
4.748
3.158
5.077
3.506
1.873
1.454
1.077
1.063
0.419
0.325
0.276
0.167
0.159
0.159
0.146
0.31
0.413
3.494
4.148
5.529
4.342
2.055
3.295
4.293
3.864
1.898
2.609
2.406
1.979
1.288
1.087
0.892
0.267
0.217
0.164
0.192
0.185
0.184
0.305
0.582
2.901
3.333
3.139
2.841
1.027
3.454
3.994
3.093
2.929
2.643
4.978
1.89
4.817
1.542
1.035
0.44
0.283
0.235
0.154
0.202
0.172
0.185
0.287
0.584
3.165
4.014
2.422
2.486
1.293
2.894
3.994
3.093
2.929
3.753
4.62
1.91
4.049
1.546
1.172
0.531
0.283
0.24
0.147
0.202
0.175
0.174
0.282
0.978
2.69
3.817
2.524
2.999
1.957
2.842
3.025
2.269
2.453
2.401
3.673
2.034
3.168
1.758
1.383
0.749
0.36
0.24
0.158
0.189
0.177
0.173
0.247
1.115
2.805
2.597
2.429
2.673
2.227
2.904
2.173
1.995
3.176
3.066
4.943
3.801
3.112
2.103
1.285
0.749
0.412
0.24
0.163
0.178
0.183
0.173
0.209
1.389
2.985
2.38
2.429
2.673
2.165
1.564
2.475
1.628
3.412
4.868
4.332
3.827
3.241
2.184
1.256
0.822
0.419
0.222
0.276
0.168
0.159
0.159
0.144
0.377
1.182
1.786
3.683
5.138
4.342
1.971
1.639
3.607
4.837
1.651
3.896
3.527
2.928
2.372
2.002
0.676
0.249
0.269
0.205
0.174
0.17
0.144
0.174
0.413
1.182
3.26
2.541
2.57
2.77
1.75
0.876
0.959
4.094
3.932
4.642
3.209
2.506
2.13
2.002
0.452
0.419
0.206
0.167
0.178
0.161
0.168
0.195
1.99
4.113
2.285
0.976
1.478
2.165
1.138
1.714
1.142
2.924
4.868
4.042
3.7
2.486
1.831
1.192
0.804
0.416
0.187
0.167
0.166
0.171
0.168
0.19
1.99
4.483
3.292
1.097
1.269
2.076
1.275
1.721
1.34
4.041
3.913
5.264
4.175
2.961
1.868
1.141
0.763
0.427
0.175
0.173
0.178
0.169
0.168
0.187
1.547
4.483
3.292
1.571
0.713
1.485
1.077
1.419
1.613
3.207
3.618
6.25
4.648
3.249
2.203
1.09
0.57
0.392
0.181
0.174
0.178
0.176
0.174
0.192
2.3
4.185
3.39
1.3
0.679
1.201
1.059
2.108
2.058
2.621
3.262
5.722
2.963
2.389
1.907
1.16
0.57
0.372
0.228
0.193
0.182
0.18
0.184
0.223
2.262
3.357
3.271
1.862
1.073
0.944
1.099
1.556
1.878
2.29
1.243
5.722
2.935
2.409
2.271
1.202
0.517
0.23
0.298
0.246
0.257
0.207
0.148
0.193
0.339
1.099
3.585
3.859
4.017
3.363
3.053
1.035
2.219
4.094
4.323
4.642
3.85
2.466
2.2
1.892
0.661
0.354
0.374
0.331
0.287
0.22
0.182
0.194
0.34
1.392
4.354
4.338
4.358
3.363
3.053
1.285
3.011
3.427
4.509
4.576
3.214
1.728
1.111
0.928
0.529
0.343
0.243
0.196
0.187
0.183
0.179
0.321
1.795
2.112
4.18
2.245
1.265
0.936
1.91
1.695
2.557
2.466
2.461
5.565
2.992
2.647
2.271
1.202
0.585
0.419
0.338
0.265
0.273
0.18
0.239
0.364
2.584
3.369
3.175
2.878
1.627
0.863
2.024
2.658
3.346
2.943
3.126
5.676
2.66
2.565
2.346
1.377
0.767
0.379
0.445
0.259
0.364
0.264
0.246
0.429
2.709
4.84
5.156
3.836
2.597
1.543
2.068
2.922
3.054
3.003
4.65
5.457
2.811
2.961
2.223
1.466
0.849
0.364
0.55
0.367
0.491
0.264
0.311
0.464
1.944
4.451
6.356
5.239
4.133
2.818
3.67
3.408
4.374
4.466
5.988
6.577
4.177
3.687
2.953
1.554
0.937
0.5
0.619
0.399
0.512
0.396
0.304
0.522
2.426
5.396
6.356
5.081
4.046
3.863
4.163
3.479
5.227
4.894
7.447
6.577
4.489
3.881
2.728
1.687
1.196
0.354
0.329
0.373
0.287
0.22
0.182
0.193
0.933
2.232
4.085
4.338
4.358
3.276
2.501
2.308
3.011
1.721
2.428
3.475
3.614
3.57
1.564
1.114
0.709
0.596
0.331
0.483
0.393
0.339
0.314
0.184
0.987
3.495
3.573
4.856
5.336
4.285
4.455
4.466
3.258
4.173
3.985
2.117
2.272
3.57
1.788
1.411
0.758
0.609
0.66
0.394
0.607
0.476
0.304
0.507
2.754
6.121
6.942
5.53
4.797
5.017
4.037
4.919
7.072
6.664
8.833
7.074
5.007
4.563
3.426
2.047
1.572
0.601
0.66
0.336
0.546
0.483
0.25
0.507
2.197
5.265
6.944
5.115
4.897
5.017
3.983
4.244
6.219
5.437
8.862
6.387
5.007
4.649
3.426
1.88
1.433
0.621
0.6
0.336
0.47
0.38
0.25
0.43
2.371
4.089
4.991
4.663
4.719
4.624
3.983
4.108
6.157
5.404
8.862
5.636
5.225
4.638
3.809
1.706
1.37
0.621
0.489
0.23
0.332
0.416
0.176
0.357
2.371
4.089
3.756
3.196
3.344
3.485
2.424
3.003
4.406
3.796
7.679
4.959
4.988
4.293
3.122
1.621
1.218
0.501
0.386
0.177
0.329
0.282
0.171
0.253
1.748
3.54
3.523
2.739
3.42
2.709
1.906
3.384
3.47
3.19
6.84
4.608
4.871
4.609
3.27
1.331
0.964
0.545
0.246
0.454
0.375
0.326
0.318
0.162
0.987
3.25
2.422
6.224
6.679
4.729
6.961
5.236
3.583
4.32
4.459
2.857
2.59
4.358
1.788
1.411
0.96
0.655
0.38
0.546
0.428
0.464
0.393
0.278
0.319
2.584
2.422
6.356
6.679
6.101
6.961
5.236
3.583
4.629
4.459
2.001
1.564
2.505
1.467
1.274
0.527
0.389
0.278
0.174
0.23
0.196
0.183
0.174
1.29
2.731
3.027
2.479
2.39
2.384
1.286
1.843
0.905
1.888
4.492
3.097
4.048
3.975
2.484
0.839
0.498
0.284
0.229
0.179
0.234
0.207
0.168
0.186
1.005
1.79
3.733
3.668
3.316
2.833
2.985
2.89
1.605
1.596
4.19
3.487
4.14
3.457
2.509
0.844
0.53
0.269
0.224
0.182
0.224
0.207
0.18
0.213
0.526
1.599
4.189
4.12
3.096
3.776
3.584
3.431
2.44
3.734
3.92
3.58
3.798
3.683
1.954
0.671
0.53
0.313
0.223
0.191
0.224
0.189
0.178
0.319
1.335
1.725
3.796
3.726
3.409
3.776
3.52
3.685
3.566
4.637
3.885
2.661
3.194
3.209
1.962
0.695
0.413
0.274
0.211
0.191
0.207
0.184
0.184
0.351
1.304
2.67
3.718
3.783
3.777
4.524
3.913
3.18
4.136
5.753
4.091
2.978
3.589
2.87
1.603
0.717
0.96
0.463
0.398
0.415
0.222
0.319
0.276
0.277
0.237
0.61
2.378
6.356
5.813
5.827
5.188
3.215
3.101
2.413
3.319
2.318
1.757
2.755
1.239
1.061
0.74
0.554
0.441
0.415
0.324
0.477
0.38
0.277
0.59
1.828
1.956
6.189
6.897
5.827
3.994
1.548
2.325
3.446
4.454
2.387
2.438
1.793
1.239
1.042
0.412
0.288
0.218
0.248
0.235
0.194
0.249
0.381
1.394
2.67
2.632
3.213
3.777
3.659
3.883
3.467
4.136
5.618
6.228
3.143
3.589
2.94
1.618
0.795
0.362
0.353
0.24
0.269
0.228
0.177
0.248
0.381
1.418
3.221
1.759
2.499
2.776
3.43
2.434
4.131
4.365
6.077
5.704
3.387
4.82
3.252
1.725
1.405
0.303
0.338
0.238
0.27
0.212
0.177
0.243
0.457
1.418
3.555
2.907
1.74
2.677
3.095
2.317
3.595
4.089
5.249
5.754
2.917
4.409
2.553
1.553
1.448
0.329
0.34
0.289
0.336
0.3
0.18
0.622
0.512
1.423
3.595
3.425
2.212
3.102
5.957
3.743
3.223
3.381
5.023
6.033
2.9
3.951
3.382
1.637
1.636
0.615
0.423
0.295
0.413
0.355
0.237
0.677
0.491
1.425
2.929
3.859
3.313
2.752
5.117
3.598
3.295
2.841
4.047
4.934
2.67
3.702
2.951
1.637
1.636
0.456
0.393
0.401
0.27
0.281
0.351
0.301
0.161
0.623
2.024
3.482
6.002
6.897
4.737
2.636
1.361
2.325
3.299
4.454
2.387
2.438
1.793
1.137
0.655
0.551
0.593
0.559
0.217
0.434
0.382
0.454
0.221
1.082
2.197
5.131
4.887
5.453
2.92
1.722
1.005
1.695
2.955
3.907
2.557
2.704
1.276
1.129
0.436
0.559
0.428
0.252
0.376
0.295
0.275
0.611
0.474
1.521
4.412
3.922
3.335
2.752
5.117
3.549
2.901
2.833
3.581
3.801
3.718
4.342
3.25
1.642
1.536
0.684
0.358
0.369
0.338
0.396
0.272
0.671
0.622
1.755
4.049
3.699
3.492
2.579
4.803
3.25
1.222
2.233
3.435
3.827
4.582
2.77
2.945
1.386
0.815
0.812
0.462
0.382
0.415
0.474
0.326
0.685
0.637
2.499
3.952
2.391
3.219
2.272
4.134
2.937
1.168
1.771
2.822
3.827
5.704
4.169
2.815
1.214
0.74
0.812
0.403
0.327
0.358
0.393
0.318
0.32
0.518
2.052
4.133
2.638
2.915
2.22
1.449
1.39
1.752
1.766
2.821
3.811
5.704
4.623
2.44
1.082
0.541
0.54
0.371
0.376
0.369
0.352
0.317
0.309
0.808
2.764
5.16
2.843
2.093
1.789
1.66
1.752
1.695
2.329
3.488
3.606
5.497
4.623
2.485
1.082
0.735
0.595
0.595
0.609
0.264
0.366
0.359
0.414
0.259
0.918
1.221
5.131
4.316
2.892
2.37
1.583
1.191
1.611
3.399
3.28
3.107
4.031
2.59
1.338
0.812
0.599
0.595
0.705
0.264
0.427
0.394
0.439
0.296
0.985
1.208
3.173
3.532
2.188
2.768
2.311
1.126
1.611
3.399
3.28
3.107
4.031
2.59
1.338
0.812
0.633
0.469
0.378
0.524
0.39
0.302
0.355
2.01
2.956
3.885
2.552
1.868
1.781
1.56
1.752
1.664
2.329
3.417
3.404
4.071
3.899
2.098
1.057
0.942
0.66
0.469
0.31
0.528
0.396
0.303
0.336
2.057
3.038
3.757
2.224
1.298
1.618
2.084
1.648
1.655
2.095
3.478
4.449
3.138
4.642
2.133
1.016
0.998
0.547
0.436
0.407
0.473
0.474
0.255
0.395
2.287
3.504
3.722
2.587
1.697
1.623
2.101
1.408
2.161
2.283
3.972
4.449
1.879
3.203
2.681
1.292
1.07
0.616
0.433
0.482
0.45
0.513
0.328
0.438
2.287
4.598
4.273
2.71
2.115
1.179
1.797
1.253
1.521
1.983
4.276
4.659
2.287
3.736
2.235
1.451
1.07
0.717
0.458
0.431
0.477
0.544
0.42
0.438
2.132
4.129
2.857
2.376
1.874
1.179
1.357
1.089
2.406
1.889
3.687
4.603
2.326
3.675
2.125
1.516
1.122
0.567
0.531
0.694
0.344
0.403
0.394
0.451
0.262
0.664
1.027
1.087
3.452
1.343
1.811
1.632
0.961
1.384
5.112
3.444
4.582
4.53
2.925
1.652
0.938
0.6
0.548
0.694
0.449
0.416
0.327
0.451
1.433
2.742
2.267
2.047
1.998
1.14
2.358
2.59
2.441
2.275
4.341
3.564
3.207
2.896
1.981
1.485
0.65
0.775
0.388
0.462
0.385
0.544
0.532
0.41
0.989
4.043
3.749
2.448
2.02
1.078
2.033
1.089
2.365
1.905
4.021
4.75
2.905
3.697
2.088
1.422
0.96
0.658
0.512
0.485
0.35
0.518
0.616
0.384
1.046
4.28
3.753
2.448
2.366
1.193
1.673
1.419
2.48
2.023
3.712
3.594
2.483
2.634
2.316
1.772
1.164
0.658
0.553
0.439
0.438
0.366
0.63
0.378
1.17
3.787
3.587
1.942
1.995
1.237
1.643
1.415
1.874
1.797
2.773
3.607
2.463
2.756
2.412
1.592
1.032
0.701
0.658
0.394
0.517
0.298
0.63
0.318
1.416
2.711
2.514
1.477
1.632
1.241
1.849
1.462
2.634
2.388
3.814
4.024
3.063
2.384
2.228
1.382
1.088
0.622
0.669
0.421
0.425
0.286
0.568
0.358
1.402
2.679
3.206
1.515
1.849
1.5
1.948
1.42
2.329
1.897
4.029
5.078
3.155
3.016
2.263
1.495
0.845
0.647
0.41
0.547
0.599
0.416
0.387
0.562
1.424
2.855
2.267
2.137
3.641
1.283
2.233
2.627
4.202
5.047
5.442
4.399
4.935
3.64
2.563
1.485
1.088
0.726
0.41
0.549
0.599
0.435
0.387
0.498
1.47
2.855
3.637
3.375
4.257
1.881
2.399
2.627
4.202
5.047
4.778
4.399
3.166
3.303
2.563
1.216
0.808
0.58
0.669
0.409
0.419
0.362
0.483
0.412
1.421
2.556
2.01
1.428
1.597
1.725
1.311
1.41
2.4
1.902
4.933
5.106
3.036
3.02
2.246
1.495
0.903
0.581
0.667
0.428
0.465
0.321
0.447
0.491
1.289
2.587
2.726
2.734
1.996
1.934
1.093
1.081
2.444
1.833
4.785
4.765
2.945
3.623
2.471
1.508
0.744
0.581
0.669
0.415
0.447
0.368
0.414
0.474
1.776
2.964
3.272
3.226
2.188
1.934
1.369
1.829
3.131
2.272
5.187
5.074
3.887
3.949
2.344
1.541
0.808
0.536
0.619
0.38
0.48
0.395
0.422
0.474
1.613
3.129
3.655
3.382
2.786
1.961
2.117
1.982
2.93
2.404
4.558
4.607
3.427
3.349
2.622
1.763
1.047
0.642
0.702
0.326
0.513
0.373
0.453
0.511
1.79
3.341
3.956
3.236
2.623
1.662
2.512
1.904
2.34
2.404
4.558
4.562
3.441
3.247
2.907
1.88
1.159
0.726
0.314
0.608
0.531
0.448
0.345
0.498
0.485
0.966
4.773
2.761
4.505
1.881
2.805
4.993
6.838
5.956
3.701
2.807
3.263
4.512
2.133
1.273
1.229
0.635
0.48
0.651
0.386
0.476
0.342
0.365
0.557
0.699
4.773
7.039
3.585
1.553
2.723
4.802
5.894
3.177
1.414
1.372
1.276
2.837
1.067
1.273
0.785
0.55
0.777
0.391
0.525
0.393
0.453
0.507
2.262
3.39
4.068
3.711
2.88
1.491
2.65
2.409
2.257
2.42
3.624
3.669
3.364
3.271
3.391
2.688
1.255
0.595
0.751
0.316
0.525
0.424
0.443
0.458
2.262
3.177
3.359
2.552
2.741
2.045
2.756
2.679
2.222
2.228
4.314
3.81
3.91
2.843
2.975
2.465
1.193
0.613
0.677
0.356
0.545
0.447
0.421
0.475
1.961
3.432
4.435
3.05
3.034
2.597
2.704
2.266
1.428
1.966
3.644
3.763
3.106
2.751
2.666
2.465
1.182
0.65
0.602
0.409
0.498
0.481
0.359
0.475
1.863
3.395
4.454
2.775
2.366
2.459
2.292
2.266
1.325
1.181
3.65
4.021
2.163
2.689
2.541
2.823
0.937
0.581
0.517
0.454
0.429
0.497
0.261
0.5
1.62
3.395
3.49
2.775
2.366
2.459
1.973
2.976
1.629
1.858
4.109
3.894
1.967
2.227
2.343
2.621
0.879
0.496
0.53
0.708
0.386
0.415
0.409
0.415
0.557
0.976
3.994
5.664
2.837
1.132
2.656
5.41
5.697
3.056
1.846
1.487
1.299
4.045
1.308
1.232
0.941
0.919
0.624
0.727
0.278
0.402
0.409
0.456
0.524
0.641
1.52
5.786
1.785
1.118
1.606
2.379
2.063
1.897
1.638
1.364
0.886
1.866
0.862
1.179
0.775
0.642
0.409
0.47
0.352
0.466
0.232
0.477
1.191
3.355
3.526
2.669
2.799
2.669
1.777
2.776
1.66
1.828
3.622
3.894
1.473
2.29
1.668
1.783
0.93
0.715
0.468
0.47
0.389
0.466
0.266
0.476
1.567
4.416
3.526
2.504
2.119
1.888
1.465
2.561
2.211
2.487
2.941
4.611
1.348
3.111
1.76
1.797
0.901
0.715
0.537
0.495
0.31
0.479
0.28
0.476
1.773
3.764
2.185
1.612
1.914
2.245
1.346
2.698
2.482
2.665
4.376
4.419
1.928
2.522
1.609
2.007
1.053
0.889
0.633
0.482
0.331
0.44
0.362
0.468
1.956
3.73
2.979
1.751
2.01
2.049
1.325
2.909
2.447
3.362
5.025
4.263
2.128
2.621
1.438
1.421
1.06
0.901
0.644
0.438
0.392
0.413
0.407
0.418
2.586
3.73
2.825
1.751
2.439
2.409
1.295
2.475
2.383
2.732
4.463
3.753
2.461
2.945
1.661
1.548
1.177
0.932
0.651
0.727
0.313
0.39
0.396
0.456
0.431
0.891
0.935
1.307
1.61
1.216
1.771
3.236
2.353
6.036
2.978
2.742
1.759
3.313
1.589
1.462
0.819
0.932
0.651
0.476
0.313
0.39
0.359
0.374
0.431
1.262
0.935
2.962
2.817
1.865
2.013
2.341
3.259
6.249
3.834
2.813
1.744
2.339
1.464
1.462
0.819
0.968
0.644
0.459
0.448
0.42
0.407
0.417
2.586
3.744
3.436
2.133
1.967
2.159
1.408
2.64
2.383
2.649
4.463
3.78
2.461
2.55
1.703
1.499
0.918
0.979
0.657
0.457
0.452
0.406
0.392
0.414
2.795
2.428
3.511
2.115
1.967
2.125
1.408
2.64
2.476
2.954
4.883
2.992
1.92
1.87
1.894
1.64
1.02
0.979
0.635
0.435
0.452
0.38
0.374
0.406
2.058
1.97
3.384
2.007
1.729
1.277
1.838
2.754
2.764
2.903
3.958
2.858
1.558
2.899
2.798
1.54
0.902
0.75
0.604
0.47
0.418
0.397
0.378
0.406
2.447
1.835
2.638
1.605
1.594
1.277
2.084
2.426
2.453
2.099
3.01
2.528
1.626
3.758
3.613
1.525
0.948
0.718
0.571
0.507
0.447
0.396
0.342
0.422
2.1
1.78
2.514
2.089
1.33
0.877
2.069
2.132
2.448
3.04
4.132
2.601
1.811
3.497
3.307
1.315
0.817
0.585
0.442
0.385
0.456
0.35
0.347
0.329
1.003
2.168
1.393
2.775
2.817
2.495
3.342
2.403
3.259
6.249
3.834
3.708
2.698
2.814
2.337
1.575
0.805
0.622
0.39
0.343
0.406
0.334
0.23
0.389
1.069
2.168
1.959
3.459
2.817
2.631
4.242
2.739
3.016
2.418
2.832
2.425
1.89
1.959
1.725
1.193
0.668
0.615
0.571
0.457
0.433
0.332
0.41
0.383
2.132
1.721
1.428
1.139
1.719
1.119
2.475
1.794
2.357
4.282
4.567
2.54
2.365
3.868
3.738
1.405
0.817
0.589
0.536
0.519
0.387
0.535
0.387
0.378
1.596
2.024
1.651
1.297
1.99
1.186
2.884
1.686
1.817
3.613
4.105
3.213
3.736
3.748
3.863
1.222
0.808
0.635
0.501
0.516
0.369
0.555
0.428
0.312
1.681
3.498
2.074
1.371
2.107
1.44
2.894
1.341
1.365
3.275
4.922
3.446
3.736
3.199
2.978
1.414
0.938
0.702
0.481
0.485
0.402
0.522
0.403
0.358
1.086
3.563
1.719
2.654
2.62
1.989
2.597
1.523
1.374
3.275
4.875
3.376
4.206
2.418
2.411
1.635
0.944
0.742
0.493
0.51
0.307
0.568
0.431
0.309
0.782
3.563
2.678
2.169
2.62
1.989
2.682
1.426
1.686
3.064
4.792
3.142
3.886
2.437
2.447
1.857
1.003
0.622
0.54
0.535
0.54
0.334
0.422
0.498
1.069
2.014
3.258
3.872
3.218
3.124
4.242
2.739
2.548
3.849
3.482
3.243
3.375
1.959
3.428
2.088
0.691
0.523
0.568
0.536
0.496
0.369
0.742
0.507
0.387
1.245
4.984
4.631
3.317
3.124
4.72
2.656
2.616
3.849
3.482
2.335
2.458
2.29
2.659
1.877
0.582
0.778
0.562
0.528
0.317
0.607
0.35
0.359
0.705
3.311
3.005
2.369
2.04
2.105
2.516
2.44
2.386
2.006
4.68
3.375
3.425
2.152
2.143
1.857
1.076
0.734
0.562
0.463
0.293
0.407
0.348
0.321
0.705
2.921
2.556
3.043
1.763
2.154
2.227
3.135
2.38
1.909
5.767
3.215
3.23
2.09
1.597
1.847
1.041
0.671
0.557
0.425
0.289
0.34
0.282
0.324
0.563
1.245
2.269
3.187
2.109
2.266
2.355
3.369
2.923
1.985
4.9
3.076
3.5
2.264
1.526
1.625
0.872
0.561
0.511
0.427
0.288
0.382
0.265
0.435
0.731
1.289
3.002
3.008
1.995
1.995
1.972
3.321
2.962
2.005
5.358
3.076
2.963
2.188
1.299
1.387
0.78
0.559
0.449
0.393
0.341
0.406
0.301
0.509
0.62
1.864
2.553
4.119
2.62
2.481
1.514
3.321
3.241
1.66
4.697
3.747
3.045
2.449
1.324
1.509
0.795
0.491
0.568
0.587
0.561
0.316
0.742
0.507
0.631
2.124
5.606
4.631
4.395
2.591
3.305
1.442
2.616
3.763
3.737
2.577
3.265
2.633
2.865
2.289
0.659
0.499
0.635
0.566
0.596
0.392
0.667
0.456
0.875
2.611
5.606
3.997
2.766
2.199
3.569
1.595
2.221
2.064
2.17
2.238
2.609
2.633
1.893
1.596
0.838
0.546
0.368
0.434
0.387
0.376
0.373
0.565
0.713
2.031
2.117
4.119
2.652
2.573
2.736
2.392
2.721
1.58
5.362
3.619
3.808
2.677
1.324
1.389
0.822
0.626
0.457
0.404
0.48
0.464
0.504
0.677
0.723
2.442
2.753
3.687
2.751
2.759
2.776
2.345
2.719
1.456
3.985
3.28
2.754
2.745
1.782
1.557
1.055
0.745
0.528
0.55
0.493
0.502
0.523
0.677
0.76
2.442
3.401
4.316
2.497
2.708
2.93
2.005
2.21
1.768
3.853
3.156
2.466
2.42
1.801
1.52
1.033
0.745
0.58
0.577
0.528
0.49
0.532
0.587
0.599
2.433
2.892
3.89
2.117
2.943
2.966
2.802
3.145
2.778
4.282
3.687
2.617
2.663
1.875
1.654
1.057
0.788
0.593
0.617
0.575
0.474
0.517
0.526
0.608
1.893
3.084
2.864
1.429
2.62
2.966
2.832
2.408
2.405
4.249
2.959
2.545
2.4
2.4
1.57
1.182
0.499
0.569
0.566
0.596
0.577
0.376
0.496
0.875
2.611
4.508
4.078
4.158
3.503
2.53
1.447
1.847
3.859
2.17
2.238
2.609
2.285
2.449
1.596
1.198
0.686
0.614
0.611
0.58
0.609
0.433
0.531
0.671
1.574
2.583
2.665
3.02
3.601
2.53
1.482
1.771
3.859
1.846
1.742
2.258
1.954
2.449
1.341
1.206
0.721
0.717
0.526
0.536
0.52
0.515
0.495
0.614
1.691
3.603
2.864
1.898
2.216
2.623
3.827
3.863
3.544
2.756
2.824
2.508
2.161
2.4
1.57
1.126
0.721
0.709
0.581
0.508
0.548
0.499
0.411
0.68
1.182
3.3
2.702
1.688
1.895
2.518
3.073
3.674
3.444
2.834
2.394
2.109
2.027
1.903
1.382
0.928
0.611
0.679
0.447
0.495
0.528
0.499
0.347
0.631
1.182
2.77
1.937
1.33
1.488
1.806
2.959
3.478
3.068
2.8
2.035
2.377
2.277
2.623
1.38
0.927
0.597
0.566
0.372
0.43
0.456
0.457
0.292
0.626
0.704
2.526
1.871
1.547
1.313
1.738
1.935
2.391
2.094
2.652
2.093
2.194
2.104
3.164
1.443
0.914
0.518
0.585
0.298
0.366
0.408
0.414
0.296
0.568
0.64
3.252
2.01
2.094
1.209
1.714
2.225
2.432
2.164
2.609
2.116
2.706
2.635
3.324
2.124
0.716
0.64
0.513
0.679
0.468
0.662
0.423
0.531
0.501
1.018
2.224
3.883
3.436
3.601
2.032
1.046
1.16
2.987
1.585
0.988
2.942
1.8
2.534
1.352
1.232
0.665
0.513
0.679
0.385
0.553
0.423
0.476
0.501
0.833
1.662
3.041
2.449
2.442
0.91
1.037
1.805
0.92
3.34
1.21
3.285
1.318
1.593
1.21
1.036
0.541
0.416
0.324
0.334
0.32
0.347
0.212
0.461
0.534
2.712
2.1
1.759
1.273
0.854
1.031
0.88
1.005
2.499
2.222
2.07
2.756
3.324
2.178
0.776
0.445
0.28
0.25
0.277
0.207
0.228
0.238
0.302
0.522
3.13
3.056
3.061
1.986
1.561
1.266
1.022
1.331
3.404
2.37
2.07
2.756
4.069
2.22
0.745
0.452
0.345
0.217
0.277
0.231
0.202
0.242
0.311
0.539
3.063
3.056
3.061
2.34
1.691
1.543
1.334
1.278
3.88
2.37
1.632
2.561
3.478
2.129
0.778
0.412
0.383
0.237
0.281
0.246
0.226
0.256
0.259
0.569
3.179
2.632
2.978
1.897
1.756
1.481
1.708
1.608
3.441
1.857
1.466
2.363
2.812
3.011
0.891
0.344
0.324
0.18
0.23
0.248
0.191
0.218
0.233
0.515
2.343
2.821
3.106
2.196
1.923
1.22
1.749
1.721
4.003
1.452
0.962
1.565
2.18
2.397
0.791
0.383
0.368
0.511
0.353
0.384
0.316
0.332
0.443
2.068
3.476
3.041
2.711
2.997
1.692
1.688
2.774
1.3
4.564
1.194
3.285
1.432
1.843
1.435
1.082
0.326
0.349
0.307
0.22
0.197
0.191
0.208
0.303
1.969
3.476
2.295
2.806
2.997
2.286
1.781
2.774
1.291
4.564
2.417
3.612
2.25
0.905
1.246
0.852
0.342
0.353
0.209
0.183
0.231
0.21
0.218
0.146
0.515
2.343
2.705
2.943
2.095
2.56
1.548
1.749
1.778
4.355
1.875
1.322
1.333
2.18
2.397
0.613
0.374
0.353
0.212
0.207
0.239
0.212
0.197
0.166
0.431
2.412
1.735
1.571
1.312
1.909
1.98
1.744
2.578
4.064
2.695
2.071
1.235
1.504
2.324
0.613
0.333
0.296
0.244
0.226
0.214
0.213
0.207
0.181
0.32
2.382
2.136
1.863
1.373
2.129
1.729
1.467
2.904
4.064
3.866
2.622
1.64
1.406
2.509
0.592
0.382
0.261
0.223
0.199
0.205
0.188
0.164
0.191
0.844
3.089
2.363
2.128
1.342
2.035
1.773
1.092
3.259
3.945
3.633
2.84
1.924
1.724
1.63
0.53
0.468
0.31
0.253
0.235
0.222
0.209
0.19
0.229
0.874
3.683
2.373
1.633
1.649
1.872
1.586
0.983
3.128
3.013
4.114
2.84
2.348
1.441
1.264
0.526
0.262
0.413
0.307
0.24
0.24
0.198
0.173
0.31
1.85
2.585
1.876
2.806
2.896
4.851
4.207
4.648
3.143
2.981
2.366
4.238
3.596
2.393
1.188
1.061
0.323
0.426
0.282
0.17
0.24
0.175
0.173
0.187
0.21
0.603
1.846
1.793
1.612
4.561
3.47
3.569
3.822
5.416
2.656
4.238
3.596
3.546
2.677
1.719
0.438
0.262
0.204
0.255
0.277
0.195
0.194
0.297
0.907
4.536
2.222
1.479
1.942
2.057
1.814
1.088
3.116
2.368
3.75
2.452
2.884
1.665
1.388
0.571
0.435
0.304
0.224
0.245
0.261
0.195
0.214
0.362
0.963
4.379
2.232
1.592
2.534
2.835
1.881
1.592
3.355
1.829
3.538
2.375
3.721
1.907
1.733
0.891
0.469
0.401
0.3
0.307
0.342
0.303
0.208
0.452
1.116
4.379
1.736
1.992
2.43
2.476
2.051
1.602
3.879
2.439
2.943
1.998
3.376
1.857
1.536
1.137
0.535
0.397
0.414
0.401
0.428
0.308
0.321
0.706
0.737
3.701
1.268
1.528
2.43
3.807
2.664
1.519
3.3
2.34
2.949
1.958
3.713
1.655
1.908
1.322
0.5
0.477
0.472
0.467
0.464
0.333
0.35
0.744
0.783
2.809
0.98
1.774
1.999
5.334
3.095
1.711
4.465
3.765
2.584
2.037
4.123
2.494
1.994
1.457
0.346
0.393
0.362
0.216
0.243
0.195
0.159
0.167
1.252
3.057
2.871
2.601
2.998
5.574
4.561
4.381
4.762
7.445
4.647
3.6
3.516
3.546
2.746
1.719
1.48
0.659
0.362
0.317
0.413
0.314
0.25
0.475
1.252
3.307
4.638
3.232
2.914
4.454
2.45
2.363
4.062
7.445
5.246
2.723
2.052
2.94
2.746
1.688
0.648
0.601
0.538
0.553
0.487
0.359
0.43
0.743
0.881
1.911
1.654
3.49
3.153
5.217
3.05
1.852
4.465
3.765
3.011
2.04
4.059
2.317
1.918
1.457
0.648
0.569
0.538
0.553
0.487
0.359
0.419
0.709
0.881
1.69
1.836
3.323
2.612
4.415
2.499
1.293
3.134
3.712
2.462
1.476
3.737
2.261
1.938
1.257
0.686
0.573
0.556
0.516
0.49
0.312
0.611
0.628
0.969
2.142
1.997
2.602
2.216
4.477
2.394
1.36
2.25
3.144
2.073
1.664
3.871
2.31
1.914
1.095
0.603
0.565
0.463
0.491
0.416
0.349
0.569
0.556
0.903
2.69
2.571
2.719
2.704
3.295
1.67
1.475
2.011
2.601
1.885
1.608
3.161
2.251
1.284
0.81
0.629
0.479
0.413
0.436
0.387
0.386
0.573
0.524
0.943
2.406
2.344
2.262
2.49
1.658
1.077
1.206
0.758
1.037
1.722
1.642
2.6
1.772
1.116
0.704
1.638
0.816
0.451
0.423
0.535
0.433
0.496
0.662
1.184
3.359
4.638
3.232
2.914
4.454
2.45
2.363
3.138
4.492
5.246
2.588
3.181
1.929
0.996
0.869
1.722
0.816
0.577
0.476
0.535
0.433
0.578
0.662
0.241
1.236
3.242
2.0
1.517
3.259
2.085
1.491
1.043
2.615
2.932
1.403
2.691
1.501
1.251
0.709
0.477
0.393
0.371
0.347
0.366
0.372
0.541
0.64
0.79
2.244
2.072
0.878
1.364
1.066
0.555
1.306
0.873
1.959
1.477
1.715
2.6
1.772
1.133
0.687
0.556
0.482
0.413
0.437
0.4
0.401
0.56
0.848
1.812
2.839
2.325
1.291
1.814
1.586
0.561
1.459
0.97
1.873
1.52
1.609
2.253
1.87
0.987
0.687
0.517
0.44
0.411
0.468
0.383
0.466
0.433
0.848
2.004
3.464
2.292
2.227
2.216
2.12
1.171
1.97
1.901
2.815
1.963
1.527
2.028
2.357
0.95
0.748
0.571
0.512
0.453
0.477
0.447
0.482
0.448
0.687
2.264
3.717
1.836
2.271
2.011
2.573
1.439
1.777
1.984
2.887
2.295
3.155
3.391
3.582
1.15
0.866
0.58
0.532
0.52
0.473
0.544
0.431
0.474
0.71
2.326
4.423
2.459
2.294
2.011
2.573
1.378
2.082
3.08
3.13
3.054
2.919
3.076
3.599
1.672
1.124
0.767
0.752
0.597
0.477
0.623
0.422
0.591
0.464
0.486
1.697
1.272
4.664
4.857
1.83
2.077
1.077
0.972
2.008
4.473
2.485
3.521
2.036
1.543
0.757
0.99
0.692
0.597
0.491
0.72
0.463
0.729
0.673
1.196
2.865
3.171
6.266
5.636
3.383
3.235
1.395
1.266
1.685
5.043
2.715
2.953
2.685
1.543
0.801
0.708
0.578
0.594
0.533
0.578
0.489
0.474
0.645
2.419
4.716
2.575
2.896
2.367
2.397
1.988
2.102
3.204
2.382
2.728
2.604
3.979
3.599
1.828
1.264
0.883
0.593
0.71
0.471
0.578
0.564
0.47
0.475
1.667
4.716
2.565
3.272
2.288
2.15
2.178
2.421
3.447
2.759
2.964
3.124
4.545
4.074
2.168
1.31
0.937
0.593
0.69
0.547
0.568
0.502
0.568
0.464
1.362
4.401
2.737
2.945
2.009
1.843
1.796
1.968
2.618
2.484
3.46
4.316
5.036
4.271
2.288
1.377
0.922
0.614
0.69
0.551
0.544
0.465
0.528
0.427
1.051
3.515
4.005
3.341
2.464
1.613
1.733
1.968
2.777
2.834
3.25
2.785
4.746
3.315
2.387
1.417
0.979
0.693
0.713
0.56
0.506
0.493
0.517
0.582
1.061
3.019
3.981
3.341
2.464
1.613
1.733
2.189
2.607
3.221
2.721
3.201
4.961
3.271
2.041
1.243
0.881
0.692
0.611
0.516
0.72
0.463
0.729
0.655
1.196
2.865
5.678
6.266
6.009
7.617
4.779
2.407
2.767
1.945
6.707
3.859
3.55
2.685
1.963
0.991
1.108
0.644
0.74
0.688
0.626
0.478
0.709
0.758
2.488
3.847
5.678
4.954
4.08
7.617
4.779
2.407
2.767
1.945
5.566
3.439
2.829
2.446
1.658
0.916
0.934
0.688
0.635
0.597
0.507
0.43
0.646
0.497
1.503
2.332
3.936
3.56
2.016
1.626
1.309
1.826
2.416
4.11
4.07
3.939
4.924
3.646
2.511
1.279
0.707
0.664
0.539
0.631
0.514
0.365
0.635
0.717
1.526
2.324
3.808
3.214
1.605
1.486
1.173
1.434
2.09
4.11
5.937
3.515
4.527
3.106
2.187
1.423
0.724
0.71
0.535
0.548
0.566
0.386
0.526
0.739
1.581
2.146
3.664
3.863
2.132
1.664
1.466
1.283
2.169
4.927
5.621
2.838
4.701
3.605
2.272
1.444
0.99
0.768
0.58
0.58
0.548
0.425
0.526
0.97
1.907
2.325
2.193
3.455
1.493
1.34
1.346
1.293
1.914
4.518
5.825
2.891
3.954
3.605
2.385
1.49
1.059
0.682
0.533
0.59
0.5
0.468
0.559
0.744
1.893
2.551
2.018
3.612
2.147
1.346
1.553
1.502
1.195
4.077
5.828
2.608
3.008
3.475
2.416
1.49
0.905
0.599
0.74
0.688
0.608
0.383
0.401
0.508
2.383
3.439
4.855
4.502
4.08
6.155
3.903
4.482
4.52
1.679
5.535
3.31
3.36
2.088
2.088
1.057
0.958
0.751
0.66
0.633
0.608
0.475
0.449
0.548
2.383
3.439
3.023
4.824
3.82
1.925
2.038
3.366
3.629
2.988
2.339
1.364
1.936
1.726
1.358
1.028
1.086
0.66
0.533
0.549
0.468
0.535
0.435
0.96
1.173
2.551
1.718
2.784
2.206
1.547
1.43
1.493
1.161
2.768
4.882
1.871
2.525
3.261
2.04
1.451
1.086
0.685
0.514
0.543
0.507
0.532
0.431
0.755
1.279
2.496
1.555
3.236
2.186
1.515
1.514
1.559
1.248
2.935
2.933
1.872
2.277
3.631
2.346
1.278
1.061
0.601
0.489
0.543
0.457
0.521
0.492
0.879
1.14
1.845
1.356
2.046
1.517
1.102
1.13
1.626
1.115
2.096
2.514
1.571
1.34
2.739
2.221
1.131
0.779
0.426
0.406
0.467
0.419
0.458
0.492
0.676
0.845
1.782
1.363
1.983
1.663
1.063
1.147
2.161
1.259
2.113
2.017
1.519
1.304
3.256
2.057
1.072
0.844
0.732
0.335
0.557
0.381
0.478
0.422
0.718
0.79
1.444
1.465
1.945
1.19
1.035
1.132
1.547
1.06
1.956
1.433
1.364
1.234
3.283
2.055
1.072
0.778
0.662
0.658
0.434
0.596
0.418
0.526
0.475
1.394
2.156
2.944
4.161
2.711
1.925
2.038
3.366
3.629
3.345
2.827
2.714
2.612
2.502
1.434
1.028
0.767
0.663
0.798
0.433
0.764
0.409
0.526
0.536
1.167
1.821
2.713
3.661
2.711
2.101
2.036
3.682
1.897
3.345
1.57
2.449
1.868
2.432
1.089
0.888
0.723
0.644
0.261
0.455
0.318
0.35
0.373
0.468
0.795
1.408
1.768
1.714
0.937
0.747
1.132
1.547
1.06
1.956
1.54
1.429
1.284
3.283
1.985
1.067
0.815
0.658
0.336
0.513
0.298
0.417
0.416
0.459
0.786
2.186
2.136
1.115
0.885
0.777
1.684
2.438
2.382
2.644
2.433
1.947
1.289
3.055
1.71
1.258
1.014
1.033
0.363
0.564
0.335
0.488
0.357
0.442
0.855
2.309
2.136
1.277
1.63
1.315
1.619
2.374
2.483
1.946
2.401
1.697
1.576
2.879
1.59
1.479
1.015
1.166
0.368
0.684
0.41
0.559
0.425
0.571
0.831
2.321
2.501
3.023
1.706
1.651
2.294
2.644
2.467
1.964
2.373
2.011
1.773
2.278
1.524
1.326
0.809
0.954
0.408
0.587
0.477
0.515
0.45
0.667
0.97
2.432
1.96
2.833
1.784
1.815
1.979
2.605
2.549
1.88
2.769
2.633
1.993
2.031
1.413
1.586
0.687
0.543
0.857
0.474
0.746
0.459
0.46
0.561
0.791
1.821
2.832
1.775
2.842
4.36
3.251
4.369
3.152
1.771
1.997
3.265
2.028
3.597
1.475
1.01
0.706
0.649
0.857
0.601
0.801
0.791
0.267
0.563
0.85
2.691
2.832
1.775
2.733
5.095
3.251
4.369
3.426
1.288
1.751
2.323
3.187
3.121
1.475
1.057
0.906
1.107
0.412
0.593
0.518
0.55
0.467
0.68
1.05
2.593
1.859
2.878
2.245
2.337
2.225
2.705
3.068
3.101
2.773
2.665
3.565
2.228
1.41
1.523
1.042
1.106
0.439
0.51
0.559
0.573
0.436
0.794
2.036
2.643
1.832
2.878
2.355
2.337
1.81
1.723
1.795
2.188
2.945
3.512
4.403
2.183
1.426
1.245
1.028
0.745
0.529
0.498
0.559
0.514
0.47
0.791
2.243
2.718
2.091
2.807
1.878
2.552
1.976
2.103
1.827
2.363
4.081
3.512
4.315
2.432
1.561
1.046
1.162
0.691
0.604
0.466
0.547
0.529
0.483
0.769
2.561
3.343
2.191
1.828
1.878
2.369
1.978
2.124
2.001
3.117
5.162
3.497
6.086
3.147
1.565
1.118
1.163
0.665
0.643
0.528
0.529
0.546
0.49
0.771
2.855
3.68
2.191
1.489
1.708
2.258
2.249
2.669
2.65
3.554
5.139
2.934
6.051
3.988
1.907
0.99
0.706
0.73
0.76
0.603
0.618
0.791
0.298
0.563
0.869
2.525
4.265
1.776
4.861
7.863
4.054
2.726
3.426
1.642
4.118
2.771
4.788
4.579
1.611
1.267
0.861
0.73
0.605
0.611
0.618
0.895
0.285
0.524
1.317
3.584
4.063
1.709
5.012
6.403
2.937
2.149
2.367
1.807
4.213
1.923
4.788
2.976
1.175
1.033
1.163
0.463
0.65
0.605
0.515
0.53
0.598
0.869
3.478
3.742
2.003
1.445
1.301
2.021
2.451
3.206
3.28
3.433
5.691
3.493
5.11
3.988
1.967
0.96
1.006
0.624
0.679
0.605
0.512
0.538
0.598
0.937
2.965
3.19
2.13
2.316
1.054
2.194
2.433
3.206
3.28
4.391
4.761
2.945
4.336
5.241
1.755
0.96
0.923
0.624
0.652
0.582
0.546
0.514
0.567
1.247
3.24
3.19
2.124
2.579
0.949
1.806
3.102
3.271
4.115
4.845
3.679
3.084
5.106
5.098
1.728
0.924
0.812
0.717
0.652
0.56
0.546
0.464
0.587
1.247
3.723
2.398
1.512
3.211
1.942
2.298
3.212
3.092
3.916
4.459
3.248
4.502
4.527
5.325
1.818
0.858
0.763
0.69
0.606
0.494
0.535
0.452
0.577
1.212
4.105
1.974
1.772
3.211
1.931
2.298
2.986
2.553
3.212
4.512
3.206
4.502
4.66
4.393
1.495
0.786
0.845
0.671
0.615
0.562
0.538
0.668
0.544
0.471
1.129
2.866
4.76
1.908
6.264
8.518
5.668
3.617
2.483
1.807
4.597
3.897
4.912
4.806
1.88
1.321
0.904
0.593
0.587
0.649
0.397
0.668
0.655
0.471
1.22
2.41
2.81
2.15
5.015
4.683
4.692
4.358
2.483
1.706
2.753
3.303
2.633
2.886
2.141
1.063
0.757
0.721
0.603
0.434
0.499
0.478
0.465
1.105
4.06
2.151
1.669
3.202
2.711
3.289
2.794
1.93
2.608
3.615
2.64
4.015
4.187
4.273
1.433
0.825
0.683
0.623
0.465
0.427
0.646
0.626
0.912
0.999
4.444
2.46
1.76
3.452
2.754
2.959
2.573
1.791
2.846
3.413
2.803
3.284
4.196
2.992
1.346
0.832
0.603
0.623
0.39
0.484
0.581
0.632
0.918
0.984
4.444
2.46
1.439
3.369
2.657
2.802
2.524
2.203
2.782
3.622
2.534
2.988
3.342
2.741
1.254
0.851
0.6
0.496
0.373
0.479
0.533
0.632
0.859
1.03
4.151
3.191
1.873
3.437
2.291
2.637
2.205
2.582
3.424
4.506
2.355
1.457
2.746
1.793
1.249
0.975
0.564
0.491
0.434
0.597
0.48
0.701
0.885
1.416
3.438
3.53
1.875
3.525
2.233
3.212
2.321
3.219
3.424
5.19
2.715
1.312
3.56
2.447
1.148
0.942
0.768
0.527
0.704
0.668
0.384
0.453
0.667
0.703
1.072
0.697
2.884
2.15
4.229
4.663
5.04
4.358
1.712
2.015
2.907
3.49
4.279
3.2
2.141
1.16
0.759
0.487
0.647
0.668
0.372
0.382
0.549
0.611
1.068
2.093
2.118
2.848
1.858
1.456
2.221
2.867
2.125
2.27
2.018
1.19
2.706
1.465
1.74
0.753
0.529
0.438
0.392
0.593
0.517
0.728
0.887
1.416
3.159
3.149
2.237
3.525
1.704
1.817
2.029
3.547
3.65
6.348
2.942
1.844
3.624
2.447
1.148
0.86
0.469
0.374
0.368
0.563
0.251
0.486
0.389
1.324
2.535
4.405
2.127
2.679
1.659
2.143
2.455
3.576
4.314
6.348
2.502
1.928
3.689
2.322
1.41
0.89
0.531
0.427
0.348
0.458
0.243
0.421
0.34
0.997
2.424
4.524
2.425
2.769
1.745
2.057
2.336
3.061
4.045
6.168
3.94
2.329
3.773
2.546
1.241
0.821
0.529
0.45
0.4
0.438
0.243
0.443
0.334
1.081
2.424
4.068
2.675
1.455
0.981
1.762
2.021
2.119
3.732
5.635
3.48
2.312
3.186
2.582
1.402
0.684
0.554
0.47
0.426
0.461
0.313
0.342
0.355
0.667
2.706
4.327
2.685
1.406
1.26
1.19
1.872
1.876
3.732
4.955
3.046
2.83
2.109
2.114
1.499
0.693
0.569
0.458
0.584
0.409
0.334
0.268
0.42
0.592
0.67
2.137
2.523
2.661
2.469
1.432
2.398
1.501
2.125
2.27
2.386
1.43
2.87
1.552
1.42
0.787
0.337
0.458
0.386
0.335
0.333
0.309
0.271
0.356
0.391
3.048
4.177
3.666
2.901
1.718
3.125
2.362
2.395
1.917
1.77
1.626
2.321
1.354
1.289
0.682
0.597
0.478
0.469
0.433
0.347
0.369
0.353
0.705
2.844
4.902
2.918
1.83
1.348
1.443
1.919
1.605
3.399
4.34
3.369
2.638
2.252
2.114
1.499
0.65
0.593
0.478
0.492
0.416
0.347
0.375
0.344
0.705
2.431
3.726
3.5
2.881
1.398
1.265
1.565
1.285
2.449
4.34
3.468
2.367
2.023
1.972
1.458
0.597
0.51
0.422
0.492
0.516
0.337
0.459
0.317
0.666
2.092
3.726
3.509
3.613
2.449
1.401
0.956
1.339
2.936
4.415
2.059
2.284
2.521
2.333
1.554
0.728
0.499
0.441
0.493
0.616
0.366
0.479
0.386
0.543
2.706
3.662
3.204
3.613
2.561
2.024
1.348
1.749
3.013
4.042
1.901
2.394
2.428
2.159
1.265
0.75
0.463
0.425
0.412
0.486
0.371
0.483
0.327
0.512
2.328
3.21
3.156
4.068
2.473
2.024
1.925
2.204
3.319
3.861
2.146
2.079
3.486
1.861
1.019
0.653
0.595
0.68
0.585
0.412
0.333
0.309
0.246
0.356
0.277
1.499
4.177
4.356
4.321
2.768
3.309
3.36
2.838
1.618
2.702
1.722
2.951
2.657
1.128
0.682
0.513
0.545
0.585
0.412
0.326
0.318
0.263
0.335
0.276
2.171
4.223
4.356
3.902
3.298
3.309
3.36
2.838
3.297
2.452
1.722
2.951
3.482
1.443
0.671
0.385
0.356
0.353
0.471
0.266
0.379
0.269
0.446
2.08
3.672
2.744
3.483
2.202
1.883
1.925
2.198
3.147
2.964
1.72
1.699
3.459
1.871
1.092
0.699
0.395
0.317
0.325
0.471
0.284
0.389
0.282
0.598
2.897
4.126
1.718
2.735
2.537
2.097
2.885
2.668
3.147
2.964
1.607
1.795
4.024
1.959
0.872
0.667
0.411
0.331
0.329
0.341
0.346
0.352
0.29
0.587
3.203
4.126
1.578
2.035
1.916
2.08
3.25
2.934
3.391
2.265
1.564
1.367
4.399
1.315
0.811
0.554
0.397
0.299
0.31
0.238
0.315
0.334
0.255
0.771
2.923
3.957
1.9
2.181
1.831
1.923
3.484
2.562
2.934
2.084
1.468
1.283
4.399
1.531
0.971
0.534
0.383
0.254
0.256
0.187
0.254
0.261
0.241
1.076
2.923
3.665
1.898
1.665
2.902
2.667
3.385
2.003
2.731
2.084
1.614
1.011
4.08
1.716
1.117
0.629
0.513
0.607
0.631
0.419
0.313
0.306
0.331
0.192
0.436
3.864
3.305
3.692
4.991
3.298
1.775
2.453
2.777
3.052
2.712
2.783
2.415
3.798
1.293
0.775
0.437
0.544
0.479
0.378
0.314
0.415
0.331
0.194
0.534
3.864
3.305
3.517
5.386
2.569
1.334
1.143
1.773
3.052
1.852
2.735
1.708
3.407
1.293
0.775
0.349
0.254
0.293
0.155
0.245
0.285
0.256
1.076
2.921
2.547
2.531
2.332
3.097
2.667
3.385
2.003
2.74
1.485
1.843
1.802
4.788
2.241
1.793
0.93
0.386
0.314
0.275
0.203
0.244
0.266
0.285
0.926
2.396
1.414
2.531
1.803
2.788
2.791
2.677
1.503
2.74
1.476
2.048
3.276
5.11
3.153
1.806
0.968
0.476
0.302
0.241
0.246
0.196
0.198
0.285
0.922
2.181
1.525
2.619
1.497
2.63
2.529
2.456
2.242
1.643
3.145
2.861
3.707
4.159
3.153
1.864
0.968
0.423
0.311
0.258
0.311
0.284
0.26
0.268
0.684
2.308
1.359
2.334
1.789
2.939
2.22
1.678
2.207
1.672
4.238
3.258
3.973
4.159
2.963
1.675
0.908
0.504
0.353
0.296
0.344
0.309
0.346
0.331
0.336
2.308
1.487
2.155
2.312
2.153
2.406
2.34
2.742
2.691
4.567
3.023
4.567
3.498
3.776
1.634
0.798
0.401
0.544
0.479
0.378
0.314
0.415
0.242
0.194
0.811
3.132
2.282
3.517
5.386
2.912
1.81
2.229
1.572
1.047
1.626
3.028
1.96
3.434
1.242
0.74
0.477
0.526
0.429
0.264
0.198
0.308
0.156
0.306
0.61
0.825
1.129
2.897
4.553
2.79
2.212
2.736
1.771
1.076
2.388
1.654
1.508
1.958
1.199
0.588
0.507
0.38
0.308
0.344
0.357
0.349
0.436
0.64
2.519
1.509
1.718
1.696
1.947
2.758
2.34
2.719
2.839
5.284
2.789
4.149
2.523
3.232
0.895
0.51
0.529
0.395
0.393
0.363
0.37
0.411
0.499
0.8
2.462
1.696
1.718
1.696
2.4
2.887
2.157
2.996
3.646
5.783
3.423
3.274
1.793
2.711
1.187
0.474
0.467
0.467
0.453
0.424
0.37
0.503
0.556
0.895
3.64
1.647
1.204
2.261
2.183
2.887
1.917
1.872
3.44
4.459
2.921
4.231
1.991
2.735
1.178
0.475
0.467
0.445
0.53
0.389
0.36
0.502
0.701
0.869
3.549
1.643
0.905
1.825
2.02
3.564
2.481
2.305
4.545
3.759
2.695
4.231
2.261
3.195
1.36
0.475
0.446
0.413
0.53
0.37
0.341
0.438
0.696
1.026
3.549
2.045
1.132
1.342
1.597
3.067
1.349
2.038
4.503
4.605
2.695
3.587
2.702
2.477
1.466
0.491
0.467
0.374
0.519
0.464
0.218
0.296
0.349
0.372
0.938
2.921
4.953
2.697
3.272
4.119
6.126
2.736
2.968
1.12
3.512
2.043
1.9
2.248
1.19
0.841
0.467
0.341
0.451
0.462
0.218
0.272
0.412
0.372
0.613
3.02
4.953
2.697
3.132
3.442
6.245
2.173
2.968
1.29
3.512
1.745
1.38
1.341
0.905
0.841
0.51
0.461
0.489
0.342
0.311
0.442
0.603
0.861
3.083
2.027
1.282
2.389
1.654
2.807
1.52
2.038
3.959
4.235
2.407
3.731
2.702
2.477
1.466
0.473
0.45
0.435
0.439
0.384
0.327
0.387
0.53
0.723
2.891
2.119
2.019
3.25
2.359
3.189
1.804
2.829
3.795
4.043
2.262
3.631
2.849
1.901
1.249
0.559
0.486
0.412
0.34
0.289
0.336
0.29
0.489
0.829
1.533
2.348
2.856
3.385
2.863
3.814
2.683
3.102
3.808
4.331
3.263
3.26
2.574
2.114
1.281
0.623
0.55
0.394
0.204
0.281
0.289
0.203
0.273
0.84
1.315
2.348
3.666
3.741
2.734
3.212
2.096
2.555
2.608
4.174
3.092
3.667
2.223
1.544
1.309
0.623
0.545
0.393
0.218
0.298
0.283
0.196
0.247
0.811
1.139
1.625
3.617
3.741
2.734
2.848
2.09
2.602
1.43
2.887
3.517
3.771
1.957
1.105
1.062
0.619
0.469
0.369
0.429
0.462
0.22
0.272
0.412
0.327
0.613
3.115
6.187
2.806
3.132
3.442
6.245
1.797
2.963
1.306
5.012
3.513
3.741
1.929
0.945
0.786
1.012
0.359
0.333
0.263
0.152
0.181
0.265
0.314
0.236
1.474
2.215
1.1
1.986
1.535
1.668
1.297
1.502
1.306
4.107
3.096
3.323
1.92
0.892
0.474
1.012
0.376
0.219
0.298
0.273
0.161
0.206
0.689
0.913
1.289
3.266
2.553
3.089
3.42
2.149
2.824
1.808
3.279
3.826
3.771
2.356
1.055
1.062
0.696
0.579
0.379
0.183
0.203
0.252
0.141
0.176
0.669
0.831
1.453
3.045
2.348
1.929
3.312
2.032
1.971
1.288
2.509
3.337
3.708
2.002
1.16
1.596
0.686
0.645
0.344
0.183
0.2
0.228
0.142
0.163
0.424
0.571
0.971
2.245
2.057
1.359
3.172
1.826
2.426
1.702
2.092
3.029
2.888
1.899
0.908
1.726
0.873
0.728
0.375
0.226
0.171
0.214
0.156
0.202
0.348
0.453
1.851
1.921
2.117
1.736
3.396
2.015
2.426
2.663
2.769
3.863
2.405
2.041
1.746
1.917
1.003
0.718
0.386
0.248
0.196
0.214
0.162
0.195
0.222
0.759
2.543
1.977
2.117
1.736
3.396
2.462
3.382
2.663
2.686
3.366
1.941
1.812
1.947
2.059
1.196
0.778
0.369
0.448
0.251
0.152
0.192
0.204
0.296
0.431
1.134
2.383
1.332
1.156
1.164
1.034
1.299
1.502
1.777
3.993
5.171
4.534
2.335
0.925
0.584
0.984
0.983
0.448
0.251
0.14
0.192
0.204
0.25
0.431
2.843
1.893
0.841
1.156
1.229
1.178
1.483
2.686
3.056
3.272
4.991
3.151
1.765
1.093
0.946
0.436
0.375
0.302
0.255
0.189
0.173
0.225
0.191
0.815
2.776
2.185
2.086
1.278
3.06
2.511
3.786
2.615
2.049
2.924
2.827
1.893
1.947
3.366
1.501
0.9
0.38
0.356
0.257
0.173
0.19
0.232
0.219
0.859
2.685
2.299
2.132
1.268
2.548
2.89
4.288
2.982
2.643
3.654
3.118
2.058
2.109
3.108
1.599
0.985
0.423
0.392
0.32
0.171
0.182
0.232
0.254
1.066
2.978
2.516
3.378
2.1
2.358
2.671
4.768
3.301
4.479
3.408
3.261
2.167
2.218
3.31
1.501
0.895
0.435
0.415
0.335
0.174
0.18
0.202
0.284
1.066
3.14
2.264
3.556
2.222
2.786
2.671
4.768
2.571
3.779
2.639
3.968
2.206
1.597
3.663
1.531
0.855
0.446
0.415
0.298
0.18
0.182
0.206
0.299
0.774
2.976
2.893
3.76
2.446
2.88
2.765
4.239
2.966
4.788
3.44
4.454
2.224
2.254
3.663
1.48
0.885
0.968
0.408
0.202
0.174
0.174
0.189
0.185
0.39
2.673
2.998
2.543
2.074
3.878
2.023
1.483
2.709
4.079
3.898
4.991
3.824
2.074
1.632
1.176
0.508
0.944
0.309
0.288
0.216
0.157
0.16
0.155
0.23
2.582
3.901
5.152
2.883
4.473
2.929
1.514
2.709
4.079
3.898
3.209
3.616
1.678
1.632
1.176
0.743
0.609
0.55
0.437
0.355
0.347
0.358
0.388
0.738
2.976
3.04
3.805
2.446
2.797
2.723
4.205
3.027
5.014
3.694
3.373
1.965
2.254
2.583
1.226
0.819
0.698
0.526
0.435
0.35
0.346
0.359
0.396
0.847
3.125
2.591
3.254
3.398
2.972
2.822
4.402
2.673
5.39
3.819
3.42
1.997
3.333
2.963
1.121
0.694
0.668
0.463
0.376
0.347
0.345
0.375
0.406
0.965
4.208
2.444
1.593
2.536
3.082
3.023
3.516
2.231
4.044
4.143
4.346
2.673
3.97
2.844
1.2
0.701
0.658
0.458
0.38
0.355
0.39
0.4
0.416
0.972
3.485
2.036
1.305
2.845
2.623
2.911
2.988
2.13
4.044
4.409
3.789
2.96
4.625
2.373
1.129
0.708
0.66
0.457
0.389
0.361
0.39
0.403
0.418
1.114
3.789
1.842
1.682
2.471
2.504
2.181
2.644
1.605
3.093
4.175
3.702
3.596
4.308
2.132
1.1
0.616
0.333
0.348
0.371
0.216
0.176
0.16
0.156
0.259
1.092
4.412
5.276
2.995
6.224
4.508
1.409
1.428
3.026
2.474
3.356
3.151
2.035
1.618
1.067
0.803
0.336
0.357
0.371
0.214
0.189
0.194
0.191
0.259
1.092
4.412
5.787
3.99
4.901
4.508
2.134
2.919
1.799
2.702
3.536
1.74
1.756
1.511
1.193
0.803
0.501
0.321
0.197
0.184
0.225
0.242
0.35
1.101
3.521
2.643
1.549
2.457
2.504
1.962
2.644
1.253
2.828
4.739
3.664
3.596
4.308
2.15
1.14
0.656
0.436
0.371
0.247
0.2
0.221
0.242
0.35
1.048
3.591
3.125
2.369
2.181
2.877
1.303
1.911
1.622
3.261
4.592
3.607
3.575
3.14
1.54
1.156
0.846
0.439
0.371
0.249
0.201
0.231
0.26
0.353
0.798
2.502
3.238
2.978
2.689
2.951
1.438
2.244
2.582
3.111
4.224
2.585
3.222
2.458
1.702
1.427
0.888
0.439
0.321
0.228
0.19
0.195
0.27
0.345
0.784
2.679
3.512
2.728
2.489
2.952
1.835
2.703
3.804
3.758
4.187
2.74
3.172
2.015
1.64
1.539
0.991
0.437
0.338
0.219
0.184
0.209
0.304
0.346
0.684
2.732
3.537
2.485
2.758
2.993
2.612
2.663
4.045
4.11
4.165
2.599
2.288
2.075
1.684
1.572
1.071
0.336
0.357
0.338
0.282
0.189
0.19
0.205
0.224
1.465
4.592
4.773
3.99
4.901
3.668
2.024
2.919
2.504
5.633
4.623
2.694
2.392
1.511
1.189
0.843
0.785
0.486
0.354
0.305
0.186
0.276
0.264
0.243
0.606
3.687
3.047
3.349
2.393
1.565
2.064
2.834
2.504
5.633
3.331
2.42
2.065
1.471
1.189
0.782
0.469
0.302
0.219
0.185
0.218
0.336
0.343
0.673
3.55
2.858
2.607
2.758
2.993
2.612
2.839
4.045
4.11
3.438
2.57
2.12
2.036
1.684
1.57
1.053
0.439
0.254
0.164
0.165
0.218
0.344
0.342
0.618
2.973
2.545
1.883
1.951
2.216
2.557
2.839
3.536
2.698
2.746
2.225
2.905
2.168
1.709
1.636
0.908
0.423
0.251
0.156
0.16
0.211
0.344
0.326
0.566
2.598
2.231
1.171
1.529
1.617
1.779
2.142
2.27
2.244
2.824
2.131
2.445
2.823
1.341
1.297
0.934
0.397
0.239
0.149
0.157
0.2
0.338
0.325
0.559
3.34
1.697
0.941
1.395
1.045
1.612
2.378
1.419
1.759
2.544
1.965
2.421
3.073
1.645
1.474
0.835
0.454
0.351
0.196
0.143
0.186
0.328
0.32
0.492
2.548
1.076
0.813
1.216
0.761
0.885
1.762
1.393
1.283
2.108
1.421
2.421
2.972
1.882
1.562
0.759
0.769
0.45
0.375
0.305
0.176
0.327
0.313
0.256
0.607
2.84
1.147
1.769
1.406
1.395
1.302
1.356
2.21
4.893
4.065
3.707
2.018
1.384
0.858
0.693
0.91
0.487
0.375
0.216
0.194
0.327
0.313
0.276
0.289
0.683
1.527
1.608
2.046
2.78
2.144
1.356
1.321
1.68
2.496
2.42
1.082
1.139
0.531
0.308
0.42
0.37
0.243
0.135
0.165
0.317
0.312
0.487
1.59
0.514
0.526
1.292
0.773
0.843
2.054
1.559
1.42
2.416
1.378
2.412
2.972
1.994
1.678
0.785
0.424
0.362
0.243
0.139
0.17
0.311
0.3
0.288
1.563
1.59
0.932
2.368
0.899
0.883
2.637
1.559
1.42
2.317
1.378
1.674
2.811
2.018
1.744
0.917
0.447
0.41
0.242
0.141
0.168
0.318
0.313
0.281
1.461
1.708
0.944
2.368
0.899
0.822
2.632
1.561
1.297
1.694
1.201
1.612
2.188
2.018
1.744
0.931
0.457
0.467
0.291
0.135
0.181
0.316
0.296
0.287
0.58
1.693
0.967
1.71
0.914
0.543
1.858
1.042
0.892
1.214
0.945
1.451
1.714
1.602
1.57
1.049
0.428
0.313
0.237
0.133
0.178
0.316
0.286
0.372
0.617
1.877
1.074
1.648
0.844
0.52
1.9
0.777
0.793
1.312
1.723
1.451
1.367
1.368
1.493
1.049
0.434
0.308
0.364
0.191
0.191
0.326
0.307
0.302
0.495
0.683
1.918
1.307
2.046
2.78
1.942
1.264
1.277
1.546
2.496
2.99
2.082
1.245
0.938
0.527
0.479
0.308
0.353
0.191
0.191
0.296
0.284
0.304
0.491
0.626
2.375
0.742
2.034
2.81
2.609
1.501
2.567
2.263
1.555
1.977
2.239
1.358
1.225
0.719
0.42
0.269
0.193
0.127
0.186
0.315
0.279
0.368
0.621
1.877
1.045
1.54
1.065
0.786
1.443
0.674
0.645
1.132
2.291
1.855
1.271
1.191
1.345
1.032
0.436
0.338
0.214
0.127
0.182
0.313
0.297
1.226
1.445
1.264
0.67
1.499
1.675
1.791
1.761
1.584
1.204
1.182
2.525
1.778
1.166
1.776
2.299
0.891
0.44
0.324
0.225
0.144
0.184
0.273
0.304
2.225
2.346
2.562
1.981
1.438
1.7
1.798
1.917
2.996
2.927
2.066
3.552
2.721
1.618
2.243
2.19
0.837
0.445
0.285
0.208
0.182
0.194
0.25
0.314
2.235
2.581
3.028
1.974
1.468
1.932
3.355
3.065
3.762
3.019
2.112
4.91
3.922
2.211
2.446
2.12
0.708
0.425
0.345
0.238
0.19
0.188
0.221
0.325
2.152
2.877
2.97
1.653
1.525
1.993
3.355
3.119
4.538
3.048
3.28
4.34
4.004
2.527
2.501
2.893
0.773
0.44
0.26
0.253
0.166
0.179
0.258
0.297
0.396
0.536
2.619
8.247
3.026
2.32
2.105
1.882
1.654
2.608
4.383
3.27
2.516
2.239
2.25
2.41
0.719
0.571
0.43
0.276
0.145
0.2
0.187
0.296
0.414
0.36
2.998
8.823
4.795
3.675
3.017
3.377
3.8
3.603
4.383
4.875
2.516
1.502
2.25
2.41
0.588
0.433
0.385
0.264
0.209
0.178
0.189
0.335
2.168
3.223
3.434
2.256
2.12
1.72
3.693
3.338
4.538
5.438
4.468
3.872
3.667
2.882
2.574
3.653
0.897
0.424
0.385
0.287
0.209
0.178
0.192
0.334
1.316
2.63
3.17
2.51
2.592
1.021
2.988
2.879
5.091
6.049
5.676
3.925
3.829
4.01
2.104
2.645
0.955
0.423
0.415
0.287
0.207
0.177
0.19
0.312
0.333
1.818
3.444
1.819
3.109
1.992
3.877
3.653
4.262
5.414
5.284
3.145
3.19
4.239
3.132
2.861
1.063
0.42
0.415
0.287
0.181
0.164
0.176
0.282
0.336
1.517
3.276
1.865
3.405
2.094
3.896
2.972
3.989
5.792
6.363
1.829
3.279
4.245
3.106
2.861
1.063
0.421
0.449
0.306
0.202
0.166
0.166
0.245
0.336
1.133
3.246
2.093
4.342
3.004
3.896
3.337
3.553
6.418
5.689
1.737
3.312
4.22
3.113
2.237
0.982
0.571
0.446
0.357
0.236
0.2
0.187
0.281
0.414
1.573
4.127
8.823
4.864
4.816
4.373
3.242
3.51
2.504
4.907
4.875
2.885
1.353
2.673
2.726
0.457
0.565
0.483
0.39
0.263
0.204
0.188
0.228
0.339
1.569
2.462
3.62
4.392
4.816
4.373
3.242
5.27
2.504
3.409
4.377
2.045
1.349
1.896
1.324
0.52
0.41
0.448
0.273
0.186
0.165
0.155
0.198
0.318
0.455
2.665
2.703
4.462
3.594
3.832
3.655
4.35
5.166
5.143
2.948
3.686
4.028
4.666
1.788
0.987
0.454
0.471
0.315
0.186
0.165
0.144
0.179
0.297
0.432
2.941
3.729
4.539
3.594
3.812
3.655
2.98
4.636
5.267
3.21
3.641
2.673
4.562
1.76
0.863
0.456
0.49
0.364
0.256
0.163
0.144
0.187
0.288
0.547
2.835
4.244
4.681
3.548
3.209
3.628
2.614
4.277
5.179
3.943
4.095
2.937
4.673
2.432
0.923
0.414
0.482
0.425
0.26
0.157
0.136
0.173
0.272
0.562
2.841
5.099
5.114
4.82
2.889
3.707
2.343
4.277
3.697
3.92
2.833
2.736
6.307
2.49
0.997
0.373
0.405
0.396
0.25
0.161
0.155
0.176
0.24
0.566
2.827
5.099
4.718
4.24
3.125
3.039
2.401
3.576
4.049
4.184
2.811
3.481
6.464
2.494
1.167
