0.0
0.0
0.0
0.0
0.0
0.0
0.0
0.0
0.0
0.0
0.0
0.0
0.0
0.0
0.0
0.0
0.0
0.0
0.0
0.0
0.0
0.0
0.0
0.0
0.0
0.0
0.0
0.0
0.0
0.0
0.0
0.0
0.0
0.0
0.0
0.0
0.0
0.0
0.0
0.0
0.0
0.0
0.0
0.0
0.0
0.0
0.0
0.0
0.0
0.0
0.0
0.0
0.0
0.0
0.0
0.0
0.0
0.0
0.0
0.0
0.0
0.0
0.0
0.0
0.0
0.0
0.0
0.0
0.0
0.0
0.0
0.0
0.0
0.0
0.0
0.0
0.0
0.0
0.0
0.0
0.0
0.0
0.0
0.0
0.0
0.0
0.0
0.0
0.0
0.0
0.0
0.0
0.0
0.0
0.0
0.0
0.0
0.0
0.0
0.0
0.0
0.0
0.0
0.0
0.0
0.0
0.0
0.0
0.0
0.0
0.0
0.0
0.0
0.0
0.0
0.0
0.0
0.0
0.0
0.0
0.0
0.0
0.0
0.0
0.0
0.0
0.0
0.0
0.0
0.0
0.0
0.0
0.0
0.0
0.0
0.0
0.0
0.0
0.0
0.0
0.0
0.0
0.0
0.0
0.0
0.0
0.0
0.0
0.0
0.0
0.0
0.0
0.0
0.0
0.0
0.0
0.0
0.0
0.0
0.0
0.0
0.0
0.0
0.0
0.0
0.0
0.0
0.0
0.0
0.0
0.0
0.0
0.0
0.0
0.0
0.0
0.0
0.0
0.0
0.0
0.0
0.0
0.0
0.0
0.0
0.0
0.0
0.0
0.0
0.0
0.0
0.0
0.0
0.0
0.0
0.0
0.0
0.0
0.0
0.0
0.0
0.0
0.0
0.0
0.0
0.0
0.0
0.0
0.0
0.0
0.0
0.0
0.0
0.0
0.0
0.0
0.0
0.0
0.0
0.0
0.0
0.0
0.0
0.0
0.0
0.0
0.0
0.0
0.0
0.0
0.0
0.0
0.0
0.0
0.0
0.0
0.0
0.0
0.0
0.0
0.0
0.0
0.0
0.0
0.0
0.0
0.0
0.0
0.0
0.0
0.0
0.0
0.0
0.0
0.0
0.0
0.0
0.0
0.0
0.0
0.0
0.0
0.0
0.0
0.0
0.0
0.0
0.0
0.0
0.0
0.0
0.0
0.0
0.0
0.0
0.0
0.0
0.0
0.0
0.0
0.0
0.0
0.0
0.0
0.0
0.0
0.0
0.0
0.0
0.0
0.0
0.0
0.0
0.0
0.0
0.0
0.0
0.0
0.0
0.0
0.0
0.0
0.0
0.0
0.0
0.0
0.0
0.0
0.0
0.0
0.0
0.0
0.0
0.0
0.0
0.0
0.0
0.0
0.0
0.0
0.0
0.0
0.0
0.0
0.0
0.0
0.0
0.0
0.0
0.0
0.0
0.0
0.0
0.0
0.0
0.0
0.0
0.0
0.0
0.0
0.0
0.0
0.0
0.0
0.0
0.0
0.0
0.0
0.0
0.0
0.0
0.0
0.0
0.0
0.0
0.0
0.0
0.0
0.0
0.0
0.0
0.0
0.0
0.0
0.0
0.0
0.0
0.0
0.0
0.0
0.0
0.0
0.0
0.0
0.0
0.0
0.0
0.0
0.0
0.0
0.0
0.0
0.0
0.0
0.0
0.0
0.0
0.0
0.0
0.0
0.0
0.0
0.0
0.0
0.0
0.0
0.0
0.0
0.0
0.0
0.0
0.0
0.0
0.0
0.0
0.0
0.0
0.0
0.0
0.0
0.0
0.0
0.0
0.0
0.0
0.0
0.0
0.0
0.0
0.0
0.0
0.0
0.0
0.0
0.0
0.0
0.0
0.0
0.0
0.0
0.0
0.0
0.0
0.0
0.0
0.0
0.0
0.0
0.0
0.0
0.0
0.0
0.0
0.0
0.0
0.0
0.0
0.0
0.0
0.0
0.0
0.0
0.0
0.0
0.0
0.0
0.0
0.0
0.0
0.0
0.0
0.0
0.0
0.0
0.0
0.0
0.0
0.0
0.0
0.0
0.0
0.0
0.0
0.0
0.0
0.0
0.0
0.0
0.0
0.0
0.0
0.0
0.0
0.0
0.0
0.0
0.0
0.0
0.0
0.0
0.0
0.0
0.0
0.0
0.0
0.0
0.0
0.0
0.0
0.0
0.0
0.0
0.0
0.0
0.0
0.0
0.0
0.0
0.0
0.0
0.0
0.0
0.0
0.0
0.0
0.0
0.0
0.0
0.0
0.0
0.0
0.0
0.0
0.0
0.0
0.0
0.0
0.0
0.0
0.0
0.0
0.0
0.0
0.0
0.0
0.0
0.0
0.0
0.0
0.0
0.0
0.0
0.0
0.0
0.0
0.0
0.0
0.0
0.0
0.0
0.0
0.0
0.0
0.0
0.0
0.0
0.0
0.0
0.0
0.0
0.0
0.0
0.0
0.0
0.0
0.0
0.0
0.0
0.0
0.0
0.0
0.0
0.0
0.0
0.0
0.0
0.0
0.0
0.0
0.0
0.0
0.0
0.0
0.0
0.0
0.0
0.0
0.0
0.0
0.0
0.0
0.0
0.0
0.0
0.0
0.0
0.0
0.0
0.0
0.0
0.0
0.0
0.0
0.0
0.0
0.0
0.0
0.0
0.0
0.0
0.0
0.0
0.0
0.0
0.0
0.0
0.0
0.0
0.0
0.0
0.0
0.0
0.0
0.0
0.0
0.0
0.0
0.0
0.0
0.0
0.0
0.0
0.0
0.0
0.0
0.0
0.0
0.0
0.0
0.0
0.0
0.0
0.0
0.0
0.0
0.0
0.0
0.0
0.0
0.0
0.0
0.0
0.0
0.0
0.0
0.0
0.0
0.0
0.0
0.0
0.0
0.0
0.0
0.0
0.0
0.0
0.0
0.0
0.0
0.0
0.0
0.0
0.0
0.0
0.0
0.0
0.0
0.0
0.0
0.0
0.0
0.0
0.0
0.0
0.0
0.0
0.0
0.0
0.0
0.0
0.0
0.0
0.0
0.0
0.0
0.0
0.0
0.0
0.0
0.0
0.0
0.0
0.0
0.0
0.0
0.0
0.0
0.0
0.0
0.0
0.0
0.0
0.0
0.0
0.0
0.0
0.0
0.0
0.0
0.0
0.0
0.0
0.0
0.0
0.0
0.0
0.0
0.0
0.0
0.0
0.0
0.0
0.0
0.0
0.0
0.0
0.0
0.0
0.0
0.0
0.0
0.0
0.0
0.0
0.0
0.0
0.0
0.0
0.0
0.0
0.0
0.0
0.0
0.0
0.0
0.0
0.0
0.0
0.0
0.0
0.0
0.0
0.0
0.0
0.0
0.0
0.0
0.0
0.0
0.0
0.0
0.0
0.0
0.0
0.0
0.0
0.0
0.0
0.0
0.0
0.0
0.0
0.0
0.0
0.0
0.0
0.0
0.0
0.0
0.0
0.0
0.0
0.0
0.0
0.0
0.0
0.0
0.0
0.0
0.0
0.0
0.0
0.0
0.0
0.0
0.0
0.0
0.0
0.0
0.0
0.0
0.0
0.0
0.0
0.0
0.0
0.0
0.0
0.0
0.0
0.0
0.0
0.0
0.0
0.0
0.0
0.0
0.0
0.0
0.0
0.0
0.0
0.0
0.0
0.0
0.0
0.0
0.0
0.0
0.0
0.0
0.207
0.165
0.224
0.14
0.219
0.122
0.382
0.37
0.382
0.224
0.35
0.566
0.25
0.311
0.213
0.225
0.284
0.289
0.289
0.328
0.286
0.307
0.317
0.198
0.216
0.167
0.219
0.146
0.217
0.121
0.401
0.274
0.478
0.217
0.388
0.475
0.278
0.218
0.262
0.217
0.291
0.291
0.283
0.302
0.316
0.294
0.328
0.196
0.219
0.167
0.218
0.146
0.224
0.115
0.417
0.226
0.464
0.186
0.42
0.429
0.285
0.173
0.283
0.207
0.305
0.265
0.283
0.324
0.327
0.291
0.333
0.199
0.227
0.156
0.233
0.133
0.238
0.109
0.244
0.175
0.484
0.164
0.427
0.323
0.308
0.142
0.289
0.186
0.343
0.221
0.326
0.288
0.352
0.29
0.333
0.243
0.166
0.251
0.109
0.262
0.121
0.246
0.157
0.202
0.477
0.449
0.305
0.275
0.293
0.201
0.284
0.323
0.398
0.221
0.31
0.247
0.317
0.327
0.345
0.243
0.229
0.251
0.173
0.249
0.177
0.214
0.16
0.397
0.477
0.295
0.242
0.429
0.227
0.217
0.244
0.255
0.361
0.228
0.357
0.247
0.395
0.327
0.363
0.21
0.224
0.184
0.233
0.164
0.231
0.14
0.235
0.269
0.425
0.196
0.295
0.388
0.305
0.157
0.289
0.201
0.357
0.214
0.314
0.289
0.358
0.29
0.334
0.203
0.203
0.179
0.215
0.163
0.229
0.133
0.241
0.252
0.465
0.167
0.317
0.296
0.296
0.15
0.286
0.212
0.294
0.251
0.268
0.291
0.352
0.309
0.313
0.231
0.177
0.202
0.189
0.184
0.206
0.158
0.213
0.342
0.371
0.174
0.305
0.29
0.297
0.175
0.255
0.22
0.294
0.228
0.282
0.303
0.35
0.303
0.315
0.231
0.175
0.202
0.181
0.188
0.188
0.171
0.187
0.423
0.376
0.197
0.27
0.354
0.26
0.195
0.219
0.234
0.293
0.226
0.351
0.258
0.356
0.284
0.331
0.209
0.182
0.196
0.173
0.191
0.166
0.179
0.153
0.475
0.334
0.235
0.241
0.377
0.23
0.214
0.207
0.233
0.253
0.247
0.328
0.274
0.337
0.272
0.331
0.21
0.237
0.174
0.228
0.196
0.201
0.214
0.17
0.471
0.398
0.295
0.258
0.429
0.23
0.23
0.217
0.255
0.268
0.248
0.298
0.285
0.315
0.375
0.302
0.241
0.237
0.192
0.228
0.184
0.201
0.195
0.17
0.536
0.649
0.264
0.327
0.426
0.302
0.201
0.21
0.206
0.281
0.271
0.298
0.335
0.321
0.355
0.301
0.192
0.201
0.168
0.185
0.16
0.177
0.15
0.173
0.379
0.439
0.19
0.262
0.296
0.252
0.233
0.202
0.268
0.218
0.273
0.304
0.356
0.298
0.308
0.299
0.16
0.234
0.133
0.223
0.141
0.201
0.145
0.18
0.379
0.344
0.287
0.254
0.387
0.262
0.268
0.204
0.26
0.222
0.254
0.335
0.355
0.313
0.301
0.298
0.163
0.234
0.137
0.223
0.152
0.201
0.164
0.174
0.415
0.317
0.319
0.225
0.415
0.23
0.281
0.194
0.283
0.192
0.292
0.326
0.374
0.286
0.321
0.277
0.182
0.219
0.142
0.223
0.144
0.213
0.155
0.18
0.328
0.341
0.348
0.213
0.388
0.23
0.309
0.217
0.287
0.212
0.291
0.3
0.398
0.27
0.346
0.264
0.212
0.199
0.159
0.219
0.135
0.23
0.137
0.195
0.316
0.336
0.332
0.213
0.395
0.225
0.309
0.21
0.296
0.212
0.294
0.296
0.398
0.281
0.346
0.267
0.241
0.213
0.192
0.241
0.184
0.214
0.182
0.19
0.45
0.649
0.567
0.327
0.298
0.302
0.245
0.221
0.276
0.203
0.281
0.203
0.335
0.233
0.355
0.299
0.248
0.195
0.219
0.218
0.193
0.21
0.182
0.193
0.342
0.769
0.567
0.239
0.45
0.274
0.263
0.221
0.276
0.227
0.281
0.208
0.394
0.271
0.306
0.323
0.204
0.2
0.157
0.21
0.148
0.204
0.166
0.166
0.447
0.24
0.335
0.208
0.395
0.219
0.305
0.187
0.268
0.209
0.292
0.296
0.348
0.299
0.322
0.281
0.228
0.167
0.18
0.176
0.176
0.178
0.181
0.152
0.447
0.335
0.242
0.214
0.301
0.208
0.273
0.178
0.268
0.19
0.318
0.257
0.378
0.29
0.335
0.281
0.23
0.165
0.173
0.176
0.162
0.194
0.158
0.172
0.403
0.372
0.218
0.23
0.275
0.212
0.276
0.166
0.268
0.195
0.309
0.231
0.372
0.303
0.321
0.283
0.209
0.179
0.173
0.181
0.164
0.185
0.167
0.163
0.493
0.323
0.207
0.234
0.281
0.279
0.254
0.132
0.254
0.174
0.321
0.198
0.4
0.303
0.319
0.278
0.206
0.169
0.178
0.179
0.166
0.185
0.167
0.166
0.494
0.343
0.208
0.234
0.285
0.284
0.235
0.172
0.251
0.216
0.321
0.213
0.4
0.293
0.319
0.279
0.193
0.225
0.128
0.257
0.111
0.219
0.124
0.203
0.159
0.578
0.55
0.184
0.448
0.198
0.304
0.208
0.259
0.219
0.222
0.223
0.395
0.266
0.324
0.323
0.201
0.225
0.131
0.255
0.12
0.219
0.14
0.203
0.184
0.578
0.232
0.184
0.453
0.216
0.291
0.176
0.19
0.208
0.263
0.223
0.436
0.313
0.324
0.337
0.247
0.153
0.202
0.177
0.178
0.185
0.158
0.166
0.369
0.597
0.247
0.263
0.288
0.412
0.237
0.174
0.257
0.234
0.318
0.239
0.39
0.293
0.336
0.27
0.216
0.171
0.191
0.176
0.186
0.17
0.173
0.16
0.371
0.608
0.257
0.293
0.303
0.412
0.253
0.177
0.313
0.294
0.279
0.241
0.381
0.29
0.344
0.264
0.19
0.187
0.168
0.204
0.163
0.18
0.175
0.151
0.317
0.662
0.257
0.291
0.303
0.423
0.248
0.174
0.316
0.295
0.276
0.26
0.373
0.303
0.342
0.261
0.205
0.158
0.197
0.16
0.199
0.157
0.184
0.154
0.225
0.748
0.23
0.287
0.276
0.353
0.264
0.187
0.303
0.325
0.247
0.298
0.315
0.333
0.319
0.289
0.195
0.163
0.207
0.135
0.235
0.121
0.191
0.143
0.145
0.748
0.211
0.306
0.241
0.372
0.264
0.188
0.315
0.306
0.284
0.266
0.354
0.315
0.33
0.279
0.174
0.225
0.123
0.255
0.155
0.206
0.203
0.142
0.206
0.527
0.238
0.248
0.321
0.261
0.266
0.186
0.197
0.161
0.276
0.192
0.385
0.315
0.304
0.311
0.19
0.205
0.168
0.211
0.174
0.196
0.203
0.173
0.206
0.508
0.226
0.224
0.374
0.261
0.197
0.174
0.196
0.216
0.276
0.253
0.355
0.341
0.256
0.33
0.16
0.198
0.171
0.178
0.204
0.15
0.184
0.157
0.239
0.671
0.18
0.287
0.245
0.23
0.333
0.206
0.338
0.306
0.28
0.271
0.343
0.322
0.326
0.276
0.161
0.191
0.18
0.169
0.213
0.15
0.184
0.158
0.239
0.642
0.157
0.241
0.22
0.24
0.315
0.206
0.287
0.257
0.304
0.269
0.342
0.322
0.329
0.276
0.177
0.18
0.213
0.136
0.237
0.133
0.193
0.158
0.26
0.615
0.143
0.25
0.25
0.246
0.277
0.204
0.267
0.264
0.308
0.247
0.361
0.306
0.337
0.284
0.17
0.208
0.179
0.18
0.211
0.158
0.185
0.156
0.274
0.584
0.154
0.25
0.458
0.264
0.279
0.212
0.302
0.256
0.311
0.247
0.397
0.306
0.341
0.292
0.15
0.233
0.156
0.204
0.192
0.173
0.189
0.152
0.376
0.554
0.204
0.216
0.531
0.265
0.307
0.228
0.302
0.278
0.296
0.287
0.391
0.324
0.372
0.297
0.214
0.18
0.202
0.161
0.229
0.149
0.226
0.178
0.172
0.512
0.226
0.318
0.392
0.228
0.28
0.161
0.227
0.177
0.26
0.279
0.281
0.352
0.233
0.271
0.214
0.221
0.202
0.229
0.196
0.223
0.165
0.23
0.129
0.575
0.211
0.361
0.392
0.241
0.276
0.233
0.262
0.312
0.259
0.358
0.307
0.373
0.324
0.275
0.176
0.2
0.173
0.193
0.182
0.182
0.186
0.149
0.29
0.41
0.233
0.199
0.575
0.324
0.231
0.298
0.362
0.278
0.319
0.281
0.401
0.34
0.374
0.322
0.192
0.193
0.183
0.193
0.184
0.182
0.187
0.152
0.29
0.431
0.251
0.293
0.575
0.333
0.263
0.344
0.377
0.302
0.332
0.314
0.397
0.355
0.36
0.354
0.175
0.221
0.144
0.236
0.148
0.221
0.16
0.177
0.329
0.424
0.259
0.456
0.699
0.384
0.267
0.529
0.393
0.289
0.352
0.32
0.418
0.355
0.398
0.332
0.217
0.191
0.193
0.191
0.198
0.189
0.193
0.162
0.34
0.446
0.259
0.495
0.49
0.384
0.24
0.529
0.384
0.278
0.379
0.296
0.427
0.338
0.418
0.327
0.236
0.175
0.202
0.194
0.185
0.212
0.164
0.198
0.3
0.46
0.228
0.495
0.488
0.383
0.268
0.52
0.384
0.257
0.396
0.279
0.442
0.335
0.426
0.329
0.257
0.2
0.245
0.182
0.266
0.162
0.243
0.174
0.191
0.56
0.254
0.424
0.33
0.327
0.319
0.319
0.262
0.314
0.259
0.397
0.322
0.39
0.348
0.243
0.231
0.252
0.194
0.239
0.221
0.201
0.233
0.17
0.226
0.541
0.318
0.424
0.388
0.327
0.236
0.324
0.252
0.385
0.225
0.404
0.322
0.39
0.384
0.273
0.257
0.161
0.228
0.166
0.221
0.18
0.189
0.189
0.38
0.456
0.184
0.535
0.456
0.355
0.284
0.474
0.33
0.272
0.4
0.298
0.442
0.331
0.426
0.344
0.252
0.187
0.192
0.208
0.178
0.21
0.169
0.192
0.38
0.41
0.217
0.42
0.555
0.355
0.282
0.447
0.314
0.267
0.4
0.273
0.43
0.334
0.437
0.315
0.291
0.152
0.232
0.164
0.217
0.165
0.208
0.16
0.328
0.427
0.225
0.254
0.463
0.338
0.3
0.288
0.333
0.27
0.385
0.273
0.431
0.328
0.43
0.323
0.289
0.159
0.214
0.175
0.191
0.183
0.181
0.183
0.319
0.418
0.223
0.237
0.464
0.339
0.3
0.252
0.331
0.287
0.377
0.286
0.409
0.346
0.4
0.318
0.256
0.178
0.199
0.19
0.185
0.187
0.181
0.173
0.323
0.399
0.247
0.23
0.426
0.339
0.306
0.263
0.374
0.276
0.37
0.288
0.401
0.352
0.365
0.318
0.295
0.159
0.259
0.145
0.25
0.147
0.233
0.145
0.226
0.483
0.318
0.393
0.388
0.383
0.262
0.314
0.233
0.335
0.295
0.404
0.358
0.359
0.364
0.249
0.266
0.193
0.216
0.185
0.189
0.185
0.182
0.211
0.168
0.487
0.724
0.371
0.411
0.365
0.243
0.276
0.504
0.323
0.375
0.356
0.442
0.352
0.38
0.312
0.236
0.178
0.193
0.191
0.179
0.19
0.176
0.177
0.236
0.43
0.261
0.216
0.426
0.371
0.301
0.248
0.344
0.271
0.37
0.275
0.417
0.339
0.393
0.273
0.262
0.17
0.196
0.189
0.177
0.191
0.176
0.179
0.235
0.427
0.258
0.223
0.376
0.365
0.304
0.238
0.344
0.291
0.37
0.327
0.417
0.36
0.372
0.292
0.233
0.169
0.198
0.19
0.164
0.202
0.147
0.193
0.196
0.45
0.233
0.251
0.363
0.357
0.295
0.265
0.302
0.332
0.343
0.379
0.388
0.369
0.365
0.272
0.233
0.163
0.206
0.187
0.171
0.2
0.151
0.194
0.2
0.433
0.245
0.26
0.361
0.341
0.312
0.265
0.299
0.307
0.357
0.376
0.397
0.36
0.376
0.285
0.242
0.149
0.214
0.182
0.173
0.197
0.151
0.187
0.155
0.448
0.256
0.26
0.375
0.351
0.294
0.275
0.303
0.311
0.359
0.391
0.39
0.369
0.387
0.313
0.266
0.184
0.216
0.197
0.181
0.216
0.138
0.239
0.095
0.506
0.65
0.395
0.311
0.379
0.275
0.238
0.544
0.256
0.377
0.271
0.442
0.352
0.381
0.336
0.223
0.184
0.176
0.202
0.138
0.226
0.105
0.242
0.089
0.486
0.74
0.395
0.349
0.289
0.289
0.231
0.58
0.282
0.377
0.382
0.438
0.426
0.381
0.404
0.237
0.167
0.2
0.193
0.17
0.197
0.163
0.186
0.184
0.42
0.259
0.244
0.375
0.311
0.294
0.29
0.287
0.313
0.335
0.397
0.383
0.369
0.391
0.301
0.228
0.163
0.2
0.188
0.17
0.209
0.161
0.198
0.175
0.42
0.258
0.363
0.347
0.302
0.286
0.285
0.283
0.303
0.337
0.391
0.383
0.356
0.391
0.301
0.218
0.184
0.178
0.195
0.169
0.197
0.179
0.168
0.261
0.382
0.27
0.305
0.408
0.285
0.317
0.244
0.311
0.268
0.359
0.372
0.372
0.38
0.376
0.341
0.188
0.21
0.151
0.222
0.147
0.214
0.171
0.172
0.261
0.371
0.272
0.285
0.469
0.326
0.324
0.244
0.284
0.304
0.335
0.374
0.385
0.38
0.353
0.335
0.147
0.229
0.155
0.205
0.183
0.184
0.209
0.152
0.327
0.332
0.255
0.285
0.45
0.308
0.321
0.234
0.237
0.316
0.317
0.391
0.371
0.401
0.328
0.34
0.21
0.23
0.153
0.223
0.132
0.227
0.106
0.242
0.089
0.491
0.306
0.373
0.316
0.335
0.289
0.251
0.352
0.282
0.36
0.379
0.416
0.374
0.378
0.403
0.245
0.199
0.22
0.21
0.191
0.227
0.179
0.242
0.169
0.446
0.366
0.304
0.375
0.284
0.262
0.239
0.317
0.272
0.379
0.379
0.446
0.374
0.397
0.399
0.286
0.248
0.146
0.213
0.179
0.189
0.201
0.163
0.31
0.319
0.277
0.285
0.455
0.316
0.321
0.233
0.239
0.316
0.308
0.391
0.358
0.401
0.326
0.34
0.122
0.247
0.148
0.208
0.179
0.181
0.201
0.175
0.306
0.295
0.285
0.198
0.449
0.357
0.31
0.241
0.247
0.3
0.345
0.355
0.39
0.399
0.329
0.347
0.169
0.247
0.163
0.208
0.194
0.173
0.213
0.167
0.255
0.306
0.311
0.204
0.348
0.35
0.297
0.236
0.237
0.283
0.361
0.325
0.407
0.367
0.377
0.325
0.233
0.215
0.187
0.171
0.222
0.146
0.237
0.336
0.306
0.299
0.316
0.206
0.264
0.354
0.261
0.297
0.316
0.243
0.374
0.334
0.395
0.363
0.41
0.323
0.285
0.192
0.195
0.167
0.21
0.16
0.216
0.355
0.236
0.324
0.335
0.211
0.25
0.37
0.276
0.297
0.317
0.236
0.4
0.315
0.415
0.334
0.418
0.325
0.339
0.164
0.228
0.19
0.22
0.175
0.231
0.169
0.231
0.413
0.583
0.306
0.345
0.313
0.294
0.24
0.211
0.244
0.379
0.364
0.446
0.335
0.397
0.247
0.286
0.202
0.228
0.21
0.22
0.2
0.231
0.183
0.231
0.372
0.583
0.282
0.345
0.354
0.279
0.257
0.211
0.289
0.345
0.452
0.373
0.429
0.351
0.391
0.276
0.164
0.211
0.16
0.209
0.171
0.205
0.372
0.223
0.31
0.382
0.219
0.22
0.381
0.295
0.273
0.325
0.219
0.4
0.337
0.415
0.376
0.403
0.374
0.339
0.179
0.211
0.166
0.209
0.167
0.205
0.355
0.226
0.299
0.395
0.238
0.297
0.402
0.331
0.248
0.353
0.215
0.414
0.331
0.417
0.357
0.407
0.371
0.33
0.191
0.204
0.174
0.201
0.171
0.192
0.355
0.212
0.313
0.382
0.248
0.3
0.414
0.316
0.252
0.336
0.245
0.395
0.367
0.409
0.388
0.364
0.399
0.274
0.218
0.17
0.198
0.169
0.198
0.166
0.191
0.163
0.32
0.382
0.248
0.325
0.45
0.316
0.232
0.265
0.267
0.402
0.359
0.417
0.395
0.374
0.399
0.301
0.205
0.177
0.194
0.171
0.194
0.162
0.192
0.147
0.32
0.352
0.271
0.313
0.45
0.335
0.257
0.258
0.274
0.37
0.393
0.402
0.394
0.394
0.384
0.301
0.333
0.138
0.268
0.145
0.259
0.164
0.249
0.18
0.372
0.57
0.297
0.27
0.393
0.296
0.3
0.174
0.284
0.258
0.452
0.279
0.46
0.268
0.393
0.23
0.333
0.096
0.268
0.09
0.266
0.095
0.262
0.102
0.312
0.368
0.297
0.214
0.411
0.24
0.3
0.2
0.292
0.327
0.376
0.352
0.46
0.315
0.393
0.297
0.236
0.149
0.223
0.163
0.187
0.174
0.173
0.172
0.309
0.344
0.252
0.341
0.442
0.328
0.245
0.264
0.271
0.346
0.413
0.387
0.362
0.388
0.377
0.317
0.205
0.183
0.192
0.195
0.165
0.192
0.16
0.173
0.311
0.301
0.286
0.256
0.53
0.285
0.277
0.219
0.293
0.322
0.413
0.386
0.362
0.396
0.366
0.331
0.182
0.184
0.186
0.185
0.171
0.173
0.174
0.318
0.387
0.269
0.304
0.229
0.518
0.281
0.29
0.245
0.27
0.363
0.386
0.394
0.319
0.381
0.323
0.331
0.183
0.182
0.177
0.185
0.149
0.184
0.143
0.338
0.305
0.292
0.362
0.27
0.532
0.28
0.25
0.239
0.293
0.329
0.41
0.383
0.332
0.351
0.346
0.301
0.193
0.174
0.181
0.186
0.145
0.192
0.133
0.359
0.233
0.388
0.34
0.309
0.524
0.249
0.229
0.281
0.275
0.383
0.379
0.381
0.358
0.303
0.392
0.266
0.299
0.156
0.257
0.167
0.251
0.177
0.239
0.173
0.214
0.508
0.277
0.316
0.422
0.265
0.338
0.2
0.252
0.271
0.276
0.343
0.406
0.31
0.327
0.288
0.258
0.156
0.238
0.159
0.235
0.168
0.22
0.165
0.192
0.508
0.263
0.291
0.422
0.305
0.256
0.242
0.252
0.412
0.307
0.384
0.386
0.317
0.382
0.288
0.186
0.191
0.151
0.2
0.13
0.199
0.128
0.358
0.314
0.342
0.332
0.286
0.576
0.23
0.259
0.258
0.296
0.421
0.372
0.381
0.38
0.319
0.391
0.25
0.187
0.185
0.151
0.198
0.13
0.213
0.115
0.363
0.288
0.413
0.242
0.302
0.455
0.251
0.238
0.257
0.281
0.398
0.4
0.348
0.423
0.289
0.399
0.21
0.204
0.17
0.162
0.195
0.13
0.213
0.108
0.226
0.175
0.414
0.241
0.342
0.465
0.23
0.259
0.233
0.316
0.37
0.408
0.354
0.423
0.33
0.399
0.26
0.178
0.185
0.142
0.201
0.127
0.209
0.124
0.206
0.206
0.414
0.269
0.275
0.4
0.217
0.268
0.217
0.292
0.376
0.393
0.362
0.402
0.367
0.378
0.275
0.176
0.183
0.16
0.191
0.156
0.195
0.163
0.18
0.25
0.332
0.302
0.24
0.412
0.205
0.268
0.191
0.299
0.373
0.393
0.385
0.369
0.394
0.342
0.303
0.221
0.174
0.185
0.206
0.16
0.229
0.125
0.224
0.124
0.5
0.344
0.294
0.327
0.305
0.329
0.221
0.247
0.262
0.353
0.31
0.399
0.303
0.328
0.219
0.221
0.165
0.227
0.13
0.243
0.159
0.201
0.194
0.148
0.289
0.412
0.257
0.216
0.466
0.207
0.314
0.261
0.408
0.353
0.385
0.399
0.393
0.341
0.306
0.154
0.194
0.153
0.195
0.157
0.192
0.168
0.177
0.176
0.347
0.332
0.233
0.38
0.21
0.27
0.196
0.331
0.335
0.402
0.397
0.354
0.427
0.301
0.351
0.154
0.197
0.153
0.184
0.162
0.17
0.181
0.145
0.195
0.307
0.349
0.208
0.385
0.211
0.269
0.227
0.331
0.368
0.361
0.411
0.62
0.427
0.308
0.351
0.172
0.197
0.172
0.175
0.183
0.153
0.196
0.134
0.196
0.311
0.349
0.152
0.382
0.222
0.27
0.234
0.329
0.376
0.377
0.407
0.618
0.406
0.319
0.324
0.199
0.167
0.199
0.15
0.204
0.134
0.207
0.128
0.195
0.311
0.331
0.162
0.382
0.257
0.251
0.275
0.3
0.41
0.353
0.407
0.618
0.396
0.323
0.322
0.208
0.166
0.189
0.156
0.19
0.145
0.194
0.129
0.186
0.321
0.326
0.162
0.362
0.242
0.273
0.263
0.324
0.38
0.375
0.386
0.621
0.396
0.316
0.354
0.173
0.213
0.187
0.196
0.191
0.208
0.165
0.201
0.141
0.2
0.431
0.334
0.276
0.397
0.308
0.276
0.263
0.273
0.334
0.356
0.318
0.393
0.229
0.404
0.16
0.214
0.187
0.187
0.224
0.16
0.208
0.161
0.182
0.235
0.684
0.352
0.341
0.389
0.228
0.327
0.263
0.41
0.272
0.423
0.273
0.407
0.302
0.421
0.208
0.18
0.178
0.162
0.19
0.146
0.194
0.125
0.186
0.338
0.308
0.147
0.343
0.237
0.294
0.262
0.317
0.38
0.355
0.388
0.606
0.393
0.316
0.357
0.227
0.15
0.202
0.151
0.193
0.151
0.181
0.149
0.17
0.32
0.317
0.174
0.4
0.328
0.347
0.248
0.344
0.352
0.381
0.377
0.323
0.403
0.297
0.378
0.215
0.154
0.197
0.151
0.19
0.151
0.174
0.155
0.164
0.34
0.299
0.198
0.365
0.341
0.288
0.24
0.346
0.326
0.378
0.377
0.36
0.403
0.335
0.378
0.224
0.154
0.196
0.153
0.187
0.155
0.172
0.155
0.17
0.349
0.262
0.184
0.386
0.309
0.325
0.183
0.373
0.284
0.403
0.334
0.395
0.365
0.369
0.358
0.238
0.137
0.212
0.143
0.195
0.153
0.167
0.165
0.205
0.342
0.253
0.209
0.384
0.351
0.299
0.208
0.357
0.301
0.403
0.33
0.408
0.345
0.387
0.315
0.221
0.214
0.184
0.187
0.207
0.16
0.216
0.123
0.211
0.283
0.684
0.603
0.341
0.258
0.277
0.292
0.239
0.333
0.286
0.379
0.328
0.328
0.385
0.421
0.257
0.141
0.25
0.144
0.207
0.166
0.216
0.175
0.211
0.335
0.619
0.599
0.401
0.258
0.241
0.292
0.231
0.402
0.286
0.438
0.432
0.328
0.434
0.347
0.246
0.095
0.226
0.102
0.222
0.12
0.202
0.139
0.236
0.302
0.279
0.226
0.398
0.351
0.285
0.221
0.373
0.345
0.391
0.353
0.408
0.357
0.394
0.294
0.243
0.126
0.226
0.133
0.222
0.105
0.226
0.103
0.25
0.367
0.227
0.225
0.302
0.273
0.23
0.259
0.346
0.362
0.397
0.329
0.453
0.356
0.394
0.298
0.24
0.168
0.196
0.161
0.215
0.103
0.246
0.089
0.25
0.378
0.227
0.23
0.291
0.299
0.273
0.244
0.361
0.389
0.364
0.377
0.431
0.361
0.394
0.273
0.233
0.191
0.162
0.205
0.199
0.119
0.248
0.081
0.265
0.38
0.223
0.23
0.272
0.301
0.259
0.252
0.315
0.406
0.314
0.427
0.41
0.404
0.364
0.286
0.214
0.202
0.164
0.197
0.216
0.107
0.251
0.073
0.282
0.379
0.23
0.216
0.282
0.292
0.27
0.261
0.309
0.407
0.308
0.438
0.416
0.4
0.389
0.292
0.279
0.13
0.25
0.196
0.201
0.212
0.188
0.196
0.213
0.335
0.422
0.608
0.384
0.302
0.241
0.288
0.167
0.339
0.292
0.424
0.432
0.302
0.445
0.179
0.289
0.117
0.259
0.196
0.17
0.212
0.132
0.235
0.153
0.436
0.35
0.343
0.384
0.305
0.244
0.267
0.165
0.385
0.307
0.424
0.48
0.293
0.455
0.23
0.201
0.235
0.12
0.234
0.199
0.113
0.256
0.072
0.277
0.42
0.205
0.233
0.253
0.326
0.239
0.281
0.225
0.408
0.308
0.426
0.429
0.364
0.419
0.269
0.186
0.234
0.12
0.237
0.19
0.138
0.242
0.099
0.276
0.626
0.259
0.24
0.314
0.37
0.269
0.248
0.296
0.408
0.364
0.426
0.398
0.346
0.438
0.248
0.198
0.218
0.115
0.258
0.156
0.181
0.203
0.129
0.265
0.637
0.264
0.298
0.453
0.369
0.237
0.266
0.284
0.378
0.412
0.411
0.398
0.386
0.384
0.3
0.178
0.211
0.15
0.207
0.197
0.161
0.197
0.15
0.23
0.689
0.235
0.324
0.441
0.387
0.232
0.262
0.29
0.348
0.444
0.371
0.424
0.339
0.439
0.281
0.202
0.228
0.112
0.259
0.15
0.19
0.179
0.153
0.218
0.689
0.255
0.324
0.514
0.403
0.244
0.227
0.331
0.366
0.46
0.343
0.442
0.385
0.42
0.281
0.289
0.17
0.185
0.254
0.119
0.243
0.132
0.207
0.159
0.362
0.471
0.343
0.312
0.344
0.268
0.267
0.186
0.334
0.411
0.356
0.436
0.306
0.441
0.285
0.264
0.218
0.185
0.244
0.145
0.22
0.151
0.207
0.166
0.404
0.391
0.284
0.312
0.344
0.29
0.266
0.257
0.412
0.411
0.381
0.436
0.331
0.411
0.33
0.223
0.228
0.165
0.253
0.119
0.23
0.182
0.153
0.202
0.701
0.248
0.426
0.522
0.403
0.332
0.188
0.364
0.314
0.475
0.346
0.454
0.397
0.392
0.314
0.248
0.21
0.192
0.239
0.115
0.244
0.183
0.148
0.214
0.437
0.231
0.382
0.486
0.332
0.292
0.277
0.314
0.363
0.446
0.361
0.445
0.388
0.411
0.299
0.259
0.209
0.19
0.239
0.129
0.222
0.208
0.119
0.246
0.401
0.237
0.303
0.338
0.336
0.292
0.302
0.301
0.378
0.453
0.322
0.459
0.347
0.418
0.293
0.259
0.239
0.181
0.239
0.125
0.234
0.19
0.146
0.246
0.36
0.276
0.251
0.409
0.288
0.265
0.305
0.298
0.415
0.438
0.346
0.444
0.347
0.414
0.29
0.258
0.228
0.186
0.237
0.117
0.236
0.181
0.148
0.2
0.373
0.295
0.255
0.353
0.236
0.25
0.339
0.276
0.406
0.421
0.37
0.426
0.299
0.434
0.299
0.262
0.218
0.188
0.244
0.12
0.247
0.124
0.243
0.166
0.372
0.391
0.227
0.394
0.299
0.316
0.236
0.257
0.347
0.367
0.451
0.36
0.381
0.366
0.33
0.225
0.193
0.24
0.192
0.196
0.195
0.178
0.218
0.164
0.372
0.346
0.285
0.394
0.269
0.3
0.281
0.274
0.373
0.338
0.451
0.38
0.381
0.364
0.301
0.275
0.197
0.145
0.25
0.118
0.228
0.145
0.158
0.214
0.31
0.381
0.128
0.35
0.262
0.167
0.381
0.244
0.441
0.386
0.373
0.403
0.308
0.434
0.28
0.234
0.229
0.14
0.219
0.174
0.198
0.166
0.16
0.2
0.303
0.392
0.204
0.372
0.297
0.184
0.337
0.255
0.412
0.355
0.345
0.423
0.318
0.416
0.286
0.221
0.225
0.14
0.21
0.16
0.223
0.127
0.181
0.165
0.311
0.392
0.179
0.385
0.27
0.249
0.301
0.262
0.412
0.321
0.374
0.381
0.361
0.404
0.259
0.261
0.194
0.117
0.255
0.117
0.205
0.177
0.147
0.171
0.354
0.372
0.23
0.36
0.319
0.257
0.306
0.323
0.413
0.325
0.355
0.395
0.358
0.376
0.284
0.212
0.213
0.127
0.223
0.162
0.169
0.212
0.137
0.17
0.396
0.319
0.272
0.354
0.341
0.258
0.285
0.334
0.384
0.36
0.333
0.405
0.366
0.347
0.312
0.225
0.196
0.24
0.173
0.208
0.164
0.206
0.218
0.163
0.357
0.288
0.307
0.367
0.31
0.255
0.31
0.235
0.276
0.393
0.361
0.46
0.354
0.38
0.299
0.179
0.205
0.187
0.203
0.208
0.182
0.206
0.202
0.163
0.334
0.299
0.317
0.297
0.31
0.201
0.31
0.343
0.288
0.399
0.289
0.46
0.333
0.38
0.354
0.158
0.244
0.124
0.215
0.183
0.143
0.237
0.121
0.179
0.396
0.294
0.305
0.338
0.35
0.258
0.284
0.334
0.367
0.37
0.301
0.456
0.333
0.379
0.295
0.171
0.218
0.125
0.215
0.17
0.143
0.256
0.098
0.205
0.417
0.279
0.274
0.303
0.332
0.261
0.287
0.325
0.385
0.35
0.348
0.427
0.363
0.358
0.336
0.142
0.241
0.12
0.214
0.177
0.123
0.256
0.08
0.235
0.379
0.239
0.274
0.314
0.332
0.237
0.313
0.292
0.423
0.333
0.349
0.465
0.313
0.392
0.325
0.132
0.241
0.136
0.191
0.177
0.151
0.23
0.132
0.235
0.37
0.26
0.258
0.281
0.295
0.256
0.333
0.285
0.374
0.388
0.427
0.438
0.346
0.376
0.343
0.147
0.235
0.16
0.187
0.197
0.16
0.223
0.154
0.226
0.38
0.252
0.26
0.281
0.286
0.309
0.351
0.264
0.395
0.394
0.436
0.412
0.389
0.387
0.312
0.179
0.276
0.113
0.203
0.152
0.19
0.23
0.147
0.254
0.334
0.297
0.26
0.309
0.361
0.235
0.285
0.258
0.263
0.379
0.381
0.403
0.402
0.341
0.355
0.163
0.291
0.133
0.228
0.161
0.229
0.221
0.192
0.266
0.376
0.35
0.258
0.346
0.273
0.235
0.329
0.301
0.308
0.411
0.381
0.372
0.402
0.296
0.391
0.206
0.244
0.172
0.175
0.24
0.156
0.215
0.198
0.185
0.433
0.205
0.241
0.298
0.249
0.327
0.327
0.303
0.361
0.405
0.436
0.373
0.418
0.345
0.36
0.223
0.279
0.158
0.197
0.246
0.156
0.221
0.198
0.183
0.461
0.193
0.254
0.495
0.299
0.375
0.327
0.303
0.375
0.505
0.405
0.413
0.401
0.342
0.379
0.244
0.248
0.207
0.175
0.257
0.187
0.204
0.223
0.158
0.461
0.31
0.244
0.49
0.322
0.375
0.342
0.303
0.354
0.505
0.388
0.388
0.401
0.339
0.379
0.233
0.258
0.193
0.198
0.257
0.17
0.223
0.186
0.198
0.426
0.341
0.228
0.526
0.327
0.365
0.405
0.257
0.385
0.464
0.323
0.411
0.361
0.38
0.328
0.233
0.267
0.15
0.212
0.227
0.166
0.226
0.168
0.187
0.415
0.341
0.217
0.526
0.294
0.336
0.355
0.281
0.406
0.427
0.307
0.439
0.319
0.345
0.342
0.112
0.299
0.12
0.231
0.185
0.164
0.244
0.116
0.272
0.335
0.358
0.352
0.321
0.366
0.228
0.38
0.185
0.311
0.363
0.397
0.4
0.384
0.385
0.346
0.148
0.299
0.194
0.231
0.185
0.224
0.243
0.175
0.268
0.38
0.358
0.328
0.478
0.251
0.201
0.38
0.19
0.372
0.363
0.311
0.401
0.288
0.421
0.335
0.186
0.227
0.184
0.204
0.171
0.205
0.199
0.143
0.221
0.368
0.339
0.185
0.571
0.314
0.293
0.404
0.232
0.422
0.415
0.288
0.448
0.332
0.334
0.333
0.194
0.185
0.216
0.198
0.13
0.25
0.152
0.145
0.229
0.289
0.397
0.17
0.377
0.342
0.216
0.407
0.238
0.402
0.342
0.281
0.427
0.352
0.326
0.314
0.191
0.168
0.205
0.192
0.133
0.225
0.152
0.152
0.204
0.373
0.297
0.184
0.375
0.314
0.264
0.396
0.237
0.433
0.344
0.275
0.426
0.349
0.29
0.307
0.19
0.155
0.214
0.186
0.125
0.23
0.146
0.152
0.203
0.301
0.339
0.185
0.363
0.318
0.229
0.316
0.221
0.41
0.348
0.256
0.439
0.352
0.279
0.338
0.178
0.154
0.214
0.187
0.112
0.23
0.144
0.147
0.231
0.287
0.343
0.18
0.354
0.369
0.19
0.316
0.179
0.368
0.359
0.25
0.438
0.337
0.316
0.346
0.189
0.275
0.191
0.182
0.213
0.188
0.244
0.172
0.21
0.346
0.326
0.381
0.787
0.385
0.234
0.327
0.215
0.341
0.328
0.338
0.395
0.344
0.421
0.311
0.189
0.254
0.168
0.184
0.184
0.17
0.231
0.172
0.179
0.319
0.29
0.284
0.787
0.373
0.194
0.3
0.215
0.372
0.342
0.295
0.44
0.35
0.356
0.311
0.186
0.184
0.172
0.194
0.145
0.186
0.181
0.139
0.204
0.315
0.314
0.208
0.304
0.383
0.189
0.276
0.174
0.33
0.367
0.248
0.447
0.29
0.342
0.324
0.168
0.186
0.174
0.164
0.187
0.149
0.182
0.158
0.165
0.427
0.232
0.317
0.313
0.302
0.185
0.245
0.163
0.326
0.373
0.285
0.443
0.236
0.371
0.259
0.172
0.186
0.146
0.186
0.165
0.152
0.182
0.155
0.206
0.4
0.229
0.322
0.31
0.302
0.199
0.212
0.193
0.277
0.373
0.311
0.443
0.286
0.371
0.3
0.154
0.188
0.159
0.145
0.199
0.111
0.203
0.151
0.227
0.4
0.139
0.353
0.321
0.33
0.199
0.236
0.218
0.292
0.382
0.309
0.439
0.284
0.37
0.293
0.144
0.188
0.159
0.15
0.187
0.127
0.182
0.151
0.297
0.35
0.15
0.351
0.345
0.323
0.181
0.276
0.218
0.319
0.367
0.328
0.439
0.288
0.364
0.304
0.169
0.254
0.057
0.235
0.184
0.151
0.231
0.142
0.185
0.255
0.329
0.313
0.666
0.373
0.365
0.253
0.231
0.29
0.342
0.363
0.387
0.438
0.287
0.297
0.146
0.251
0.044
0.235
0.136
0.151
0.229
0.089
0.21
0.29
0.652
0.353
0.349
0.303
0.251
0.296
0.257
0.439
0.314
0.342
0.483
0.349
0.367
0.249
0.126
0.185
0.168
0.137
0.194
0.129
0.168
0.161
0.282
0.31
0.196
0.357
0.383
0.316
0.174
0.285
0.236
0.323
0.369
0.328
0.431
0.301
0.369
0.309
0.133
0.206
0.115
0.18
0.163
0.132
0.189
0.132
0.321
0.366
0.246
0.274
0.383
0.344
0.151
0.321
0.231
0.327
0.355
0.305
0.439
0.302
0.366
0.309
0.113
0.221
0.087
0.202
0.169
0.109
0.206
0.079
0.31
0.369
0.27
0.29
0.418
0.344
0.106
0.35
0.255
0.327
0.381
0.307
0.439
0.302
0.366
0.312
0.124
0.221
0.105
0.202
0.171
0.122
0.189
0.109
0.246
0.447
0.27
0.259
0.418
0.303
0.167
0.321
0.293
0.307
0.37
0.344
0.393
0.354
0.333
0.339
0.18
0.187
0.14
0.205
0.171
0.141
0.184
0.114
0.242
0.448
0.257
0.259
0.438
0.294
0.192
0.32
0.31
0.275
0.388
0.329
0.383
0.367
0.317
0.357
0.183
0.228
0.049
0.256
0.088
0.194
0.168
0.117
0.197
0.29
0.749
0.353
0.312
0.272
0.319
0.28
0.257
0.388
0.289
0.354
0.426
0.335
0.423
0.227
0.152
0.218
0.085
0.221
0.166
0.136
0.232
0.075
0.197
0.361
0.749
0.364
0.315
0.272
0.111
0.281
0.2
0.451
0.29
0.324
0.426
0.247
0.428
0.225
0.18
0.176
0.153
0.191
0.172
0.143
0.172
0.135
0.236
0.448
0.265
0.263
0.423
0.278
0.226
0.285
0.343
0.265
0.381
0.354
0.345
0.394
0.285
0.385
0.163
0.182
0.152
0.19
0.163
0.158
0.152
0.152
0.224
0.339
0.245
0.208
0.519
0.222
0.226
0.251
0.343
0.271
0.375
0.398
0.297
0.411
0.261
0.385
0.188
0.151
0.207
0.143
0.18
0.158
0.123
0.176
0.18
0.377
0.221
0.194
0.507
0.208
0.273
0.237
0.304
0.312
0.345
0.381
0.354
0.383
0.306
0.382
0.199
0.186
0.185
0.149
0.185
0.158
0.124
0.176
0.224
0.328
0.221
0.185
0.561
0.208
0.238
0.237
0.274
0.312
0.358
0.341
0.381
0.347
0.321
0.352
0.138
0.221
0.15
0.144
0.185
0.143
0.117
0.176
0.144
0.352
0.232
0.167
0.541
0.172
0.258
0.167
0.258
0.3
0.337
0.357
0.356
0.36
0.306
0.34
0.252
0.176
0.149
0.187
0.159
0.179
0.185
0.161
0.175
0.419
0.371
0.422
0.323
0.255
0.251
0.257
0.179
0.3
0.341
0.324
0.375
0.268
0.428
0.207
0.272
0.14
0.167
0.15
0.159
0.215
0.153
0.211
0.125
0.946
0.305
0.422
0.346
0.244
0.275
0.194
0.429
0.326
0.341
0.391
0.369
0.337
0.352
0.204
0.138
0.218
0.133
0.157
0.168
0.132
0.151
0.146
0.178
0.352
0.258
0.145
0.537
0.197
0.235
0.203
0.209
0.351
0.333
0.344
0.374
0.322
0.353
0.294
0.149
0.183
0.187
0.108
0.196
0.129
0.144
0.183
0.144
0.325
0.285
0.141
0.454
0.197
0.229
0.206
0.195
0.361
0.341
0.31
0.408
0.284
0.382
0.266
0.122
0.231
0.135
0.144
0.193
0.114
0.186
0.154
0.168
0.317
0.284
0.167
0.457
0.223
0.192
0.231
0.246
0.31
0.37
0.329
0.361
0.295
0.352
0.243
0.146
0.198
0.128
0.195
0.147
0.135
0.206
0.117
0.168
0.315
0.305
0.184
0.351
0.237
0.177
0.256
0.236
0.31
0.374
0.329
0.36
0.311
0.337
0.267
0.152
0.178
0.168
0.155
0.189
0.117
0.211
0.134
0.142
0.398
0.282
0.219
0.428
0.244
0.214
0.268
0.265
0.359
0.366
0.338
0.397
0.288
0.356
0.281
0.272
0.08
0.213
0.15
0.161
0.215
0.087
0.211
0.056
0.971
0.305
0.382
0.361
0.221
0.319
0.115
0.437
0.219
0.37
0.394
0.317
0.422
0.287
0.214
0.252
0.111
0.199
0.204
0.126
0.239
0.11
0.184
0.132
0.971
0.4
0.232
0.362
0.2
0.271
0.183
0.437
0.329
0.3
0.394
0.317
0.422
0.364
0.219
0.166
0.166
0.205
0.146
0.178
0.158
0.163
0.175
0.132
0.398
0.325
0.197
0.49
0.238
0.232
0.272
0.265
0.337
0.351
0.349
0.398
0.294
0.364
0.298
0.147
0.2
0.165
0.163
0.189
0.132
0.207
0.137
0.146
0.45
0.275
0.427
0.461
0.261
0.404
0.277
0.315
0.288
0.369
0.348
0.373
0.316
0.325
0.358
0.147
0.193
0.183
0.145
0.217
0.134
0.196
0.16
0.174
0.431
0.275
0.429
0.433
0.269
0.419
0.236
0.313
0.284
0.369
0.335
0.373
0.313
0.313
0.38
0.098
0.199
0.198
0.094
0.247
0.11
0.185
0.169
0.135
0.479
0.258
0.433
0.436
0.254
0.447
0.236
0.36
0.284
0.351
0.339
0.36
0.318
0.312
0.378
0.097
0.2
0.191
0.094
0.253
0.1
0.195
0.16
0.219
0.405
0.254
0.451
0.381
0.264
0.416
0.255
0.347
0.231
0.385
0.328
0.329
0.331
0.301
0.37
0.239
0.153
0.179
0.244
0.147
0.176
0.161
0.148
0.199
0.415
0.34
0.286
0.362
0.299
0.254
0.272
0.245
0.27
0.352
0.332
0.404
0.36
0.379
0.254
0.239
0.153
0.182
0.244
0.144
0.188
0.153
0.188
0.199
0.409
0.34
0.324
0.375
0.29
0.175
0.272
0.165
0.366
0.324
0.352
0.404
0.285
0.429
0.253
0.086
0.215
0.156
0.103
0.261
0.054
0.204
0.139
0.21
0.405
0.164
0.483
0.443
0.274
0.416
0.233
0.388
0.19
0.385
0.323
0.308
0.364
0.249
0.39
0.086
0.217
0.156
0.117
0.261
0.065
0.207
0.139
0.236
0.365
0.225
0.285
0.443
0.294
0.271
0.294
0.366
0.207
0.379
0.329
0.331
0.343
0.29
0.356
0.106
0.197
0.142
0.135
0.227
0.111
0.193
0.147
0.194
0.379
0.254
0.273
0.424
0.275
0.284
0.265
0.345
0.258
0.363
0.345
0.335
0.364
0.316
0.345
0.154
0.189
0.152
0.151
0.182
0.157
0.162
0.157
0.202
0.336
0.566
0.314
0.447
0.294
0.274
0.333
0.306
0.373
0.359
0.332
0.375
0.332
0.352
0.334
0.149
0.218
0.136
0.16
0.173
0.156
0.18
0.142
0.141
0.371
0.566
0.317
0.423
0.324
0.256
0.321
0.307
0.377
0.36
0.33
0.408
0.309
0.383
0.289
0.26
0.151
0.181
0.254
0.144
0.173
0.173
0.163
0.228
0.409
0.36
0.324
0.314
0.382
0.175
0.293
0.14
0.266
0.351
0.312
0.427
0.285
0.375
0.272
0.208
0.189
0.181
0.227
0.151
0.173
0.156
0.163
0.365
0.335
0.389
0.305
0.387
0.333
0.155
0.365
0.156
0.373
0.284
0.366
0.392
0.288
0.412
0.239
0.162
0.209
0.123
0.187
0.124
0.201
0.147
0.151
0.15
0.419
0.561
0.383
0.349
0.298
0.276
0.322
0.291
0.382
0.354
0.328
0.442
0.295
0.383
0.273
0.202
0.16
0.171
0.172
0.136
0.213
0.116
0.18
0.121
0.419
0.559
0.414
0.382
0.298
0.27
0.258
0.27
0.379
0.362
0.306
0.44
0.309
0.361
0.284
0.173
0.187
0.161
0.183
0.14
0.198
0.129
0.169
0.128
0.413
0.556
0.414
0.399
0.357
0.299
0.302
0.244
0.393
0.384
0.267
0.44
0.33
0.348
0.304
0.18
0.196
0.153
0.21
0.137
0.205
0.137
0.164
0.188
0.385
0.276
0.371
0.43
0.323
0.316
0.279
0.258
0.32
0.38
0.314
0.427
0.371
0.323
0.31
0.207
0.145
0.19
0.189
0.133
0.205
0.11
0.168
0.199
0.361
0.276
0.372
0.43
0.318
0.308
0.288
0.26
0.334
0.359
0.329
0.412
0.371
0.334
0.31
0.298
0.189
0.137
0.227
0.092
0.218
0.156
0.146
0.365
0.177
0.528
0.322
0.368
0.333
0.268
0.365
0.195
0.295
0.284
0.396
0.392
0.342
0.376
0.298
0.291
0.172
0.19
0.188
0.127
0.203
0.126
0.218
0.286
0.404
0.928
0.378
0.368
0.301
0.255
0.326
0.233
0.306
0.306
0.396
0.399
0.342
0.393
0.317
0.233
0.119
0.221
0.166
0.148
0.197
0.11
0.186
0.179
0.396
0.274
0.296
0.415
0.343
0.283
0.336
0.258
0.332
0.417
0.332
0.389
0.362
0.359
0.289
0.244
0.119
0.205
0.193
0.12
0.23
0.096
0.186
0.202
0.4
0.251
0.291
0.417
0.304
0.289
0.336
0.251
0.372
0.374
0.361
0.376
0.363
0.387
0.271
0.266
0.103
0.205
0.197
0.12
0.232
0.107
0.186
0.222
0.397
0.269
0.302
0.412
0.272
0.217
0.335
0.3
0.322
0.367
0.384
0.366
0.366
0.389
0.248
0.257
0.09
0.213
0.189
0.117
0.231
0.105
0.179
0.182
0.397
0.294
0.302
0.437
0.293
0.188
0.357
0.29
0.328
0.375
0.351
0.39
0.324
0.419
0.224
0.257
0.139
0.173
0.204
0.111
0.231
0.138
0.166
0.223
0.379
0.294
0.299
0.567
0.266
0.222
0.353
0.32
0.355
0.402
0.381
0.389
0.322
0.41
0.28
0.291
0.144
0.19
0.218
0.112
0.209
0.106
0.218
0.131
0.681
0.982
0.378
0.381
0.269
0.344
0.261
0.233
0.3
0.295
0.42
0.372
0.364
0.377
0.317
0.266
0.126
0.21
0.262
0.109
0.183
0.179
0.158
0.203
0.681
0.982
0.391
0.327
0.271
0.292
0.261
0.299
0.383
0.3
0.36
0.478
0.309
0.377
0.37
0.251
0.132
0.193
0.222
0.093
0.234
0.174
0.128
0.248
0.335
0.29
0.281
0.567
0.283
0.211
0.313
0.285
0.359
0.365
0.376
0.392
0.348
0.384
0.318
0.217
0.174
0.202
0.222
0.123
0.22
0.174
0.137
0.248
0.346
0.288
0.241
0.628
0.302
0.189
0.345
0.304
0.331
0.398
0.349
0.399
0.362
0.34
0.364
0.193
0.151
0.245
0.19
0.136
0.234
0.157
0.15
0.296
0.309
0.297
0.22
0.625
0.318
0.194
0.328
0.298
0.331
0.402
0.325
0.418
0.361
0.343
0.378
0.193
0.178
0.219
0.206
0.157
0.197
0.195
0.13
0.494
0.374
0.236
0.247
0.555
0.309
0.221
0.294
0.312
0.336
0.402
0.39
0.418
0.361
0.342
0.379
0.175
0.179
0.232
0.178
0.174
0.197
0.161
0.172
0.461
0.372
0.258
0.219
0.441
0.333
0.22
0.3
0.296
0.284
0.389
0.391
0.432
0.371
0.318
0.371
0.206
0.17
0.229
0.262
0.085
0.224
0.179
0.105
0.236
0.604
0.522
0.38
0.327
0.318
0.338
0.219
0.291
0.383
0.21
0.379
0.48
0.309
0.389
0.348
0.281
0.111
0.248
0.271
0.121
0.224
0.255
0.104
0.236
0.515
0.253
0.374
0.281
0.318
0.328
0.173
0.291
0.382
0.228
0.358
0.512
0.285
0.373
0.383
0.185
0.201
0.191
0.18
0.21
0.175
0.132
0.221
0.442
0.361
0.308
0.232
0.441
0.357
0.272
0.3
0.327
0.307
0.343
0.451
0.432
0.328
0.362
0.351
0.209
0.209
0.142
0.21
0.21
0.15
0.175
0.201
0.468
0.373
0.261
0.276
0.35
0.311
0.332
0.275
0.322
0.333
0.291
0.493
0.432
0.3
0.38
0.304
0.205
0.22
0.087
0.242
0.21
0.125
0.192
0.225
0.472
0.373
0.255
0.335
0.315
0.318
0.332
0.34
0.306
0.341
0.282
0.493
0.427
0.256
0.38
0.304
0.153
0.221
0.102
0.197
0.24
0.115
0.157
0.237
0.26
0.366
0.256
0.325
0.305
0.323
0.352
0.35
0.301
0.34
0.292
0.448
0.415
0.282
0.369
0.224
0.206
0.198
0.108
0.218
0.195
0.153
0.146
0.218
0.314
0.316
0.279
0.421
0.281
0.277
0.347
0.375
0.296
0.341
0.303
0.394
0.4
0.299
0.368
0.431
0.22
0.198
0.27
0.216
0.149
0.275
0.216
0.119
0.265
0.466
0.519
0.37
0.327
0.309
0.35
0.166
0.212
0.369
0.208
0.381
0.474
0.29
0.373
0.336
0.212
0.274
0.26
0.216
0.222
0.23
0.229
0.177
0.299
0.485
0.469
0.488
0.327
0.209
0.307
0.181
0.277
0.369
0.485
0.446
0.432
0.306
0.382
0.204
0.182
0.187
0.169
0.176
0.185
0.174
0.144
0.225
0.3
0.489
0.299
0.416
0.322
0.229
0.345
0.384
0.254
0.353
0.318
0.348
0.399
0.299
0.36
0.225
0.198
0.139
0.215
0.167
0.151
0.22
0.109
0.225
0.293
0.427
0.401
0.474
0.304
0.264
0.277
0.384
0.286
0.31
0.35
0.334
0.372
0.35
0.344
0.236
0.221
0.109
0.218
0.158
0.144
0.238
0.109
0.187
0.321
0.431
0.374
0.488
0.328
0.247
0.228
0.311
0.317
0.353
0.319
0.363
0.377
0.379
0.337
0.226
0.246
0.083
0.218
0.204
0.106
0.238
0.145
0.198
0.383
0.359
0.374
0.57
0.306
0.258
0.21
0.288
0.365
0.311
0.314
0.367
0.365
0.388
0.314
0.226
0.247
0.113
0.211
0.23
0.119
0.205
0.188
0.227
0.359
0.369
0.344
0.535
0.273
0.276
0.249
0.25
0.442
0.355
0.312
0.392
0.336
0.395
0.36
0.311
0.191
0.274
0.219
0.217
0.222
0.257
0.174
0.177
0.299
0.359
0.493
0.488
0.303
0.282
0.307
0.214
0.293
0.36
0.563
0.446
0.334
0.381
0.359
0.268
0.275
0.223
0.174
0.288
0.272
0.16
0.212
0.367
0.589
0.428
0.263
0.42
0.275
0.276
0.257
0.319
0.35
0.357
0.563
0.445
0.377
0.448
0.414
0.187
0.247
0.147
0.172
0.23
0.131
0.187
0.206
0.265
0.359
0.207
0.358
0.535
0.274
0.271
0.246
0.253
0.442
0.3
0.323
0.411
0.349
0.395
0.348
0.183
0.258
0.147
0.172
0.233
0.136
0.187
0.206
0.272
0.407
0.214
0.402
0.544
0.38
0.245
0.289
0.217
0.432
0.309
0.29
0.396
0.358
0.377
0.356
0.209
0.228
0.192
0.174
0.208
0.185
0.151
0.209
0.369
0.31
0.244
0.431
0.501
0.398
0.222
0.289
0.241
0.41
0.282
0.315
0.391
0.359
0.355
0.363
0.217
0.186
0.217
0.201
0.163
0.213
0.168
0.172
0.374
0.333
0.235
0.462
0.457
0.413
0.244
0.248
0.279
0.404
0.26
0.326
0.382
0.359
0.367
0.363
0.22
0.192
0.206
0.216
0.168
0.204
0.196
0.164
0.38
0.347
0.23
0.462
0.423
0.439
0.198
0.257
0.305
0.299
0.219
0.288
0.329
0.397
0.341
0.323
0.234
0.289
0.218
0.165
0.288
0.271
0.166
0.223
0.393
0.569
0.41
0.405
0.255
0.358
0.355
0.177
0.332
0.271
0.27
0.392
0.338
0.377
0.451
0.341
0.321
0.289
0.211
0.148
0.282
0.273
0.088
0.223
0.393
0.658
0.41
0.42
0.343
0.358
0.271
0.293
0.361
0.29
0.317
0.403
0.387
0.374
0.447
0.426
0.245
0.211
0.15
0.227
0.198
0.156
0.221
0.18
0.307
0.44
0.226
0.371
0.423
0.418
0.205
0.239
0.296
0.302
0.231
0.277
0.352
0.382
0.341
0.341
0.274
0.213
0.205
0.217
0.191
0.206
0.209
0.166
0.383
0.435
0.22
0.243
0.348
0.395
0.201
0.267
0.37
0.32
0.239
0.273
0.382
0.416
0.328
0.334
0.286
0.221
0.185
0.244
0.225
0.159
0.233
0.266
0.3
0.437
0.242
0.268
0.375
0.386
0.175
0.297
0.387
0.391
0.249
0.273
0.375
0.406
0.346
0.322
0.301
0.244
0.163
0.256
0.242
0.126
0.258
0.303
0.306
0.428
0.253
0.241
0.411
0.421
0.176
0.297
0.387
0.39
0.283
0.258
0.328
0.451
0.365
0.33
0.301
0.203
0.199
0.274
0.208
0.138
0.265
0.287
0.329
0.474
0.408
0.233
0.391
0.586
0.391
0.349
0.387
0.39
0.317
0.324
0.408
0.442
0.369
0.355
0.329
0.277
0.261
0.198
0.28
0.273
0.163
0.243
0.267
0.434
0.334
0.545
0.413
0.302
0.339
0.346
0.319
0.23
0.287
0.403
0.333
0.377
0.516
0.356
0.329
0.264
0.215
0.186
0.28
0.262
0.144
0.218
0.256
0.48
0.229
0.43
0.413
0.222
0.261
0.346
0.325
0.31
0.351
0.361
0.344
0.496
0.621
0.491
0.298
0.183
0.199
0.286
0.212
0.138
0.265
0.293
0.37
0.539
0.424
0.233
0.569
0.652
0.59
0.365
0.348
0.365
0.351
0.338
0.368
0.455
0.406
0.308
0.29
0.182
0.162
0.286
0.242
0.136
0.247
0.293
0.376
0.598
0.458
0.217
0.567
0.613
0.636
0.347
0.283
0.512
0.364
0.359
0.351
0.459
0.437
0.343
0.299
0.217
0.185
0.243
0.216
0.182
0.231
0.168
0.376
0.619
0.433
0.245
0.672
0.613
0.642
0.331
0.284
0.494
0.361
0.376
0.402
0.464
0.417
0.362
0.287
0.207
0.181
0.233
0.225
0.19
0.19
0.184
0.364
0.619
0.438
0.27
0.64
0.676
0.642
0.333
0.295
0.492
0.379
0.39
0.402
0.434
0.404
0.342
0.287
0.246
0.184
0.235
0.225
0.212
0.193
0.208
0.323
0.569
0.316
0.266
0.64
0.527
0.501
0.278
0.239
0.495
0.36
0.343
0.369
0.436
0.442
0.318
0.31
0.262
0.227
0.169
0.266
0.265
0.198
0.205
0.259
0.537
0.367
0.43
0.398
0.365
0.364
0.332
0.259
0.24
0.351
0.412
0.292
0.496
0.621
0.44
0.249
0.262
0.253
0.165
0.243
0.265
0.224
0.199
0.259
0.537
0.367
0.284
0.366
0.44
0.369
0.324
0.259
0.381
0.396
0.399
0.292
0.492
0.555
0.44
0.261
0.268
0.229
0.206
0.177
0.251
0.223
0.186
0.283
0.519
0.29
0.286
0.452
0.451
0.349
0.259
0.25
0.535
0.362
0.33
0.365
0.432
0.443
0.357
0.234
0.256
0.268
0.198
0.165
0.252
0.215
0.22
0.225
0.442
0.496
0.356
0.493
0.446
0.329
0.237
0.274
0.35
0.341
0.351
0.324
0.431
0.44
0.299
0.21
0.249
0.22
0.24
0.187
0.215
0.229
0.22
0.276
0.412
0.495
0.288
0.414
0.457
0.348
0.288
0.308
0.308
0.346
0.375
0.324
0.417
0.44
0.318
0.209
0.254
0.22
0.235
0.196
0.219
0.235
0.228
0.259
0.424
0.618
0.291
0.375
0.362
0.319
0.278
0.331
0.289
0.32
0.348
0.335
0.39
0.403
0.369
0.248
0.234
0.2
0.238
0.226
0.184
0.238
0.223
0.285
0.418
0.589
0.291
0.415
0.356
0.296
0.237
0.349
0.324
0.338
0.386
0.377
0.381
0.429
0.413
0.306
0.27
0.26
0.178
0.253
0.274
0.224
0.212
0.268
0.493
0.412
0.302
0.328
0.44
0.369
0.248
0.166
0.345
0.334
0.369
0.338
0.434
0.416
0.316
0.312
0.196
0.26
0.286
0.258
0.176
0.253
0.274
0.206
0.433
0.481
0.408
0.23
0.361
0.312
0.225
0.168
0.345
0.383
0.271
0.399
0.465
0.381
0.358
0.245
0.206
0.21
0.268
0.226
0.152
0.246
0.239
0.316
0.377
0.625
0.26
0.426
0.377
0.288
0.228
0.385
0.302
0.332
0.451
0.396
0.356
0.425
0.43
0.306
0.224
0.17
0.268
0.242
0.132
0.246
0.255
0.321
0.377
0.404
0.243
0.383
0.365
0.299
0.204
0.384
0.339
0.308
0.437
0.4
0.364
0.406
0.43
0.32
0.191
0.193
0.274
0.232
0.137
0.246
0.255
0.262
0.429
0.452
0.209
0.342
0.374
0.298
0.211
0.32
0.365
0.331
0.409
0.396
0.372
0.473
0.426
0.282
0.208
0.235
0.251
0.199
0.176
0.264
0.228
0.288
0.518
0.303
0.199
0.419
0.373
0.298
0.284
0.362
0.365
0.349
0.424
0.373
0.372
0.494
0.412
0.234
0.252
0.255
0.238
0.183
0.213
0.261
0.204
0.29
0.521
0.32
0.2
0.464
0.36
0.322
0.297
0.362
0.362
0.357
0.424
0.376
0.364
0.449
0.418
0.362
0.284
0.256
0.286
0.258
0.206
0.261
0.275
0.204
0.447
0.808
0.494
0.221
0.305
0.342
0.368
0.205
0.346
0.33
0.271
0.399
0.457
0.37
0.358
0.338
0.286
0.284
0.286
0.184
0.186
0.284
0.275
0.187
0.447
0.808
0.494
0.22
0.364
0.385
0.368
0.257
0.391
0.382
0.283
0.33
0.457
0.417
0.394
0.279
0.286
0.253
0.197
0.191
0.249
0.258
0.164
0.26
0.545
0.427
0.294
0.481
0.345
0.338
0.392
0.371
0.382
0.334
0.381
0.378
0.391
0.417
0.384
0.291
0.245
0.269
0.231
0.182
0.226
0.266
0.165
0.246
0.545
0.446
0.394
0.481
0.371
0.414
0.392
0.326
0.378
0.365
0.361
0.367
0.39
0.403
0.367
0.304
0.286
0.269
0.207
0.213
0.263
0.246
0.186
0.321
0.473
0.407
0.444
0.494
0.446
0.367
0.355
0.363
0.376
0.341
0.354
0.363
0.399
0.396
0.391
0.346
0.284
0.245
0.2
0.248
0.262
0.264
0.194
0.345
0.409
0.446
0.432
0.412
0.476
0.391
0.335
0.3
0.39
0.363
0.333
0.418
0.43
0.36
0.425
0.352
0.284
0.245
0.213
0.248
0.255
0.264
0.23
0.359
0.387
0.481
0.451
0.422
0.486
0.362
0.357
0.338
0.41
0.362
0.324
0.397
0.442
0.401
0.416
0.338
0.289
0.284
0.256
0.097
0.247
0.284
0.274
0.187
0.441
1.16
0.498
0.282
0.4
0.398
0.378
0.262
0.391
0.369
0.27
0.269
0.408
0.408
0.409
0.348
0.289
0.283
0.257
0.178
0.265
0.279
0.245
0.263
0.517
0.819
0.383
0.352
0.401
0.395
0.3
0.262
0.535
0.369
0.3
0.309
0.408
0.451
0.421
0.345
0.287
0.248
0.263
0.279
0.254
0.265
0.271
0.442
0.644
0.446
0.38
0.434
0.49
0.38
0.323
0.34
0.408
0.384
0.324
0.364
0.437
0.435
0.448
0.318
0.287
0.265
0.264
0.289
0.254
0.228
0.273
0.442
0.639
0.509
0.214
0.578
0.485
0.318
0.323
0.366
0.411
0.385
0.384
0.373
0.437
0.435
0.45
0.306
0.287
0.265
0.261
0.288
0.262
0.254
0.237
0.452
0.669
0.509
0.158
0.602
0.409
0.346
0.326
0.328
0.415
0.395
0.383
0.395
0.43
0.41
0.436
0.305
0.288
0.289
0.272
0.234
0.26
0.254
0.241
0.455
0.653
0.49
0.136
0.626
0.426
0.34
0.267
0.336
0.412
0.403
0.356
0.383
0.407
0.41
0.406
0.312
0.287
0.254
0.244
0.287
0.276
0.205
0.219
0.478
0.665
0.444
0.125
0.582
0.426
0.346
0.265
0.343
0.396
0.399
0.364
0.403
0.37
0.358
0.411
0.294
0.262
0.285
0.286
0.281
0.275
0.232
0.172
0.282
0.576
0.803
0.391
0.352
0.4
0.395
0.432
0.397
0.538
0.345
0.3
0.309
0.376
0.44
0.448
0.343
0.23
0.206
0.289
0.282
0.275
0.169
0.149
0.401
0.576
0.326
0.298
0.391
0.366
0.348
0.422
0.389
0.542
0.369
0.326
0.295
0.4
0.44
0.415
0.332
0.285
0.217
0.205
0.288
0.275
0.173
0.17
0.486
0.368
0.313
0.171
0.569
0.412
0.308
0.219
0.323
0.4
0.401
0.408
0.403
0.355
0.359
0.404
0.305
0.289
0.214
0.155
0.265
0.277
0.197
0.117
0.486
0.433
0.225
0.187
0.457
0.392
0.261
0.269
0.343
0.398
0.38
0.356
0.405
0.382
0.382
0.377
0.296
0.288
0.247
0.144
0.23
0.278
0.218
0.12
0.459
0.433
0.232
0.194
0.435
0.392
0.245
0.245
0.343
0.4
0.357
0.339
0.389
0.362
0.379
0.411
0.314
0.284
0.239
0.159
0.246
0.278
0.219
0.155
0.458
0.413
0.255
0.231
0.38
0.36
0.251
0.245
0.334
0.442
0.353
0.364
0.346
0.342
0.423
0.424
0.302
0.284
0.273
0.187
0.21
0.27
0.25
0.176
0.421
0.408
0.28
0.245
0.414
0.371
0.254
0.26
0.329
0.442
0.368
0.359
0.314
0.314
0.431
0.407
0.246
0.262
0.284
0.288
0.282
0.273
0.215
0.216
0.398
0.509
0.761
0.417
0.291
0.364
0.347
0.606
0.496
0.396
0.359
0.287
0.215
0.372
0.432
0.394
0.302
0.209
0.258
0.287
0.28
0.231
0.198
0.271
0.523
0.414
0.664
0.372
0.399
0.394
0.341
0.484
0.412
0.395
0.359
0.287
0.291
0.399
0.434
0.38
0.281
0.284
0.279
0.193
0.174
0.272
0.273
0.221
0.359
0.399
0.298
0.244
0.376
0.374
0.302
0.358
0.349
0.433
0.346
0.355
0.343
0.327
0.427
0.412
0.314
0.277
0.272
0.221
0.197
0.258
0.273
0.264
0.359
0.392
0.298
0.268
0.395
0.374
0.343
0.4
0.318
0.436
0.368
0.379
0.345
0.27
0.427
0.432
0.322
0.277
0.272
0.257
0.228
0.214
0.249
0.269
0.388
0.377
0.273
0.268
0.362
0.353
0.33
0.416
0.351
0.424
0.337
0.385
0.365
0.322
0.423
0.41
0.328
0.28
0.27
0.215
0.237
0.257
0.224
0.265
0.366
0.43
0.264
0.259
0.392
0.356
0.328
0.416
0.374
0.38
0.334
0.38
0.374
0.343
0.408
0.379
0.328
0.28
0.268
0.172
0.253
0.265
0.21
0.217
0.392
0.449
0.232
0.217
0.415
0.373
0.347
0.412
0.35
0.376
0.343
0.385
0.398
0.349
0.373
0.407
0.295
0.182
0.286
0.282
0.277
0.172
0.243
0.279
0.4
0.815
0.799
0.458
0.29
0.394
0.394
0.524
0.455
0.377
0.321
0.245
0.353
0.38
0.434
0.424
0.295
0.181
0.287
0.282
0.277
0.221
0.242
0.279
0.449
0.771
0.358
0.302
0.509
0.396
0.385
0.349
0.439
0.389
0.35
0.218
0.373
0.4
0.429
0.424
0.335
0.276
0.217
0.217
0.27
0.24
0.157
0.224
0.464
0.449
0.212
0.23
0.442
0.358
0.32
0.336
0.316
0.39
0.397
0.389
0.371
0.332
0.377
0.376
0.313
0.257
0.272
0.23
0.257
0.211
0.207
0.228
0.464
0.386
0.24
0.242
0.44
0.372
0.29
0.285
0.323
0.42
0.395
0.367
0.322
0.38
0.377
0.365
0.281
0.241
0.274
0.231
0.242
0.242
0.234
0.206
0.383
0.449
0.273
0.206
0.447
0.405
0.318
0.272
0.33
0.428
0.395
0.333
0.299
0.384
0.387
0.361
0.282
0.241
0.281
0.231
0.238
0.242
0.256
0.202
0.423
0.41
0.279
0.275
0.603
0.57
0.349
0.272
0.379
0.454
0.399
0.369
0.323
0.353
0.369
0.407
0.287
0.242
0.273
0.231
0.251
0.242
0.271
0.203
0.437
0.411
0.297
0.327
0.626
0.51
0.346
0.261
0.405
0.454
0.396
0.371
0.344
0.374
0.362
0.364
0.273
0.261
0.287
0.278
0.277
0.268
0.242
0.258
0.32
0.793
0.358
0.379
0.453
0.388
0.385
0.39
0.421
0.374
0.474
0.32
0.325
0.366
0.433
0.407
0.248
0.261
0.201
0.245
0.24
0.268
0.243
0.214
0.331
0.396
0.297
0.3
0.489
0.344
0.352
0.369
0.342
0.45
0.474
0.323
0.313
0.369
0.433
0.379
0.276
0.264
0.273
0.186
0.253
0.265
0.271
0.148
0.401
0.413
0.3
0.28
0.626
0.51
0.346
0.268
0.405
0.42
0.365
0.335
0.377
0.374
0.333
0.355
0.26
0.264
0.257
0.144
0.243
0.265
0.267
0.13
0.401
0.431
0.317
0.285
0.659
0.483
0.339
0.269
0.397
0.384
0.332
0.336
0.388
0.342
0.33
0.327
0.274
0.27
0.227
0.136
0.243
0.259
0.259
0.111
0.454
0.364
0.32
0.326
0.706
0.444
0.402
0.265
0.355
0.376
0.297
0.361
0.388
0.318
0.343
0.327
0.265
0.246
0.214
0.169
0.227
0.255
0.224
0.144
0.45
0.338
0.339
0.306
0.538
0.282
0.367
0.308
0.283
0.372
0.269
0.334
0.383
0.31
0.368
0.295
0.238
0.239
0.183
0.204
0.203
0.229
0.214
0.153
0.445
0.322
0.339
0.544
0.47
0.417
0.35
0.284
0.267
0.372
0.276
0.294
0.339
0.303
0.368
0.314
0.273
0.22
0.157
0.252
0.24
0.226
0.206
0.214
0.283
0.457
0.261
0.395
0.321
0.291
0.338
0.369
0.294
0.369
0.463
0.323
0.306
0.306
0.375
0.349
0.262
0.189
0.232
0.223
0.218
0.19
0.206
0.209
0.252
0.531
0.261
0.387
0.447
0.336
0.291
0.677
0.413
0.422
0.362
0.266
0.314
0.346
0.307
0.375
0.207
0.211
0.201
0.204
0.19
0.199
0.19
0.183
0.38
0.386
0.335
0.554
0.505
0.418
0.358
0.352
0.267
0.409
0.271
0.318
0.355
0.322
0.36
0.353
0.234
0.207
0.183
0.239
0.177
0.199
0.208
0.16
0.391
0.348
0.371
0.56
0.443
0.43
0.376
0.344
0.3
0.37
0.308
0.302
0.403
0.324
0.348
0.369
0.232
0.213
0.183
0.246
0.168
0.212
0.192
0.169
0.352
0.354
0.379
0.56
0.376
0.508
0.341
0.381
0.319
0.337
0.337
0.282
0.411
0.327
0.323
0.39
0.201
0.228
0.175
0.239
0.191
0.185
0.219
0.153
0.347
0.38
0.344
0.582
0.44
0.591
0.348
0.352
0.347
0.281
0.369
0.292
0.392
0.364
0.3
0.41
0.183
0.228
0.184
0.231
0.197
0.187
0.214
0.161
0.335
0.363
0.362
0.319
0.473
0.538
0.366
0.358
0.375
0.31
0.4
0.293
0.411
0.343
0.338
0.401
0.262
0.202
0.232
0.201
0.236
0.19
0.226
0.19
0.194
0.531
0.34
0.626
0.474
0.336
0.354
0.636
0.477
0.35
0.266
0.263
0.314
0.307
0.333
0.375
0.206
0.243
0.226
0.228
0.236
0.201
0.21
0.193
0.205
0.474
0.413
0.592
0.474
0.524
0.3
0.636
0.477
0.35
0.351
0.286
0.286
0.35
0.318
0.426
0.211
0.228
0.185
0.231
0.191
0.192
0.214
0.155
0.364
0.299
0.348
0.3
0.46
0.539
0.39
0.289
0.375
0.274
0.435
0.283
0.404
0.301
0.351
0.369
0.192
0.25
0.183
0.212
0.213
0.168
0.224
0.16
0.364
0.299
0.325
0.287
0.479
0.581
0.392
0.293
0.354
0.304
0.429
0.3
0.356
0.296
0.356
0.368
0.196
0.25
0.183
0.198
0.214
0.149
0.239
0.156
0.351
0.355
0.279
0.315
0.481
0.574
0.392
0.313
0.376
0.305
0.406
0.365
0.392
0.273
0.393
0.358
0.195
0.266
0.166
0.229
0.202
0.192
0.22
0.189
0.346
0.355
0.287
0.256
0.449
0.52
0.401
0.313
0.36
0.319
0.363
0.394
0.392
0.251
0.393
0.325
0.227
0.236
0.199
0.214
0.214
0.187
0.207
0.211
0.328
0.372
0.269
0.256
0.392
0.548
0.392
0.323
0.325
0.335
0.321
0.414
0.372
0.27
0.382
0.325
0.169
0.25
0.17
0.245
0.217
0.195
0.239
0.154
0.251
0.351
0.413
0.552
0.461
0.493
0.619
0.375
0.387
0.331
0.303
0.274
0.268
0.299
0.341
0.392
0.167
0.25
0.162
0.245
0.208
0.195
0.245
0.135
0.251
0.426
0.364
0.306
0.508
0.495
0.537
0.407
0.349
0.289
0.338
0.272
0.382
0.307
0.376
0.392
0.23
0.232
0.198
0.214
0.208
0.196
0.191
0.225
0.276
0.451
0.281
0.27
0.44
0.548
0.377
0.304
0.332
0.369
0.265
0.442
0.344
0.299
0.382
0.33
0.259
0.212
0.204
0.228
0.181
0.226
0.166
0.231
0.344
0.451
0.257
0.237
0.432
0.504
0.395
0.377
0.332
0.382
0.264
0.446
0.326
0.33
0.373
0.348
0.243
0.22
0.203
0.248
0.161
0.252
0.135
0.244
0.402
0.401
0.259
0.193
0.561
0.446
0.386
0.355
0.315
0.394
0.262
0.411
0.305
0.346
0.352
0.335
0.278
0.19
0.229
0.214
0.191
0.223
0.166
0.223
0.422
0.379
0.262
0.204
0.667
0.378
0.378
0.36
0.331
0.394
0.299
0.385
0.331
0.344
0.365
0.341
0.269
0.225
0.191
0.249
0.16
0.255
0.156
0.236
0.42
0.391
0.262
0.222
0.714
0.412
0.357
0.384
0.327
0.38
0.313
0.369
0.331
0.339
0.334
0.341
0.242
0.245
0.164
0.224
0.208
0.202
0.245
0.139
0.246
0.393
0.769
0.411
0.675
0.336
0.566
0.429
0.348
0.411
0.308
0.234
0.376
0.252
0.414
0.324
0.313
0.21
0.184
0.22
0.187
0.236
0.207
0.213
0.275
0.706
0.839
0.411
0.673
0.336
0.282
0.481
0.376
0.406
0.319
0.301
0.367
0.326
0.414
0.341
0.238
0.243
0.166
0.268
0.148
0.257
0.167
0.217
0.443
0.305
0.289
0.211
0.657
0.437
0.323
0.408
0.313
0.363
0.317
0.335
0.39
0.311
0.373
0.34
0.256
0.243
0.187
0.249
0.179
0.232
0.179
0.221
0.445
0.34
0.268
0.275
0.686
0.447
0.289
0.349
0.324
0.382
0.317
0.35
0.379
0.322
0.364
0.332
0.261
0.219
0.203
0.217
0.208
0.201
0.212
0.192
0.442
0.34
0.27
0.275
0.667
0.444
0.292
0.334
0.338
0.363
0.338
0.331
0.412
0.294
0.381
0.323
0.283
0.204
0.221
0.211
0.221
0.197
0.214
0.198
0.433
0.353
0.249
0.3
0.57
0.576
0.284
0.37
0.367
0.433
0.301
0.341
0.402
0.298
0.383
0.311
0.303
0.174
0.233
0.188
0.221
0.187
0.214
0.182
0.444
0.33
0.276
0.295
0.556
0.488
0.325
0.34
0.376
0.467
0.291
0.357
0.451
0.299
0.402
0.314
0.313
0.198
0.191
0.22
0.189
0.236
0.203
0.213
0.287
0.705
0.839
0.415
0.595
0.379
0.282
0.499
0.413
0.406
0.261
0.288
0.253
0.317
0.409
0.327
0.303
0.185
0.238
0.186
0.219
0.208
0.199
0.248
0.337
0.918
0.502
0.307
0.358
0.331
0.285
0.499
0.559
0.27
0.346
0.313
0.333
0.308
0.439
0.336
0.303
0.173
0.233
0.171
0.24
0.163
0.23
0.176
0.432
0.346
0.246
0.262
0.701
0.447
0.35
0.326
0.376
0.48
0.281
0.382
0.409
0.32
0.382
0.322
0.267
0.188
0.22
0.187
0.224
0.18
0.215
0.192
0.413
0.332
0.24
0.267
0.662
0.422
0.341
0.308
0.474
0.461
0.295
0.346
0.409
0.331
0.417
0.344
0.284
0.18
0.244
0.184
0.235
0.18
0.213
0.195
0.402
0.345
0.226
0.299
0.529
0.453
0.313
0.314
0.46
0.461
0.308
0.346
0.381
0.331
0.42
0.336
0.253
0.187
0.221
0.193
0.209
0.203
0.188
0.215
0.384
0.356
0.243
0.303
0.52
0.355
0.325
0.293
0.446
0.383
0.339
0.314
0.392
0.318
0.421
0.345
0.223
0.2
0.209
0.207
0.209
0.209
0.188
0.216
0.374
0.356
0.24
0.309
0.479
0.439
0.327
0.283
0.457
0.39
0.361
0.287
0.409
0.337
0.414
0.374
0.309
0.159
0.284
0.149
0.243
0.158
0.236
0.201
0.297
0.706
0.394
0.364
0.311
0.398
0.245
0.381
0.536
0.28
0.338
0.221
0.334
0.223
0.452
0.266
0.315
0.12
0.284
0.13
0.255
0.164
0.22
0.201
0.384
0.706
0.41
0.343
0.36
0.326
0.291
0.328
0.536
0.353
0.338
0.338
0.334
0.315
0.452
0.344
0.236
0.191
0.236
0.201
0.227
0.209
0.205
0.213
0.411
0.338
0.284
0.319
0.339
0.471
0.344
0.264
0.473
0.397
0.385
0.251
0.425
0.315
0.436
0.368
0.252
0.211
0.221
0.218
0.21
0.223
0.202
0.218
0.411
0.399
0.28
0.313
0.323
0.473
0.344
0.29
0.387
0.373
0.385
0.261
0.425
0.292
0.401
0.332
0.246
0.222
0.193
0.234
0.185
0.243
0.185
0.224
0.439
0.376
0.286
0.295
0.407
0.473
0.357
0.281
0.393
0.373
0.386
0.26
0.426
0.295
0.406
0.332
0.273
0.222
0.216
0.219
0.211
0.217
0.21
0.25
0.438
0.341
0.283
0.274
0.467
0.452
0.438
0.257
0.379
0.395
0.392
0.258
0.42
0.311
0.401
0.337
0.273
0.22
0.222
0.216
0.22
0.209
0.214
0.25
0.453
0.342
0.28
0.274
0.451
0.329
0.52
0.318
0.39
0.367
0.386
0.268
0.399
0.296
0.421
0.324
0.315
0.192
0.279
0.172
0.255
0.159
0.23
0.165
0.338
0.474
0.318
0.343
0.347
0.331
0.328
0.328
0.404
0.366
0.256
0.314
0.24
0.346
0.382
0.4
0.3
0.192
0.28
0.172
0.271
0.159
0.259
0.268
0.338
0.385
0.318
0.315
0.567
0.294
0.328
0.299
0.37
0.366
0.299
0.314
0.302
0.346
0.35
0.4
0.269
0.241
0.207
0.226
0.22
0.209
0.207
0.259
0.437
0.37
0.26
0.461
0.441
0.338
0.509
0.367
0.363
0.376
0.362
0.288
0.385
0.301
0.417
0.323
0.282
0.214
0.223
0.198
0.238
0.182
0.219
0.238
0.437
0.31
0.26
0.456
0.525
0.357
0.509
0.343
0.404
0.383
0.362
0.271
0.385
0.283
0.427
0.302
0.299
0.187
0.246
0.174
0.257
0.168
0.224
0.238
0.414
0.324
0.269
0.453
0.59
0.354
0.526
0.365
0.374
0.4
0.347
0.307
0.368
0.299
0.409
0.3
0.271
0.216
0.222
0.176
0.232
0.195
0.2
0.198
0.462
0.331
0.266
0.437
0.544
0.352
0.44
0.399
0.343
0.4
0.327
0.317
0.36
0.3
0.409
0.305
0.262
0.212
0.228
0.155
0.232
0.185
0.213
0.176
0.466
0.334
0.26
0.437
0.544
0.366
0.34
0.343
0.307
0.391
0.322
0.317
0.363
0.32
0.396
0.277
0.265
0.227
0.237
0.232
0.254
0.227
0.259
0.305
0.231
0.406
0.325
0.301
0.567
0.312
0.323
0.299
0.43
0.298
0.309
0.221
0.328
0.274
0.414
0.355
0.265
0.206
0.226
0.201
0.233
0.244
0.237
0.305
0.302
0.34
0.36
0.318
0.567
0.315
0.264
0.299
0.38
0.3
0.336
0.244
0.335
0.302
0.414
0.348
0.265
0.181
0.228
0.167
0.209
0.185
0.193
0.177
0.44
0.353
0.264
0.277
0.527
0.333
0.331
0.317
0.315
0.344
0.314
0.32
0.353
0.324
0.368
0.284
0.239
0.182
0.205
0.178
0.207
0.186
0.186
0.17
0.407
0.377
0.272
0.25
0.456
0.303
0.337
0.318
0.267
0.334
0.318
0.324
0.334
0.332
0.355
0.307
0.215
0.182
0.189
0.197
0.187
0.185
0.179
0.177
0.408
0.374
0.259
0.264
0.335
0.299
0.309
0.315
0.349
0.3
0.297
0.327
0.353
0.342
0.341
0.311
0.227
0.179
0.186
0.197
0.184
0.184
0.191
0.177
0.383
0.372
0.269
0.271
0.387
0.307
0.323
0.286
0.377
0.305
0.278
0.347
0.345
0.339
0.331
0.32
0.227
0.166
0.186
0.213
0.184
0.169
0.192
0.193
0.371
0.355
0.272
0.273
0.416
0.31
0.311
0.332
0.385
0.283
0.278
0.354
0.325
0.332
0.33
0.335
0.226
0.206
0.165
0.232
0.19
0.244
0.168
0.206
0.297
0.652
0.407
0.41
0.384
0.314
0.308
0.283
0.366
0.297
0.286
0.242
0.275
0.306
0.409
0.378
0.263
0.178
0.166
0.215
0.203
0.182
0.185
0.193
0.374
0.607
0.407
0.418
0.613
0.314
0.311
0.292
0.287
0.297
0.307
0.301
0.317
0.309
0.353
0.387
0.227
0.161
0.187
0.211
0.186
0.169
0.187
0.194
0.428
0.312
0.268
0.276
0.435
0.313
0.294
0.335
0.399
0.283
0.276
0.378
0.327
0.332
0.334
0.354
0.244
0.177
0.188
0.197
0.187
0.179
0.187
0.186
0.451
0.283
0.273
0.269
0.435
0.311
0.292
0.335
0.399
0.329
0.269
0.378
0.345
0.341
0.328
0.346
0.244
0.196
0.185
0.181
0.188
0.199
0.189
0.167
0.468
0.303
0.273
0.278
0.475
0.311
0.312
0.327
0.32
0.337
0.324
0.349
0.345
0.339
0.341
0.346
0.233
0.2
0.178
0.18
0.202
0.194
0.175
0.18
0.47
0.29
0.261
0.279
0.435
0.31
0.3
0.356
0.291
0.389
0.333
0.313
0.346
0.358
0.333
0.321
0.24
0.214
0.161
0.17
0.214
0.202
0.155
0.45
0.527
0.311
0.245
0.279
0.455
0.31
0.293
0.316
0.299
0.417
0.333
0.306
0.38
0.364
0.333
0.32
0.29
0.154
0.173
0.222
0.207
0.154
0.158
0.21
0.281
0.698
0.363
0.418
0.618
0.304
0.311
0.305
0.367
0.294
0.283
0.275
0.298
0.305
0.328
0.387
0.29
0.165
0.165
0.222
0.215
0.146
0.158
0.211
0.386
0.373
0.295
0.327
0.713
0.26
0.286
0.305
0.382
0.295
0.282
0.333
0.404
0.319
0.328
0.386
0.243
0.214
0.16
0.166
0.217
0.202
0.148
0.447
0.546
0.317
0.23
0.275
0.437
0.322
0.295
0.347
0.304
0.438
0.332
0.276
0.382
0.364
0.334
0.304
0.218
0.201
0.156
0.183
0.214
0.185
0.144
0.464
0.54
0.346
0.242
0.289
0.437
0.314
0.288
0.351
0.317
0.394
0.324
0.3
0.37
0.366
0.33
0.303
0.212
0.199
0.16
0.186
0.214
0.18
0.15
0.464
0.503
0.336
0.258
0.262
0.405
0.314
0.282
0.354
0.317
0.394
0.286
0.309
0.369
0.363
0.33
0.304
0.212
0.193
0.177
0.187
0.194
0.189
0.171
0.46
0.673
0.407
0.29
0.267
0.445
0.318
0.285
0.331
0.362
0.363
0.274
0.319
0.376
0.354
0.331
0.321
0.208
0.18
0.186
0.197
0.187
0.179
0.183
0.196
0.621
0.395
0.29
0.272
0.401
0.326
0.318
0.333
0.342
0.355
0.294
0.315
0.358
0.363
0.334
0.329
0.3
0.165
0.155
0.216
0.217
0.146
0.143
0.209
0.315
0.481
0.264
0.503
0.52
0.283
0.249
0.293
0.428
0.304
0.233
0.268
0.347
0.319
0.312
0.369
0.272
0.197
0.182
0.208
0.217
0.188
0.154
0.205
0.505
0.369
0.262
0.503
0.471
0.285
0.208
0.26
0.387
0.324
0.269
0.322
0.404
0.319
0.302
0.373
0.184
0.185
0.214
0.188
0.17
0.201
0.201
0.179
0.605
0.407
0.28
0.25
0.393
0.404
0.333
0.284
0.345
0.337
0.293
0.339
0.366
0.352
0.354
0.34
0.167
0.202
0.226
0.175
0.156
0.222
0.209
0.163
0.605
0.458
0.273
0.237
0.421
0.415
0.333
0.277
0.36
0.333
0.3
0.368
0.362
0.336
0.369
0.34
0.16
0.196
0.232
0.176
0.157
0.23
0.207
0.154
0.565
0.509
0.261
0.254
0.447
0.484
0.326
0.284
0.38
0.327
0.285
0.376
0.395
0.326
0.361
0.361
0.179
0.184
0.22
0.192
0.167
0.209
0.201
0.176
0.381
0.433
0.255
0.277
0.377
0.484
0.328
0.306
0.343
0.301
0.298
0.381
0.413
0.328
0.361
0.366
0.182
0.184
0.22
0.193
0.173
0.21
0.201
0.174
0.394
0.436
0.255
0.283
0.523
0.472
0.311
0.313
0.355
0.315
0.297
0.398
0.426
0.308
0.394
0.344
0.299
0.193
0.184
0.219
0.216
0.188
0.164
0.21
0.395
0.369
0.409
0.503
0.324
0.285
0.286
0.301
0.387
0.324
0.295
0.317
0.315
0.335
0.345
0.362
0.27
0.221
0.193
0.258
0.205
0.263
0.164
0.232
0.392
0.414
0.486
0.265
0.366
0.272
0.303
0.352
0.365
0.305
0.357
0.322
0.344
0.372
0.345
0.398
0.217
0.174
0.223
0.193
0.189
0.203
0.188
0.366
0.432
0.424
0.286
0.283
0.551
0.409
0.403
0.348
0.348
0.325
0.308
0.384
0.435
0.302
0.41
0.326
0.248
0.164
0.217
0.204
0.192
0.207
0.172
0.397
0.432
0.417
0.27
0.319
0.518
0.42
0.488
0.348
0.394
0.323
0.335
0.383
0.453
0.301
0.412
0.355
0.265
0.151
0.232
0.213
0.197
0.206
0.157
0.407
0.475
0.393
0.263
0.338
0.551
0.381
0.488
0.356
0.383
0.339
0.342
0.376
0.441
0.293
0.437
0.323
0.301
0.154
0.239
0.218
0.191
0.242
0.142
0.42
0.425
0.442
0.247
0.338
0.627
0.381
0.478
0.358
0.38
0.38
0.353
0.356
0.491
0.287
0.437
0.31
0.306
0.147
0.254
0.211
0.183
0.254
0.132
0.427
0.385
0.465
0.242
0.344
0.479
0.398
0.458
0.377
0.369
0.361
0.365
0.319
0.485
0.287
0.43
0.316
0.301
0.198
0.186
0.272
0.17
0.292
0.145
0.265
0.187
0.553
0.503
0.362
0.337
0.32
0.303
0.352
0.302
0.204
0.395
0.322
0.392
0.372
0.385
0.332
0.293
0.217
0.187
0.274
0.115
0.293
0.105
0.285
0.265
0.553
0.416
0.377
0.346
0.358
0.263
0.351
0.381
0.235
0.395
0.347
0.432
0.42
0.34
0.436
0.299
0.177
0.24
0.235
0.158
0.267
0.127
0.265
0.268
0.475
0.238
0.344
0.458
0.409
0.351
0.36
0.356
0.352
0.375
0.3
0.509
0.287
0.418
0.329
0.289
0.205
0.223
0.243
0.161
0.266
0.149
0.259
0.288
0.434
0.26
0.313
0.476
0.399
0.287
0.36
0.314
0.352
0.376
0.241
0.502
0.293
0.418
0.324
0.26
0.247
0.18
0.259
0.165
0.256
0.177
0.233
0.327
0.426
0.293
0.289
0.41
0.441
0.314
0.329
0.331
0.37
0.376
0.267
0.502
0.3
0.422
0.324
0.24
0.259
0.17
0.269
0.159
0.257
0.182
0.225
0.383
0.396
0.3
0.262
0.356
0.434
0.423
0.389
0.34
0.343
0.389
0.305
0.444
0.341
0.413
0.332
0.242
0.259
0.173
0.279
0.136
0.268
0.193
0.201
0.425
0.373
0.3
0.261
0.361
0.433
0.423
0.378
0.365
0.37
0.499
0.366
0.416
0.384
0.398
0.326
0.288
0.222
0.207
0.258
0.192
0.29
0.187
0.285
0.305
0.476
0.409
0.377
0.32
0.358
0.283
0.281
0.32
0.237
0.384
0.366
0.432
0.431
0.323
0.37
0.238
0.262
0.201
0.217
0.277
0.21
0.261
0.253
0.305
0.43
0.311
0.352
0.46
0.305
0.295
0.253
0.492
0.237
0.385
0.366
0.445
0.431
0.333
0.37
0.262
0.219
0.21
0.264
0.159
0.258
0.193
0.213
0.426
0.37
0.284
0.289
0.361
0.399
0.456
0.352
0.429
0.391
0.47
0.392
0.396
0.384
0.409
0.343
0.3
0.185
0.233
0.252
0.171
0.255
0.198
0.207
0.426
0.339
0.288
0.28
0.368
0.399
0.479
0.348
0.423
0.411
0.429
0.416
0.353
0.403
0.396
0.343
0.3
0.159
0.255
0.22
0.194
0.242
0.194
0.22
0.353
0.403
0.256
0.303
0.386
0.334
0.464
0.363
0.437
0.388
0.469
0.428
0.337
0.421
0.388
0.343
0.305
0.146
0.255
0.22
0.194
0.24
0.205
0.203
0.311
0.397
0.289
0.303
0.385
0.326
0.365
0.308
0.437
0.41
0.43
0.416
0.346
0.39
0.408
0.326
0.305
0.148
0.25
0.207
0.206
0.238
0.192
0.218
0.228
0.43
0.297
0.278
0.393
0.315
0.365
0.328
0.402
0.397
0.281
0.418
0.397
0.402
0.428
0.312
0.287
0.262
0.201
0.199
0.277
0.201
0.261
0.256
0.192
0.442
0.315
0.34
0.465
0.303
0.295
0.269
0.387
0.232
0.321
0.308
0.378
0.355
0.388
0.304
0.322
0.294
0.199
0.189
0.284
0.201
0.261
0.256
0.175
0.459
0.288
0.34
0.465
0.337
0.27
0.325
0.411
0.283
0.387
0.231
0.494
0.306
0.388
0.341
0.302
0.179
0.237
0.234
0.199
0.227
0.235
0.179
0.239
0.41
0.359
0.263
0.419
0.336
0.337
0.36
0.318
0.364
0.291
0.418
0.36
0.402
0.389
0.329
0.272
0.2
0.24
0.228
0.215
0.225
0.232
0.199
0.224
0.396
0.388
0.304
0.416
0.368
0.287
0.367
0.304
0.333
0.33
0.371
0.401
0.377
0.411
0.34
0.265
0.208
0.247
0.228
0.212
0.242
0.213
0.225
0.232
0.373
0.388
0.483
0.452
0.382
0.314
0.367
0.273
0.367
0.302
0.341
0.448
0.354
0.4
0.366
0.235
0.241
0.226
0.213
0.236
0.202
0.24
0.213
0.266
0.372
0.338
0.526
0.408
0.394
0.332
0.341
0.31
0.348
0.315
0.381
0.437
0.368
0.388
0.376
0.227
0.241
0.236
0.199
0.247
0.193
0.24
0.222
0.299
0.356
0.307
0.528
0.408
0.394
0.359
0.286
0.35
0.318
0.333
0.358
0.384
0.354
0.336
0.402
0.322
0.291
0.192
0.209
0.28
0.186
0.272
0.279
0.228
0.459
0.355
0.37
0.439
0.352
0.308
0.325
0.267
0.276
0.386
0.246
0.437
0.366
0.357
0.379
0.24
0.291
0.178
0.242
0.28
0.134
0.289
0.191
0.351
0.453
0.355
0.399
0.433
0.352
0.251
0.303
0.285
0.29
0.395
0.272
0.513
0.371
0.34
0.391
0.225
0.219
0.259
0.191
0.247
0.214
0.201
0.251
0.362
0.356
0.316
0.528
0.383
0.367
0.372
0.294
0.35
0.351
0.343
0.395
0.439
0.35
0.378
0.37
0.265
0.206
0.263
0.19
0.247
0.21
0.211
0.235
0.364
0.413
0.249
0.487
0.467
0.397
0.387
0.313
0.322
0.379
0.319
0.406
0.448
0.348
0.395
0.364
0.265
0.222
0.241
0.207
0.243
0.19
0.243
0.193
0.431
0.37
0.27
0.322
0.424
0.389
0.366
0.347
0.303
0.38
0.319
0.414
0.403
0.366
0.394
0.354
0.306
0.173
0.265
0.185
0.241
0.216
0.209
0.231
0.411
0.388
0.258
0.321
0.424
0.382
0.328
0.387
0.273
0.382
0.33
0.371
0.446
0.34
0.417
0.349
0.312
0.173
0.26
0.179
0.249
0.202
0.218
0.221
0.396
0.39
0.252
0.314
0.403
0.414
0.329
0.387
0.228
0.4
0.331
0.353
0.475
0.315
0.418
0.334
0.205
0.289
0.14
0.264
0.245
0.163
0.281
0.178
0.379
0.423
0.381
0.523
0.437
0.53
0.297
0.321
0.299
0.314
0.394
0.319
0.439
0.404
0.326
0.391
0.271
0.288
0.209
0.264
0.216
0.182
0.281
0.157
0.379
0.495
0.332
0.611
0.356
0.528
0.264
0.366
0.299
0.353
0.399
0.306
0.484
0.369
0.356
0.386
0.282
0.21
0.254
0.186
0.249
0.183
0.233
0.202
0.391
0.39
0.211
0.32
0.382
0.414
0.313
0.394
0.259
0.397
0.318
0.357
0.473
0.325
0.419
0.329
0.261
0.209
0.242
0.191
0.228
0.195
0.216
0.208
0.391
0.411
0.414
0.365
0.318
0.371
0.287
0.389
0.29
0.383
0.332
0.356
0.447
0.333
0.399
0.301
0.28
0.171
0.262
0.183
0.238
0.195
0.212
0.208
0.335
0.463
0.397
0.35
0.291
0.358
0.301
0.375
0.375
0.36
0.354
0.334
0.447
0.313
0.399
0.281
0.254
0.187
0.239
0.193
0.226
0.192
0.212
0.195
0.35
0.444
0.398
0.337
0.289
0.381
0.301
0.383
0.359
0.378
0.338
0.365
0.4
0.348
0.358
0.312
0.224
0.213
0.209
0.21
0.212
0.191
0.215
0.176
0.385
0.424
0.419
0.326
0.303
0.356
0.289
0.381
0.398
0.348
0.352
0.365
0.395
0.316
0.369
0.28
0.283
0.23
0.247
0.215
0.216
0.203
0.226
0.23
0.21
0.554
0.327
0.611
0.293
0.53
0.264
0.373
0.299
0.353
0.339
0.34
0.406
0.371
0.367
0.355
0.283
0.145
0.291
0.17
0.209
0.233
0.162
0.262
0.134
0.554
0.294
0.477
0.314
0.346
0.261
0.334
0.254
0.359
0.339
0.384
0.406
0.379
0.367
0.362
0.249
0.177
0.224
0.186
0.212
0.194
0.203
0.201
0.301
0.511
0.384
0.353
0.294
0.371
0.299
0.352
0.416
0.314
0.381
0.366
0.344
0.347
0.335
0.308
0.224
0.183
0.219
0.185
0.215
0.185
0.214
0.187
0.322
0.443
0.291
0.295
0.351
0.383
0.328
0.324
0.425
0.307
0.37
0.406
0.34
0.358
0.322
0.328
0.206
0.219
0.188
0.209
0.184
0.2
0.201
0.188
0.377
0.379
0.316
0.272
0.366
0.407
0.312
0.331
0.384
0.286
0.39
0.424
0.339
0.416
0.32
0.363
0.217
0.216
0.211
0.205
0.182
0.22
0.193
0.203
0.592
0.385
0.376
0.244
0.462
0.413
0.358
0.319
0.384
0.285
0.405
0.392
0.382
0.382
0.358
0.339
0.226
0.229
0.196
0.217
0.192
0.205
0.219
0.185
0.605
0.383
0.361
0.29
0.493
0.421
0.334
0.33
0.39
0.329
0.377
0.41
0.403
0.382
0.352
0.384
0.245
0.171
0.263
0.17
0.242
0.233
0.203
0.262
0.17
0.524
0.409
0.367
0.356
0.32
0.265
0.302
0.185
0.342
0.246
0.436
0.335
0.431
0.316
0.362
0.26
0.17
0.263
0.218
0.242
0.245
0.244
0.209
0.245
0.462
0.448
0.312
0.364
0.285
0.251
0.338
0.312
0.406
0.32
0.474
0.318
0.431
0.367
0.418
0.258
0.22
0.201
0.24
0.189
0.215
0.239
0.151
0.67
0.281
0.394
0.295
0.493
0.453
0.345
0.323
0.389
0.338
0.379
0.394
0.454
0.357
0.36
0.388
0.235
0.222
0.199
0.24
0.192
0.215
0.25
0.151
0.67
0.281
0.291
0.381
0.446
0.453
0.336
0.349
0.354
0.367
0.38
0.356
0.474
0.336
0.373
0.387
0.258
0.22
0.246
0.216
0.209
0.24
0.214
0.181
0.619
0.315
0.317
0.374
0.445
0.469
0.336
0.336
0.353
0.367
0.364
0.378
0.474
0.307
0.373
0.363
0.315
0.22
0.23
0.238
0.184
0.238
0.245
0.138
0.382
0.265
0.327
0.42
0.355
0.513
0.319
0.312
0.397
0.365
0.336
0.401
0.487
0.31
0.352
0.409
0.302
0.225
0.255
0.226
0.156
0.28
0.244
0.132
0.329
0.316
0.327
0.378
0.316
0.514
0.355
0.335
0.398
0.365
0.386
0.415
0.43
0.34
0.367
0.41
0.32
0.223
0.213
0.227
0.292
0.159
0.248
0.153
0.245
0.474
0.448
0.458
0.317
0.308
0.293
0.338
0.35
0.335
0.413
0.47
0.384
0.355
0.437
0.391
0.289
0.229
0.164
0.288
0.253
0.166
0.266
0.187
0.21
0.525
0.345
0.408
0.353
0.346
0.321
0.317
0.357
0.379
0.413
0.479
0.384
0.292
0.455
0.358
0.33
0.23
0.271
0.225
0.202
0.238
0.262
0.172
0.255
0.333
0.368
0.321
0.306
0.526
0.361
0.322
0.399
0.372
0.368
0.44
0.395
0.357
0.384
0.379
0.344
0.25
0.281
0.211
0.202
0.283
0.217
0.199
0.26
0.333
0.412
0.288
0.289
0.526
0.375
0.289
0.409
0.375
0.36
0.44
0.386
0.357
0.401
0.372
0.338
0.251
0.269
0.213
0.22
0.246
0.23
0.209
0.228
0.36
0.396
0.288
0.277
0.482
0.381
0.275
0.409
0.403
0.324
0.435
0.397
0.372
0.424
0.372
0.325
0.287
0.257
0.217
0.246
0.203
0.253
0.21
0.204
0.459
0.339
0.25
0.277
0.444
0.39
0.275
0.4
0.384
0.334
0.447
0.353
0.399
0.445
0.323
0.363
0.283
0.225
0.2
0.267
0.184
0.21
0.255
0.197
0.416
0.387
0.23
0.258
0.446
0.387
0.22
0.382
0.384
0.345
0.426
0.356
0.431
0.427
0.306
0.38
0.329
0.14
0.242
0.288
0.103
0.266
0.227
0.437
0.567
0.441
0.403
0.58
0.346
0.336
0.279
0.294
0.34
0.324
0.391
0.44
0.283
0.431
0.329
0.33
0.285
0.214
0.267
0.251
0.194
0.27
0.227
0.502
0.55
0.441
0.301
0.58
0.443
0.349
0.237
0.34
0.378
0.242
0.439
0.404
0.288
0.446
0.335
0.339
0.283
0.223
0.181
0.254
0.233
0.192
0.21
0.245
0.429
0.335
0.268
0.248
0.372
0.394
0.237
0.348
0.412
0.364
0.379
0.383
0.412
0.408
0.35
0.365
0.273
0.184
0.226
0.225
0.209
0.225
0.184
0.244
0.429
0.348
0.251
0.233
0.411
0.387
0.244
0.33
0.389
0.408
0.361
0.366
0.456
0.362
0.378
0.365
0.265
0.19
0.235
0.224
0.202
0.263
0.151
0.256
0.416
0.334
0.274
0.206
0.44
0.374
0.225
0.348
0.399
0.408
0.361
0.365
0.446
0.333
0.378
0.352
0.246
0.19
0.241
0.216
0.204
0.262
0.156
0.256
0.428
0.334
0.266
0.238
0.398
0.367
0.251
0.352
0.428
0.447
0.313
0.366
0.476
0.293
0.394
0.355
0.209
0.189
0.268
0.18
0.185
0.282
0.119
0.241
0.422
0.348
0.266
0.262
0.367
0.355
0.306
0.369
0.426
0.439
0.328
0.393
0.443
0.298
0.333
0.355
0.345
0.205
0.22
0.279
0.194
0.241
0.239
0.502
0.521
0.506
0.304
0.569
0.386
0.365
0.299
0.297
0.362
0.223
0.403
0.404
0.288
0.443
0.335
0.355
0.295
0.2
0.224
0.28
0.192
0.241
0.246
0.168
0.888
0.522
0.304
0.355
0.448
0.377
0.217
0.313
0.414
0.277
0.535
0.408
0.329
0.443
0.365
0.355
0.224
0.144
0.289
0.187
0.147
0.294
0.12
0.222
0.413
0.355
0.268
0.258
0.441
0.338
0.297
0.387
0.424
0.416
0.344
0.385
0.443
0.337
0.291
0.358
0.235
0.138
0.276
0.208
0.128
0.294
0.133
0.196
0.413
0.332
0.284
0.255
0.482
0.329
0.298
0.42
0.424
0.44
0.346
0.384
0.413
0.337
0.292
0.358
0.227
0.136
0.276
0.209
0.123
0.288
0.145
0.173
0.425
0.321
0.292
0.263
0.48
0.36
0.298
0.42
0.422
0.44
0.336
0.419
0.422
0.353
0.318
0.372
0.214
0.155
0.258
0.201
0.167
0.27
0.164
0.179
0.37
0.361
0.325
0.325
0.461
0.424
0.303
0.403
0.432
0.399
0.359
0.419
0.387
0.374
0.299
0.37
0.206
0.168
0.243
0.186
0.206
0.227
0.176
0.194
0.366
0.351
0.325
0.314
0.516
0.413
0.284
0.368
0.436
0.347
0.388
0.389
0.378
0.396
0.308
0.378
0.295
0.197
0.2
0.28
0.194
0.221
0.246
0.298
0.803
0.522
0.256
0.355
0.336
0.377
0.331
0.231
0.36
0.262
0.508
0.422
0.329
0.45
0.36
0.343
0.249
0.266
0.177
0.241
0.268
0.153
0.262
0.326
0.88
0.472
0.232
0.373
0.336
0.345
0.286
0.297
0.352
0.335
0.489
0.464
0.363
0.369
0.446
0.255
0.182
0.207
0.212
0.183
0.236
0.179
0.208
0.172
0.386
0.363
0.279
0.356
0.44
0.415
0.291
0.33
0.439
0.331
0.411
0.364
0.385
0.365
0.309
0.382
0.158
0.215
0.179
0.199
0.238
0.155
0.208
0.157
0.386
0.376
0.27
0.36
0.364
0.416
0.366
0.372
0.439
0.298
0.411
0.358
0.417
0.365
0.304
0.382
0.153
0.213
0.18
0.192
0.238
0.161
0.206
0.166
0.39
0.376
0.275
0.36
0.351
0.397
0.366
0.389
0.407
0.308
0.42
0.336
0.415
0.352
0.306
0.39
0.148
0.214
0.173
0.194
0.235
0.156
0.209
0.158
0.364
0.426
0.244
0.299
0.404
0.323
0.36
0.389
0.386
0.301
0.434
0.343
0.409
0.339
0.315
0.376
0.139
0.23
0.14
0.222
0.203
0.156
0.223
0.132
0.415
0.378
0.253
0.282
0.351
0.332
0.326
0.42
0.391
0.34
0.407
0.338
0.416
0.307
0.356
0.328
0.229
0.266
0.135
0.235
0.268
0.164
0.236
0.332
0.333
0.331
0.307
0.359
0.394
0.301
0.31
0.34
0.267
0.324
0.335
0.441
0.383
0.348
0.443
0.255
0.169
0.267
0.13
0.241
0.213
0.177
0.252
0.131
0.441
0.331
0.337
0.355
0.381
0.314
0.165
0.34
0.251
0.361
0.325
0.396
0.385
0.239
0.443
0.214
0.18
0.214
0.142
0.235
0.163
0.2
0.191
0.164
0.371
0.412
0.258
0.251
0.364
0.322
0.351
0.417
0.447
0.366
0.401
0.338
0.411
0.307
0.359
0.325
0.171
0.198
0.177
0.184
0.211
0.173
0.2
0.175
0.344
0.365
0.297
0.279
0.342
0.344
0.26
0.35
0.447
0.364
0.401
0.349
0.367
0.316
0.352
0.328
0.194
0.186
0.189
0.178
0.211
0.18
0.199
0.178
0.321
0.365
0.324
0.287
0.369
0.316
0.266
0.37
0.428
0.394
0.372
0.372
0.399
0.294
0.375
0.297
0.196
0.212
0.166
0.206
0.187
0.182
0.215
0.159
0.426
0.281
0.343
0.271
0.309
0.323
0.273
0.405
0.386
0.421
0.352
0.355
0.414
0.27
0.407
0.273
0.223
0.201
0.165
0.231
0.177
0.197
0.211
0.159
0.429
0.29
0.372
0.336
0.324
0.319
0.33
0.389
0.334
0.515
0.342
0.379
0.401
0.31
0.379
0.29
0.261
0.232
0.135
0.246
0.13
0.255
0.2
0.191
0.339
0.4
0.345
0.276
0.421
0.303
0.305
0.326
0.28
0.343
0.313
0.346
0.385
0.341
0.443
0.253
0.285
0.215
0.177
0.236
0.13
0.279
0.206
0.195
0.467
0.352
0.331
0.401
0.319
0.321
0.231
0.31
0.313
0.351
0.372
0.345
0.449
0.388
0.368
0.361
0.221
0.201
0.196
0.209
0.204
0.182
0.211
0.165
0.403
0.344
0.372
0.352
0.362
0.317
0.339
0.389
0.273
0.515
0.302
0.421
0.395
0.315
0.395
0.257
0.242
0.227
0.156
0.251
0.18
0.185
0.23
0.155
0.414
0.346
0.336
0.37
0.389
0.322
0.347
0.359
0.319
0.513
0.344
0.405
0.434
0.346
0.374
0.305
0.193
0.254
0.162
0.225
0.218
0.142
0.261
0.152
0.351
0.435
0.298
0.451
0.341
0.345
0.36
0.299
0.368
0.472
0.369
0.363
0.389
0.382
0.344
0.341
0.202
0.223
0.204
0.2
0.236
0.156
0.227
0.198
0.226
0.512
0.277
0.446
0.371
0.309
0.376
0.269
0.39
0.466
0.339
0.403
0.364
0.382
0.333
0.335
0.225
0.205
0.225
0.198
0.236
0.169
0.225
0.198
0.219
0.518
0.241
0.405
0.412
0.326
0.34
0.25
0.415
0.364
0.348
0.41
0.36
0.368
0.328
0.317
0.285
0.201
0.187
0.236
0.191
0.279
0.176
0.238
0.302
0.483
0.331
0.435
0.376
0.257
0.365
0.259
0.313
0.331
0.369
0.386
0.428
0.388
0.375
0.361
0.227
0.196
0.245
0.185
0.232
0.27
0.176
0.229
0.468
0.356
0.39
0.435
0.364
0.272
0.22
0.353
0.292
0.339
0.411
0.313
0.578
0.316
0.381
0.402
0.24
0.205
0.191
0.236
0.204
0.185
0.228
0.16
0.328
0.404
0.249
0.411
0.353
0.375
0.3
0.271
0.407
0.324
0.395
0.37
0.361
0.375
0.292
0.366
0.219
0.198
0.2
0.188
0.227
0.196
0.189
0.206
0.302
0.475
0.233
0.358
0.364
0.326
0.316
0.277
0.393
0.365
0.342
0.397
0.315
0.353
0.323
0.314
0.259
0.171
0.196
0.211
0.177
0.226
0.159
0.207
0.372
0.382
0.262
0.248
0.438
0.352
0.295
0.279
0.395
0.376
0.306
0.433
0.338
0.318
0.369
0.271
0.259
0.202
0.171
0.211
0.185
0.224
0.152
0.213
0.42
0.317
0.27
0.248
0.46
0.352
0.272
0.289
0.39
0.375
0.306
0.408
0.348
0.3
0.374
0.269
0.252
0.199
0.171
0.2
0.184
0.23
0.129
0.215
0.352
0.358
0.285
0.209
0.416
0.329
0.256
0.321
0.346
0.376
0.306
0.379
0.371
0.298
0.396
0.283
0.143
0.255
0.25
0.111
0.287
0.21
0.151
0.262
0.266
0.472
0.366
0.286
0.385
0.233
0.293
0.378
0.21
0.339
0.378
0.314
0.553
0.29
0.386
0.397
0.143
0.219
0.25
0.11
0.255
0.21
0.174
0.259
0.29
0.34
0.403
0.26
0.35
0.233
0.231
0.378
0.256
0.302
0.378
0.237
0.553
0.355
0.311
0.397
0.216
0.223
0.166
0.199
0.192
0.202
0.143
0.215
0.354
0.364
0.272
0.184
0.513
0.374
0.262
0.305
0.343
0.376
0.291
0.375
0.361
0.301
0.396
0.265
0.241
0.213
0.137
0.256
0.149
0.202
0.181
0.161
0.355
0.369
0.237
0.206
0.476
0.395
0.27
0.29
0.388
0.347
0.305
0.38
0.357
0.327
0.379
0.274
0.242
0.213
0.136
0.274
0.156
0.181
0.217
0.143
0.309
0.622
0.265
0.247
0.482
0.378
0.426
0.279
0.366
0.381
0.3
0.393
0.339
0.335
0.42
0.271
0.27
0.213
0.13
0.274
0.156
0.181
0.232
0.14
0.323
0.656
0.256
0.276
0.472
0.378
0.441
0.286
0.349
0.384
0.31
0.398
0.381
0.329
0.422
0.286
0.238
0.253
0.132
0.253
0.205
0.149
0.234
0.176
0.34
0.646
0.226
0.29
0.55
0.358
0.518
0.285
0.349
0.405
0.308
0.419
0.38
0.339
0.437
0.279
