0.0
0.0
0.0
0.0
0.0
0.0
0.0
0.0
0.0
0.0
0.0
0.0
0.0
0.0
0.0
0.0
0.0
0.0
0.0
0.0
0.0
0.0
0.0
0.0
0.0
0.0
0.0
0.0
0.0
0.0
0.0
0.0
0.0
0.0
0.0
0.0
0.0
0.0
0.0
0.0
0.0
0.0
0.0
0.0
0.0
0.0
0.0
0.0
0.0
0.0
0.0
0.0
0.0
0.0
0.0
0.0
0.0
0.0
0.0
0.0
0.0
0.0
0.0
0.0
0.0
0.0
0.0
0.0
0.0
0.0
0.0
0.0
0.0
0.0
0.0
0.0
0.0
0.0
0.0
0.0
0.0
0.0
0.0
0.0
0.0
0.0
0.0
0.0
0.0
0.0
0.0
0.0
0.0
0.0
0.0
0.0
0.0
0.0
0.0
0.0
0.0
0.0
0.0
0.0
0.0
0.0
0.0
0.0
0.0
0.0
0.0
0.0
0.0
0.0
0.0
0.0
0.0
0.0
0.0
0.0
0.0
0.0
0.0
0.0
0.0
0.0
0.0
0.0
0.0
0.0
0.0
0.0
0.0
0.0
0.0
0.0
0.0
0.0
0.0
0.0
0.0
0.0
0.0
0.0
0.0
0.0
0.0
0.0
0.0
0.0
0.0
0.0
0.0
0.0
0.0
0.0
0.0
0.0
0.0
0.0
0.0
0.0
0.0
0.0
0.0
0.0
0.0
0.0
0.0
0.0
0.0
0.0
0.0
0.0
0.0
0.0
0.0
0.0
0.0
0.0
0.0
0.0
0.0
0.0
0.0
0.0
0.0
0.0
0.0
0.0
0.0
0.0
0.0
0.0
0.0
0.0
0.0
0.0
0.0
0.0
0.0
0.0
0.0
0.0
0.0
0.0
0.0
0.0
0.0
0.0
0.0
0.0
0.0
0.0
0.0
0.0
0.0
0.0
0.0
0.0
0.0
0.0
0.0
0.0
0.0
0.0
0.0
0.0
0.0
0.0
0.0
0.0
0.0
0.0
0.0
0.0
0.0
0.0
0.0
0.0
0.0
0.0
0.0
0.0
0.0
0.0
0.0
0.0
0.0
0.0
0.0
0.0
0.0
0.0
0.0
0.0
0.0
0.0
0.0
0.0
0.0
0.0
0.0
0.0
0.0
0.0
0.0
0.0
0.0
0.0
0.0
0.0
0.0
0.0
0.0
0.0
0.0
0.0
0.0
0.0
0.0
0.0
0.0
0.0
0.0
0.0
0.0
0.0
0.0
0.0
0.0
0.0
0.0
0.0
0.0
0.0
0.0
0.0
0.0
0.0
0.0
0.0
0.0
0.0
0.0
0.0
0.0
0.0
0.0
0.0
0.0
0.0
0.0
0.0
0.0
0.0
0.0
0.0
0.0
0.0
0.0
0.0
0.0
0.0
0.0
0.0
0.0
0.0
0.0
0.0
0.0
0.0
0.0
0.0
0.0
0.0
0.0
0.0
0.0
0.0
0.0
0.0
0.0
0.0
0.0
0.0
0.0
0.0
0.0
0.0
0.0
0.0
0.0
0.0
0.0
0.0
0.0
0.0
0.0
0.0
0.0
0.0
0.0
0.0
0.0
0.0
0.0
0.0
0.0
0.0
0.0
0.0
0.0
0.0
0.0
0.0
0.0
0.0
0.0
0.0
0.0
0.0
0.0
0.0
0.0
0.0
0.0
0.0
0.0
0.0
0.0
0.0
0.0
0.0
0.0
0.0
0.0
0.0
0.0
0.0
0.0
0.0
0.0
0.0
0.0
0.0
0.0
0.0
0.0
0.0
0.0
0.0
0.0
0.0
0.0
0.0
0.0
0.0
0.0
0.0
0.0
0.0
0.0
0.0
0.0
0.0
0.0
0.0
0.0
0.0
0.0
0.0
0.0
0.0
0.0
0.0
0.0
0.0
0.0
0.0
0.0
0.0
0.0
0.0
0.0
0.0
0.0
0.0
0.0
0.0
0.0
0.0
0.0
0.0
0.0
0.0
0.0
0.0
0.0
0.0
0.0
0.0
0.0
0.0
0.0
0.0
0.0
0.0
0.0
0.0
0.0
0.0
0.0
0.0
0.0
0.0
0.0
0.0
0.0
0.0
0.0
0.0
0.0
0.0
0.0
0.0
0.0
0.0
0.0
0.0
0.0
0.0
0.0
0.0
0.0
0.0
0.0
0.0
0.0
0.0
0.0
0.0
0.0
0.0
0.0
0.0
0.0
0.0
0.0
0.0
0.0
0.0
0.0
0.0
0.0
0.0
0.0
0.0
0.0
0.0
0.0
0.0
0.0
0.0
0.0
0.0
0.0
0.0
0.0
0.0
0.0
0.0
0.0
0.0
0.0
0.0
0.0
0.0
0.0
0.0
0.0
0.0
0.0
0.0
0.0
0.0
0.0
0.0
0.0
0.0
0.0
0.0
0.0
0.0
0.0
0.0
0.0
0.0
0.0
0.0
0.0
0.0
0.0
0.0
0.0
0.0
0.0
0.0
0.0
0.0
0.0
0.0
0.0
0.0
0.0
0.0
0.0
0.0
0.0
0.0
0.0
0.0
0.0
0.0
0.0
0.0
0.0
0.0
0.0
0.0
0.0
0.0
0.0
0.0
0.0
0.0
0.0
0.0
0.0
0.0
0.0
0.0
0.0
0.0
0.0
0.0
0.0
0.0
0.0
0.0
0.0
0.0
0.0
0.0
0.0
0.0
0.0
0.0
0.0
0.0
0.0
0.0
0.0
0.0
0.0
0.0
0.0
0.0
0.0
0.0
0.0
0.0
0.0
0.0
0.0
0.0
0.0
0.0
0.0
0.0
0.0
0.0
0.0
0.0
0.0
0.0
0.0
0.0
0.0
0.0
0.0
0.0
0.0
0.0
0.0
0.0
0.0
0.0
0.0
0.0
0.0
0.0
0.0
0.0
0.0
0.0
0.0
0.0
0.0
0.0
0.0
0.0
0.0
0.0
0.0
0.0
0.0
0.0
0.0
0.0
0.0
0.0
0.0
0.0
0.0
0.0
0.0
0.0
0.0
0.0
0.0
0.0
0.0
0.0
0.0
0.0
0.0
0.0
0.0
0.0
0.0
0.0
0.0
0.0
0.0
0.0
0.0
0.0
0.0
0.0
0.0
0.0
0.0
0.0
0.0
0.0
0.0
0.0
0.0
0.0
0.0
0.0
0.0
0.0
0.0
0.0
0.0
0.0
0.0
0.0
0.0
0.0
0.0
0.0
0.0
0.0
0.0
0.0
0.0
0.0
0.0
0.0
0.0
0.0
0.0
0.0
0.0
0.0
0.0
0.0
0.0
0.0
0.0
0.0
0.0
0.0
0.0
0.0
0.0
0.0
0.0
0.0
0.0
0.0
0.0
0.0
0.0
0.0
0.0
0.0
0.0
0.0
0.0
0.0
0.0
0.0
0.0
0.0
0.0
0.0
0.0
0.0
0.0
0.0
0.0
0.0
0.0
0.0
0.0
0.0
0.0
0.0
0.0
0.0
0.0
0.0
0.0
0.0
0.0
0.0
0.0
0.0
0.0
0.0
0.0
0.0
0.0
0.0
0.0
0.0
0.0
0.0
0.0
0.0
0.0
0.0
0.0
0.0
0.0
0.0
0.0
0.0
0.0
0.0
0.0
0.0
0.0
0.0
0.0
0.0
0.0
0.0
0.0
0.0
0.0
0.0
0.0
0.0
0.0
0.0
0.0
0.516
0.533
0.519
0.51
0.524
0.494
0.598
0.497
1.392
1.649
1.415
1.077
1.235
1.348
1.311
0.805
1.098
3.571
3.603
1.533
1.776
1.781
1.409
1.044
0.517
0.518
0.538
0.503
0.54
0.51
0.606
0.497
1.416
1.607
1.415
1.115
1.227
0.997
0.85
0.701
1.139
3.571
3.38
1.645
1.669
1.737
1.407
1.034
0.479
0.54
0.545
0.55
0.544
0.505
0.606
0.483
1.433
1.555
1.71
1.363
1.187
1.025
0.867
1.046
1.505
2.543
2.653
1.451
1.492
1.719
1.406
1.018
0.525
0.559
0.563
0.55
0.546
0.505
0.543
0.445
1.09
1.388
1.578
1.466
1.753
1.09
0.908
1.136
1.672
1.767
2.029
1.34
1.653
1.361
1.071
1.468
0.684
0.692
1.019
0.544
0.802
0.773
0.715
0.742
2.253
1.529
3.246
3.088
1.883
0.547
0.612
0.643
0.868
1.336
3.271
3.157
2.35
1.771
2.29
1.468
0.684
0.692
1.019
0.544
0.809
0.773
0.776
0.859
2.146
1.592
3.246
3.268
3.321
0.695
0.507
0.589
0.658
0.966
2.899
3.157
2.35
1.771
2.29
1.012
0.473
0.525
0.511
0.508
0.513
0.524
0.555
0.593
1.09
1.34
1.574
1.34
1.753
0.928
0.746
1.136
1.499
2.318
1.833
1.728
1.882
1.377
0.999
0.496
0.502
0.506
0.547
0.539
0.53
0.496
0.514
0.583
0.842
1.229
1.111
1.34
1.753
0.928
0.746
1.136
1.209
2.113
1.391
1.501
1.408
1.341
0.978
0.471
0.532
0.528
0.517
0.518
0.489
0.455
0.5
0.593
0.753
1.065
1.063
1.25
1.612
0.831
0.705
1.027
1.16
2.072
0.801
1.153
1.298
1.222
0.872
0.448
0.57
0.51
0.511
0.471
0.495
0.453
0.503
0.602
0.763
1.003
0.658
0.808
1.147
0.727
0.678
0.712
1.014
2.337
1.143
1.16
1.361
1.174
0.869
0.428
0.551
0.514
0.546
0.473
0.484
0.455
0.516
0.602
0.498
1.047
1.079
0.879
0.777
0.787
0.744
0.754
1.55
2.327
1.154
1.207
1.18
1.086
0.85
1.204
0.564
0.605
0.574
0.532
0.825
0.754
0.776
0.859
2.146
1.592
0.756
0.72
2.008
0.695
0.492
0.589
0.558
0.638
0.843
1.516
0.811
0.783
1.432
0.665
0.556
0.542
0.521
0.462
0.433
0.515
0.545
0.706
1.676
2.996
2.37
0.719
1.98
0.627
0.44
0.517
0.502
0.564
0.507
0.514
0.437
0.445
0.456
0.459
0.559
0.579
0.57
0.509
0.484
0.408
0.477
0.574
1.0
1.345
1.442
0.831
0.712
0.623
0.693
0.793
1.613
1.244
1.126
1.438
0.794
0.75
0.546
0.457
0.559
0.579
0.551
0.465
0.448
0.404
0.477
0.563
1.0
1.345
1.426
0.809
0.71
0.628
0.693
0.789
1.613
1.226
1.126
1.438
0.765
0.75
0.546
0.447
0.524
0.54
0.52
0.427
0.466
0.4
0.456
0.553
0.978
1.288
1.381
0.823
0.689
0.628
0.68
0.772
1.55
1.204
1.107
1.419
0.765
0.744
0.519
0.435
0.485
0.506
0.482
0.389
0.439
0.381
0.413
0.55
0.946
1.226
1.334
0.802
0.644
0.589
0.646
0.649
1.272
0.543
0.56
1.273
0.589
0.628
0.411
0.403
0.436
0.45
0.406
0.368
0.454
0.379
0.371
0.525
0.898
0.656
0.742
0.461
0.365
0.405
0.446
0.441
0.442
0.429
0.437
1.162
0.482
0.485
0.387
0.546
0.556
0.501
0.502
0.462
0.463
0.446
0.425
0.503
1.577
2.861
2.37
0.504
0.422
0.379
0.44
0.44
0.347
0.517
0.494
0.45
0.427
0.423
0.427
0.458
0.467
0.369
0.381
0.446
0.475
0.372
0.383
0.465
1.482
2.734
2.308
0.405
0.343
0.343
0.362
0.382
0.358
0.447
0.36
0.358
0.338
0.366
0.372
0.355
0.392
0.401
0.354
0.318
0.413
0.344
0.326
0.388
0.408
0.345
0.333
0.398
0.309
0.361
0.412
0.361
0.312
0.361
0.347
0.349
0.36
0.402
0.356
0.332
0.362
0.403
0.393
0.348
0.396
0.354
0.315
0.358
0.406
0.631
0.444
0.462
0.331
0.445
1.233
0.567
0.426
0.473
0.645
0.452
0.444
0.452
0.411
0.318
0.385
0.441
0.405
0.357
0.355
0.349
0.313
0.361
1.015
0.757
0.467
0.46
0.33
0.553
1.413
0.668
0.514
0.581
1.112
0.594
0.52
0.539
0.577
0.367
0.408
0.444
0.417
0.357
0.361
0.368
0.322
0.33
1.684
2.071
1.466
1.185
0.461
1.67
1.78
0.768
0.841
1.786
1.528
0.824
0.817
0.771
0.822
0.464
0.43
0.444
0.417
0.351
0.322
0.348
0.334
0.325
2.736
3.114
1.543
1.146
0.462
1.705
1.78
0.768
0.845
1.772
1.483
0.808
0.817
0.771
0.847
0.381
0.361
0.322
0.339
0.372
0.475
0.391
0.378
0.348
0.316
0.307
0.443
0.438
0.403
0.34
0.32
0.312
0.472
1.4
1.426
0.631
0.608
0.683
0.463
0.677
0.355
0.325
0.329
0.324
0.389
0.42
0.424
0.417
0.431
0.685
0.401
0.841
0.503
0.365
0.397
0.356
0.472
1.66
2.652
1.414
1.595
1.667
0.836
0.474
0.419
0.42
0.402
0.342
0.321
0.369
0.373
0.339
2.712
3.114
1.543
1.146
0.468
1.705
1.765
0.755
0.927
1.917
1.486
0.806
0.967
1.16
1.15
0.477
0.439
0.419
0.391
0.317
0.321
0.366
0.359
0.352
3.079
3.726
1.951
1.081
0.467
1.66
1.373
0.624
0.923
2.167
1.647
0.924
0.97
1.193
1.183
0.517
0.477
0.385
0.369
0.289
0.325
0.355
0.4
0.392
2.616
3.598
1.926
1.086
0.495
1.578
1.222
0.595
0.923
2.163
1.267
1.008
0.989
1.19
1.044
0.476
0.425
0.379
0.377
0.293
0.327
0.328
0.398
0.411
2.158
2.45
1.037
0.41
0.391
0.676
0.927
0.552
0.692
1.14
1.129
1.042
0.893
1.083
0.921
0.523
0.402
0.368
0.383
0.333
0.344
0.349
0.386
0.414
2.093
1.789
0.963
0.44
0.415
0.647
0.907
0.552
0.692
1.14
1.168
1.06
0.893
1.083
0.909
0.825
0.545
0.486
0.642
0.59
0.377
0.42
0.424
0.413
0.431
0.672
0.601
2.011
0.862
0.913
0.552
0.403
0.655
3.443
4.26
1.535
1.595
1.667
1.029
0.825
0.531
0.497
0.644
0.658
0.44
0.358
0.384
0.395
0.433
0.69
0.677
2.011
0.862
0.913
0.552
0.403
0.605
2.77
4.26
1.535
2.072
1.578
1.029
0.51
0.392
0.371
0.427
0.351
0.339
0.325
0.354
0.396
2.093
1.806
0.963
0.44
0.412
0.645
0.916
0.546
0.612
0.993
1.168
1.06
0.77
0.675
0.573
0.532
0.386
0.382
0.424
0.403
0.372
0.394
0.409
0.422
1.823
1.927
1.205
0.5
1.006
1.133
0.535
0.595
0.608
0.805
1.031
1.086
0.886
0.743
0.701
0.73
0.393
0.411
0.456
0.429
0.434
0.467
0.454
0.405
1.842
2.385
2.092
0.862
1.455
1.199
0.616
0.664
0.64
0.781
1.103
1.055
0.946
0.796
0.751
0.81
0.417
0.408
0.451
0.44
0.446
0.494
0.512
0.451
1.805
2.269
2.013
0.854
1.526
1.049
0.617
0.75
0.635
0.737
1.303
0.97
0.891
0.791
0.708
0.705
0.49
0.419
0.451
0.43
0.449
0.488
0.525
0.503
0.97
2.058
2.073
0.878
1.524
1.055
0.619
0.784
0.675
0.796
1.336
0.982
0.891
0.806
0.76
0.541
0.584
0.54
0.68
0.658
0.44
0.318
0.342
0.337
0.38
0.457
0.677
1.852
1.196
1.121
0.849
1.072
1.41
2.784
3.693
1.156
1.496
0.934
0.845
0.532
0.373
0.38
0.357
0.379
0.406
0.397
0.398
2.042
1.623
1.471
1.309
1.29
1.493
0.868
0.817
1.307
1.538
2.135
2.785
1.42
1.865
3.321
2.736
0.752
0.54
0.457
0.447
0.439
0.456
0.504
0.544
0.529
0.97
2.061
2.083
0.947
1.591
1.167
1.655
1.088
0.859
1.803
1.718
1.475
1.485
1.307
1.105
0.752
0.54
0.44
0.44
0.443
0.479
0.491
0.551
0.533
0.932
1.199
1.356
1.169
1.373
0.765
1.841
1.126
0.851
2.181
1.924
1.532
1.491
1.328
1.001
0.544
0.509
0.429
0.426
0.452
0.468
0.478
0.523
0.533
0.792
1.24
0.89
0.816
0.971
0.822
2.157
1.057
0.776
2.122
2.036
1.558
1.569
1.385
1.029
0.49
0.502
0.439
0.413
0.445
0.471
0.492
0.511
0.551
0.958
1.24
0.895
1.108
0.963
0.829
2.123
1.027
0.909
2.39
2.353
2.043
1.747
1.528
1.129
0.505
0.488
0.453
0.419
0.443
0.471
0.492
0.511
0.635
0.86
1.648
0.879
1.107
0.963
0.829
2.123
1.027
0.92
2.383
2.353
2.043
1.747
1.528
1.129
1.584
0.759
0.47
0.4
0.336
0.391
0.42
0.55
2.49
2.124
2.042
1.996
2.73
2.938
1.683
2.273
1.307
2.115
2.216
2.565
1.42
1.526
3.321
2.736
1.584
0.81
0.506
0.415
0.374
0.403
0.436
0.55
2.49
2.124
2.042
1.996
2.73
2.938
1.683
2.03
0.831
1.621
2.216
2.413
1.391
1.526
3.303
2.598
0.454
0.49
0.45
0.407
0.428
0.471
0.486
0.485
0.603
0.843
1.652
0.868
1.016
0.891
0.72
1.076
0.719
0.768
1.38
1.947
1.532
1.145
1.029
0.753
0.475
0.477
0.461
0.419
0.396
0.439
0.469
0.498
0.619
0.839
1.707
0.933
0.778
0.54
0.707
0.906
0.737
0.82
1.955
1.623
1.41
1.106
1.006
0.762
0.47
0.478
0.461
0.415
0.389
0.411
0.468
0.493
0.677
1.062
1.287
0.542
0.757
0.49
0.637
0.69
0.812
0.883
2.006
1.46
1.452
1.126
1.025
0.86
0.513
0.497
0.45
0.407
0.402
0.398
0.444
0.452
0.618
0.816
1.938
0.982
0.438
0.428
1.1
0.65
0.779
0.778
2.252
1.084
1.011
1.329
0.869
0.825
0.466
0.465
0.427
0.396
0.408
0.439
0.475
0.477
0.494
0.904
1.414
1.652
0.899
0.531
1.126
0.664
0.775
0.778
2.252
1.07
1.062
1.38
0.876
0.841
1.475
0.81
0.506
0.415
0.374
0.418
0.403
0.538
0.891
0.981
1.091
1.139
2.109
2.267
1.416
2.001
0.681
1.529
2.698
1.029
1.185
1.276
1.115
0.604
0.504
0.537
0.548
0.491
0.433
0.448
0.433
0.447
0.522
0.534
0.471
0.441
0.49
0.506
0.426
0.493
0.526
0.71
2.337
0.843
0.927
0.932
0.87
0.614
0.486
0.424
0.421
0.43
0.462
0.462
0.488
0.517
0.519
0.875
1.401
1.685
0.946
0.561
1.126
0.667
0.775
0.764
2.269
1.117
1.062
1.38
0.885
0.86
0.518
0.452
0.429
0.435
0.481
0.481
0.528
0.504
0.5
0.884
1.229
1.63
0.96
0.665
1.163
0.935
0.695
0.704
1.27
1.109
1.087
1.462
0.904
0.894
0.523
0.437
0.43
0.458
0.483
0.481
0.487
0.532
0.48
0.663
1.261
1.63
0.956
1.378
1.258
0.904
0.691
0.826
1.27
1.14
1.018
1.429
0.879
0.744
0.47
0.428
0.436
0.476
0.483
0.488
0.528
0.553
0.51
0.692
0.66
1.185
1.013
1.89
1.12
0.975
0.674
0.796
1.064
0.973
0.99
1.079
0.922
0.622
0.47
0.432
0.436
0.476
0.476
0.484
0.551
0.553
0.51
0.986
1.468
0.53
0.561
1.808
1.104
0.975
0.683
0.796
1.064
0.973
0.954
1.031
0.922
0.624
0.496
0.522
0.639
0.58
0.482
0.465
0.462
0.48
0.504
0.601
0.526
0.477
0.545
0.527
0.48
0.488
0.568
0.707
2.356
0.843
0.927
0.932
0.87
0.697
0.471
0.501
0.639
0.58
0.482
0.465
0.462
0.48
0.502
0.601
0.526
0.477
0.545
0.527
0.504
0.464
0.538
0.505
0.477
0.537
0.53
0.507
0.472
0.552
0.494
0.432
0.42
0.437
0.417
0.458
0.577
0.547
0.486
0.982
1.462
0.49
0.536
1.823
1.084
0.964
0.683
0.794
1.028
0.962
0.967
1.027
0.888
0.593
0.442
0.402
0.411
0.445
0.424
0.46
0.524
0.523
0.48
0.964
1.618
0.565
0.581
1.889
1.371
1.084
0.714
0.812
1.02
1.13
0.946
0.943
0.836
0.538
0.441
0.41
0.419
0.43
0.416
0.486
0.524
0.484
0.454
1.063
1.547
0.589
0.599
1.197
1.323
1.545
0.726
0.713
1.053
1.172
0.961
0.877
0.856
0.634
0.517
0.403
0.447
0.424
0.449
0.477
0.515
0.495
0.467
1.002
1.623
2.018
0.759
0.886
1.007
1.557
0.82
0.815
0.813
1.263
1.072
1.067
0.958
0.795
0.535
0.41
0.45
0.414
0.463
0.445
0.501
0.527
0.511
1.112
1.656
2.383
0.759
0.886
1.027
1.557
0.832
0.838
0.825
1.263
1.072
1.06
0.991
0.788
0.425
0.464
0.596
0.576
0.469
0.443
0.436
0.442
0.502
0.587
0.504
0.447
0.462
0.459
0.504
0.496
0.527
1.959
1.218
0.833
0.843
0.838
0.439
0.515
0.384
0.432
0.472
0.482
0.443
0.417
0.466
0.463
0.541
0.514
0.803
1.562
1.909
2.669
3.424
1.678
1.543
3.862
3.165
2.352
2.831
2.577
2.369
1.658
1.041
0.438
0.492
0.455
0.469
0.461
0.47
0.513
0.512
1.13
1.656
2.448
0.792
0.9
1.125
1.667
1.211
1.436
1.54
1.843
1.302
1.32
1.164
0.909
0.495
0.508
0.566
0.499
0.655
0.552
0.566
0.586
0.597
1.251
2.744
3.317
1.191
1.487
1.344
1.918
1.796
2.168
2.703
2.09
1.352
1.35
1.182
0.963
0.548
0.508
0.566
0.51
0.655
0.525
0.566
0.606
0.624
1.193
3.101
3.911
1.774
2.181
1.456
1.386
1.763
2.176
3.472
2.135
1.784
1.456
1.204
0.985
0.585
0.515
0.549
0.517
0.639
0.566
0.592
0.565
0.593
1.137
2.956
2.69
2.171
2.048
1.524
1.298
1.645
2.039
3.799
2.082
1.694
1.371
1.217
1.028
0.706
0.539
0.548
0.517
0.633
0.565
0.58
0.553
0.589
0.614
2.335
2.381
3.069
2.742
1.524
1.465
1.696
2.031
3.799
2.082
1.694
1.371
1.217
1.028
0.693
0.74
0.893
0.561
0.519
0.466
0.466
0.483
0.676
0.514
2.305
4.982
3.193
4.497
5.542
2.904
3.159
4.072
5.364
3.748
4.282
3.853
3.762
2.048
1.074
0.793
0.95
0.541
0.546
0.457
0.465
0.484
0.676
0.45
2.305
4.982
3.193
4.497
5.542
2.904
3.159
4.072
5.364
3.748
4.282
3.853
3.762
2.048
1.074
0.51
0.499
0.485
0.66
0.597
0.597
0.578
0.591
0.598
2.335
2.356
3.069
2.742
1.474
1.394
1.306
1.43
3.072
1.507
1.469
1.123
1.029
0.898
0.702
0.447
0.419
0.414
0.446
0.49
0.496
0.494
0.52
0.492
1.137
1.594
3.083
2.132
0.936
0.845
0.757
0.695
1.924
1.071
1.844
1.11
1.054
0.923
0.764
0.487
0.451
0.414
0.451
0.509
0.501
0.464
0.499
0.466
0.901
0.915
2.495
1.515
0.807
1.49
0.811
0.669
1.123
0.986
1.929
1.261
1.13
0.953
0.87
0.521
0.467
0.428
0.435
0.465
0.455
0.468
0.476
0.448
0.88
0.867
1.924
1.439
1.196
1.621
0.872
0.774
1.092
1.051
1.905
1.172
1.019
0.809
0.71
0.539
0.464
0.432
0.435
0.459
0.436
0.441
0.436
0.442
0.746
1.435
1.248
0.717
1.202
1.694
0.994
1.012
1.35
1.649
2.07
1.344
1.173
0.899
0.71
0.793
0.95
0.541
0.546
0.53
0.474
0.438
0.611
0.39
1.921
3.888
1.798
2.311
2.641
1.716
2.072
2.083
3.388
2.278
2.447
2.534
2.244
1.187
0.726
0.551
0.584
0.543
0.5
0.483
0.474
0.438
0.426
0.422
0.402
1.425
1.586
2.929
3.681
2.234
0.878
1.3
1.299
1.018
1.037
1.624
1.624
1.531
1.335
0.539
0.457
0.43
0.408
0.419
0.412
0.408
0.431
0.496
0.911
2.346
2.155
1.156
1.202
1.694
1.225
2.141
1.61
2.177
2.266
1.41
1.215
1.026
0.787
0.529
0.459
0.431
0.403
0.417
0.412
0.419
0.428
0.495
0.879
2.257
1.67
1.325
1.349
1.581
1.325
2.149
1.598
2.177
2.004
1.441
1.25
1.03
0.732
0.486
0.427
0.431
0.401
0.407
0.414
0.43
0.456
0.52
0.859
2.873
1.847
1.248
1.314
0.912
1.634
2.232
1.598
2.162
1.474
1.225
1.171
0.975
0.663
0.435
0.399
0.408
0.396
0.412
0.403
0.436
0.47
0.556
0.991
2.815
1.825
1.415
1.053
1.127
1.634
2.187
1.551
2.394
1.471
1.236
1.202
1.05
0.659
0.426
0.427
0.435
0.396
0.418
0.392
0.434
0.47
0.556
1.052
2.234
1.637
1.527
1.062
0.914
1.54
1.998
1.859
2.103
1.474
1.236
1.458
1.05
0.66
1.134
1.149
0.605
0.507
0.483
0.472
0.436
0.428
0.429
0.429
1.38
1.695
4.339
6.037
2.539
1.447
1.956
1.963
2.567
1.303
1.624
1.624
1.531
1.335
1.134
1.149
0.605
0.525
0.452
0.393
0.422
0.428
0.44
0.741
2.025
1.695
4.339
6.037
2.539
1.447
2.354
1.963
2.738
1.313
1.576
1.575
1.431
1.31
0.428
0.424
0.431
0.4
0.404
0.386
0.434
0.484
0.507
1.063
1.847
1.172
1.176
1.065
0.919
1.315
1.4
1.913
1.796
1.295
1.185
1.447
0.965
0.676
1.132
0.434
0.431
0.416
0.414
0.408
0.452
0.56
0.622
1.093
1.963
1.252
0.886
0.953
0.977
1.119
1.389
1.941
1.924
2.153
1.295
1.592
0.955
0.807
1.214
0.442
0.451
0.433
0.426
0.427
0.458
0.554
0.639
1.58
1.831
1.307
0.909
1.342
1.13
0.89
1.37
2.001
1.924
2.829
1.523
1.812
1.218
0.871
1.241
0.456
0.46
0.467
0.438
0.454
0.458
0.564
0.649
1.771
1.992
1.433
1.067
1.222
0.776
0.848
1.406
1.736
2.089
3.747
1.793
1.779
1.146
0.871
1.219
0.428
0.437
0.468
0.456
0.462
0.457
0.574
0.72
2.412
2.02
1.433
0.962
1.188
0.767
0.848
1.406
1.271
1.966
3.744
1.793
1.484
1.093
0.859
1.127
1.119
0.589
0.525
0.462
0.4
0.436
0.439
0.436
0.741
1.245
1.866
3.613
4.651
2.903
1.64
3.531
2.101
3.031
1.92
1.343
1.604
1.281
1.68
1.051
0.507
0.513
0.504
0.475
0.44
0.456
0.465
0.477
0.739
1.39
2.311
2.796
2.762
3.261
1.369
3.531
2.053
2.851
2.799
1.898
2.239
2.026
2.332
1.224
0.434
0.455
0.48
0.469
0.463
0.464
0.567
0.72
2.402
1.704
0.993
0.869
1.164
0.734
0.771
0.808
1.168
2.312
4.471
2.105
1.851
1.545
1.214
0.575
0.463
0.482
0.508
0.5
0.488
0.478
0.5
0.613
2.271
1.523
0.918
0.886
1.284
1.312
0.981
2.074
2.623
3.707
6.006
2.408
1.876
1.713
1.132
0.537
0.495
0.494
0.537
0.516
0.506
0.513
0.535
0.699
1.886
1.69
0.986
1.05
2.051
1.574
0.902
2.129
2.695
4.37
6.171
2.48
1.833
1.585
1.081
0.548
0.506
0.532
0.549
0.553
0.531
0.532
0.614
1.019
2.538
2.241
0.862
0.831
2.298
1.869
1.115
2.21
3.184
4.336
5.492
2.426
2.028
1.951
1.204
0.548
0.52
0.532
0.549
0.552
0.531
0.532
0.629
1.147
2.013
2.657
1.328
0.884
2.301
1.867
1.15
2.339
3.184
4.336
5.492
2.426
2.028
2.087
1.342
1.229
0.534
0.517
0.502
0.491
0.505
0.524
0.524
0.525
0.501
0.908
2.311
2.796
3.451
5.248
4.161
3.912
2.663
2.851
2.799
1.898
2.239
2.026
2.332
1.229
0.473
0.517
0.502
0.491
0.505
0.524
0.524
0.525
0.488
0.815
1.42
1.375
2.167
3.767
3.824
2.015
1.814
2.755
1.817
1.453
1.488
1.517
1.434
0.581
0.525
0.528
0.549
0.546
0.556
0.556
0.701
1.558
2.123
2.685
1.497
0.914
2.321
1.867
1.15
2.339
3.086
3.837
4.959
2.213
1.745
1.791
0.973
0.569
0.519
0.536
0.54
0.535
0.548
0.554
0.701
1.558
2.209
2.786
1.687
0.918
2.946
1.397
1.237
1.136
1.609
2.612
3.059
2.078
1.536
1.611
0.892
0.524
0.498
0.507
0.489
0.508
0.511
0.503
0.682
1.484
2.095
2.096
1.463
0.944
2.705
2.205
1.345
1.273
1.514
2.072
2.725
1.779
1.36
1.626
0.938
0.497
0.486
0.47
0.46
0.47
0.48
0.476
0.599
1.139
1.214
1.612
2.56
0.878
2.334
2.05
1.273
1.174
0.962
1.914
2.844
1.607
1.219
1.295
0.809
0.497
0.46
0.473
0.474
0.469
0.484
0.476
0.575
1.047
1.454
1.759
2.182
0.849
2.329
2.051
1.242
1.027
0.774
1.721
2.465
1.322
0.984
0.908
0.584
0.674
0.45
0.483
0.471
0.488
0.487
0.509
0.488
0.475
0.485
0.506
0.793
0.718
1.637
3.083
3.516
1.84
2.11
2.498
1.035
1.034
1.014
0.975
0.69
0.447
0.419
0.444
0.452
0.447
0.447
0.442
0.428
0.443
0.442
0.443
0.442
0.424
0.438
0.419
0.436
0.446
0.882
1.632
0.996
0.996
0.982
0.937
0.613
0.459
0.451
0.466
0.458
0.469
0.457
0.45
0.486
0.609
1.331
1.693
2.03
0.795
2.297
2.053
1.238
1.037
0.778
1.721
2.468
1.331
0.984
0.923
0.595
0.432
0.42
0.431
0.429
0.439
0.428
0.424
0.457
0.56
1.26
1.645
1.785
0.841
1.898
1.94
0.976
0.98
0.805
2.304
1.95
1.067
1.015
0.943
0.675
0.452
0.428
0.435
0.435
0.447
0.427
0.447
0.447
0.563
1.359
1.807
1.869
0.776
1.271
0.786
0.824
0.711
0.748
2.695
1.875
1.69
1.08
0.834
0.622
0.443
0.422
0.435
0.432
0.431
0.423
0.442
0.454
1.215
1.706
1.526
0.885
0.748
1.263
0.629
0.626
0.605
0.653
2.174
1.418
2.579
2.046
1.79
0.645
0.499
0.466
0.459
0.455
0.456
0.453
0.477
0.527
1.199
1.181
0.716
0.785
0.725
1.311
0.689
0.754
0.719
0.759
2.271
1.928
2.998
2.321
2.035
0.817
0.462
0.449
0.46
0.461
0.457
0.461
0.462
0.454
0.458
0.459
0.458
0.45
0.441
0.755
0.796
0.837
0.948
1.57
2.112
1.432
1.424
1.408
1.337
0.743
1.137
0.751
0.497
0.461
0.488
0.461
0.548
0.457
1.995
1.022
1.046
1.126
0.441
0.763
0.796
0.851
1.062
1.243
1.285
3.286
2.708
1.97
2.002
1.697
0.518
0.46
0.468
0.455
0.451
0.456
0.467
0.595
1.355
1.315
0.837
0.932
0.748
1.388
1.706
3.515
2.966
1.696
2.979
2.4
3.498
3.327
2.472
1.008
0.514
0.46
0.468
0.455
0.451
0.46
0.463
0.591
1.345
1.313
0.921
2.383
0.834
0.902
1.609
4.29
3.557
1.733
2.585
2.721
3.498
3.347
2.515
1.123
0.569
0.451
0.458
0.446
0.444
0.46
0.444
0.583
1.379
1.396
0.89
2.456
1.12
0.654
2.372
4.379
3.611
1.759
2.351
2.467
3.058
3.347
2.515
1.075
0.572
0.458
0.442
0.453
0.439
0.451
0.444
0.581
0.734
1.543
1.011
2.447
2.006
1.168
2.569
4.741
4.02
1.84
2.479
2.502
2.402
2.431
1.656
1.077
0.535
0.445
0.443
0.446
0.447
0.45
0.433
0.526
0.692
1.548
1.011
2.447
2.006
1.186
3.258
5.325
4.034
1.84
2.479
2.332
2.226
2.4
1.549
0.891
1.877
0.751
0.493
0.452
0.488
0.436
0.548
0.457
1.98
1.417
1.27
1.524
0.842
2.035
3.553
3.093
4.473
2.613
1.414
3.286
2.71
1.97
2.002
1.697
1.877
0.733
0.493
0.434
0.474
0.407
0.533
0.434
1.978
1.417
1.27
1.524
0.84
1.743
3.183
2.727
4.105
2.045
1.259
3.265
2.71
1.94
1.852
1.617
0.505
0.438
0.426
0.438
0.434
0.44
0.433
0.45
0.524
1.548
0.928
2.287
1.972
1.096
2.234
2.746
1.914
0.891
1.759
1.766
1.5
1.196
0.957
0.657
0.506
0.447
0.436
0.442
0.442
0.44
0.457
0.521
0.578
1.387
0.727
0.794
1.777
1.097
2.234
1.884
1.235
0.786
1.197
1.204
1.139
0.915
0.75
0.429
0.432
0.455
0.433
0.44
0.451
0.44
0.476
0.595
0.574
1.081
0.589
0.588
1.312
1.103
2.819
3.062
2.048
1.193
1.312
1.366
1.33
1.122
1.064
0.886
0.605
0.519
0.522
0.508
0.53
0.512
0.548
0.652
0.688
1.064
0.943
0.76
1.273
1.502
3.758
2.961
2.021
1.335
2.143
2.893
1.426
1.379
1.893
1.614
0.636
0.544
0.494
0.505
0.496
0.495
0.549
0.714
0.941
1.401
1.941
1.278
1.66
1.769
3.509
2.484
2.126
1.651
2.477
3.435
2.018
1.945
2.945
2.031
1.173
0.419
0.438
0.451
0.412
0.411
0.424
0.427
0.426
0.82
0.687
0.816
0.829
1.723
3.172
2.691
3.987
2.032
1.031
0.986
0.889
0.836
0.698
0.486
0.637
0.461
0.417
0.485
0.447
0.448
0.475
0.515
0.659
0.98
2.175
2.449
3.502
3.581
2.2
2.329
1.246
2.942
2.356
1.773
1.197
0.927
1.093
0.936
0.719
0.544
0.492
0.505
0.496
0.496
0.549
0.714
1.296
2.442
2.837
2.936
3.662
3.25
5.85
4.671
2.71
2.691
3.278
4.481
2.556
2.417
3.303
2.376
0.788
0.559
0.529
0.553
0.522
0.532
0.563
0.695
1.357
2.822
4.093
3.555
3.976
3.884
5.85
5.434
3.285
3.781
4.788
4.881
2.656
2.448
3.38
2.433
1.455
0.546
0.529
0.553
0.509
0.532
0.543
0.685
1.357
2.822
4.154
3.951
3.976
4.188
5.365
4.959
3.078
3.56
4.501
4.881
2.656
2.448
3.276
2.324
1.327
0.503
0.489
0.51
0.48
0.538
0.54
0.657
1.318
2.404
4.154
3.951
3.355
3.608
4.672
4.861
2.836
3.289
3.474
3.019
2.148
1.99
2.294
1.584
1.322
0.445
0.493
0.493
0.52
0.53
0.51
0.578
1.049
1.937
3.152
3.48
3.024
3.296
4.181
4.607
2.652
3.004
3.159
2.513
1.564
1.442
1.255
1.177
1.171
0.705
1.019
0.968
0.613
0.657
0.593
0.649
1.288
1.444
3.925
4.645
4.44
4.834
4.011
3.256
3.894
4.478
3.298
2.823
2.162
1.704
2.399
2.687
1.171
0.732
1.042
0.968
0.613
0.657
0.593
0.649
1.288
1.444
3.925
4.645
4.44
4.834
4.011
3.256
3.902
4.478
3.298
2.823
2.162
2.346
2.657
2.687
1.265
0.458
0.493
0.557
0.544
0.522
0.524
0.578
0.656
0.91
2.251
1.854
1.039
1.849
1.845
2.438
2.101
1.926
2.305
1.422
1.052
0.99
0.89
0.864
1.2
0.435
0.441
0.499
0.514
0.468
0.476
0.565
0.629
0.608
1.159
1.564
0.882
2.721
1.506
1.467
1.408
0.863
1.513
0.912
0.982
0.905
1.232
1.082
0.522
0.454
0.469
0.551
0.539
0.538
0.531
0.592
0.615
0.994
0.643
0.98
0.761
2.396
0.831
0.973
0.898
1.703
2.328
1.763
1.371
1.309
1.429
1.282
1.063
0.82
0.443
0.528
0.493
0.48
0.477
0.575
0.694
1.185
1.259
1.872
2.241
3.34
0.882
1.0
1.198
2.007
2.738
2.79
2.653
2.535
1.725
1.286
1.077
0.836
0.447
0.539
0.445
0.485
0.498
0.61
0.87
1.417
1.371
1.969
2.633
3.546
0.991
1.17
1.42
2.261
3.633
3.411
3.888
2.848
1.931
1.341
1.095
0.742
1.155
1.068
0.662
0.776
0.635
0.822
1.39
1.356
2.446
2.892
1.69
2.0
5.235
2.897
6.69
3.872
2.319
2.379
2.212
2.346
2.657
2.531
0.964
0.779
0.579
0.601
0.523
0.595
0.634
0.815
1.039
1.006
1.061
0.908
0.976
0.995
5.412
2.722
4.839
4.383
2.505
1.89
1.97
2.265
1.965
1.129
1.056
0.821
0.462
0.471
0.429
0.509
0.522
0.648
0.884
1.514
1.627
2.783
3.058
3.546
1.09
1.204
1.475
2.292
4.152
3.411
3.888
2.848
2.011
1.605
1.589
0.852
0.479
0.473
0.434
0.521
0.565
0.688
1.008
1.741
2.6
2.586
3.007
3.199
2.232
2.359
2.087
2.336
3.542
3.283
3.705
2.74
1.451
1.056
1.555
0.849
0.468
0.424
0.42
0.51
0.569
0.681
1.008
1.514
3.124
2.889
2.978
3.077
2.072
2.081
2.048
1.74
3.403
2.642
3.531
2.571
1.431
0.916
0.999
0.481
0.49
0.416
0.42
0.503
0.569
0.688
0.946
1.555
2.673
2.224
1.518
2.282
2.072
2.081
1.792
1.699
3.532
2.0
2.583
1.633
1.359
1.017
0.994
0.48
0.49
0.407
0.423
0.497
0.606
0.727
1.003
1.867
2.673
2.224
1.144
2.173
1.996
1.986
1.618
1.595
2.987
1.809
1.936
1.542
1.336
1.097
1.065
1.91
1.357
0.612
0.525
0.595
0.634
0.828
1.039
0.917
1.061
0.994
0.977
1.212
5.412
2.722
4.484
4.383
2.999
2.581
1.98
1.781
1.636
1.988
1.065
1.91
1.297
0.516
0.457
0.457
0.597
0.698
0.873
0.432
0.899
0.897
0.863
1.143
2.853
1.454
1.328
3.098
2.999
2.484
1.925
1.659
1.636
1.988
1.059
0.488
0.502
0.454
0.465
0.533
0.609
0.76
1.03
1.867
2.508
1.341
0.702
2.071
1.896
2.637
1.534
1.399
2.296
1.801
1.895
1.426
1.204
0.874
0.562
0.506
0.498
0.462
0.478
0.517
0.565
0.743
0.839
1.518
1.535
1.282
0.676
0.857
0.663
1.495
0.814
1.095
2.086
2.516
1.867
1.354
1.267
0.868
0.57
0.514
0.502
0.476
0.487
0.497
0.549
0.713
0.844
1.477
0.958
0.814
1.422
1.223
0.802
2.143
1.436
1.097
1.824
2.771
2.246
1.429
1.251
0.829
0.566
0.496
0.477
0.49
0.519
0.506
0.576
0.755
0.901
1.401
0.77
0.57
1.728
1.219
0.86
2.128
1.453
0.869
1.526
2.537
2.119
1.37
1.134
0.685
0.566
0.5
0.477
0.49
0.519
0.505
0.543
0.672
0.71
1.174
1.09
0.986
1.728
1.208
0.861
2.128
1.453
0.869
1.366
2.09
1.511
1.215
0.978
0.548
0.677
1.699
1.297
0.516
0.463
0.465
0.538
0.604
0.616
0.516
0.569
0.754
0.716
1.034
1.113
0.942
1.096
1.458
3.25
2.164
1.601
1.579
1.462
1.784
0.554
0.556
0.557
0.525
0.464
0.46
0.485
0.478
0.463
0.557
0.547
1.132
0.896
0.813
1.306
0.998
0.837
1.468
2.674
1.569
3.342
1.976
2.078
1.558
0.51
0.5
0.502
0.492
0.481
0.469
0.503
0.591
0.607
1.154
1.043
0.947
1.682
1.169
0.815
1.383
1.356
1.095
1.875
3.368
2.798
2.383
1.299
0.808
0.481
0.477
0.504
0.496
0.468
0.491
0.55
0.609
0.615
1.146
1.051
0.932
1.67
1.352
1.094
1.384
1.345
1.086
1.854
2.884
2.738
2.367
1.245
0.9
0.456
0.478
0.498
0.486
0.465
0.48
0.505
0.581
0.725
1.803
1.529
0.929
0.857
1.218
1.258
1.211
0.696
1.03
2.227
2.647
2.345
2.255
1.213
1.027
0.457
0.478
0.505
0.464
0.447
0.527
0.506
0.496
0.666
1.756
1.573
1.773
0.797
1.708
1.281
1.251
1.212
1.119
2.069
2.568
2.288
2.203
1.262
1.112
0.507
0.5
0.519
0.47
0.463
0.531
0.492
0.493
0.635
1.593
1.959
1.54
0.769
1.708
1.291
1.26
1.204
1.119
2.069
2.568
2.288
2.203
1.262
1.112
1.46
0.665
0.519
0.484
0.455
0.475
0.496
0.504
0.52
0.557
0.547
2.103
1.668
1.293
1.931
1.021
0.842
1.653
3.213
2.015
3.419
1.976
2.078
1.572
1.886
1.225
1.072
0.69
0.473
0.48
0.517
0.478
0.5
0.489
0.49
2.103
1.668
1.293
1.931
1.292
1.656
2.788
2.455
2.015
3.419
1.865
1.965
1.675
0.542
0.502
0.493
0.46
0.475
0.531
0.519
0.486
0.676
1.604
1.959
1.551
0.746
1.725
1.314
1.345
1.527
1.105
1.696
1.604
1.268
1.309
1.222
1.115
0.545
0.498
0.487
0.437
0.48
0.528
0.501
0.496
0.676
1.694
1.905
1.568
0.725
1.604
1.143
1.362
1.566
1.108
1.702
1.919
1.237
1.286
1.163
1.083
0.609
0.489
0.491
0.466
0.48
0.531
0.504
0.482
0.594
1.472
2.161
1.568
0.736
1.698
0.951
0.853
1.616
1.132
1.004
1.94
1.232
1.291
1.155
1.024
0.624
0.528
0.485
0.488
0.48
0.485
0.474
0.479
0.62
1.603
3.066
1.098
1.347
2.213
0.872
0.767
1.084
1.346
2.238
2.248
1.473
1.367
1.307
1.092
0.57
0.515
0.475
0.482
0.477
0.49
0.485
0.518
0.652
1.867
3.028
1.092
1.334
2.213
0.872
0.767
1.084
1.346
2.238
2.248
1.473
1.367
1.307
1.092
1.886
1.225
1.028
0.659
0.437
0.545
0.517
0.451
0.52
0.773
0.52
1.663
1.351
1.298
2.032
1.692
2.569
3.181
2.231
1.757
1.34
1.294
1.097
0.835
1.288
1.145
1.064
0.663
0.499
0.536
0.508
0.48
0.502
0.773
0.553
0.714
0.515
0.782
1.664
1.692
2.569
3.181
1.354
1.369
1.185
1.294
1.097
0.732
0.55
0.551
0.499
0.489
0.485
0.49
0.489
0.531
0.618
1.867
3.028
1.125
1.339
2.196
0.842
0.682
0.789
1.029
2.025
1.951
1.224
1.126
1.055
0.842
0.593
0.581
0.528
0.499
0.489
0.526
0.524
0.511
0.622
1.757
3.029
1.091
1.59
2.307
2.151
1.185
2.409
1.614
3.854
1.49
1.3
1.169
1.1
0.926
0.569
0.581
0.544
0.498
0.481
0.531
0.539
0.52
0.594
2.151
2.791
1.333
2.482
2.81
2.059
1.393
2.338
1.6
4.634
1.675
1.254
1.168
1.188
0.98
0.536
0.551
0.558
0.484
0.48
0.555
0.557
0.566
1.227
2.338
1.872
0.974
1.588
1.716
2.054
1.48
2.373
1.308
3.374
1.349
0.953
1.217
1.25
1.099
0.577
0.548
0.558
0.494
0.492
0.569
0.586
0.558
1.186
2.125
1.152
1.367
2.532
2.647
3.092
1.697
2.467
1.408
3.941
1.744
1.186
1.47
1.398
1.144
0.792
0.621
0.515
0.472
0.476
0.552
0.508
0.535
0.502
0.788
0.571
0.544
0.534
0.705
1.213
1.208
1.663
1.969
2.278
1.467
1.236
1.352
1.267
0.534
0.526
0.57
0.52
0.499
0.496
0.51
0.522
0.535
0.529
0.516
0.502
0.958
2.138
2.972
3.664
3.267
2.378
1.352
3.045
1.6
1.394
1.451
1.493
0.753
0.597
0.514
0.53
0.498
0.494
0.569
0.606
0.574
1.341
2.125
1.157
1.368
2.524
2.647
3.092
1.697
2.467
1.408
3.941
1.744
1.186
1.47
1.398
1.144
0.636
0.576
0.588
0.583
0.56
0.609
0.642
0.646
1.933
2.205
1.088
1.48
2.344
2.512
1.719
1.118
0.795
0.823
2.074
1.488
0.987
1.31
1.256
1.01
0.661
0.612
0.631
0.671
0.629
0.646
0.661
0.675
1.938
1.227
0.633
1.27
1.518
1.533
1.665
0.902
0.79
0.765
1.451
1.094
0.873
1.159
1.066
0.901
0.667
0.66
0.647
0.708
0.664
0.642
0.686
0.71
1.307
0.829
0.642
1.27
1.535
1.553
1.68
0.835
0.754
1.519
2.569
1.341
0.995
1.075
0.888
0.701
0.664
0.661
0.647
0.708
0.664
0.624
0.681
0.724
1.417
1.41
2.329
0.855
1.43
1.14
0.81
1.731
1.025
1.702
2.263
1.799
1.114
1.188
0.941
0.676
0.549
0.57
0.508
0.499
0.491
0.51
0.515
0.493
0.49
0.546
0.773
2.511
2.484
5.271
6.031
3.675
3.201
3.307
3.045
1.86
1.715
1.676
1.96
2.494
2.021
1.329
0.505
0.484
0.491
0.558
0.698
0.797
0.901
0.676
2.551
4.056
2.79
5.271
6.031
3.736
3.201
3.381
4.447
2.465
2.163
2.062
2.392
3.026
0.631
0.661
0.647
0.674
0.654
0.624
0.665
0.772
1.327
1.469
2.329
1.034
1.561
1.462
1.001
1.947
1.237
2.097
2.621
2.362
1.568
1.621
1.409
1.046
0.597
0.574
0.555
0.591
0.593
0.526
0.595
0.734
0.748
1.417
2.431
1.003
1.538
1.9
2.235
2.077
1.244
2.089
2.624
3.043
2.129
1.797
1.584
1.091
0.55
0.535
0.483
0.496
0.529
0.468
0.557
0.734
0.784
1.526
2.409
0.974
1.487
2.44
2.496
2.121
1.423
2.386
2.624
3.043
2.178
1.843
1.665
1.167
0.51
0.461
0.464
0.472
0.499
0.431
0.515
0.665
0.761
1.862
2.409
1.03
1.465
2.44
2.496
2.169
1.521
1.774
1.725
3.059
2.178
1.843
1.665
1.267
0.538
0.492
0.482
0.51
0.495
0.415
0.496
0.635
0.635
1.098
1.546
1.375
0.641
1.946
2.469
1.162
1.191
1.556
1.564
2.375
2.042
1.564
1.628
1.267
2.347
1.616
0.647
0.507
0.477
0.547
0.847
0.983
0.984
2.03
5.397
4.538
5.197
3.807
4.417
2.064
1.974
3.381
4.031
2.465
2.163
2.062
2.392
3.026
2.347
1.616
0.661
0.506
0.427
0.549
0.847
0.983
0.984
2.03
5.397
4.538
5.197
2.433
2.39
2.064
1.32
1.206
3.778
2.053
1.916
2.015
1.958
1.269
0.547
0.515
0.482
0.544
0.495
0.422
0.471
0.553
0.574
0.994
1.548
1.188
0.491
1.569
2.237
0.908
0.947
1.139
1.196
1.748
1.558
1.111
1.142
0.847
0.499
0.519
0.505
0.536
0.496
0.437
0.459
0.552
0.574
0.989
1.694
1.661
0.827
1.22
1.085
0.868
1.009
1.237
1.57
1.226
1.161
1.055
1.064
0.757
0.482
0.505
0.544
0.582
0.494
0.46
0.474
0.509
0.616
0.912
1.694
1.661
0.921
0.782
0.787
0.837
0.832
0.948
1.819
1.449
1.17
1.051
0.978
0.834
0.493
0.526
0.535
0.559
0.494
0.489
0.472
0.525
0.626
0.577
1.998
2.287
1.14
0.882
0.729
0.795
0.764
0.764
2.24
1.224
1.084
1.238
1.045
0.843
0.495
0.495
0.509
0.521
0.5
0.508
0.466
0.514
0.616
1.049
1.182
1.817
1.14
0.889
0.77
0.862
0.812
0.792
2.412
1.637
1.32
1.521
1.133
0.877
0.833
0.772
0.661
0.511
0.492
0.497
0.7
0.677
0.625
1.947
3.639
2.544
4.45
1.43
2.072
1.562
0.756
1.237
3.137
1.281
1.362
1.658
1.58
0.814
0.472
0.543
0.576
0.485
0.468
0.48
0.561
0.439
0.512
1.003
1.326
0.811
0.459
0.565
0.589
2.474
2.419
3.114
5.376
2.529
1.548
2.048
1.805
1.34
0.543
0.515
0.517
0.502
0.5
0.508
0.471
0.511
0.62
1.098
1.31
1.808
1.6
0.903
0.77
0.889
0.98
1.07
3.133
1.934
1.41
1.521
1.198
0.996
0.561
0.499
0.497
0.513
0.488
0.54
0.517
0.482
0.624
1.098
1.015
1.955
1.711
0.872
0.78
0.868
0.926
0.976
2.712
2.08
1.407
1.535
1.311
1.08
0.565
0.511
0.477
0.463
0.483
0.533
0.502
0.498
0.63
1.096
1.055
1.938
1.618
1.127
0.725
1.169
1.149
1.316
3.026
2.106
1.316
1.428
1.294
0.977
0.573
0.495
0.474
0.478
0.468
0.517
0.492
0.457
0.629
1.094
0.785
1.229
1.425
1.54
0.861
1.325
1.259
2.026
2.881
2.189
1.332
1.354
1.22
0.89
0.567
0.491
0.485
0.48
0.452
0.512
0.503
0.437
0.629
0.744
1.521
1.509
1.457
1.541
0.812
1.325
1.259
2.024
2.748
2.169
1.261
1.199
1.22
0.89
0.525
0.543
0.547
0.485
0.468
0.456
0.52
0.447
0.463
0.994
2.011
1.588
1.853
0.874
1.136
2.469
4.387
4.23
5.376
2.978
1.68
2.048
1.805
1.34
0.538
0.539
0.536
0.483
0.431
0.441
0.464
0.459
0.463
0.994
2.011
1.588
1.888
0.874
1.136
2.469
4.387
4.23
3.779
2.978
1.68
1.966
1.553
1.261
0.515
0.464
0.474
0.495
0.467
0.512
0.516
0.425
0.614
0.675
1.378
1.511
0.986
1.541
0.814
1.233
1.031
1.708
1.823
1.757
1.058
1.05
1.057
0.761
0.551
0.493
0.493
0.493
0.476
0.48
0.487
0.439
0.599
0.7
1.735
0.906
0.9
1.642
0.861
1.234
1.023
1.74
1.844
2.495
1.059
1.029
0.919
0.723
0.552
0.471
0.504
0.518
0.498
0.485
0.487
0.445
0.616
0.771
1.724
0.913
0.889
1.834
1.139
0.952
0.801
1.434
1.295
2.79
1.239
1.043
0.908
0.692
0.568
0.543
0.52
0.531
0.498
0.494
0.478
0.483
0.623
1.021
2.353
1.471
2.142
1.823
0.924
0.679
0.583
0.657
0.74
2.284
1.057
0.809
0.735
0.596
0.526
0.542
0.508
0.531
0.499
0.5
0.477
0.483
0.615
0.962
1.573
1.17
2.102
1.797
0.941
0.679
0.608
0.67
0.768
2.323
1.01
0.803
0.75
0.596
0.545
0.473
0.425
0.452
0.483
0.433
0.476
0.492
0.446
0.529
1.204
1.242
1.888
0.848
1.047
0.441
2.475
2.121
1.604
2.141
1.531
1.421
1.222
0.862
0.516
0.473
0.451
0.452
0.483
0.483
0.528
0.505
0.439
0.433
0.482
0.408
0.569
0.623
0.666
0.652
0.603
0.624
1.103
1.453
1.106
1.106
1.003
0.766
0.536
0.565
0.508
0.498
0.486
0.5
0.484
0.493
0.628
0.962
1.577
1.136
2.109
1.853
0.945
0.69
0.585
0.676
0.768
2.33
1.036
0.803
0.79
0.571
0.543
0.557
0.499
0.506
0.485
0.492
0.481
0.498
0.651
1.11
1.536
1.059
1.73
1.664
0.847
0.768
0.646
0.688
0.939
1.704
1.086
0.871
0.769
0.534
0.542
0.557
0.479
0.483
0.468
0.484
0.505
0.529
0.743
1.184
1.523
1.053
1.772
1.508
0.783
0.831
0.748
0.775
0.983
1.266
0.885
0.999
0.784
0.523
0.557
0.509
0.478
0.453
0.468
0.486
0.51
0.531
0.738
1.348
1.435
0.839
0.595
1.042
0.798
0.887
0.877
0.875
1.34
1.487
1.036
1.137
0.903
0.542
0.557
0.527
0.503
0.506
0.464
0.467
0.523
0.531
0.74
1.472
1.451
0.87
0.594
1.042
1.218
1.061
0.926
0.926
1.765
1.778
1.331
1.371
1.009
0.591
0.622
0.721
0.603
0.634
0.584
0.694
0.591
0.659
0.552
0.694
0.646
0.549
0.703
0.665
0.862
0.89
0.921
1.011
2.513
1.741
1.369
1.25
1.224
0.777
0.599
0.709
0.637
0.641
0.593
0.694
0.628
0.665
0.63
0.707
0.646
0.585
0.703
0.665
0.862
0.89
1.025
1.137
3.085
2.067
1.627
1.623
1.648
0.591
0.596
0.507
0.509
0.524
0.463
0.485
0.512
0.572
0.852
1.472
1.433
0.87
0.598
1.026
1.253
1.061
0.926
0.926
1.765
1.778
1.331
1.371
1.009
0.579
0.582
0.515
0.548
0.542
0.519
0.543
0.524
0.609
0.86
1.765
1.393
1.793
1.242
1.138
1.5
1.69
1.148
1.895
1.872
1.705
1.466
1.499
1.162
0.766
0.674
0.533
0.593
0.588
0.542
0.585
0.519
0.688
0.786
1.606
1.579
1.994
1.655
0.777
1.452
1.726
1.33
3.011
2.399
1.787
2.708
2.303
1.569
0.759
0.616
0.544
0.583
0.588
0.633
0.961
0.529
0.664
0.771
1.202
0.96
1.647
1.607
0.679
1.452
1.673
1.214
2.903
2.08
1.591
2.575
2.178
1.427
0.727
0.656
0.528
0.562
0.588
0.659
0.961
0.513
0.695
0.771
1.063
0.988
1.628
1.627
0.685
1.033
1.528
1.16
2.86
1.635
1.279
2.286
2.007
1.261
1.341
1.229
0.829
0.808
0.832
0.683
0.838
0.675
0.795
0.67
1.518
1.195
1.416
3.233
1.297
0.891
0.849
1.025
1.207
3.085
2.067
1.91
1.715
1.648
1.341
1.113
0.601
0.726
0.705
0.619
0.654
0.675
0.672
0.631
1.278
1.117
1.331
3.124
1.252
0.796
0.664
0.898
1.158
1.756
1.786
1.91
1.715
1.419
0.728
0.63
0.531
0.598
0.59
0.659
0.952
0.541
0.667
0.669
1.042
1.025
1.647
1.627
0.683
0.99
1.514
1.183
2.88
1.664
1.269
2.279
2.011
1.271
0.715
0.603
0.541
0.568
0.599
0.612
0.948
0.52
0.645
0.665
0.605
0.761
0.71
0.993
0.572
0.675
0.738
0.837
1.824
1.322
0.849
1.913
1.687
1.021
0.507
0.53
0.545
0.53
0.572
0.612
0.919
0.544
1.275
1.505
0.652
0.679
0.611
0.667
0.634
0.677
0.718
0.574
0.962
1.27
0.746
0.77
0.767
0.74
0.611
0.546
0.532
0.552
0.572
0.552
0.561
0.531
1.285
1.557
0.845
1.058
1.001
1.326
0.72
2.104
1.014
0.687
1.029
2.17
1.56
1.469
1.033
0.976
0.621
0.521
0.526
0.552
0.548
0.532
0.581
0.567
1.326
1.877
1.013
1.229
1.1
1.425
1.014
2.271
1.109
0.694
1.013
2.17
1.56
1.504
0.996
0.994
1.262
1.113
0.62
0.726
0.705
0.618
0.665
0.64
0.672
0.611
1.307
1.117
1.307
3.124
1.256
0.753
0.664
0.734
0.874
0.683
0.72
1.146
0.954
0.634
0.58
0.571
0.512
0.581
0.533
0.526
0.514
0.587
0.585
0.539
0.531
0.57
0.5
0.583
0.618
0.598
0.527
0.561
0.544
0.528
2.756
2.476
1.55
1.597
0.618
0.575
0.548
0.52
0.554
0.518
0.587
0.532
1.362
1.883
1.013
1.232
1.1
1.425
1.014
2.306
1.109
0.677
0.998
2.186
1.546
1.504
1.023
0.994
0.641
0.572
0.515
0.531
0.536
0.563
0.555
0.524
1.362
1.883
1.318
1.319
1.723
2.5
1.066
2.306
1.128
0.729
1.478
2.251
1.69
1.724
1.207
1.139
0.648
0.57
0.521
0.518
0.53
0.53
0.558
0.481
0.905
1.002
1.238
1.257
1.643
2.403
1.031
2.182
0.971
0.657
1.081
1.837
1.95
1.636
1.176
1.011
0.571
0.572
0.556
0.523
0.53
0.516
0.536
0.478
0.886
1.085
1.071
1.175
1.44
1.705
0.959
0.753
0.705
0.575
1.056
1.05
1.331
1.156
0.978
0.923
0.546
0.572
0.55
0.528
0.548
0.54
0.513
0.439
0.815
0.916
0.952
1.531
1.424
1.582
0.655
0.557
1.141
0.622
1.525
1.659
2.986
1.397
1.172
1.106
1.384
1.662
1.511
0.7
0.537
0.605
0.621
0.718
0.591
0.573
0.624
0.491
0.608
0.908
0.833
2.249
1.93
1.094
1.133
1.853
3.116
2.879
1.913
1.828
1.379
1.662
1.489
0.68
0.537
0.604
0.661
0.718
0.591
0.56
0.608
0.479
0.656
0.894
0.833
2.249
1.914
1.033
1.133
1.872
3.116
2.879
1.913
1.828
0.598
0.509
0.525
0.531
0.517
0.55
0.513
0.476
0.799
1.142
0.952
1.531
1.424
1.588
0.675
0.511
1.151
1.347
1.934
1.659
2.986
1.397
1.172
1.106
0.595
0.516
0.529
0.51
0.511
0.491
0.522
0.538
0.81
1.142
1.047
1.49
0.808
0.62
1.157
1.222
1.147
1.442
1.495
2.313
3.154
1.406
1.177
1.087
0.613
0.529
0.581
0.557
0.537
0.521
0.543
0.568
0.962
1.195
1.05
1.52
0.817
0.633
1.627
1.984
1.201
1.466
1.534
2.237
2.815
1.457
1.176
1.008
0.611
0.521
0.6
0.55
0.584
0.57
0.557
0.608
1.025
1.349
1.034
1.234
0.662
0.808
1.722
2.124
1.203
1.468
1.63
2.449
2.841
1.438
1.134
0.865
0.622
0.521
0.609
0.583
0.548
0.578
0.559
0.608
1.047
1.89
1.563
0.91
0.678
1.011
1.78
2.418
1.002
1.832
1.523
1.898
1.34
1.381
1.039
0.669
1.377
1.597
1.485
0.657
0.589
0.604
0.661
0.624
0.538
0.542
0.615
0.563
0.656
0.894
0.706
2.157
1.962
1.095
1.133
2.125
1.191
1.376
1.388
1.114
0.479
0.562
0.473
0.561
0.636
0.485
0.59
0.398
0.813
0.659
1.262
0.93
0.829
0.828
1.32
0.885
0.708
0.833
1.561
1.201
1.308
1.454
1.609
1.247
0.589
0.548
0.654
0.562
0.564
0.578
0.555
0.606
1.053
1.766
1.604
1.081
0.749
1.02
1.78
2.418
1.087
1.894
1.715
1.898
1.353
1.381
1.145
0.759
0.63
0.789
0.742
0.611
0.552
0.623
0.541
0.563
1.09
2.148
1.981
1.138
0.757
0.943
1.298
1.808
1.1
1.803
1.715
1.194
1.18
1.34
1.131
0.79
0.661
0.759
0.676
0.605
0.507
0.633
0.567
0.541
0.818
3.298
2.393
1.11
0.853
1.019
1.152
1.375
1.094
1.806
1.877
1.918
1.363
1.528
1.283
0.767
0.65
0.783
0.658
0.555
0.506
0.609
0.576
0.634
1.029
3.43
2.649
1.269
1.425
1.821
1.154
1.297
1.096
2.087
2.058
2.214
1.719
1.792
1.487
0.794
0.637
0.814
0.658
0.526
0.538
0.599
0.619
0.755
1.139
2.979
3.109
1.542
1.493
1.761
1.366
1.104
0.968
1.963
2.171
2.8
2.061
1.898
1.538
0.826
0.575
0.572
0.443
0.621
0.636
0.444
0.579
0.544
0.887
0.722
1.616
1.13
1.854
1.602
1.55
1.051
0.797
1.109
2.726
1.201
1.383
1.454
1.609
1.247
0.549
0.572
0.42
0.621
0.628
0.434
0.579
0.615
1.929
1.76
1.692
1.231
2.338
1.602
1.612
1.051
0.797
1.109
2.726
1.698
1.703
1.562
1.599
1.141
0.628
0.842
0.632
0.609
0.537
0.606
0.618
0.78
1.222
3.056
3.109
1.767
2.458
2.022
1.428
1.048
1.131
1.357
2.051
4.253
3.008
2.001
1.586
0.884
0.596
0.595
0.632
0.635
0.584
0.583
0.63
0.757
1.361
3.502
2.724
1.671
2.458
2.022
1.428
1.027
1.131
1.357
2.135
4.507
3.008
2.001
1.585
0.765
0.511
0.593
0.61
0.607
0.584
0.557
0.599
0.793
1.342
2.667
2.91
1.642
2.338
2.199
1.093
1.345
1.538
1.692
2.135
4.259
2.863
1.78
1.409
0.801
0.528
0.562
0.566
0.646
0.585
0.564
0.599
0.675
1.196
2.499
2.727
1.426
1.709
1.232
1.009
1.283
1.499
1.385
2.182
4.188
2.485
1.455
1.168
0.868
0.498
0.528
0.579
0.658
0.584
0.576
0.583
0.537
1.055
2.386
1.717
0.979
1.953
1.415
1.542
1.32
1.261
1.077
1.82
4.094
2.055
1.209
1.038
0.844
0.626
0.48
0.42
0.506
0.517
0.423
0.502
0.643
1.903
2.191
1.314
1.877
4.85
2.506
3.243
3.52
3.371
1.684
1.916
3.359
3.332
2.728
2.142
0.999
0.586
0.468
0.408
0.428
0.413
0.412
0.409
0.558
1.903
2.191
1.262
1.877
4.494
1.997
3.243
3.475
3.347
1.499
0.896
3.359
3.332
2.728
2.142
0.952
0.496
0.468
0.554
0.616
0.562
0.542
0.583
0.532
0.903
2.185
1.577
0.549
0.863
1.123
1.427
1.296
0.974
0.865
1.295
2.589
0.938
0.922
0.792
0.738
0.443
0.49
0.457
0.546
0.516
0.516
0.579
0.532
0.638
1.372
1.172
0.605
0.826
1.076
1.483
1.461
1.051
0.94
1.101
1.864
1.115
1.632
0.87
0.78
0.503
0.514
0.499
0.52
0.516
0.531
0.546
0.499
0.611
1.104
1.207
0.646
0.837
0.906
1.401
0.836
0.599
1.157
1.2
1.371
1.046
1.614
0.88
0.734
0.504
0.497
0.503
0.461
0.489
0.485
0.514
0.484
0.618
1.337
1.203
0.646
0.829
0.985
1.909
1.357
0.621
1.232
1.02
0.906
0.997
1.619
0.926
0.65
0.522
0.514
0.506
0.432
0.457
0.443
0.49
0.519
0.631
1.469
1.213
0.539
0.406
0.646
1.079
1.32
0.615
1.292
1.073
1.126
1.148
1.74
1.043
0.685
0.586
0.529
0.499
0.541
0.456
0.412
0.46
0.518
0.779
1.105
1.022
1.586
3.876
1.796
3.573
3.375
3.312
2.789
0.903
2.822
3.036
2.543
1.941
0.98
0.544
0.529
0.514
0.566
0.485
0.429
0.482
0.495
0.525
0.562
1.116
1.67
1.502
0.715
1.124
0.587
0.74
2.124
0.884
2.944
2.172
1.536
1.575
1.438
0.565
0.535
0.506
0.451
0.453
0.455
0.502
0.484
0.631
1.795
1.3
0.609
0.43
0.674
1.09
1.307
0.85
2.165
1.185
1.212
1.288
1.779
1.082
0.741
0.59
0.531
0.505
0.448
0.445
0.451
0.511
0.495
0.74
2.38
1.51
0.751
0.503
0.836
1.054
1.146
0.773
2.135
1.086
1.71
1.24
1.122
1.011
0.704
0.547
0.494
0.456
0.448
0.484
0.463
0.504
0.491
0.78
2.38
0.868
0.801
0.609
1.093
1.126
1.155
0.786
1.604
1.194
1.829
1.216
1.096
0.982
0.681
0.525
0.488
0.435
0.445
0.463
0.448
0.496
0.474
1.054
2.103
0.919
1.087
0.641
1.056
0.637
0.68
0.78
1.522
1.035
1.829
1.202
1.062
0.966
0.673
0.516
0.466
0.425
0.456
0.484
0.507
0.482
0.457
1.651
2.612
2.117
1.087
0.751
1.391
0.678
0.605
0.78
1.492
1.003
1.669
1.16
1.008
0.909
0.599
0.749
0.547
0.544
0.566
0.485
0.438
0.482
0.495
0.509
2.018
1.797
2.324
1.731
1.184
1.296
0.7
0.74
2.638
0.884
3.79
2.187
1.536
1.575
1.438
0.749
0.55
0.48
0.442
0.447
0.438
0.467
0.521
0.497
2.018
1.797
2.324
1.731
1.184
0.749
0.7
0.716
1.418
0.783
3.79
2.187
1.366
1.425
1.284
0.487
0.461
0.398
0.427
0.481
0.49
0.489
0.469
1.651
2.237
2.058
1.083
0.751
1.378
0.673
0.605
0.528
0.559
0.85
1.478
0.865
0.794
0.725
0.52
0.441
0.441
0.407
0.459
0.517
0.484
0.462
0.444
1.512
1.797
1.948
0.956
0.723
1.42
0.725
0.72
0.573
0.636
1.263
1.114
1.014
0.715
0.743
0.589
0.468
0.467
0.413
0.47
0.483
0.456
0.508
0.477
1.414
2.292
1.964
0.903
0.62
1.041
0.632
0.675
1.02
0.885
1.025
1.563
1.239
0.785
0.861
0.685
0.482
0.5
0.457
0.526
0.491
0.461
0.512
0.479
1.149
2.518
1.868
0.629
0.716
1.124
0.619
0.639
1.031
1.078
1.025
1.639
1.184
1.204
1.213
0.674
0.472
0.503
0.455
0.506
0.504
0.45
0.495
0.599
0.638
1.731
0.619
0.583
0.59
0.735
0.537
0.573
1.017
1.079
1.016
1.639
1.184
1.213
1.213
0.657
0.695
0.55
0.52
0.373
0.391
0.38
0.43
0.48
0.437
1.94
1.31
1.155
0.848
1.032
0.73
0.584
0.486
1.159
0.534
1.666
1.11
0.882
0.757
0.592
0.407
0.521
0.48
0.36
0.39
0.363
0.406
0.48
0.483
0.417
0.341
0.341
1.227
2.315
0.849
1.641
2.102
0.616
0.517
0.732
0.751
0.905
0.982
0.484
0.486
0.486
0.455
0.506
0.504
0.45
0.483
0.584
0.638
1.725
0.619
0.583
0.57
0.744
0.537
0.564
1.026
1.079
1.015
1.637
1.185
1.213
1.201
0.657
0.495
0.496
0.469
0.478
0.512
0.507
0.527
0.617
0.636
1.707
0.526
0.54
0.716
0.786
0.921
0.558
0.978
1.514
0.967
1.989
0.942
1.242
1.211
0.613
0.499
0.487
0.479
0.492
0.512
0.531
0.498
0.593
0.595
2.017
1.065
0.91
0.789
0.848
0.92
0.659
0.482
1.17
0.878
1.334
0.804
1.197
1.121
0.691
0.515
0.468
0.469
0.454
0.525
0.555
0.496
0.615
0.92
1.807
1.306
1.045
0.682
0.837
0.906
0.628
0.406
0.937
0.861
1.183
0.767
0.664
0.68
0.708
0.531
0.475
0.456
0.443
0.486
0.506
0.496
0.467
0.79
1.834
1.346
1.037
0.688
0.843
0.898
0.637
0.418
0.901
0.85
1.185
0.781
0.707
0.722
0.75
0.387
0.474
0.491
0.374
0.451
0.448
0.383
0.515
0.559
0.489
1.62
0.465
1.828
3.37
1.929
2.768
3.108
0.968
1.084
0.984
1.064
0.924
0.982
0.608
1.679
0.64
0.5
0.485
0.548
0.641
0.545
0.587
0.613
0.97
1.808
0.646
1.828
3.37
2.145
2.979
3.108
0.968
1.192
1.034
1.509
1.242
1.547
1.958
0.524
0.475
0.471
0.444
0.486
0.516
0.465
0.467
0.828
1.84
1.346
1.037
0.688
0.843
0.916
0.675
0.487
0.929
1.014
2.196
1.0
0.879
1.07
1.368
0.577
0.553
0.523
0.798
0.514
0.524
0.455
0.501
0.858
1.539
2.311
1.167
0.858
0.853
0.641
1.1
0.972
0.551
0.843
1.6
1.101
1.013
1.11
1.376
0.587
0.58
0.55
0.823
0.511
0.52
0.446
0.502
0.856
0.644
1.781
0.761
0.82
1.149
1.634
1.394
1.074
0.57
1.131
1.885
1.19
1.156
1.222
1.927
0.721
0.616
0.574
0.855
0.547
0.527
0.46
0.486
0.499
0.811
1.541
1.068
0.841
1.046
1.621
1.408
1.14
0.725
1.21
3.137
1.38
1.346
1.765
1.927
0.721
0.6
0.583
0.868
0.552
0.536
0.47
0.525
0.537
0.914
1.996
1.089
0.848
1.294
1.637
1.408
1.14
0.725
1.946
3.619
1.654
1.346
1.765
1.957
2.655
0.768
0.574
0.603
0.571
0.686
0.624
0.587
0.613
1.037
1.99
1.0
1.33
2.572
2.487
2.913
2.191
2.278
2.031
2.1
2.256
1.242
1.404
2.027
2.655
0.768
0.574
0.603
0.571
1.027
0.624
0.587
0.61
1.037
0.894
1.0
0.89
2.07
1.93
1.85
1.284
2.013
1.693
2.021
2.256
1.217
1.404
2.027
0.715
0.61
0.583
0.891
0.552
0.537
0.488
0.525
0.545
0.955
2.432
1.273
0.848
1.285
1.635
1.381
1.076
0.706
2.193
2.819
1.635
1.294
2.185
2.01
0.674
0.568
0.525
0.529
0.49
0.486
0.45
0.48
0.512
0.889
1.451
1.122
0.559
1.059
1.468
0.844
0.579
0.589
2.033
2.819
1.551
1.149
2.176
1.936
0.662
0.557
0.535
0.516
0.49
0.474
0.457
0.479
0.504
0.905
1.378
1.122
0.576
0.753
0.509
0.51
0.511
0.584
1.749
2.469
1.252
0.881
1.951
1.21
0.505
0.511
0.542
0.512
0.471
0.495
0.446
0.47
0.508
0.616
1.36
0.686
0.552
0.753
0.542
0.515
0.442
0.445
1.661
1.24
1.078
0.684
1.425
1.223
0.536
0.527
0.527
0.52
0.462
0.483
0.462
0.422
0.465
0.511
0.896
0.684
0.546
0.474
0.539
0.505
0.457
0.445
0.86
0.69
0.631
0.634
1.278
1.206
1.483
0.59
0.536
0.55
0.495
0.943
0.547
0.567
0.605
0.633
0.806
0.925
0.699
1.513
1.366
0.55
0.517
2.013
1.533
1.847
1.628
0.653
0.768
0.679
0.54
0.459
0.51
0.455
0.446
0.881
0.469
0.75
0.843
2.424
2.477
1.288
0.839
0.647
0.601
0.587
1.532
1.473
0.833
0.754
1.692
0.687
0.764
0.643
0.532
0.527
0.522
0.496
0.467
0.466
0.459
0.415
0.429
0.49
0.474
0.55
0.547
0.52
0.561
0.515
0.558
0.505
0.683
1.301
0.695
0.607
0.644
0.593
0.531
0.535
0.543
0.521
0.465
0.466
0.47
0.401
0.666
0.651
0.813
0.567
0.533
0.526
0.53
0.524
0.574
0.526
0.685
1.297
0.685
0.607
0.645
0.592
0.501
0.508
0.506
0.512
0.487
0.488
0.476
0.413
0.666
0.642
0.811
0.567
0.486
0.485
0.51
0.512
0.556
0.551
0.67
1.309
0.678
0.587
0.645
0.567
0.496
0.491
0.452
0.476
0.46
0.435
0.476
0.412
0.636
0.639
0.794
0.558
0.464
0.485
0.475
0.491
0.556
0.542
0.67
1.297
0.606
0.531
0.552
0.509
0.419
0.444
0.419
0.481
0.46
0.443
0.469
0.404
0.612
0.577
0.737
0.47
0.415
0.451
0.469
0.491
0.542
0.542
0.643
1.254
0.532
0.461
0.479
0.435
0.502
0.549
0.512
0.455
0.457
0.447
0.5
0.67
1.083
2.662
3.433
1.68
1.055
0.662
0.642
0.534
2.606
1.63
0.773
1.286
1.816
0.899
0.987
0.833
0.555
0.579
0.543
0.5
0.494
0.527
0.458
0.676
1.083
2.662
3.433
1.68
1.06
0.817
0.662
0.649
2.606
1.63
0.849
1.286
1.959
0.924
0.987
0.972
0.359
0.407
0.412
0.485
0.443
0.447
0.447
0.375
0.58
0.487
0.683
0.376
0.361
0.396
0.446
0.48
0.453
0.478
0.398
0.822
0.403
0.382
0.421
0.41
0.353
0.363
0.405
0.486
0.424
0.44
0.422
0.35
0.332
0.452
0.4
0.33
0.37
0.424
0.656
0.556
0.535
0.61
0.84
0.987
0.789
1.113
0.47
0.42
0.354
0.394
0.432
0.482
0.435
0.433
0.441
0.336
0.355
0.437
0.442
0.634
0.588
0.508
0.84
0.579
0.581
0.701
1.75
1.209
0.96
1.24
0.63
0.495
0.386
0.408
0.458
0.482
0.416
0.433
0.43
0.379
0.394
0.571
0.627
0.988
1.071
1.147
1.101
0.642
0.629
0.796
2.086
1.737
1.155
1.448
0.906
0.571
0.462
0.448
0.491
0.494
0.412
0.424
0.411
0.409
0.409
0.69
0.713
1.61
1.114
1.174
1.114
0.651
0.681
0.891
2.224
2.157
1.352
1.496
1.043
0.652
0.636
0.579
0.504
0.499
0.494
0.493
0.458
0.468
0.778
0.809
1.461
2.317
1.2
1.182
0.816
1.054
3.26
2.803
3.016
1.455
1.164
0.914
0.96
0.972
0.636
0.5
0.468
0.489
0.461
0.493
0.414
0.468
0.493
0.483
0.429
2.035
1.2
1.182
0.816
1.054
2.176
2.685
3.016
1.053
1.164
0.914
0.755
0.958
0.466
0.448
0.497
0.479
0.433
0.44
0.471
0.449
0.461
1.656
1.538
1.888
1.114
1.174
1.114
0.651
0.681
0.891
2.224
1.909
1.352
1.496
0.991
0.579
0.465
0.436
0.468
0.454
0.448
0.445
0.492
0.449
0.493
1.634
1.838
1.888
1.165
1.198
0.883
0.533
0.961
1.099
1.8
1.767
0.995
0.803
0.972
0.593
0.493
0.425
0.459
0.437
0.441
0.429
0.485
0.46
0.517
1.634
1.838
1.65
0.956
1.111
0.681
0.459
0.875
0.999
0.884
1.531
0.865
0.712
0.884
0.572
0.51
0.453
0.48
0.454
0.481
0.438
0.514
0.434
0.516
1.547
1.67
1.327
0.478
0.504
0.387
0.386
0.8
0.896
0.528
0.993
0.681
0.563
0.657
0.547
0.49
0.453
0.476
0.437
0.505
0.445
0.525
0.443
0.517
1.467
1.587
0.74
0.432
0.482
0.337
0.372
0.718
0.789
0.384
0.407
0.412
0.469
0.501
0.482
0.553
0.378
0.475
0.433
0.466
0.426
0.435
0.463
0.493
0.426
0.43
1.802
0.881
1.158
0.932
1.082
2.304
2.736
3.135
0.987
1.034
0.991
1.033
0.827
0.432
0.335
0.5
0.401
0.489
0.402
0.491
0.467
0.548
0.974
0.6
0.501
0.603
0.982
0.926
0.784
0.974
0.836
2.278
0.681
0.727
1.061
1.047
0.775
0.495
0.474
0.482
0.464
0.497
0.449
0.505
0.437
0.496
0.507
0.731
0.432
0.432
0.474
0.337
0.37
0.718
0.754
0.344
0.451
0.484
0.551
0.629
0.582
0.477
0.474
0.482
0.464
0.497
0.467
0.504
0.457
0.487
0.38
0.582
0.595
0.406
0.527
0.452
0.765
1.418
2.246
1.757
1.018
0.958
0.917
0.787
0.701
0.446
0.458
0.453
0.447
0.464
0.477
0.499
0.481
1.148
1.944
2.159
2.176
1.116
0.586
0.477
0.777
1.421
2.248
1.773
1.005
0.998
1.086
1.317
1.31
0.434
0.422
0.433
0.434
0.473
0.484
0.488
0.479
1.122
1.937
2.466
2.577
1.237
0.701
0.928
0.832
1.572
2.524
2.753
1.888
1.499
1.221
1.474
1.296
0.425
0.4
0.452
0.44
0.476
0.484
0.475
0.457
1.106
1.914
2.642
2.774
1.574
0.706
1.043
0.832
1.663
2.673
2.944
2.063
1.685
1.297
1.474
1.34
0.551
0.562
0.5
0.439
0.489
0.419
0.491
0.436
0.577
1.071
0.715
1.103
1.586
2.439
1.575
2.03
2.345
1.2
3.117
2.157
0.997
1.089
1.166
0.775
0.872
0.767
0.609
0.539
0.563
0.482
0.538
0.551
0.577
1.179
1.716
1.955
1.774
2.439
1.575
2.03
2.345
1.334
3.117
2.662
1.335
1.297
1.482
1.226
0.438
0.41
0.502
0.458
0.493
0.482
0.47
0.472
1.115
1.981
2.907
2.774
1.574
0.806
1.043
0.819
1.681
2.695
2.973
2.013
1.67
1.301
1.497
1.42
0.433
0.417
0.502
0.491
0.514
0.482
0.458
0.439
1.115
2.007
2.865
2.814
2.567
1.43
1.688
0.8
0.787
0.922
1.974
1.992
1.272
1.073
1.449
1.378
0.471
0.439
0.517
0.491
0.514
0.445
0.43
0.402
0.406
0.914
1.929
1.765
1.911
1.385
1.741
0.822
0.787
1.172
2.437
2.398
1.605
1.054
1.085
0.802
0.47
0.446
0.504
0.532
0.494
0.466
0.43
0.452
0.408
0.916
1.937
1.545
1.975
1.331
1.325
1.064
1.329
1.046
2.953
1.736
1.315
1.081
1.06
0.89
0.479
0.479
0.477
0.545
0.461
0.47
0.419
0.452
0.4
1.367
2.5
1.522
1.712
1.35
1.24
1.082
1.308
0.97
2.993
2.162
1.232
1.039
1.06
0.946
0.872
0.767
0.589
0.597
0.595
0.571
0.5
0.482
0.748
0.738
1.618
3.495
2.682
2.399
1.613
3.148
3.475
1.334
1.849
4.1
1.335
1.338
1.518
1.184
0.845
0.621
0.593
0.597
0.595
0.571
0.536
0.553
0.73
0.738
2.209
3.495
2.105
1.2
1.595
3.959
4.153
1.058
1.509
3.182
1.138
1.338
1.518
1.466
0.456
0.438
0.419
0.494
0.433
0.446
0.429
0.462
0.356
1.322
2.224
1.593
2.361
1.733
1.273
1.117
1.315
1.074
3.72
2.162
1.232
0.965
0.961
0.813
0.595
0.47
0.436
0.473
0.405
0.426
0.474
0.491
0.416
1.351
2.393
2.099
1.987
1.428
0.556
0.994
1.428
1.123
3.973
2.0
1.278
1.073
1.128
0.819
0.614
0.502
0.467
0.493
0.423
0.444
0.486
0.87
1.221
1.933
2.105
1.748
1.987
1.428
0.497
0.976
1.428
0.923
3.703
1.671
0.946
1.019
1.009
0.81
0.614
0.488
0.467
0.439
0.411
0.412
0.454
0.815
1.21
1.933
1.937
1.569
1.804
1.339
0.491
0.683
0.775
0.787
2.206
1.435
0.724
0.814
0.854
0.675
0.565
0.435
0.423
0.398
0.421
0.412
0.442
0.802
1.191
1.486
1.219
1.389
1.757
1.285
0.466
0.682
0.74
0.721
1.969
0.813
0.597
0.685
0.768
0.567
0.656
0.47
0.486
0.508
0.498
0.54
0.468
0.453
0.663
0.728
1.172
2.723
2.011
1.456
1.595
3.959
4.153
0.865
2.545
3.821
1.06
1.132
1.165
1.134
0.584
0.431
0.486
0.404
0.486
0.418
0.477
0.454
0.385
0.564
1.121
0.675
0.739
1.456
1.416
2.901
2.837
0.796
2.545
2.185
0.99
0.953
1.124
1.134
0.526
0.427
0.413
0.421
0.417
0.403
0.395
0.747
1.203
1.497
1.098
1.129
1.034
0.803
0.425
0.639
0.736
0.526
1.001
0.721
0.524
0.578
0.705
0.484
0.358
0.374
0.397
0.414
0.425
0.374
0.322
0.704
1.149
1.471
0.738
0.326
0.338
0.312
0.398
0.382
0.408
0.347
0.307
0.354
0.38
0.352
0.381
0.356
0.294
0.32
0.34
0.381
0.382
0.339
0.305
0.332
0.333
0.385
0.356
0.33
0.376
0.303
0.375
0.35
0.393
0.353
0.295
0.37
0.359
0.35
0.37
0.337
0.297
0.306
0.346
0.383
0.392
0.301
0.307
0.331
0.332
0.423
0.313
0.317
0.359
0.311
0.4
0.361
0.36
0.308
0.308
0.376
0.411
0.326
0.346
0.297
0.3
0.344
0.35
0.374
0.355
0.288
0.327
0.358
0.335
0.4
0.284
0.324
0.353
0.321
0.396
0.34
0.341
0.456
0.371
0.425
0.379
0.293
0.336
0.326
0.594
0.431
0.479
0.358
0.405
0.361
0.426
0.36
0.353
0.486
0.401
0.644
0.739
1.003
0.543
0.667
0.564
0.61
1.879
1.677
0.819
0.739
0.765
0.672
0.415
0.327
0.363
0.25
0.383
0.357
0.426
0.316
0.309
0.691
0.8
0.691
0.662
0.557
0.399
0.491
0.516
0.596
1.211
1.206
0.696
0.701
0.788
0.535
0.318
0.335
0.337
0.325
0.383
0.305
0.346
0.34
0.309
0.357
0.4
0.461
0.476
0.413
0.37
0.38
1.028
0.587
0.353
0.59
0.51
0.328
0.342
0.326
0.353
0.384
0.352
0.351
0.361
0.323
0.346
0.342
0.297
0.419
1.303
0.99
0.556
0.804
0.536
0.767
1.219
0.646
0.498
1.338
0.777
0.591
0.529
0.353
0.341
0.356
0.341
0.356
0.4
0.353
0.369
0.302
0.31
0.502
1.455
1.599
1.038
0.94
0.604
0.903
1.303
0.745
0.599
1.421
0.845
0.619
0.515
0.333
0.384
0.407
0.341
0.353
0.348
0.364
0.363
0.357
0.331
0.48
1.455
1.616
1.073
1.031
1.08
1.051
1.325
0.789
0.67
1.463
0.848
0.733
0.53
0.374
0.438
0.433
0.39
0.37
0.403
0.379
0.388
0.409
0.369
0.53
1.482
1.697
1.246
1.091
1.875
1.051
1.35
0.761
1.007
1.463
0.855
0.733
0.553
0.42
0.412
0.276
0.35
0.256
0.403
0.4
0.433
0.283
0.278
0.717
0.834
0.74
0.632
1.641
1.117
0.491
0.617
0.687
1.379
1.407
0.976
1.016
1.351
0.731
0.579
0.295
0.428
0.671
0.403
0.366
0.374
0.273
0.298
0.733
1.389
1.18
0.751
2.088
2.764
3.917
3.521
2.177
2.131
2.918
2.605
2.182
1.351
0.833
0.461
0.473
0.411
0.399
0.437
0.415
0.408
0.455
0.387
0.545
1.562
1.739
1.25
1.07
1.875
1.053
0.71
0.685
1.527
1.822
0.889
1.082
0.803
0.63
0.569
0.455
0.418
0.387
0.51
0.458
0.476
0.472
0.403
0.547
0.686
1.689
1.638
1.099
1.986
1.12
1.328
0.833
2.457
1.539
0.882
1.008
0.833
0.701
0.575
0.457
0.43
0.387
0.48
0.443
0.437
0.472
0.423
0.487
0.725
1.383
1.624
1.377
2.513
1.327
1.245
0.766
3.472
1.603
0.987
1.141
0.886
0.701
0.573
0.432
0.447
0.407
0.493
0.423
0.441
0.43
0.419
0.613
0.983
1.383
1.624
1.377
2.378
1.801
1.287
0.74
3.718
1.727
1.135
1.336
1.041
0.85
0.545
0.382
0.412
0.373
0.455
0.385
0.4
0.374
0.411
0.591
1.305
1.454
1.861
1.631
1.635
1.801
1.253
0.708
3.718
1.727
1.135
1.336
1.227
1.029
0.817
0.417
0.504
1.183
0.745
0.394
0.434
0.276
0.313
2.386
2.139
2.13
1.554
2.088
2.764
3.887
3.577
2.149
1.966
3.483
3.805
2.494
1.464
0.945
0.817
0.518
0.552
1.183
0.844
0.45
0.421
0.349
0.393
2.467
2.139
2.519
1.563
1.433
2.537
3.887
3.577
2.236
1.966
3.652
3.805
2.494
1.271
0.988
0.702
0.557
0.492
0.394
0.428
0.332
0.376
0.338
0.401
0.657
1.236
1.676
1.929
1.582
1.64
1.779
1.313
0.724
3.212
1.284
1.022
1.234
1.222
1.064
0.559
0.538
0.468
0.379
0.39
0.284
0.308
0.302
0.386
0.563
1.657
1.439
1.744
1.384
1.466
1.325
0.517
0.619
2.83
1.434
0.864
1.162
1.28
1.097
0.535
0.517
0.469
0.39
0.427
0.343
0.321
0.316
0.444
0.652
1.644
1.225
1.943
1.207
0.917
0.97
0.503
0.739
1.935
1.736
0.843
1.108
1.28
1.097
0.637
0.515
0.429
0.372
0.43
0.355
0.32
0.336
0.448
0.519
1.648
1.324
1.943
1.235
0.989
0.926
0.615
1.3
2.077
1.968
0.886
0.914
1.208
1.031
0.612
0.529
0.444
0.383
0.43
0.369
0.328
0.33
0.431
0.791
1.551
1.382
1.63
1.166
2.035
1.223
0.769
1.584
2.988
2.118
0.999
1.053
1.079
0.86
0.779
0.567
0.592
0.962
0.844
0.49
0.471
0.452
0.493
2.488
2.081
2.519
1.777
2.032
1.578
0.571
0.863
1.333
1.45
3.38
2.32
1.406
1.194
0.988
0.712
0.551
0.592
0.632
0.543
0.49
0.471
0.452
1.247
2.179
2.108
2.686
2.155
3.948
2.29
1.588
1.188
2.324
1.596
3.056
2.104
1.362
1.294
1.362
0.447
0.37
0.338
0.34
0.408
0.373
0.367
0.406
0.557
1.044
2.092
1.398
1.591
1.29
2.111
1.534
0.944
2.075
3.115
3.168
2.014
0.979
1.156
0.75
0.458
0.385
0.353
0.369
0.394
0.378
0.415
0.449
1.193
1.427
2.294
1.253
1.38
1.142
1.987
1.539
0.959
2.075
2.649
2.774
2.014
0.947
0.98
0.669
0.477
0.397
0.331
0.37
0.361
0.335
0.429
0.478
1.107
1.331
2.294
1.21
0.719
0.954
1.995
1.539
0.959
1.932
2.467
2.342
1.901
0.83
0.859
0.561
0.38
0.409
0.378
0.359
0.339
0.339
0.425
0.487
1.133
1.33
2.024
1.019
0.581
0.907
1.577
0.954
0.764
1.311
1.685
1.906
1.701
0.753
0.761
0.493
0.371
0.409
0.413
0.367
0.324
0.325
0.425
0.487
1.16
1.073
1.769
0.788
0.453
0.577
0.512
0.641
0.565
0.951
0.687
1.769
1.674
0.649
0.772
0.591
1.341
1.304
0.469
0.454
0.472
0.409
0.684
0.752
1.716
2.951
2.364
4.268
4.132
4.027
2.44
2.125
2.058
2.324
1.955
2.152
2.667
1.664
1.244
1.049
1.402
1.441
0.588
0.635
0.695
0.65
0.858
0.951
1.716
2.951
2.364
4.268
4.132
4.027
2.44
2.125
2.058
2.243
1.955
2.152
2.667
1.664
1.241
1.344
0.472
0.525
0.587
0.522
0.47
0.448
0.522
0.558
1.199
0.896
1.192
0.493
0.517
0.513
0.546
0.524
0.463
0.507
0.485
0.593
0.691
0.615
0.62
0.602
0.478
0.559
0.592
0.49
0.447
0.444
0.474
0.519
0.599
0.933
0.652
0.628
0.602
0.513
0.627
0.714
0.504
0.499
1.253
0.803
0.871
0.773
0.794
0.685
0.483
0.545
0.592
0.49
0.461
0.444
0.457
0.499
0.605
1.256
0.767
0.786
0.988
0.619
0.781
0.758
0.553
0.484
1.262
1.712
0.997
0.962
0.959
0.683
0.503
0.524
0.563
0.488
0.497
0.471
0.502
0.485
0.605
1.256
0.779
1.226
1.09
0.705
0.808
0.767
0.596
0.516
1.304
1.712
0.997
0.962
0.959
0.683
0.503
0.547
0.563
0.507
0.509
0.487
0.509
0.497
0.586
1.288
0.815
1.226
1.09
0.704
0.808
0.767
0.604
0.541
1.304
1.638
0.845
0.828
0.858
0.58
1.465
1.456
0.847
0.931
0.894
0.941
0.948
0.97
1.174
1.459
1.463
3.17
3.013
1.994
1.582
2.365
2.026
1.32
1.648
1.275
1.589
1.301
0.896
0.807
0.9
0.889
0.847
0.931
0.894
0.941
0.945
0.859
0.888
0.808
0.934
0.915
0.915
0.931
0.909
1.963
1.137
0.994
1.139
0.778
0.771
0.844
0.896
0.807
0.4
0.384
0.401
0.355
0.35
0.4
0.42
0.356
0.415
1.13
0.685
1.12
0.994
0.596
0.65
0.61
0.484
0.401
1.182
1.557
0.71
0.669
0.684
0.446
0.398
0.373
0.421
0.34
0.364
0.404
0.42
0.366
0.424
0.84
0.57
1.007
1.699
0.707
0.589
0.536
0.439
0.372
0.444
1.63
0.692
0.667
0.612
0.444
0.365
0.407
0.452
0.356
0.367
0.404
0.415
0.341
0.535
0.79
0.473
0.859
1.354
0.772
0.457
0.596
0.572
0.704
0.434
1.047
0.719
0.63
0.615
0.555
0.369
0.407
0.474
0.401
0.363
0.394
0.369
0.344
0.545
1.062
0.577
0.454
1.253
1.021
0.641
0.595
0.553
0.673
0.418
1.029
0.702
0.625
0.61
0.575
0.396
0.394
0.442
0.369
0.371
0.421
0.374
0.341
0.533
1.02
0.579
0.469
1.25
1.021
0.649
0.602
0.549
0.662
0.414
1.029
0.728
0.639
0.577
0.543
0.617
0.671
0.631
0.629
0.615
0.695
0.663
0.609
0.668
0.601
0.604
0.623
1.23
2.335
1.612
2.797
1.083
0.835
1.041
0.728
0.648
0.808
0.787
0.532
0.336
0.401
0.395
0.357
0.386
0.429
0.331
0.341
0.375
0.426
0.352
0.381
0.914
2.058
1.292
1.445
0.629
0.5
0.592
0.542
0.477
0.569
0.534
0.415
0.377
0.425
0.458
0.365
0.371
0.396
0.361
0.35
0.533
1.019
0.579
0.475
1.227
1.009
0.649
0.606
0.565
0.661
0.402
1.0
0.762
0.634
0.584
0.548
0.399
0.431
0.416
0.367
0.366
0.389
0.407
0.365
0.489
1.075
0.578
0.631
0.705
1.087
1.089
0.718
0.597
0.683
0.423
0.907
0.793
0.62
0.636
0.469
0.398
0.399
0.372
0.368
0.377
0.422
0.423
0.365
0.356
1.14
0.56
0.656
0.701
0.946
1.042
1.046
0.565
0.424
0.534
0.773
0.715
0.551
0.561
0.398
0.41
0.425
0.337
0.321
0.359
0.407
0.45
0.396
0.369
0.934
0.524
0.801
1.527
0.737
0.84
1.048
0.592
0.748
0.718
0.831
0.798
1.084
0.698
0.426
0.393
0.414
0.342
0.322
0.382
0.407
0.463
0.398
0.366
0.966
0.615
0.859
2.073
0.78
0.887
1.105
0.704
0.943
1.492
0.994
0.894
1.194
0.845
0.584
0.38
0.362
0.399
0.36
0.386
0.429
0.391
0.366
0.319
0.414
0.387
0.381
0.919
2.058
1.319
1.813
0.948
0.855
0.946
0.738
0.67
0.71
0.533
0.379
0.393
0.362
0.467
0.454
0.351
0.393
0.41
0.366
0.361
0.485
1.902
0.362
0.332
0.389
0.398
0.74
0.776
0.722
0.76
0.569
0.506
0.514
0.449
0.358
0.449
0.401
0.33
0.326
0.401
0.398
0.476
0.449
0.371
1.294
0.703
0.884
2.088
0.78
0.901
1.191
0.77
1.072
1.594
1.147
0.951
1.214
0.845
0.658
0.435
0.376
0.373
0.365
0.401
0.411
0.455
0.428
0.395
1.304
1.131
0.819
1.836
0.641
0.687
1.225
0.77
1.112
1.616
1.14
0.914
1.208
0.806
0.739
0.498
0.431
0.379
0.355
0.389
0.376
0.448
0.467
0.515
1.006
1.131
0.819
1.838
0.612
0.687
0.893
0.65
1.112
1.648
1.477
0.992
1.262
0.812
0.739
0.487
0.399
0.38
0.411
0.411
0.385
0.423
0.442
0.498
1.296
1.781
0.68
1.02
0.944
0.718
0.893
0.633
0.859
1.576
1.477
0.992
0.837
0.752
0.736
0.484
0.429
0.369
0.411
0.376
0.345
0.421
0.429
0.498
1.296
1.691
0.607
0.473
0.929
0.662
0.82
0.512
0.663
0.79
1.317
0.867
0.736
0.597
0.569
0.372
0.352
0.467
0.454
0.392
0.364
0.41
0.362
0.361
0.489
1.902
0.346
0.354
0.337
0.383
0.793
0.776
0.699
2.029
0.992
1.036
0.977
0.666
0.482
0.331
0.336
0.431
0.434
0.413
0.35
0.34
0.314
0.394
0.489
1.873
0.324
0.324
0.364
0.353
0.397
0.425
0.316
1.674
0.793
0.837
0.805
0.666
0.504
0.434
0.409
0.389
0.411
0.344
0.33
0.385
0.399
0.503
0.929
1.602
0.549
0.43
0.91
0.637
0.709
0.415
0.522
0.641
1.07
0.705
0.625
0.518
0.52
0.407
0.402
0.366
0.375
0.392
0.352
0.374
0.41
0.548
0.737
1.132
0.515
0.599
1.13
0.873
0.64
0.527
0.912
0.812
1.206
0.698
0.621
0.543
0.459
0.34
0.338
0.376
0.372
0.389
0.406
0.392
0.379
0.436
0.857
1.115
0.512
0.643
1.71
1.428
0.643
0.968
1.046
0.784
1.005
0.798
0.612
0.6
0.55
0.331
0.355
0.364
0.331
0.353
0.408
0.415
0.614
0.811
0.728
0.547
0.603
0.697
1.378
1.467
0.682
1.035
1.123
1.469
1.259
0.982
0.771
0.675
0.569
0.328
0.342
0.384
0.383
0.402
0.418
0.399
0.614
1.058
1.079
1.571
0.747
0.753
1.397
1.528
0.821
1.132
1.206
1.599
1.37
1.057
0.871
0.733
0.569
0.302
0.329
0.329
0.342
0.462
0.35
0.303
0.301
0.356
0.469
0.32
0.296
0.326
0.378
0.38
0.4
0.45
1.026
2.604
1.327
1.283
1.031
0.71
0.504
0.604
0.286
0.338
0.359
0.46
0.34
0.316
0.298
0.342
0.417
0.451
2.405
1.493
1.073
0.602
0.444
1.53
1.977
3.126
2.005
1.111
0.987
0.772
0.508
0.346
0.343
0.354
0.406
0.441
0.456
0.399
0.593
1.183
1.489
1.777
1.028
0.797
1.415
1.528
0.826
1.132
1.84
1.693
1.539
1.317
1.096
0.959
0.732
0.36
0.329
0.339
0.408
0.41
0.46
0.412
0.575
1.131
1.489
1.975
0.982
0.686
1.242
1.069
1.117
1.279
1.569
1.799
1.926
2.072
1.912
1.163
0.737
0.36
0.335
0.321
0.428
0.447
0.412
0.391
0.57
1.125
1.641
2.389
1.56
0.653
0.661
0.558
1.132
0.921
1.455
1.799
1.733
1.963
1.89
1.136
0.66
0.36
0.315
0.338
0.423
0.46
0.44
0.361
0.337
0.749
1.752
2.389
1.565
0.702
0.627
0.618
1.132
0.861
1.648
2.029
2.052
2.273
1.997
1.162
0.667
0.363
0.339
0.365
0.386
0.437
0.44
0.353
0.786
1.201
1.515
1.447
1.49
0.651
0.623
0.624
1.023
0.777
1.636
1.931
2.052
2.273
1.997
1.162
0.667
0.637
0.306
0.399
0.414
0.46
0.331
0.316
0.332
0.328
0.571
1.985
3.364
3.732
2.524
1.245
0.975
1.85
2.318
3.126
2.005
1.111
0.987
0.89
0.526
0.637
0.327
0.409
0.414
0.442
0.361
0.325
0.344
0.343
0.557
1.985
3.364
3.732
2.524
1.245
0.975
1.85
2.318
2.544
1.742
0.876
0.965
0.89
0.526
0.35
0.373
0.393
0.367
0.414
0.401
0.36
0.825
1.06
1.16
1.234
1.184
0.574
0.589
0.624
0.979
0.75
0.94
1.723
1.793
1.969
1.66
0.885
0.503
0.341
0.395
0.438
0.381
0.412
0.368
0.352
0.843
1.106
1.064
1.033
1.211
0.617
0.511
0.677
0.704
0.539
0.793
1.387
1.26
1.238
0.907
0.703
0.506
0.359
0.403
0.459
0.4
0.381
0.364
0.34
0.831
1.249
0.89
0.47
0.55
0.799
0.78
1.05
0.711
0.553
0.789
1.388
1.48
1.251
0.966
0.71
0.476
0.362
0.403
0.459
0.406
0.378
0.368
0.362
0.835
1.262
0.71
0.423
0.466
0.7
0.676
1.087
0.833
0.829
0.646
0.963
2.549
1.275
0.976
0.786
0.496
0.359
0.372
0.426
0.395
0.386
0.412
0.392
0.399
1.318
2.388
1.998
1.779
1.946
1.962
1.837
0.912
1.283
1.989
2.855
3.727
1.96
1.766
1.644
0.87
0.36
0.383
0.437
0.39
0.413
0.361
0.365
0.371
0.364
0.557
1.906
1.32
2.569
1.805
1.043
0.907
0.813
1.78
2.406
1.082
1.006
1.088
0.779
0.384
0.316
0.383
0.443
0.394
0.411
0.365
0.377
2.22
1.673
2.46
2.617
1.684
2.558
2.57
1.554
0.406
0.404
0.728
2.048
0.834
0.878
0.915
0.535
0.324
0.39
0.339
0.402
0.402
0.406
0.459
0.399
0.37
1.318
2.791
3.191
2.023
1.963
1.952
1.837
0.912
1.283
1.989
2.855
3.835
2.443
1.812
1.681
0.902
0.48
0.405
0.446
0.532
0.405
0.454
0.406
0.38
1.268
2.791
3.204
2.21
2.227
2.407
1.833
0.795
1.453
2.271
2.925
3.835
2.443
1.808
1.656
0.879
0.478
0.431
0.442
0.519
0.44
0.473
0.43
0.403
1.154
2.702
3.445
2.755
2.846
2.159
1.826
1.695
1.348
2.201
2.893
3.516
2.279
1.64
1.563
0.879
0.511
0.494
0.461
0.529
0.444
0.454
0.452
0.427
1.163
2.575
3.445
2.755
2.85
2.184
1.657
1.585
1.093
2.258
2.443
1.875
1.771
1.387
1.412
0.867
0.511
0.481
0.461
0.529
0.453
0.413
0.417
0.421
0.416
0.913
1.951
1.503
1.644
0.948
0.913
1.576
0.861
1.263
0.909
1.091
1.468
0.966
0.811
0.528
0.331
0.399
0.443
0.394
0.356
0.33
0.406
2.22
1.673
2.401
2.559
1.684
2.563
2.57
2.21
1.329
0.838
1.186
3.712
1.46
1.357
1.502
1.119
0.618
0.341
0.359
0.475
0.429
0.376
0.345
0.405
2.194
1.668
3.05
4.543
3.121
3.651
4.317
3.391
1.796
1.029
0.908
3.838
1.463
1.436
1.629
1.558
1.035
0.454
0.479
0.473
0.563
0.449
0.388
0.408
0.415
0.416
0.913
2.125
1.646
1.937
1.227
1.168
1.822
1.286
1.644
1.261
1.947
1.357
1.071
0.914
0.589
0.48
0.439
0.415
0.434
0.469
0.454
0.461
0.414
0.428
0.914
2.102
1.589
2.319
1.216
1.62
2.885
1.87
1.403
1.207
2.086
1.699
1.229
1.067
0.635
0.392
0.423
0.395
0.419
0.469
0.466
0.434
0.39
0.416
0.98
2.253
1.062
1.512
1.197
1.326
2.237
2.45
1.403
1.359
2.204
1.987
1.474
1.243
0.709
0.387
0.369
0.377
0.407
0.46
0.473
0.427
0.376
0.383
1.095
2.403
1.615
2.82
1.678
1.349
2.295
2.45
1.316
1.46
2.866
1.987
1.474
1.243
0.8
0.38
0.408
0.425
0.407
0.447
0.473
0.427
0.388
0.411
1.097
3.141
1.592
2.776
1.652
1.349
2.295
2.22
0.974
1.167
2.625
1.81
1.264
1.091
0.8
0.393
0.463
0.523
0.515
0.418
0.396
0.452
0.41
0.392
1.225
2.854
2.064
1.825
2.5
4.728
3.121
2.288
2.753
3.838
1.747
1.558
1.629
1.558
1.035
0.521
0.443
0.523
0.515
0.454
0.399
0.39
0.401
0.407
1.225
2.854
2.64
1.978
2.5
4.728
2.65
2.103
2.437
2.971
1.547
1.979
1.968
1.39
0.875
0.567
0.432
0.417
0.367
0.418
0.467
0.458
0.403
0.411
0.714
1.775
1.224
2.452
1.355
1.091
2.005
1.792
0.623
0.801
1.514
1.26
0.93
0.845
0.684
0.395
0.402
0.391
0.355
0.388
0.422
0.437
0.396
0.407
0.687
1.771
1.141
1.904
2.081
0.693
0.863
1.237
0.814
1.066
1.88
1.228
0.928
0.81
0.697
0.414
0.411
0.399
0.342
0.342
0.389
0.464
0.421
0.391
0.656
1.501
1.132
1.904
2.221
0.753
0.987
0.993
0.789
0.965
1.814
1.651
0.86
0.762
0.686
0.405
0.412
0.399
0.34
0.366
0.378
0.433
0.416
0.398
0.509
1.481
0.705
0.719
1.782
0.671
0.97
1.087
1.327
1.334
1.225
1.561
0.881
0.822
0.634
0.402
0.398
0.352
0.344
0.373
0.402
0.447
0.409
0.344
0.439
0.68
0.937
0.892
1.915
1.347
1.057
1.141
1.456
1.569
1.784
1.799
1.567
1.39
0.688
0.404
0.562
0.651
0.661
0.585
0.51
0.521
0.561
0.524
0.773
1.105
1.426
1.804
1.074
3.508
4.667
4.024
4.818
2.372
1.789
1.979
1.741
0.976
0.551
0.536
0.464
0.506
0.541
0.572
0.465
0.441
0.476
0.492
0.582
0.612
1.287
1.804
0.848
1.147
2.863
2.532
2.83
1.551
1.507
1.607
1.539
0.976
0.551
0.535
0.382
0.377
0.364
0.38
0.402
0.417
0.407
0.402
0.574
0.807
0.929
0.879
1.915
1.359
1.058
1.141
1.456
1.569
1.784
1.799
1.567
1.39
0.688
0.399
0.382
0.377
0.367
0.397
0.384
0.382
0.411
0.383
0.576
0.807
1.036
0.898
0.814
1.518
1.557
1.256
1.23
1.288
1.369
2.491
1.81
1.403
0.716
0.393
0.363
0.371
0.401
0.404
0.388
0.363
0.379
0.389
1.117
1.861
1.989
1.431
1.347
2.164
1.429
1.727
1.935
2.088
2.096
2.706
2.41
1.448
0.754
0.463
0.372
0.411
0.419
0.379
0.388
0.361
0.374
0.428
1.138
1.976
2.011
1.437
1.397
2.524
1.511
1.838
1.621
1.606
1.952
2.738
2.406
1.393
0.746
0.5
0.362
0.411
0.419
0.378
0.353
0.348
0.366
0.466
1.388
2.299
2.434
1.259
1.337
2.007
1.488
1.793
1.566
1.595
1.98
2.686
1.937
1.026
0.827
0.578
0.489
0.534
0.534
0.531
0.457
0.463
0.481
0.489
0.532
0.587
0.456
1.277
0.62
0.993
3.17
4.084
3.225
2.644
1.551
0.998
0.92
0.951
0.74
0.445
0.379
0.337
0.358
0.356
0.347
0.36
0.334
0.391
0.388
0.393
0.66
0.428
0.355
0.59
1.381
3.706
1.595
3.8
2.327
1.704
1.515
1.658
2.271
1.841
0.375
0.376
0.398
0.377
0.361
0.357
0.351
0.417
1.261
3.078
2.551
1.612
2.035
2.141
2.441
2.743
1.574
1.653
2.459
2.881
1.954
1.112
0.924
0.647
0.375
0.367
0.391
0.351
0.361
0.369
0.362
0.449
1.267
3.078
2.535
1.588
2.089
2.149
2.19
2.445
1.574
1.672
2.449
2.86
1.991
1.148
0.928
0.692
0.376
0.366
0.352
0.346
0.367
0.368
0.384
0.483
0.921
2.099
2.361
1.105
1.509
1.516
2.016
2.522
0.97
0.894
1.708
2.4
1.815
1.136
0.925
0.68
0.368
0.326
0.327
0.341
0.356
0.368
0.399
0.457
1.135
2.047
2.361
0.923
1.395
1.368
2.412
2.378
1.219
1.377
1.862
2.4
1.818
1.136
0.925
0.649
0.376
0.326
0.326
0.336
0.352
0.361
0.42
0.457
0.917
1.915
2.12
1.536
1.713
1.19
2.412
2.378
1.191
1.235
1.335
2.393
1.796
1.082
0.903
0.573
0.412
0.337
0.335
0.344
0.339
0.36
0.382
0.388
0.738
1.17
1.453
3.464
2.123
1.241
1.588
3.706
3.252
3.8
2.635
1.826
1.69
1.658
2.271
1.993
0.398
0.344
0.35
0.411
0.369
0.374
0.398
0.395
0.738
1.17
1.453
3.464
2.123
1.241
1.588
2.989
3.252
4.755
3.945
2.772
1.69
1.6
2.328
2.617
0.375
0.336
0.328
0.361
0.38
0.358
0.42
0.457
0.917
1.138
1.845
1.176
0.973
0.882
1.397
1.444
1.13
1.116
0.775
2.044
1.642
0.882
0.72
0.495
0.375
0.348
0.325
0.361
0.377
0.346
0.4
0.443
1.041
1.091
1.678
1.334
1.519
1.353
1.204
1.539
1.288
1.109
1.201
1.68
1.463
0.892
0.761
0.444
0.369
0.356
0.327
0.361
0.372
0.345
0.378
0.447
1.089
1.04
1.117
1.447
1.566
1.522
1.245
0.717
1.209
1.213
1.426
1.331
1.015
0.887
0.724
0.463
0.399
0.389
0.338
0.366
0.372
0.343
0.363
0.437
0.996
0.918
1.173
1.517
1.631
1.707
1.017
1.287
0.892
0.77
1.998
1.348
0.989
0.833
0.68
0.47
0.408
0.402
0.346
0.39
0.414
0.362
0.347
0.404
0.96
0.855
0.734
1.029
1.337
2.181
1.73
3.087
1.357
0.966
2.156
1.816
1.188
1.038
0.774
0.496
0.641
0.47
0.481
0.59
0.519
0.463
0.484
0.467
0.809
1.493
1.32
3.92
2.457
1.787
2.047
2.935
4.877
4.905
5.469
3.694
1.232
1.011
0.983
1.33
0.664
0.47
0.481
0.59
0.519
0.463
0.46
0.467
0.687
0.768
1.715
1.906
1.537
2.198
3.193
4.014
4.744
4.905
6.18
4.986
2.996
1.428
1.522
1.632
0.4
0.4
0.348
0.363
0.388
0.364
0.34
0.406
1.09
0.855
0.763
1.096
1.567
2.926
1.818
3.126
1.502
1.067
2.771
1.829
1.188
1.12
0.877
0.597
0.474
0.449
0.386
0.402
0.424
0.404
0.379
0.424
0.994
1.099
1.545
0.966
1.663
2.67
2.391
3.288
1.437
1.067
2.411
1.933
1.112
1.11
0.904
0.675
0.492
0.448
0.386
0.394
0.419
0.395
0.379
0.74
1.212
1.353
1.418
0.863
2.384
2.67
2.303
3.288
1.437
1.132
2.391
2.084
1.238
1.18
0.906
0.649
0.467
0.415
0.376
0.387
0.419
0.396
0.389
0.894
1.124
1.315
1.344
1.694
3.202
4.017
2.895
2.93
2.215
2.724
2.031
2.159
1.34
1.207
0.916
0.635
0.449
0.399
0.372
0.369
0.376
0.384
0.399
0.903
1.124
1.41
1.801
2.365
3.202
3.8
2.27
1.587
2.623
2.932
2.091
2.364
2.275
1.2
0.907
0.662
0.929
0.539
0.554
0.644
0.665
0.597
0.559
0.545
0.687
1.04
1.715
1.906
3.838
2.198
4.181
4.014
4.744
3.935
6.18
4.986
2.996
1.428
1.597
1.013
0.74
0.45
0.432
0.485
0.549
0.559
0.487
0.449
0.645
0.803
2.341
1.548
3.838
2.492
4.181
3.456
3.01
2.148
3.985
3.749
3.144
1.613
1.597
1.013
0.447
0.398
0.375
0.371
0.374
0.381
0.405
0.912
0.997
1.564
1.945
2.36
3.157
3.08
2.204
1.591
2.551
3.415
1.799
2.435
2.476
1.349
1.053
0.674
0.383
0.356
0.344
0.339
0.342
0.343
0.378
0.89
0.992
1.648
1.325
2.343
2.699
2.621
1.542
1.342
2.532
3.415
1.799
1.984
2.799
1.455
1.035
0.682
0.396
0.347
0.346
0.347
0.342
0.345
0.378
0.551
0.782
1.349
1.274
2.343
1.953
2.507
1.507
1.378
3.048
3.309
1.762
1.948
2.781
1.426
1.063
0.695
0.396
0.347
0.346
0.347
0.341
0.345
0.381
0.396
1.816
3.539
2.597
1.906
1.09
0.816
0.597
1.192
2.227
1.712
1.471
1.91
2.67
1.404
1.061
0.695
0.393
0.349
0.345
0.348
0.348
0.34
0.371
0.403
1.847
3.423
2.18
1.176
0.9
0.609
0.573
0.746
1.627
2.432
1.877
1.539
1.75
1.493
1.052
0.68
0.73
0.45
0.432
0.485
0.549
0.559
0.487
0.449
0.464
0.803
2.271
1.787
3.875
2.131
4.114
2.045
1.64
2.561
2.34
1.557
1.265
1.255
1.146
0.642
0.414
0.441
0.529
0.494
0.497
0.417
0.472
0.485
0.58
0.527
2.913
3.169
2.4
1.992
2.895
1.939
1.706
2.561
2.708
1.557
1.425
1.349
1.165
0.605
0.385
0.356
0.344
0.353
0.345
0.339
0.365
0.383
1.916
3.383
2.433
1.924
0.919
0.836
0.825
0.751
1.647
2.005
2.599
2.9
1.592
1.349
0.916
0.653
0.523
0.406
0.373
0.386
0.378
0.371
0.396
0.417
1.916
3.413
2.311
1.919
0.765
1.061
1.083
0.962
1.62
1.98
3.22
3.077
1.438
1.482
1.168
0.902
0.602
0.413
0.373
0.386
0.385
0.369
0.396
0.398
1.837
3.976
3.101
1.942
0.755
1.044
1.163
0.996
1.164
2.008
3.193
3.107
1.511
1.487
1.317
1.015
0.602
0.413
0.373
0.386
0.421
0.398
0.399
0.409
0.788
2.223
2.012
1.73
1.433
1.47
1.288
1.12
1.297
2.174
3.437
3.107
1.523
1.552
1.317
1.015
0.601
0.408
0.376
0.415
0.445
0.427
0.395
0.394
0.786
2.223
2.076
1.751
1.466
2.285
1.52
1.327
1.37
1.468
3.361
3.292
1.789
1.772
1.626
1.131
0.368
0.423
0.532
0.485
0.466
0.364
0.461
0.485
0.666
0.562
2.913
3.169
2.4
1.03
1.415
1.077
1.543
2.531
2.708
1.378
1.538
1.28
1.263
0.906
0.571
0.568
0.641
0.586
0.581
0.476
0.552
0.589
0.855
1.396
3.66
5.402
4.855
3.915
6.147
2.917
2.829
3.325
2.784
2.06
2.108
1.78
1.532
1.248
0.637
0.414
0.386
0.414
0.444
0.451
0.416
0.404
0.687
2.244
2.228
2.423
2.77
2.595
1.481
1.327
1.288
1.565
2.615
2.055
2.048
1.998
1.822
1.334
0.493
0.367
0.409
0.527
0.436
0.438
0.372
0.359
0.643
1.959
2.447
2.632
3.599
3.522
1.554
2.058
2.031
2.799
2.827
2.484
2.0
1.858
1.694
1.001
0.365
0.356
0.406
0.524
0.428
0.438
0.392
0.391
0.396
1.609
2.179
3.222
4.494
3.522
1.644
2.591
2.187
2.975
2.867
2.706
2.148
2.025
1.87
1.178
0.431
0.352
0.401
0.518
0.377
0.4
0.365
0.404
0.379
1.207
2.94
4.148
4.093
3.907
2.461
2.735
2.253
3.96
3.549
3.682
2.148
2.111
1.87
1.214
0.429
0.34
0.393
0.523
0.376
0.382
0.352
0.389
0.369
1.06
3.223
4.193
4.093
3.76
2.36
2.457
1.956
3.871
3.457
4.285
2.098
2.072
1.908
1.299
