0.0
0.0
0.0
0.0
0.0
0.0
0.0
0.0
0.0
0.0
0.0
0.0
0.0
0.0
0.0
0.0
0.0
0.0
0.0
0.0
0.0
0.0
0.0
0.0
0.0
0.0
0.0
0.0
0.0
0.0
0.0
0.0
0.0
0.0
0.0
0.0
0.0
0.0
0.0
0.0
0.0
0.0
0.0
0.0
0.0
0.0
0.0
0.0
0.0
0.0
0.0
0.0
0.0
0.0
0.0
0.0
0.0
0.0
0.0
0.0
0.0
0.0
0.0
0.0
0.0
0.0
0.0
0.0
0.0
0.0
0.0
0.0
0.0
0.0
0.0
0.0
0.0
0.0
0.0
0.0
0.0
0.0
0.0
0.0
0.0
0.0
0.0
0.0
0.0
0.0
0.0
0.0
0.0
0.0
0.0
0.0
0.0
0.0
0.0
0.0
0.0
0.0
0.0
0.0
0.0
0.0
0.0
0.0
0.0
0.0
0.0
0.0
0.0
0.0
0.0
0.0
0.0
0.0
0.0
0.0
0.0
0.0
0.0
0.0
0.0
0.0
0.0
0.0
0.0
0.0
0.0
0.0
0.0
0.0
0.0
0.0
0.0
0.0
0.0
0.0
0.0
0.0
0.0
0.0
0.0
0.0
0.0
0.0
0.0
0.0
0.0
0.0
0.0
0.0
0.0
0.0
0.0
0.0
0.0
0.0
0.0
0.0
0.0
0.0
0.0
0.0
0.0
0.0
0.0
0.0
0.0
0.0
0.0
0.0
0.0
0.0
0.0
0.0
0.0
0.0
0.0
0.0
0.0
0.0
0.0
0.0
0.0
0.0
0.0
0.0
0.0
0.0
0.0
0.0
0.0
0.0
0.0
0.0
0.0
0.0
0.0
0.0
0.0
0.0
0.0
0.0
0.0
0.0
0.0
0.0
0.0
0.0
0.0
0.0
0.0
0.0
0.0
0.0
0.0
0.0
0.0
0.0
0.0
0.0
0.0
0.0
0.0
0.0
0.0
0.0
0.0
0.0
0.0
0.0
0.0
0.0
0.0
0.0
0.0
0.0
0.0
0.0
0.0
0.0
0.0
0.0
0.0
0.0
0.0
0.0
0.0
0.0
0.0
0.0
0.0
0.0
0.0
0.0
0.0
0.0
0.0
0.0
0.0
0.0
0.0
0.0
0.0
0.0
0.0
0.0
0.0
0.0
0.0
0.0
0.0
0.0
0.0
0.0
0.0
0.0
0.0
0.0
0.0
0.0
0.0
0.0
0.0
0.0
0.0
0.0
0.0
0.0
0.0
0.0
0.0
0.0
0.0
0.0
0.0
0.0
0.0
0.0
0.0
0.0
0.0
0.0
0.0
0.0
0.0
0.0
0.0
0.0
0.0
0.0
0.0
0.0
0.0
0.0
0.0
0.0
0.0
0.0
0.0
0.0
0.0
0.0
0.0
0.0
0.0
0.0
0.0
0.0
0.0
0.0
0.0
0.0
0.0
0.0
0.0
0.0
0.0
0.0
0.0
0.0
0.0
0.0
0.0
0.0
0.0
0.0
0.0
0.0
0.0
0.0
0.0
0.0
0.0
0.0
0.0
0.0
0.0
0.0
0.0
0.0
0.0
0.0
0.0
0.0
0.0
0.0
0.0
0.0
0.0
0.0
0.0
0.0
0.0
0.0
0.0
0.0
0.0
0.0
0.0
0.0
0.0
0.0
0.0
0.0
0.0
0.0
0.0
0.0
0.0
0.0
0.0
0.0
0.0
0.0
0.0
0.0
0.0
0.0
0.0
0.0
0.0
0.0
0.0
0.0
0.0
0.0
0.0
0.0
0.0
0.0
0.0
0.0
0.0
0.0
0.0
0.0
0.0
0.0
0.0
0.0
0.0
0.0
0.0
0.0
0.0
0.0
0.0
0.0
0.0
0.0
0.0
0.0
0.0
0.0
0.0
0.0
0.0
0.0
0.0
0.0
0.0
0.0
0.0
0.0
0.0
0.0
0.0
0.0
0.0
0.0
0.0
0.0
0.0
0.0
0.0
0.0
0.0
0.0
0.0
0.0
0.0
0.0
0.0
0.0
0.0
0.0
0.0
0.0
0.0
0.0
0.0
0.0
0.0
0.0
0.0
0.0
0.0
0.0
0.0
0.0
0.0
0.0
0.0
0.0
0.0
0.0
0.0
0.0
0.0
0.0
0.0
0.0
0.0
0.0
0.0
0.0
0.0
0.0
0.0
0.0
0.0
0.0
0.0
0.0
0.0
0.0
0.0
0.0
0.0
0.0
0.0
0.0
0.0
0.0
0.0
0.0
0.0
0.0
0.0
0.0
0.0
0.0
0.0
0.0
0.0
0.0
0.0
0.0
0.0
0.0
0.0
0.0
0.0
0.0
0.0
0.0
0.0
0.0
0.0
0.0
0.0
0.0
0.0
0.0
0.0
0.0
0.0
0.0
0.0
0.0
0.0
0.0
0.0
0.0
0.0
0.0
0.0
0.0
0.0
0.0
0.0
0.0
0.0
0.0
0.0
0.0
0.0
0.0
0.0
0.0
0.0
0.0
0.0
0.0
0.0
0.0
0.0
0.0
0.0
0.0
0.0
0.0
0.0
0.0
0.0
0.0
0.0
0.0
0.0
0.0
0.0
0.0
0.0
0.0
0.0
0.0
0.0
0.0
0.0
0.0
0.0
0.0
0.0
0.0
0.0
0.0
0.0
0.0
0.0
0.0
0.0
0.0
0.0
0.0
0.0
0.0
0.0
0.0
0.0
0.0
0.0
0.0
0.0
0.0
0.0
0.0
0.0
0.0
0.0
0.0
0.0
0.0
0.0
0.0
0.0
0.0
0.0
0.0
0.0
0.0
0.0
0.0
0.0
0.0
0.0
0.0
0.0
0.0
0.0
0.0
0.0
0.0
0.0
0.0
0.0
0.0
0.0
0.0
0.0
0.0
0.0
0.0
0.0
0.0
0.0
0.0
0.0
0.0
0.0
0.0
0.0
0.0
0.0
0.0
0.0
0.0
0.0
0.0
0.0
0.0
0.0
0.0
0.0
0.0
0.0
0.0
0.0
0.0
0.0
0.0
0.0
0.0
0.0
0.0
0.0
0.0
0.0
0.0
0.0
0.0
0.0
0.0
0.0
0.0
0.0
0.0
0.0
0.0
0.0
0.0
0.0
0.0
0.0
0.0
0.0
0.0
0.0
0.0
0.0
0.0
0.0
0.0
0.0
0.0
0.0
0.0
0.0
0.0
0.0
0.0
0.0
0.0
0.0
0.0
0.0
0.0
0.0
0.0
0.0
0.0
0.0
0.0
0.0
0.0
0.0
0.0
0.0
0.0
0.0
0.0
0.0
0.0
0.0
0.0
0.0
0.0
0.0
0.0
0.0
0.0
0.0
0.0
0.0
0.0
0.0
0.0
0.0
0.0
0.0
0.0
0.0
0.0
0.0
0.0
0.0
0.0
0.0
0.0
0.0
0.0
0.0
0.0
0.0
0.0
0.0
0.0
0.0
0.0
0.0
0.0
0.0
0.0
0.0
0.0
0.0
0.0
0.0
0.0
0.0
0.0
0.0
0.0
0.0
0.0
0.0
0.0
0.0
0.0
0.0
0.0
0.0
0.0
0.0
0.0
0.0
0.0
0.0
0.0
0.0
0.0
0.0
0.0
0.0
0.0
0.0
0.0
0.0
0.0
0.0
0.0
0.0
0.0
0.0
0.0
0.0
0.0
0.0
0.52
0.318
0.388
0.331
0.363
0.403
0.413
0.4
0.558
0.242
0.314
1.389
0.83
0.311
0.438
0.25
0.355
0.372
1.128
2.557
3.355
2.47
1.217
0.713
0.563
0.407
0.439
0.415
0.485
0.403
0.606
0.404
0.65
0.329
0.466
1.392
0.83
0.311
0.438
0.247
0.363
0.364
1.21
2.452
3.039
2.447
1.048
0.655
0.531
0.412
0.439
0.418
0.48
0.413
0.594
0.403
0.447
0.295
0.448
2.555
1.151
0.436
0.461
0.237
0.363
0.354
1.132
1.947
1.783
2.239
0.921
0.53
0.507
0.497
0.457
0.418
0.479
0.41
0.568
0.43
0.438
0.295
0.448
2.584
1.718
2.075
0.728
0.606
0.376
0.37
1.293
1.82
1.307
1.102
0.682
0.241
0.212
0.233
0.22
0.237
0.222
0.235
0.296
0.248
0.391
0.38
0.566
4.739
0.52
0.411
1.523
1.791
1.052
0.683
1.621
0.517
0.937
1.182
0.754
0.251
0.229
0.224
0.199
0.236
0.206
0.216
0.225
0.799
0.708
0.395
0.871
4.739
0.583
0.411
1.523
1.791
1.052
0.593
0.868
0.697
0.807
0.961
0.416
0.525
0.309
0.457
0.292
0.305
0.333
0.222
0.489
0.311
0.302
0.324
0.375
2.563
1.65
2.031
0.658
0.591
0.376
0.297
0.722
1.797
1.349
1.0
1.919
0.638
0.336
0.458
0.283
0.308
0.33
0.222
0.534
0.28
0.306
0.323
0.367
1.405
1.253
2.008
0.683
1.976
0.642
0.218
1.05
1.125
1.06
0.854
1.97
0.555
0.323
0.351
0.229
0.221
0.205
0.224
0.319
0.27
0.214
0.24
0.218
1.415
1.318
2.06
0.683
1.984
0.641
0.22
0.988
1.257
1.334
0.942
2.246
0.621
0.375
0.351
0.235
0.219
0.203
0.223
0.29
0.27
0.219
0.233
0.257
0.251
0.867
1.944
0.664
2.01
0.742
0.323
2.189
1.802
1.676
1.394
2.314
0.621
0.375
0.269
0.211
0.216
0.209
0.214
0.333
0.238
0.219
0.244
0.378
0.328
0.379
0.299
0.42
1.646
1.521
0.412
2.106
1.716
1.676
1.394
2.314
0.251
0.232
0.215
0.203
0.222
0.206
0.21
0.225
0.763
0.702
0.395
1.185
3.898
0.364
0.424
2.197
4.977
1.554
1.28
2.039
0.975
1.031
1.1
0.595
0.293
0.304
0.218
0.19
0.222
0.196
0.21
0.212
0.856
0.702
0.313
1.185
0.391
1.535
0.428
1.053
4.375
0.794
3.425
3.608
1.339
1.948
1.258
0.808
0.547
0.456
0.332
0.235
0.213
0.205
0.212
0.299
0.211
0.204
0.213
0.371
1.135
1.61
0.486
0.544
1.775
1.75
0.449
2.106
2.029
1.451
1.368
1.036
0.486
0.453
0.35
0.271
0.243
0.236
0.247
0.307
0.221
0.203
0.206
0.371
1.136
1.832
0.59
0.514
0.448
1.348
0.449
1.883
2.231
1.105
1.156
0.854
0.453
0.409
0.37
0.267
0.244
0.24
0.237
0.35
0.23
0.196
0.207
0.365
1.122
1.777
1.023
0.625
0.803
1.387
0.48
1.846
1.849
0.821
0.878
0.427
0.35
0.354
0.416
0.26
0.244
0.237
0.226
0.35
0.222
0.192
0.209
0.321
2.232
3.297
1.668
0.846
0.871
1.609
1.31
0.55
1.195
0.501
0.511
0.457
1.109
0.791
0.472
0.352
0.351
0.276
0.301
0.442
0.329
0.189
0.192
0.204
2.119
3.23
1.668
0.846
0.871
0.807
1.213
0.454
1.21
0.583
0.515
0.459
0.385
0.291
0.212
0.196
0.216
0.213
0.223
0.196
0.355
0.351
0.352
0.868
0.358
1.458
0.428
1.095
4.341
0.919
3.425
3.608
1.758
1.948
1.258
0.808
0.385
0.291
0.212
0.189
0.207
0.213
0.212
0.196
0.355
0.327
0.352
0.324
0.315
1.454
0.403
0.43
0.271
0.384
2.686
2.583
1.758
1.622
1.069
0.669
1.082
0.716
0.405
0.354
0.38
0.316
0.332
0.466
0.358
0.222
0.227
0.23
1.34
2.021
1.519
0.754
0.773
0.599
1.197
0.479
0.734
0.519
0.455
0.379
1.059
0.683
0.405
0.318
0.344
0.279
0.293
1.037
0.679
0.226
0.227
0.494
1.404
1.835
1.427
0.67
1.016
0.596
1.193
0.356
0.368
0.442
0.341
0.345
1.059
0.667
0.416
0.317
0.338
0.269
0.289
0.986
0.668
0.235
0.225
0.491
1.401
1.812
0.942
0.527
0.651
0.547
1.152
0.362
0.365
0.465
0.619
0.651
1.214
0.859
0.398
0.32
0.333
0.265
0.29
0.986
0.664
0.227
0.22
0.491
0.289
0.269
0.254
0.267
0.557
0.215
0.213
1.919
1.567
0.688
0.804
0.793
0.427
0.423
0.308
0.224
0.218
0.215
0.216
0.855
1.449
0.505
0.338
0.592
0.32
0.27
0.247
0.266
0.559
0.22
0.44
2.045
2.829
0.972
0.911
0.906
0.321
0.215
0.194
0.184
0.184
0.201
0.212
0.189
0.255
0.221
0.312
0.212
0.264
0.23
0.33
0.581
0.537
0.44
0.324
0.556
1.223
0.504
0.586
0.569
0.253
0.248
0.238
0.235
0.245
0.246
0.244
0.235
0.241
0.24
0.238
0.232
0.237
0.241
0.292
0.503
0.548
0.325
0.323
0.309
0.33
0.38
0.503
0.48
0.438
0.413
0.297
0.23
0.215
0.202
0.206
0.852
2.218
0.817
0.298
0.559
0.289
0.234
0.214
0.226
0.522
0.186
0.411
2.013
2.928
1.18
1.048
0.94
0.427
0.413
0.301
0.222
0.212
0.203
0.212
0.228
1.88
0.807
0.296
0.294
0.219
0.168
0.179
0.181
0.185
0.186
0.415
2.013
2.979
1.334
1.048
0.94
0.454
0.44
0.283
0.248
0.238
0.236
0.242
0.254
1.913
0.832
0.322
0.317
0.244
0.2
0.211
0.429
0.682
0.355
0.523
2.369
3.485
1.334
0.924
0.842
0.83
0.251
0.303
0.317
0.345
0.24
0.344
0.374
2.073
0.885
0.389
0.348
0.281
0.3
0.364
0.523
0.84
0.377
0.838
0.83
2.252
1.187
1.779
0.894
0.828
0.281
0.328
0.319
0.35
0.242
0.344
0.373
1.351
0.627
0.265
0.243
0.272
0.619
0.402
1.133
1.224
0.459
0.642
1.478
2.556
0.946
1.657
0.775
0.258
0.243
0.231
0.236
0.254
0.256
0.239
0.235
0.241
0.252
0.253
0.237
0.234
0.237
0.292
0.503
0.548
0.325
0.323
0.309
0.332
0.389
0.473
0.48
0.258
0.238
0.228
0.24
0.254
0.256
0.239
0.229
0.233
0.252
0.253
0.237
0.228
0.232
0.249
0.262
0.232
0.236
0.233
0.264
0.195
0.186
0.174
0.177
0.781
0.266
0.348
0.281
0.317
0.217
0.315
0.346
0.563
0.365
0.263
0.243
0.272
0.625
0.406
1.135
1.224
0.459
0.642
1.478
2.501
0.873
1.527
0.745
0.781
0.264
0.348
0.284
0.317
0.217
0.31
0.343
0.563
0.721
0.369
0.317
0.274
0.625
0.407
1.144
1.231
0.714
1.17
1.579
2.643
0.841
2.222
0.973
0.897
0.244
0.321
0.254
0.286
0.189
0.285
0.321
0.532
0.774
0.355
0.295
0.252
0.599
0.474
2.36
0.747
0.553
1.067
1.935
2.174
1.344
2.762
1.031
0.407
0.251
0.27
0.181
0.181
0.186
0.21
0.227
0.423
0.74
0.291
0.261
0.216
0.503
0.59
2.28
0.587
0.536
0.815
4.029
2.546
1.628
1.852
0.862
0.393
0.216
0.245
0.185
0.182
0.182
0.212
0.247
0.284
0.809
0.296
0.266
0.191
0.185
0.571
1.841
0.235
0.48
0.805
3.44
0.944
1.456
2.07
1.091
0.19
0.187
0.182
0.183
0.189
0.196
0.178
0.178
0.179
0.191
0.194
1.082
2.704
0.184
0.188
0.212
0.193
0.173
0.19
0.255
0.195
0.192
0.177
0.169
0.236
0.252
0.383
0.345
0.188
0.195
0.183
0.175
0.184
0.19
0.198
1.08
5.118
0.472
0.195
0.207
0.197
0.184
0.26
2.829
0.792
0.651
0.525
0.537
0.593
0.399
0.39
0.218
0.184
0.182
0.217
0.244
0.266
0.719
0.3
0.27
0.191
0.184
0.571
1.841
0.248
0.554
0.865
3.483
1.105
1.57
2.07
1.091
0.593
0.399
0.392
0.219
0.184
0.184
0.222
1.088
0.496
0.362
0.199
0.193
0.186
0.187
0.562
1.833
0.5
0.48
0.891
3.483
1.087
1.501
1.431
0.888
0.472
0.414
0.425
0.254
0.213
0.184
0.226
1.084
0.634
0.317
0.206
0.185
0.409
0.388
0.814
0.701
0.741
0.619
1.642
3.348
1.032
0.892
0.775
0.661
0.498
0.437
0.452
0.287
0.239
0.184
0.204
1.139
0.601
0.341
0.23
0.203
0.424
0.429
0.7
0.717
0.741
0.619
1.634
1.875
1.647
1.182
0.561
0.536
0.508
0.503
0.477
0.313
0.262
0.186
0.204
1.136
0.689
0.273
0.229
0.203
0.428
0.463
0.695
0.851
1.049
0.735
1.653
1.808
1.647
1.186
0.37
0.334
0.539
0.306
0.386
0.353
0.181
0.206
0.2
0.177
0.185
0.2
0.195
1.354
5.118
0.472
0.195
0.203
0.208
0.187
0.244
2.922
1.14
1.141
0.887
0.778
0.552
0.306
0.431
0.397
0.252
0.276
0.2
0.169
0.183
0.201
0.195
0.447
2.601
0.471
0.299
0.663
0.553
0.504
0.435
2.922
1.14
1.141
0.887
0.778
0.349
0.335
0.311
0.317
0.286
0.184
0.204
1.136
0.689
0.273
0.224
0.2
0.428
0.467
0.827
2.718
1.322
1.404
2.498
1.699
1.484
1.085
0.361
0.334
0.375
0.355
0.323
0.317
0.29
0.184
0.203
0.307
0.53
0.255
0.218
0.205
0.43
0.479
1.127
2.889
1.072
1.227
2.694
2.091
1.503
1.18
0.462
0.348
0.375
0.353
0.316
0.308
0.287
0.183
0.2
0.319
0.472
0.217
0.206
0.205
0.202
0.291
0.896
2.725
1.01
1.28
2.563
1.668
1.581
1.534
0.789
0.431
0.381
0.333
0.289
0.27
0.265
0.189
0.189
0.238
0.49
0.477
0.553
0.221
0.183
0.248
0.827
2.725
1.035
1.304
2.77
0.977
2.109
1.325
1.075
0.615
0.556
0.365
0.264
0.239
0.237
0.188
0.194
0.221
0.36
0.483
0.588
0.253
0.231
0.209
0.827
2.459
0.7
1.158
2.77
0.977
2.108
1.473
1.808
0.722
0.804
0.859
0.354
0.249
0.246
0.276
0.194
0.181
0.183
0.201
0.179
0.447
0.199
0.188
0.288
0.902
1.303
2.378
0.66
0.983
0.678
0.771
0.681
0.546
0.57
0.877
0.354
0.249
0.246
0.265
0.183
0.179
0.184
0.184
0.175
0.235
0.255
0.251
0.356
0.902
1.303
2.378
0.66
0.891
0.39
0.609
1.367
0.781
0.554
0.339
0.233
0.205
0.211
0.201
0.186
0.235
0.976
1.145
0.597
0.252
0.227
0.196
1.005
0.974
0.589
0.485
1.929
0.973
2.108
1.473
1.808
0.722
0.537
0.294
0.188
0.179
0.182
0.225
0.213
0.27
1.013
1.145
0.597
0.245
0.223
0.17
0.918
2.139
0.819
0.572
1.178
0.764
1.95
1.466
1.768
0.699
0.537
0.319
0.21
0.208
0.214
0.255
0.24
0.307
1.027
1.141
0.589
0.245
0.226
0.175
0.799
2.035
0.693
0.891
0.72
0.657
1.864
1.711
1.587
0.74
0.501
0.307
0.213
0.207
0.209
0.253
0.247
0.3
1.066
0.858
0.215
0.467
0.271
0.215
0.712
1.996
0.663
1.557
1.616
1.313
0.431
1.322
1.371
0.621
0.334
0.256
0.258
0.262
0.264
0.293
0.27
0.411
1.066
0.84
0.187
0.429
0.451
0.325
0.814
2.255
1.017
1.709
2.036
1.437
0.643
1.38
1.214
0.642
0.62
0.877
0.294
0.203
0.185
0.192
0.183
0.179
0.186
0.183
0.178
0.244
0.255
0.251
0.252
0.485
1.023
2.142
0.586
1.219
0.617
0.609
1.367
1.038
0.38
0.255
0.168
0.186
0.193
0.189
0.188
0.167
0.186
0.183
0.178
0.244
0.248
0.246
0.252
0.575
0.352
0.329
0.358
0.847
0.899
1.005
1.688
1.038
0.33
0.257
0.262
0.262
0.263
0.282
0.27
0.414
0.729
0.18
0.394
0.606
0.491
0.325
0.505
1.876
0.839
1.709
1.992
1.437
0.64
1.38
1.214
0.642
0.356
0.263
0.264
0.261
0.261
0.254
0.24
0.367
0.689
0.182
0.394
0.633
0.527
0.361
0.306
0.538
0.63
1.646
2.414
1.446
0.685
1.352
1.203
0.671
0.386
0.298
0.295
0.291
0.286
0.281
0.271
0.377
2.154
0.437
0.497
0.723
0.58
0.453
0.455
0.502
0.591
1.158
2.428
1.435
0.687
1.084
1.691
0.769
0.38
0.304
0.298
0.291
0.285
0.297
0.302
0.431
2.17
0.437
0.501
0.47
0.576
0.415
0.637
0.999
0.871
0.537
1.274
1.293
0.915
1.405
2.548
0.924
0.416
0.313
0.305
0.305
0.297
0.312
0.334
0.391
2.229
0.432
0.497
0.47
0.363
0.433
0.571
0.779
0.586
0.376
0.855
1.168
0.709
1.71
2.675
1.015
0.38
0.175
0.18
0.191
0.193
0.182
0.225
0.227
0.243
0.266
0.247
0.238
0.229
0.231
0.237
0.571
0.352
0.312
0.354
0.847
0.899
0.756
0.692
0.74
0.32
0.241
0.249
0.256
0.251
0.242
0.279
0.308
0.304
0.315
0.305
0.305
0.294
0.289
0.31
0.586
0.335
0.308
0.296
0.521
0.676
0.724
0.696
0.418
0.308
0.349
0.309
0.302
0.304
0.321
0.336
0.375
2.024
0.436
0.294
0.593
0.406
0.606
0.686
1.336
0.768
0.542
0.915
1.171
0.709
1.71
2.675
1.015
0.577
0.345
0.309
0.303
0.305
0.321
0.336
0.373
1.956
0.438
0.294
0.571
0.367
0.572
0.686
1.336
0.768
0.572
0.495
0.86
0.656
1.6
2.573
0.979
0.551
0.287
0.255
0.245
0.246
0.265
0.276
0.309
0.398
0.183
0.194
0.517
0.279
0.48
0.535
1.309
0.743
0.572
0.294
0.823
0.624
1.235
2.013
0.97
0.743
0.421
0.293
0.28
0.282
0.283
0.282
0.293
0.346
0.219
0.226
0.551
0.303
0.489
0.364
0.809
0.469
0.501
0.302
0.227
0.256
0.757
1.15
0.766
0.705
0.367
0.235
0.213
0.217
0.223
0.226
0.222
0.216
0.218
0.226
0.547
0.288
0.365
0.331
0.803
0.621
0.654
0.646
0.425
1.163
0.437
0.545
0.613
0.733
0.29
0.303
0.319
0.319
0.299
0.301
0.309
0.309
0.325
0.308
0.305
0.299
0.295
0.333
0.382
0.313
0.308
0.296
0.303
0.307
0.284
0.291
0.418
0.315
0.301
0.304
0.327
0.319
0.299
0.313
0.309
0.309
0.312
0.302
0.304
0.299
0.31
0.333
0.999
0.841
0.606
0.444
0.496
0.476
0.41
1.179
0.63
0.496
0.452
0.355
0.26
0.216
0.223
0.223
0.226
0.218
0.214
0.221
0.248
0.225
1.275
0.638
0.441
0.607
0.665
1.078
0.418
1.162
0.442
0.542
0.608
0.569
0.465
0.348
0.258
0.22
0.227
0.223
0.222
1.555
0.713
0.347
0.328
0.485
2.012
1.133
0.866
0.81
0.956
1.38
0.618
1.67
1.505
0.824
0.845
0.836
0.497
0.359
0.26
0.219
0.226
0.226
0.229
1.619
0.766
0.349
0.296
0.486
2.266
1.243
0.893
1.113
1.522
2.191
0.937
1.728
1.561
0.913
0.789
0.824
0.392
0.321
0.231
0.188
0.188
0.185
0.186
1.6
0.84
0.326
0.257
0.463
2.259
1.233
1.338
2.016
1.522
2.191
1.051
2.376
1.68
0.974
0.93
1.0
0.418
0.356
0.26
0.22
0.216
0.217
0.213
1.625
0.875
0.442
0.297
0.597
2.756
1.298
1.338
1.987
1.341
1.988
1.284
1.63
1.534
1.128
1.193
1.166
0.389
0.301
0.319
0.304
0.299
0.31
0.289
0.3
0.312
0.302
0.285
0.288
0.31
0.312
0.999
0.841
0.534
0.395
0.428
0.416
0.355
1.12
1.053
0.809
0.578
0.287
0.269
0.242
0.248
0.254
0.246
0.229
0.243
0.347
0.265
0.235
0.257
0.253
0.95
1.344
1.047
0.541
0.495
0.9
0.907
1.528
1.099
1.033
0.378
0.258
0.241
0.252
0.245
0.259
0.238
1.64
0.88
0.547
0.33
0.612
1.703
0.878
1.148
2.283
1.625
1.643
1.316
1.749
1.671
1.175
1.193
1.166
0.378
0.258
0.241
0.247
0.243
0.276
0.265
0.342
0.414
0.449
0.281
0.4
0.994
0.435
0.969
2.299
1.52
1.807
1.878
1.958
0.76
1.025
1.089
1.046
0.346
0.25
0.241
0.246
0.243
0.289
0.295
0.329
0.412
0.468
0.344
0.396
0.733
0.323
1.036
2.127
1.05
1.264
2.424
1.958
0.76
0.981
1.046
0.926
0.423
0.355
0.349
0.353
0.353
0.385
0.376
0.453
0.458
0.468
0.344
0.396
0.744
0.732
0.727
1.104
2.146
1.317
2.866
2.159
1.053
1.046
1.062
0.846
0.393
0.32
0.404
0.325
0.33
0.367
0.373
0.453
0.451
0.599
0.323
0.461
0.472
0.805
0.808
1.423
2.181
1.317
2.615
2.018
1.004
0.791
0.82
0.656
0.851
0.295
0.203
0.204
0.187
0.192
0.2
0.173
0.17
0.3
0.226
0.543
0.185
0.208
0.262
0.751
0.682
0.338
0.261
0.671
0.729
1.137
1.099
1.033
0.851
0.512
0.233
0.204
0.19
0.187
0.187
0.173
0.178
0.306
0.203
0.543
0.186
0.427
0.258
0.751
0.722
1.618
0.925
1.18
1.19
1.255
1.519
1.382
0.338
0.318
0.408
0.293
0.297
0.327
0.345
0.426
0.422
0.486
0.292
0.424
0.44
0.778
0.808
1.006
1.791
1.178
2.465
1.865
0.837
0.76
0.694
0.536
0.337
0.318
0.408
0.292
0.297
0.312
0.317
0.384
0.394
0.458
0.259
0.372
0.407
1.0
0.559
0.786
1.552
0.684
1.826
1.829
0.865
0.942
0.724
0.676
0.388
0.318
0.413
0.298
0.3
0.307
0.289
0.34
0.344
0.451
0.35
0.372
0.412
1.0
0.463
0.652
1.454
0.408
1.528
1.854
0.863
1.067
0.936
0.705
0.281
0.205
0.299
0.191
0.192
0.195
0.178
0.199
0.329
0.452
0.349
0.455
0.854
0.993
0.449
0.666
0.774
0.837
1.588
1.158
0.565
1.006
0.915
0.729
0.287
0.202
0.218
0.189
0.187
0.193
0.175
0.197
0.317
0.234
0.337
0.435
0.979
1.195
0.553
0.471
1.728
1.086
1.639
1.159
0.565
1.269
1.134
0.929
0.665
0.512
0.235
0.202
0.189
0.197
0.222
0.242
0.243
0.262
0.261
0.573
0.182
0.411
0.182
0.178
0.213
1.466
0.851
0.684
0.642
1.255
1.474
1.017
0.295
0.497
0.279
0.282
0.194
0.192
0.215
0.24
0.243
0.262
0.256
0.213
0.401
0.458
0.182
0.173
0.213
1.466
0.852
0.688
0.644
0.698
1.088
0.907
0.339
0.181
0.191
0.188
0.182
0.191
0.176
0.202
0.319
0.235
0.35
0.599
1.154
1.421
0.692
0.705
2.588
1.823
1.639
1.159
0.565
1.249
1.134
0.929
0.435
0.183
0.2
0.19
0.183
0.188
0.172
0.205
0.352
0.269
0.383
0.626
1.183
1.315
0.809
0.749
2.609
1.848
1.556
0.507
0.417
0.948
1.166
0.853
0.47
0.24
0.249
0.244
0.238
0.228
0.225
0.26
0.552
0.259
0.324
0.822
1.272
1.315
0.877
0.986
2.647
1.991
1.567
0.503
0.424
0.825
1.014
0.773
0.478
0.273
0.282
0.272
0.242
0.228
0.226
0.255
0.483
0.259
0.324
0.771
0.851
1.06
0.84
1.2
2.316
1.397
0.917
1.051
0.466
0.823
0.913
0.68
0.583
0.609
0.308
0.282
0.24
0.229
0.226
0.256
0.59
0.229
0.316
1.183
0.653
0.78
0.69
1.046
1.256
1.144
0.866
1.041
0.462
0.433
0.7
0.484
0.291
0.251
0.244
0.282
0.194
0.192
0.215
0.24
0.237
0.235
0.245
0.213
0.395
0.365
1.351
1.055
0.545
0.605
0.4
0.455
0.478
0.426
0.447
0.538
0.231
0.228
0.236
0.274
0.187
0.186
0.174
0.17
0.168
0.167
0.173
0.175
0.451
0.365
1.342
1.055
0.539
0.603
0.4
0.552
0.543
0.426
0.447
0.536
0.527
0.629
0.328
0.307
0.597
0.277
0.257
0.251
0.59
0.226
0.304
1.02
0.486
0.557
0.634
0.939
0.42
0.433
0.849
1.041
0.46
0.431
0.695
0.48
0.454
0.629
0.328
0.317
0.621
0.278
0.257
0.269
0.696
0.185
0.265
0.989
0.451
0.387
0.585
1.321
0.438
0.55
1.303
1.564
0.623
0.531
0.672
0.41
0.393
0.598
0.295
0.287
0.587
0.248
0.226
0.304
0.58
0.221
0.213
0.812
0.373
0.294
0.486
1.348
0.823
0.958
0.898
1.67
1.144
0.693
0.691
0.51
0.504
0.589
0.284
0.267
0.578
0.246
0.227
0.309
0.587
0.222
0.211
0.81
0.367
0.289
0.477
1.07
0.696
0.986
1.344
0.965
0.983
0.557
0.709
0.643
0.587
0.551
0.317
0.254
0.578
0.246
0.226
0.303
0.565
0.22
0.207
0.228
0.213
0.226
0.477
1.047
0.667
1.065
1.369
0.933
0.955
0.526
0.678
0.615
0.17
0.169
0.178
0.178
0.185
0.181
0.166
0.166
0.163
0.165
0.168
0.164
0.226
0.465
1.709
1.913
0.675
0.909
0.765
0.592
0.574
0.531
0.609
0.634
0.168
0.168
0.16
0.165
0.183
0.177
0.17
0.166
0.165
0.153
0.168
0.166
0.223
0.324
0.535
1.025
0.299
0.478
0.537
0.417
0.346
0.274
0.337
0.745
0.585
0.526
0.289
0.224
0.222
0.199
0.196
0.303
0.565
0.225
0.211
0.223
0.213
0.225
0.389
0.953
0.885
1.214
1.501
1.035
0.955
0.528
0.679
0.615
0.634
0.505
0.265
0.202
0.197
0.198
0.196
0.273
0.44
0.226
0.215
0.226
0.215
0.547
0.318
0.573
1.107
1.811
1.351
0.958
1.053
0.93
0.73
0.677
0.606
0.478
0.239
0.173
0.173
0.175
0.166
0.247
0.422
0.174
0.164
0.175
0.17
0.629
0.446
0.544
0.881
1.435
1.759
0.85
0.525
1.154
0.828
1.162
0.538
0.496
0.236
0.171
0.173
0.175
0.165
0.254
0.425
0.174
0.166
0.185
0.172
0.629
0.526
0.573
0.911
1.435
1.34
0.881
1.425
1.564
0.871
1.071
0.388
0.258
0.24
0.275
0.274
0.281
0.263
0.252
0.476
0.178
0.168
0.171
0.169
0.848
0.582
0.577
1.022
1.926
1.363
0.881
1.455
1.603
0.901
1.106
0.522
0.21
0.163
0.165
0.18
0.179
0.17
0.166
0.161
0.157
0.168
0.171
0.165
0.324
0.535
1.025
0.302
0.481
0.541
0.314
0.304
2.454
0.855
1.144
0.976
0.323
0.171
0.172
0.172
0.176
0.169
0.167
0.171
0.181
0.238
0.379
0.349
0.89
0.476
0.645
1.658
0.843
0.757
0.744
0.78
2.984
0.851
1.144
0.414
0.286
0.271
0.287
0.274
0.279
0.261
0.256
0.476
0.184
0.166
0.173
0.169
0.848
0.581
0.575
0.834
1.812
1.237
0.821
1.455
1.603
0.941
1.348
0.371
0.322
0.31
0.315
0.318
0.313
0.293
0.303
0.662
0.221
0.358
0.578
0.277
0.628
0.686
0.621
0.666
1.225
0.969
1.015
1.445
1.756
1.023
1.453
0.371
0.322
0.309
0.315
0.316
0.308
0.291
0.244
0.682
0.244
0.395
0.614
0.314
0.525
0.502
0.371
0.482
1.09
1.309
1.026
1.446
1.667
1.19
1.029
0.442
0.303
0.311
0.315
0.316
0.33
0.322
0.275
0.729
0.249
0.394
0.616
0.315
0.608
1.002
0.67
0.783
1.565
1.497
1.206
0.862
1.342
1.078
0.961
0.401
0.283
0.292
0.245
0.246
0.249
0.259
0.315
0.617
0.289
0.461
0.808
0.576
0.583
1.473
0.821
0.819
1.059
2.262
1.299
0.859
1.335
1.252
1.077
0.976
0.416
0.74
0.794
0.174
0.176
0.165
0.173
0.169
0.181
0.238
0.382
0.395
0.956
0.83
0.834
1.759
2.359
1.54
1.286
1.291
2.984
1.09
0.839
0.759
0.578
0.895
0.806
0.172
0.173
0.181
0.173
0.169
0.183
0.288
0.428
0.396
0.956
1.289
1.199
2.65
2.367
1.565
1.425
1.291
1.479
1.249
1.131
0.386
0.254
0.267
0.241
0.253
0.248
0.263
0.322
0.872
0.375
0.466
0.811
0.576
0.583
1.473
0.821
0.819
1.059
2.262
1.299
0.859
1.486
1.259
0.836
0.361
0.213
0.226
0.211
0.208
0.211
0.235
0.293
0.698
0.348
0.274
0.414
0.459
0.481
1.419
1.206
1.058
1.171
2.37
0.646
0.615
0.831
0.951
0.629
0.365
0.241
0.26
0.225
0.217
0.211
0.235
0.279
0.607
0.323
0.235
0.379
0.422
0.459
1.512
1.376
2.153
1.943
1.962
0.963
0.932
0.609
0.516
0.422
0.277
0.562
0.337
0.237
0.21
0.192
0.201
0.222
0.475
0.32
0.227
0.386
0.606
0.625
1.069
1.263
2.047
1.672
2.274
1.112
0.647
0.552
0.512
0.407
0.277
0.596
0.767
0.419
0.182
0.168
0.169
0.176
0.439
0.271
0.158
0.187
0.386
0.669
0.587
1.072
1.863
1.585
1.43
0.973
0.621
0.609
0.572
0.517
1.047
1.047
0.895
0.806
0.168
0.173
0.181
0.173
0.156
0.176
0.22
0.238
0.258
0.231
1.289
0.909
1.259
2.367
1.565
1.392
1.018
1.268
1.249
1.131
0.988
1.22
0.37
0.233
0.234
0.161
0.169
0.175
0.14
0.161
0.227
0.238
0.206
0.179
1.11
1.754
1.789
2.001
2.224
1.499
0.998
0.947
0.92
1.086
0.498
0.729
0.792
0.436
0.239
0.174
0.167
0.143
0.155
0.174
0.143
0.171
0.603
0.933
0.587
1.104
1.905
1.612
1.447
1.013
0.65
0.444
0.528
0.517
0.501
0.729
0.911
0.687
0.366
0.174
0.165
0.134
0.159
0.174
0.132
0.164
0.715
1.141
0.558
0.616
1.563
1.346
1.274
0.988
0.601
0.444
0.516
0.51
0.501
0.729
0.909
0.683
0.351
0.172
0.161
0.144
0.159
0.172
0.14
0.165
0.715
1.141
0.426
0.409
0.424
0.497
0.745
0.582
0.25
0.33
0.496
0.477
0.445
0.401
0.828
0.668
0.351
0.159
0.16
0.151
0.154
0.16
0.15
0.147
0.521
0.883
0.226
0.185
0.195
0.192
0.201
0.404
0.318
0.27
0.464
0.456
0.414
0.324
0.344
0.447
0.341
0.149
0.156
0.155
0.156
0.157
0.143
0.146
0.473
0.641
0.181
0.188
0.195
0.186
0.195
0.407
0.325
0.178
0.189
0.185
0.999
1.22
0.808
0.361
0.234
0.166
0.157
0.175
0.142
0.137
0.174
1.168
1.743
0.371
0.495
1.39
1.985
1.464
1.733
1.018
0.744
0.326
0.293
0.364
0.345
0.708
0.859
0.401
0.326
0.258
0.247
0.259
0.236
0.239
0.262
1.242
1.838
0.442
0.495
1.39
1.985
1.464
1.733
0.9
0.776
0.36
0.329
0.327
0.179
0.189
0.31
0.419
0.268
0.14
0.153
0.155
0.152
0.15
0.148
0.149
0.264
0.415
0.208
0.206
0.205
0.191
0.219
0.421
0.341
0.204
0.195
0.19
0.201
0.189
0.188
0.185
0.173
0.18
0.183
0.186
0.184
0.182
0.182
0.184
0.18
0.22
0.24
0.433
0.447
0.498
0.474
0.669
0.685
0.704
0.485
0.684
0.282
0.222
0.218
0.217
0.205
0.222
0.218
0.216
0.211
0.21
0.209
0.211
0.207
0.257
0.259
0.505
1.63
0.855
1.109
1.054
0.966
1.023
0.771
1.022
0.331
0.224
0.216
0.219
0.207
0.229
0.218
0.323
0.367
0.21
0.211
0.207
0.232
0.593
0.487
1.207
2.138
1.674
1.308
0.974
1.224
1.268
1.244
1.29
0.643
0.245
0.218
0.223
0.214
0.236
0.217
0.333
0.545
0.239
0.221
0.207
0.261
1.026
0.636
1.24
2.536
2.465
1.868
1.174
1.426
1.387
1.374
1.315
0.346
0.35
0.859
0.401
0.349
0.352
0.333
0.339
0.339
0.349
0.345
1.242
1.838
0.445
0.41
0.445
1.444
0.396
0.378
1.789
1.49
1.16
1.018
0.797
0.582
0.361
0.352
0.35
0.349
0.352
0.333
0.339
0.339
0.731
0.502
0.623
0.511
0.517
0.624
0.459
0.395
0.827
1.518
2.787
1.91
1.575
1.381
1.298
0.759
0.487
0.388
0.242
0.222
0.236
0.219
0.333
0.582
0.261
0.221
0.209
0.266
1.349
0.854
1.24
2.536
2.841
2.221
1.274
1.426
1.387
1.427
1.439
0.884
0.46
0.36
0.215
0.195
0.2
0.188
0.316
0.714
0.244
0.199
0.238
0.303
1.41
0.848
1.084
2.364
2.841
2.186
1.267
1.638
2.443
1.664
1.333
0.901
0.433
0.336
0.235
0.176
0.167
0.161
0.289
0.714
0.403
0.201
0.317
0.311
1.44
1.115
1.176
1.353
2.639
2.36
1.162
1.548
3.031
1.818
1.466
0.901
0.459
0.34
0.235
0.178
0.189
0.192
0.215
0.66
0.6
0.299
0.422
0.386
1.203
0.982
0.623
1.422
2.216
2.409
1.201
1.395
3.069
1.548
1.264
0.648
0.445
0.34
0.233
0.18
0.2
0.222
0.235
0.513
0.779
0.35
0.5
0.491
0.839
1.099
0.873
1.742
1.801
2.169
1.522
1.296
2.944
1.596
1.354
0.653
0.36
0.327
0.322
0.298
0.322
0.324
0.307
0.326
0.73
0.798
0.687
0.574
0.629
1.388
0.74
1.143
1.142
2.715
3.413
2.875
1.575
1.432
1.298
0.718
0.544
0.246
0.243
0.215
0.244
0.29
0.266
0.466
1.392
0.798
0.687
0.574
0.75
1.388
0.74
1.143
1.866
2.715
2.953
2.201
1.277
1.124
1.288
0.541
0.23
0.207
0.251
0.209
0.231
0.254
0.271
0.693
1.262
0.617
0.642
0.564
0.776
1.323
1.344
1.991
1.575
2.367
1.636
1.429
3.061
1.574
1.276
0.403
0.262
0.241
0.28
0.24
0.262
0.284
0.319
0.698
1.262
0.617
0.642
0.861
1.064
1.422
1.844
2.577
1.896
2.96
1.895
1.208
1.756
1.216
0.953
0.357
0.29
0.248
0.239
0.235
0.262
0.284
0.319
0.79
1.148
0.716
0.627
0.861
1.051
1.375
1.94
2.917
2.26
2.419
2.228
1.37
1.017
1.016
0.751
0.438
0.322
0.28
0.239
0.236
0.244
0.262
0.299
0.86
0.948
0.621
0.878
1.007
1.131
1.375
1.94
2.661
2.26
2.416
2.442
1.407
1.016
1.133
0.866
0.437
0.336
0.302
0.268
0.251
0.235
0.235
0.277
0.882
0.771
0.691
0.849
0.944
1.131
1.184
1.887
2.134
2.126
2.46
2.227
1.407
1.016
0.994
0.761
0.556
0.454
0.186
0.193
0.182
0.191
0.236
0.231
0.578
1.19
0.692
0.393
0.626
0.801
2.118
1.302
1.333
1.697
2.128
2.548
2.314
1.127
1.124
1.215
0.556
0.499
0.238
0.241
0.398
0.361
0.185
0.191
0.578
1.19
0.306
0.246
0.573
0.801
2.877
1.317
0.589
1.674
1.358
1.477
1.404
1.127
0.818
0.762
0.435
0.336
0.299
0.263
0.334
0.276
0.207
0.244
0.762
0.27
0.421
0.652
0.841
0.855
1.012
1.705
1.969
2.696
2.245
1.963
1.156
0.895
0.916
0.684
0.433
0.331
0.293
0.265
0.349
0.245
0.177
0.192
0.599
0.268
0.421
0.652
0.483
0.54
0.911
1.766
2.372
2.425
1.601
1.595
1.005
0.852
0.942
0.832
0.561
0.324
0.293
0.258
0.348
0.241
0.179
0.205
0.482
0.196
0.288
0.567
0.416
0.445
0.776
1.851
2.169
2.13
1.636
1.018
0.688
0.718
0.738
0.601
0.463
0.297
0.28
0.292
0.38
0.271
0.196
0.225
0.344
0.219
0.314
0.504
0.426
0.489
0.814
1.851
2.343
2.259
2.521
0.77
0.785
0.698
0.677
0.621
0.517
0.273
0.251
0.263
0.366
0.273
0.198
0.226
0.201
0.191
0.187
0.461
0.425
0.565
0.925
1.761
2.639
2.342
2.375
1.098
0.828
0.803
0.901
1.132
0.39
0.288
0.293
0.292
1.884
0.361
0.285
0.35
0.622
0.438
0.314
0.173
0.472
0.512
2.877
1.317
1.388
1.637
1.378
1.454
0.998
0.589
0.425
0.298
0.628
0.419
0.293
0.292
1.884
0.353
0.286
0.347
0.443
0.285
0.314
0.165
0.411
1.406
2.269
0.915
1.22
1.546
1.124
1.185
0.879
0.776
0.755
0.762
0.788
0.434
0.383
0.294
0.259
0.202
0.193
0.224
0.205
0.196
0.193
0.461
0.425
0.625
0.972
1.842
2.639
1.523
2.116
1.116
0.828
0.803
0.9
1.133
1.077
0.545
0.385
0.269
0.238
0.23
0.258
0.305
0.395
0.194
0.194
0.532
0.496
0.579
1.236
1.234
1.732
1.527
2.323
1.523
1.321
0.813
0.982
1.109
0.941
0.558
0.416
0.299
0.266
0.26
0.288
0.321
0.599
0.221
0.236
0.531
0.498
0.579
1.24
0.985
1.637
1.285
2.899
1.709
1.522
0.923
1.156
1.602
1.235
0.671
0.394
0.267
0.234
0.232
0.267
0.291
0.601
0.2
0.208
0.247
0.246
0.697
1.292
1.113
1.632
1.637
2.572
2.241
1.644
1.082
1.442
1.592
1.162
0.671
0.398
0.27
0.235
0.229
0.265
0.291
0.741
0.238
0.209
0.242
0.535
1.164
1.583
1.235
1.439
1.795
3.213
2.078
1.838
1.15
1.342
1.221
1.104
0.903
0.812
0.252
1.666
0.17
0.286
0.347
0.444
0.285
0.318
0.168
0.419
1.439
0.924
1.272
1.22
2.407
1.124
1.185
0.879
0.777
1.17
1.329
1.104
0.903
0.746
0.187
0.179
0.174
0.174
0.17
0.193
1.037
0.261
0.252
0.441
2.24
1.051
1.272
0.396
1.607
0.523
0.932
1.422
1.291
1.227
1.329
0.9
0.487
0.238
0.212
0.225
0.229
0.267
0.295
0.905
0.278
0.201
0.242
0.535
1.095
1.352
0.809
1.765
1.847
3.213
2.078
1.838
1.395
1.491
1.304
0.627
0.353
0.208
0.204
0.204
0.205
0.207
0.233
0.981
0.278
0.202
0.384
0.56
1.074
0.983
0.71
1.765
1.847
3.143
1.599
1.225
1.497
2.008
1.513
0.802
0.34
0.178
0.179
0.18
0.179
0.181
0.209
0.972
0.425
0.198
0.491
0.946
1.108
1.003
0.699
1.415
1.803
2.977
1.379
1.152
1.601
2.175
1.373
0.636
0.21
0.185
0.181
0.181
0.188
0.18
0.209
0.972
0.55
0.197
0.52
1.037
0.774
0.85
0.653
1.2
1.254
3.061
1.275
1.476
1.587
1.788
1.357
0.636
0.206
0.183
0.178
0.181
0.188
0.178
0.219
0.99
0.522
0.216
0.69
1.063
0.422
0.442
0.429
1.545
0.924
2.433
1.43
1.28
1.754
1.937
1.456
0.749
0.718
0.746
0.195
0.179
0.17
0.215
0.223
0.276
1.3
0.261
0.266
0.301
1.103
0.935
1.136
0.589
1.759
0.693
1.788
1.395
1.356
1.175
1.265
0.769
0.699
0.57
0.257
0.176
0.173
0.217
0.229
0.276
1.3
0.261
0.765
0.698
1.068
0.935
0.505
0.589
0.673
0.661
1.788
1.395
1.356
1.377
0.876
0.613
0.208
0.18
0.178
0.181
0.187
0.176
0.215
0.882
0.481
0.25
0.981
1.063
0.422
0.442
0.429
1.0
0.884
2.433
1.43
1.28
1.681
1.867
1.475
0.629
0.208
0.18
0.177
0.176
0.183
0.173
0.226
0.758
0.479
0.25
0.799
1.175
0.786
0.674
1.224
1.324
1.057
2.766
1.424
1.337
1.543
1.206
1.209
0.465
0.219
0.206
0.211
0.204
0.178
0.166
0.299
0.669
0.313
0.219
0.698
0.795
1.058
0.956
1.354
1.39
1.72
2.352
1.482
1.252
1.266
0.961
0.88
0.331
0.25
0.233
0.23
0.258
0.182
0.169
0.299
0.653
0.18
0.219
0.67
0.901
1.117
1.83
1.422
1.318
1.72
1.866
1.25
0.675
1.09
0.913
0.859
0.35
0.282
0.261
0.257
0.305
0.204
0.168
0.279
0.62
0.558
0.261
0.538
0.635
1.085
1.745
1.742
1.166
1.725
1.758
0.932
0.631
0.666
0.668
0.648
0.785
0.756
0.675
0.381
0.301
0.299
0.337
0.354
0.378
0.669
0.293
0.803
0.716
0.312
0.543
0.324
0.59
1.827
1.032
1.86
1.892
1.277
1.321
0.99
0.785
0.762
0.675
0.381
0.36
0.356
0.346
0.335
0.353
0.348
0.358
0.803
0.716
0.336
0.238
0.344
1.626
2.649
1.062
1.014
1.697
1.162
1.293
0.728
0.373
0.337
0.324
0.317
0.377
0.217
0.166
0.275
0.62
0.559
0.228
0.22
0.635
1.085
2.031
2.021
1.452
1.687
1.716
0.932
0.631
0.666
0.456
0.407
0.335
0.337
0.324
0.317
0.377
0.217
0.161
0.257
0.614
0.559
0.229
0.223
0.494
0.723
2.094
1.413
1.151
2.26
1.438
1.183
1.278
0.815
0.662
0.508
0.341
0.312
0.299
0.281
0.349
0.217
0.171
0.199
0.561
0.918
0.284
0.228
0.757
0.691
1.862
1.748
1.585
1.593
1.721
1.233
1.248
0.842
0.964
0.74
0.469
0.317
0.326
0.32
0.295
0.204
0.168
0.247
0.635
0.92
0.284
0.221
0.651
0.634
1.124
1.81
1.585
1.566
1.885
1.641
1.407
0.885
1.168
0.827
0.5
0.346
0.36
0.356
0.308
0.245
0.231
0.395
0.642
0.59
0.256
0.417
0.802
0.592
1.124
1.59
1.681
1.604
1.909
1.64
1.409
0.861
1.235
0.98
0.292
0.293
0.329
0.36
0.365
0.356
0.36
0.348
0.353
0.349
0.358
0.35
0.345
0.336
0.299
1.133
2.465
2.649
1.18
1.251
2.003
1.152
1.247
0.604
0.275
0.282
0.302
0.303
0.296
0.29
0.287
0.265
0.288
0.287
0.301
0.278
0.268
0.274
0.303
1.133
2.559
1.886
1.18
1.235
1.013
1.134
2.106
0.891
0.682
0.379
0.305
0.308
0.24
0.251
0.236
0.395
0.642
0.585
0.256
0.424
0.802
0.629
1.035
1.313
1.386
1.46
1.909
1.64
1.409
0.861
1.235
0.98
0.682
0.371
0.305
0.306
0.248
0.282
0.26
0.43
0.67
0.59
0.255
0.424
0.814
0.637
0.836
1.443
2.091
0.95
1.658
1.782
0.88
0.66
1.004
0.842
0.718
0.407
0.304
0.304
0.244
0.296
0.253
0.416
0.761
0.263
0.245
0.55
0.583
0.397
1.699
1.856
1.709
1.196
2.293
1.896
1.104
0.623
0.724
0.615
0.606
0.393
0.277
0.28
0.27
0.305
0.302
0.551
0.74
0.329
0.358
0.925
0.774
0.511
1.668
1.789
1.898
1.521
2.127
1.34
1.168
0.566
0.595
0.667
0.585
0.338
0.212
0.235
0.202
0.256
0.24
0.417
0.607
0.4
0.335
0.696
0.959
1.056
1.955
2.155
1.424
1.457
2.095
1.355
1.167
0.571
0.505
0.476
0.786
0.264
0.302
0.3
0.293
0.289
0.278
0.265
0.271
0.283
0.529
0.747
0.542
0.45
0.298
1.065
2.081
0.673
0.772
1.523
1.247
1.256
2.485
1.28
0.881
0.242
0.259
0.24
0.235
0.242
0.221
0.251
0.226
0.273
0.529
0.736
0.537
0.45
0.667
1.005
1.305
0.206
0.252
0.927
0.669
1.256
2.485
1.28
0.393
0.261
0.242
0.257
0.218
0.278
0.263
0.444
0.624
0.436
0.355
0.72
0.959
1.04
1.789
2.155
1.424
1.457
2.095
1.355
1.149
0.939
0.757
0.644
0.388
0.28
0.276
0.293
0.229
0.278
0.275
0.422
0.478
0.436
0.355
0.715
0.911
1.04
1.789
1.868
0.699
1.043
1.912
0.879
0.917
0.955
0.771
0.585
0.329
0.253
0.273
0.293
0.229
0.276
0.276
0.422
0.353
0.436
0.33
0.605
0.904
1.027
0.747
0.97
0.569
0.719
0.775
0.618
0.68
0.955
0.761
0.582
0.318
0.239
0.264
0.29
0.222
0.291
0.245
0.282
0.241
0.404
0.237
0.249
0.791
0.883
0.811
0.973
0.595
0.719
0.555
0.617
0.916
1.091
0.864
0.783
0.369
0.243
0.264
0.27
0.232
0.296
0.265
0.309
0.375
0.283
0.235
0.246
0.568
0.584
0.52
0.529
0.474
0.625
1.173
0.71
0.942
1.084
0.898
0.96
0.881
0.192
0.196
0.169
0.182
0.182
0.181
0.205
0.174
0.26
0.469
0.724
0.507
0.43
0.643
0.962
0.334
0.154
0.839
1.543
1.11
1.068
1.286
0.687
0.345
0.148
0.206
0.164
0.177
0.202
0.152
0.24
0.144
0.251
0.148
0.229
0.178
0.213
0.626
0.922
0.326
0.158
0.832
0.838
0.691
0.464
0.299
0.211
0.491
0.246
0.231
0.243
0.211
0.252
0.249
0.278
0.366
0.257
0.221
0.228
1.026
0.664
0.617
0.577
0.474
0.643
1.172
0.723
0.932
0.715
0.638
0.755
0.457
0.219
0.202
0.209
0.19
0.227
0.215
0.256
0.344
0.257
0.209
0.23
1.088
0.9
0.617
0.577
0.467
1.062
1.887
0.772
0.977
0.605
0.54
0.791
0.491
0.247
0.234
0.236
0.194
0.239
0.216
0.256
0.32
0.23
0.183
0.207
1.088
1.055
0.697
0.584
0.483
1.236
2.07
0.775
0.965
0.613
0.544
0.813
0.475
0.26
0.242
0.227
0.182
0.217
0.195
0.228
0.302
0.2
0.164
0.19
0.916
1.055
0.681
0.404
0.29
0.917
2.006
0.445
0.307
0.287
0.325
0.475
0.432
0.276
0.247
0.235
0.177
0.196
0.182
0.19
0.149
0.198
0.174
0.19
0.774
1.409
0.697
0.419
0.293
0.875
1.272
0.336
0.295
0.288
0.29
0.31
0.207
0.154
0.205
0.164
0.2
0.202
0.203
0.2
0.193
0.19
0.16
0.217
0.178
0.203
0.212
0.199
0.213
0.175
1.331
1.393
1.118
0.884
0.396
0.232
0.229
0.255
0.247
0.232
0.226
0.209
0.204
0.181
0.221
0.186
0.191
0.217
0.196
0.774
0.298
0.261
0.205
0.644
1.352
0.793
0.667
0.675
0.33
0.264
0.301
0.296
0.271
0.259
0.297
0.196
0.181
0.19
0.148
0.185
0.193
0.18
0.291
1.339
0.626
1.01
0.36
0.89
1.272
0.336
0.295
0.312
0.294
0.32
0.31
0.307
0.284
0.295
0.309
0.2
0.182
0.189
0.158
0.177
0.205
0.176
0.2
1.115
0.997
1.097
0.474
0.576
0.577
0.58
0.654
0.846
0.515
0.497
0.293
0.307
0.26
0.276
0.312
0.196
0.179
0.242
0.332
0.198
0.254
0.259
0.25
1.138
1.053
1.4
0.643
0.805
0.594
0.784
0.745
0.929
0.736
0.662
0.306
0.303
0.26
0.299
0.321
0.209
0.213
0.264
0.547
0.229
0.254
0.255
0.429
1.109
0.924
1.4
0.896
1.363
0.659
0.873
0.911
1.422
1.485
0.893
0.337
0.288
0.259
0.295
0.325
0.211
0.202
0.284
0.742
0.244
0.237
0.29
0.583
0.416
0.822
1.352
0.896
1.363
1.233
1.085
1.058
1.669
1.676
0.944
0.262
0.324
0.283
0.304
0.246
0.184
0.204
0.143
0.221
0.136
0.228
0.176
0.225
0.774
0.977
0.389
0.246
0.688
1.814
0.793
0.692
0.675
0.364
0.315
0.279
0.324
0.348
0.407
0.36
0.266
0.253
0.254
0.285
0.206
0.228
0.145
0.257
1.166
0.977
0.393
0.296
0.688
1.814
0.55
0.629
0.523
0.544
0.944
0.319
0.254
0.252
0.27
0.48
0.702
0.39
0.312
0.755
0.246
0.224
0.291
0.583
0.42
0.788
0.773
1.148
1.555
2.175
1.289
1.058
1.669
1.676
0.884
0.295
0.218
0.234
0.226
0.477
0.691
0.429
0.462
0.755
0.25
0.219
0.294
0.58
0.503
0.455
0.736
1.076
2.189
2.415
1.107
0.742
1.179
1.488
0.712
0.283
0.221
0.226
0.222
0.477
0.687
0.6
0.441
0.585
0.222
0.173
0.21
0.533
0.521
0.475
0.492
1.104
1.943
2.407
1.089
1.331
1.401
1.406
0.537
0.587
0.257
0.198
0.174
0.466
0.659
0.57
0.586
0.397
0.194
0.174
0.455
0.704
0.622
0.623
0.638
0.937
1.491
2.407
1.079
1.507
1.627
1.421
0.581
0.525
0.289
0.225
0.201
0.489
0.687
0.597
0.618
0.403
0.199
0.182
0.456
0.606
0.987
0.777
0.737
1.285
1.602
2.003
1.92
1.68
1.607
1.452
0.629
0.279
0.305
0.348
0.404
0.36
0.264
0.259
0.261
0.262
0.228
0.191
0.165
1.574
4.0
1.551
0.484
2.079
0.59
1.497
0.771
1.543
1.167
1.467
0.87
0.29
0.242
0.331
0.345
0.32
0.265
0.259
0.261
0.25
0.228
0.162
0.17
1.574
4.0
0.927
0.371
2.079
0.577
0.621
0.771
2.475
1.592
1.599
0.791
0.587
0.289
0.204
0.203
0.216
0.194
0.402
0.618
0.386
0.248
0.523
0.546
0.693
0.988
0.777
0.737
1.043
1.508
1.161
1.676
1.687
1.751
1.554
0.695
0.582
0.288
0.209
0.201
0.207
0.192
0.364
0.445
0.382
0.251
0.841
0.574
0.715
0.988
0.767
0.729
1.043
0.838
0.809
1.607
1.928
1.801
1.634
0.936
0.624
0.284
0.226
0.197
0.198
0.194
0.206
0.416
0.379
0.459
1.083
0.574
0.715
0.793
0.623
0.648
0.827
0.688
0.607
1.423
1.462
1.724
1.797
0.899
0.316
0.216
0.225
0.198
0.202
0.193
0.205
0.236
0.354
0.459
1.083
0.332
0.357
0.694
0.506
0.528
0.748
0.724
1.194
1.805
1.169
1.195
1.16
0.807
0.321
0.17
0.193
0.167
0.191
0.165
0.177
0.18
0.156
0.441
1.077
0.294
0.28
0.292
0.33
0.337
0.327
0.483
0.985
0.729
0.857
1.093
0.976
0.988
0.256
0.183
0.228
0.17
0.18
0.181
0.18
0.186
0.172
0.203
0.156
0.17
1.522
3.594
0.886
0.304
2.027
0.87
1.124
1.954
2.475
1.592
1.599
0.933
0.227
0.183
0.197
0.179
0.178
0.181
0.169
0.2
0.153
0.198
0.169
0.186
0.17
0.192
0.191
0.162
0.189
0.54
0.89
1.785
2.132
1.273
0.914
0.573
0.256
0.178
0.191
0.168
0.196
0.164
0.186
0.179
0.154
0.395
0.736
0.198
0.194
0.214
0.243
0.264
0.238
0.399
0.902
0.645
0.772
0.872
0.817
0.515
0.257
0.189
0.183
0.17
0.207
0.169
0.338
0.237
0.161
0.389
0.471
0.543
0.451
0.949
0.821
0.271
0.287
0.621
0.89
0.621
0.449
1.661
0.738
0.284
0.259
0.263
0.224
0.2
0.214
0.162
0.507
0.26
0.163
0.192
0.23
0.589
0.722
1.049
0.89
1.477
0.64
1.46
1.085
1.479
0.86
1.484
0.483
0.289
0.311
0.369
0.336
0.314
0.225
0.255
1.04
0.567
0.447
0.259
0.449
0.746
0.855
1.283
0.866
1.437
0.598
1.274
0.382
1.107
1.572
1.609
0.476
0.325
0.32
0.371
0.337
0.317
0.213
0.251
1.212
0.601
0.538
0.249
0.45
0.981
1.253
1.295
0.95
1.509
0.64
1.441
0.389
1.099
1.672
1.86
0.835
0.608
0.159
0.197
0.194
0.167
0.181
0.169
0.164
0.2
0.164
0.185
0.197
0.181
0.183
0.193
0.152
0.455
0.498
0.534
0.83
2.501
1.618
1.1
0.759
0.206
0.24
0.256
0.231
0.236
0.256
0.2
0.25
0.232
0.237
0.225
0.253
0.234
0.265
1.205
2.697
0.875
0.533
1.287
0.24
1.029
0.984
0.702
0.449
0.355
0.335
0.371
0.344
0.319
0.213
0.252
1.212
0.601
0.538
0.252
0.452
0.981
1.381
2.355
1.143
1.537
0.662
1.464
0.418
1.138
1.693
1.86
0.835
0.361
0.35
0.388
0.373
0.457
0.213
0.25
1.243
0.565
0.535
0.286
0.447
0.728
1.228
1.677
0.639
1.596
0.636
2.425
1.58
2.038
1.932
1.056
0.841
0.329
0.314
0.32
0.318
0.432
0.219
0.25
1.224
0.73
0.732
0.338
0.445
0.688
0.973
2.128
0.71
0.498
0.343
1.595
1.819
1.342
1.609
1.175
0.835
0.318
0.263
0.244
0.24
0.353
0.227
0.258
0.892
0.825
0.546
0.287
0.227
0.718
0.874
1.911
0.71
0.498
0.343
1.595
1.816
1.301
0.889
0.944
0.971
0.531
0.281
0.247
0.24
0.351
0.23
0.262
0.855
0.876
0.484
0.287
0.235
0.541
0.588
1.9
0.631
0.42
0.306
1.43
1.82
1.301
1.051
0.978
0.796
0.218
0.256
0.256
0.219
0.269
0.256
0.2
0.268
0.226
0.237
0.238
0.253
0.218
0.296
1.817
2.908
0.875
1.757
2.076
0.285
1.016
1.062
1.301
0.625
0.225
0.274
0.239
0.221
0.269
0.234
0.22
0.273
0.226
0.263
0.295
0.25
0.283
0.296
1.817
2.908
0.787
1.491
2.076
0.267
0.168
0.275
0.799
0.887
0.534
0.27
0.247
0.244
0.341
0.256
0.294
0.855
0.876
0.484
0.297
0.227
0.541
0.339
0.844
0.846
0.482
0.325
1.467
1.848
1.376
1.106
0.978
0.796
0.533
0.271
0.258
0.237
0.245
0.267
0.33
0.898
0.931
0.529
0.297
0.222
0.543
0.339
0.765
0.754
0.376
0.465
1.252
0.95
0.707
1.064
0.903
0.676
0.533
0.266
0.257
0.234
0.244
0.286
0.365
0.917
0.811
0.404
0.369
0.232
0.535
0.354
0.513
0.688
0.303
0.537
1.817
1.406
0.742
0.91
0.745
0.636
0.497
0.24
0.226
0.205
0.212
0.273
0.27
0.901
0.462
0.353
0.422
0.239
0.355
0.33
0.513
0.688
0.304
0.537
2.088
1.485
0.728
0.91
0.9
0.545
0.304
0.246
0.237
0.239
0.25
0.297
0.3
0.802
0.667
0.373
0.422
0.81
1.702
0.472
0.578
0.768
0.486
0.58
2.122
1.485
0.774
0.812
0.958
0.952
0.585
0.218
0.191
0.164
0.237
0.165
0.18
0.207
0.201
0.207
0.251
0.223
1.576
0.51
0.871
0.451
0.453
1.487
1.072
0.301
0.233
0.35
0.827
0.96
0.652
0.218
0.191
0.184
0.224
0.168
0.217
0.207
0.181
0.214
0.251
0.223
1.576
0.493
0.272
0.493
0.317
0.273
0.334
0.272
1.33
0.669
0.578
1.112
0.496
0.369
0.243
0.381
0.251
0.274
0.334
0.822
0.714
0.373
0.471
0.913
1.745
0.486
0.579
0.387
0.412
0.563
2.122
1.478
0.691
0.884
1.098
1.054
0.489
0.343
0.203
0.371
0.215
0.256
0.303
0.64
0.692
0.363
0.449
0.892
1.636
0.486
0.579
0.384
0.412
0.392
1.158
1.222
0.46
0.661
1.252
1.581
0.752
0.379
0.201
0.379
0.215
0.221
0.278
0.469
0.801
0.293
0.318
1.198
1.636
0.982
0.366
0.312
0.382
0.264
0.568
0.358
0.263
0.571
1.37
1.581
0.752
0.394
0.206
0.379
0.229
0.211
0.285
0.37
0.943
0.253
0.252
1.198
1.62
0.991
0.499
0.712
0.576
0.441
0.434
0.578
0.551
0.916
1.785
1.643
0.712
0.362
0.191
0.338
0.215
0.164
0.268
1.5
1.565
0.268
0.687
0.721
0.298
1.11
0.593
0.726
0.424
0.446
0.337
1.46
0.791
0.948
1.688
1.273
0.943
0.494
0.517
0.478
0.491
0.504
0.364
0.254
0.276
0.214
0.278
0.263
1.563
0.559
0.277
0.496
0.328
0.282
0.534
0.272
2.574
3.533
0.983
0.982
0.629
0.553
0.564
0.478
0.487
0.506
0.364
0.267
0.24
0.232
1.213
0.221
0.269
1.603
1.43
0.62
0.418
0.421
1.285
0.619
2.574
3.533
1.16
1.057
0.596
0.242
0.201
0.181
0.233
0.154
0.217
1.448
1.465
0.261
0.946
0.659
0.275
1.144
0.621
0.779
0.768
0.539
0.809
2.41
1.547
0.987
1.688
1.169
0.64
0.253
0.197
0.178
0.229
0.157
0.221
1.436
1.479
0.26
0.938
0.709
1.574
1.635
0.978
1.234
1.096
2.685
1.292
2.493
1.586
1.05
1.479
0.766
0.558
0.411
0.249
0.161
0.238
0.148
0.29
1.547
1.319
0.27
0.965
0.407
2.07
1.217
0.966
1.234
1.238
3.751
1.897
2.613
1.714
1.117
1.36
0.881
0.696
0.56
0.293
0.174
0.227
0.152
0.302
1.531
1.245
0.271
0.965
0.407
2.07
1.279
1.026
0.964
1.14
3.646
2.161
2.404
1.474
0.913
1.03
1.149
0.778
0.574
0.408
0.192
0.214
0.173
0.295
0.364
0.493
0.21
0.541
0.314
2.079
0.96
0.962
1.148
1.14
3.789
2.161
1.603
1.234
0.76
0.93
1.073
0.966
0.881
0.748
0.456
0.487
0.515
0.32
0.267
0.263
0.232
1.213
0.799
0.435
1.603
1.464
0.452
0.418
0.944
1.285
0.764
2.052
3.379
1.16
1.089
0.974
0.75
0.48
0.189
0.2
0.205
0.182
0.222
0.564
0.275
1.195
0.944
0.454
2.167
1.625
0.755
2.574
0.944
1.238
0.764
1.469
1.534
1.206
1.089
0.736
0.584
0.383
0.205
0.197
0.167
0.299
0.359
0.651
0.258
0.214
0.285
2.106
1.168
2.168
1.354
0.951
4.214
2.842
1.268
1.174
0.81
1.059
1.139
0.719
0.597
0.428
0.215
0.404
0.198
0.29
0.371
0.852
0.272
0.248
0.253
0.815
1.74
2.456
1.289
0.944
2.363
2.997
2.655
1.223
0.85
1.575
1.261
0.643
0.419
0.397
0.215
0.389
0.22
0.216
0.305
0.92
0.283
0.329
0.29
0.534
2.013
2.456
1.297
2.692
1.655
2.849
3.082
1.826
1.791
1.937
1.247
0.502
0.259
0.36
0.21
0.382
0.234
0.201
0.252
0.936
0.365
0.446
0.367
0.753
2.156
2.312
1.297
2.682
1.655
2.648
4.6
2.027
1.933
1.779
0.951
0.381
0.276
0.267
0.221
0.42
0.26
0.227
0.421
0.992
0.767
1.662
0.851
0.723
2.156
2.257
1.133
2.623
1.584
2.625
4.6
2.818
1.933
1.752
0.885
0.974
0.75
0.465
0.267
0.253
0.232
0.278
0.528
0.64
0.272
0.263
0.944
0.454
0.897
1.355
2.246
2.625
0.966
0.614
0.449
1.088
1.587
3.464
1.292
0.662
0.453
0.275
0.305
0.309
0.277
0.345
3.184
1.131
0.306
0.316
0.805
3.73
1.37
1.355
2.246
2.625
0.399
0.548
0.313
0.914
1.587
3.464
1.079
0.353
0.274
0.278
0.24
0.439
0.274
0.252
0.63
0.992
0.706
1.662
0.884
2.227
2.077
1.014
0.883
2.467
1.044
1.445
4.563
2.204
1.819
1.689
0.757
0.343
0.253
0.25
0.226
0.244
0.256
0.251
0.629
0.859
0.698
1.649
0.884
2.227
1.029
0.34
0.503
2.153
0.743
0.823
3.656
2.528
3.162
1.324
0.599
0.288
0.305
0.297
0.278
0.295
0.282
0.289
0.613
0.845
0.711
1.628
0.878
2.047
0.662
0.405
0.938
0.601
0.382
0.418
3.042
3.306
3.561
1.377
1.062
0.327
0.305
0.297
0.291
0.3
0.282
0.287
0.616
0.865
0.648
1.587
0.92
2.154
0.592
0.423
2.997
1.938
0.457
0.455
1.618
3.31
3.532
1.387
1.062
0.318
0.339
0.268
0.27
0.279
0.249
0.259
0.455
0.688
0.488
0.494
0.558
2.207
0.834
2.085
3.508
2.223
0.99
1.192
1.358
2.804
3.499
1.471
1.366
0.36
0.356
0.275
0.305
0.309
0.277
0.345
3.184
0.828
0.246
0.249
0.636
3.669
0.731
1.151
1.887
0.471
0.4
0.413
0.289
0.2
0.509
2.997
0.855
0.279
0.315
0.242
0.259
0.253
0.265
0.281
2.855
0.772
0.233
0.252
0.636
3.67
0.815
3.188
3.708
0.335
0.228
0.35
0.264
0.346
0.607
0.642
0.282
0.305
0.327
0.257
0.253
0.268
0.226
0.222
0.238
0.698
0.498
0.475
0.498
0.672
0.654
2.072
3.503
2.225
0.982
1.192
0.785
2.804
3.596
1.534
1.371
0.326
0.345
0.264
0.254
0.25
0.217
0.226
0.233
0.698
0.498
0.738
0.641
0.683
0.654
2.062
3.487
2.225
0.981
1.177
0.792
2.364
2.155
1.366
1.39
0.31
0.29
0.205
0.204
0.202
0.178
0.184
0.217
0.539
0.463
0.778
0.627
0.664
0.644
1.973
2.918
1.868
0.928
1.132
0.761
0.814
0.71
2.774
1.242
0.34
0.283
0.2
0.195
0.18
0.174
0.18
0.199
0.34
0.444
0.708
0.5
1.222
0.917
2.135
0.806
0.586
0.8
1.156
0.531
0.571
0.692
2.727
1.284
0.332
0.309
0.358
0.277
0.169
0.175
0.269
0.294
0.32
0.225
0.615
0.404
1.15
0.68
0.458
0.486
0.36
0.333
0.485
0.291
0.193
0.629
2.517
0.99
0.18
0.215
0.195
0.203
0.196
0.204
0.195
0.188
0.206
0.233
0.193
0.216
0.243
0.334
3.387
4.848
0.372
1.918
1.532
0.583
1.013
0.845
1.039
0.514
0.221
0.189
0.193
0.206
0.187
0.18
0.195
0.182
0.188
0.238
0.204
0.182
0.243
0.334
3.387
4.848
0.372
1.918
1.532
0.583
1.013
0.845
1.039
0.514
0.324
0.317
0.351
0.271
0.176
0.19
0.274
0.291
0.222
0.212
0.629
0.404
1.146
0.678
0.457
0.489
0.35
0.332
0.485
0.295
0.2
0.439
2.266
0.907
0.32
0.317
0.4
0.307
0.239
0.244
0.321
0.346
0.254
0.277
0.435
0.297
1.19
0.696
0.452
0.491
0.357
0.334
0.498
0.281
0.2
0.442
2.187
0.771
0.287
0.316
0.401
0.31
0.274
0.244
0.321
0.337
0.258
0.281
0.31
0.266
1.19
0.835
0.482
0.531
0.521
1.31
1.614
0.297
0.199
0.345
0.187
0.313
0.211
0.316
0.399
0.303
0.319
0.241
0.323
0.342
0.26
0.281
0.31
0.264
0.466
0.465
0.419
0.505
0.467
1.224
1.383
0.298
0.194
0.208
0.19
0.187
0.211
0.221
0.253
0.216
0.325
0.241
0.237
0.233
0.23
0.264
0.274
0.221
2.193
0.769
0.583
0.311
0.688
1.25
2.055
0.264
0.266
0.248
0.193
0.192
0.221
0.189
0.189
0.194
0.187
0.179
0.18
0.185
0.193
0.238
0.204
0.182
0.238
0.248
0.41
1.339
0.279
1.876
1.423
0.619
1.124
0.96
0.924
0.475
0.219
0.181
0.183
0.194
0.196
0.19
0.174
0.185
0.193
0.189
0.182
0.172
0.18
0.193
0.197
0.182
1.253
2.97
0.744
0.735
0.594
0.798
0.565
0.298
0.209
0.214
0.255
0.223
0.325
0.258
0.232
0.235
0.231
0.266
0.263
0.223
2.2
0.769
0.583
0.396
1.014
1.301
2.065
0.264
0.262
0.247
0.196
0.199
0.227
0.239
0.251
0.452
0.302
0.205
0.179
0.177
0.182
0.204
0.194
0.188
2.128
0.752
0.575
0.396
1.084
1.357
2.054
0.265
0.258
0.242
0.197
0.199
0.238
0.237
0.246
0.446
0.274
0.214
0.177
0.181
0.18
0.199
0.187
0.186
2.713
1.493
0.761
0.518
0.937
0.385
0.944
0.696
0.399
0.282
0.331
0.41
0.441
0.44
0.271
0.453
0.238
0.216
0.181
0.183
0.181
0.2
0.184
0.496
2.54
1.404
0.599
0.493
0.916
0.381
0.94
0.698
0.404
1.9
1.217
0.544
0.582
0.49
0.333
0.548
0.342
0.25
0.275
0.238
0.293
0.257
0.223
0.684
0.853
1.161
0.522
0.448
0.703
0.415
0.197
0.704
0.392
2.061
1.421
0.709
0.238
0.24
0.238
0.246
0.254
0.256
0.238
0.244
0.238
0.238
0.225
0.257
0.234
0.256
0.248
0.232
3.222
3.545
0.972
0.735
0.594
0.952
0.565
0.426
0.437
0.263
0.232
0.24
0.254
0.256
0.249
0.246
0.231
0.237
0.257
0.57
0.251
0.259
0.247
0.232
3.222
3.545
0.972
0.67
0.436
0.589
0.438
0.579
0.582
0.492
0.33
0.544
0.342
0.229
0.281
0.24
0.292
0.252
0.222
0.688
0.848
1.158
0.573
0.398
0.375
0.362
0.197
0.746
0.441
2.152
1.481
0.845
0.545
0.445
0.286
0.278
0.307
0.233
0.289
0.246
0.292
0.252
0.226
0.68
0.853
1.158
0.591
0.448
0.334
0.382
0.203
0.754
0.441
2.152
1.481
0.845
0.54
0.445
0.289
0.285
0.303
0.226
0.289
0.252
0.294
0.253
0.226
0.681
0.272
0.28
0.407
0.326
2.308
1.724
0.414
0.513
0.432
2.196
1.409
0.738
0.389
0.251
0.268
0.278
0.304
0.23
0.286
0.25
0.302
0.256
0.223
0.38
0.421
0.666
1.377
1.339
2.911
2.15
0.699
0.607
0.437
1.4
0.759
0.799
0.259
0.203
0.196
0.195
0.193
0.197
0.196
0.206
0.194
0.18
0.2
0.198
0.345
0.573
1.28
1.339
2.826
2.023
0.699
0.542
0.788
2.229
1.802
1.032
0.473
0.263
0.243
0.247
0.244
0.249
0.249
3.412
0.773
0.315
0.257
0.57
0.251
0.259
0.239
0.232
2.161
0.759
0.447
0.21
0.373
0.986
0.771
0.643
0.664
0.23
0.192
0.202
0.195
0.193
0.204
3.361
0.731
0.266
0.212
0.502
0.205
0.193
0.193
1.825
0.393
0.194
0.248
0.275
0.345
0.883
0.824
0.643
0.347
0.201
0.2
0.206
0.194
0.192
0.197
0.208
0.2
0.192
0.195
0.196
0.349
0.574
1.233
1.303
2.827
2.022
0.691
0.506
0.745
2.304
1.911
1.069
0.539
0.22
0.287
0.353
0.194
0.334
0.197
0.208
0.318
0.221
0.193
0.196
0.352
0.575
1.211
1.259
2.778
1.943
0.687
0.502
0.746
2.536
2.106
1.191
0.594
0.227
0.286
0.349
0.199
0.337
0.193
0.207
0.322
0.222
0.473
0.362
0.422
0.599
1.206
1.249
0.83
0.629
0.504
0.331
0.637
2.91
2.925
1.228
0.567
0.226
0.29
0.349
0.194
0.346
0.193
0.207
0.318
0.222
0.472
0.362
0.272
0.443
0.336
0.328
0.266
0.227
0.67
0.708
0.706
2.757
2.936
1.211
0.567
0.226
0.296
0.344
0.193
0.375
0.223
0.228
0.343
0.257
0.493
0.385
0.3
0.576
0.338
0.328
1.104
0.692
0.787
0.793
0.322
2.289
1.888
1.065
0.55
0.217
0.197
0.202
0.198
0.199
0.211
3.361
0.732
0.266
0.326
0.237
0.193
0.188
0.202
1.846
0.407
0.255
0.468
0.381
0.97
1.797
0.941
2.96
0.479
0.217
0.196
0.203
0.208
0.199
0.211
0.196
0.203
0.195
0.331
0.235
0.193
0.19
0.202
1.846
0.407
0.26
0.468
0.381
0.97
1.388
0.795
2.833
0.679
0.25
0.293
0.344
0.201
0.375
0.221
0.244
1.066
1.168
0.529
0.448
0.3
0.578
0.342
0.331
1.104
0.692
0.797
0.795
0.322
2.289
1.888
1.012
0.485
0.227
0.201
0.196
0.204
0.231
0.225
0.239
0.953
1.143
0.531
0.446
0.296
0.579
0.342
0.326
1.099
0.694
1.066
0.929
0.882
2.065
1.633
0.795
0.423
0.24
0.223
0.192
0.2
0.232
0.234
0.237
0.949
1.16
0.287
0.313
0.571
0.633
0.329
0.347
1.481
0.751
1.18
0.936
0.89
1.558
0.678
0.613
0.43
0.26
0.25
0.228
0.241
0.223
0.234
0.242
0.944
1.16
0.287
0.313
0.566
0.4
0.443
0.357
1.472
1.269
1.949
0.607
0.844
0.931
0.456
0.52
0.454
0.285
0.278
0.259
0.293
0.201
0.202
0.212
0.916
1.129
0.258
0.299
0.534
0.266
0.519
1.044
1.49
1.404
2.064
0.733
0.904
0.427
0.373
0.356
0.203
0.205
0.196
0.201
0.203
0.198
0.2
0.198
0.203
0.199
0.331
0.233
0.189
0.201
0.194
0.211
0.209
0.26
0.418
0.293
0.882
1.256
0.551
2.725
0.189
0.197
0.194
0.204
0.274
0.211
0.194
0.204
0.198
0.199
0.201
0.19
0.19
0.213
0.301
2.734
1.147
0.589
1.502
0.266
0.194
0.201
0.196
0.197
0.374
0.347
0.451
0.28
0.294
0.201
0.206
0.198
0.187
0.212
0.224
0.236
0.537
0.273
0.731
1.151
1.933
1.856
2.624
0.733
0.904
0.427
0.373
0.35
0.373
0.347
0.451
0.289
0.368
0.407
0.229
0.23
0.187
0.209
0.224
0.253
0.856
0.272
0.731
1.151
1.933
1.856
2.492
0.624
0.349
0.338
0.369
0.35
0.374
0.33
0.433
0.289
0.368
0.407
0.227
0.232
0.192
0.187
0.19
0.218
0.514
0.197
0.72
1.102
1.524
1.776
2.35
0.591
0.319
0.308
0.332
0.316
0.348
0.308
0.404
0.254
0.326
0.403
0.228
0.231
0.195
0.184
0.187
0.218
0.515
0.204
0.488
0.993
1.49
1.234
1.133
0.447
0.292
0.273
0.304
0.284
0.324
0.285
0.373
0.224
0.276
0.399
0.228
0.231
0.193
0.185
0.186
0.212
0.515
0.204
0.407
0.304
0.633
0.644
0.906
0.236
0.204
0.196
0.184
0.191
0.189
0.206
0.19
0.204
0.345
0.218
0.202
0.204
0.191
0.191
0.191
0.192
0.189
0.213
1.019
3.187
1.195
0.586
1.505
0.266
0.194
0.197
0.193
0.189
0.29
0.268
0.189
0.195
0.345
0.218
0.21
0.204
0.191
0.177
0.19
2.273
0.551
0.483
1.205
3.187
1.394
0.759
1.784
0.279
0.2
1.299
0.65
0.489
0.2
0.2
0.201
0.192
0.267
0.397
0.223
0.229
0.197
0.188
0.185
0.207
0.511
0.201
0.197
0.19
0.191
0.188
0.203
0.221
0.248
0.525
0.404
0.527
0.688
0.41
0.202
0.19
0.192
0.187
0.192
0.199
0.199
0.218
0.265
0.186
0.193
0.199
0.197
0.182
0.185
0.188
0.203
0.214
0.243
0.521
0.405
0.527
0.688
0.407
0.198
0.19
0.191
0.187
0.187
0.192
0.193
0.218
0.265
0.18
0.186
0.191
0.19
0.177
0.182
0.182
0.196
0.204
0.241
0.521
0.403
0.525
0.679
0.399
0.19
0.186
0.186
0.184
0.183
0.186
0.187
0.216
0.265
0.178
0.179
0.182
0.184
0.174
0.183
0.18
0.189
0.194
0.234
0.516
0.401
0.522
0.673
0.394
0.183
0.179
0.178
0.178
0.18
0.179
0.182
0.207
0.256
0.167
0.17
0.178
0.18
0.172
0.177
0.17
0.18
0.193
0.227
0.51
0.397
0.512
0.391
0.269
0.2
0.195
0.267
0.208
0.276
0.237
0.199
0.176
0.179
3.019
0.558
0.474
1.205
0.87
0.477
0.371
0.488
0.209
0.193
1.293
1.662
2.233
0.391
0.269
0.199
0.195
0.177
0.201
0.276
0.237
0.19
0.174
0.175
3.019
0.558
0.474
0.484
0.408
0.457
0.364
0.474
0.205
0.193
1.293
1.662
2.233
0.662
0.385
0.179
0.177
0.176
0.177
0.172
0.169
0.172
0.2
0.254
0.168
0.17
0.17
0.171
0.167
0.17
0.167
0.169
0.169
0.169
0.175
0.174
0.169
0.166
0.167
0.173
0.171
0.172
0.175
0.17
0.165
0.162
0.165
0.165
0.163
0.165
0.171
0.174
0.171
0.173
0.17
0.168
0.167
0.166
0.17
0.169
0.169
0.167
0.167
0.174
0.173
0.175
0.175
0.169
0.164
0.161
0.164
0.166
0.166
0.166
0.171
0.174
0.171
0.172
0.17
0.168
0.166
0.163
0.166
0.166
0.166
0.165
0.166
0.174
0.173
0.175
0.175
0.17
0.166
0.163
0.165
0.165
0.166
0.167
0.17
0.17
0.167
0.167
0.169
0.168
0.166
0.164
0.166
0.167
0.167
0.165
0.166
0.172
0.172
0.175
0.175
0.17
0.167
0.165
0.164
0.165
0.167
0.167
0.168
0.167
0.166
0.167
0.168
0.166
0.165
0.166
0.168
0.169
0.168
0.283
0.188
0.186
0.187
0.18
0.188
0.254
0.223
0.19
0.174
0.172
0.92
0.182
0.181
0.18
0.176
0.206
0.179
0.179
0.177
0.184
0.433
1.281
1.92
0.171
0.173
0.166
0.171
0.175
0.17
0.169
0.173
0.174
0.168
0.165
0.158
0.158
0.628
0.736
0.619
0.635
1.06
1.928
0.541
0.427
0.64
0.423
0.386
0.165
0.166
0.168
0.171
0.174
0.174
0.17
0.168
0.167
0.168
0.167
0.167
0.166
0.168
0.167
0.166
0.167
0.168
0.166
0.165
0.166
0.165
0.166
0.166
0.364
0.367
0.227
0.177
0.179
0.179
0.173
0.172
0.17
0.174
0.172
0.172
0.813
0.85
0.523
0.449
0.344
0.458
0.747
0.175
0.176
0.173
0.172
0.17
0.369
0.37
0.23
0.186
0.213
0.185
0.179
0.179
0.172
0.175
0.174
0.173
0.817
1.276
0.592
0.736
0.993
0.591
0.872
0.23
0.232
0.227
0.226
0.225
0.42
0.42
0.385
0.361
0.406
0.199
0.18
0.18
0.175
0.177
0.177
0.177
0.824
1.365
0.684
1.886
1.272
1.694
0.933
0.235
0.237
0.236
0.234
0.232
0.426
0.422
0.392
0.369
0.439
0.215
0.181
0.183
0.178
0.177
0.18
0.184
0.831
1.367
0.768
1.945
2.346
2.725
1.176
0.369
0.321
0.352
0.324
0.356
0.403
0.371
0.295
0.386
0.344
0.543
0.238
0.297
0.332
0.453
0.229
0.293
0.345
1.004
1.077
0.894
1.058
1.376
2.306
0.766
0.645
0.823
0.597
0.646
0.419
0.387
0.302
0.561
0.366
0.552
0.244
0.294
0.334
0.461
0.249
0.303
0.365
1.004
2.47
1.807
1.068
1.425
2.353
0.766
0.645
0.788
0.597
0.646
0.498
0.529
0.516
0.399
0.517
0.215
0.185
0.186
0.18
0.179
0.18
0.187
0.835
1.368
0.768
1.945
2.503
3.204
1.483
0.424
0.326
0.353
0.324
0.36
0.303
0.335
0.464
0.401
0.538
0.234
0.185
0.185
0.18
0.182
0.183
0.191
0.206
1.217
0.558
1.871
2.503
3.046
0.96
0.42
0.329
0.356
0.328
0.36
0.306
0.339
0.464
0.399
0.537
0.235
0.184
0.187
0.184
0.18
0.185
0.191
0.206
0.802
0.504
1.635
1.901
4.402
1.328
0.402
0.372
0.523
0.764
0.608
0.512
0.372
0.33
0.225
0.35
0.23
0.187
0.187
0.185
0.178
0.183
0.532
0.211
0.723
0.423
0.493
1.634
3.33
1.277
0.402
0.372
0.985
1.91
1.115
0.591
0.375
0.326
0.223
0.323
0.216
0.19
0.191
0.185
0.186
0.5
0.704
0.253
0.724
0.345
0.44
0.566
2.309
1.041
0.276
0.296
0.885
2.041
1.233
0.419
0.387
0.305
0.561
0.375
0.552
0.247
0.309
0.339
0.471
0.251
0.303
0.365
0.614
2.246
3.691
2.117
1.266
0.98
0.449
0.411
0.588
0.446
0.443
0.258
0.26
0.188
0.356
0.231
0.195
0.199
0.187
0.201
0.206
0.2
0.189
0.197
0.573
2.019
3.691
2.117
2.809
2.687
0.642
0.71
0.817
0.685
0.384
0.545
0.273
0.204
0.185
0.247
0.219
0.19
0.195
0.182
0.247
0.522
0.795
0.407
0.778
0.742
0.505
0.407
1.933
0.835
1.816
1.672
1.062
2.081
1.259
0.547
0.272
0.202
0.178
0.198
0.2
0.19
0.204
0.183
0.25
0.521
0.79
0.396
0.251
0.599
0.297
0.369
1.912
0.832
1.822
1.666
1.062
2.081
1.259
0.547
0.267
0.21
0.178
0.201
0.197
0.193
0.199
0.178
0.254
0.518
0.792
0.396
0.251
0.599
0.3
0.365
0.432
0.342
1.788
1.571
0.848
1.601
0.961
0.299
0.188
0.196
0.178
0.199
0.19
0.195
0.203
0.182
0.254
0.523
0.45
0.386
0.241
0.594
0.301
0.364
0.433
0.336
1.791
1.569
0.384
0.449
0.454
0.22
0.189
0.196
0.183
0.195
0.192
0.192
0.2
0.182
0.255
0.204
0.28
0.34
0.241
0.59
0.304
0.385
0.742
0.511
1.825
1.596
0.402
0.279
0.425
0.332
0.259
0.186
0.199
0.223
0.191
0.209
0.192
0.201
0.206
0.658
0.27
0.262
1.04
0.347
2.978
1.976
2.809
2.442
0.627
0.709
0.818
0.679
0.389
0.332
0.259
0.186
0.214
0.198
0.211
0.209
0.193
0.198
0.211
0.66
0.278
0.262
1.04
0.332
0.675
0.481
2.099
5.232
1.658
1.315
1.482
1.388
1.194
0.511
0.291
0.245
0.184
0.198
0.191
0.196
0.202
0.185
0.2
0.738
0.957
0.3
0.261
0.298
0.252
0.279
0.591
0.4
0.302
0.265
0.719
0.55
0.513
0.656
0.294
0.257
0.194
0.199
0.201
0.2
0.199
0.185
0.24
1.616
1.803
0.322
0.274
0.299
0.252
0.279
0.592
0.402
0.295
0.271
0.721
0.556
0.518
0.654
0.301
0.253
0.199
0.191
0.203
0.197
0.204
0.189
0.238
1.62
1.798
0.331
0.27
0.3
0.248
0.279
0.605
0.534
0.372
0.349
0.907
0.915
0.772
0.827
0.304
0.251
0.208
0.192
0.206
0.191
0.198
0.187
0.237
1.869
2.494
0.791
0.453
1.057
0.415
0.42
0.831
0.899
0.435
0.387
0.987
1.051
0.939
0.932
0.304
0.254
0.2
0.197
0.206
0.202
0.196
0.19
0.23
1.869
2.509
1.471
0.65
1.057
0.414
0.402
0.527
0.886
1.14
0.77
1.096
1.143
0.942
0.32
0.215
0.187
0.214
0.198
0.218
0.215
0.206
0.175
0.204
0.66
0.278
0.259
0.727
0.217
0.367
0.273
0.389
3.42
1.521
2.829
1.379
1.53
1.495
0.44
0.391
0.364
0.388
0.25
0.284
0.251
0.251
0.246
0.294
0.28
0.218
0.197
0.575
0.338
1.211
0.428
0.54
3.42
1.521
2.829
1.379
1.53
1.495
0.78
0.212
0.211
0.209
0.194
0.206
0.208
0.192
0.193
0.222
1.861
1.781
1.395
0.577
0.947
0.562
1.008
0.533
1.305
1.156
1.084
0.769
0.976
0.915
0.706
0.334
0.243
0.237
0.271
0.29
0.201
0.26
0.273
0.2
1.091
0.97
1.549
0.587
0.947
0.625
1.084
0.629
1.305
1.162
1.206
0.87
0.998
0.943
0.706
0.339
0.242
0.233
0.273
0.292
0.202
0.25
0.273
0.228
1.116
1.39
1.781
0.591
0.95
1.113
1.146
0.682
1.249
1.154
1.24
0.808
0.804
0.776
0.546
0.339
0.244
0.236
0.273
0.286
0.214
0.273
0.273
0.228
0.865
0.739
1.549
0.651
0.893
1.288
1.073
0.639
1.355
1.154
1.24
0.821
0.805
0.634
0.441
0.348
0.243
0.236
0.281
0.286
0.208
0.77
0.721
0.296
0.92
0.782
0.924
0.558
0.939
1.343
1.139
0.657
1.279
0.509
1.436
1.018
0.861
0.564
0.44
0.391
0.366
0.377
0.261
0.281
0.251
0.251
0.28
0.284
0.273
0.471
0.463
1.338
2.571
1.446
0.966
0.754
2.518
1.702
2.968
1.145
1.338
0.96
0.462
0.407
0.377
0.384
0.261
0.292
0.23
0.248
0.28
0.287
0.291
2.221
0.904
1.338
2.571
1.446
0.966
0.8
2.43
1.533
1.358
1.054
0.926
0.826
0.276
0.347
0.243
0.235
0.277
0.3
0.194
0.767
0.736
0.298
0.416
0.775
0.924
0.675
1.753
1.437
0.537
0.925
0.907
0.489
1.285
1.061
0.853
0.512
0.311
0.273
0.201
0.211
0.194
0.218
0.197
0.705
0.668
0.279
0.31
1.096
1.041
1.101
2.109
1.52
0.61
1.175
1.179
0.583
1.319
1.039
0.852
0.571
0.448
0.404
0.206
0.213
0.199
0.217
0.199
0.712
0.676
0.251
0.285
1.273
1.626
1.281
2.298
1.346
0.735
1.193
1.533
1.143
1.413
1.1
0.87
0.717
0.601
0.412
0.214
0.202
0.215
0.221
0.19
0.7
0.684
0.258
0.312
1.346
2.257
1.858
1.769
1.12
0.751
1.146
1.144
1.143
1.413
1.15
0.936
0.919
0.864
1.19
0.309
0.274
0.323
0.247
0.285
0.749
0.243
0.191
0.268
1.289
2.66
2.074
1.769
1.102
0.68
1.784
1.609
1.285
0.977
0.977
0.853
0.894
0.279
0.252
0.208
0.213
0.211
0.208
0.194
0.207
0.235
0.193
0.219
2.221
1.761
1.511
3.362
2.588
2.142
0.986
4.421
1.932
1.483
0.858
0.905
0.826
0.279
0.252
0.218
0.213
0.206
0.228
0.214
0.204
0.215
0.213
0.219
2.073
1.761
0.76
1.145
2.203
1.535
0.85
2.442
0.796
1.149
0.632
0.465
0.611
0.864
1.19
0.309
0.271
0.328
0.246
0.285
0.957
1.377
0.939
0.241
1.273
2.66
2.074
1.049
0.883
0.68
1.535
1.55
1.254
0.896
0.795
0.853
0.894
0.765
1.145
0.309
0.271
0.328
0.234
0.288
0.953
1.374
0.931
0.353
1.211
2.553
2.154
1.763
0.876
0.83
1.525
2.057
1.281
0.992
0.945
0.898
0.961
0.657
1.0
0.304
0.279
0.322
0.231
0.287
1.174
1.462
0.931
0.353
0.806
2.165
1.939
1.588
0.763
0.695
2.005
2.539
0.917
1.123
0.861
0.809
0.882
0.52
0.987
0.299
0.286
0.31
0.236
0.293
1.171
1.453
0.935
0.329
0.698
1.5
1.24
1.447
1.856
1.569
2.107
2.536
0.889
1.378
0.998
0.82
0.843
0.412
0.202
0.205
0.218
0.19
0.215
0.196
0.631
1.449
0.943
0.319
0.693
1.041
0.91
2.382
2.504
2.521
1.631
2.14
0.867
1.469
1.433
0.857
0.774
0.22
0.222
0.199
0.207
0.22
0.208
0.214
0.194
0.199
0.211
0.196
0.312
1.33
0.748
1.147
2.2
1.627
0.807
2.632
1.03
1.081
0.78
0.634
0.34
0.264
0.31
0.227
0.203
0.217
0.208
0.198
0.189
0.204
0.211
0.193
0.184
0.246
1.555
2.409
1.225
0.605
0.573
1.183
1.682
1.773
1.189
1.637
0.852
0.406
0.205
0.206
0.218
0.183
0.207
0.201
0.417
0.331
0.22
0.335
0.758
1.524
1.007
2.396
2.504
2.585
1.631
2.335
2.207
1.574
1.492
0.857
0.774
0.416
0.215
0.213
0.205
0.18
0.207
0.209
0.415
0.324
0.22
0.219
0.469
1.589
1.626
1.599
2.511
2.497
1.531
1.71
2.861
1.585
1.689
0.996
0.921
0.477
0.28
0.272
0.269
0.253
0.279
0.272
0.443
0.685
0.51
0.381
0.498
1.47
1.721
1.61
2.392
2.572
1.017
2.264
3.371
1.512
1.701
1.09
1.021
0.503
0.28
0.272
0.272
0.259
0.268
0.267
0.725
0.919
0.505
0.377
1.492
2.273
1.892
1.642
1.361
1.734
1.252
2.651
4.03
1.675
1.618
1.099
0.981
0.435
0.31
0.302
0.293
0.26
0.269
0.273
0.726
0.924
0.503
0.558
1.536
2.273
2.154
0.651
0.686
0.796
1.524
3.61
4.146
1.662
1.408
1.129
0.982
0.76
0.548
0.217
0.211
0.217
0.192
0.175
0.194
0.21
0.191
0.2
0.639
1.893
2.023
2.781
1.642
0.726
1.47
2.447
1.717
1.773
1.189
1.637
0.852
1.925
0.548
0.247
0.211
0.194
0.188
0.19
0.194
0.21
0.185
0.239
0.75
1.893
2.023
2.781
1.642
0.726
1.466
2.447
1.717
1.517
0.875
1.339
0.847
0.458
0.331
0.342
0.334
0.298
0.263
0.27
0.759
1.036
0.477
0.529
1.597
1.83
2.154
0.67
1.65
0.889
1.663
3.68
3.572
1.506
1.408
1.129
1.097
0.63
0.423
0.338
0.334
0.298
0.263
0.257
0.76
1.036
0.481
0.529
1.597
1.679
1.072
0.425
1.525
0.784
1.768
3.68
3.389
1.553
1.033
0.976
0.934
0.681
0.36
0.284
0.26
0.221
0.195
0.192
0.516
0.827
0.228
0.365
1.555
2.208
1.143
0.702
1.596
0.746
1.768
3.268
3.351
1.522
0.979
0.896
0.909
0.678
0.36
0.295
0.249
0.224
0.205
0.191
0.278
0.797
0.262
0.374
0.566
1.409
0.924
0.662
1.501
0.909
1.497
3.113
3.059
1.93
1.015
0.898
0.96
0.645
0.337
0.263
0.229
0.225
0.201
0.183
0.364
0.932
0.289
0.21
0.547
1.753
0.819
0.716
1.501
0.909
1.619
2.375
3.138
1.922
0.932
0.958
0.96
1.925
0.518
0.227
0.197
0.186
0.188
0.185
0.193
0.193
0.184
0.235
0.75
1.854
0.655
0.559
0.6
0.496
2.371
2.064
0.925
0.726
0.618
0.62
0.681
1.617
0.481
0.28
0.391
0.391
0.382
0.266
0.45
0.241
0.238
0.624
0.381
0.267
0.256
0.258
0.264
0.756
1.396
0.609
0.604
0.684
0.603
0.605
0.651
0.708
0.462
0.391
0.256
0.192
0.207
0.183
0.451
1.095
0.374
0.277
0.562
2.063
0.835
0.663
0.538
0.743
2.22
2.464
3.242
2.518
1.098
1.167
1.078
0.523
0.372
0.406
0.25
0.199
0.222
0.198
0.451
1.095
0.374
0.277
0.577
2.063
0.906
0.726
0.549
0.784
2.547
2.464
3.036
2.69
1.14
1.162
0.998
0.505
0.429
0.399
0.254
0.202
0.222
0.197
0.577
0.916
0.362
0.298
0.448
1.616
0.836
0.566
0.471
0.7
2.547
1.753
3.392
2.676
1.167
1.162
0.955
0.613
0.429
0.39
0.259
0.197
0.217
0.199
0.718
0.782
0.674
1.072
0.597
1.945
0.978
0.875
0.64
0.86
2.47
2.413
3.449
2.423
1.19
1.215
0.942
0.582
0.423
0.39
0.266
0.197
0.214
0.2
0.803
0.69
0.642
1.055
0.586
2.79
1.237
0.8
0.593
0.855
2.355
2.401
2.936
2.411
1.229
1.201
0.998
0.444
0.463
0.301
0.447
0.443
0.434
0.31
0.499
0.297
0.293
0.63
0.474
0.395
0.321
0.321
1.641
0.898
1.685
2.94
1.147
1.223
1.258
1.029
1.015
0.455
0.463
0.303
0.461
0.461
0.451
0.318
0.509
0.306
0.309
0.646
0.474
0.395
0.321
0.784
1.78
0.898
0.786
2.91
1.142
0.869
0.965
0.732
0.662
0.61
0.271
0.221
0.199
0.195
0.21
0.197
0.818
0.622
0.583
1.038
1.214
3.097
1.281
0.973
1.015
1.007
2.049
2.324
2.521
1.755
1.109
1.056
0.845
0.703
0.385
0.207
0.203
0.196
0.193
0.186
0.818
0.622
0.583
1.041
1.209
3.097
1.687
1.307
0.953
0.939
1.525
2.916
2.304
1.523
1.223
1.176
0.959
0.782
0.424
0.207
0.201
0.193
0.193
0.189
0.78
0.652
0.561
1.019
1.187
2.992
1.687
1.249
0.904
0.898
1.531
3.259
2.136
1.658
1.183
1.425
1.05
0.898
0.699
0.597
0.492
0.277
0.207
0.189
0.726
0.681
0.214
0.238
1.021
2.788
2.341
1.675
1.419
0.83
1.58
2.581
2.61
1.594
1.104
1.376
1.042
0.898
0.699
0.597
0.492
0.275
0.205
0.186
0.825
1.445
0.474
0.373
1.581
1.916
2.081
1.9
1.419
0.866
1.19
2.504
3.279
1.819
1.123
1.394
1.043
0.309
0.323
0.328
0.328
0.313
0.312
0.304
0.313
0.313
0.317
0.308
0.46
0.371
0.304
0.769
1.78
0.833
2.081
3.191
1.142
1.162
1.279
0.913
0.934
0.309
0.313
0.328
0.328
0.313
0.312
0.304
0.313
0.313
0.317
2.35
2.385
1.01
0.522
1.16
0.818
0.986
2.105
1.208
0.873
0.983
0.974
1.701
0.639
0.957
0.855
0.606
0.491
0.276
0.206
0.187
0.694
1.392
0.477
0.323
0.813
2.072
3.008
1.868
1.282
1.617
0.847
2.504
3.242
1.819
1.182
1.394
1.043
0.992
0.762
0.601
0.484
0.271
0.201
0.186
0.696
1.392
0.477
0.319
0.839
2.072
2.607
1.593
1.284
2.488
1.584
2.134
3.421
2.102
1.407
1.325
0.996
0.95
0.731
0.597
0.484
0.271
0.197
0.179
0.609
1.439
0.48
0.318
0.794
1.994
2.607
1.819
1.717
2.52
1.639
2.109
3.149
3.215
1.905
1.28
0.98
0.852
0.498
0.201
0.186
0.184
0.181
0.178
0.535
1.387
0.479
0.316
0.91
1.97
2.048
1.126
0.968
2.258
1.614
2.039
2.659
2.921
2.173
1.333
1.016
0.852
0.498
0.204
0.188
0.183
0.18
0.177
0.678
0.827
0.227
0.208
0.606
1.896
1.938
0.818
1.004
2.262
2.65
2.402
1.964
2.7
2.156
1.234
0.98
0.246
0.253
0.267
0.259
0.241
0.241
0.242
0.254
0.248
0.241
2.424
2.556
1.454
0.636
0.758
0.769
0.986
2.105
1.208
0.82
1.011
1.011
1.768
0.836
0.195
0.186
0.182
0.181
0.181
0.18
0.179
0.201
1.85
0.446
2.512
2.556
1.454
0.636
0.758
0.769
0.72
0.867
0.678
0.568
1.011
1.011
1.768
0.628
0.787
0.435
0.216
0.213
0.21
0.209
0.206
0.86
0.712
0.195
0.214
0.601
1.286
1.559
0.935
0.831
1.82
2.746
2.402
1.98
2.701
1.995
1.365
0.98
0.662
0.431
0.242
0.235
0.236
0.236
0.23
0.868
0.712
0.223
0.241
0.586
1.286
1.463
0.934
0.894
0.951
1.929
2.093
1.775
2.372
1.828
1.312
0.976
0.72
0.607
0.438
0.245
0.232
0.234
0.231
0.868
0.579
0.22
0.243
0.586
1.057
1.333
0.697
0.567
1.225
1.971
1.688
1.843
1.166
1.373
1.222
0.994
0.781
0.745
0.496
0.249
0.231
0.233
0.23
0.809
0.527
0.22
0.243
0.466
0.778
1.239
0.753
0.604
1.274
3.045
1.652
1.537
1.013
1.081
1.145
0.991
0.89
0.834
0.504
0.25
0.243
0.261
0.232
0.416
0.302
0.237
0.242
0.231
0.511
1.434
0.828
0.646
1.346
2.015
1.321
1.738
1.082
1.228
1.155
1.049
0.247
0.241
0.237
0.219
0.232
0.232
0.233
0.25
1.908
0.506
0.555
0.493
0.742
0.42
0.359
0.415
0.389
0.494
0.299
0.289
0.645
0.662
0.556
0.56
0.261
0.241
0.239
0.221
0.236
0.239
0.233
0.25
2.075
0.568
0.528
0.37
0.324
0.3
0.299
0.293
0.284
0.286
0.29
0.285
0.286
0.294
0.295
0.296
0.294
0.79
0.505
0.229
0.219
0.235
0.204
0.225
0.227
0.237
0.237
0.248
0.266
1.131
0.894
0.834
1.01
1.902
1.693
1.707
1.085
1.228
1.064
1.049
1.045
0.79
0.505
0.211
0.191
0.205
0.179
0.203
0.71
0.259
0.211
0.223
0.304
1.543
0.894
0.955
1.137
2.973
1.806
1.76
1.524
1.177
1.062
1.027
1.056
0.57
0.313
0.205
0.196
0.206
0.178
0.203
1.495
0.405
0.213
0.281
0.413
1.543
0.899
1.132
0.932
2.915
1.806
1.23
2.039
1.318
0.978
1.012
1.004
0.546
0.374
0.251
0.197
0.21
0.189
0.206
1.55
0.536
0.215
0.281
0.412
1.404
0.954
1.365
0.974
2.496
1.708
1.533
2.087
1.361
0.961
1.026
0.973
0.546
0.346
0.245
0.186
0.184
0.198
0.205
1.558
0.708
0.226
0.269
0.851
1.655
0.982
1.365
1.069
2.566
2.394
1.711
2.119
1.39
0.987
1.027
0.964
0.274
0.295
0.279
0.292
0.292
0.289
0.274
0.46
0.355
0.353
0.352
0.321
0.295
0.295
0.295
0.287
0.289
0.291
0.291
0.286
0.77
1.335
0.575
0.296
0.45
0.41
0.416
0.419
0.415
0.401
0.386
0.567
0.772
1.862
1.649
1.392
0.867
1.361
1.194
1.253
3.092
2.87
2.015
2.139
2.209
2.74
2.022
1.475
0.706
0.519
0.287
0.224
0.219
0.238
0.246
1.57
0.748
0.226
0.275
1.036
1.43
0.951
1.644
1.093
2.627
1.998
1.755
2.157
1.465
1.053
1.225
1.052
0.79
0.597
0.366
0.304
0.295
0.314
0.326
1.155
0.748
0.578
0.966
1.558
1.511
1.218
1.828
1.414
2.152
2.577
2.593
2.125
1.808
1.544
1.657
1.624
1.168
1.03
0.769
0.712
0.748
0.772
0.744
1.33
1.049
0.68
1.123
1.567
1.56
1.218
1.851
1.414
2.635
3.159
3.353
2.04
1.951
1.834
2.039
1.978
1.401
1.291
1.06
1.097
1.18
1.194
1.145
1.744
1.073
0.756
1.18
1.567
1.56
1.157
1.82
1.351
2.17
3.612
3.705
2.502
2.313
2.182
2.659
2.198
1.711
1.636
1.447
1.485
1.578
1.59
1.528
2.431
1.005
0.802
1.232
1.313
1.594
1.192
2.2
1.845
3.619
3.856
3.902
2.917
2.664
2.68
3.089
2.87
0.686
0.52
0.524
0.516
0.52
0.509
0.504
0.503
0.815
1.906
3.019
3.662
2.792
3.072
2.928
3.066
5.716
4.748
3.867
3.813
2.786
2.74
2.352
1.93
0.686
0.52
0.524
0.516
0.52
0.509
0.504
1.679
2.214
3.138
3.019
4.456
3.971
3.338
4.672
3.91
5.716
4.748
3.867
3.813
2.786
3.691
3.733
3.171
2.263
2.179
2.088
2.082
2.154
2.221
2.146
3.213
1.847
1.445
1.931
1.858
2.351
1.406
1.929
1.993
3.835
3.941
3.994
3.127
2.983
3.024
3.367
2.907
2.481
2.369
2.304
2.22
2.241
2.313
2.259
3.516
2.221
1.557
1.671
1.775
2.522
1.504
1.991
1.69
3.354
3.723
3.771
3.381
3.703
3.311
3.737
2.811
2.596
2.583
2.45
2.303
2.278
2.379
2.406
3.143
2.32
1.948
1.88
2.192
2.718
1.58
1.914
2.138
3.829
3.678
3.559
3.68
3.737
3.311
3.737
2.717
2.875
2.583
2.45
2.303
2.278
2.379
2.406
3.37
3.246
2.308
2.376
2.42
2.862
1.889
2.285
2.157
3.863
3.699
3.678
3.667
3.798
4.265
3.688
2.8
2.875
2.634
2.521
2.409
2.348
2.415
2.453
3.258
3.347
2.375
2.501
2.739
2.805
2.613
2.098
1.669
2.407
3.717
3.668
3.811
3.798
4.1
3.825
2.607
1.011
1.517
1.784
1.833
1.851
1.846
1.839
2.988
3.22
3.042
3.248
4.456
3.971
4.571
4.672
3.91
4.659
4.983
3.778
3.131
2.609
4.069
3.835
3.527
1.431
2.558
2.689
2.599
2.652
2.73
2.615
2.988
3.22
3.042
3.077
3.656
3.726
4.19
4.542
3.367
3.839
4.526
3.45
3.075
3.177
4.069
3.835
3.527
2.733
2.422
2.384
2.335
2.246
2.273
2.378
3.423
3.353
2.242
2.473
2.803
2.382
2.493
2.066
1.985
2.796
4.442
3.714
3.837
3.59
4.058
3.616
2.519
2.938
2.583
2.483
2.486
2.353
2.354
2.491
3.31
3.444
2.384
2.638
2.837
2.384
2.697
1.953
2.385
3.573
4.644
3.702
3.701
3.226
4.053
3.528
2.743
3.172
2.686
2.562
2.623
2.442
2.397
2.55
3.502
3.454
2.466
2.701
3.254
2.738
2.697
1.927
2.212
3.121
4.764
3.906
3.493
3.566
4.798
3.782
3.16
2.951
2.686
2.562
2.623
2.442
2.408
2.568
3.312
3.008
2.466
2.679
3.254
3.216
2.601
1.395
2.683
3.725
4.794
4.125
3.493
3.664
4.312
3.909
3.566
3.22
2.961
2.84
2.881
2.694
2.676
2.828
3.558
3.345
3.046
2.896
3.204
3.384
2.37
1.589
2.683
3.725
4.463
4.719
3.693
4.069
4.511
3.853
3.432
2.124
2.558
2.689
2.599
2.652
2.73
2.615
2.58
2.66
2.661
2.652
2.805
3.614
5.079
3.238
2.989
3.502
5.396
3.992
3.721
3.545
3.752
3.401
3.472
2.621
2.433
2.168
2.032
2.14
2.213
2.01
1.997
2.069
2.26
2.173
2.325
3.279
3.149
3.39
3.184
3.795
4.53
4.232
4.242
3.739
3.723
3.405
3.234
3.093
2.904
2.728
2.752
2.622
2.612
2.712
3.05
3.029
2.968
2.652
2.856
3.384
2.397
1.863
2.445
3.347
3.847
4.862
3.554
4.069
4.511
3.99
3.752
2.898
2.795
2.63
2.674
2.641
2.652
2.664
3.074
3.022
3.014
2.731
2.97
3.108
2.231
2.136
2.532
2.822
4.016
4.862
3.716
4.233
4.48
4.208
3.795
2.785
2.655
2.668
2.679
2.635
2.669
2.652
2.872
3.058
3.032
2.733
2.432
3.105
2.331
2.287
2.694
3.057
4.016
4.629
3.568
3.972
4.041
4.195
3.752
2.871
2.795
2.854
2.797
2.769
2.799
2.726
2.97
3.118
3.26
2.842
2.788
2.714
2.331
2.287
2.71
3.077
4.172
4.96
3.669
3.976
3.791
4.071
3.436
2.764
2.684
2.638
2.649
2.617
2.641
2.617
2.818
2.839
2.887
2.77
3.247
2.867
2.279
2.039
2.71
3.436
4.044
4.436
3.58
3.871
3.756
4.079
3.475
2.793
2.487
2.255
2.148
2.244
2.355
2.178
2.157
2.308
2.494
2.412
2.672
3.028
3.661
3.426
3.614
3.396
4.53
4.232
4.422
4.174
4.024
3.565
3.214
2.734
2.345
2.255
2.148
2.244
2.355
2.178
2.157
2.354
2.494
2.412
2.705
2.91
2.846
3.426
3.614
3.44
4.125
3.774
4.422
4.174
4.024
3.563
2.456
2.764
2.684
2.638
2.649
2.617
2.641
2.617
2.818
2.839
2.887
2.77
3.246
3.127
2.305
2.217
2.884
3.436
4.193
4.358
3.744
3.603
4.454
4.148
3.595
2.705
2.612
2.597
2.582
2.493
2.554
2.554
2.751
2.905
2.761
2.595
3.124
3.188
2.618
2.159
2.432
3.527
4.075
4.358
3.537
3.073
4.31
3.681
3.461
2.474
2.523
2.44
2.47
2.398
2.441
2.423
2.658
2.734
3.087
2.445
3.124
2.953
2.503
2.189
2.223
3.473
4.075
4.437
3.623
3.426
4.198
3.589
3.27
2.474
2.433
2.322
2.386
2.282
2.331
2.402
2.6
2.674
2.914
2.379
2.899
2.746
2.503
2.189
1.743
2.876
3.815
3.702
3.511
3.203
4.062
3.559
3.395
2.503
2.391
2.29
2.25
2.14
2.206
2.233
2.371
2.495
2.674
2.281
2.185
2.374
2.263
2.156
1.948
2.623
3.519
3.522
3.542
2.983
3.899
3.523
3.47
2.715
2.393
2.235
2.105
2.137
2.261
2.17
2.138
2.354
2.316
2.328
2.705
3.263
2.846
2.907
3.475
2.816
3.635
3.34
3.982
3.859
3.77
3.531
2.761
2.259
2.024
1.958
1.934
1.951
1.932
1.953
1.884
1.989
1.897
2.074
2.367
3.023
2.521
2.524
2.755
2.9
2.765
3.34
3.548
3.253
3.25
3.305
2.612
2.365
2.296
2.223
2.175
2.078
2.133
2.164
2.297
2.488
2.674
2.251
2.188
2.123
2.233
1.986
1.934
2.843
3.032
3.102
3.446
2.983
3.014
3.003
2.935
2.509
2.23
2.122
2.07
2.027
2.109
2.127
2.126
2.207
2.554
2.14
2.109
2.036
1.857
1.658
2.811
2.639
2.399
3.112
3.93
3.336
3.32
3.389
2.918
2.728
2.371
2.064
2.021
1.97
2.053
2.088
2.114
2.214
2.123
2.184
2.189
2.203
1.657
1.409
2.616
2.043
1.94
2.981
4.093
3.029
3.069
3.282
3.091
2.823
2.287
1.951
1.947
1.898
1.964
1.969
1.99
2.018
2.013
2.084
2.294
2.203
1.599
1.364
2.585
2.336
2.383
3.299
4.227
3.093
3.031
3.3
3.005
2.598
2.07
1.763
1.796
1.821
1.811
1.888
1.829
1.937
1.887
1.861
2.675
2.571
1.859
1.524
2.633
1.992
2.351
4.325
4.825
3.47
3.314
3.43
3.009
1.972
1.999
1.93
1.93
1.96
1.98
1.985
1.962
1.971
2.018
1.858
2.294
2.741
1.926
2.375
2.501
2.525
2.31
2.875
3.189
2.943
2.936
2.969
2.845
2.301
2.286
2.327
2.316
2.239
2.346
2.389
2.489
2.271
2.131
2.169
2.2
2.117
1.553
1.653
1.635
2.135
1.898
2.163
3.223
3.224
3.199
3.154
3.497
2.822
2.357
2.034
2.05
2.078
2.016
2.116
2.067
2.296
2.196
2.507
3.075
2.254
1.538
1.363
2.276
2.059
2.59
4.523
4.825
3.624
3.465
3.5
3.183
3.409
2.917
2.607
2.61
2.621
2.73
2.911
2.924
2.936
2.892
3.168
3.632
2.738
1.356
1.369
1.328
2.232
2.899
5.226
4.661
3.409
3.3
3.302
3.174
3.524
3.17
2.847
2.79
2.846
2.984
3.143
3.141
3.101
3.067
3.375
3.764
3.278
2.052
1.655
1.402
2.694
3.055
5.777
4.857
3.724
3.685
3.521
3.232
3.437
3.199
2.946
2.9
2.9
3.053
3.266
3.286
3.303
3.165
3.476
3.764
3.601
2.343
1.87
2.109
3.019
3.175
6.381
5.176
3.946
3.891
3.757
3.388
3.66
3.287
3.022
2.973
3.008
3.092
3.282
3.343
3.303
3.165
3.546
3.632
3.246
2.172
1.79
2.176
3.134
3.38
5.729
4.532
3.695
3.684
3.7
3.487
3.201
3.224
3.332
3.313
3.133
3.227
3.236
3.414
3.125
2.93
3.082
2.911
2.793
1.697
1.334
1.27
1.111
1.826
2.531
4.422
4.367
4.308
4.471
4.513
3.658
3.557
3.533
3.532
3.46
3.622
3.41
3.488
3.587
3.386
3.082
2.911
2.793
1.549
0.881
0.854
0.465
1.274
1.859
4.422
4.367
4.308
4.471
4.513
3.61
3.157
2.965
2.893
2.927
3.004
3.225
3.417
3.354
3.589
3.635
3.762
3.789
2.763
2.429
2.858
3.523
4.06
5.919
4.532
3.736
3.839
3.77
3.612
3.116
2.853
2.716
2.624
2.602
2.585
2.67
2.86
2.927
3.145
3.208
3.267
3.174
2.763
2.429
2.842
3.523
4.06
5.413
3.662
3.736
3.839
3.77
3.591
2.881
2.471
2.608
2.588
2.454
2.417
2.572
2.788
2.808
2.982
3.065
2.629
2.136
2.062
2.164
2.737
2.957
3.562
4.219
2.698
3.021
3.174
3.19
3.008
2.302
2.011
2.085
2.045
1.981
1.929
2.015
2.202
2.174
2.441
2.53
2.049
1.722
2.315
1.78
1.83
2.022
2.679
2.519
1.544
2.131
2.295
2.285
2.117
1.487
1.448
1.48
1.428
1.395
1.396
1.434
1.557
1.645
1.939
1.92
1.345
1.22
1.824
1.283
1.222
1.346
1.858
1.571
0.607
1.265
1.417
1.34
1.263
