0.0
0.0
0.0
0.0
0.0
0.0
0.0
0.0
0.0
0.0
0.0
0.0
0.0
0.0
0.0
0.0
0.0
0.0
0.0
0.0
0.0
0.0
0.0
0.0
0.0
0.0
0.0
0.0
0.0
0.0
0.0
0.0
0.0
0.0
0.0
0.0
0.0
0.0
0.0
0.0
0.0
0.0
0.0
0.0
0.0
0.0
0.0
0.0
0.0
0.0
0.0
0.0
0.0
0.0
0.0
0.0
0.0
0.0
0.0
0.0
0.0
0.0
0.0
0.0
0.0
0.0
0.0
0.0
0.0
0.0
0.0
0.0
0.0
0.0
0.0
0.0
0.0
0.0
0.0
0.0
0.0
0.0
0.0
0.0
0.0
0.0
0.0
0.0
0.0
0.0
0.0
0.0
0.0
0.0
0.0
0.0
0.0
0.0
0.0
0.0
0.0
0.0
0.0
0.0
0.0
0.0
0.0
0.0
0.0
0.0
0.0
0.0
0.0
0.0
0.0
0.0
0.0
0.0
0.0
0.0
0.0
0.0
0.0
0.0
0.0
0.0
0.0
0.0
0.0
0.0
0.0
0.0
0.0
0.0
0.0
0.0
0.0
0.0
0.0
0.0
0.0
0.0
0.0
0.0
0.0
0.0
0.0
0.0
0.0
0.0
0.0
0.0
0.0
0.0
0.0
0.0
0.0
0.0
0.0
0.0
0.0
0.0
0.0
0.0
0.0
0.0
0.0
0.0
0.0
0.0
0.0
0.0
0.0
0.0
0.0
0.0
0.0
0.0
0.0
0.0
0.0
0.0
0.0
0.0
0.0
0.0
0.0
0.0
0.0
0.0
0.0
0.0
0.0
0.0
0.0
0.0
0.0
0.0
0.0
0.0
0.0
0.0
0.0
0.0
0.0
0.0
0.0
0.0
0.0
0.0
0.0
0.0
0.0
0.0
0.0
0.0
0.0
0.0
0.0
0.0
0.0
0.0
0.0
0.0
0.0
0.0
0.0
0.0
0.0
0.0
0.0
0.0
0.0
0.0
0.0
0.0
0.0
0.0
0.0
0.0
0.0
0.0
0.0
0.0
0.0
0.0
0.0
0.0
0.0
0.0
0.0
0.0
0.0
0.0
0.0
0.0
0.0
0.0
0.0
0.0
0.0
0.0
0.0
0.0
0.0
0.0
0.0
0.0
0.0
0.0
0.0
0.0
0.0
0.0
0.0
0.0
0.0
0.0
0.0
0.0
0.0
0.0
0.0
0.0
0.0
0.0
0.0
0.0
0.0
0.0
0.0
0.0
0.0
0.0
0.0
0.0
0.0
0.0
0.0
0.0
0.0
0.0
0.0
0.0
0.0
0.0
0.0
0.0
0.0
0.0
0.0
0.0
0.0
0.0
0.0
0.0
0.0
0.0
0.0
0.0
0.0
0.0
0.0
0.0
0.0
0.0
0.0
0.0
0.0
0.0
0.0
0.0
0.0
0.0
0.0
0.0
0.0
0.0
0.0
0.0
0.0
0.0
0.0
0.0
0.0
0.0
0.0
0.0
0.0
0.0
0.0
0.0
0.0
0.0
0.0
0.0
0.0
0.0
0.0
0.0
0.0
0.0
0.0
0.0
0.0
0.0
0.0
0.0
0.0
0.0
0.0
0.0
0.0
0.0
0.0
0.0
0.0
0.0
0.0
0.0
0.0
0.0
0.0
0.0
0.0
0.0
0.0
0.0
0.0
0.0
0.0
0.0
0.0
0.0
0.0
0.0
0.0
0.0
0.0
0.0
0.0
0.0
0.0
0.0
0.0
0.0
0.0
0.0
0.0
0.0
0.0
0.0
0.0
0.0
0.0
0.0
0.0
0.0
0.0
0.0
0.0
0.0
0.0
0.0
0.0
0.0
0.0
0.0
0.0
0.0
0.0
0.0
0.0
0.0
0.0
0.0
0.0
0.0
0.0
0.0
0.0
0.0
0.0
0.0
0.0
0.0
0.0
0.0
0.0
0.0
0.0
0.0
0.0
0.0
0.0
0.0
0.0
0.0
0.0
0.0
0.0
0.0
0.0
0.0
0.0
0.0
0.0
0.0
0.0
0.0
0.0
0.0
0.0
0.0
0.0
0.0
0.0
0.0
0.0
0.0
0.0
0.0
0.0
0.0
0.0
0.0
0.0
0.0
0.0
0.0
0.0
0.0
0.0
0.0
0.0
0.0
0.0
0.0
0.0
0.0
0.0
0.0
0.0
0.0
0.0
0.0
0.0
0.0
0.0
0.0
0.0
0.0
0.0
0.0
0.0
0.0
0.0
0.0
0.0
0.0
0.0
0.0
0.0
0.0
0.0
0.0
0.0
0.0
0.0
0.0
0.0
0.0
0.0
0.0
0.0
0.0
0.0
0.0
0.0
0.0
0.0
0.0
0.0
0.0
0.0
0.0
0.0
0.0
0.0
0.0
0.0
0.0
0.0
0.0
0.0
0.0
0.0
0.0
0.0
0.0
0.0
0.0
0.0
0.0
0.0
0.0
0.0
0.0
0.0
0.0
0.0
0.0
0.0
0.0
0.0
0.0
0.0
0.0
0.0
0.0
0.0
0.0
0.0
0.0
0.0
0.0
0.0
0.0
0.0
0.0
0.0
0.0
0.0
0.0
0.0
0.0
0.0
0.0
0.0
0.0
0.0
0.0
0.0
0.0
0.0
0.0
0.0
0.0
0.0
0.0
0.0
0.0
0.0
0.0
0.0
0.0
0.0
0.0
0.0
0.0
0.0
0.0
0.0
0.0
0.0
0.0
0.0
0.0
0.0
0.0
0.0
0.0
0.0
0.0
0.0
0.0
0.0
0.0
0.0
0.0
0.0
0.0
0.0
0.0
0.0
0.0
0.0
0.0
0.0
0.0
0.0
0.0
0.0
0.0
0.0
0.0
0.0
0.0
0.0
0.0
0.0
0.0
0.0
0.0
0.0
0.0
0.0
0.0
0.0
0.0
0.0
0.0
0.0
0.0
0.0
0.0
0.0
0.0
0.0
0.0
0.0
0.0
0.0
0.0
0.0
0.0
0.0
0.0
0.0
0.0
0.0
0.0
0.0
0.0
0.0
0.0
0.0
0.0
0.0
0.0
0.0
0.0
0.0
0.0
0.0
0.0
0.0
0.0
0.0
0.0
0.0
0.0
0.0
0.0
0.0
0.0
0.0
0.0
0.0
0.0
0.0
0.0
0.0
0.0
0.0
0.0
0.0
0.0
0.0
0.0
0.0
0.0
0.0
0.0
0.0
0.0
0.0
0.0
0.0
0.0
0.0
0.0
0.0
0.0
0.0
0.0
0.0
0.0
0.0
0.0
0.0
0.0
0.0
0.0
0.0
0.0
0.0
0.0
0.0
0.0
0.0
0.0
0.0
0.0
0.0
0.0
0.0
0.0
0.0
0.0
0.0
0.0
0.0
0.0
0.0
0.0
0.0
0.0
0.0
0.0
0.0
0.0
0.0
0.0
0.0
0.0
0.0
0.0
0.0
0.0
0.0
0.0
0.0
0.0
0.0
0.0
0.0
0.0
0.0
0.0
0.0
0.0
0.0
0.0
0.0
0.0
0.0
0.0
0.0
0.0
0.0
0.0
0.0
0.0
0.0
0.0
0.0
0.0
0.0
0.0
0.0
0.0
0.0
0.0
0.0
0.0
0.0
0.0
0.0
0.0
0.0
0.0
0.0
0.0
0.0
0.0
0.0
0.0
0.0
0.0
0.0
0.036
0.026
0.026
0.029
0.028
0.026
0.036
0.049
0.046
0.026
0.052
0.059
0.095
0.072
0.055
0.051
0.054
0.05
0.069
0.052
0.048
0.069
0.051
0.024
0.036
0.028
0.029
0.029
0.028
0.026
0.031
0.058
0.049
0.034
0.047
0.052
0.094
0.065
0.064
0.051
0.054
0.046
0.063
0.045
0.048
0.075
0.046
0.024
0.036
0.028
0.029
0.029
0.028
0.026
0.033
0.052
0.049
0.039
0.047
0.049
0.097
0.054
0.061
0.051
0.053
0.046
0.045
0.056
0.048
0.075
0.034
0.024
0.033
0.028
0.028
0.026
0.039
0.028
0.028
0.062
0.049
0.039
0.051
0.058
0.097
0.054
0.071
0.055
0.049
0.042
0.038
0.053
0.047
0.072
0.033
0.026
0.022
0.022
0.027
0.027
0.022
0.027
0.036
0.041
0.088
0.061
0.056
0.054
0.047
0.081
0.062
0.052
0.048
0.032
0.047
0.094
0.128
0.045
0.041
0.022
0.032
0.032
0.027
0.031
0.022
0.022
0.022
0.028
0.078
0.04
0.046
0.066
0.047
0.08
0.048
0.052
0.048
0.031
0.036
0.094
0.049
0.042
0.036
0.022
0.032
0.024
0.027
0.025
0.037
0.034
0.031
0.071
0.055
0.038
0.047
0.066
0.072
0.049
0.072
0.06
0.046
0.044
0.047
0.05
0.047
0.06
0.027
0.022
0.025
0.027
0.024
0.022
0.037
0.034
0.033
0.071
0.065
0.045
0.046
0.062
0.052
0.046
0.047
0.045
0.039
0.046
0.049
0.06
0.049
0.054
0.037
0.032
0.025
0.025
0.024
0.022
0.037
0.038
0.033
0.065
0.059
0.052
0.044
0.062
0.054
0.046
0.036
0.045
0.039
0.047
0.059
0.074
0.052
0.049
0.037
0.034
0.022
0.025
0.024
0.022
0.037
0.041
0.031
0.065
0.056
0.047
0.044
0.056
0.056
0.051
0.038
0.062
0.057
0.048
0.074
0.069
0.065
0.061
0.039
0.034
0.022
0.025
0.025
0.022
0.022
0.041
0.031
0.051
0.101
0.045
0.042
0.051
0.058
0.053
0.04
0.055
0.059
0.045
0.07
0.069
0.063
0.059
0.044
0.026
0.036
0.032
0.026
0.031
0.022
0.022
0.022
0.028
0.066
0.05
0.044
0.071
0.045
0.053
0.048
0.053
0.033
0.031
0.049
0.077
0.049
0.033
0.022
0.034
0.036
0.032
0.026
0.027
0.022
0.022
0.026
0.037
0.066
0.046
0.036
0.071
0.039
0.04
0.031
0.053
0.031
0.051
0.049
0.068
0.036
0.022
0.023
0.035
0.024
0.025
0.025
0.022
0.022
0.034
0.033
0.041
0.096
0.045
0.037
0.043
0.057
0.053
0.036
0.051
0.055
0.045
0.068
0.076
0.066
0.062
0.053
0.035
0.024
0.022
0.025
0.022
0.022
0.034
0.031
0.037
0.114
0.046
0.045
0.052
0.075
0.051
0.045
0.072
0.093
0.084
0.099
0.077
0.063
0.058
0.049
0.03
0.024
0.022
0.022
0.022
0.022
0.034
0.038
0.033
0.114
0.047
0.053
0.054
0.077
0.049
0.045
0.072
0.091
0.082
0.087
0.06
0.068
0.06
0.049
0.03
0.024
0.022
0.024
0.022
0.024
0.037
0.038
0.045
0.118
0.051
0.06
0.054
0.077
0.041
0.05
0.064
0.07
0.082
0.076
0.056
0.065
0.057
0.051
0.03
0.024
0.022
0.024
0.022
0.024
0.032
0.041
0.046
0.074
0.056
0.061
0.051
0.077
0.036
0.038
0.066
0.067
0.084
0.084
0.061
0.065
0.057
0.046
0.034
0.027
0.028
0.026
0.027
0.022
0.022
0.026
0.043
0.073
0.048
0.041
0.081
0.042
0.034
0.05
0.059
0.047
0.052
0.049
0.09
0.038
0.028
0.023
0.316
0.309
0.313
0.31
0.315
0.306
0.302
0.31
0.32
0.189
0.048
0.319
0.344
0.342
0.322
0.352
0.332
0.34
0.335
0.313
0.368
0.343
0.311
0.319
0.029
0.022
0.022
0.024
0.022
0.024
0.032
0.046
0.048
0.079
0.056
0.061
0.051
0.073
0.045
0.038
0.074
0.069
0.089
0.077
0.058
0.069
0.051
0.159
0.172
0.165
0.165
0.164
0.162
0.164
0.173
0.201
0.185
0.198
0.193
0.189
0.173
0.2
0.19
0.173
0.203
0.176
0.183
0.19
0.195
0.213
0.195
0.307
0.311
0.313
0.306
0.306
0.304
0.306
0.309
0.341
0.339
0.337
0.323
0.32
0.308
0.338
0.327
0.325
0.343
0.327
0.323
0.336
0.331
0.339
0.331
0.448
0.451
0.455
0.449
0.447
0.448
0.448
0.446
0.483
0.473
0.474
0.458
0.456
0.453
0.48
0.469
0.461
0.475
0.476
0.463
0.483
0.484
0.478
0.472
0.585
0.6
0.597
0.592
0.591
0.594
0.592
0.589
0.613
0.614
0.616
0.597
0.592
0.595
0.634
0.611
0.622
0.609
0.615
0.607
0.622
0.626
0.609
0.613
0.607
0.595
0.595
0.593
0.596
0.597
0.593
0.589
0.592
0.615
0.477
0.322
0.589
0.591
0.614
0.593
0.634
0.6
0.625
0.605
0.611
0.609
0.619
0.621
0.609
0.596
0.597
0.6
0.599
0.599
0.596
0.594
0.595
0.621
0.633
0.605
0.6
0.609
0.617
0.594
0.634
0.624
0.625
0.61
0.611
0.641
0.619
0.647
0.609
0.6
0.602
0.595
0.595
0.598
0.596
0.591
0.62
0.63
0.625
0.608
0.592
0.597
0.646
0.611
0.622
0.609
0.615
0.607
0.626
0.626
0.621
0.617
0.609
0.6
0.602
0.592
0.595
0.598
0.596
0.591
0.606
0.63
0.618
0.603
0.589
0.597
0.644
0.608
0.62
0.6
0.611
0.607
0.626
0.615
0.612
0.611
0.6
0.593
0.589
0.587
0.588
0.591
0.587
0.581
0.597
0.607
0.611
0.598
0.583
0.595
0.636
0.605
0.602
0.59
0.597
0.594
0.608
0.606
0.611
0.606
0.594
0.581
0.579
0.577
0.575
0.577
0.47
0.442
0.457
0.465
0.473
0.463
0.447
0.456
0.494
0.466
0.46
0.451
0.463
0.463
0.463
0.555
0.591
0.594
0.587
0.432
0.439
0.434
0.431
0.431
0.326
0.36
0.32
0.328
0.335
0.322
0.313
0.319
0.341
0.318
0.304
0.31
0.329
0.322
0.319
0.411
0.451
0.461
0.446
0.609
0.598
0.6
0.598
0.599
0.596
0.594
0.6
0.621
0.636
0.615
0.6
0.599
0.593
0.589
0.62
0.615
0.617
0.607
0.607
0.617
0.585
0.647
0.605
0.609
0.597
0.6
0.598
0.599
0.592
0.589
0.6
0.605
0.611
0.615
0.535
0.344
0.346
0.324
0.413
0.341
0.348
0.322
0.335
0.358
0.303
0.335
0.318
0.289
0.292
0.291
0.287
0.287
0.185
0.218
0.173
0.187
0.194
0.176
0.179
0.186
0.194
0.181
0.17
0.166
0.202
0.187
0.172
0.275
0.311
0.323
0.305
0.294
0.289
0.291
0.287
0.287
0.185
0.216
0.168
0.193
0.194
0.176
0.178
0.187
0.194
0.181
0.181
0.171
0.197
0.183
0.17
0.166
0.172
0.184
0.181
0.157
0.154
0.155
0.153
0.153
0.056
0.083
0.029
0.069
0.065
0.036
0.044
0.052
0.057
0.05
0.053
0.036
0.062
0.051
0.042
0.037
0.051
0.053
0.05
0.027
0.022
0.022
0.022
0.022
0.029
0.083
0.031
0.069
0.063
0.054
0.038
0.047
0.062
0.057
0.054
0.043
0.055
0.055
0.036
0.041
0.066
0.054
0.049
0.029
0.022
0.022
0.022
0.022
0.029
0.029
0.029
0.07
0.053
0.053
0.037
0.04
0.07
0.053
0.096
0.038
0.061
0.047
0.043
0.045
0.073
0.079
0.051
0.322
0.316
0.308
0.309
0.311
0.306
0.305
0.322
0.317
0.351
0.331
0.254
0.056
0.073
0.055
0.152
0.052
0.067
0.041
0.067
0.068
0.036
0.031
0.032
0.022
0.028
0.028
0.023
0.023
0.023
0.022
0.041
0.051
0.107
0.052
0.041
0.056
0.04
0.055
0.152
0.056
0.073
0.041
0.05
0.083
0.052
0.027
0.032
0.034
0.029
0.023
0.023
0.022
0.027
0.029
0.029
0.07
0.051
0.053
0.044
0.042
0.061
0.055
0.093
0.043
0.048
0.055
0.046
0.05
0.061
0.074
0.052
0.032
0.029
0.023
0.023
0.022
0.027
0.029
0.032
0.076
0.054
0.058
0.058
0.044
0.059
0.061
0.085
0.039
0.038
0.048
0.052
0.05
0.059
0.074
0.044
0.032
0.029
0.023
0.023
0.023
0.022
0.029
0.036
0.078
0.05
0.064
0.058
0.048
0.073
0.081
0.101
0.048
0.036
0.048
0.062
0.052
0.05
0.072
0.047
0.032
0.029
0.023
0.028
0.023
0.022
0.029
0.034
0.078
0.05
0.046
0.063
0.055
0.068
0.076
0.099
0.045
0.041
0.046
0.064
0.043
0.032
0.072
0.05
0.03
0.029
0.023
0.028
0.023
0.022
0.027
0.037
0.08
0.05
0.046
0.072
0.055
0.058
0.076
0.06
0.048
0.046
0.044
0.054
0.036
0.023
0.037
0.046
0.023
0.028
0.028
0.024
0.024
0.024
0.028
0.031
0.056
0.123
0.052
0.089
0.049
0.036
0.046
0.055
0.056
0.047
0.041
0.046
0.083
0.052
0.027
0.037
0.031
0.023
0.028
0.028
0.024
0.024
0.028
0.031
0.056
0.123
0.052
0.085
0.053
0.026
0.052
0.032
0.056
0.047
0.027
0.041
0.088
0.057
0.027
0.037
0.03
0.023
0.023
0.027
0.023
0.022
0.027
0.037
0.081
0.05
0.046
0.063
0.085
0.088
0.078
0.065
0.045
0.043
0.052
0.053
0.036
0.025
0.033
0.047
0.031
0.025
0.023
0.027
0.023
0.022
0.027
0.037
0.076
0.046
0.046
0.051
0.087
0.095
0.094
0.067
0.045
0.045
0.054
0.049
0.035
0.025
0.035
0.047
0.034
0.025
0.023
0.027
0.022
0.022
0.027
0.037
0.083
0.041
0.039
0.049
0.083
0.079
0.065
0.049
0.038
0.045
0.052
0.037
0.045
0.028
0.033
0.047
0.034
0.028
0.022
0.022
0.022
0.022
0.027
0.041
0.09
0.056
0.036
0.046
0.083
0.081
0.064
0.048
0.041
0.045
0.054
0.034
0.05
0.03
0.038
0.04
0.038
0.028
0.022
0.022
0.022
0.022
0.022
0.043
0.086
0.058
0.036
0.031
0.149
0.162
0.069
0.05
0.044
0.038
0.054
0.032
0.05
0.03
0.04
0.04
0.031
0.023
0.022
0.032
0.023
0.023
0.028
0.022
0.052
0.093
0.041
0.088
0.057
0.04
0.052
0.05
0.054
0.045
0.022
0.044
0.071
0.047
0.032
0.037
0.046
0.024
0.023
0.032
0.022
0.022
0.027
0.178
0.108
0.081
0.042
0.036
0.055
0.052
0.056
0.065
0.054
0.057
0.037
0.044
0.089
0.048
0.027
0.038
0.034
0.028
0.022
0.022
0.024
0.022
0.022
0.046
0.088
0.058
0.037
0.042
0.117
0.132
0.07
0.044
0.054
0.038
0.051
0.041
0.054
0.053
0.04
0.033
0.03
0.026
0.023
0.023
0.024
0.022
0.022
0.046
0.088
0.063
0.032
0.04
0.104
0.12
0.047
0.042
0.062
0.049
0.043
0.041
0.054
0.053
0.035
0.033
0.028
0.027
0.023
0.022
0.024
0.022
0.022
0.046
0.073
0.069
0.041
0.046
0.114
0.123
0.05
0.042
0.068
0.061
0.049
0.047
0.067
0.056
0.039
0.032
0.027
0.024
0.023
0.023
0.024
0.022
0.023
0.043
0.064
0.053
0.043
0.059
0.137
0.146
0.055
0.049
0.074
0.058
0.054
0.059
0.068
0.066
0.049
0.044
0.028
0.024
0.026
0.023
0.024
0.022
0.022
0.046
0.064
0.053
0.043
0.067
0.079
0.076
0.054
0.049
0.074
0.203
0.177
0.059
0.068
0.066
0.051
0.049
0.039
0.024
0.023
0.028
0.022
0.023
0.027
0.178
0.108
0.081
0.051
0.044
0.064
0.052
0.056
0.065
0.043
0.057
0.042
0.045
0.076
0.07
0.041
0.055
0.039
0.024
0.029
0.024
0.023
0.024
0.028
0.178
0.102
0.076
0.051
0.04
0.076
0.053
0.072
0.048
0.075
0.057
0.051
0.047
0.076
0.074
0.057
0.055
0.028
0.023
0.026
0.024
0.025
0.023
0.023
0.046
0.063
0.05
0.054
0.067
0.079
0.076
0.05
0.054
0.069
0.217
0.178
0.079
0.071
0.044
0.052
0.06
0.027
0.023
0.029
0.024
0.025
0.023
0.026
0.048
0.064
0.067
0.062
0.067
0.08
0.079
0.051
0.05
0.061
0.222
0.18
0.088
0.076
0.055
0.058
0.06
0.027
0.022
0.029
0.024
0.025
0.023
0.026
0.048
0.072
0.065
0.062
0.067
0.075
0.116
0.054
0.055
0.059
0.214
0.18
0.089
0.06
0.055
0.056
0.056
0.027
0.022
0.028
0.023
0.025
0.023
0.03
0.048
0.07
0.065
0.062
0.062
0.052
0.091
0.046
0.049
0.041
0.215
0.202
0.075
0.076
0.053
0.052
0.046
0.022
0.022
0.025
0.023
0.025
0.022
0.033
0.037
0.076
0.065
0.062
0.053
0.045
0.08
0.041
0.046
0.045
0.108
0.12
0.114
0.102
0.089
0.083
0.072
0.028
0.024
0.034
0.024
0.023
0.024
0.023
0.028
0.076
0.055
0.05
0.05
0.076
0.049
0.075
0.061
0.097
0.045
0.042
0.047
0.038
0.074
0.057
0.059
0.05
0.029
0.034
0.029
0.04
0.028
0.028
0.045
0.082
0.053
0.037
0.041
0.059
0.047
0.075
0.069
0.097
0.05
0.042
0.047
0.05
0.038
0.048
0.038
0.054
0.051
0.053
0.051
0.048
0.047
0.061
0.067
0.091
0.091
0.071
0.053
0.043
0.078
0.044
0.042
0.051
0.094
0.123
0.093
0.096
0.089
0.083
0.074
0.05
0.059
0.051
0.051
0.048
0.047
0.058
0.062
0.091
0.079
0.071
0.046
0.04
0.075
0.042
0.052
0.064
0.093
0.117
0.088
0.099
0.083
0.077
0.081
0.056
0.061
0.053
0.056
0.05
0.05
0.06
0.062
0.091
0.09
0.067
0.051
0.067
0.035
0.041
0.051
0.056
0.093
0.149
0.084
0.093
0.093
0.076
0.087
0.064
0.061
0.056
0.058
0.05
0.05
0.058
0.062
0.091
0.087
0.068
0.046
0.06
0.046
0.047
0.057
0.056
0.096
0.139
0.096
0.075
0.088
0.067
0.087
0.072
0.063
0.056
0.058
0.05
0.05
0.056
0.062
0.077
0.105
0.071
0.071
0.079
0.083
0.225
0.062
0.057
0.056
0.099
0.06
0.047
0.053
0.041
0.068
0.084
0.029
0.034
0.029
0.039
0.027
0.028
0.045
0.082
0.062
0.05
0.051
0.042
0.042
0.054
0.069
0.062
0.047
0.042
0.067
0.064
0.036
0.028
0.048
0.054
0.035
0.028
0.029
0.039
0.027
0.028
0.039
0.048
0.063
0.076
0.042
0.042
0.037
0.038
0.057
0.045
0.092
0.183
0.062
0.064
0.037
0.023
0.033
0.036
0.037
0.028
0.03
0.025
0.025
0.028
0.027
0.042
0.086
0.056
0.064
0.09
0.086
0.259
0.065
0.057
0.062
0.082
0.056
0.046
0.054
0.043
0.061
0.061
0.029
0.031
0.03
0.025
0.025
0.028
0.027
0.036
0.089
0.056
0.068
0.092
0.089
0.259
0.171
0.047
0.049
0.083
0.049
0.04
0.054
0.046
0.051
0.056
0.03
0.028
0.027
0.022
0.022
0.025
0.022
0.025
0.082
0.056
0.067
0.066
0.089
0.257
0.171
0.049
0.049
0.06
0.049
0.043
0.04
0.043
0.043
0.05
0.03
0.025
0.025
0.022
0.022
0.022
0.022
0.028
0.082
0.058
0.068
0.063
0.078
0.251
0.165
0.074
0.092
0.046
0.042
0.067
0.04
0.048
0.056
0.054
0.028
0.025
0.025
0.022
0.022
0.022
0.022
0.03
0.08
0.058
0.043
0.044
0.057
0.07
0.161
0.076
0.092
0.046
0.042
0.073
0.055
0.039
0.047
0.042
0.029
0.022
0.023
0.023
0.022
0.022
0.022
0.032
0.063
0.076
0.059
0.149
0.046
0.037
0.063
0.049
0.078
0.183
0.067
0.041
0.037
0.023
0.033
0.031
0.061
0.033
0.023
0.022
0.022
0.022
0.022
0.027
0.054
0.085
0.067
0.166
0.041
0.041
0.068
0.058
0.078
0.177
0.038
0.033
0.054
0.033
0.044
0.031
0.025
0.028
0.025
0.022
0.022
0.022
0.025
0.03
0.082
0.063
0.047
0.039
0.061
0.036
0.161
0.076
0.084
0.049
0.049
0.075
0.058
0.042
0.041
0.074
0.026
0.026
0.025
0.022
0.022
0.025
0.025
0.033
0.074
0.059
0.042
0.045
0.063
0.046
0.044
0.078
0.088
0.046
0.049
0.077
0.055
0.04
0.049
0.074
0.023
0.026
0.023
0.023
0.023
0.026
0.025
0.033
0.066
0.058
0.051
0.048
0.068
0.039
0.039
0.078
0.084
0.049
0.046
0.074
0.057
0.047
0.06
0.079
0.025
0.031
0.023
0.023
0.026
0.026
0.025
0.031
0.061
0.058
0.047
0.056
0.07
0.049
0.039
0.292
0.053
0.047
0.041
0.054
0.06
0.045
0.05
0.073
0.026
0.031
0.023
0.023
0.028
0.026
0.025
0.031
0.05
0.058
0.05
0.056
0.058
0.053
0.039
0.284
0.064
0.056
0.035
0.046
0.044
0.047
0.046
0.068
0.054
0.033
0.023
0.022
0.028
0.022
0.022
0.027
0.042
0.069
0.067
0.166
0.046
0.059
0.067
0.058
0.05
0.045
0.037
0.033
0.048
0.033
0.054
0.027
0.054
0.033
0.023
0.023
0.029
0.028
0.023
0.023
0.034
0.066
0.059
0.069
0.053
0.064
0.067
0.078
0.055
0.041
0.038
0.034
0.074
0.033
0.063
0.028
0.026
0.028
0.026
0.023
0.028
0.026
0.023
0.033
0.045
0.054
0.051
0.046
0.056
0.053
0.033
0.283
0.076
0.051
0.03
0.043
0.036
0.068
0.046
0.035
0.025
0.028
0.026
0.023
0.028
0.023
0.025
0.033
0.045
0.057
0.051
0.038
0.103
0.067
0.051
0.278
0.069
0.054
0.044
0.038
0.033
0.072
0.044
0.041
0.025
0.028
0.026
0.022
0.027
0.022
0.025
0.045
0.057
0.057
0.041
0.043
0.099
0.067
0.056
0.287
0.082
0.045
0.044
0.04
0.028
0.07
0.042
0.036
0.023
0.023
0.025
0.022
0.027
0.022
0.025
0.045
0.059
0.055
0.038
0.041
0.096
0.069
0.057
0.049
0.068
0.045
0.044
0.036
0.026
0.07
0.039
0.03
0.022
0.023
0.025
0.023
0.025
0.025
0.025
0.045
0.055
0.053
0.038
0.042
0.093
0.064
0.059
0.046
0.054
0.035
0.063
0.043
0.026
0.071
0.041
0.039
0.023
0.033
0.033
0.024
0.034
0.029
0.024
0.024
0.045
0.054
0.042
0.048
0.059
0.064
0.047
0.07
0.055
0.053
0.039
0.039
0.05
0.034
0.052
0.033
0.033
0.033
0.034
0.024
0.029
0.029
0.024
0.029
0.045
0.061
0.044
0.042
0.059
0.057
0.047
0.093
0.042
0.066
0.044
0.044
0.064
0.035
0.054
0.033
0.022
0.023
0.023
0.023
0.025
0.025
0.025
0.05
0.054
0.049
0.037
0.049
0.085
0.064
0.059
0.039
0.048
0.038
0.063
0.045
0.035
0.05
0.048
0.039
0.023
0.023
0.025
0.023
0.025
0.025
0.022
0.048
0.054
0.044
0.048
0.06
0.028
0.037
0.048
0.045
0.068
0.033
0.058
0.046
0.038
0.054
0.046
0.036
0.023
0.023
0.025
0.023
0.025
0.025
0.022
0.033
0.048
0.067
0.059
0.053
0.028
0.045
0.051
0.036
0.057
0.033
0.058
0.043
0.05
0.051
0.06
0.045
0.029
0.029
0.026
0.024
0.022
0.025
0.022
0.033
0.06
0.061
0.059
0.045
0.028
0.035
0.053
0.036
0.054
0.04
0.061
0.047
0.058
0.051
0.072
0.048
0.035
0.029
0.026
0.026
0.022
0.022
0.022
0.036
0.074
0.067
0.057
0.044
0.028
0.037
0.053
0.034
0.054
0.04
0.047
0.053
0.062
0.052
0.073
0.04
0.033
0.034
0.034
0.024
0.029
0.024
0.024
0.044
0.075
0.061
0.052
0.055
0.05
0.055
0.033
0.069
0.038
0.066
0.039
0.045
0.045
0.04
0.057
0.028
0.033
0.024
0.024
0.024
0.024
0.024
0.024
0.05
0.075
0.068
0.052
0.066
0.084
0.075
0.138
0.06
0.029
0.056
0.044
0.045
0.049
0.03
0.077
0.023
0.035
0.029
0.029
0.029
0.023
0.023
0.022
0.033
0.082
0.068
0.053
0.14
0.049
0.044
0.053
0.035
0.063
0.041
0.045
0.077
0.057
0.057
0.069
0.043
0.035
0.029
0.027
0.029
0.023
0.023
0.022
0.033
0.082
0.072
0.041
0.126
0.052
0.044
0.053
0.032
0.044
0.041
0.039
0.076
0.057
0.049
0.069
0.04
0.029
0.026
0.021
0.023
0.017
0.02
0.017
0.028
0.082
0.048
0.035
0.126
0.052
0.035
0.046
0.029
0.041
0.035
0.037
0.076
0.042
0.049
0.046
0.025
0.017
0.016
0.015
0.017
0.012
0.017
0.014
0.022
0.071
0.054
0.036
0.126
0.048
0.043
0.052
0.024
0.034
0.023
0.03
0.07
0.026
0.046
0.026
0.02
0.006
0.011
0.009
0.009
0.006
0.011
0.008
0.018
0.059
0.053
0.03
0.12
0.045
0.041
0.05
0.018
0.034
0.025
0.025
0.051
0.014
0.034
0.019
0.019
0.024
0.024
0.023
0.029
0.024
0.024
0.023
0.05
0.075
0.057
0.053
0.066
0.084
0.068
0.138
0.025
0.023
0.029
0.043
0.039
0.044
0.035
0.077
0.023
0.024
0.024
0.022
0.029
0.023
0.023
0.023
0.034
0.052
0.062
0.047
0.042
0.076
0.071
0.189
0.196
0.184
0.021
0.043
0.029
0.044
0.039
0.043
0.011
0.0
0.005
0.0
0.003
0.0
0.005
0.005
0.01
0.045
0.047
0.031
0.01
0.024
0.033
0.041
0.033
0.054
0.018
0.024
0.02
0.005
0.014
0.065
0.011
0.003
0.003
0.0
0.003
0.0
0.003
0.005
0.013
0.041
0.04
0.043
0.022
0.016
0.035
0.043
0.021
0.069
0.024
0.016
0.018
0.005
0.006
0.07
0.014
0.003
0.003
0.0
0.003
0.0
0.003
0.005
0.014
0.046
0.038
0.035
0.029
0.013
0.035
0.04
0.029
0.069
0.021
0.013
0.018
0.008
0.008
0.065
0.014
0.003
0.003
0.0
0.003
0.0
0.003
0.002
0.014
0.048
0.027
0.032
0.026
0.014
0.027
0.021
0.029
0.075
0.021
0.013
0.012
0.008
0.003
0.065
0.014
0.003
0.003
0.0
0.005
0.0
0.003
0.002
0.011
0.046
0.024
0.029
0.035
0.025
0.034
0.024
0.029
0.07
0.018
0.011
0.012
0.035
0.003
0.065
0.014
0.012
0.012
0.011
0.017
0.016
0.016
0.011
0.011
0.047
0.061
0.041
0.031
0.04
0.048
0.077
0.184
0.178
0.003
0.031
0.032
0.042
0.039
0.0
0.0
0.0
0.0
0.0
0.0
0.005
0.005
0.0
0.0
0.034
0.061
0.037
0.048
0.04
0.048
0.077
0.208
0.184
0.01
0.021
0.027
0.032
0.045
0.0
0.0
0.003
0.003
0.0
0.003
0.0
0.003
0.0
0.013
0.049
0.019
0.023
0.035
0.022
0.031
0.024
0.008
0.028
0.016
0.014
0.008
0.035
0.066
0.013
0.014
0.0
0.003
0.0
0.003
0.0
0.003
0.0
0.013
0.05
0.022
0.014
0.026
0.027
0.029
0.025
0.008
0.015
0.019
0.014
0.008
0.035
0.069
0.01
0.019
0.006
0.0
0.0
0.003
0.0
0.003
0.0
0.013
0.055
0.022
0.016
0.025
0.027
0.026
0.027
0.0
0.02
0.019
0.017
0.006
0.036
0.067
0.01
0.032
0.011
0.0
0.0
0.003
0.0
0.0
0.003
0.01
0.051
0.025
0.027
0.039
0.034
0.054
0.03
0.018
0.019
0.026
0.014
0.013
0.036
0.075
0.018
0.029
0.011
0.0
0.0
0.002
0.0
0.0
0.003
0.008
0.053
0.035
0.029
0.031
0.026
0.044
0.022
0.018
0.019
0.026
0.014
0.013
0.009
0.102
0.021
0.027
0.0
0.0
0.006
0.0
0.0
0.005
0.0
0.0
0.036
0.049
0.036
0.048
0.03
0.038
0.021
0.025
0.017
0.021
0.015
0.028
0.032
0.036
0.007
0.006
0.0
0.0
0.006
0.0
0.0
0.0
0.0
0.0
0.019
0.022
0.035
0.044
0.01
0.028
0.021
0.04
0.022
0.021
0.01
0.018
0.022
0.036
0.012
0.006
0.019
0.0
0.0
0.002
0.0
0.003
0.003
0.003
0.059
0.035
0.032
0.031
0.023
0.041
0.022
0.018
0.019
0.026
0.02
0.026
0.006
0.049
0.019
0.029
0.022
0.0
0.0
0.002
0.0
0.003
0.003
0.003
0.061
0.032
0.034
0.031
0.021
0.049
0.015
0.027
0.04
0.044
0.02
0.026
0.006
0.051
0.02
0.028
0.016
0.0
0.0
0.002
0.002
0.003
0.003
0.0
0.049
0.031
0.031
0.022
0.021
0.046
0.015
0.029
0.039
0.05
0.018
0.023
0.0
0.051
0.025
0.014
0.013
0.0
0.0
0.002
0.002
0.003
0.0
0.0
0.049
0.03
0.024
0.015
0.008
0.02
0.019
0.02
0.034
0.041
0.02
0.02
0.002
0.045
0.02
0.021
0.013
0.0
0.002
0.0
0.002
0.003
0.0
0.0
0.045
0.049
0.43
0.453
0.424
0.43
0.423
0.15
0.166
0.168
0.15
0.151
0.134
0.156
0.144
0.146
0.011
0.015
0.006
0.0
0.0
0.0
0.005
0.0
0.028
0.02
0.015
0.026
0.02
0.042
0.021
0.015
0.02
0.012
0.01
0.043
0.022
0.023
0.012
0.006
0.266
0.272
0.255
0.256
0.256
0.254
0.256
0.256
0.272
0.277
0.265
0.274
0.268
0.324
0.309
0.398
0.393
0.332
0.266
0.295
0.28
0.27
0.264
0.256
0.136
0.126
0.131
0.13
0.133
0.129
0.129
0.128
0.155
0.195
0.548
0.586
0.554
0.562
0.56
0.282
0.296
0.303
0.269
0.268
0.262
0.276
0.274
0.27
0.133
0.126
0.131
0.13
0.138
0.129
0.129
0.13
0.142
0.195
0.546
0.591
0.561
0.554
0.556
0.278
0.273
0.286
0.272
0.268
0.272
0.275
0.271
0.273
0.136
0.129
0.131
0.13
0.136
0.129
0.129
0.133
0.137
0.196
0.546
0.591
0.564
0.554
0.56
0.278
0.271
0.282
0.273
0.273
0.272
0.276
0.275
0.273
0.136
0.129
0.131
0.13
0.136
0.129
0.129
0.133
0.135
0.194
0.546
0.588
0.564
0.552
0.556
0.271
0.269
0.282
0.28
0.276
0.275
0.279
0.283
0.269
0.136
0.129
0.128
0.13
0.136
0.129
0.129
0.138
0.159
0.173
0.14
0.155
0.151
0.147
0.15
0.144
0.144
0.155
0.152
0.149
0.149
0.144
0.153
0.142
0.513
0.514
0.51
0.512
0.518
0.513
0.506
0.509
0.52
0.521
0.265
0.264
0.268
0.324
0.309
0.388
0.392
0.332
0.269
0.295
0.28
0.27
0.259
0.256
0.519
0.515
0.511
0.513
0.518
0.517
0.512
0.51
0.52
1.155
0.484
0.264
0.258
0.311
0.309
0.653
0.639
0.599
0.551
0.535
0.543
0.517
0.517
0.514
0.005
0.002
0.004
0.003
0.005
0.0
0.0
0.01
0.034
0.032
0.014
0.025
0.029
0.017
0.01
0.01
0.031
0.148
0.155
0.148
0.154
0.146
0.156
0.143
0.133
0.131
0.138
0.131
0.129
0.129
0.128
0.136
0.217
0.498
0.451
0.069
0.022
0.013
0.007
0.005
0.08
0.275
0.279
0.273
0.274
0.275
0.282
0.264
0.26
0.255
0.265
0.26
0.263
0.258
0.257
0.26
0.348
0.627
0.575
0.19
0.145
0.144
0.13
0.133
0.227
0.395
0.405
0.397
0.407
0.4
0.405
0.396
0.393
0.386
0.39
0.387
0.388
0.387
0.388
0.387
0.479
0.743
0.703
0.321
0.309
0.297
0.277
0.277
0.365
0.534
0.542
0.535
0.552
0.547
0.548
0.539
0.538
0.53
0.528
0.532
0.534
0.532
0.538
0.533
0.61
0.883
0.849
0.456
0.449
0.388
0.408
0.421
0.5
0.562
0.562
0.557
0.573
0.567
0.578
0.555
0.519
0.513
0.532
0.513
0.519
0.518
0.516
0.513
0.525
1.148
0.513
0.254
0.261
0.278
0.27
0.527
0.51
0.525
0.559
0.535
0.542
0.512
0.521
0.51
0.524
0.514
0.532
0.521
0.514
0.523
0.518
0.514
0.527
1.161
0.544
0.512
0.517
0.519
0.541
0.554
0.522
0.55
0.57
0.548
0.55
0.539
0.532
0.531
0.557
0.544
0.547
0.545
0.546
0.541
0.546
0.542
0.629
0.907
0.869
0.55
0.591
0.532
0.559
0.548
0.574
0.563
0.561
0.556
0.57
0.567
0.572
0.555
0.557
0.543
0.54
0.545
0.545
0.541
0.548
0.544
0.578
0.573
0.563
0.56
0.598
0.573
0.567
0.553
0.575
0.559
0.581
0.573
0.571
0.574
0.572
0.555
0.557
0.543
0.538
0.543
0.541
0.54
0.548
0.545
0.578
0.565
0.563
0.56
0.598
0.574
0.569
0.552
0.556
0.559
0.583
0.576
0.564
0.574
0.573
0.553
0.549
0.541
0.54
0.544
0.541
0.54
0.546
0.546
0.577
0.575
0.565
0.553
0.56
0.551
0.552
0.576
0.57
0.544
0.566
0.562
0.542
0.553
0.548
0.535
0.533
0.527
0.531
0.524
0.524
0.523
0.524
0.523
0.557
0.555
0.549
0.54
0.539
0.552
0.549
0.556
0.545
0.518
0.549
0.54
0.52
0.534
0.519
0.522
0.53
0.528
0.541
0.521
0.514
0.523
0.523
0.514
0.527
0.522
0.548
0.52
0.517
0.536
0.58
0.584
0.56
0.581
0.568
0.564
0.556
0.557
0.532
0.525
0.53
0.531
0.521
0.521
0.514
0.523
0.522
0.512
0.526
0.536
0.529
0.525
0.514
0.528
0.58
0.584
0.56
0.581
0.568
0.564
0.556
0.557
0.543
0.526
0.513
0.514
0.514
0.51
0.515
0.512
0.514
0.518
0.541
0.542
0.531
0.523
0.517
0.537
0.526
0.556
0.543
0.515
0.554
0.54
0.527
0.54
0.522
0.517
0.513
0.515
0.515
0.511
0.517
0.511
0.511
0.52
0.54
0.536
0.531
0.509
0.51
0.525
0.512
0.558
0.541
0.508
0.535
0.525
0.525
0.528
0.524
0.518
0.514
0.516
0.516
0.513
0.516
0.513
0.512
0.524
0.545
0.535
0.555
0.507
0.515
0.519
0.505
0.558
0.541
0.507
0.528
0.518
0.52
0.528
0.52
0.518
0.514
0.513
0.515
0.511
0.515
0.511
0.509
0.523
0.545
0.524
0.551
0.503
0.508
0.478
0.476
0.512
0.392
0.386
0.405
0.394
0.397
0.404
0.399
0.393
0.385
0.386
0.383
0.383
0.388
0.409
0.437
0.399
0.415
0.398
0.423
0.38
0.397
0.349
0.356
0.385
0.267
0.267
0.28
0.27
0.279
0.281
0.273
0.274
0.526
0.531
0.521
0.513
0.515
0.517
0.526
0.512
0.527
0.537
0.543
0.525
0.513
0.546
0.572
0.56
0.556
0.579
0.554
0.553
0.543
0.533
0.532
0.506
0.514
0.514
0.51
0.51
0.512
0.517
0.515
0.51
0.526
0.537
0.543
0.525
0.513
0.532
0.54
0.518
0.516
0.56
0.526
0.525
0.525
0.516
0.532
0.506
0.258
0.259
0.256
0.257
0.259
0.282
0.316
0.272
0.289
0.265
0.295
0.254
0.282
0.234
0.231
0.265
0.151
0.147
0.149
0.169
0.144
0.144
0.144
0.152
0.13
0.131
0.131
0.129
0.129
0.154
0.189
0.144
0.16
0.143
0.161
0.134
0.162
0.142
0.135
0.131
0.026
0.041
0.025
0.041
0.023
0.026
0.02
0.024
0.0
0.002
0.003
0.0
0.0
0.025
0.061
0.018
0.028
0.025
0.013
0.02
0.033
0.025
0.02
0.006
0.023
0.036
0.017
0.037
0.028
0.036
0.022
0.029
0.005
0.002
0.003
0.0
0.0
0.0
0.005
0.015
0.035
0.027
0.012
0.03
0.027
0.023
0.02
0.006
0.013
0.031
0.01
0.038
0.023
0.031
0.019
0.029
0.005
0.0
0.003
0.0
0.0
0.0
0.0
0.01
0.035
0.03
0.01
0.03
0.032
0.025
0.02
0.006
0.011
0.043
0.017
0.036
0.017
0.043
0.022
0.018
0.255
0.26
0.259
0.257
0.258
0.263
0.267
0.255
0.277
0.289
0.277
0.267
0.28
0.292
0.289
0.264
0.26
0.284
0.271
0.275
0.271
0.259
0.265
0.258
0.01
0.017
0.005
0.006
0.0
0.01
0.005
0.005
0.021
0.033
0.01
0.015
0.036
0.028
0.016
0.011
0.044
0.022
0.021
0.014
0.025
0.005
0.01
0.005
0.005
0.0
0.003
0.002
0.0
0.0
0.0
0.012
0.034
0.04
0.013
0.03
0.023
0.016
0.022
0.005
0.005
0.047
0.022
0.019
0.017
0.048
0.022
0.017
0.005
0.0
0.006
0.011
0.0
0.0
0.0
0.012
0.034
0.04
0.016
0.028
0.023
0.017
0.025
0.01
0.01
0.136
0.073
0.024
0.012
0.043
0.017
0.02
0.005
0.003
0.006
0.011
0.0
0.0
0.0
0.01
0.042
0.047
0.013
0.017
0.056
0.023
0.027
0.034
0.015
0.143
0.073
0.029
0.022
0.054
0.018
0.013
0.0
0.003
0.006
0.011
0.0
0.0
0.0
0.019
0.035
0.047
0.019
0.008
0.056
0.026
0.024
0.037
0.017
0.143
0.073
0.026
0.023
0.054
0.02
0.013
0.0
0.003
0.006
0.011
0.0
0.0
0.0
0.019
0.032
0.04
0.024
0.011
0.051
0.026
0.033
0.037
0.017
0.134
0.091
0.033
0.02
0.035
0.02
0.013
0.01
0.017
0.0
0.006
0.0
0.005
0.0
0.005
0.016
0.04
0.011
0.021
0.026
0.031
0.005
0.017
0.044
0.022
0.032
0.014
0.025
0.005
0.005
0.005
0.015
0.017
0.0
0.006
0.0
0.0
0.0
0.005
0.016
0.037
0.022
0.021
0.006
0.025
0.01
0.027
0.066
0.017
0.032
0.017
0.032
0.015
0.005
0.0
0.0
0.003
0.006
0.009
0.0
0.003
0.0
0.016
0.03
0.032
0.022
0.02
0.051
0.029
0.028
0.035
0.015
0.142
0.088
0.032
0.033
0.033
0.023
0.008
0.0
0.003
0.0
0.0
0.0
0.003
0.0
0.019
0.031
0.044
0.022
0.023
0.045
0.035
0.026
0.03
0.01
0.035
0.038
0.027
0.033
0.033
0.026
0.005
0.0
0.0
0.0
0.0
0.0
0.003
0.0
0.022
0.034
0.047
0.022
0.025
0.008
0.031
0.019
0.008
0.005
0.031
0.038
0.027
0.02
0.019
0.026
0.005
0.003
0.0
0.0
0.0
0.0
0.003
0.0
0.019
0.04
0.042
0.024
0.025
0.016
0.034
0.027
0.016
0.005
0.144
0.16
0.152
0.14
0.159
0.154
0.132
0.126
0.125
0.125
0.125
0.124
0.127
0.123
0.202
0.152
0.047
0.018
0.051
0.016
0.1
0.142
0.139
0.133
0.263
0.263
0.266
0.267
0.304
0.284
0.258
0.005
0.006
0.0
0.0
0.0
0.0
0.0
0.0
0.008
0.032
0.044
0.033
0.006
0.029
0.04
0.082
0.028
0.0
0.021
0.016
0.022
0.016
0.005
0.0
0.256
0.243
0.248
0.256
0.25
0.25
0.249
0.245
0.247
0.274
0.3
0.265
0.243
0.254
0.286
0.321
0.279
0.246
0.259
0.264
0.266
0.275
0.257
0.256
0.25
0.249
0.252
0.251
0.246
0.247
0.245
0.33
0.279
0.172
0.137
0.164
0.138
0.217
0.262
0.259
0.254
0.366
0.382
0.382
0.38
0.435
0.409
0.384
0.374
0.374
0.378
0.375
0.371
0.37
0.368
0.447
0.392
0.203
0.139
0.168
0.141
0.216
0.262
0.266
0.254
0.366
0.39
0.382
0.382
0.435
0.418
0.384
0.374
0.374
0.378
0.375
0.371
0.372
0.368
0.443
0.412
0.242
0.176
0.2
0.183
0.244
0.293
0.293
0.293
0.399
0.39
0.379
0.394
0.435
0.418
0.394
0.371
0.374
0.378
0.375
0.371
0.372
0.368
0.441
0.412
0.242
0.168
0.2
0.179
0.241
0.295
0.292
0.298
0.288
0.271
0.253
0.288
0.311
0.288
0.268
0.248
0.249
0.253
0.25
0.247
0.248
0.246
0.261
0.304
0.24
0.173
0.175
0.179
0.181
0.181
0.174
0.176
0.169
0.145
0.129
0.165
0.169
0.157
0.149
0.499
0.497
0.496
0.505
0.499
0.5
0.498
0.494
0.506
0.53
0.518
0.489
0.491
0.506
0.512
0.519
0.497
0.496
0.525
0.522
0.505
0.517
0.504
0.502
0.499
0.497
0.496
0.505
0.499
0.5
0.498
0.494
0.506
0.53
0.518
0.489
0.491
0.506
0.512
0.519
0.497
0.496
0.525
0.522
0.505
0.517
0.504
0.502
0.124
0.125
0.126
0.124
0.125
0.126
0.123
0.133
0.188
0.109
0.054
0.053
0.061
0.065
0.065
0.052
0.057
0.051
0.021
0.033
0.04
0.037
0.035
0.026
0.0
0.0
0.0
0.0
0.0
0.003
0.0
0.014
0.072
0.068
0.051
0.048
0.058
0.063
0.065
0.044
0.057
0.051
0.013
0.034
0.041
0.037
0.027
0.028
0.004
0.0
0.0
0.003
0.003
0.0
0.0
0.019
0.049
0.017
0.014
0.012
0.019
0.026
0.031
0.01
0.015
0.02
0.009
0.034
0.025
0.036
0.028
0.021
0.004
0.0
0.0
0.003
0.005
0.0
0.0
0.022
0.043
0.017
0.014
0.014
0.017
0.026
0.023
0.007
0.01
0.017
0.031
0.036
0.011
0.021
0.03
0.02
0.004
0.0
0.0
0.003
0.005
0.002
0.0
0.018
0.041
0.02
0.014
0.019
0.024
0.015
0.01
0.007
0.007
0.017
0.04
0.045
0.046
0.034
0.03
0.018
0.248
0.254
0.248
0.25
0.25
0.256
0.25
0.253
0.282
0.287
0.251
0.256
0.268
0.285
0.261
0.275
0.267
0.261
0.283
0.274
0.269
0.258
0.266
0.247
0.005
0.0
0.0
0.0
0.0
0.01
0.0
0.009
0.037
0.044
0.028
0.015
0.069
0.082
0.047
0.061
0.046
0.02
0.019
0.01
0.025
0.014
0.02
0.0
0.004
0.0
0.0
0.005
0.005
0.002
0.0
0.017
0.036
0.029
0.014
0.055
0.067
0.141
0.146
0.081
0.167
0.18
0.054
0.023
0.049
0.038
0.027
0.02
0.004
0.0
0.0
0.005
0.005
0.002
0.0
0.017
0.044
0.029
0.012
0.058
0.103
0.207
0.158
0.08
0.171
0.178
0.056
0.028
0.046
0.033
0.021
0.015
0.0
0.0
0.0
0.003
0.002
0.002
0.0
0.018
0.044
0.024
0.009
0.058
0.104
0.208
0.161
0.078
0.171
0.173
0.056
0.027
0.046
0.034
0.026
0.023
0.0
0.0
0.0
0.003
0.0
0.002
0.0
0.021
0.044
0.027
0.009
0.051
0.109
0.211
0.161
0.076
0.171
0.173
0.038
0.027
0.053
0.034
0.023
0.026
0.0
0.0
0.0
0.003
0.0
0.002
0.0
0.024
0.044
0.033
0.012
0.044
0.102
0.224
0.194
0.076
0.171
0.17
0.029
0.026
0.016
0.021
0.018
0.021
0.005
0.0
0.0
0.0
0.0
0.005
0.0
0.005
0.038
0.047
0.042
0.024
0.059
0.082
0.047
0.06
0.038
0.058
0.03
0.009
0.02
0.014
0.029
0.0
0.021
0.0
0.0
0.0
0.006
0.01
0.0
0.01
0.037
0.047
0.042
0.014
0.059
0.082
0.047
0.06
0.039
0.058
0.03
0.014
0.034
0.032
0.02
0.0
0.0
0.0
0.0
0.0
0.0
0.002
0.0
0.024
0.033
0.098
0.196
0.013
0.057
0.099
0.06
0.002
0.019
0.007
0.017
0.028
0.026
0.029
0.019
0.027
0.0
0.0
0.0
0.003
0.0
0.002
0.0
0.024
0.03
0.098
0.206
0.01
0.018
0.036
0.048
0.0
0.019
0.018
0.023
0.024
0.024
0.026
0.022
0.029
0.0
0.0
0.0
0.003
0.0
0.002
0.0
0.022
0.031
0.098
0.21
0.015
0.026
0.031
0.043
0.0
0.019
0.02
0.026
0.024
0.026
0.019
0.017
0.022
0.0
0.0
0.003
0.003
0.0
0.002
0.0
0.014
0.032
0.096
0.21
0.013
0.026
0.032
0.045
0.0
0.024
0.02
0.033
0.034
0.026
0.02
0.018
0.013
0.0
0.002
0.003
0.005
0.0
0.0
0.0
0.012
0.037
0.088
0.211
0.023
0.033
0.016
0.013
0.0
0.024
0.02
0.033
0.04
0.051
0.037
0.018
0.016
0.021
0.0
0.0
0.0
0.006
0.006
0.0
0.006
0.037
0.054
0.034
0.023
0.031
0.03
0.015
0.014
0.019
0.049
0.024
0.015
0.03
0.027
0.024
0.0
0.03
0.0
0.0
0.0
0.006
0.006
0.0
0.006
0.032
0.044
0.04
0.025
0.021
0.014
0.02
0.009
0.019
0.0
0.002
0.02
0.034
0.027
0.009
0.005
0.0
0.002
0.003
0.005
0.0
0.003
0.0
0.017
0.038
0.027
0.04
0.02
0.025
0.01
0.008
0.002
0.026
0.029
0.037
0.035
0.046
0.029
0.013
0.007
0.006
0.008
0.011
0.008
0.006
0.008
0.006
0.022
0.047
0.034
0.042
0.028
0.041
0.028
0.013
0.013
0.032
0.022
0.037
0.043
0.049
0.037
0.019
0.01
0.011
0.013
0.018
0.014
0.011
0.014
0.011
0.024
0.046
0.047
0.041
0.038
0.036
0.036
0.028
0.021
0.035
0.032
0.035
0.048
0.054
0.04
0.026
0.02
0.017
0.019
0.021
0.019
0.017
0.019
0.022
0.035
0.05
0.049
0.041
0.044
0.036
0.036
0.034
0.029
0.033
0.042
0.031
0.047
0.064
0.04
0.029
0.029
0.027
0.027
0.027
0.022
0.022
0.022
0.027
0.035
0.05
0.049
0.041
0.047
0.039
0.05
0.039
0.034
0.035
0.042
0.033
0.044
0.045
0.028
0.034
0.039
0.019
0.0
0.01
0.0
0.0
0.0
0.0
0.0
0.029
0.057
0.069
0.042
0.052
0.15
0.045
0.021
0.02
0.021
0.011
0.03
0.025
0.016
0.034
0.016
0.03
0.011
0.02
0.011
0.011
0.011
0.016
0.011
0.034
0.044
0.069
0.047
0.041
0.161
0.041
0.033
0.057
0.059
0.027
0.036
0.027
0.028
0.037
0.022
0.029
0.027
0.027
0.022
0.022
0.022
0.027
0.037
0.094
0.06
0.039
0.052
0.039
0.05
0.039
0.04
0.029
0.039
0.028
0.045
0.052
0.037
0.035
0.039
0.029
0.027
0.024
0.022
0.022
0.022
0.032
0.034
0.088
0.06
0.033
0.053
0.034
0.048
0.04
0.04
0.027
0.048
0.024
0.045
0.055
0.037
0.036
0.039
0.029
0.03
0.022
0.022
0.022
0.022
0.032
0.034
0.089
0.056
0.033
0.047
0.044
0.048
0.032
0.04
0.032
0.041
0.024
0.042
0.053
0.037
0.031
0.037
0.029
0.032
0.022
0.022
0.022
0.022
0.027
0.03
0.099
0.061
0.037
0.055
0.044
0.058
0.037
0.04
0.032
0.038
0.028
0.039
0.038
0.037
0.029
0.037
0.025
0.027
0.022
0.022
0.024
0.022
0.027
0.03
0.102
0.061
0.041
0.053
0.04
0.049
0.063
0.04
0.032
0.038
0.04
0.038
0.04
0.064
0.038
0.04
0.027
0.028
0.022
0.022
0.022
0.022
0.031
0.022
0.038
0.054
0.092
0.054
0.063
0.161
0.051
0.033
0.057
0.059
0.104
0.036
0.027
0.049
0.059
0.028
0.038
0.028
0.022
0.022
0.022
0.022
0.031
0.022
0.047
0.059
0.082
0.054
0.069
0.041
0.041
0.027
0.053
0.049
0.104
0.031
0.022
0.049
0.055
0.045
0.025
0.027
0.022
0.022
0.024
0.022
0.027
0.116
0.064
0.053
0.033
0.047
0.044
0.065
0.063
0.049
0.044
0.045
0.04
0.049
0.062
0.057
0.039
0.045
0.025
0.027
0.022
0.022
0.027
0.022
0.022
0.125
0.064
0.05
0.046
0.05
0.053
0.056
0.063
0.044
0.044
0.037
0.042
0.047
0.064
0.066
0.036
0.042
0.025
0.024
0.022
0.022
0.027
0.022
0.025
0.128
0.066
0.047
0.049
0.05
0.053
0.061
0.071
0.061
0.053
0.046
0.05
0.047
0.072
0.071
0.036
0.042
0.025
0.024
0.022
0.022
0.027
0.025
0.03
0.135
0.058
0.042
0.047
0.042
0.062
0.055
0.069
0.059
0.055
0.044
0.051
0.052
0.072
0.071
0.036
0.035
0.025
0.024
0.022
0.025
0.024
0.025
0.032
0.139
0.052
0.041
0.042
0.042
0.062
0.061
0.05
0.068
0.055
0.041
0.043
0.05
0.075
0.044
0.03
0.028
0.039
0.028
0.027
0.022
0.022
0.028
0.027
0.039
0.041
0.059
0.082
0.066
0.069
0.037
0.113
0.022
0.022
0.027
0.099
0.048
0.033
0.049
0.06
0.028
0.039
0.022
0.027
0.022
0.022
0.028
0.027
0.043
0.056
0.054
0.066
0.071
0.063
0.048
0.113
0.027
0.031
0.027
0.037
0.068
0.033
0.033
0.049
0.033
0.022
0.024
0.022
0.025
0.024
0.025
0.032
0.056
0.064
0.04
0.048
0.05
0.06
0.046
0.055
0.059
0.043
0.035
0.05
0.032
0.05
0.038
0.033
0.033
0.024
0.024
0.022
0.024
0.022
0.025
0.032
0.051
0.061
0.052
0.04
0.059
0.144
0.046
0.061
0.069
0.045
0.039
0.05
0.042
0.05
0.037
0.035
0.033
0.024
0.024
0.022
0.024
0.022
0.024
0.042
0.055
0.056
0.054
0.042
0.058
0.14
0.046
0.056
0.051
0.031
0.03
0.047
0.044
0.049
0.034
0.032
0.03
0.024
0.022
0.022
0.024
0.022
0.024
0.039
0.062
0.059
0.053
0.042
0.063
0.134
0.051
0.054
0.051
0.031
0.035
0.044
0.038
0.049
0.036
0.037
0.027
0.024
0.022
0.022
0.022
0.022
0.024
0.039
0.062
0.066
0.063
0.042
0.063
0.136
0.046
0.046
0.043
0.031
0.041
0.046
0.035
0.051
0.044
0.034
0.022
0.028
0.038
0.042
0.022
0.022
0.028
0.027
0.043
0.047
0.047
0.059
0.071
0.066
0.053
0.109
0.096
0.052
0.047
0.046
0.068
0.048
0.027
0.043
0.022
0.022
0.038
0.038
0.022
0.022
0.022
0.038
0.035
0.057
0.062
0.037
0.062
0.066
0.1
0.032
0.106
0.052
0.052
0.046
0.057
0.047
0.022
0.027
0.025
0.024
0.022
0.022
0.024
0.022
0.024
0.041
0.077
0.056
0.054
0.036
0.063
0.136
0.049
0.041
0.039
0.04
0.053
0.039
0.04
0.048
0.046
0.039
0.025
0.025
0.022
0.022
0.025
0.022
0.024
0.042
0.077
0.056
0.056
0.034
0.055
0.038
0.049
0.035
0.034
0.052
0.056
0.039
0.041
0.051
0.044
0.041
0.028
0.028
0.028
0.026
0.028
0.025
0.027
0.038
0.09
0.066
0.06
0.054
0.116
0.088
0.093
0.085
0.085
0.107
0.108
0.093
0.125
0.074
0.044
0.041
0.025
0.03
0.028
0.026
0.028
0.025
0.025
0.043
0.081
0.061
0.06
0.056
0.108
0.083
0.086
0.09
0.085
0.111
0.108
0.093
0.13
0.072
0.054
0.037
0.025
0.03
0.028
0.026
0.028
0.025
0.025
0.042
0.083
0.061
0.059
0.063
0.11
0.086
0.086
0.09
0.085
0.111
0.105
0.099
0.136
0.072
0.048
0.039
0.022
0.022
0.038
0.038
0.022
0.022
0.022
0.038
0.037
0.056
0.063
0.657
0.116
0.056
0.102
0.036
0.106
0.051
0.098
0.073
0.042
0.047
0.022
0.032
0.033
0.022
0.022
0.022
0.022
0.022
0.022
0.038
0.046
0.056
0.063
0.657
0.112
0.056
0.102
0.068
0.042
0.036
0.088
0.073
0.051
0.042
0.031
0.027
0.025
0.03
0.028
0.026
0.025
0.025
0.025
0.045
0.115
0.057
0.059
0.063
0.1
0.086
0.083
0.09
0.083
0.103
0.096
0.113
0.136
0.072
0.044
0.038
0.025
0.03
0.028
0.026
0.025
0.025
0.025
0.045
0.116
0.057
0.046
0.068
0.101
0.091
0.09
0.084
0.087
0.094
0.092
0.107
0.126
0.066
0.039
0.036
0.025
0.027
0.022
0.022
0.022
0.022
0.022
0.037
0.102
0.049
0.047
0.046
0.045
0.042
0.04
0.032
0.036
0.041
0.041
0.054
0.052
0.034
0.039
0.036
0.025
0.024
0.022
0.022
0.022
0.022
0.022
0.032
0.102
0.06
0.047
0.054
0.052
0.047
0.039
0.025
0.04
0.041
0.037
0.059
0.045
0.043
0.041
0.047
0.03
0.024
0.022
0.022
0.022
0.022
0.025
0.037
0.102
0.051
0.037
0.064
0.048
0.04
0.037
0.025
0.038
0.041
0.051
0.064
0.041
0.049
0.049
0.052
0.033
0.022
0.027
0.022
0.022
0.022
0.022
0.032
0.042
0.047
0.055
0.657
0.122
0.056
0.061
0.069
0.033
0.036
0.09
0.254
0.048
0.032
0.031
0.027
0.037
0.022
0.027
0.022
0.022
0.022
0.022
0.032
0.042
0.033
0.055
0.052
0.063
0.06
0.042
0.069
0.042
0.036
0.039
0.217
0.056
0.038
0.031
0.028
0.03
0.024
0.022
0.024
0.022
0.022
0.025
0.035
0.06
0.055
0.042
0.069
0.053
0.05
0.037
0.032
0.038
0.041
0.048
0.06
0.051
0.079
0.074
0.047
0.03
0.022
0.022
0.024
0.022
0.022
0.025
0.035
0.061
0.055
0.039
0.065
0.042
0.045
0.031
0.034
0.034
0.034
0.05
0.069
0.053
0.081
0.081
0.053
0.027
0.022
0.022
0.024
0.022
0.022
0.027
0.035
0.061
0.055
0.035
0.078
0.04
0.037
0.036
0.037
0.031
0.037
0.05
0.069
0.043
0.081
0.081
0.056
0.027
0.022
0.022
0.024
0.022
0.022
0.027
0.035
0.058
0.044
0.035
0.071
0.043
0.035
0.033
0.037
0.029
0.035
0.05
0.077
0.046
0.072
0.07
0.05
0.022
0.022
0.022
0.024
0.024
0.022
0.024
0.032
0.058
0.046
0.035
0.062
0.067
0.047
0.035
0.042
0.033
0.052
0.04
0.057
0.041
0.064
0.067
0.042
0.027
0.022
0.027
0.022
0.022
0.022
0.022
0.027
0.028
0.038
0.055
0.052
0.057
0.047
0.196
0.042
0.042
0.036
0.038
0.221
0.062
0.038
0.027
0.028
0.027
0.022
0.022
0.022
0.022
0.022
0.022
0.027
0.027
0.041
0.044
0.047
0.042
0.048
0.206
0.036
0.04
0.055
0.032
0.035
0.062
0.042
0.027
0.028
0.022
0.022
0.022
0.022
0.024
0.022
0.024
0.035
0.057
0.044
0.032
0.06
0.062
0.039
0.051
0.048
0.033
0.061
0.04
0.057
0.037
0.032
0.044
0.037
0.025
0.022
0.022
0.022
0.024
0.022
0.027
0.034
0.051
0.044
0.037
0.06
0.079
0.041
0.054
0.048
0.028
0.061
0.04
0.082
0.037
0.027
0.044
0.035
0.025
0.022
0.024
0.022
0.027
0.022
0.025
0.032
0.06
0.05
0.037
0.047
0.083
0.042
0.052
0.045
0.03
0.059
0.037
0.09
0.034
0.031
0.05
0.027
0.025
0.022
0.024
0.027
0.027
0.022
0.025
0.03
0.063
0.05
0.039
0.042
0.073
0.042
0.058
0.048
0.027
0.053
0.04
0.083
0.034
0.036
0.05
0.033
0.03
0.022
0.024
0.027
0.025
0.022
0.032
0.03
0.061
0.05
0.039
0.03
0.049
0.032
0.058
0.047
0.024
0.038
0.038
0.083
0.034
0.033
0.05
0.039
0.022
0.022
0.022
0.022
0.022
0.022
0.022
0.022
0.027
0.049
0.049
0.057
0.251
0.048
0.206
0.026
0.026
0.046
0.036
0.031
0.15
0.061
0.027
0.027
0.041
0.022
0.028
0.022
0.022
0.022
0.032
0.022
0.027
0.047
0.051
0.053
0.26
0.034
0.04
0.075
0.077
0.056
0.045
0.022
0.133
0.061
0.022
0.032
0.037
0.022
0.024
0.027
0.025
0.022
0.032
0.027
0.065
0.049
0.037
0.024
0.056
0.034
0.045
0.032
0.024
0.031
0.05
0.094
0.043
0.046
0.055
0.047
0.035
0.022
0.024
0.027
0.025
0.022
0.029
0.029
0.072
0.047
0.034
0.037
0.04
0.037
0.056
0.048
0.03
0.035
0.062
0.069
0.05
0.053
0.185
0.169
0.16
0.148
0.148
0.153
0.149
0.148
0.154
0.157
0.191
0.163
0.162
0.142
0.034
0.036
0.051
0.048
0.03
0.035
0.062
0.078
0.088
0.173
0.303
0.294
0.285
0.274
0.274
0.275
0.274
0.272
0.281
0.25
0.191
0.16
0.16
0.145
0.037
0.036
0.045
0.052
0.037
0.035
0.059
0.082
0.177
0.294
0.423
0.415
0.404
0.4
0.4
0.401
0.4
0.399
0.399
0.371
0.213
0.17
0.165
0.147
0.048
0.037
0.045
0.048
0.04
0.04
0.067
0.082
0.178
0.394
0.544
0.535
0.041
0.022
0.028
0.022
0.022
0.022
0.036
0.022
0.022
0.044
0.051
0.061
0.273
0.079
0.076
0.075
0.101
0.051
0.045
0.027
0.176
0.252
0.032
0.032
0.041
0.022
0.028
0.022
0.022
0.022
0.036
0.022
0.154
0.285
0.31
0.298
0.322
0.334
0.155
0.075
0.101
0.051
0.044
0.036
0.088
0.228
0.032
0.032
0.522
0.526
0.525
0.526
0.528
0.525
0.526
0.485
0.224
0.168
0.165
0.154
0.041
0.06
0.045
0.048
0.042
0.044
0.055
0.089
0.176
0.391
0.544
0.535
0.522
0.526
0.525
0.526
0.528
0.525
0.526
0.485
0.23
0.17
0.168
0.144
0.048
0.057
0.037
0.054
0.07
0.096
0.109
0.133
0.219
0.409
0.411
0.408
0.397
0.4
0.399
0.4
0.401
0.404
0.409
0.361
0.119
0.054
0.036
0.037
0.043
0.06
0.037
0.054
0.07
0.096
0.109
0.122
0.192
0.292
0.292
0.278
0.272
0.275
0.273
0.274
0.276
0.282
0.281
0.269
0.119
0.057
0.037
0.034
0.046
0.062
0.035
0.05
0.08
0.096
0.107
0.117
0.105
0.174
0.17
0.151
0.148
0.148
0.148
0.148
0.15
0.155
0.162
0.148
0.104
0.05
0.034
0.035
0.037
0.077
0.038
0.067
0.08
0.094
0.096
0.128
0.113
0.067
0.042
0.025
0.027
0.022
0.022
0.022
0.022
0.022
0.027
0.022
0.157
0.285
0.301
0.298
0.322
0.334
0.155
0.036
0.06
0.046
0.035
0.05
0.088
0.235
0.048
0.027
0.027
0.022
0.022
0.022
0.022
0.022
0.022
0.022
0.158
0.295
0.296
0.294
0.304
0.313
0.139
0.037
0.068
0.037
0.058
0.05
0.04
0.049
0.038
0.036
0.022
0.022
0.022
0.022
0.022
0.031
0.035
0.032
0.094
0.057
0.032
0.026
0.039
0.051
0.035
0.068
0.08
0.106
0.094
0.108
0.11
0.067
0.037
0.031
0.022
0.022
0.026
0.022
0.022
0.027
0.028
0.051
0.084
0.06
0.027
0.028
0.032
0.062
0.032
0.042
0.049
0.05
0.027
0.06
0.063
0.042
0.035
0.036
0.029
0.022
0.026
0.022
0.022
0.027
0.04
0.05
0.078
0.055
0.034
0.039
0.032
0.057
0.051
0.042
0.053
0.052
0.038
0.06
0.06
0.042
0.034
0.041
0.029
0.022
0.026
0.022
0.022
0.024
0.04
0.066
0.079
0.054
0.032
0.039
0.032
0.059
0.05
0.042
0.041
0.057
0.038
0.059
0.054
0.039
0.036
0.048
0.036
0.027
0.026
0.022
0.024
0.042
0.039
0.074
0.07
0.052
0.037
0.038
0.047
0.057
0.049
0.025
0.14
0.054
0.04
0.046
0.036
0.04
0.041
0.048
0.027
0.022
0.022
0.022
0.022
0.022
0.022
0.022
0.031
0.751
0.321
0.746
0.524
0.075
0.069
0.037
0.069
0.051
0.054
0.049
0.049
0.039
0.038
0.031
0.03
0.026
0.022
0.022
0.022
0.07
0.03
0.042
0.037
0.752
0.332
0.739
0.524
0.051
0.061
0.036
0.069
0.08
0.064
0.094
0.049
0.022
0.031
0.031
0.039
0.027
0.026
0.022
0.024
0.04
0.039
0.074
0.065
0.045
0.045
0.041
0.047
0.057
0.055
0.032
0.138
0.04
0.139
0.042
0.034
0.038
0.054
0.053
0.039
0.027
0.024
0.022
0.024
0.04
0.039
0.053
0.065
0.039
0.057
0.043
0.052
0.047
0.056
0.032
0.139
0.038
0.143
0.041
0.049
0.037
0.057
0.052
0.033
0.032
0.026
0.022
0.026
0.04
0.034
0.056
0.064
0.039
0.052
0.036
0.052
0.049
0.037
0.033
0.132
0.035
0.133
0.042
0.052
0.042
0.057
0.048
0.036
0.032
0.026
0.022
0.026
0.04
0.034
0.041
0.063
0.042
0.055
0.042
0.055
0.044
0.04
0.031
0.127
0.027
0.134
0.044
0.054
0.04
0.057
0.046
0.031
0.027
0.026
0.022
0.024
0.022
0.03
0.03
0.068
0.048
0.053
0.042
0.037
0.032
0.04
0.031
0.027
0.033
0.128
0.05
0.054
0.038
0.055
0.056
0.03
0.026
0.022
0.022
0.022
0.14
0.03
0.042
0.036
0.752
0.332
0.744
0.526
0.031
0.027
0.056
0.063
0.087
0.041
0.094
0.053
0.022
0.036
0.022
0.03
0.026
0.022
0.028
0.027
0.14
0.03
0.042
0.036
0.048
0.047
0.041
0.069
0.031
0.037
0.056
0.062
0.087
0.055
0.101
0.042
0.034
0.047
0.022
0.029
0.027
0.026
0.022
0.024
0.022
0.03
0.03
0.076
0.053
0.057
0.045
0.035
0.033
0.038
0.026
0.029
0.028
0.031
0.048
0.053
0.041
0.047
0.05
0.029
0.033
0.024
0.022
0.024
0.022
0.03
0.03
0.076
0.053
0.051
0.043
0.035
0.032
0.032
0.028
0.029
0.036
0.034
0.047
0.044
0.041
0.044
0.05
0.029
0.028
0.022
0.022
0.022
0.022
0.022
0.025
0.07
0.053
0.051
0.041
0.045
0.036
0.032
0.027
0.032
0.035
0.038
0.054
0.053
0.068
0.066
0.074
0.05
0.05
0.044
0.044
0.043
0.04
0.037
0.026
0.065
0.051
0.047
0.046
0.04
0.038
0.032
0.029
0.032
0.04
0.041
0.052
0.06
0.069
0.066
0.071
0.048
0.05
0.047
0.044
0.043
0.04
0.037
0.028
0.065
0.045
0.044
0.054
0.042
0.038
0.03
0.029
0.031
0.034
0.041
0.047
0.062
0.077
0.066
0.066
0.022
0.022
0.025
0.028
0.027
0.097
0.022
0.022
0.032
0.049
0.042
0.041
0.076
0.022
0.032
0.056
0.057
0.058
0.046
0.043
0.042
0.034
0.042
0.037
0.032
0.027
0.025
0.028
0.027
0.027
0.022
0.022
0.033
0.054
0.043
0.028
0.076
0.022
0.032
0.037
0.026
0.047
0.041
0.043
0.042
0.038
0.038
0.037
0.054
0.05
0.047
0.044
0.043
0.04
0.037
0.028
0.066
0.045
0.037
0.053
0.043
0.043
0.03
0.029
0.035
0.036
0.041
0.044
0.061
0.074
0.059
0.064
0.054
0.047
0.047
0.044
0.043
0.04
0.037
0.028
0.066
0.048
0.032
0.056
0.04
0.041
0.03
0.027
0.032
0.032
0.034
0.039
0.061
0.074
0.054
0.059
0.051
0.047
0.047
0.044
0.043
0.04
0.037
0.026
0.069
0.043
0.033
0.056
0.03
0.038
0.028
0.027
0.032
0.037
0.032
0.027
0.05
0.042
0.027
0.033
0.03
0.025
0.024
0.022
0.022
0.022
0.022
0.027
0.068
0.043
0.03
0.046
0.027
0.038
0.03
0.03
0.032
0.032
0.027
0.029
0.04
0.045
0.022
0.03
0.031
0.027
0.022
0.022
0.022
0.022
0.022
0.024
0.061
0.04
0.036
0.035
0.027
0.041
0.03
0.03
0.03
0.036
0.031
0.027
0.032
0.037
0.022
0.027
0.032
0.027
0.03
0.022
0.022
0.027
0.022
0.027
0.038
0.054
0.038
0.026
0.048
0.028
0.041
0.037
0.027
0.041
0.032
0.033
0.037
0.027
0.048
0.037
0.032
0.027
0.028
0.022
0.022
0.022
0.022
0.027
0.084
0.105
0.09
0.085
0.081
0.038
0.052
0.032
0.032
0.037
0.032
0.033
0.032
0.027
0.048
0.022
0.025
0.027
0.022
0.022
0.022
0.022
0.022
0.024
0.055
0.039
0.036
0.03
0.026
0.032
0.027
0.027
0.025
0.034
0.031
0.027
0.03
0.035
0.022
0.03
0.025
0.024
0.022
0.022
0.022
0.022
0.022
0.024
0.056
0.033
0.044
0.027
0.026
0.04
0.025
0.027
0.027
0.031
0.03
0.029
0.027
0.035
0.022
0.03
0.027
0.024
0.022
0.022
0.022
0.022
0.022
0.024
0.047
0.032
0.041
0.027
0.026
0.04
0.025
0.029
0.024
0.026
0.028
0.029
0.027
0.035
0.022
0.027
0.025
0.024
0.022
0.022
0.022
0.022
0.022
0.022
0.047
0.034
0.048
0.025
0.027
0.034
0.022
0.024
0.028
0.026
0.03
0.027
0.027
0.031
0.022
0.027
0.024
0.022
0.022
0.022
0.022
0.022
0.022
0.022
0.045
0.036
0.043
0.025
0.035
0.064
0.052
0.053
0.059
0.041
0.025
0.028
0.029
0.028
0.022
0.025
0.022
0.022
0.028
0.022
0.022
0.022
0.022
0.027
0.084
0.099
0.079
0.085
0.077
0.038
0.052
0.027
0.032
0.022
0.036
0.033
0.04
0.033
0.052
0.027
0.022
0.022
0.022
0.022
0.022
0.022
0.022
0.022
0.074
0.099
0.079
0.081
0.077
0.033
0.037
0.036
0.027
0.022
0.618
0.603
0.601
0.436
0.418
0.418
0.045
0.055
0.053
0.052
0.05
0.049
0.051
0.05
0.063
0.039
0.041
0.025
0.032
0.064
0.052
0.053
0.061
0.04
0.026
0.028
0.026
0.029
0.024
0.022
0.045
0.055
0.053
0.052
0.05
0.049
0.051
0.05
0.059
0.039
0.034
0.022
0.032
0.056
0.052
0.053
0.059
0.04
0.026
0.029
0.027
0.029
0.028
0.022
0.042
0.055
0.053
0.052
0.05
0.048
0.051
0.05
0.058
0.04
0.034
0.022
0.035
0.057
0.065
0.088
0.095
0.077
0.066
0.069
0.064
0.07
0.031
0.025
0.042
0.055
0.053
0.052
0.05
0.048
0.051
0.05
0.059
0.041
0.026
0.021
0.038
0.057
0.071
0.088
0.093
0.08
0.066
0.069
0.07
0.068
0.031
0.025
0.042
0.055
0.053
0.052
0.053
0.048
0.051
0.05
0.056
0.044
0.026
0.021
0.028
0.025
0.041
0.058
0.063
0.061
0.069
0.064
0.068
0.068
0.031
0.031
0.354
0.329
0.335
0.044
0.022
0.022
0.021
0.021
0.022
0.037
0.022
0.141
0.027
0.022
0.032
0.032
0.022
0.022
0.618
0.598
0.601
0.436
0.418
0.418
0.354
0.329
0.335
0.044
0.022
0.022
0.021
0.021
0.022
0.032
0.021
0.14
0.032
0.027
0.027
0.032
0.027
0.022
0.616
0.603
0.588
0.425
0.423
0.45
0.022
0.022
0.022
0.024
0.024
0.021
0.022
0.021
0.027
0.039
0.022
0.021
0.028
0.025
0.046
0.058
0.061
0.061
0.07
0.066
0.068
0.065
0.028
0.031
0.05
0.05
0.048
0.05
0.049
0.045
0.044
0.044
0.048
0.056
0.04
0.04
0.051
0.045
0.064
0.058
0.061
0.063
0.072
0.074
0.068
0.086
0.106
0.067
0.083
0.082
0.079
0.081
0.078
0.069
0.044
0.043
0.05
0.065
0.04
0.04
0.047
0.042
0.051
0.022
0.027
0.029
0.035
0.043
0.03
0.043
0.114
0.063
0.086
0.082
0.079
0.081
0.078
0.069
0.044
0.043
0.05
0.065
0.04
0.04
0.044
0.044
0.045
0.025
0.025
0.029
0.032
0.046
0.027
0.045
0.114
0.063
0.086
0.085
0.079
0.081
0.075
0.069
0.044
0.044
0.053
0.068
0.049
0.046
0.046
0.047
0.047
0.025
0.025
0.029
0.031
0.046
0.033
0.045
0.116
0.058
0.423
0.396
0.401
0.106
0.081
0.054
0.022
0.022
0.022
0.027
0.026
0.159
0.075
0.09
0.081
0.081
0.088
0.084
0.089
0.085
0.078
0.081
0.09
0.116
0.109
0.089
0.088
0.083
0.081
0.054
0.022
0.022
0.028
0.033
0.033
0.04
0.074
0.09
0.08
0.08
0.089
0.089
0.098
0.085
0.078
0.086
0.09
0.116
0.088
0.085
0.079
0.078
0.075
0.069
0.044
0.044
0.053
0.068
0.052
0.052
0.046
0.05
0.042
0.025
0.025
0.031
0.031
0.046
0.033
0.048
0.116
0.057
0.061
0.057
0.056
0.052
0.05
0.046
0.022
0.022
0.032
0.058
0.07
0.062
0.042
0.036
0.024
0.025
0.025
0.029
0.026
0.038
0.03
0.027
0.038
0.024
0.027
0.024
0.025
0.022
0.022
0.022
0.021
0.021
0.033
0.05
0.07
0.064
0.045
0.046
0.06
0.052
0.049
0.049
0.049
0.049
0.035
0.027
0.027
0.024
0.024
0.024
0.025
0.022
0.022
0.021
0.021
0.021
0.041
0.05
0.069
0.103
0.111
0.046
0.063
0.055
0.051
0.056
0.062
0.049
0.032
0.03
0.033
0.032
0.024
0.021
0.025
0.022
0.022
0.021
0.021
0.024
0.048
0.045
0.06
0.1
0.112
0.042
0.06
0.055
0.054
0.056
0.061
0.046
0.026
0.029
0.028
0.03
0.109
0.093
0.099
0.083
0.081
0.054
0.027
0.021
0.028
0.033
0.033
0.056
0.069
0.091
0.081
0.086
0.089
0.089
0.098
0.085
0.083
0.086
0.079
0.079
0.057
0.027
0.032
0.022
0.022
0.021
0.026
0.02
0.027
0.033
0.035
0.038
0.021
0.029
0.042
0.027
0.028
0.027
0.033
0.026
0.029
0.027
0.023
0.022
0.019
0.019
0.022
0.02
0.019
0.019
0.019
0.022
0.048
0.045
0.067
0.098
0.112
0.04
0.064
0.061
0.054
0.053
0.059
0.044
0.029
0.024
0.037
0.028
0.02
0.024
0.017
0.017
0.017
0.017
0.017
0.02
0.043
0.032
0.033
0.072
0.091
0.036
0.07
0.062
0.055
0.054
0.063
0.048
0.027
0.021
0.032
0.03
0.018
0.022
0.015
0.017
0.015
0.015
0.014
0.018
0.038
0.03
0.034
0.074
0.089
0.023
0.035
0.034
0.03
0.032
0.04
0.029
0.02
0.023
0.084
0.037
0.027
0.022
0.015
0.017
0.015
0.015
0.017
0.027
0.028
0.034
0.042
0.033
0.027
0.021
0.029
0.026
0.032
0.021
0.034
0.032
0.026
0.014
0.075
0.029
0.025
0.019
0.012
0.015
0.012
0.012
0.015
0.021
0.021
0.034
0.042
0.028
0.025
0.019
0.03
0.024
0.033
0.025
0.034
0.032
0.029
0.013
0.082
0.039
0.04
0.028
0.028
0.017
0.017
0.017
0.022
0.016
0.016
0.039
0.036
0.041
0.03
0.055
0.052
0.039
0.017
0.034
0.025
0.084
0.029
0.024
0.023
0.024
0.035
0.024
0.012
0.012
0.012
0.012
0.012
0.031
0.023
0.048
0.036
0.028
0.031
0.067
0.053
0.028
0.027
0.034
0.026
0.086
0.018
0.019
0.025
0.019
0.025
0.019
0.012
0.015
0.012
0.012
0.019
0.024
0.031
0.033
0.034
0.022
0.025
0.028
0.031
0.019
0.033
0.025
0.039
0.03
0.028
0.013
0.071
0.039
0.025
0.012
0.012
0.015
0.012
0.012
0.019
0.028
0.033
0.033
0.032
0.022
0.025
0.028
0.022
0.016
0.039
0.021
0.033
0.02
0.028
0.018
0.074
0.044
0.025
0.012
0.012
0.012
0.012
0.012
0.019
0.028
0.034
0.03
0.035
0.024
0.025
0.028
0.027
0.018
0.043
0.024
0.033
0.017
0.03
0.017
0.022
0.041
0.015
0.009
0.009
0.009
0.009
0.009
0.013
0.019
0.033
0.026
0.027
0.021
0.018
0.027
0.024
0.02
0.04
0.027
0.023
0.011
0.021
0.016
0.019
0.035
0.014
0.006
0.006
0.006
0.006
0.006
0.01
0.016
0.029
0.021
0.027
0.021
0.012
0.024
0.018
0.017
0.036
0.017
0.019
0.008
0.023
0.016
0.009
0.033
0.012
0.02
0.026
0.03
0.012
0.012
0.012
0.031
0.023
0.048
0.034
0.028
0.045
0.067
0.048
0.028
0.027
0.028
0.026
0.088
0.02
0.019
0.019
0.031
0.035
0.023
0.036
0.041
0.023
0.023
0.023
0.041
0.038
0.041
0.083
0.03
0.047
0.051
0.048
0.017
0.032
0.027
0.023
0.03
0.036
0.017
0.041
0.04
0.014
0.003
0.003
0.003
0.003
0.003
0.003
0.012
0.018
0.014
0.02
0.018
0.015
0.01
0.013
0.01
0.035
0.021
0.011
0.014
0.02
0.019
0.014
0.068
0.014
0.006
0.006
0.006
0.008
0.006
0.005
0.011
0.019
0.018
0.019
0.028
0.017
0.011
0.018
0.015
0.033
0.026
0.016
0.017
0.022
0.016
0.013
0.061
0.016
0.01
0.01
0.01
0.013
0.01
0.01
0.013
0.024
0.028
0.018
0.022
0.016
0.016
0.016
0.017
0.043
0.03
0.021
0.022
0.027
0.022
0.018
0.068
0.019
0.016
0.016
0.016
0.018
0.016
0.016
0.021
0.039
0.034
0.018
0.03
0.022
0.024
0.022
0.02
0.045
0.043
0.027
0.033
0.034
0.028
0.024
0.068
0.028
0.021
0.021
0.021
0.024
0.022
0.024
0.024
0.047
0.034
0.027
0.044
0.025
0.038
0.03
0.028
0.045
0.046
0.029
0.034
0.06
0.028
0.027
0.063
0.04
0.027
0.041
0.041
0.027
0.028
0.028
0.026
0.037
0.038
0.09
0.032
0.063
0.04
0.043
0.022
0.027
0.031
0.026
0.037
0.036
0.027
0.04
0.04
0.04
0.027
0.038
0.033
0.028
0.028
0.033
0.027
0.037
0.049
0.09
0.032
0.058
0.041
0.064
0.042
0.035
0.063
0.034
0.037
0.044
0.033
0.045
0.039
0.031
0.021
0.021
0.021
0.024
0.022
0.024
0.024
0.055
0.042
0.027
0.05
0.03
0.038
0.059
0.043
0.048
0.045
0.03
0.035
0.063
0.027
0.036
0.029
0.03
0.021
0.026
0.021
0.021
0.022
0.024
0.024
0.055
0.043
0.027
0.047
0.029
0.038
0.065
0.051
0.059
0.069
0.028
0.044
0.063
0.042
0.038
0.032
0.036
0.022
0.027
0.022
0.022
0.022
0.027
0.024
0.061
0.044
0.03
0.047
0.03
0.038
0.067
0.051
0.046
0.07
0.031
0.048
0.062
0.042
0.038
0.036
0.043
0.022
0.027
0.022
0.022
0.022
0.027
0.024
0.054
0.044
0.03
0.05
0.032
0.039
0.067
0.059
0.058
0.056
0.031
0.05
0.059
0.041
0.043
0.041
0.042
0.022
0.03
0.022
0.025
0.022
0.027
0.027
0.054
0.05
0.036
0.042
0.043
0.057
0.067
0.059
0.095
0.062
0.031
0.05
0.031
0.047
0.047
0.044
0.022
0.022
0.033
0.028
0.022
0.022
0.027
0.022
0.027
0.055
0.068
0.03
0.067
0.037
0.059
0.048
0.035
0.059
0.036
0.037
0.033
0.033
0.033
0.027
0.022
0.028
0.022
0.022
0.022
0.028
0.033
0.022
0.022
0.055
0.062
0.03
0.046
0.045
0.125
0.07
0.067
0.065
0.041
0.038
0.033
0.034
0.033
0.022
0.04
0.022
0.03
0.025
0.025
0.025
0.027
0.03
0.052
0.044
0.045
0.04
0.04
0.06
0.047
0.047
0.1
0.071
0.035
0.073
0.048
0.047
0.035
0.045
0.04
0.022
0.025
0.025
0.025
0.025
0.027
0.032
0.049
0.044
0.05
0.037
0.046
0.06
0.041
0.038
0.087
0.047
0.038
0.067
0.048
0.034
0.033
0.045
0.034
0.022
0.027
0.025
0.025
0.025
0.027
0.033
0.044
0.039
0.05
0.037
0.046
0.084
0.047
0.041
0.084
0.039
0.038
0.061
0.048
0.041
0.033
0.04
0.028
0.022
0.027
0.025
0.025
0.025
0.027
0.033
0.039
0.039
0.05
0.036
0.046
0.082
0.047
0.039
0.072
0.045
0.042
0.054
0.048
0.044
0.031
0.034
0.022
0.022
0.025
0.025
0.022
0.025
0.024
0.033
0.045
0.033
0.047
0.041
0.035
0.058
0.05
0.039
0.033
0.037
0.045
0.054
0.051
0.041
0.028
0.029
0.028
0.028
0.028
0.022
0.022
0.028
0.028
0.022
0.027
0.055
0.085
0.044
0.047
0.048
0.094
0.056
0.059
0.039
0.039
0.044
0.027
0.033
0.033
0.022
0.028
0.028
0.028
0.022
0.022
0.028
0.028
0.022
0.033
0.05
0.057
0.044
0.033
0.048
0.094
0.05
0.071
0.046
0.051
0.044
0.027
0.028
0.028
0.022
0.022
0.022
0.025
0.022
0.022
0.022
0.027
0.03
0.042
0.036
0.041
0.05
0.033
0.055
0.048
0.036
0.028
0.028
0.043
0.032
0.03
0.041
0.028
0.027
0.024
0.022
0.025
0.022
0.022
0.021
0.026
0.027
0.039
0.038
0.042
0.05
0.03
0.055
0.05
0.036
0.028
0.031
0.043
0.043
0.03
0.038
0.028
0.03
0.025
0.025
0.022
0.022
0.022
0.021
0.027
0.024
0.035
0.041
0.042
0.058
0.037
0.034
0.042
0.033
0.028
0.033
0.04
0.043
0.028
0.03
0.028
0.03
0.025
0.025
0.022
0.025
0.022
0.021
0.027
0.021
0.035
0.041
0.045
0.056
0.04
0.036
0.042
0.025
0.025
0.03
0.039
0.041
0.038
0.029
0.033
0.035
0.028
0.024
0.022
0.025
0.022
0.022
0.027
0.021
0.029
0.043
0.042
0.047
0.042
0.036
0.03
0.022
0.025
0.043
0.035
0.04
0.045
0.031
0.032
0.04
0.028
0.022
0.033
0.022
0.022
0.022
0.022
0.022
0.033
0.039
0.062
0.05
0.028
0.04
0.028
0.022
0.039
0.035
0.045
0.038
0.033
0.03
0.028
0.029
0.022
0.022
0.027
0.022
0.022
0.022
0.022
0.022
0.039
0.045
0.038
0.034
0.049
0.052
0.022
0.022
0.04
0.035
0.046
0.033
0.028
0.035
0.028
0.029
0.03
0.026
0.024
0.027
0.024
0.024
0.027
0.024
0.037
0.042
0.042
0.04
0.045
0.035
0.032
0.039
0.027
0.043
0.034
0.043
0.079
0.041
0.032
0.035
0.03
0.026
0.024
0.027
0.024
0.024
0.027
0.024
0.037
0.04
0.045
0.047
0.045
0.039
0.039
0.039
0.032
0.046
0.034
0.031
0.084
0.041
0.035
0.032
0.03
0.024
0.024
0.027
0.024
0.024
0.027
0.024
0.046
0.043
0.051
0.038
0.041
0.035
0.041
0.039
0.032
0.046
0.031
0.034
0.084
0.041
0.038
0.032
0.032
0.024
0.024
0.024
0.024
0.024
0.027
0.024
0.049
0.043
0.047
0.038
0.035
0.038
0.044
0.045
0.032
0.043
0.026
0.037
0.074
0.044
0.038
0.03
0.03
0.024
0.024
0.024
0.024
0.027
0.026
0.024
0.06
0.047
0.051
0.05
0.048
0.042
0.047
0.062
0.038
0.033
0.028
0.058
0.078
0.048
0.046
0.041
0.028
0.022
0.027
0.022
0.022
0.022
0.022
0.022
0.038
0.071
0.049
0.046
0.049
0.052
0.028
0.034
0.033
0.028
0.028
0.038
0.028
0.035
0.034
0.029
0.045
0.022
0.022
0.022
0.022
0.027
0.022
0.025
0.052
0.071
0.051
0.048
0.056
0.055
0.049
0.041
0.039
0.033
0.081
0.038
0.023
0.033
0.028
0.022
0.034
0.029
0.028
0.028
0.028
0.03
0.029
0.031
0.063
0.047
0.06
0.047
0.044
0.041
0.046
0.047
0.036
0.031
0.032
0.053
0.047
0.038
0.046
0.043
0.031
0.029
0.028
0.028
0.028
0.03
0.029
0.033
0.063
0.047
0.051
0.041
0.056
0.04
0.046
0.048
0.031
0.025
0.036
0.053
0.048
0.043
0.049
0.043
0.031
0.031
0.028
0.028
0.027
0.03
0.026
0.033
0.059
0.043
0.039
0.048
0.052
0.04
0.046
0.048
0.031
0.027
0.041
0.057
0.045
0.043
0.046
0.043
0.029
0.031
0.028
0.027
0.027
0.029
0.026
0.036
0.058
0.046
0.041
0.049
0.052
0.034
0.046
0.049
0.039
0.029
0.041
0.057
0.046
0.034
0.04
0.043
0.029
0.031
0.028
0.027
0.027
0.027
0.026
0.041
0.048
0.043
0.04
0.043
0.037
0.033
0.04
0.032
0.033
0.033
0.039
0.114
0.051
0.029
0.032
0.027
0.045
0.022
0.022
0.027
0.021
0.027
0.021
0.024
0.04
0.071
0.051
0.048
0.035
0.041
0.049
0.041
0.033
0.033
0.079
0.042
0.022
0.027
0.028
0.032
0.045
0.021
0.021
0.027
0.02
0.026
0.02
0.024
0.045
0.057
0.04
0.041
0.035
0.041
0.049
0.051
0.038
0.027
0.08
0.038
0.026
0.022
0.027
0.032
0.022
0.024
0.021
0.021
0.02
0.02
0.02
0.046
0.049
0.041
0.029
0.043
0.036
0.035
0.039
0.032
0.033
0.036
0.04
0.117
0.051
0.048
0.044
0.024
0.022
0.024
0.022
0.021
0.02
0.02
0.024
0.046
0.049
0.041
0.029
0.04
0.023
0.032
0.029
0.03
0.035
0.036
0.04
0.12
0.051
0.046
0.045
0.024
0.021
0.021
0.022
0.021
0.02
0.02
0.024
0.049
0.049
0.038
0.029
0.038
0.023
0.046
0.028
0.03
0.037
0.033
0.043
0.113
0.053
0.05
0.045
0.023
0.024
0.021
0.021
0.021
0.02
0.02
0.026
0.051
0.05
0.037
0.028
0.037
0.026
0.046
0.031
0.053
0.049
0.04
0.043
0.112
0.049
0.05
0.044
0.025
0.024
0.02
0.02
0.02
0.02
0.02
0.026
0.049
0.054
0.043
0.029
0.042
0.039
0.049
0.035
0.053
0.05
0.041
0.04
0.042
0.03
0.05
0.041
0.028
0.027
0.02
0.021
0.026
0.021
0.027
0.021
0.021
0.032
0.05
0.043
0.028
0.033
0.033
0.027
0.048
0.027
0.031
0.031
0.048
0.032
0.022
0.038
0.032
0.032
0.021
0.022
0.022
0.022
0.027
0.022
0.026
0.032
0.05
0.042
0.022
0.033
0.028
0.022
0.049
0.044
0.044
0.039
0.044
0.033
0.028
0.038
0.022
0.024
0.021
0.02
0.02
0.02
0.02
0.026
0.039
0.05
0.097
0.083
0.08
0.104
0.116
0.051
0.07
0.09
0.042
0.036
0.039
0.038
0.047
0.031
0.028
0.024
0.024
0.02
0.02
0.02
0.02
0.023
0.039
0.049
0.099
0.096
0.125
0.104
0.165
0.052
0.08
0.133
0.047
0.065
0.097
0.033
0.047
0.031
0.032
0.024
0.024
0.021
0.021
0.021
0.021
0.023
0.036
0.044
0.111
0.102
0.12
0.106
0.158
0.052
0.08
0.133
0.057
0.064
0.11
0.034
0.049
0.029
0.038
0.024
0.024
0.021
0.021
0.021
0.021
0.02
0.037
0.046
0.111
0.102
0.12
0.107
0.158
0.05
0.05
0.155
0.051
0.093
0.186
0.043
0.047
0.029
0.033
0.024
0.024
0.021
0.021
0.021
0.021
0.025
0.041
0.046
0.109
0.104
0.111
0.096
0.184
0.052
0.06
0.158
0.049
0.093
0.179
0.043
0.048
0.035
0.031
0.027
0.021
0.028
0.022
0.022
0.027
0.022
0.026
0.037
0.037
0.05
0.056
0.033
0.033
0.022
0.028
0.044
0.071
0.046
0.055
0.033
0.028
0.033
0.022
0.027
0.022
0.028
0.022
0.022
0.022
0.022
0.027
0.037
0.044
0.039
0.072
0.044
0.053
0.063
0.073
0.044
0.071
0.046
0.048
0.039
0.028
0.022
0.022
0.024
0.024
0.021
0.021
0.021
0.022
0.026
0.042
0.048
0.061
0.066
0.082
0.037
0.118
0.031
0.041
0.118
0.048
0.091
0.184
0.042
0.032
0.033
0.031
0.025
0.024
0.021
0.021
0.021
0.022
0.026
0.042
0.05
0.064
0.059
0.038
0.038
0.066
0.032
0.111
0.1
0.069
0.06
0.123
0.039
0.032
0.03
0.036
0.028
0.024
0.021
0.021
0.021
0.024
0.026
0.042
0.057
0.051
0.057
0.041
0.039
0.063
0.04
0.111
0.1
0.055
0.057
0.113
0.036
0.034
0.03
0.031
0.027
0.025
0.022
0.022
0.021
0.027
0.026
0.039
0.06
0.054
0.057
0.037
0.038
0.063
0.04
0.111
0.057
0.055
0.027
0.064
0.085
0.087
0.08
0.084
0.059
0.047
0.039
0.039
0.039
0.047
0.039
0.057
0.068
0.064
0.072
0.059
0.048
0.035
0.037
0.104
0.057
0.055
0.092
0.103
0.085
0.084
0.075
0.084
0.022
0.022
0.034
0.022
0.022
0.022
0.022
0.022
0.038
0.056
0.039
0.072
0.044
0.054
0.063
0.067
0.027
0.059
0.04
0.048
0.045
0.04
0.022
0.022
0.022
0.022
0.028
0.022
0.022
0.022
0.028
0.022
0.033
0.071
0.039
0.053
0.047
0.057
0.075
0.073
0.022
0.029
0.033
0.036
0.045
0.045
0.022
0.033
0.062
0.047
0.039
0.039
0.039
0.047
0.039
0.055
0.064
0.06
0.062
0.058
0.045
0.035
0.067
0.106
0.057
0.053
0.092
0.117
0.091
0.093
0.081
0.093
0.062
0.044
0.039
0.039
0.039
0.047
0.039
0.055
0.065
0.062
0.069
0.064
0.057
0.044
0.065
0.03
0.033
0.03
0.092
0.117
0.094
0.093
0.078
0.087
0.059
0.044
0.039
0.039
0.039
0.044
0.039
0.055
0.056
0.066
0.069
0.06
0.057
0.045
0.056
0.033
0.033
0.033
0.089
0.12
0.097
0.084
0.08
0.091
0.056
0.044
0.039
0.039
0.039
0.041
0.045
0.063
0.056
0.071
0.096
0.068
0.057
0.079
0.08
0.058
0.046
0.033
0.095
0.093
0.043
0.031
0.03
0.037
0.025
0.022
0.022
0.022
0.022
0.022
0.028
0.042
0.05
0.053
0.079
0.059
0.052
0.08
0.078
0.058
0.04
0.033
0.067
0.213
0.047
0.036
0.033
0.041
0.022
0.028
0.028
0.022
0.022
0.022
0.028
0.022
0.05
0.071
0.039
0.054
0.048
0.038
0.034
0.035
0.028
0.034
0.027
0.032
0.04
0.046
0.022
0.033
0.028
0.028
0.022
0.028
0.022
0.022
0.028
0.024
0.044
0.068
0.04
0.054
0.063
0.043
0.039
0.067
0.034
0.066
0.039
0.032
0.039
0.034
0.022
0.033
0.022
0.022
0.022
0.022
0.022
0.022
0.028
0.042
0.063
0.053
0.074
0.051
0.053
0.084
0.052
0.061
0.059
0.042
0.073
0.208
0.041
0.03
0.028
0.032
0.022
0.022
0.022
0.022
0.022
0.022
0.031
0.041
0.062
0.045
0.061
0.042
0.04
0.078
0.052
0.06
0.056
0.04
0.093
0.212
0.041
0.03
0.028
0.035
0.022
0.022
0.022
0.022
0.022
0.022
0.031
0.038
0.076
0.052
0.057
0.044
0.037
0.078
0.061
0.057
0.06
0.042
0.093
0.212
0.045
0.03
0.025
0.034
0.022
0.022
0.022
0.022
0.022
0.022
0.025
0.033
0.076
0.044
0.027
0.036
0.049
0.049
0.039
0.03
0.052
0.048
0.091
0.212
0.043
0.03
0.028
0.037
0.022
0.022
0.022
0.022
0.022
0.022
0.025
0.042
0.088
0.047
0.03
0.027
0.042
0.041
0.04
0.03
0.052
0.048
0.058
0.057
0.039
0.025
0.028
0.036
0.028
0.034
0.022
0.028
0.022
0.022
0.022
0.024
0.049
0.049
0.033
0.055
0.063
0.045
0.039
0.078
0.039
0.065
0.038
0.033
0.034
0.034
0.027
0.033
0.028
0.028
0.022
0.028
0.022
0.022
0.022
0.024
0.033
0.05
0.039
0.051
0.063
0.045
0.045
0.078
0.045
0.083
0.046
0.034
0.034
0.034
0.033
0.033
0.028
0.025
0.022
0.022
0.022
0.025
0.025
0.04
0.086
0.05
0.03
0.036
0.041
0.034
0.043
0.026
0.034
0.039
0.057
0.043
0.036
0.042
0.031
0.036
0.028
0.028
0.022
0.022
0.022
0.025
0.022
0.04
0.086
0.05
0.033
0.036
0.044
0.037
0.045
0.033
0.034
0.042
0.039
0.039
0.038
0.048
0.038
0.04
0.028
0.028
0.022
0.025
0.022
0.025
0.022
0.05
0.077
0.045
0.031
0.039
0.046
0.037
0.044
0.043
0.034
0.047
0.044
0.061
0.044
0.052
0.042
0.044
0.032
0.033
0.027
0.029
0.027
0.03
0.026
0.058
0.088
0.046
0.032
0.039
0.149
0.043
0.055
0.05
0.04
0.067
0.049
0.061
0.044
0.052
0.042
0.044
0.032
0.033
0.027
0.029
0.029
0.03
0.026
0.049
0.071
0.042
0.032
0.036
0.152
0.049
0.056
0.051
0.043
0.107
0.049
0.069
0.041
0.059
0.042
0.041
0.022
0.028
0.022
0.04
0.022
0.028
0.022
0.022
0.034
0.065
0.038
0.045
0.052
0.039
0.045
0.039
0.045
0.051
0.04
0.034
0.028
0.034
0.033
0.033
0.022
0.022
0.027
0.04
0.022
0.033
0.029
0.022
0.04
0.065
0.038
0.028
0.047
0.034
0.045
0.022
0.051
0.056
0.073
0.028
0.033
0.034
0.028
0.022
0.03
0.03
0.027
0.029
0.029
0.027
0.026
0.16
0.191
0.096
0.083
0.09
0.212
0.108
0.139
0.084
0.045
0.129
0.068
0.069
0.039
0.042
0.075
0.041
0.03
0.026
0.027
0.029
0.029
0.027
0.028
0.157
0.19
0.099
0.084
0.097
0.215
0.111
0.232
0.08
0.05
0.201
0.07
0.077
0.043
0.043
0.076
0.037
0.034
0.031
0.031
0.031
0.033
0.031
0.032
0.164
0.191
0.121
0.137
0.193
0.216
0.111
0.231
0.073
0.047
0.201
0.066
0.052
0.032
0.042
0.069
0.039
0.029
0.026
0.026
0.026
0.028
0.026
0.031
0.162
0.186
0.119
0.135
0.202
0.104
0.105
0.217
0.073
0.041
0.175
0.06
0.053
0.035
0.042
0.065
0.041
0.029
0.026
0.026
0.026
0.026
0.026
0.031
0.165
0.192
0.187
0.23
0.207
0.103
0.113
0.221
0.095
0.043
0.149
0.067
0.047
0.044
0.071
0.084
0.044
0.021
0.028
0.027
0.04
0.022
0.033
0.029
0.022
0.04
0.063
0.039
0.028
0.061
0.067
0.033
0.021
0.044
0.038
0.072
0.022
0.033
0.04
0.022
0.028
0.027
0.027
0.027
0.021
0.021
0.033
0.029
0.028
0.04
0.046
0.246
0.739
0.629
0.443
0.259
0.06
0.197
0.133
0.073
0.021
0.046
0.044
0.022
0.028
0.027
0.028
0.025
0.025
0.025
0.025
0.031
0.053
0.063
0.136
0.19
0.153
0.066
0.059
0.144
0.061
0.051
0.123
0.057
0.076
0.048
0.071
0.051
0.044
0.038
0.028
0.025
0.028
0.025
0.025
0.028
0.053
0.063
0.137
0.189
0.178
0.111
0.1
0.125
0.19
0.132
0.04
0.076
0.068
0.044
0.062
0.045
0.039
0.043
0.023
0.02
0.023
0.02
0.02
0.023
0.039
0.056
0.111
0.141
0.084
0.11
0.1
0.127
0.196
0.132
0.057
0.073
0.072
0.044
0.059
0.049
0.032
0.038
0.023
0.02
0.023
0.02
0.02
0.024
0.026
0.04
0.188
0.341
0.075
0.111
0.095
0.134
0.227
0.128
0.065
0.078
0.073
0.044
0.059
0.049
0.032
0.038
0.023
0.02
0.023
0.02
0.02
0.024
0.023
0.03
0.124
0.25
0.069
0.124
0.084
0.129
0.208
0.199
0.134
0.075
0.071
0.034
0.023
0.034
0.03
0.042
0.027
0.021
0.021
0.021
0.028
0.021
0.032
0.034
0.04
0.246
0.922
0.629
0.45
0.271
0.085
0.257
0.155
0.045
0.027
0.041
0.047
0.021
0.033
0.046
0.021
0.021
0.021
0.021
0.028
0.021
0.032
0.028
0.035
0.242
0.922
0.615
0.45
0.271
0.121
0.258
0.155
0.041
0.042
0.047
0.045
0.028
0.027
0.04
0.02
0.02
0.023
0.02
0.02
0.125
0.06
0.03
0.129
0.25
0.064
0.106
0.079
0.12
0.208
0.189
0.135
0.081
0.056
0.035
0.02
0.038
0.031
0.03
0.02
0.02
0.02
0.02
0.02
0.126
0.06
0.03
0.131
0.25
0.031
0.06
0.039
0.045
0.077
0.154
0.183
0.059
0.063
0.032
0.021
0.035
0.037
0.028
0.021
0.021
0.021
0.021
0.021
0.126
0.073
0.067
0.131
0.249
0.032
0.058
0.04
0.05
0.072
0.154
0.232
0.077
0.063
0.029
0.022
0.039
0.038
0.028
0.021
0.022
0.022
0.022
0.022
0.123
0.077
0.067
0.057
0.05
0.032
0.055
0.037
0.045
0.054
0.208
0.267
0.075
0.057
0.029
0.022
0.04
0.036
0.028
0.021
0.022
0.022
0.022
0.022
0.123
0.077
0.073
0.059
0.048
0.026
0.037
0.032
0.041
0.049
0.132
0.178
0.066
0.052
0.024
0.017
0.037
0.03
0.023
0.022
0.022
0.03
0.022
0.022
0.022
0.027
0.022
0.036
0.05
0.232
0.056
0.096
0.079
0.138
0.177
0.055
0.044
0.042
0.086
0.048
0.03
0.06
0.047
0.027
0.022
0.03
0.022
0.022
0.022
0.022
0.037
0.036
0.05
0.049
0.056
0.066
0.061
0.138
0.131
0.022
0.044
0.042
0.086
0.037
0.03
0.054
0.029
0.02
0.017
0.017
0.017
0.017
0.017
0.039
0.068
0.053
0.053
0.023
0.031
0.03
0.035
0.049
0.142
0.176
0.144
0.034
0.014
0.014
0.03
0.025
0.019
0.014
0.014
0.011
0.011
0.011
0.014
0.033
0.065
0.047
0.047
0.021
0.023
0.022
0.023
0.047
0.09
0.132
0.158
0.026
0.012
0.009
0.025
0.019
0.01
0.009
0.009
0.006
0.006
0.006
0.009
0.012
0.031
0.049
0.037
0.018
0.017
0.017
0.012
0.048
0.169
0.255
0.149
0.021
0.009
0.003
0.036
0.013
0.005
0.007
0.006
0.0
0.0
0.0
0.003
0.003
0.028
0.049
0.041
0.022
0.017
0.02
0.01
0.099
0.113
0.293
0.167
0.02
0.018
0.007
0.033
0.016
0.002
0.007
0.006
0.0
0.0
0.0
0.003
0.0
0.024
0.039
0.041
0.116
0.032
0.051
0.093
0.206
0.273
0.294
0.167
0.023
0.018
0.009
0.036
0.022
0.004
0.027
0.019
0.025
0.011
0.011
0.011
0.011
0.037
0.033
0.039
0.049
0.038
0.033
0.062
0.075
0.05
0.108
0.046
0.031
0.09
0.087
0.045
0.062
0.03
0.041
0.013
0.007
0.0
0.006
0.0
0.0
0.026
0.027
0.014
0.044
0.006
0.007
0.083
0.15
0.155
0.177
0.039
0.02
0.035
0.081
0.04
0.018
0.012
0.006
0.009
0.003
0.003
0.003
0.006
0.003
0.02
0.038
0.026
0.11
0.031
0.047
0.102
0.23
0.34
0.326
0.075
0.022
0.045
0.02
0.03
0.022
0.005
0.009
0.006
0.003
0.003
0.003
0.003
0.003
0.02
0.035
0.026
0.11
0.034
0.043
0.102
0.23
0.346
0.375
0.059
0.016
0.044
0.02
0.03
0.021
0.005
0.012
0.009
0.005
0.003
0.003
0.003
0.003
0.016
0.024
0.026
0.107
0.031
0.04
0.099
0.224
0.268
0.187
0.052
0.012
0.041
0.048
0.012
0.021
0.012
0.011
0.006
0.005
0.003
0.003
0.003
0.006
0.022
0.024
0.023
0.11
0.034
0.046
0.099
0.148
0.265
0.104
0.034
0.013
0.032
0.044
0.009
0.021
0.012
0.012
0.006
0.005
0.003
0.003
0.003
0.006
0.018
0.024
0.018
0.015
0.017
0.016
0.017
0.048
0.106
0.144
0.021
0.01
0.03
0.042
0.01
0.012
0.013
0.026
0.014
0.007
0.0
0.006
0.0
0.0
0.0
0.017
0.044
0.355
0.169
0.062
0.083
0.157
0.201
0.177
0.049
0.012
0.034
0.081
0.04
0.018
0.012
0.026
0.012
0.0
0.0
0.006
0.0
0.0
0.0
0.017
0.044
0.342
0.163
0.055
0.083
0.401
0.354
0.477
0.048
0.024
0.013
0.037
0.012
0.006
0.006
0.012
0.003
0.003
0.0
0.0
0.0
0.003
0.016
0.022
0.023
0.02
0.019
0.017
0.017
0.023
0.027
0.202
0.107
0.023
0.006
0.028
0.01
0.012
0.01
0.381
0.372
0.37
0.368
0.37
0.369
0.368
0.378
0.074
0.192
0.067
0.016
0.017
0.095
0.123
0.035
0.159
0.319
0.23
0.223
0.234
0.216
0.212
0.219
0.586
0.572
0.572
0.57
0.574
0.574
0.571
0.581
0.281
0.397
0.286
0.213
0.227
0.301
0.329
0.235
0.411
0.515
0.438
0.433
0.414
0.417
0.418
0.419
0.787
0.776
0.78
0.771
0.777
0.774
0.769
0.777
0.486
0.596
0.48
0.416
0.422
0.503
0.528
0.437
0.6
0.721
0.644
0.639
0.619
0.63
0.624
0.627
0.985
0.978
0.983
0.978
0.982
0.978
0.976
0.972
0.691
0.787
0.677
0.611
0.617
0.7
0.717
0.638
0.767
0.839
0.837
0.843
0.827
0.84
0.831
0.831
0.0
0.007
0.0
0.0
0.0
0.0
0.0
0.001
0.012
0.037
1.052
0.97
0.829
0.799
1.103
0.983
1.167
0.792
0.779
0.775
0.76
0.755
0.757
0.749
0.415
0.412
0.412
0.41
0.412
0.413
0.411
0.411
0.419
0.42
1.136
1.214
1.179
1.201
1.266
1.196
1.248
1.178
1.186
1.179
1.165
1.174
1.173
1.152
0.989
0.985
0.986
0.985
0.985
0.985
0.981
0.98
0.842
0.826
0.832
0.809
0.816
0.825
0.819
0.82
0.881
0.839
0.844
0.843
0.827
0.84
0.833
0.831
0.824
0.824
0.83
0.825
0.823
0.825
0.823
0.824
0.847
0.834
0.838
0.814
0.817
0.895
0.851
0.82
0.881
0.828
0.843
0.831
0.828
0.843
0.833
0.826
0.819
0.825
0.83
0.825
0.823
0.821
0.822
0.825
0.85
0.839
0.822
0.817
0.806
0.896
0.847
0.819
0.827
0.826
0.839
0.829
0.827
0.841
0.829
0.822
0.822
0.825
0.826
0.825
0.822
0.821
0.822
0.821
0.957
0.837
0.82
0.81
0.801
0.923
0.844
0.814
0.868
0.863
0.836
0.829
0.864
0.832
0.932
0.815
0.842
0.844
0.826
0.82
0.821
0.82
0.816
0.882
0.998
0.868
0.863
0.864
0.803
0.92
0.873
0.83
0.902
0.861
0.894
0.871
0.861
0.842
0.933
0.811
0.826
0.823
0.823
0.817
0.814
0.816
0.817
0.816
0.831
0.823
1.137
1.221
1.201
1.207
1.266
1.196
1.248
1.18
1.186
1.189
1.165
1.174
1.173
1.171
0.826
0.823
0.823
0.817
0.821
0.823
0.818
0.817
0.831
0.958
0.867
0.927
0.832
0.905
0.841
0.88
0.909
0.999
0.845
0.843
0.846
0.867
0.947
0.836
0.839
0.863
0.852
0.814
0.815
0.814
0.811
0.878
1.018
0.915
0.933
0.896
0.799
0.944
0.87
0.827
0.918
0.902
0.886
0.896
0.861
0.868
0.96
0.809
0.834
0.859
0.845
0.81
0.807
0.806
0.806
0.911
1.018
0.985
0.992
0.924
0.799
0.927
0.888
0.877
0.951
0.981
0.894
0.896
0.894
0.862
0.958
0.81
0.835
0.859
0.843
0.811
0.841
0.809
0.806
0.907
1.055
1.016
1.045
0.919
0.797
0.961
0.994
1.147
0.951
0.981
0.89
0.893
0.892
0.863
0.959
0.81
0.831
0.858
0.891
0.811
0.842
0.813
0.807
0.907
0.941
1.016
1.055
0.923
0.797
0.926
0.994
1.151
0.864
0.9
0.687
0.82
0.853
0.862
0.852
0.81
0.812
0.839
0.891
0.809
0.839
0.809
0.807
0.847
0.886
0.985
1.055
0.866
0.702
0.902
0.965
1.127
0.776
0.698
0.428
0.571
0.65
0.645
0.645
0.614
0.818
0.821
0.818
0.817
0.817
0.814
0.942
0.962
1.061
0.941
0.867
1.006
0.829
1.016
0.829
0.878
0.971
0.999
0.927
0.839
0.836
0.86
0.942
0.835
0.831
0.819
0.816
0.827
0.817
0.811
0.942
0.962
1.051
0.946
0.869
1.006
0.808
1.016
0.829
0.873
0.954
0.993
0.926
0.825
0.832
0.851
0.934
0.812
0.613
0.611
0.662
0.612
0.638
0.608
0.605
0.648
0.673
0.735
0.789
0.631
0.512
0.702
1.044
1.199
0.756
0.655
0.428
0.548
0.65
0.624
0.618
0.613
0.614
0.612
0.662
0.611
0.646
0.609
0.608
0.616
0.674
0.658
0.724
0.603
0.516
0.652
0.997
1.148
0.749
0.577
0.417
0.548
0.614
0.629
0.621
0.612
0.614
0.614
0.662
0.611
0.621
0.611
0.608
0.615
0.631
0.622
0.661
0.605
0.529
0.618
0.894
0.882
0.799
0.616
0.621
0.62
0.615
0.636
0.622
0.618
0.615
0.612
0.611
0.923
0.925
0.899
0.892
0.889
0.436
0.428
0.406
0.404
0.423
0.445
0.765
0.828
0.843
0.816
0.818
0.821
0.816
0.834
0.825
0.812
0.815
0.814
0.811
1.124
1.128
1.103
1.096
1.091
0.619
0.621
0.607
0.604
0.627
0.642
0.893
0.877
0.844
0.821
0.819
0.823
0.819
0.834
0.828
0.816
0.83
0.822
0.816
0.827
0.814
0.807
0.942
0.961
1.051
0.823
0.819
0.899
0.806
0.983
0.829
0.831
0.951
0.826
0.926
0.821
0.827
0.819
0.823
0.812
0.837
0.824
0.823
0.823
0.812
0.813
0.813
0.812
0.815
0.841
0.837
0.808
0.808
0.866
0.828
0.831
0.821
0.826
0.823
0.816
0.827
0.819
0.82
0.815
0.817
0.817
0.816
1.126
1.13
1.106
1.099
1.091
0.815
0.817
0.8
0.803
0.82
0.819
0.814
0.808
0.843
0.821
0.819
0.823
0.821
0.831
0.827
0.821
0.818
0.818
0.819
1.13
1.126
1.107
1.102
1.086
0.818
0.828
0.823
0.825
0.825
0.819
0.815
1.042
0.967
0.83
0.828
0.828
0.827
0.827
0.849
0.86
0.862
0.853
0.854
1.162
1.165
1.155
1.131
1.162
0.959
0.967
0.887
0.831
0.825
0.826
0.821
1.049
0.971
0.852
0.842
0.834
0.832
0.821
0.856
0.858
0.863
0.854
0.855
0.852
0.864
0.872
0.852
0.891
0.962
0.967
0.887
0.84
0.825
0.826
0.821
1.049
0.971
1.014
0.929
1.016
1.018
1.009
1.035
1.034
1.036
1.018
0.944
0.912
0.923
0.927
0.902
0.945
0.983
0.982
0.903
0.871
0.91
0.866
0.843
1.067
1.038
1.073
0.929
1.031
1.034
1.035
1.045
1.048
