0.0
0.0
0.0
0.0
0.0
0.0
0.0
0.0
0.0
0.0
0.0
0.0
0.0
0.0
0.0
0.0
0.0
0.0
0.0
0.0
0.0
0.0
0.0
0.0
0.0
0.0
0.0
0.0
0.0
0.0
0.0
0.0
0.0
0.0
0.0
0.0
0.0
0.0
0.0
0.0
0.0
0.0
0.0
0.0
0.0
0.0
0.0
0.0
0.0
0.0
0.0
0.0
0.0
0.0
0.0
0.0
0.0
0.0
0.0
0.0
0.0
0.0
0.0
0.0
0.0
0.0
0.0
0.0
0.0
0.0
0.0
0.0
0.0
0.0
0.0
0.0
0.0
0.0
0.0
0.0
0.0
0.0
0.0
0.0
0.0
0.0
0.0
0.0
0.0
0.0
0.0
0.0
0.0
0.0
0.0
0.0
0.0
0.0
0.0
0.0
0.0
0.0
0.0
0.0
0.0
0.0
0.0
0.0
0.0
0.0
0.0
0.0
0.0
0.0
0.0
0.0
0.0
0.0
0.0
0.0
0.0
0.0
0.0
0.0
0.0
0.0
0.0
0.0
0.0
0.0
0.0
0.0
0.0
0.0
0.0
0.0
0.0
0.0
0.0
0.0
0.0
0.0
0.0
0.0
0.0
0.0
0.0
0.0
0.0
0.0
0.0
0.0
0.0
0.0
0.0
0.0
0.0
0.0
0.0
0.0
0.0
0.0
0.0
0.0
0.0
0.0
0.0
0.0
0.0
0.0
0.0
0.0
0.0
0.0
0.0
0.0
0.0
0.0
0.0
0.0
0.0
0.0
0.0
0.0
0.0
0.0
0.0
0.0
0.0
0.0
0.0
0.0
0.0
0.0
0.0
0.0
0.0
0.0
0.0
0.0
0.0
0.0
0.0
0.0
0.0
0.0
0.0
0.0
0.0
0.0
0.0
0.0
0.0
0.0
0.0
0.0
0.0
0.0
0.0
0.0
0.0
0.0
0.0
0.0
0.0
0.0
0.0
0.0
0.0
0.0
0.0
0.0
0.0
0.0
0.0
0.0
0.0
0.0
0.0
0.0
0.0
0.0
0.0
0.0
0.0
0.0
0.0
0.0
0.0
0.0
0.0
0.0
0.0
0.0
0.0
0.0
0.0
0.0
0.0
0.0
0.0
0.0
0.0
0.0
0.0
0.0
0.0
0.0
0.0
0.0
0.0
0.0
0.0
0.0
0.0
0.0
0.0
0.0
0.0
0.0
0.0
0.0
0.0
0.0
0.0
0.0
0.0
0.0
0.0
0.0
0.0
0.0
0.0
0.0
0.0
0.0
0.0
0.0
0.0
0.0
0.0
0.0
0.0
0.0
0.0
0.0
0.0
0.0
0.0
0.0
0.0
0.0
0.0
0.0
0.0
0.0
0.0
0.0
0.0
0.0
0.0
0.0
0.0
0.0
0.0
0.0
0.0
0.0
0.0
0.0
0.0
0.0
0.0
0.0
0.0
0.0
0.0
0.0
0.0
0.0
0.0
0.0
0.0
0.0
0.0
0.0
0.0
0.0
0.0
0.0
0.0
0.0
0.0
0.0
0.0
0.0
0.0
0.0
0.0
0.0
0.0
0.0
0.0
0.0
0.0
0.0
0.0
0.0
0.0
0.0
0.0
0.0
0.0
0.0
0.0
0.0
0.0
0.0
0.0
0.0
0.0
0.0
0.0
0.0
0.0
0.0
0.0
0.0
0.0
0.0
0.0
0.0
0.0
0.0
0.0
0.0
0.0
0.0
0.0
0.0
0.0
0.0
0.0
0.0
0.0
0.0
0.0
0.0
0.0
0.0
0.0
0.0
0.0
0.0
0.0
0.0
0.0
0.0
0.0
0.0
0.0
0.0
0.0
0.0
0.0
0.0
0.0
0.0
0.0
0.0
0.0
0.0
0.0
0.0
0.0
0.0
0.0
0.0
0.0
0.0
0.0
0.0
0.0
0.0
0.0
0.0
0.0
0.0
0.0
0.0
0.0
0.0
0.0
0.0
0.0
0.0
0.0
0.0
0.0
0.0
0.0
0.0
0.0
0.0
0.0
0.0
0.0
0.0
0.0
0.0
0.0
0.0
0.0
0.0
0.0
0.0
0.0
0.0
0.0
0.0
0.0
0.0
0.0
0.0
0.0
0.0
0.0
0.0
0.0
0.0
0.0
0.0
0.0
0.0
0.0
0.0
0.0
0.0
0.0
0.0
0.0
0.0
0.0
0.0
0.0
0.0
0.0
0.0
0.0
0.0
0.0
0.0
0.0
0.0
0.0
0.0
0.0
0.0
0.0
0.0
0.0
0.0
0.0
0.0
0.0
0.0
0.0
0.0
0.0
0.0
0.0
0.0
0.0
0.0
0.0
0.0
0.0
0.0
0.0
0.0
0.0
0.0
0.0
0.0
0.0
0.0
0.0
0.0
0.0
0.0
0.0
0.0
0.0
0.0
0.0
0.0
0.0
0.0
0.0
0.0
0.0
0.0
0.0
0.0
0.0
0.0
0.0
0.0
0.0
0.0
0.0
0.0
0.0
0.0
0.0
0.0
0.0
0.0
0.0
0.0
0.0
0.0
0.0
0.0
0.0
0.0
0.0
0.0
0.0
0.0
0.0
0.0
0.0
0.0
0.0
0.0
0.0
0.0
0.0
0.0
0.0
0.0
0.0
0.0
0.0
0.0
0.0
0.0
0.0
0.0
0.0
0.0
0.0
0.0
0.0
0.0
0.0
0.0
0.0
0.0
0.0
0.0
0.0
0.0
0.0
0.0
0.0
0.0
0.0
0.0
0.0
0.0
0.0
0.0
0.0
0.0
0.0
0.0
0.0
0.0
0.0
0.0
0.0
0.0
0.0
0.0
0.0
0.0
0.0
0.0
0.0
0.0
0.0
0.0
0.0
0.0
0.0
0.0
0.0
0.0
0.0
0.0
0.0
0.0
0.0
0.0
0.0
0.0
0.0
0.0
0.0
0.0
0.0
0.0
0.0
0.0
0.0
0.0
0.0
0.0
0.0
0.0
0.0
0.0
0.0
0.0
0.0
0.0
0.0
0.0
0.0
0.0
0.0
0.0
0.0
0.0
0.0
0.0
0.0
0.0
0.0
0.0
0.0
0.0
0.0
0.0
0.0
0.0
0.0
0.0
0.0
0.0
0.0
0.0
0.0
0.0
0.0
0.0
0.0
0.0
0.0
0.0
0.0
0.0
0.0
0.0
0.0
0.0
0.0
0.0
0.0
0.0
0.0
0.0
0.0
0.0
0.0
0.0
0.0
0.0
0.0
0.0
0.0
0.0
0.0
0.0
0.0
0.0
0.0
0.0
0.0
0.0
0.0
0.0
0.0
0.0
0.0
0.0
0.0
0.0
0.0
0.0
0.0
0.0
0.0
0.0
0.0
0.0
0.0
0.0
0.0
0.0
0.0
0.0
0.0
0.0
0.0
0.0
0.0
0.0
0.0
0.0
0.0
0.0
0.0
0.0
0.0
0.0
0.0
0.0
0.0
0.0
0.0
0.0
0.0
0.0
0.0
0.0
0.0
0.0
0.0
0.0
0.0
0.0
0.0
0.0
0.0
0.0
0.0
0.0
0.0
0.0
0.0
0.0
0.0
0.0
0.0
0.0
0.0
0.0
0.0
0.0
0.0
0.0
0.0
0.0
0.0
0.0
0.0
0.0
0.0
0.0
0.0
0.0
0.0
0.0
0.0
0.0
0.0
0.0
0.0
0.713
0.697
0.697
0.722
0.628
1.109
1.745
1.286
2.511
2.068
0.916
0.884
1.403
2.233
4.462
1.192
1.426
4.579
1.961
1.554
1.902
1.772
1.166
0.886
0.713
0.738
0.689
0.75
0.618
1.092
1.107
1.87
2.492
2.503
1.372
1.319
1.336
2.071
3.979
1.322
1.358
2.712
1.352
1.415
2.024
1.963
1.334
0.961
0.71
0.788
0.665
0.75
0.667
1.12
1.167
2.34
3.138
2.892
1.394
1.401
1.359
1.522
3.513
1.301
1.219
2.418
2.045
2.045
2.386
2.062
1.532
0.97
0.745
0.76
0.719
0.726
0.658
0.66
0.656
2.456
3.341
2.921
1.387
1.401
1.359
1.034
2.093
1.235
1.231
1.595
1.85
1.975
2.406
2.04
1.646
1.336
0.828
0.69
0.674
0.8
0.555
0.702
0.519
0.519
2.5
5.011
0.891
1.446
1.246
0.777
0.575
0.506
1.05
5.523
3.578
3.07
1.493
1.696
1.518
1.336
0.828
0.615
0.746
0.657
0.603
0.579
0.516
0.649
4.704
3.981
0.957
1.545
1.172
0.552
0.521
0.501
1.253
5.41
3.921
3.409
2.498
1.858
1.518
0.97
0.771
0.746
0.721
0.724
0.681
0.662
0.65
2.254
2.571
3.271
1.342
1.237
1.12
1.008
2.047
1.245
1.24
1.595
1.797
1.951
2.406
2.024
1.725
0.822
0.777
0.735
0.741
0.712
0.681
0.732
0.664
2.254
2.136
2.804
1.412
1.138
0.79
0.969
2.051
1.253
1.057
1.773
1.83
1.979
2.393
2.137
1.725
0.752
0.778
0.7
0.741
0.707
0.692
0.715
0.615
1.279
2.136
2.527
1.048
0.699
0.815
0.666
0.608
0.732
1.064
1.855
1.85
2.693
2.235
2.057
1.728
0.698
0.778
0.671
0.734
0.704
0.687
0.726
0.62
0.903
1.542
2.163
0.8
0.785
0.988
0.661
0.594
0.732
0.889
1.437
1.036
2.013
1.937
2.014
1.593
0.679
0.764
0.671
0.745
0.681
0.708
0.696
1.392
1.638
1.445
2.099
0.794
0.839
0.925
0.611
0.56
0.557
0.815
1.372
0.924
1.859
1.785
1.787
1.539
1.153
0.89
0.597
0.691
0.721
0.603
0.555
0.702
0.777
4.704
3.756
0.928
1.545
1.206
0.578
1.792
1.023
1.383
5.41
3.921
3.409
2.798
1.858
1.301
0.724
0.773
0.635
0.718
0.62
0.649
0.48
0.702
0.836
5.031
1.79
0.708
0.644
0.824
1.634
1.948
1.089
1.211
2.146
4.555
3.836
3.445
1.823
1.396
0.706
0.765
0.707
0.747
0.673
0.714
0.696
1.372
1.534
1.12
1.593
1.309
1.061
1.075
0.611
0.554
0.672
0.89
1.643
0.924
1.864
1.754
1.755
1.425
0.696
0.785
0.701
0.76
0.668
0.73
0.622
1.372
1.64
0.987
1.408
1.658
2.553
1.369
0.603
0.569
0.856
1.035
1.772
1.109
1.988
1.641
1.748
1.527
0.733
0.775
0.663
0.786
0.593
0.762
0.61
1.379
1.692
0.988
1.983
1.544
2.629
1.843
0.527
0.545
1.202
1.683
2.637
1.635
1.894
1.884
1.885
1.362
0.697
0.775
0.678
0.786
0.624
0.747
0.621
1.346
1.742
0.988
2.015
1.564
2.44
1.753
0.741
0.696
1.458
2.093
2.492
1.9
2.19
1.846
1.975
1.362
0.69
0.773
0.678
0.745
0.651
0.742
0.576
0.695
1.272
1.608
2.119
1.564
2.394
2.123
0.83
0.734
1.458
2.093
2.601
2.102
2.606
2.117
2.114
1.445
0.779
0.773
0.61
0.702
0.668
0.55
0.537
0.633
0.836
2.303
1.156
0.457
1.403
1.799
2.907
2.211
2.081
2.079
5.079
2.963
3.621
2.717
2.039
1.74
0.888
0.688
0.659
0.702
0.698
0.719
1.029
0.63
1.428
2.963
1.156
0.547
1.434
1.589
2.907
1.138
1.646
1.731
4.95
2.963
3.621
2.717
2.039
1.74
0.686
0.756
0.626
0.732
0.675
0.719
0.558
0.693
1.272
1.558
2.119
1.098
2.271
2.123
0.953
0.77
1.386
2.13
2.44
2.102
2.606
2.364
2.114
1.19
0.715
0.678
0.683
0.702
0.667
0.701
0.638
0.662
1.286
2.108
1.65
0.878
0.88
2.073
0.977
0.771
1.205
1.936
2.636
3.375
2.663
2.364
2.016
1.035
0.67
0.706
0.689
0.658
0.709
0.643
0.636
0.605
1.629
2.35
0.93
0.978
1.239
1.861
1.129
0.771
0.805
1.283
2.402
3.321
2.269
2.295
1.922
0.992
0.695
0.699
0.665
0.666
0.69
0.629
0.644
0.629
1.533
2.35
0.929
1.026
1.352
1.801
0.92
0.609
0.565
0.917
3.353
3.188
2.822
2.243
2.008
1.263
0.799
0.668
0.699
0.647
0.681
0.649
0.677
0.527
1.188
1.567
1.015
1.313
1.98
1.91
0.946
0.544
0.669
2.098
3.935
3.131
2.482
1.974
1.888
1.223
0.888
0.615
0.59
0.64
0.698
0.648
1.029
1.011
1.755
1.563
0.59
0.547
1.434
1.58
1.863
1.072
1.832
3.002
7.778
2.125
1.98
2.068
2.03
1.303
0.665
0.612
0.636
0.604
0.64
0.709
1.088
1.011
2.319
3.998
0.587
0.544
0.998
0.525
0.547
0.597
0.836
1.915
3.596
1.205
1.247
1.724
1.668
0.851
0.827
0.621
0.706
0.64
0.707
0.624
0.677
0.582
1.188
2.398
1.03
1.384
1.971
1.91
0.814
0.473
0.681
1.978
4.931
4.308
2.675
1.772
2.1
1.445
0.826
0.621
0.722
0.64
0.708
0.63
0.645
0.622
1.126
1.839
0.993
1.293
1.919
1.97
1.58
0.477
0.671
2.673
4.931
3.048
2.702
2.085
1.972
1.379
0.826
0.598
0.722
0.64
0.703
0.642
0.66
0.622
0.853
1.796
1.015
1.257
1.51
1.635
1.922
0.53
0.695
2.733
4.513
2.544
2.624
2.167
1.984
1.392
0.828
0.612
0.714
0.656
0.676
0.653
0.631
0.639
1.231
2.517
0.988
1.292
1.476
1.53
1.922
0.522
0.701
2.602
4.312
3.149
2.323
2.36
1.88
1.176
0.742
0.6
0.71
0.676
0.682
0.627
0.635
0.738
1.22
2.594
0.942
1.685
1.068
1.106
1.878
0.622
0.541
1.413
3.869
3.426
2.411
2.472
2.194
1.221
0.79
0.688
0.666
0.576
0.597
0.64
0.677
0.916
2.062
3.075
0.892
2.121
2.968
0.905
0.547
0.666
0.836
1.912
3.596
0.879
1.406
1.82
1.745
0.898
0.887
0.688
0.666
0.661
0.673
0.654
0.677
0.702
1.792
3.192
0.892
2.115
2.968
0.905
0.638
0.68
1.271
3.478
3.192
3.609
2.36
2.154
1.836
0.959
0.708
0.62
0.716
0.694
0.665
0.618
0.663
0.714
1.208
1.822
0.942
1.728
1.095
1.567
2.462
0.734
0.541
1.439
2.581
2.228
2.403
2.472
2.087
0.973
0.717
0.629
0.672
0.713
0.653
0.629
0.644
0.706
1.175
1.822
0.969
2.038
0.986
1.402
1.694
0.698
0.558
0.761
2.684
2.304
2.471
2.203
2.087
0.994
0.718
0.642
0.66
0.739
0.613
0.629
0.683
0.902
1.875
1.66
0.918
2.038
0.99
1.402
1.181
0.642
0.565
0.649
2.346
2.424
2.542
2.11
2.025
1.007
0.676
0.68
0.654
0.734
0.643
0.637
0.701
0.848
1.575
0.892
0.933
1.923
0.916
1.373
1.229
0.636
0.565
0.754
1.676
1.81
2.316
2.115
2.141
1.045
0.679
0.683
0.643
0.733
0.656
0.613
0.719
0.757
1.655
1.454
0.968
1.193
0.621
1.203
1.194
0.593
0.581
0.86
2.53
1.943
2.379
2.002
1.978
0.999
0.887
0.689
0.655
0.722
0.673
0.654
0.625
0.719
1.065
0.763
0.801
2.27
2.502
0.781
0.602
0.68
1.138
3.466
4.297
6.104
4.154
3.041
1.836
1.326
0.71
0.653
0.726
0.722
0.671
0.682
0.623
0.809
1.065
0.796
0.52
0.663
0.425
0.408
0.617
0.675
1.27
4.442
5.977
6.104
4.154
3.041
1.75
1.485
0.67
0.717
0.636
0.729
0.644
0.672
0.687
0.757
1.737
1.402
1.342
1.136
0.564
0.868
0.632
0.692
0.661
0.845
2.626
2.568
2.503
2.002
1.862
1.039
0.649
0.717
0.686
0.697
0.639
0.707
0.688
0.771
1.761
1.395
1.608
1.154
1.387
1.418
1.54
0.834
0.633
0.776
2.45
2.65
2.528
2.028
1.862
1.039
0.652
0.674
0.737
0.65
0.651
0.729
0.657
0.579
1.037
1.395
1.608
1.148
1.387
1.418
1.517
1.823
1.436
0.99
3.167
3.864
2.528
1.948
1.868
1.026
0.651
0.687
0.727
0.668
0.638
0.74
0.635
0.629
0.983
1.878
1.869
1.226
1.365
1.372
1.431
1.823
1.455
0.896
3.847
3.939
2.427
1.892
1.892
1.093
0.648
0.69
0.749
0.663
0.619
0.744
0.621
0.587
0.975
1.183
1.715
1.186
1.622
1.604
1.675
2.142
1.738
1.078
3.161
4.681
2.508
1.938
2.079
1.12
0.605
0.72
0.731
0.688
0.696
0.677
0.623
0.757
1.03
1.346
2.361
2.717
0.911
0.407
0.579
0.522
0.555
1.59
4.659
3.943
3.958
2.9
1.709
1.485
0.667
0.709
0.778
0.568
0.775
0.677
0.594
0.702
0.987
2.135
3.351
2.595
0.924
0.409
0.744
0.719
0.591
3.029
6.772
1.908
2.312
1.856
1.738
1.743
0.689
0.678
0.745
0.663
0.651
0.728
0.633
0.669
1.516
1.31
1.788
1.128
1.561
1.635
1.951
2.323
1.852
1.286
3.161
4.307
2.21
1.938
2.167
1.184
0.651
0.686
0.737
0.653
0.662
0.686
0.681
0.632
1.498
1.349
1.51
0.894
0.954
1.485
1.17
2.331
1.852
1.286
3.014
4.376
2.101
1.913
2.462
1.614
0.622
0.736
0.675
0.67
0.669
0.682
0.655
0.723
1.463
1.443
1.731
1.223
0.952
1.753
1.433
1.53
1.172
1.266
2.41
2.985
2.143
2.014
2.532
1.668
0.67
0.681
0.691
0.65
0.697
0.651
0.675
0.682
1.499
1.069
1.361
1.235
1.033
2.017
1.433
1.963
1.593
2.132
3.186
3.108
2.465
1.996
2.484
1.728
0.675
0.69
0.667
0.618
0.697
0.644
0.649
0.717
1.483
1.14
1.39
1.235
0.725
1.914
1.123
1.734
1.319
1.798
2.683
1.841
2.438
2.564
2.32
1.621
1.003
0.716
0.669
0.688
0.775
0.645
0.584
0.643
0.744
2.135
3.351
2.634
1.049
0.896
0.744
0.658
0.516
2.373
6.41
3.264
4.618
2.08
1.738
1.776
1.013
0.664
0.716
0.696
0.758
0.62
0.65
0.701
1.06
2.254
2.734
0.544
0.594
0.911
0.728
0.751
0.756
2.373
6.41
4.717
4.503
2.067
1.765
1.833
0.668
0.674
0.655
0.609
0.682
0.679
0.632
0.682
0.996
1.18
1.101
1.464
0.849
2.04
0.88
1.38
1.198
1.742
2.928
1.897
2.438
2.564
2.279
1.632
0.691
0.656
0.642
0.616
0.708
0.66
0.603
0.697
1.058
1.282
1.445
1.432
0.668
1.755
0.726
1.282
1.198
1.815
3.187
1.821
2.422
2.681
1.987
1.218
0.691
0.633
0.662
0.601
0.698
0.63
0.65
0.778
1.531
1.557
1.201
1.118
0.668
1.521
0.605
1.133
1.207
1.955
3.258
2.297
2.531
2.613
1.908
1.059
0.645
0.686
0.667
0.601
0.667
0.674
0.664
0.778
1.581
1.557
1.788
1.38
0.63
1.254
0.694
0.874
0.96
1.318
1.987
2.183
3.103
2.593
1.958
0.984
0.629
0.695
0.687
0.621
0.659
0.698
0.664
0.783
1.602
1.535
1.88
1.43
0.642
1.254
0.694
0.879
1.249
1.641
2.158
2.671
2.968
1.976
1.992
1.026
1.013
0.66
0.749
0.696
0.708
0.637
0.682
0.701
0.791
1.635
2.035
0.544
0.665
0.911
0.533
0.551
0.803
0.908
5.69
5.432
6.429
2.184
1.743
1.422
0.875
0.674
0.749
0.596
0.708
0.624
0.716
0.762
1.391
2.994
2.035
0.421
0.52
0.393
0.533
0.51
0.803
0.497
5.292
5.199
4.367
2.062
1.743
1.265
0.603
0.717
0.687
0.634
0.639
0.695
0.693
0.769
1.601
1.815
2.425
1.747
0.709
1.184
0.709
0.863
1.162
1.954
2.206
2.671
2.968
2.011
1.992
1.135
0.565
0.717
0.667
0.618
0.582
0.695
0.671
0.756
1.588
1.73
1.97
1.525
0.663
0.969
0.703
0.824
1.162
1.954
2.206
2.565
2.825
1.867
1.956
1.129
0.506
0.671
0.58
0.608
0.538
0.654
0.582
0.539
1.048
1.342
1.97
1.517
0.706
0.861
0.594
0.966
1.191
1.8
2.037
2.176
2.911
1.976
1.997
1.398
0.483
0.679
0.571
0.621
0.514
0.675
0.55
0.559
0.967
1.733
1.526
1.423
1.029
0.808
0.525
0.645
1.142
1.824
2.737
2.673
2.86
1.984
2.04
1.58
0.529
0.664
0.54
0.634
0.546
0.643
0.558
0.554
0.933
1.701
1.527
2.079
1.52
0.98
0.84
0.663
1.012
1.634
3.628
2.582
2.922
2.03
1.977
1.67
0.832
0.674
0.712
0.54
0.668
0.624
0.716
0.647
1.218
2.473
0.936
0.432
0.52
0.369
0.499
0.381
0.574
0.379
3.08
3.383
3.559
1.37
1.111
0.815
1.09
0.624
0.711
0.581
0.609
0.686
0.68
0.687
1.218
2.604
0.916
0.667
0.421
0.416
0.533
0.381
0.57
0.599
0.955
2.389
1.733
1.371
1.198
1.178
0.971
0.624
0.558
0.629
0.592
0.587
0.577
0.536
0.968
2.45
1.024
1.471
1.307
0.812
0.836
0.707
1.102
1.336
3.696
2.329
2.805
1.847
1.929
1.695
0.559
0.668
0.628
0.663
0.663
0.607
0.663
0.594
0.968
2.45
1.24
1.777
1.387
1.255
0.943
1.249
1.102
1.336
3.696
3.618
3.418
2.966
2.098
1.695
0.648
0.678
0.64
0.663
0.693
0.668
0.663
0.651
0.928
2.566
1.24
2.0
1.464
1.255
0.959
1.543
0.966
1.256
3.999
4.055
3.351
3.0
2.088
1.751
0.766
0.676
0.626
0.68
0.693
0.654
0.654
0.686
0.863
2.135
1.976
2.26
1.623
1.729
1.106
1.543
0.839
1.043
3.145
3.349
2.274
2.802
2.029
1.661
0.842
0.661
0.637
0.699
0.691
0.64
0.699
0.672
0.764
2.185
2.023
1.709
1.215
1.553
0.819
1.516
0.631
1.117
2.875
3.542
2.373
2.953
2.107
1.758
0.859
0.637
0.716
0.62
0.584
0.745
0.64
0.54
0.97
1.222
1.007
0.704
0.469
0.715
2.138
0.593
0.807
2.453
4.679
3.515
2.647
1.995
1.778
1.675
0.971
0.724
0.716
0.709
0.617
0.745
0.64
0.669
0.95
1.262
1.128
0.736
0.486
0.744
2.208
0.771
1.127
2.711
4.825
3.515
2.647
1.995
2.036
1.9
1.241
0.661
0.659
0.689
0.666
0.695
0.675
0.672
0.668
1.08
2.686
1.709
1.273
1.559
1.112
1.515
0.637
1.067
2.591
3.706
2.758
3.125
2.139
1.732
0.936
0.631
0.7
0.687
0.631
0.722
0.65
0.674
0.652
1.13
2.617
1.633
1.409
1.419
1.125
1.054
0.781
1.201
2.877
2.85
2.493
2.636
2.402
1.868
1.019
0.628
0.672
0.735
0.605
0.692
0.702
0.647
0.661
1.121
2.66
1.484
1.491
1.557
1.461
0.958
0.886
1.4
2.864
2.977
2.448
2.435
2.374
1.888
1.16
0.623
0.723
0.708
0.606
0.695
0.702
0.605
0.659
1.039
2.238
1.593
1.07
1.095
1.427
0.945
0.9
1.4
3.254
3.23
3.787
2.825
2.492
1.974
1.236
0.638
0.733
0.676
0.591
0.704
0.676
0.608
0.65
0.894
2.264
1.571
1.689
1.432
1.687
1.009
0.961
1.542
3.281
3.162
3.816
2.854
2.458
1.944
1.236
0.798
0.68
0.709
0.693
0.718
0.67
0.683
1.013
1.109
1.327
2.4
0.545
0.912
3.234
1.031
1.336
2.711
4.825
4.216
3.701
2.303
2.081
1.89
1.223
0.902
0.637
0.757
0.693
0.653
0.686
0.683
1.247
1.052
1.327
2.707
0.654
0.692
1.741
1.002
1.336
2.831
1.634
3.459
2.997
2.085
2.081
1.89
1.562
0.681
0.672
0.683
0.588
0.71
0.653
0.608
0.599
0.922
1.498
2.153
1.745
1.434
1.587
1.035
0.845
1.561
3.281
3.162
3.673
2.771
2.356
1.944
1.298
0.754
0.643
0.691
0.606
0.673
0.635
0.62
0.599
0.815
1.463
2.084
1.647
1.397
2.059
1.493
0.69
1.459
3.262
3.222
4.359
2.378
2.005
1.793
1.224
0.76
0.657
0.634
0.606
0.71
0.591
0.646
0.633
0.919
1.317
2.395
1.554
1.371
1.837
1.315
0.53
1.234
3.12
3.166
5.088
2.875
2.054
1.668
1.017
0.752
0.619
0.664
0.58
0.689
0.595
0.676
0.611
1.03
0.956
2.453
1.881
1.479
1.998
1.543
0.675
1.463
2.879
2.969
4.048
2.823
1.973
1.618
0.905
0.752
0.592
0.686
0.595
0.682
0.556
0.698
0.78
1.468
1.28
2.453
1.263
1.143
1.725
1.507
0.717
1.168
2.055
2.906
3.885
2.423
1.808
1.585
0.999
0.902
0.637
0.657
0.655
0.574
0.686
0.57
1.247
0.669
2.238
2.829
0.777
0.904
1.85
1.056
1.074
2.778
1.8
3.628
5.234
4.037
2.149
1.813
1.493
0.801
0.578
0.732
0.549
0.599
0.686
0.573
1.282
1.189
2.197
2.536
0.976
0.701
0.837
0.905
0.863
2.921
1.932
1.6
6.151
4.188
3.314
2.302
1.493
0.712
0.604
0.682
0.615
0.646
0.542
0.699
0.82
1.469
1.237
1.873
1.285
1.273
1.686
1.507
0.723
1.241
2.083
2.823
4.023
2.761
2.795
1.73
0.932
0.614
0.64
0.698
0.592
0.658
0.565
0.722
0.809
1.486
1.305
1.887
1.429
1.388
1.321
1.059
0.995
1.513
2.083
2.62
3.306
2.653
2.846
1.91
1.081
0.612
0.644
0.712
0.575
0.645
0.582
0.71
0.765
1.519
2.009
1.796
1.424
1.316
1.321
0.888
1.006
1.513
2.008
2.784
3.162
2.341
2.856
1.927
1.127
0.576
0.671
0.699
0.61
0.636
0.618
0.694
0.81
1.521
2.016
1.366
1.215
1.321
1.322
0.779
0.944
1.731
2.298
2.983
3.045
2.244
3.707
2.112
1.211
0.616
0.675
0.683
0.592
0.66
0.65
0.683
0.627
1.24
1.65
1.411
1.433
1.592
1.59
0.855
0.854
1.949
2.53
4.237
3.103
3.067
3.839
2.274
1.158
0.566
0.634
0.69
0.575
0.609
0.661
0.61
0.752
1.329
2.197
2.612
1.004
0.664
0.98
1.024
1.357
2.396
2.55
4.834
6.151
5.23
3.314
2.302
1.543
0.592
0.655
0.691
0.591
0.639
0.661
0.691
0.752
1.342
1.209
2.612
1.004
0.436
1.187
2.014
1.578
2.396
2.346
6.568
6.008
4.687
4.047
2.35
1.588
0.645
0.675
0.72
0.591
0.643
0.679
0.679
0.596
1.23
1.668
1.411
1.319
1.408
1.711
0.863
0.897
2.046
2.598
4.22
3.031
2.887
2.995
2.16
1.224
0.645
0.668
0.71
0.608
0.608
0.706
0.633
0.604
1.23
2.089
1.888
1.056
1.044
1.524
0.793
0.646
1.948
2.542
4.372
3.051
3.045
2.995
2.137
1.132
0.643
0.68
0.695
0.608
0.613
0.706
0.63
0.632
1.304
1.443
1.576
0.97
1.049
1.469
0.803
0.799
2.466
2.944
4.972
2.794
3.108
3.362
2.68
1.065
0.65
0.681
0.674
0.63
0.646
0.676
0.63
0.702
1.309
1.443
1.496
0.985
0.957
1.52
0.759
0.759
2.188
2.551
4.628
2.855
3.093
2.533
2.589
1.008
0.624
0.675
0.64
0.67
0.605
0.681
0.602
0.726
1.277
1.929
2.015
0.886
0.859
1.358
0.633
0.759
1.907
2.813
4.613
2.78
2.408
2.405
2.436
0.986
0.646
0.655
0.67
0.687
0.59
0.629
0.691
0.675
1.248
1.169
1.322
0.742
0.57
2.125
2.014
1.578
2.095
2.575
6.568
5.431
4.687
2.86
2.032
1.588
0.646
0.615
0.632
0.73
0.59
0.583
0.77
1.01
1.178
2.36
0.879
0.543
0.57
2.125
2.072
1.338
1.395
2.301
5.131
5.431
3.242
2.86
2.032
1.529
0.613
0.707
0.563
0.657
0.602
0.675
0.584
0.737
1.294
1.926
2.114
0.966
0.896
1.289
1.301
1.092
1.884
2.693
4.864
2.966
2.468
2.484
2.613
0.916
0.613
0.669
0.528
0.642
0.602
0.642
0.565
0.737
1.294
1.508
1.511
0.938
0.896
1.289
1.289
1.028
1.686
2.693
4.959
2.977
2.455
2.472
2.506
1.104
0.582
0.646
0.532
0.659
0.542
0.633
0.536
0.764
1.123
1.543
1.632
1.65
1.188
1.709
2.067
1.407
1.203
2.441
4.908
3.099
2.412
2.14
1.972
1.104
0.566
0.653
0.538
0.618
0.519
0.634
0.582
0.687
1.139
1.581
1.914
1.458
1.149
2.235
2.436
1.621
1.52
2.686
4.908
3.483
3.225
2.345
1.974
1.051
0.529
0.666
0.549
0.616
0.526
0.601
0.599
0.696
1.149
1.065
1.293
1.349
1.094
2.103
2.765
2.01
1.572
2.229
3.888
3.68
3.225
2.338
2.197
1.168
0.878
0.591
0.583
0.73
0.619
0.583
0.715
1.01
1.132
3.066
2.011
0.761
0.513
1.941
0.962
1.007
1.395
2.301
3.51
3.246
1.622
1.58
1.712
1.137
0.799
0.591
0.573
0.709
0.619
0.584
0.715
1.265
1.985
3.066
2.011
0.687
0.821
0.905
0.874
0.827
1.265
3.069
3.964
3.097
3.485
1.956
1.638
1.593
0.526
0.62
0.604
0.589
0.54
0.56
0.606
0.742
1.126
1.931
1.281
1.492
1.214
2.093
2.152
1.692
1.511
2.178
3.715
3.542
3.144
2.202
2.109
1.361
0.591
0.626
0.628
0.589
0.611
0.572
0.629
0.742
1.301
2.821
1.932
2.097
1.374
2.631
2.391
2.026
1.874
2.252
3.658
3.448
3.149
2.335
2.119
1.242
0.616
0.643
0.617
0.577
0.624
0.601
0.629
0.709
1.301
2.873
1.955
1.693
2.01
2.624
1.683
1.543
1.836
2.497
2.887
3.089
3.164
2.433
2.27
1.242
0.637
0.618
0.615
0.611
0.638
0.589
0.605
0.75
1.365
2.853
1.645
1.703
2.119
2.118
2.202
2.112
2.273
2.718
2.964
3.685
2.442
2.239
2.193
1.217
0.637
0.643
0.615
0.586
0.642
0.612
0.62
0.729
1.369
2.851
1.701
2.241
2.119
2.118
1.922
1.799
2.273
2.718
3.726
4.021
3.159
2.568
1.998
1.063
0.903
0.668
0.559
0.64
0.676
0.589
0.671
0.879
1.985
2.476
1.964
0.644
0.872
0.649
0.442
0.519
0.674
3.106
5.555
4.985
4.322
2.34
1.751
1.154
0.722
0.697
0.526
0.671
0.675
0.601
0.597
0.966
2.107
1.708
0.74
0.383
0.872
0.855
0.748
0.599
1.61
3.493
5.555
4.985
4.322
2.34
2.065
1.919
0.643
0.671
0.564
0.641
0.642
0.639
0.611
0.676
1.408
2.035
1.836
2.438
2.314
2.859
2.046
1.896
2.448
3.07
4.688
4.178
4.015
2.568
2.051
0.893
0.601
0.673
0.535
0.647
0.625
0.649
0.592
0.686
1.362
1.148
1.309
2.157
2.252
2.46
2.78
1.726
2.323
3.167
5.667
4.405
4.06
2.558
2.028
0.812
0.596
0.661
0.543
0.657
0.622
0.634
0.592
0.688
1.488
1.109
1.282
1.978
1.448
2.174
3.126
2.135
2.512
3.115
5.667
5.287
4.06
2.487
1.852
0.777
0.589
0.641
0.545
0.712
0.839
0.837
0.79
0.634
1.434
1.109
1.282
1.97
1.28
1.886
2.158
1.318
1.81
2.624
5.563
4.271
3.956
2.138
1.58
0.772
0.585
0.569
0.531
0.708
0.838
0.833
0.748
0.615
1.26
1.017
1.13
1.31
1.153
1.782
2.074
1.283
1.691
2.343
4.264
3.237
2.88
1.524
1.315
0.675
1.848
0.827
0.502
0.631
0.675
0.583
0.644
0.631
1.261
1.116
1.765
1.669
0.508
0.814
1.335
1.466
2.567
3.181
5.001
5.861
2.894
2.245
2.161
1.51
1.695
0.772
0.495
0.631
0.648
0.583
0.54
0.631
1.096
1.116
1.765
1.657
0.442
0.814
1.335
1.43
2.567
3.181
3.573
5.64
2.355
2.237
2.161
1.51
0.512
0.493
0.504
0.6
0.753
0.741
0.702
0.586
1.084
0.853
0.865
0.855
0.692
0.754
1.817
1.079
1.26
1.59
2.632
2.673
1.614
1.127
0.901
0.478
0.439
0.422
0.466
0.537
0.662
0.653
0.658
0.545
0.898
0.74
0.706
0.463
0.448
0.487
0.701
0.806
0.853
1.016
0.955
1.925
1.125
0.726
0.612
0.372
0.371
0.368
0.37
0.456
0.6
0.561
0.569
0.5
0.596
0.585
0.556
0.334
0.341
0.303
0.247
0.323
0.348
0.36
0.285
0.459
0.686
0.649
0.588
0.287
0.316
0.319
0.283
0.299
0.306
0.264
0.266
0.498
0.591
0.556
0.555
0.343
0.318
0.265
0.243
0.33
0.308
0.301
0.241
0.46
0.662
0.591
0.548
0.304
0.319
0.29
0.268
0.31
0.316
0.25
0.25
0.493
0.589
0.538
0.554
0.332
0.303
0.249
0.258
0.325
0.291
0.252
0.265
0.491
0.646
0.556
0.547
0.324
1.602
0.617
0.408
0.456
0.469
0.453
0.45
0.469
0.715
0.86
1.664
1.63
0.425
0.52
1.012
1.316
1.462
1.688
2.483
3.675
1.878
1.519
1.372
0.648
0.308
0.282
0.319
0.27
0.298
0.271
0.323
0.413
0.613
0.575
0.613
0.295
0.279
0.269
0.326
0.34
0.246
0.275
0.317
0.489
0.581
0.561
0.607
0.349
0.319
0.251
0.26
0.32
0.316
0.228
0.255
0.489
0.596
0.529
0.551
0.327
0.291
0.239
0.269
0.323
0.285
0.236
0.266
0.485
0.626
0.535
0.556
0.336
0.327
0.253
0.255
0.309
0.321
0.237
0.256
0.472
0.606
0.525
0.558
0.327
0.297
0.233
0.279
0.306
0.296
0.225
0.274
0.485
0.608
0.539
0.579
0.336
0.31
0.253
0.281
0.3
0.291
0.256
0.294
0.451
0.615
0.542
0.571
0.305
0.3
0.251
0.307
0.284
0.298
0.242
0.289
0.472
0.596
0.558
0.589
0.318
0.295
0.276
0.294
0.288
0.274
0.279
0.309
0.436
0.599
0.56
0.592
0.287
0.281
0.273
0.323
0.264
0.282
0.269
0.329
0.459
0.585
0.593
0.604
0.304
0.277
0.307
0.301
0.272
0.255
0.312
0.313
0.419
0.599
0.592
0.595
0.273
0.275
0.291
0.331
0.258
0.261
0.271
0.328
0.448
0.574
0.592
0.606
0.303
0.282
0.219
0.32
0.312
0.288
0.212
0.311
0.456
0.624
0.517
0.589
0.327
0.318
0.238
0.302
0.345
0.293
0.239
0.285
0.489
0.605
0.554
0.563
0.349
0.295
0.196
0.308
0.329
0.298
0.182
0.311
0.456
0.616
0.518
0.583
0.324
0.322
0.24
0.291
0.345
0.315
0.237
0.274
0.493
0.627
0.522
0.559
0.323
0.277
0.307
0.286
0.265
0.262
0.312
0.291
0.435
0.597
0.592
0.602
0.283
0.284
0.291
0.312
0.272
0.266
0.271
0.328
0.449
0.587
0.592
0.606
0.301
0.252
0.302
0.298
0.262
0.236
0.309
0.302
0.438
0.576
0.583
0.605
0.296
0.259
0.296
0.327
0.276
0.237
0.271
0.333
0.465
0.563
0.582
0.614
0.319
0.231
0.281
0.302
0.282
0.235
0.282
0.297
0.454
0.557
0.542
0.609
0.311
0.246
0.262
0.309
0.291
0.226
0.249
0.314
0.478
0.547
0.539
0.614
0.325
0.215
0.242
0.309
0.298
0.222
0.243
0.305
0.468
0.531
0.542
0.603
0.576
0.32
0.421
0.392
0.39
0.316
0.575
1.32
1.538
1.348
1.322
0.978
0.483
0.324
0.298
0.348
0.362
0.303
0.302
0.423
0.556
0.696
0.631
0.764
0.694
0.436
0.522
0.949
1.056
0.806
1.14
2.872
2.425
2.208
2.373
1.332
0.784
0.303
0.23
0.254
0.329
0.3
0.233
0.265
0.453
0.643
0.555
0.522
0.324
0.322
0.29
0.232
0.308
0.315
0.283
0.252
0.476
0.627
0.574
0.552
0.293
0.629
0.435
0.41
0.442
0.443
0.447
0.47
0.631
0.708
0.869
0.708
0.728
1.586
0.517
0.432
2.848
1.585
1.326
3.237
2.08
2.42
1.423
1.255
1.056
0.422
0.395
0.427
0.429
0.374
0.384
0.536
0.674
0.758
0.776
0.88
0.894
0.576
0.646
1.038
1.158
1.312
1.907
4.139
3.474
2.747
2.74
1.655
1.166
0.695
0.478
0.499
0.514
0.48
0.464
0.596
0.739
0.871
1.026
1.597
1.221
0.895
0.953
1.294
1.419
2.488
2.424
5.778
3.901
3.123
3.081
1.908
1.459
0.802
0.572
0.569
0.584
0.575
0.584
0.658
0.791
0.96
1.222
1.748
1.414
1.186
1.14
1.307
1.7
3.033
2.675
5.778
4.698
3.178
3.081
1.96
1.459
0.829
0.594
0.576
0.603
0.606
0.591
0.659
0.798
1.039
1.248
1.772
1.616
1.634
1.379
1.449
1.868
3.033
2.929
6.274
4.075
3.216
3.064
1.896
1.472
0.832
0.598
0.596
0.603
0.614
0.605
0.656
0.809
0.967
1.292
1.725
1.663
1.687
1.653
1.229
1.591
2.94
2.973
5.428
3.612
2.736
2.388
1.929
1.521
1.148
0.567
0.586
0.617
0.615
0.577
0.695
0.81
0.769
0.934
1.105
1.032
1.933
1.088
1.77
3.435
2.363
3.423
5.324
4.772
4.168
2.096
1.868
1.759
1.148
0.604
0.619
0.617
0.619
0.635
0.695
0.826
0.827
1.271
1.105
1.032
1.933
1.088
2.017
3.435
2.363
3.423
5.342
5.357
4.168
3.658
1.868
1.759
0.832
0.586
0.613
0.609
0.617
0.605
0.622
0.796
0.977
1.36
2.519
1.68
2.373
1.653
1.229
1.591
2.839
2.725
4.64
2.786
2.416
2.383
1.861
1.437
0.669
0.604
0.593
0.585
0.624
0.624
0.622
0.785
1.027
1.248
2.025
2.403
2.404
1.689
1.237
1.446
2.078
2.756
3.512
3.241
2.833
2.412
1.974
1.472
0.672
0.622
0.605
0.573
0.614
0.612
0.644
0.775
1.001
1.249
2.007
2.349
2.307
1.722
1.262
1.179
1.695
2.643
3.214
2.183
2.69
2.376
1.959
1.472
0.642
0.628
0.626
0.581
0.595
0.608
0.663
0.79
0.869
1.258
1.985
2.591
2.515
1.8
1.082
1.78
1.608
2.334
1.877
1.885
1.989
1.823
1.955
1.52
0.63
0.62
0.644
0.609
0.59
0.595
0.631
0.789
0.867
1.222
2.015
2.803
2.715
1.96
1.063
1.673
1.761
2.307
2.045
1.955
2.012
1.858
1.983
1.572
1.182
0.603
0.583
0.646
0.672
0.629
0.661
0.798
0.827
1.192
1.098
0.746
0.77
0.933
2.152
1.396
1.651
3.458
6.111
5.357
4.943
3.597
1.814
1.683
0.972
0.607
0.585
0.597
0.661
0.632
0.75
0.939
1.063
1.465
0.896
0.53
0.474
0.533
2.023
1.68
1.406
2.508
6.111
3.851
4.327
3.597
1.737
1.615
0.691
0.619
0.606
0.634
0.616
0.585
0.62
0.757
0.89
1.17
2.078
2.798
2.115
1.96
1.063
1.593
1.651
2.404
2.198
2.394
2.253
1.989
1.983
1.43
0.65
0.608
0.633
0.642
0.571
0.554
0.637
0.778
0.797
1.218
2.842
2.072
2.278
1.93
0.819
1.53
1.39
2.272
2.154
1.857
1.874
1.965
1.913
1.229
0.616
0.6
0.631
0.642
0.559
0.532
0.625
0.785
0.95
1.152
2.839
2.094
2.278
2.307
1.53
2.539
1.737
2.396
3.736
2.329
2.033
2.029
1.954
1.229
0.624
0.589
0.614
0.628
0.578
0.541
0.604
0.802
1.049
1.137
3.275
2.127
1.891
2.156
1.787
1.862
1.564
2.855
4.668
2.71
2.72
2.029
1.938
1.135
0.644
0.616
0.604
0.608
0.593
0.572
0.601
0.805
1.11
1.121
3.304
1.965
1.669
2.018
1.81
1.963
1.495
2.874
4.501
2.71
2.72
1.945
1.926
0.967
1.154
0.599
0.581
0.63
0.661
0.543
0.716
0.935
0.99
1.28
0.855
0.705
1.278
1.832
2.023
1.401
1.365
2.508
6.515
4.033
4.085
2.032
1.828
1.364
1.124
0.587
0.601
0.597
0.619
0.573
0.734
0.915
0.99
1.378
0.758
0.572
1.278
2.182
2.688
1.668
1.349
2.478
4.502
5.055
3.464
2.915
1.821
1.61
0.559
0.625
0.646
0.57
0.543
0.61
0.634
0.807
1.075
1.175
3.414
1.965
1.626
2.043
1.907
2.052
1.737
2.732
4.46
2.285
2.635
1.869
1.904
1.015
0.56
0.616
0.643
0.563
0.549
0.607
0.634
0.808
1.075
1.402
3.193
1.937
1.384
2.065
2.065
2.213
1.939
2.803
4.48
2.116
2.489
1.845
1.945
1.209
0.611
0.607
0.627
0.562
0.586
0.616
0.65
0.987
1.057
1.38
3.193
1.901
1.384
1.997
1.907
1.486
2.424
2.818
4.178
2.185
2.692
1.792
1.888
1.243
0.627
0.619
0.627
0.568
0.592
0.618
0.65
0.967
0.949
1.418
2.987
1.755
1.104
2.198
1.893
1.52
2.424
2.355
3.266
2.741
2.107
1.823
1.91
1.313
0.613
0.611
0.647
0.569
0.578
0.62
0.654
0.941
0.953
1.455
3.514
1.864
1.188
2.135
1.689
1.264
2.397
2.141
3.412
2.993
2.186
1.879
1.79
1.283
1.124
0.619
0.601
0.581
0.614
0.599
0.578
0.775
0.81
1.203
0.888
0.72
1.358
2.399
1.775
0.996
1.304
2.115
5.466
5.061
3.464
2.915
1.912
1.453
0.895
0.634
0.57
0.554
0.625
0.61
0.67
1.001
0.929
1.203
0.812
0.467
0.617
1.585
1.717
2.711
1.22
2.252
4.893
5.117
3.622
2.878
1.749
1.457
0.612
0.622
0.65
0.569
0.584
0.625
0.647
0.918
1.017
1.763
3.474
2.318
1.242
2.413
1.689
1.197
2.129
2.093
3.389
2.976
2.186
1.879
1.79
1.233
0.628
0.656
0.616
0.581
0.593
0.661
0.616
0.879
1.04
1.646
2.801
2.241
1.123
2.386
1.59
1.428
2.152
2.087
3.514
3.267
2.195
1.881
1.7
1.161
0.627
0.656
0.623
0.568
0.586
0.675
0.568
0.653
0.976
1.79
2.844
2.241
2.032
2.093
1.138
2.001
1.486
1.814
2.554
3.1
1.906
1.905
1.669
1.26
0.613
0.642
0.64
0.564
0.557
0.675
0.581
0.638
0.987
1.813
2.572
1.904
2.183
1.919
0.962
1.814
1.324
2.706
2.816
2.317
2.074
2.046
1.816
1.284
0.614
0.638
0.628
0.559
0.557
0.662
0.625
0.739
0.929
1.813
1.959
1.712
2.001
1.858
1.072
1.983
1.124
2.653
2.684
2.235
1.966
1.999
1.807
1.223
0.857
0.634
0.541
0.579
0.625
0.632
0.628
1.001
0.929
1.278
0.809
0.492
0.639
1.501
0.771
2.388
0.935
2.19
4.893
5.117
2.982
2.997
1.839
1.471
0.782
0.59
0.574
0.599
0.622
0.611
0.65
1.038
1.132
1.164
0.705
0.407
0.639
0.943
1.014
2.711
1.917
4.271
4.207
4.679
3.436
2.997
1.769
1.471
0.614
0.618
0.61
0.575
0.554
0.64
0.62
0.719
0.895
1.803
1.561
1.293
1.785
1.481
1.099
1.998
1.08
2.596
3.508
2.376
2.166
2.034
1.849
1.24
0.627
0.6
0.61
0.571
0.586
0.607
0.619
0.879
0.935
2.005
1.937
1.274
2.109
1.486
1.328
1.559
1.084
2.519
3.494
2.471
2.326
2.062
1.844
1.14
0.598
0.6
0.594
0.588
0.588
0.583
0.671
1.08
1.61
1.976
1.764
1.1
1.205
1.376
1.265
0.842
1.065
2.938
3.95
2.432
2.362
2.093
1.938
1.025
0.587
0.596
0.626
0.601
0.567
0.568
0.692
1.08
1.646
1.925
1.793
0.89
1.143
1.215
1.265
0.887
1.382
2.256
3.832
3.237
2.14
1.968
1.788
0.839
0.578
0.613
0.611
0.601
0.581
0.564
0.63
1.015
1.688
1.925
1.793
0.89
1.151
1.073
1.121
0.732
1.531
2.256
3.832
3.237
2.14
1.968
1.806
0.96
0.72
0.562
0.581
0.621
0.59
0.575
0.551
0.741
1.07
1.201
0.734
0.452
0.532
1.159
1.221
1.384
2.078
4.644
5.138
3.392
3.436
4.483
1.769
1.406
0.653
0.529
0.581
0.635
0.579
0.516
0.551
0.899
1.257
1.002
0.984
0.452
0.408
0.872
1.221
1.384
2.078
4.644
5.138
5.224
2.974
3.436
1.738
0.955
0.609
0.632
0.582
0.587
0.611
0.568
0.61
0.999
1.688
1.608
1.289
0.751
1.317
1.174
1.069
0.732
1.551
3.062
3.216
2.92
1.825
1.811
1.763
1.095
0.617
0.626
0.582
0.595
0.611
0.551
0.61
0.893
1.718
1.187
0.976
0.852
1.199
1.207
0.738
0.701
1.448
2.815
4.067
2.867
1.734
1.777
1.711
1.094
0.611
0.622
0.591
0.594
0.6
0.551
0.603
0.902
1.078
1.007
0.976
0.834
1.189
1.08
0.713
0.795
1.508
2.56
4.863
2.917
1.827
1.799
1.613
1.07
0.629
0.622
0.583
0.605
0.6
0.547
0.611
0.899
1.033
1.033
1.002
1.458
1.656
1.217
1.167
0.897
1.378
2.413
4.911
1.888
1.836
1.824
1.538
1.07
0.653
0.615
0.547
0.615
0.623
0.536
0.664
1.014
1.086
1.785
1.229
1.722
1.907
1.374
2.092
1.029
1.384
3.143
5.411
2.293
2.099
1.997
1.487
0.905
0.653
0.591
0.588
0.635
0.603
0.577
0.555
0.898
1.196
1.805
2.441
1.443
0.936
1.397
1.253
1.263
1.218
2.714
6.842
4.585
2.203
3.436
1.783
0.775
0.864
0.623
0.611
0.585
0.603
0.635
0.568
0.898
1.196
1.89
4.021
1.439
0.96
1.086
1.01
0.995
1.88
2.806
8.792
4.692
2.42
2.047
1.783
0.822
0.652
0.567
0.57
0.637
0.607
0.507
0.687
1.014
1.114
1.672
1.184
1.675
1.741
1.28
2.092
1.087
1.249
2.226
5.393
2.433
2.099
1.997
1.487
0.766
0.632
0.574
0.62
0.625
0.568
0.539
0.687
0.928
1.057
1.72
1.085
1.405
1.658
1.225
2.062
1.087
1.231
2.3
4.528
2.456
2.286
2.365
1.703
0.844
0.636
0.593
0.618
0.612
0.566
0.577
0.657
0.709
1.457
2.31
1.115
1.405
1.658
1.225
1.966
0.903
1.047
2.105
3.421
2.411
2.222
2.413
1.597
0.771
0.617
0.645
0.607
0.575
0.591
0.607
0.78
0.875
1.511
2.229
1.591
0.949
1.023
1.021
1.613
0.75
0.912
2.025
3.189
2.452
2.413
3.321
1.713
0.888
0.579
0.635
0.633
0.578
0.555
0.619
0.739
0.664
1.401
1.538
1.523
0.715
0.717
0.82
0.676
0.645
0.742
1.331
3.221
2.808
2.539
3.261
1.75
0.954
0.843
0.623
0.611
0.613
0.611
0.635
0.589
0.738
1.048
1.905
4.021
1.465
0.96
1.377
1.009
0.886
1.88
2.806
8.994
4.539
2.644
2.146
1.719
0.822
0.843
0.617
0.609
0.613
0.582
0.638
0.78
0.916
0.938
1.291
2.551
0.474
0.426
0.955
1.908
1.23
1.814
2.47
8.994
4.539
2.644
2.146
1.632
1.203
0.565
0.635
0.622
0.566
0.575
0.619
0.714
0.745
1.483
1.94
1.962
0.663
0.705
0.858
0.949
0.577
0.74
1.329
3.527
3.021
2.655
3.393
1.862
0.838
0.588
0.634
0.6
0.548
0.601
0.615
0.718
0.763
1.545
2.578
2.275
0.662
0.462
0.659
0.942
0.611
0.716
1.292
3.437
2.907
2.548
2.992
1.619
0.751
0.57
0.628
0.614
0.559
0.581
0.593
0.734
0.803
1.155
2.015
2.275
0.655
0.447
0.836
0.958
0.558
0.598
1.102
3.138
2.672
2.409
2.955
1.705
0.866
0.569
0.597
0.598
0.593
0.566
0.565
0.573
0.693
1.153
2.48
2.149
0.468
0.41
0.738
0.854
0.542
0.535
1.17
3.228
2.489
2.142
1.952
1.655
0.864
0.592
0.595
0.567
0.575
0.597
0.568
0.615
0.806
1.153
2.522
2.096
0.9
1.1
1.535
1.016
0.603
0.605
1.173
2.347
1.668
1.837
1.942
1.583
0.752
0.664
0.599
0.609
0.642
0.599
0.592
0.78
0.916
0.914
1.291
0.66
0.517
0.394
0.955
2.123
1.061
0.821
1.278
6.353
5.525
2.739
2.152
1.57
1.115
0.601
0.623
0.609
0.557
0.587
0.613
0.76
1.019
1.12
2.834
0.761
0.435
0.43
0.794
2.123
1.182
0.915
1.501
4.264
4.894
2.61
2.104
1.656
1.038
0.607
0.619
0.565
0.538
0.591
0.593
0.63
0.768
1.09
2.216
1.677
0.847
1.045
1.43
0.726
0.662
0.649
1.254
1.782
1.101
1.437
1.793
1.636
0.836
0.624
0.597
0.556
0.586
0.603
0.578
0.617
0.768
1.036
1.715
1.323
1.506
1.354
1.567
0.744
0.662
0.645
1.296
1.855
1.333
1.556
2.575
1.791
0.859
0.624
0.583
0.567
0.596
0.603
0.578
0.652
0.781
0.953
1.767
1.459
1.622
1.616
1.604
0.735
0.717
0.685
1.296
2.168
1.831
1.828
2.533
1.763
0.784
0.627
0.586
0.592
0.61
0.651
0.72
1.218
1.288
1.457
1.372
1.12
1.639
1.765
1.708
0.697
0.717
0.685
1.133
3.16
2.138
2.027
2.565
1.711
0.854
0.606
0.596
0.641
0.63
0.651
0.741
1.14
1.168
1.4
1.385
1.097
1.264
1.176
1.203
1.369
0.684
0.599
1.131
3.797
3.009
2.387
2.748
1.829
0.929
0.587
0.625
0.595
0.572
0.595
0.593
0.561
0.96
1.19
2.73
0.761
0.44
0.443
0.728
1.21
2.039
0.867
1.588
5.63
4.894
2.61
2.104
1.668
0.835
0.593
0.647
0.609
0.559
0.589
0.64
0.604
1.148
1.19
4.37
0.652
0.394
0.471
0.631
1.058
2.039
0.797
1.588
5.659
5.118
2.561
2.178
1.67
1.129
0.604
0.588
0.663
0.645
0.647
0.74
1.167
1.189
1.412
1.3
1.011
1.264
1.211
1.319
1.42
0.636
0.616
0.96
3.797
3.009
2.387
2.748
1.83
0.891
0.647
0.619
0.663
0.64
0.662
0.737
1.175
1.229
1.455
1.162
1.067
0.649
0.995
1.389
1.739
0.588
0.633
0.814
3.77
3.42
2.827
2.699
1.686
0.94
0.683
0.619
0.656
0.652
0.664
0.75
1.139
1.227
1.569
1.04
0.912
0.52
0.788
1.277
1.785
0.602
0.75
0.809
3.956
3.813
2.782
2.664
1.781
1.034
0.669
0.641
0.669
0.636
0.626
0.647
0.595
0.67
1.072
1.741
1.629
0.744
0.792
1.417
1.816
0.632
0.737
0.675
3.116
3.831
2.735
2.711
1.848
0.909
0.671
0.663
0.647
0.627
0.639
0.638
0.602
0.844
1.106
1.652
1.611
0.728
0.755
1.189
0.988
0.632
0.737
0.823
2.715
3.459
3.72
2.589
1.87
0.934
0.607
0.69
0.594
0.559
0.648
0.647
0.6
1.148
1.079
2.78
0.523
0.505
0.471
0.932
2.709
2.317
0.985
1.152
5.659
4.072
2.443
1.938
1.551
1.406
0.621
0.714
0.601
0.57
0.698
0.647
0.582
1.216
1.029
2.78
0.767
0.505
0.468
1.159
2.721
1.074
2.438
1.459
3.728
3.466
2.167
2.211
1.748
0.916
0.655
0.654
0.661
0.614
0.639
0.649
0.594
0.807
1.122
1.677
1.611
0.816
0.901
1.159
1.127
0.984
0.794
0.851
2.715
3.689
4.237
2.675
2.008
0.905
0.585
0.653
0.661
0.585
0.618
0.663
0.594
0.767
1.16
1.68
1.671
1.087
1.135
1.143
0.934
1.027
1.09
1.811
3.371
3.363
3.855
2.045
2.008
0.793
0.574
0.68
0.653
0.562
0.644
0.663
0.64
0.943
1.164
1.696
2.266
1.323
1.226
1.096
0.95
1.08
1.132
2.953
3.051
2.897
3.725
2.454
2.335
0.793
0.574
0.667
0.643
0.56
0.636
0.649
0.602
0.989
1.148
1.031
1.572
1.679
1.729
1.455
0.942
1.08
1.238
3.06
2.804
2.812
3.659
2.428
2.172
0.692
0.574
0.627
0.642
0.589
0.593
0.633
0.635
0.952
1.607
1.446
1.57
1.679
1.729
1.429
0.866
1.036
1.238
3.399
3.509
2.619
2.659
2.464
2.009
1.678
0.66
0.714
0.556
0.549
0.698
0.604
0.488
0.85
0.919
0.938
0.811
0.625
1.005
1.877
3.213
2.601
2.438
2.57
4.537
1.795
2.006
1.93
1.758
1.678
0.675
0.651
0.569
0.575
0.665
0.601
0.666
1.232
1.082
0.864
0.811
0.668
1.101
1.682
1.743
2.493
2.512
2.57
4.537
1.795
2.006
1.93
1.758
0.674
0.569
0.639
0.629
0.568
0.589
0.627
0.608
0.986
1.632
1.495
1.672
1.692
1.704
1.499
0.705
0.72
1.215
3.823
4.234
2.781
2.653
2.404
1.741
0.638
0.577
0.65
0.621
0.57
0.559
0.594
0.608
0.991
1.65
1.536
1.585
1.422
1.453
1.293
0.565
0.673
0.935
4.092
3.572
3.348
2.505
2.309
1.779
0.615
0.576
0.673
0.613
0.579
0.548
0.618
0.55
0.801
1.685
2.119
1.306
1.479
1.753
1.429
0.601
0.646
0.903
3.331
3.464
3.323
2.569
1.919
1.353
0.592
0.617
0.673
0.611
0.565
0.592
0.6
0.71
1.229
2.102
2.119
1.138
0.863
1.14
0.799
0.601
0.714
0.866
3.331
3.464
3.323
2.648
1.962
1.353
0.625
0.617
0.686
0.623
0.559
0.609
0.579
0.671
1.221
1.686
1.767
1.389
0.866
1.14
0.879
0.582
0.683
0.898
3.104
2.464
3.307
2.572
2.035
1.472
1.241
0.675
0.606
0.569
0.585
0.586
0.581
0.715
1.124
1.821
1.999
0.733
0.768
1.101
1.626
1.701
2.493
1.376
4.472
4.86
1.819
2.009
1.638
1.565
0.717
0.697
0.606
0.578
0.65
0.621
0.609
0.741
1.264
1.821
1.999
0.694
0.753
0.607
0.901
2.616
0.926
1.105
3.409
2.691
1.26
1.498
1.601
1.554
0.738
0.676
0.727
0.683
0.645
0.678
0.605
0.753
1.346
1.989
2.212
1.347
0.781
0.894
0.681
0.573
0.634
0.869
3.104
1.678
2.725
1.948
1.971
1.426
0.82
0.652
0.739
0.687
0.668
0.678
0.667
0.773
1.426
2.267
2.686
1.346
0.797
1.026
0.837
1.097
0.75
0.913
1.996
1.612
2.047
2.092
2.053
1.369
0.896
0.626
0.693
0.724
0.657
0.663
0.651
0.831
1.479
2.166
2.131
1.337
0.597
1.471
0.795
0.97
0.666
0.75
1.611
1.981
2.407
2.095
2.103
1.22
0.896
0.619
0.72
0.702
0.689
0.662
0.642
0.715
1.165
1.665
2.131
1.551
0.982
1.656
0.932
1.142
0.564
0.679
1.639
1.981
3.513
2.156
2.208
1.233
0.858
0.649
0.712
0.712
0.681
0.657
0.683
0.717
1.193
1.882
2.643
1.379
1.132
1.9
0.91
1.142
0.592
0.573
1.494
1.89
3.402
2.969
2.239
0.994
0.717
0.744
0.571
0.581
0.66
0.621
0.605
0.643
1.253
1.736
1.926
2.438
1.281
0.722
0.718
2.252
0.603
0.671
3.353
2.691
1.221
1.805
1.648
1.581
0.613
0.744
0.619
0.581
0.66
0.652
0.64
0.979
1.253
1.011
0.609
2.343
1.149
0.578
1.003
2.258
0.603
0.671
0.906
1.291
0.917
1.748
1.725
1.759
0.765
0.608
0.665
0.62
0.645
0.61
0.627
0.653
1.199
1.488
2.131
1.378
1.132
1.9
0.853
1.119
0.62
0.563
1.04
1.938
3.988
2.969
2.239
0.898
0.666
0.637
0.635
0.648
0.635
0.61
0.629
0.802
1.199
1.125
1.514
1.357
1.114
1.778
1.08
1.066
0.585
0.444
1.597
1.82
4.017
2.838
2.138
0.912
0.626
0.637
0.639
0.62
0.662
0.59
0.63
0.766
1.165
1.823
1.951
1.162
0.917
1.08
1.122
1.1
0.597
0.518
2.579
1.548
3.496
2.682
1.961
0.869
0.633
0.627
0.614
0.632
0.625
0.593
0.615
0.744
1.151
1.838
2.044
0.832
0.561
1.078
0.914
0.977
0.597
0.517
3.396
2.012
2.361
2.758
1.924
0.907
0.611
0.618
0.63
0.603
0.634
0.579
0.617
0.724
1.131
1.648
1.427
0.743
0.421
0.977
0.945
0.977
0.587
0.86
4.065
2.012
2.339
2.129
2.275
0.855
0.634
0.695
0.69
0.618
0.605
0.707
0.65
0.868
1.008
1.125
0.566
2.268
1.149
0.669
1.105
0.591
0.491
1.307
3.438
1.831
1.362
1.93
1.798
1.759
0.712
0.635
0.703
0.678
0.565
0.707
0.65
1.171
1.623
1.921
0.596
0.383
0.545
0.515
1.106
0.917
0.703
1.49
3.438
1.922
1.362
1.784
1.798
1.819
0.608
0.625
0.627
0.603
0.64
0.568
0.619
0.902
1.076
1.648
1.669
0.958
0.774
1.118
0.945
1.007
0.626
0.959
4.065
2.069
1.573
2.156
2.177
0.841
0.631
0.643
0.632
0.585
0.65
0.624
0.58
0.733
1.076
1.8
1.67
1.091
0.828
1.118
0.64
0.532
0.689
1.038
3.399
2.062
1.427
2.149
2.405
1.044
0.652
0.676
0.615
0.613
0.644
0.65
0.576
0.856
1.076
1.261
1.148
1.009
0.866
1.184
0.53
0.704
0.892
1.073
2.918
2.404
2.071
2.341
2.506
1.119
0.659
0.687
0.625
0.638
0.664
0.641
0.605
0.885
1.004
1.273
1.142
1.04
1.012
1.135
0.701
0.716
1.007
1.526
2.115
1.918
1.837
2.099
2.34
1.297
0.788
0.7
0.65
0.654
0.664
0.677
0.576
0.903
1.008
1.385
1.975
1.117
1.012
1.013
0.686
0.716
1.007
1.319
2.363
1.879
1.786
1.772
1.747
1.403
0.951
0.982
0.749
0.685
0.504
0.739
0.533
0.751
1.551
1.968
0.863
0.479
0.605
0.869
1.106
0.917
0.746
1.49
5.48
2.285
2.912
1.626
1.785
1.519
1.068
1.04
0.749
0.685
0.565
0.607
0.44
0.809
1.84
1.968
0.762
0.553
0.598
0.869
0.858
1.767
0.946
0.995
4.336
2.195
3.171
1.548
1.574
1.614
0.822
0.7
0.642
0.702
0.631
0.677
0.635
0.726
0.98
1.48
1.707
0.885
0.771
1.091
1.025
0.732
0.989
2.123
2.48
1.59
1.67
1.64
1.747
1.404
0.822
0.706
0.625
0.702
0.619
0.655
0.664
0.726
0.931
1.395
2.283
1.107
0.835
1.361
0.984
0.758
0.839
2.123
2.48
1.631
2.949
1.878
1.823
1.371
0.923
0.676
0.641
0.684
0.623
0.65
0.662
0.611
0.827
1.271
2.274
1.142
1.14
1.722
1.557
0.567
0.604
2.186
3.392
1.22
2.513
1.783
1.745
1.371
0.919
0.637
0.68
0.67
0.602
0.636
0.637
0.564
0.922
1.3
2.301
1.171
1.267
1.684
1.37
1.453
0.515
1.646
3.611
1.288
2.705
1.956
1.852
1.273
0.803
0.621
0.639
0.683
0.618
0.582
0.624
0.518
0.844
1.205
1.48
1.095
1.267
1.684
1.342
1.453
0.517
1.511
3.802
1.382
3.406
1.956
1.919
1.409
1.068
1.04
0.746
0.722
0.536
0.626
0.477
0.458
0.959
1.219
2.242
0.858
0.528
1.082
0.763
1.514
1.035
1.437
5.573
3.101
3.171
1.603
1.601
1.407
0.953
0.655
0.713
0.687
0.579
0.6
0.585
0.948
2.194
1.482
2.043
0.992
0.467
1.006
0.861
1.66
1.035
1.437
4.948
3.101
2.15
1.603
1.648
1.493
0.8
0.631
0.639
0.653
0.642
0.593
0.564
0.557
0.843
1.168
1.588
1.047
1.133
1.785
1.059
1.612
0.592
0.673
3.807
1.418
3.406
1.956
1.993
1.43
0.905
0.614
0.649
0.643
0.68
0.581
0.516
0.638
0.958
1.101
1.128
0.763
1.042
1.602
1.292
1.774
1.032
0.976
3.807
1.418
2.199
1.741
1.774
1.338
0.792
0.615
0.643
0.673
0.656
0.578
0.599
0.787
1.539
1.868
1.495
0.682
0.722
1.171
0.771
1.858
1.164
1.044
3.458
1.337
2.132
1.671
1.864
1.338
0.794
0.655
0.596
0.689
0.686
0.547
0.599
0.783
1.48
1.824
1.487
0.67
0.648
1.122
0.8
0.897
1.162
1.086
3.295
1.852
2.545
1.53
1.874
1.216
0.794
0.635
0.617
0.677
0.654
0.564
0.569
0.784
1.51
1.792
1.487
0.818
0.948
1.122
0.8
0.964
1.142
1.101
2.156
2.062
1.983
1.552
1.961
1.13
0.916
0.558
0.716
0.721
0.523
0.674
0.647
0.949
1.879
1.482
2.23
0.992
0.617
1.193
0.902
0.754
0.986
1.39
6.672
2.36
1.529
2.371
2.521
1.426
0.735
0.665
0.716
0.643
0.554
0.674
0.647
0.949
1.967
1.561
0.795
0.868
0.617
1.193
0.896
0.787
0.861
1.52
4.336
3.3
1.534
2.192
2.514
1.426
0.767
0.652
0.614
0.68
0.646
0.557
0.587
0.783
1.603
2.216
1.8
0.931
1.143
1.05
0.793
0.716
1.072
1.074
2.058
1.959
1.92
1.492
1.899
1.237
0.66
0.657
0.618
0.68
0.625
0.58
0.571
0.718
1.54
2.235
1.719
0.936
1.186
0.98
0.569
0.537
1.262
1.665
2.078
3.018
2.056
1.523
1.948
1.193
0.65
0.686
0.624
0.641
0.671
0.538
0.464
0.543
0.984
1.419
1.337
1.04
1.372
0.977
0.514
0.436
1.122
1.43
0.971
2.751
1.809
1.415
1.948
1.243
0.652
0.649
0.662
0.628
0.643
0.608
0.51
0.587
1.039
1.822
1.669
1.052
1.289
1.073
0.521
0.484
1.132
1.425
0.916
2.062
1.131
1.514
2.079
1.201
0.682
0.649
0.69
0.618
0.643
0.699
0.537
0.636
1.115
1.812
1.711
1.061
1.201
1.374
1.361
0.552
1.135
1.495
1.641
2.454
1.283
1.309
1.954
1.145
0.752
0.816
0.635
0.663
0.636
0.597
0.657
0.613
0.822
1.238
2.454
0.757
0.633
1.139
0.736
0.648
0.815
1.481
4.336
3.3
1.799
2.602
2.642
1.355
0.63
0.816
0.603
0.687
0.636
0.492
0.603
0.526
1.859
1.786
2.312
0.807
0.595
0.724
0.565
0.696
0.78
1.462
1.1
3.154
1.799
1.424
1.882
1.381
0.725
0.613
0.723
0.595
0.652
0.692
0.482
0.59
1.027
1.368
1.378
0.973
1.495
1.525
1.485
0.552
1.381
1.817
1.79
2.643
1.373
2.087
2.076
1.235
0.725
0.624
0.741
0.628
0.663
0.685
0.557
0.881
1.827
1.354
1.378
0.954
1.495
1.536
2.31
0.621
0.782
0.947
1.835
3.075
1.338
1.967
2.038
1.273
0.735
0.607
0.774
0.628
0.644
0.73
0.583
0.94
2.386
2.925
2.023
0.869
1.483
1.536
2.377
0.609
0.816
0.947
2.342
4.069
1.767
2.592
1.988
1.376
0.714
0.625
0.791
0.621
0.643
0.7
0.521
0.935
2.369
2.956
1.872
0.909
1.502
1.56
2.379
0.652
0.875
1.037
2.385
4.069
1.767
2.435
1.937
1.384
0.721
0.625
0.78
0.624
0.642
0.651
0.486
0.889
2.244
2.956
1.928
1.074
1.827
1.432
1.65
0.585
0.855
0.963
1.727
3.394
2.662
2.438
1.937
1.368
0.715
0.808
0.619
0.728
0.699
0.492
0.64
0.502
1.859
3.133
2.507
0.667
0.595
0.785
1.018
0.672
0.595
0.741
2.156
1.065
1.384
1.769
2.022
1.381
0.735
0.764
0.664
0.728
0.717
0.472
0.567
0.746
1.894
3.133
1.209
0.674
0.642
1.175
1.48
1.124
0.771
0.877
4.171
2.173
1.878
1.784
2.026
1.452
0.711
0.633
0.768
0.675
0.621
0.616
0.532
0.962
2.271
3.0
1.813
1.186
1.513
1.132
1.497
0.603
0.69
1.045
2.042
3.209
2.612
1.569
1.797
1.321
0.727
0.608
0.765
0.655
0.599
0.635
0.469
0.653
1.538
3.029
2.29
1.334
1.513
1.118
0.692
0.635
1.206
1.476
1.95
1.755
2.696
2.483
2.148
1.519
0.788
0.632
0.719
0.713
0.564
0.623
0.524
0.568
0.936
1.48
1.587
1.356
1.392
1.213
0.682
0.76
1.166
1.559
1.553
1.103
2.525
2.139
2.273
1.532
0.803
0.622
0.708
0.716
0.543
0.631
0.538
0.549
0.889
1.396
1.848
1.356
1.352
1.057
0.677
0.756
1.129
1.54
1.44
1.43
3.362
2.071
2.244
1.619
0.794
0.628
0.69
0.716
0.543
0.639
0.538
0.541
0.962
1.396
1.729
1.039
0.908
0.858
0.679
0.732
1.132
1.54
1.44
1.43
2.009
2.046
2.157
1.619
0.917
0.762
0.698
0.678
0.717
0.466
0.5
0.82
0.794
2.579
2.529
0.705
0.679
1.368
1.48
1.085
0.621
0.877
4.171
3.59
2.456
1.784
2.026
1.215
0.939
0.688
0.73
0.649
0.71
0.567
0.444
1.017
2.609
2.124
2.529
0.709
0.679
1.368
1.079
1.108
0.767
1.06
3.47
3.59
2.456
1.784
2.002
1.349
0.764
0.622
0.737
0.665
0.609
0.692
0.51
0.484
1.143
2.236
2.472
1.037
0.817
0.938
0.8
0.784
1.052
1.159
1.052
1.42
2.065
2.1
2.213
1.576
0.764
0.629
0.727
0.666
0.597
0.657
0.473
0.513
1.73
3.312
2.296
1.13
1.277
0.919
1.154
1.176
0.633
0.88
1.406
1.794
2.214
1.422
1.877
1.397
0.709
0.605
0.773
0.599
0.631
0.662
0.417
0.746
1.759
3.285
2.41
0.996
1.249
0.684
1.11
1.096
0.632
1.031
2.284
2.923
3.005
1.954
1.732
1.202
0.69
0.648
0.754
0.631
0.634
0.665
0.492
0.75
1.762
3.213
1.928
0.965
1.176
0.857
1.519
1.058
0.582
1.022
3.704
3.297
2.928
2.14
1.638
1.213
0.654
0.648
0.765
0.61
0.664
0.663
0.483
0.769
1.744
3.612
3.282
1.146
1.391
1.157
2.278
1.049
0.568
1.022
3.783
4.116
2.928
2.207
1.656
1.374
1.418
0.87
0.725
0.743
0.588
0.585
0.459
0.71
2.346
2.298
3.479
2.272
0.665
0.988
0.809
0.876
1.168
1.461
3.477
2.961
1.748
1.248
1.652
1.223
1.291
0.87
0.707
0.743
0.586
0.585
0.459
0.71
4.257
3.419
5.138
2.203
0.604
0.848
0.809
0.876
1.406
1.949
3.088
1.261
1.043
1.195
2.149
1.223
0.693
0.628
0.725
0.666
0.613
0.668
0.542
0.756
1.68
4.443
3.181
1.237
1.492
1.271
2.455
1.028
0.655
1.123
3.894
4.35
3.999
2.287
1.735
1.647
0.669
0.622
0.739
0.63
0.632
0.686
0.593
0.782
1.469
4.647
3.348
1.352
1.21
1.477
2.505
0.688
0.708
1.121
3.81
4.665
3.888
2.199
1.847
1.762
0.63
0.674
0.688
0.623
0.65
0.667
0.596
1.276
2.35
4.647
3.475
1.513
1.289
1.477
2.505
1.527
1.305
0.977
3.102
3.86
3.788
1.522
1.948
1.762
0.63
0.655
0.688
0.603
0.656
0.667
0.563
1.261
3.64
5.232
3.475
1.723
1.289
1.385
2.21
1.947
1.954
1.088
1.793
3.338
2.962
1.403
1.887
1.549
0.615
0.67
0.652
1.405
0.693
0.645
0.563
1.202
3.64
4.941
2.076
1.723
1.048
1.201
1.479
1.947
1.954
1.088
1.793
2.635
2.925
1.255
1.635
1.257
1.291
0.883
0.633
0.743
0.599
0.506
0.439
0.496
2.349
3.714
5.138
2.185
0.592
0.848
0.746
2.771
3.633
1.949
5.24
2.171
1.57
1.857
2.585
2.042
0.702
0.6
0.633
0.636
0.599
0.423
0.412
0.434
2.351
3.714
3.839
0.543
0.431
0.636
0.463
2.477
3.394
1.892
3.255
1.323
1.494
1.857
2.585
1.926
0.518
0.67
0.619
1.345
0.693
0.564
0.516
1.188
3.426
3.067
1.356
1.491
0.871
1.02
1.145
1.933
1.893
0.948
1.505
1.985
1.769
1.007
1.329
0.744
0.517
0.608
0.555
1.324
0.663
0.511
0.477
1.143
2.868
1.605
0.823
1.036
0.568
0.671
0.683
1.78
1.737
0.786
1.105
1.017
1.449
0.808
0.897
0.594
0.472
0.543
0.509
1.308
0.599
0.424
0.469
0.384
1.882
1.355
0.478
0.834
0.484
0.537
0.634
0.869
1.124
0.68
0.634
0.683
0.443
0.62
0.485
0.579
0.416
0.5
0.441
1.254
0.528
0.419
0.405
0.416
0.431
0.428
0.392
0.451
0.437
0.467
0.404
0.462
0.441
0.501
0.401
0.545
0.431
0.559
0.54
0.54
0.443
0.421
0.441
0.402
0.423
0.439
0.397
0.437
0.4
0.456
0.408
0.453
0.427
0.463
0.412
0.458
0.437
0.499
0.421
0.516
0.446
0.516
0.559
0.549
0.526
0.568
0.477
0.554
0.552
0.352
0.416
0.431
0.483
2.035
0.514
0.549
0.369
0.504
0.37
2.477
3.016
1.018
3.094
1.342
1.302
1.247
1.41
1.69
0.47
0.417
0.421
0.449
0.394
0.373
0.378
0.494
0.385
0.454
0.333
0.515
0.412
0.463
0.399
0.464
0.48
0.376
0.438
0.462
0.557
0.44
0.601
0.597
0.427
0.427
0.414
0.45
0.373
0.466
0.379
0.457
0.411
0.424
0.416
0.434
0.443
0.454
0.431
0.458
0.435
0.499
0.428
0.516
0.427
0.516
0.575
0.539
0.543
0.547
0.43
0.527
0.436
0.495
0.379
0.493
0.863
1.066
0.662
0.592
0.497
0.609
0.467
0.501
0.428
0.518
0.57
0.635
1.453
0.684
1.119
0.599
0.669
0.603
0.53
0.616
0.458
0.539
0.377
1.062
1.431
1.768
0.797
0.71
0.5
0.687
0.523
0.53
0.483
0.473
2.08
1.752
1.547
0.806
1.355
0.813
0.738
0.692
0.594
0.684
0.51
0.515
0.407
1.081
2.405
2.081
0.883
0.753
0.519
0.708
0.58
0.495
0.586
0.76
3.216
3.511
2.47
1.418
1.581
1.058
0.903
0.764
0.684
0.712
0.556
0.515
0.431
1.081
2.467
2.418
1.258
1.09
0.996
0.933
0.71
0.623
0.834
0.836
3.252
3.457
2.524
1.414
1.744
1.217
0.387
0.489
0.421
0.475
0.394
0.419
0.355
0.501
0.339
0.454
0.351
0.525
0.412
0.478
0.399
0.456
0.573
0.376
0.483
0.485
0.482
0.571
0.54
2.563
0.496
0.661
0.531
0.655
0.427
0.495
0.337
0.723
1.196
0.672
0.389
0.54
0.392
0.584
0.74
0.608
0.651
0.437
0.654
1.138
1.264
1.211
1.241
2.649
0.929
0.802
0.695
0.739
0.556
0.513
0.467
1.101
2.927
3.592
2.297
1.224
1.183
1.335
0.9
1.46
0.884
0.951
3.287
3.487
2.524
1.482
1.786
1.499
0.948
0.764
0.726
0.721
0.604
0.508
0.548
1.1
2.524
3.92
2.763
1.253
1.271
1.322
0.924
1.398
0.884
0.956
4.131
4.003
2.179
1.934
2.25
1.607
0.893
0.77
0.694
0.733
0.579
0.518
0.541
0.556
2.046
4.01
2.961
1.471
1.289
1.317
1.008
1.449
0.846
1.022
2.875
3.097
3.071
2.03
2.297
2.143
0.926
0.723
0.718
0.7
0.565
0.521
0.554
0.523
1.413
4.332
3.669
1.636
1.43
1.503
1.074
1.483
0.786
0.737
1.896
1.413
2.217
2.893
2.875
2.829
0.86
0.701
0.677
0.712
0.517
0.551
0.509
0.576
2.021
4.949
3.654
1.456
1.018
1.292
0.993
1.389
0.947
0.841
3.078
2.128
2.496
3.115
2.928
2.829
0.654
0.762
0.611
0.759
0.543
0.654
0.448
1.0
3.143
0.999
0.479
0.529
2.21
0.82
1.244
2.606
3.753
2.805
0.842
1.273
1.462
1.36
1.613
2.763
0.744
0.777
0.663
0.759
0.599
0.756
0.537
1.096
4.408
0.999
2.576
0.566
2.346
0.82
1.244
2.606
3.817
2.843
1.613
4.88
3.782
1.36
1.618
1.185
0.845
0.667
0.698
0.722
0.565
0.62
0.549
1.109
2.26
4.113
2.7
1.314
0.9
0.83
0.812
0.638
0.993
0.835
3.125
2.136
3.893
3.672
3.144
2.753
0.746
0.673
0.692
0.722
0.552
0.623
0.546
1.114
2.896
3.718
2.383
1.395
0.925
0.822
0.857
0.638
0.98
0.834
2.425
1.667
3.301
3.632
2.712
2.533
0.767
0.65
0.722
0.659
0.624
0.64
0.608
1.274
3.457
3.316
2.141
1.122
0.879
0.847
0.699
0.606
1.316
2.28
2.332
1.533
2.986
3.979
2.747
1.813
0.747
0.65
0.749
0.659
0.714
0.64
0.663
1.751
3.468
2.76
1.262
0.909
0.904
0.742
0.667
0.6
1.357
2.273
2.263
2.054
4.488
3.445
2.227
1.184
0.722
0.641
0.755
0.644
0.73
0.62
0.663
1.742
3.468
2.096
1.552
1.541
1.083
0.856
0.8
0.547
0.977
2.159
1.077
2.807
4.593
3.445
2.3
1.213
0.922
0.701
0.786
0.737
0.599
0.756
0.537
1.096
4.408
2.315
2.576
0.643
2.346
0.813
1.05
2.534
5.286
5.784
5.015
7.331
5.136
1.023
1.399
1.286
0.877
0.692
0.826
0.615
0.686
0.633
0.597
0.908
3.367
2.447
2.503
0.656
0.501
0.568
0.836
2.422
2.41
3.947
5.015
7.331
5.136
0.963
1.399
1.286
0.762
0.605
0.771
0.611
0.73
0.598
0.662
1.262
3.21
1.69
3.092
1.932
1.012
1.059
1.022
0.914
1.136
2.61
1.161
4.098
4.399
3.109
2.112
1.138
0.762
0.564
0.771
0.571
0.718
0.58
0.599
1.257
2.968
1.638
2.786
1.729
0.846
0.984
0.909
0.997
1.305
2.949
1.423
4.098
4.399
2.815
2.666
1.154
0.748
0.541
0.725
0.541
0.673
0.531
0.583
1.327
2.893
2.344
2.827
1.729
2.2
1.436
0.977
1.034
1.295
1.866
2.052
5.283
4.785
3.228
2.626
1.162
0.727
0.612
0.702
0.583
0.658
0.56
0.741
1.508
2.318
2.344
2.994
1.729
2.101
1.448
1.169
1.19
1.273
2.023
2.38
6.008
4.094
2.435
2.622
1.183
0.654
0.636
0.649
0.608
0.614
0.601
0.741
1.495
2.189
1.943
2.691
1.099
1.937
1.427
1.033
1.19
1.273
2.023
4.894
5.237
4.281
3.022
2.565
1.201
1.162
0.704
0.826
0.572
0.637
0.496
0.656
0.642
1.596
2.447
0.472
0.656
0.428
0.568
0.773
2.463
2.41
3.947
4.51
6.296
3.21
2.968
1.664
1.695
1.285
0.696
0.643
0.572
0.637
0.474
0.656
1.328
3.159
0.968
0.508
0.552
1.982
1.856
0.955
2.463
1.434
1.885
2.319
7.452
3.502
4.38
2.564
1.468
0.585
0.611
0.568
0.606
0.538
0.579
0.688
1.425
2.615
3.212
1.979
0.87
2.262
1.405
0.88
0.831
1.193
1.56
4.894
4.056
3.266
2.619
2.422
1.035
0.554
0.652
0.517
0.652
0.496
0.603
0.651
1.44
2.802
3.364
2.167
1.145
2.683
1.636
1.202
1.021
1.248
1.31
4.549
4.058
4.406
2.584
1.7
1.193
0.607
0.635
0.567
0.652
0.544
0.603
0.678
1.194
2.25
3.47
2.321
1.479
3.011
1.821
1.178
0.988
0.947
0.881
3.897
2.727
3.37
1.726
1.71
1.157
0.584
0.56
0.524
0.622
0.472
0.59
0.447
0.762
3.351
3.985
2.168
1.682
3.261
1.84
0.923
0.862
0.921
0.7
4.575
2.108
3.93
2.704
1.659
0.903
0.584
0.575
0.52
0.621
0.487
0.576
0.465
0.756
3.471
4.041
2.325
1.682
3.261
1.891
0.982
1.172
1.465
0.693
1.781
1.467
3.377
2.015
1.663
0.88
1.285
0.654
0.557
0.542
0.506
0.451
0.582
1.245
2.55
0.587
1.561
1.184
1.982
2.315
0.779
0.689
1.318
1.48
3.341
7.452
3.85
4.664
2.564
1.582
0.972
0.501
0.577
0.465
0.516
0.497
0.497
1.28
3.48
2.854
1.668
1.196
1.982
2.315
1.187
2.351
1.523
1.524
3.341
7.19
3.85
4.242
2.461
1.173
0.589
0.628
0.532
0.59
0.527
0.559
0.48
0.78
3.562
3.111
1.614
1.681
2.943
1.858
0.923
1.458
1.567
0.902
2.262
1.951
3.533
2.101
1.687
1.042
0.738
0.64
0.528
0.589
0.527
0.545
0.486
0.749
3.113
3.351
2.282
1.499
2.479
1.56
0.589
1.27
1.622
1.109
2.721
2.185
2.302
1.968
1.542
0.961
0.683
0.64
0.479
0.589
0.492
0.545
0.473
1.007
3.31
2.906
2.336
1.404
1.29
1.514
1.119
1.31
1.594
1.214
3.338
2.302
3.228
2.889
2.478
1.971
0.841
0.64
0.473
0.566
0.509
0.503
0.511
0.742
2.434
2.724
2.547
1.342
0.924
1.395
1.168
1.36
1.841
1.613
3.854
2.039
2.298
2.558
2.84
1.996
0.859
0.577
0.502
0.533
0.528
0.466
0.521
0.726
2.077
2.399
2.474
1.409
1.76
1.581
1.344
1.098
1.469
1.658
3.854
2.154
2.816
3.65
2.787
2.219
0.854
0.455
0.577
0.491
0.516
0.497
0.487
0.587
1.703
4.87
2.106
1.219
0.431
1.028
1.449
3.314
1.241
2.748
4.902
3.78
2.641
3.295
1.615
1.698
0.808
0.549
0.518
0.567
0.499
0.559
0.474
1.593
2.737
4.87
1.211
0.539
0.538
1.51
2.115
3.314
1.241
2.784
3.657
1.32
1.757
1.407
1.854
1.773
1.228
0.697
0.533
0.552
0.567
0.436
0.568
0.683
1.51
3.15
2.354
3.006
2.108
1.924
1.475
0.776
1.178
1.49
3.674
1.889
3.001
3.785
2.903
2.23
1.063
0.705
0.533
0.547
0.567
0.438
0.571
0.981
2.202
3.538
1.541
3.006
2.108
1.944
1.994
0.769
1.123
2.398
3.245
2.975
3.603
4.804
2.974
2.354
1.103
0.705
0.577
0.547
0.586
0.437
0.557
0.74
2.412
3.908
1.566
2.99
2.098
1.951
1.635
0.771
1.142
2.359
2.631
2.975
2.946
4.744
2.215
1.405
0.942
0.702
0.564
0.589
0.557
0.498
0.533
0.765
2.731
3.733
1.405
3.119
2.097
1.951
2.075
0.739
0.954
1.967
1.503
3.16
4.176
4.398
1.989
1.405
0.912
0.744
0.544
0.612
0.533
0.533
0.53
0.904
3.266
3.799
2.168
3.779
1.627
1.913
1.963
0.991
0.874
2.012
2.4
3.443
4.884
4.169
2.514
1.173
0.811
0.549
0.505
0.567
0.512
0.529
0.474
1.521
1.594
3.998
1.743
1.093
0.587
1.491
2.05
1.592
1.059
2.784
3.651
2.494
2.203
1.589
1.854
1.773
0.475
0.648
0.471
0.564
0.527
0.529
0.501
1.691
3.423
3.78
2.156
1.041
0.587
1.632
2.821
1.116
0.734
0.68
0.774
1.664
1.071
1.306
1.971
1.269
0.525
0.637
0.486
0.619
0.472
0.563
0.479
1.077
3.336
2.945
2.534
2.318
1.372
1.655
1.963
0.991
0.874
1.951
2.36
3.48
4.706
4.169
2.547
1.118
0.594
0.558
0.541
0.588
0.476
0.567
0.457
0.813
3.258
2.668
2.826
2.696
1.722
1.769
1.418
0.941
0.664
0.725
2.695
2.482
4.397
3.266
2.547
0.939
0.613
0.595
0.476
0.588
0.477
0.567
0.614
0.914
2.769
2.44
3.156
2.696
1.859
1.238
1.291
2.066
0.921
0.905
3.861
2.857
5.475
2.584
2.433
0.875
0.608
0.643
0.457
0.564
0.523
0.531
0.624
0.914
2.501
2.262
3.156
2.497
1.892
1.238
0.849
2.048
0.93
0.848
3.549
2.52
5.478
2.84
2.308
0.83
0.608
0.637
0.475
0.527
0.551
0.481
0.658
1.44
2.0
1.95
2.261
1.608
1.575
1.011
0.79
1.774
0.868
0.832
3.975
2.716
4.489
2.283
1.803
0.802
0.471
0.665
0.471
0.598
0.527
0.533
0.486
0.648
2.536
3.78
3.352
1.684
0.619
0.631
1.804
1.067
0.58
0.518
0.773
1.664
1.089
1.628
1.863
1.083
0.431
0.665
0.445
0.598
0.51
0.5
0.612
0.754
4.258
2.968
3.352
1.101
0.674
1.323
2.283
2.045
0.782
0.834
0.986
1.512
2.402
1.689
1.863
1.476
0.606
0.565
0.545
0.495
0.598
0.465
0.695
1.279
1.429
2.567
1.809
1.398
1.654
1.007
0.79
1.741
0.947
1.024
4.266
2.638
4.885
2.402
1.769
0.706
0.595
0.584
0.547
0.479
0.615
0.438
0.712
1.256
1.804
3.056
2.151
1.051
1.873
0.978
0.812
1.72
0.947
1.072
3.88
2.211
4.643
2.473
1.866
0.818
0.555
0.688
0.575
0.581
0.59
0.556
0.561
1.204
1.822
2.732
1.508
0.842
1.317
0.923
1.144
0.616
0.718
0.957
2.608
2.667
3.976
3.036
2.129
1.066
0.534
0.663
0.594
0.574
0.585
0.531
0.584
1.165
1.514
2.649
1.582
0.995
1.27
0.837
1.06
0.538
0.703
1.079
2.921
3.033
2.614
2.891
2.292
1.192
0.609
0.636
0.627
0.552
0.588
0.546
0.559
0.544
1.513
3.191
2.078
1.072
1.237
0.765
0.991
0.614
0.673
1.407
1.898
3.233
3.381
2.891
2.263
1.191
0.851
1.032
0.613
0.595
0.544
0.546
0.583
0.619
2.577
1.256
2.487
1.354
0.806
1.062
1.161
1.467
0.766
0.811
1.958
3.888
3.173
3.152
1.805
1.474
0.938
0.95
0.674
0.463
0.603
0.44
0.685
0.722
2.676
1.344
0.73
0.757
0.803
1.574
1.346
1.567
1.018
0.931
4.31
3.888
3.681
4.18
1.705
1.597
0.583
0.653
0.591
0.568
0.568
0.549
0.555
0.544
1.605
2.585
2.312
1.149
1.34
0.835
1.138
0.732
1.048
1.722
1.733
3.153
2.79
2.99
2.354
1.254
0.544
0.672
0.564
0.601
0.55
0.562
0.549
0.564
1.208
1.434
1.545
1.007
1.102
0.867
1.115
0.713
1.084
1.722
1.756
3.424
3.733
3.52
2.603
1.227
0.505
0.609
0.537
0.558
0.542
0.516
0.516
0.631
1.153
1.507
1.7
1.227
1.4
1.281
1.131
0.946
1.319
1.873
1.893
2.435
3.359
2.975
2.406
1.005
0.52
0.601
0.536
0.576
0.513
0.569
0.468
0.679
1.062
2.208
2.066
1.303
1.553
2.03
1.324
1.253
1.434
2.206
1.889
3.042
4.555
3.192
2.231
0.889
0.526
0.626
0.54
0.62
0.555
0.607
0.664
1.537
1.012
1.901
2.013
1.632
1.89
2.494
1.77
1.38
1.524
1.856
1.459
2.281
3.747
4.008
2.143
0.857
0.941
0.947
0.674
0.447
0.636
0.449
0.624
0.651
0.904
0.996
0.704
0.757
0.918
1.132
0.924
1.333
1.727
0.777
5.192
5.348
3.373
4.557
1.785
1.196
0.655
0.556
0.615
0.578
0.647
0.508
0.684
1.265
1.279
0.996
0.852
0.594
1.447
1.158
1.416
1.428
1.727
1.504
5.192
6.143
3.373
4.19
2.239
1.382
0.542
0.625
0.53
0.627
0.52
0.619
0.626
1.616
0.89
1.831
1.919
1.663
1.85
2.535
1.857
1.382
2.371
1.516
1.35
2.188
3.634
3.707
2.075
0.747
0.528
0.607
0.537
0.629
0.499
0.627
0.638
2.245
1.118
2.135
2.667
1.838
1.813
2.697
2.045
1.639
2.721
2.052
2.499
2.69
3.03
3.138
1.764
0.65
0.562
0.578
0.548
0.595
0.516
0.604
0.631
2.293
1.964
2.135
2.796
1.849
1.711
2.767
2.057
1.686
2.712
2.016
3.169
3.447
3.542
3.593
1.764
0.88
0.641
0.613
0.6
0.585
0.538
0.605
0.678
2.293
1.964
1.564
2.867
1.771
1.786
2.424
2.057
1.5
2.667
1.775
3.675
3.737
2.553
3.387
1.885
1.02
0.635
0.626
0.617
0.572
0.484
0.591
0.529
1.437
1.93
1.509
3.262
1.649
1.474
2.023
1.67
1.413
2.662
1.91
3.675
3.817
2.55
2.554
2.174
1.429
0.573
0.64
0.587
0.589
0.647
0.536
0.617
1.118
1.131
0.96
1.353
0.762
1.447
1.579
1.287
1.461
1.798
2.362
7.634
6.143
6.261
4.409
2.471
1.458
0.575
0.679
0.728
0.702
0.65
0.657
0.687
1.374
1.458
1.206
1.465
0.874
1.432
2.192
2.338
1.054
1.156
2.362
7.955
6.135
5.768
3.762
2.471
1.583
0.841
0.738
0.656
0.631
0.555
0.622
0.603
1.416
1.949
1.6
3.262
1.666
1.495
2.295
1.603
1.47
1.521
2.231
3.737
3.817
2.55
2.723
2.168
1.519
0.855
0.749
0.66
0.582
0.619
0.602
0.607
0.74
1.63
1.326
2.551
1.498
1.41
2.161
1.39
1.272
1.328
1.694
3.523
3.546
2.478
3.477
2.295
1.528
0.878
0.749
0.66
0.654
0.623
0.577
0.641
0.54
0.877
1.328
2.402
1.343
1.337
1.893
1.073
0.944
1.466
1.95
2.897
3.146
2.424
3.177
2.295
1.351
0.84
0.73
0.613
0.645
0.625
0.528
0.653
0.516
1.021
1.276
2.759
1.384
1.088
1.492
1.024
0.882
1.466
1.866
2.436
2.088
2.286
3.163
2.178
1.253
0.812
0.697
0.57
0.596
0.652
0.521
0.708
0.63
1.123
1.212
2.089
1.227
1.151
1.53
1.148
1.712
1.416
1.639
2.436
1.947
2.077
3.029
1.889
0.957
0.733
0.679
0.755
0.605
0.611
0.722
0.637
0.776
1.022
1.351
1.465
0.874
1.046
2.192
3.449
1.087
1.156
2.064
8.129
4.785
6.012
3.239
2.072
1.595
0.733
0.658
0.755
0.663
0.564
0.722
0.597
0.776
1.342
1.351
1.1
0.707
1.046
2.112
3.449
1.087
1.1
1.515
5.217
5.095
3.999
2.422
2.0
1.595
0.641
0.577
0.571
0.505
0.617
0.457
0.673
0.643
1.178
1.228
2.223
1.194
1.279
1.364
1.164
1.726
1.329
1.249
2.521
2.573
2.401
2.694
1.729
0.877
0.628
0.542
0.583
0.526
0.591
0.47
0.673
0.791
1.21
1.193
2.289
1.287
1.44
1.37
1.247
1.865
1.164
1.174
1.558
2.42
2.894
2.741
1.86
0.795
0.603
0.533
0.602
0.484
0.601
0.495
0.633
0.934
1.192
1.231
2.296
1.287
1.768
1.62
1.354
1.987
0.862
0.936
1.537
2.293
3.33
3.022
1.728
0.753
0.582
0.51
0.612
0.499
0.611
0.526
0.716
1.022
1.219
1.231
1.529
1.193
1.852
1.624
1.388
1.987
0.862
0.936
1.272
2.101
2.998
2.876
1.692
0.738
0.582
0.519
0.612
0.499
0.633
0.524
0.621
1.091
1.716
1.481
1.595
1.162
1.852
1.629
1.388
1.289
0.919
1.021
1.4
2.505
3.271
2.998
1.601
0.608
0.719
0.595
0.599
0.579
0.459
0.706
0.474
0.564
1.39
1.277
0.898
0.563
0.854
1.474
3.119
1.232
1.289
1.56
4.951
4.943
3.999
3.8
2.0
1.312
0.545
0.509
0.551
0.579
0.529
0.599
0.468
0.531
1.39
1.133
0.898
0.563
0.514
0.712
1.473
1.051
2.214
1.651
4.472
4.943
3.957
3.8
1.99
1.098
0.584
0.553
0.593
0.515
0.629
0.541
0.616
1.091
2.093
1.783
1.676
1.345
1.775
1.526
1.266
1.266
0.879
0.965
1.152
1.777
2.978
2.998
1.563
0.592
0.566
0.575
0.564
0.524
0.617
0.545
0.626
1.158
2.093
1.718
2.009
1.552
1.787
1.409
1.077
0.98
0.825
1.032
1.727
2.044
2.81
2.082
1.138
0.562
0.528
0.583
0.547
0.522
0.62
0.519
0.653
1.134
2.009
1.624
1.981
1.574
1.67
1.8
1.213
0.999
0.955
0.972
1.838
2.244
2.088
1.858
1.327
0.594
0.514
0.597
0.529
0.51
0.588
0.519
0.573
1.04
2.078
1.821
2.527
1.574
1.527
1.728
1.161
0.948
1.083
1.16
2.119
2.352
2.088
1.837
1.35
0.608
0.562
0.594
0.502
0.51
0.564
0.517
0.614
0.916
1.745
2.122
2.596
1.649
1.438
1.784
2.018
0.992
1.105
1.75
2.848
2.232
2.116
1.825
1.394
0.612
0.59
0.484
0.551
0.514
0.53
0.572
0.482
0.531
1.236
1.214
2.568
0.807
0.524
0.772
1.46
1.08
2.214
1.651
5.495
3.814
2.81
3.443
1.597
0.838
0.77
0.484
0.547
0.524
0.557
0.498
0.482
0.544
1.093
0.99
2.565
0.784
2.475
1.058
0.818
0.742
1.736
1.481
5.195
3.968
2.567
2.032
1.564
1.125
0.533
0.601
0.508
0.499
0.599
0.495
0.645
0.832
1.379
1.721
2.364
1.46
1.377
1.808
2.134
1.103
1.228
1.901
2.969
2.298
2.054
1.574
1.342
0.724
0.571
0.602
0.508
0.497
0.622
0.49
0.645
0.774
1.379
1.729
1.963
1.145
1.206
1.808
2.462
1.19
1.228
1.918
2.603
2.036
1.738
1.666
1.595
0.918
0.574
0.602
0.54
0.515
0.599
0.522
0.639
0.71
1.447
2.047
2.308
1.078
1.265
1.582
2.511
1.113
1.101
1.918
2.577
1.713
1.609
1.724
1.585
0.922
0.602
0.549
0.555
0.518
0.624
0.506
0.63
0.716
1.286
1.898
1.751
1.091
1.288
1.608
2.511
1.093
1.029
1.775
2.555
1.911
1.583
1.755
2.312
1.194
0.553
0.547
0.572
0.518
0.599
0.505
0.606
0.723
1.141
1.338
1.526
0.942
1.213
1.504
1.781
0.981
0.908
1.086
2.902
2.0
2.189
1.999
2.39
1.227
0.781
0.545
0.528
0.549
0.561
0.47
0.57
0.569
1.232
0.958
2.782
0.819
2.46
1.058
0.768
0.742
0.62
0.895
5.195
6.433
2.71
3.601
1.715
1.03
0.781
0.583
0.518
0.549
0.561
0.57
0.532
0.594
1.285
2.383
1.112
0.72
2.456
0.99
0.961
0.795
0.759
1.047
4.698
6.433
2.786
3.601
1.86
1.275
0.576
0.511
0.613
0.53
0.528
0.546
0.581
0.751
1.086
1.738
1.536
0.857
1.205
1.494
1.867
1.073
0.904
0.936
2.559
1.852
2.224
2.144
2.39
1.172
0.555
0.492
0.613
0.571
0.519
0.543
0.568
0.636
1.091
1.674
1.541
1.184
1.52
1.584
1.466
0.95
0.827
0.898
2.655
1.488
1.857
1.843
2.384
1.941
0.631
0.492
0.589
0.536
0.551
0.507
0.58
0.616
0.948
1.394
1.083
1.377
1.622
1.277
1.125
0.898
0.827
0.898
2.655
1.487
1.809
1.807
2.42
1.977
0.616
0.535
0.567
0.524
0.539
0.5
0.6
0.607
1.063
1.985
1.16
1.297
1.532
1.198
1.054
0.815
0.747
1.088
2.843
1.428
1.817
1.81
2.151
2.334
0.644
0.532
0.54
0.523
0.534
0.502
0.605
0.606
1.006
2.051
1.22
1.297
1.447
1.234
1.183
0.825
0.813
1.121
2.555
2.21
1.415
1.669
2.425
2.418
0.761
0.632
0.492
0.52
0.555
0.551
0.63
0.589
1.285
2.383
1.322
0.973
0.827
1.279
1.479
2.089
2.673
1.774
5.972
6.924
2.912
3.569
1.893
1.473
1.064
0.632
0.494
0.505
0.54
0.551
0.65
0.761
1.134
2.649
1.145
0.973
0.827
1.398
1.479
3.47
2.673
1.774
5.972
5.585
2.912
2.046
1.967
1.473
0.655
0.538
0.503
0.504
0.537
0.457
0.622
0.553
1.009
2.252
1.409
1.336
1.453
1.325
0.941
0.639
0.912
1.466
2.93
3.177
1.632
2.016
2.97
2.709
0.667
0.533
0.528
0.449
0.528
0.434
0.622
0.553
1.056
2.888
1.451
0.967
1.347
1.722
1.251
0.985
1.251
1.708
2.864
3.634
2.757
2.413
2.989
1.999
0.657
0.536
0.519
0.459
0.517
0.443
0.595
0.556
1.056
2.954
1.451
0.905
1.136
1.641
1.256
1.039
1.308
1.729
3.687
4.455
3.25
2.421
2.989
2.003
0.657
0.529
0.519
0.469
0.498
0.434
0.558
0.512
0.961
2.518
2.074
1.002
1.149
1.974
1.956
1.415
1.613
2.004
3.829
4.455
3.25
2.421
2.65
1.511
0.634
0.506
0.528
0.469
0.488
0.433
0.524
0.569
0.953
2.518
1.974
0.984
1.149
1.827
1.642
1.347
1.61
2.004
3.173
3.578
3.02
2.318
2.381
1.381
1.064
0.615
0.49
0.525
0.539
0.515
0.65
0.751
0.99
1.18
1.275
0.894
0.816
1.398
1.393
3.47
2.621
1.702
6.187
5.092
2.735
1.981
1.967
1.327
0.936
0.519
0.553
0.504
0.545
0.495
0.598
0.751
1.054
1.18
1.019
0.575
0.497
0.626
0.971
2.143
0.843
0.812
3.995
2.336
1.691
1.942
1.967
1.159
0.601
0.511
0.528
0.464
0.491
0.431
0.501
0.573
1.026
2.718
1.733
1.062
1.92
2.107
1.629
1.366
1.453
1.896
3.267
2.746
2.79
1.863
1.797
1.245
0.58
0.511
0.524
0.458
0.49
0.432
0.476
0.575
0.991
2.002
1.813
1.393
1.675
1.863
1.338
1.388
1.628
1.822
4.082
3.273
2.22
1.755
1.745
1.067
0.525
0.485
0.52
0.472
0.488
0.445
0.46
0.576
1.047
1.875
1.902
1.646
1.814
2.127
1.641
1.49
1.622
2.418
4.204
2.832
2.646
1.837
1.763
0.925
0.496
0.485
0.543
0.449
0.511
0.442
0.524
0.84
1.073
1.652
1.13
1.565
1.826
1.882
1.07
1.499
1.618
2.055
4.028
3.491
3.449
2.14
1.897
1.099
0.536
0.462
0.54
0.483
0.524
0.445
0.573
0.748
1.06
1.856
1.209
1.703
1.955
1.987
1.645
1.823
2.035
2.141
4.214
3.588
3.475
2.178
1.946
1.261
0.654
0.519
0.566
0.504
0.498
0.483
0.49
0.545
1.054
1.804
1.69
0.628
0.438
0.502
0.743
0.601
0.71
1.297
5.236
4.214
2.664
1.855
1.743
1.11
0.654
0.468
0.566
0.55
0.498
0.461
0.492
0.518
1.188
2.031
1.694
0.524
0.558
2.146
1.086
0.82
1.025
1.486
5.332
4.478
2.691
1.753
1.728
1.4
1.044
0.502
0.561
0.468
0.527
0.489
0.57
0.757
0.989
1.605
1.529
1.728
1.231
1.867
1.645
1.823
1.991
2.03
4.613
3.843
3.524
2.178
1.946
1.233
0.515
0.545
0.537
0.461
0.551
0.502
0.593
0.763
0.938
1.662
1.322
1.563
1.275
1.797
1.757
1.748
1.638
1.928
3.933
3.426
3.723
2.727
1.999
1.387
0.508
0.583
0.517
0.467
0.551
0.493
0.593
0.741
0.837
1.67
1.296
1.376
1.036
1.651
1.955
1.975
1.598
1.341
3.103
3.854
4.012
2.935
2.353
2.021
0.587
0.556
0.467
0.516
0.542
0.521
0.532
0.493
0.71
1.707
1.305
1.376
1.036
1.651
1.89
1.613
1.305
1.515
3.166
3.545
3.515
2.802
2.224
2.09
0.631
0.582
0.483
0.523
0.521
0.524
0.504
0.519
0.662
1.62
1.968
1.51
0.915
1.485
1.488
1.35
0.886
1.473
2.972
4.653
3.814
2.901
2.242
2.246
0.765
0.501
0.532
0.6
0.448
0.508
0.5
0.518
1.134
2.031
1.694
0.591
0.509
2.412
1.413
3.378
2.115
2.319
6.181
4.478
2.691
1.87
1.65
1.52
0.986
0.485
0.529
0.6
0.485
0.508
0.566
0.501
1.124
1.266
1.224
0.552
0.509
2.412
1.413
3.378
2.115
2.045
6.181
3.348
4.482
2.463
3.318
2.028
1.481
0.57
0.471
0.522
0.483
0.517
0.5
0.524
0.517
1.077
1.612
1.453
0.751
1.167
1.746
2.071
1.862
1.561
2.538
4.463
3.578
2.748
2.298
2.267
0.887
0.569
0.505
0.561
0.433
0.517
0.505
0.51
0.525
1.086
1.982
2.748
1.14
1.198
1.636
2.056
2.954
2.171
2.795
5.118
4.292
2.627
2.797
2.893
1.191
0.617
0.541
0.572
0.462
0.549
0.491
0.495
0.541
1.086
2.076
2.583
1.833
1.81
1.558
2.387
3.332
2.171
2.901
5.423
3.833
2.51
2.474
2.377
1.208
0.617
0.541
0.58
0.462
0.533
0.465
0.486
0.553
1.088
2.065
2.583
1.785
1.915
1.599
2.387
3.314
2.035
2.83
5.417
3.847
2.51
2.474
2.372
1.266
0.618
0.519
0.564
0.456
0.537
0.461
0.483
0.534
1.076
2.242
2.6
1.749
1.883
1.459
2.265
3.263
1.855
2.853
5.191
4.103
2.506
2.437
2.287
1.21
0.488
0.51
0.548
0.485
0.527
0.566
0.493
0.716
0.955
1.19
0.756
0.614
1.086
1.561
3.334
2.738
3.243
4.646
4.766
6.102
3.264
5.278
2.24
1.239
0.458
0.506
0.521
0.487
0.474
0.521
0.493
0.99
0.851
1.285
0.694
0.597
1.077
1.284
0.954
1.656
2.482
2.588
4.792
6.102
3.264
5.278
2.24
1.239
0.587
0.523
0.564
0.476
0.511
0.482
0.448
0.569
1.034
2.356
3.29
1.832
1.886
1.378
1.538
2.276
1.553
2.701
5.477
4.685
3.095
2.618
2.294
1.144
0.588
0.481
0.565
0.466
0.513
0.431
0.489
0.562
1.043
2.732
2.126
1.681
1.93
1.768
1.428
1.179
1.067
2.387
4.923
4.069
3.273
2.496
1.825
0.847
0.499
0.461
0.539
0.42
0.476
0.423
0.505
0.642
1.429
3.127
2.115
0.935
1.154
1.335
0.757
0.922
1.26
2.239
4.878
3.736
3.365
2.577
1.9
0.95
0.509
0.484
0.504
0.438
0.497
0.44
0.513
0.611
1.444
3.127
2.086
0.931
0.934
1.195
0.806
1.039
1.243
2.239
4.878
3.829
4.111
2.64
1.936
1.09
0.516
0.484
0.498
0.459
0.51
0.428
0.499
0.593
1.43
2.28
1.887
1.332
1.725
1.633
0.895
1.252
1.573
2.115
4.631
4.095
4.111
3.444
1.963
1.145
0.865
0.568
0.521
0.461
0.473
0.492
0.493
0.766
0.751
1.312
2.376
0.782
0.921
1.339
0.954
1.656
2.958
3.057
7.983
4.143
3.061
3.811
1.812
0.952
1.081
0.568
0.493
0.461
0.438
0.52
0.486
1.123
0.978
2.353
2.301
0.671
0.637
1.3
1.088
1.065
2.387
2.79
5.829
2.406
2.352
1.971
1.297
0.918
0.521
0.436
0.528
0.451
0.535
0.396
0.499
0.565
1.43
2.168
1.135
1.58
2.101
1.71
1.916
1.252
1.866
2.236
4.393
3.778
3.944
3.293
1.963
1.254
0.515
0.422
0.54
0.452
0.537
0.414
0.472
0.576
1.417
1.514
1.205
1.862
1.774
1.551
2.082
1.432
1.869
2.182
5.014
3.331
3.484
2.877
1.842
1.254
0.515
0.424
0.527
0.467
0.537
0.432
0.48
0.449
1.021
1.165
1.35
2.772
1.932
1.843
2.137
1.314
1.707
2.12
5.261
3.323
3.859
3.2
1.748
1.162
0.505
0.41
0.515
0.477
0.508
0.462
0.453
0.463
0.945
1.165
1.35
2.772
1.932
1.843
2.137
1.211
1.707
2.264
5.279
3.21
2.951
3.125
1.749
0.918
0.466
0.457
0.474
0.466
0.475
0.464
0.479
0.626
0.903
1.124
1.773
2.5
1.222
1.462
2.071
1.352
1.928
2.588
4.694
2.527
2.849
3.289
1.835
0.936
1.081
0.598
0.454
0.522
0.409
0.52
0.457
0.852
0.888
2.339
2.343
0.781
0.825
1.672
2.351
2.364
2.387
2.79
7.441
3.675
2.757
1.995
1.797
1.06
0.665
0.506
0.454
0.47
0.471
0.491
0.51
0.823
0.888
2.199
0.871
1.096
1.239
2.01
2.351
2.409
3.804
2.858
6.644
4.185
2.996
1.995
1.753
1.355
0.461
0.491
0.418
0.466
0.437
0.464
0.498
0.586
0.919
1.092
1.764
2.725
0.908
1.515
1.404
1.596
1.908
2.531
4.694
2.527
2.849
3.289
1.835
0.955
0.421
0.497
0.351
0.468
0.429
0.459
0.498
0.559
0.919
1.043
2.007
2.625
1.049
2.221
1.257
1.417
1.942
2.695
4.554
2.489
2.997
3.465
2.007
0.942
0.421
0.498
0.36
0.454
0.41
0.44
0.507
0.632
1.022
0.796
1.85
1.795
0.87
2.233
1.908
1.801
2.029
2.734
4.27
3.157
2.509
3.135
2.08
1.11
0.389
0.498
0.344
0.447
0.418
0.403
0.502
0.623
0.965
0.884
1.856
1.882
0.954
2.516
2.879
2.291
2.506
2.706
5.061
3.238
2.636
3.209
2.139
1.172
0.4
0.477
0.349
0.441
0.409
0.412
0.458
0.462
0.887
1.034
1.416
1.922
1.054
2.516
2.879
2.097
2.219
2.443
6.141
3.676
3.555
2.331
2.019
1.296
0.643
0.51
0.398
0.512
0.421
0.486
0.457
0.46
0.63
0.952
1.006
1.144
1.239
2.01
2.765
2.6
3.651
4.063
7.289
5.213
2.996
1.877
1.786
1.485
1.021
0.475
0.439
0.41
0.485
0.457
0.51
0.45
0.537
0.867
1.23
2.954
1.166
1.291
1.455
1.446
3.648
4.063
7.289
6.571
2.899
2.176
1.713
1.523
0.398
0.461
0.353
0.461
0.393
0.408
0.426
0.505
0.754
1.131
1.414
1.778
1.528
2.982
3.273
2.005
2.286
2.425
6.802
3.93
3.573
2.331
2.06
1.47
0.427
0.469
0.363
0.448
0.38
0.419
0.42
0.522
0.718
1.138
1.745
1.404
1.313
2.251
3.347
1.985
2.286
2.554
6.802
3.93
3.357
2.195
1.871
1.47
0.437
0.46
0.351
0.432
0.386
0.45
0.369
0.495
0.597
1.138
1.841
1.963
2.206
2.562
4.626
2.504
2.301
2.52
6.772
3.301
3.228
2.154
1.882
1.475
0.456
0.461
0.37
0.418
0.356
0.473
0.364
0.527
0.63
1.108
1.862
1.96
2.052
2.251
3.739
1.97
1.763
2.516
6.465
3.778
3.644
2.61
1.834
1.478
0.457
0.461
0.402
0.418
0.347
0.46
0.364
0.562
0.687
1.068
1.828
1.936
2.465
2.205
3.788
1.996
1.929
3.055
5.449
3.366
2.701
2.574
1.886
1.467
1.021
0.52
0.441
0.471
0.428
0.5
0.434
0.521
0.512
0.881
2.832
2.713
0.782
0.725
1.932
2.207
2.111
4.734
6.823
6.571
2.657
2.176
1.713
1.589
0.933
0.507
0.526
0.431
0.499
0.438
0.463
0.557
0.768
1.018
2.984
2.762
0.77
0.896
1.525
1.892
2.111
3.699
6.171
5.381
3.726
2.851
1.704
1.589
0.481
0.447
0.422
0.403
0.375
0.477
0.364
0.564
0.738
1.304
2.511
1.682
1.952
1.362
3.025
2.171
1.598
2.809
4.125
3.165
2.568
2.461
1.805
1.44
0.461
0.455
0.436
0.435
0.359
0.478
0.365
0.575
0.798
1.229
1.623
1.64
1.986
1.533
3.519
2.94
1.799
2.567
3.844
3.794
3.241
2.613
1.871
1.44
0.461
0.47
0.436
0.455
0.382
0.459
0.385
0.575
0.888
1.19
1.527
0.953
1.322
1.16
1.545
2.732
1.861
2.488
3.748
4.294
4.202
2.699
1.821
1.37
0.447
0.482
0.436
0.455
0.414
0.439
0.418
0.573
0.996
1.166
1.466
0.92
1.533
1.323
1.587
2.803
2.174
2.652
3.317
3.525
3.429
1.989
1.856
1.288
0.451
0.503
0.438
0.455
0.461
0.431
0.458
0.568
1.087
1.597
1.995
0.98
1.241
1.319
1.765
2.82
2.018
2.031
4.106
3.51
3.441
1.87
1.905
1.096
0.666
0.507
0.466
0.485
0.456
0.508
0.386
0.557
0.742
1.164
2.984
0.922
0.706
1.436
2.506
2.36
1.931
3.59
6.685
3.129
5.2
2.531
1.617
1.533
0.589
0.438
0.466
0.491
0.456
0.461
0.426
1.085
1.235
1.336
1.286
0.832
0.706
1.434
2.126
1.475
1.3
2.078
6.339
3.129
5.2
2.531
1.617
1.333
0.467
0.503
0.453
0.441
0.459
0.417
0.478
0.586
1.101
1.932
1.558
1.033
1.43
1.319
1.775
2.655
2.054
2.125
4.467
3.705
4.453
2.439
1.923
0.813
0.49
0.476
0.447
0.4
0.459
0.387
0.478
0.573
1.101
1.918
1.521
1.033
1.43
1.281
1.061
1.945
1.941
2.054
3.975
2.813
3.506
2.139
1.923
0.722
0.512
0.428
0.383
0.363
0.431
0.378
0.42
0.558
0.947
1.783
1.394
0.958
1.156
0.966
0.939
1.194
1.51
1.668
3.428
1.755
2.134
1.627
1.602
0.574
0.512
0.375
0.352
0.345
0.402
0.343
0.36
0.54
0.77
1.645
1.318
0.833
0.87
0.725
0.818
0.927
1.147
1.29
2.745
1.48
2.045
1.454
1.259
0.549
0.495
0.312
0.315
0.316
0.341
0.298
0.302
0.514
0.609
1.075
0.649
0.559
0.587
0.44
0.399
0.653
0.837
0.932
1.284
0.896
1.565
1.082
0.901
0.508
0.449
0.399
0.382
0.491
0.378
0.461
0.397
1.069
0.966
1.336
0.894
0.503
0.569
1.145
1.722
1.184
1.185
1.611
3.755
1.819
3.055
1.17
1.132
0.898
0.394
0.35
0.362
0.419
0.33
0.325
0.384
1.067
0.972
0.823
0.61
0.31
0.302
0.282
0.299
0.405
0.553
0.46
0.409
0.433
0.438
0.359
0.568
0.543
0.453
0.279
0.269
0.302
0.3
0.254
0.253
0.486
0.444
0.286
0.268
0.291
0.299
0.226
0.296
0.392
0.478
0.476
0.404
0.398
0.411
0.369
0.575
0.51
0.451
0.292
0.293
0.284
0.295
0.265
0.253
0.476
0.442
0.303
0.274
0.277
0.288
0.25
0.307
0.377
0.477
0.473
0.418
0.4
0.385
0.373
0.584
0.514
0.428
0.283
0.312
0.302
0.277
0.248
0.284
0.489
0.46
0.287
0.276
0.294
0.289
0.271
0.307
0.354
0.491
0.496
0.428
0.396
0.374
0.407
0.596
0.513
0.429
0.297
0.333
0.31
0.292
0.25
0.286
0.507
0.47
0.312
0.281
0.275
0.298
0.303
0.315
0.36
0.486
0.515
0.446
0.405
0.376
0.418
0.584
0.531
0.458
0.323
0.325
0.314
0.311
0.289
0.298
0.506
0.489
0.32
0.29
0.293
0.323
0.319
0.307
0.362
0.523
0.539
0.44
0.408
0.395
0.444
0.591
0.528
