0.0
0.0
0.0
0.0
0.0
0.0
0.0
0.0
0.0
0.0
0.0
0.0
0.0
0.0
0.0
0.0
0.0
0.0
0.0
0.0
0.0
0.0
0.0
0.0
0.0
0.0
0.0
0.0
0.0
0.0
0.0
0.0
0.0
0.0
0.0
0.0
0.0
0.0
0.0
0.0
0.0
0.0
0.0
0.0
0.0
0.0
0.0
0.0
0.0
0.0
0.0
0.0
0.0
0.0
0.0
0.0
0.0
0.0
0.0
0.0
0.0
0.0
0.0
0.0
0.0
0.0
0.0
0.0
0.0
0.0
0.0
0.0
0.0
0.0
0.0
0.0
0.0
0.0
0.0
0.0
0.0
0.0
0.0
0.0
0.0
0.0
0.0
0.0
0.0
0.0
0.0
0.0
0.0
0.0
0.0
0.0
0.0
0.0
0.0
0.0
0.0
0.0
0.0
0.0
0.0
0.0
0.0
0.0
0.0
0.0
0.0
0.0
0.0
0.0
0.0
0.0
0.0
0.0
0.0
0.0
0.0
0.0
0.0
0.0
0.0
0.0
0.0
0.0
0.0
0.0
0.0
0.0
0.0
0.0
0.0
0.0
0.0
0.0
0.0
0.0
0.0
0.0
0.0
0.0
0.0
0.0
0.0
0.0
0.0
0.0
0.0
0.0
0.0
0.0
0.0
0.0
0.0
0.0
0.0
0.0
0.0
0.0
0.0
0.0
0.0
0.0
0.0
0.0
0.0
0.0
0.0
0.0
0.0
0.0
0.0
0.0
0.0
0.0
0.0
0.0
0.0
0.0
0.0
0.0
0.0
0.0
0.0
0.0
0.0
0.0
0.0
0.0
0.0
0.0
0.0
0.0
0.0
0.0
0.0
0.0
0.0
0.0
0.0
0.0
0.0
0.0
0.0
0.0
0.0
0.0
0.0
0.0
0.0
0.0
0.0
0.0
0.0
0.0
0.0
0.0
0.0
0.0
0.0
0.0
0.0
0.0
0.0
0.0
0.0
0.0
0.0
0.0
0.0
0.0
0.0
0.0
0.0
0.0
0.0
0.0
0.0
0.0
0.0
0.0
0.0
0.0
0.0
0.0
0.0
0.0
0.0
0.0
0.0
0.0
0.0
0.0
0.0
0.0
0.0
0.0
0.0
0.0
0.0
0.0
0.0
0.0
0.0
0.0
0.0
0.0
0.0
0.0
0.0
0.0
0.0
0.0
0.0
0.0
0.0
0.0
0.0
0.0
0.0
0.0
0.0
0.0
0.0
0.0
0.0
0.0
0.0
0.0
0.0
0.0
0.0
0.0
0.0
0.0
0.0
0.0
0.0
0.0
0.0
0.0
0.0
0.0
0.0
0.0
0.0
0.0
0.0
0.0
0.0
0.0
0.0
0.0
0.0
0.0
0.0
0.0
0.0
0.0
0.0
0.0
0.0
0.0
0.0
0.0
0.0
0.0
0.0
0.0
0.0
0.0
0.0
0.0
0.0
0.0
0.0
0.0
0.0
0.0
0.0
0.0
0.0
0.0
0.0
0.0
0.0
0.0
0.0
0.0
0.0
0.0
0.0
0.0
0.0
0.0
0.0
0.0
0.0
0.0
0.0
0.0
0.0
0.0
0.0
0.0
0.0
0.0
0.0
0.0
0.0
0.0
0.0
0.0
0.0
0.0
0.0
0.0
0.0
0.0
0.0
0.0
0.0
0.0
0.0
0.0
0.0
0.0
0.0
0.0
0.0
0.0
0.0
0.0
0.0
0.0
0.0
0.0
0.0
0.0
0.0
0.0
0.0
0.0
0.0
0.0
0.0
0.0
0.0
0.0
0.0
0.0
0.0
0.0
0.0
0.0
0.0
0.0
0.0
0.0
0.0
0.0
0.0
0.0
0.0
0.0
0.0
0.0
0.0
0.0
0.0
0.0
0.0
0.0
0.0
0.0
0.0
0.0
0.0
0.0
0.0
0.0
0.0
0.0
0.0
0.0
0.0
0.0
0.0
0.0
0.0
0.0
0.0
0.0
0.0
0.0
0.0
0.0
0.0
0.0
0.0
0.0
0.0
0.0
0.0
0.0
0.0
0.0
0.0
0.0
0.0
0.0
0.0
0.0
0.0
0.0
0.0
0.0
0.0
0.0
0.0
0.0
0.0
0.0
0.0
0.0
0.0
0.0
0.0
0.0
0.0
0.0
0.0
0.0
0.0
0.0
0.0
0.0
0.0
0.0
0.0
0.0
0.0
0.0
0.0
0.0
0.0
0.0
0.0
0.0
0.0
0.0
0.0
0.0
0.0
0.0
0.0
0.0
0.0
0.0
0.0
0.0
0.0
0.0
0.0
0.0
0.0
0.0
0.0
0.0
0.0
0.0
0.0
0.0
0.0
0.0
0.0
0.0
0.0
0.0
0.0
0.0
0.0
0.0
0.0
0.0
0.0
0.0
0.0
0.0
0.0
0.0
0.0
0.0
0.0
0.0
0.0
0.0
0.0
0.0
0.0
0.0
0.0
0.0
0.0
0.0
0.0
0.0
0.0
0.0
0.0
0.0
0.0
0.0
0.0
0.0
0.0
0.0
0.0
0.0
0.0
0.0
0.0
0.0
0.0
0.0
0.0
0.0
0.0
0.0
0.0
0.0
0.0
0.0
0.0
0.0
0.0
0.0
0.0
0.0
0.0
0.0
0.0
0.0
0.0
0.0
0.0
0.0
0.0
0.0
0.0
0.0
0.0
0.0
0.0
0.0
0.0
0.0
0.0
0.0
0.0
0.0
0.0
0.0
0.0
0.0
0.0
0.0
0.0
0.0
0.0
0.0
0.0
0.0
0.0
0.0
0.0
0.0
0.0
0.0
0.0
0.0
0.0
0.0
0.0
0.0
0.0
0.0
0.0
0.0
0.0
0.0
0.0
0.0
0.0
0.0
0.0
0.0
0.0
0.0
0.0
0.0
0.0
0.0
0.0
0.0
0.0
0.0
0.0
0.0
0.0
0.0
0.0
0.0
0.0
0.0
0.0
0.0
0.0
0.0
0.0
0.0
0.0
0.0
0.0
0.0
0.0
0.0
0.0
0.0
0.0
0.0
0.0
0.0
0.0
0.0
0.0
0.0
0.0
0.0
0.0
0.0
0.0
0.0
0.0
0.0
0.0
0.0
0.0
0.0
0.0
0.0
0.0
0.0
0.0
0.0
0.0
0.0
0.0
0.0
0.0
0.0
0.0
0.0
0.0
0.0
0.0
0.0
0.0
0.0
0.0
0.0
0.0
0.0
0.0
0.0
0.0
0.0
0.0
0.0
0.0
0.0
0.0
0.0
0.0
0.0
0.0
0.0
0.0
0.0
0.0
0.0
0.0
0.0
0.0
0.0
0.0
0.0
0.0
0.0
0.0
0.0
0.0
0.0
0.0
0.0
0.0
0.0
0.0
0.0
0.0
0.0
0.0
0.0
0.0
0.0
0.0
0.0
0.0
0.0
0.0
0.0
0.0
0.0
0.0
0.0
0.0
0.0
0.0
0.0
0.0
0.0
0.0
0.0
0.0
0.0
0.0
0.0
0.0
0.0
0.0
0.0
0.0
0.0
0.0
0.0
0.0
0.0
0.0
0.0
0.0
0.0
0.0
0.0
0.0
0.0
0.0
0.0
0.0
0.0
0.0
0.0
0.0
0.0
0.0
0.0
0.0
0.0
0.0
0.0
0.0
0.0
0.0
0.0
0.0
0.0
0.0
0.0
0.0
1.14
1.122
0.602
0.298
0.206
0.212
0.873
1.625
1.939
0.761
0.625
1.52
0.672
0.594
2.467
4.228
1.521
1.338
0.869
1.247
1.52
1.444
1.318
1.108
1.138
1.125
0.513
0.215
0.203
0.2
0.845
2.127
1.138
0.656
0.681
1.7
0.773
0.67
2.58
4.228
1.904
1.253
0.865
1.281
1.552
1.497
1.347
1.159
1.145
1.03
0.535
0.249
0.195
0.21
0.841
2.549
0.705
0.615
0.654
1.601
0.881
0.711
2.682
3.075
2.033
1.485
0.855
1.393
1.442
1.449
1.321
1.181
1.124
1.078
0.553
0.247
0.198
0.251
0.841
2.387
0.768
0.518
0.684
1.063
0.684
0.922
1.813
2.142
2.71
1.842
1.16
1.393
1.442
1.499
1.388
1.273
1.102
1.088
1.058
0.74
0.488
0.213
0.747
1.407
1.886
0.677
0.34
1.603
1.201
3.734
5.534
3.534
2.343
2.005
1.126
1.344
1.301
1.641
1.293
1.273
1.079
1.026
1.058
0.74
0.495
0.284
0.762
1.307
1.886
1.116
1.276
1.543
1.201
3.181
3.131
4.14
3.319
2.005
1.147
1.472
1.5
1.73
1.414
1.184
1.124
1.078
0.553
0.262
0.213
0.27
0.776
2.387
0.807
0.55
0.732
1.265
1.021
0.922
1.863
1.093
3.368
1.887
1.16
1.252
1.368
1.521
1.388
1.184
1.118
0.982
0.544
0.262
0.211
0.272
0.691
2.005
1.317
0.593
0.659
1.395
1.132
0.928
1.096
0.91
3.967
2.353
1.144
1.33
1.44
1.521
1.379
1.155
1.086
0.909
0.414
0.257
0.21
0.272
0.689
1.487
1.494
0.571
1.17
1.317
1.102
0.871
0.868
0.954
3.967
2.9
1.244
1.309
1.443
1.416
1.352
1.088
1.097
0.908
0.393
0.218
0.216
0.262
0.737
1.32
1.494
1.207
1.319
1.308
0.996
0.876
0.65
0.942
4.268
3.555
1.209
1.299
1.511
1.512
1.416
1.099
1.151
0.919
0.363
0.218
0.227
0.223
0.739
1.043
1.666
1.265
1.225
1.432
0.996
0.642
1.276
1.057
3.656
3.308
1.392
1.309
1.613
1.62
1.439
1.441
1.059
0.69
0.644
0.352
0.229
0.284
0.703
1.307
2.953
1.196
1.387
1.67
1.042
3.181
4.171
4.776
3.751
1.854
1.122
1.39
1.437
1.73
1.33
1.328
0.891
0.564
0.281
0.214
0.229
0.294
0.693
2.153
2.558
2.079
1.387
0.969
0.631
1.739
2.181
3.805
3.513
1.561
2.443
1.712
1.636
1.625
1.376
1.129
1.178
1.034
0.458
0.203
0.219
0.2
0.789
1.007
1.567
1.285
1.233
1.241
0.641
0.587
1.569
1.307
2.897
3.214
1.514
1.309
1.613
1.634
1.439
1.169
1.254
1.075
0.49
0.207
0.216
0.25
0.766
1.027
1.522
1.461
1.233
0.616
0.479
0.59
1.597
1.103
2.309
2.688
1.485
1.223
1.542
1.671
1.502
1.178
1.254
1.156
0.655
0.225
0.248
0.27
0.728
1.158
1.705
1.422
0.671
0.596
0.386
0.601
1.641
1.076
2.301
2.135
1.344
1.134
1.589
1.691
1.408
1.178
1.231
1.156
0.663
0.222
0.238
0.335
0.609
1.375
1.705
0.773
0.553
0.663
0.65
1.017
2.459
1.698
1.349
1.187
1.334
1.031
1.537
1.697
1.434
1.143
1.237
1.069
0.665
0.221
0.224
0.331
0.589
1.574
1.874
0.711
0.603
0.648
1.191
1.057
2.431
1.951
1.565
1.147
0.929
1.019
1.856
1.619
1.31
1.428
0.94
0.69
0.281
0.21
0.233
0.2
0.437
2.023
2.765
1.777
0.518
1.168
0.972
3.252
2.992
4.739
3.551
1.966
2.282
1.512
1.545
1.642
1.269
1.279
1.205
0.757
0.247
0.211
0.226
0.201
0.518
2.6
1.725
2.257
0.717
1.106
1.086
2.75
4.074
4.739
2.725
2.437
2.282
1.588
2.062
1.809
1.527
1.054
1.178
0.971
0.626
0.244
0.219
0.336
0.589
1.574
2.005
0.625
0.519
0.648
1.324
1.564
2.028
1.739
1.565
1.152
1.04
1.226
1.926
1.662
1.473
1.013
1.089
0.954
0.626
0.232
0.227
0.284
0.687
2.012
2.282
0.639
1.194
0.777
1.346
1.564
2.722
1.733
1.489
1.567
1.18
1.226
1.912
1.63
1.357
0.908
1.011
0.835
0.514
0.218
0.194
0.271
0.812
2.011
2.116
0.68
1.356
0.773
1.346
1.564
2.604
2.035
1.718
2.806
2.209
2.013
1.951
1.694
1.467
0.952
0.956
0.708
0.458
0.226
0.204
0.215
0.918
1.788
2.423
0.791
1.331
0.897
1.05
1.002
1.687
1.388
1.596
2.759
2.209
1.906
1.942
1.56
1.257
0.838
0.768
0.507
0.339
0.225
0.204
0.215
0.918
1.578
2.545
0.878
1.38
0.875
0.599
1.277
1.144
1.19
1.877
3.213
2.124
1.794
1.602
1.716
1.307
1.279
1.205
0.913
0.455
0.208
0.209
0.181
0.563
2.236
1.727
1.533
0.649
1.738
1.646
3.32
4.724
6.078
3.484
3.151
0.96
1.294
2.379
1.809
1.624
1.305
1.154
1.008
0.497
0.221
0.19
0.209
0.563
2.236
1.943
2.334
1.068
2.709
1.575
1.975
4.724
4.457
3.053
3.151
0.894
1.294
2.379
1.752
1.624
0.954
0.882
0.45
0.275
0.199
0.201
0.219
0.914
1.598
2.121
1.15
1.38
0.941
0.698
0.839
1.227
1.19
2.263
3.442
1.904
1.628
1.971
1.605
1.191
0.779
0.695
0.279
0.219
0.209
0.195
0.212
0.954
1.148
1.706
1.475
0.806
0.781
0.602
0.993
0.925
1.133
1.917
2.917
1.71
1.622
2.019
1.609
1.205
0.704
0.586
0.307
0.262
0.242
0.233
0.25
0.879
1.041
2.085
1.996
0.704
0.72
1.131
1.046
1.068
0.938
2.112
1.883
0.54
0.781
1.778
1.425
1.027
0.519
0.479
0.305
0.247
0.269
0.239
0.244
0.812
0.782
2.042
1.965
1.236
0.564
1.218
1.046
1.308
0.912
2.112
2.574
0.881
0.783
1.852
1.435
1.027
0.523
0.479
0.305
0.248
0.269
0.25
0.258
0.827
0.854
1.586
2.105
1.114
0.576
2.009
0.741
1.456
0.724
1.385
2.648
0.821
0.867
1.852
1.254
0.978
1.226
1.114
1.008
0.497
0.232
0.272
0.213
0.528
1.576
2.238
2.013
0.749
2.709
3.31
3.367
4.699
4.73
2.557
1.666
0.692
1.082
1.676
1.387
1.437
1.6
1.075
0.869
0.501
0.459
0.536
0.45
0.506
1.166
3.464
1.795
0.889
2.67
3.378
3.367
4.071
2.563
1.56
0.793
0.631
1.786
1.03
1.104
1.39
0.484
0.268
0.249
0.242
0.28
0.256
0.251
0.902
0.781
1.901
1.869
1.156
0.631
2.022
0.672
1.456
0.666
1.475
2.379
1.118
0.934
1.408
1.35
1.121
0.484
0.266
0.24
0.242
0.268
0.256
0.266
0.879
0.772
1.802
1.33
1.082
0.973
2.022
0.51
1.494
0.682
1.835
2.974
1.326
0.995
1.252
1.323
1.1
0.452
0.209
0.2
0.184
0.221
0.209
0.223
0.879
0.77
1.677
0.755
1.001
1.002
1.509
0.44
1.429
0.466
1.3
2.826
1.652
0.972
1.262
1.347
1.074
0.423
0.198
0.182
0.174
0.177
0.185
0.246
0.832
0.839
1.418
0.909
0.928
1.084
1.388
0.55
1.102
0.664
2.485
2.934
1.278
0.972
1.295
1.313
1.034
0.423
0.2
0.193
0.175
0.185
0.188
0.241
0.8
0.782
1.499
0.859
0.914
1.162
1.054
0.499
0.844
0.807
2.81
2.827
1.278
0.942
1.24
1.378
1.12
1.648
1.09
0.58
0.482
0.459
0.536
0.493
0.542
1.166
3.338
0.929
0.448
1.821
3.378
2.916
4.651
2.289
1.246
1.875
0.631
1.687
1.006
1.073
1.12
1.648
0.955
0.665
0.482
0.447
0.529
0.493
0.549
1.023
3.203
2.115
0.847
1.644
1.653
1.171
3.386
1.501
1.659
2.929
0.799
2.181
1.244
1.295
1.575
0.379
0.326
0.351
0.347
0.249
0.186
0.239
0.713
0.834
1.327
1.849
0.95
1.124
0.927
0.569
0.998
0.863
3.318
2.924
1.248
0.963
1.264
1.316
0.992
0.378
0.342
0.346
0.355
0.258
0.19
0.267
0.611
0.834
1.31
1.915
1.009
0.863
0.927
0.758
0.454
1.072
2.928
2.75
1.119
0.862
1.264
1.265
0.93
0.376
0.342
0.347
0.363
0.267
0.209
0.289
0.603
0.833
1.271
1.915
1.009
0.863
0.9
0.758
0.484
1.072
2.928
2.543
1.101
0.861
1.373
1.275
0.93
0.416
0.357
0.356
0.363
0.267
0.209
0.261
0.619
0.85
1.206
2.149
0.552
0.939
0.958
0.646
0.509
1.586
2.001
1.826
1.129
0.987
1.308
1.272
0.972
0.392
0.348
0.346
0.349
0.259
0.193
0.248
0.621
0.826
1.324
2.339
1.001
0.783
0.467
0.719
1.069
1.501
1.925
1.609
1.129
0.855
1.033
1.39
0.942
1.301
1.032
0.792
0.504
0.195
0.257
0.295
0.549
0.812
1.69
2.138
0.669
1.042
0.867
3.036
3.809
3.563
1.838
2.929
0.649
1.311
1.244
1.249
1.294
1.099
1.0
1.026
1.523
0.368
0.273
0.247
0.463
0.808
1.427
2.803
0.655
2.155
0.98
3.447
2.359
3.323
1.838
2.542
0.814
2.577
1.885
1.352
1.305
0.365
0.367
0.205
0.175
0.183
0.194
0.253
0.598
1.077
1.413
1.391
1.213
1.738
0.486
0.716
1.069
1.608
1.066
2.262
1.131
0.882
0.956
1.308
0.862
0.386
0.364
0.21
0.185
0.18
0.199
0.214
0.618
1.099
1.279
1.735
1.145
1.672
0.604
0.428
1.361
1.483
1.253
2.325
1.31
1.033
1.13
1.407
0.928
0.378
0.364
0.21
0.181
0.168
0.18
0.189
0.62
1.099
1.225
1.735
1.175
1.672
0.862
0.428
1.268
1.483
1.615
2.73
1.03
1.021
1.019
1.333
0.928
0.342
0.347
0.207
0.18
0.16
0.174
0.188
0.627
1.078
1.225
1.552
1.167
1.435
0.899
0.419
1.369
0.966
1.998
2.73
0.988
0.839
0.841
1.333
0.915
0.348
0.343
0.197
0.169
0.161
0.17
0.179
0.622
1.254
1.113
1.181
0.712
1.381
0.899
0.402
0.847
1.363
1.817
2.633
1.038
1.107
0.968
1.018
0.812
1.037
0.999
1.026
1.523
0.369
0.195
0.2
0.453
0.951
1.74
1.793
0.25
2.479
0.98
4.977
4.236
5.097
1.962
1.267
0.772
2.25
1.658
1.078
0.83
0.779
0.879
0.934
1.366
0.369
0.195
0.173
0.48
1.905
1.477
1.58
0.25
2.479
0.895
3.599
2.614
2.909
2.129
0.774
1.323
2.729
1.865
1.224
0.932
0.399
0.342
0.248
0.163
0.16
0.167
0.175
0.594
1.016
1.031
1.515
0.359
0.248
0.93
0.982
1.281
1.649
1.752
1.563
0.841
1.013
0.961
1.056
0.846
0.381
0.331
0.248
0.157
0.162
0.161
0.205
0.652
1.153
1.132
1.155
0.372
0.306
1.146
1.042
0.958
1.519
2.148
1.199
0.63
0.898
0.828
1.017
0.813
0.391
0.337
0.244
0.168
0.169
0.171
0.201
0.6
1.31
1.145
1.125
0.361
0.958
0.87
1.049
1.035
1.52
2.554
1.228
0.662
0.904
0.83
1.026
0.816
0.391
0.347
0.25
0.18
0.172
0.175
0.215
0.683
1.31
1.366
0.79
0.456
1.211
0.951
1.049
0.917
1.386
2.379
1.629
0.784
0.967
0.931
1.026
0.816
0.381
0.348
0.257
0.182
0.172
0.175
0.224
0.81
1.801
1.507
0.85
0.593
1.218
0.951
0.951
0.881
1.168
2.833
1.629
0.835
0.857
1.076
1.103
0.902
0.754
0.826
0.526
0.329
0.196
0.18
0.18
0.599
1.905
1.467
1.37
0.302
1.303
0.484
5.66
5.177
3.856
2.129
0.774
1.323
1.537
1.232
1.176
0.901
1.105
0.924
0.474
0.209
0.194
0.259
0.201
0.579
2.041
1.506
1.37
0.368
0.754
0.363
3.485
3.032
4.136
2.175
1.151
1.576
1.952
1.39
1.201
0.948
0.348
0.305
0.189
0.196
0.181
0.18
0.233
0.81
1.825
1.589
0.762
1.205
1.309
0.863
0.745
1.296
0.916
2.833
1.519
0.728
0.849
0.97
0.981
0.822
0.344
0.305
0.223
0.207
0.181
0.188
0.189
0.769
1.662
1.703
0.812
1.205
1.308
0.529
0.671
1.396
1.203
3.229
1.509
0.728
0.849
0.97
0.865
0.821
0.357
0.341
0.223
0.207
0.178
0.19
0.193
0.79
1.504
1.703
1.083
1.155
0.743
0.475
0.668
1.426
2.012
2.769
1.005
0.834
1.024
1.043
0.998
0.838
0.396
0.348
0.226
0.202
0.174
0.191
0.191
0.732
1.547
1.706
1.083
1.215
0.778
0.526
0.705
1.678
2.275
2.584
0.499
0.72
1.186
1.085
1.099
0.838
0.401
0.35
0.227
0.204
0.175
0.191
0.193
0.674
0.873
1.467
1.322
1.235
0.778
1.045
1.006
1.71
2.211
2.767
0.554
0.68
1.243
1.114
1.349
0.814
1.082
0.821
0.611
0.216
0.263
0.259
0.201
0.579
1.125
1.627
1.446
0.368
0.826
0.569
5.42
5.565
4.409
2.565
1.142
1.122
1.523
1.263
1.154
0.815
1.082
0.821
0.611
0.208
0.263
0.257
0.194
0.467
1.062
2.197
0.732
1.78
0.607
0.64
2.712
3.064
4.409
2.565
2.09
1.312
1.908
1.263
1.21
0.952
0.631
0.223
0.217
0.195
0.177
0.18
0.186
0.699
0.845
1.636
1.679
0.714
0.707
1.058
0.549
0.796
2.0
2.882
1.652
0.988
1.456
1.297
1.501
0.939
0.318
0.415
0.421
0.396
0.204
0.176
0.19
0.648
0.845
1.473
1.99
0.714
0.73
1.099
0.876
1.718
1.894
2.479
1.934
1.178
1.456
1.313
1.501
0.962
0.398
0.378
0.421
0.402
0.206
0.172
0.225
0.594
0.867
1.392
2.03
1.022
1.026
1.283
1.179
2.362
1.49
2.365
2.052
1.172
1.35
1.304
1.447
1.134
0.451
0.369
0.458
0.416
0.211
0.169
0.227
0.455
0.842
1.041
2.288
1.203
1.153
1.125
1.148
2.157
1.064
2.47
2.11
1.182
1.198
1.304
1.367
1.143
0.493
0.377
0.456
0.416
0.211
0.168
0.225
0.31
0.772
0.963
2.288
1.371
1.215
0.654
0.845
2.124
2.03
3.102
2.11
1.336
1.199
1.277
1.283
1.155
0.649
0.438
0.344
0.21
0.267
0.179
0.215
0.576
0.944
2.123
0.802
1.705
1.246
1.38
4.097
5.647
3.667
2.583
2.001
1.369
1.809
1.388
1.495
1.178
0.542
0.548
0.391
0.249
0.216
0.199
0.226
0.576
0.914
2.123
0.952
1.705
2.221
1.627
2.083
3.218
2.268
2.594
2.268
1.567
1.909
1.765
1.94
1.567
0.691
0.462
0.501
0.424
0.205
0.169
0.226
0.211
0.684
0.648
1.816
1.358
1.215
0.597
1.144
2.782
2.251
3.425
1.844
1.173
1.025
1.234
1.34
1.146
0.82
0.274
0.266
0.206
0.178
0.171
0.219
0.195
0.738
0.643
1.51
1.358
1.333
0.609
0.928
1.82
2.113
2.918
1.534
1.157
1.207
1.293
1.506
1.182
0.807
0.274
0.266
0.2
0.176
0.175
0.179
0.178
0.677
0.679
1.275
1.088
1.118
0.41
0.693
1.238
1.801
2.98
1.466
1.116
1.191
1.339
1.507
1.145
0.836
0.285
0.227
0.183
0.172
0.183
0.177
0.175
0.639
0.689
0.765
1.745
1.003
0.339
0.786
1.316
1.801
2.827
1.465
1.138
1.191
1.339
1.507
1.186
0.85
0.283
0.219
0.185
0.183
0.183
0.178
0.175
0.778
0.773
1.002
1.961
1.108
0.595
0.786
1.265
1.018
1.693
1.742
1.097
1.182
1.339
1.471
1.174
0.872
0.744
0.605
0.558
0.662
0.705
0.666
0.48
0.837
1.336
1.116
0.572
2.221
1.914
2.76
4.618
3.768
4.45
2.33
1.567
1.79
1.765
1.94
1.567
0.617
0.744
0.605
0.558
0.684
0.714
0.66
0.261
0.505
1.639
1.116
0.602
1.509
1.479
1.297
2.171
2.13
4.45
2.33
1.535
1.856
2.027
1.909
1.606
0.984
0.33
0.341
0.259
0.199
0.207
0.229
0.203
0.778
0.773
1.152
2.168
1.749
0.719
0.598
1.164
0.748
0.948
1.139
1.142
1.235
1.4
1.302
1.089
0.784
0.34
0.338
0.259
0.196
0.203
0.227
0.193
0.719
0.796
1.201
2.497
2.185
0.826
0.489
1.164
0.702
0.984
1.26
1.173
1.082
1.285
1.169
1.07
0.784
0.34
0.337
0.253
0.196
0.199
0.227
0.19
0.744
0.796
1.226
2.497
2.185
0.914
0.403
1.075
0.495
0.947
1.26
1.236
1.167
1.253
1.15
1.093
0.781
0.328
0.334
0.25
0.195
0.189
0.221
0.187
0.771
0.848
1.599
1.862
2.054
0.914
0.615
1.27
0.491
0.826
1.334
1.243
1.203
1.253
1.15
1.03
0.763
0.323
0.334
0.251
0.184
0.186
0.223
0.187
0.632
0.81
1.278
1.507
1.944
0.666
0.605
1.257
0.318
0.71
1.185
1.331
1.295
1.307
1.186
1.059
0.74
0.722
0.496
0.53
0.684
0.714
0.66
0.261
0.505
1.771
1.008
0.801
0.31
1.863
3.359
3.007
4.847
3.898
2.084
1.176
1.507
1.662
1.487
1.308
0.923
0.835
0.521
0.231
0.249
0.24
0.236
0.251
0.446
1.771
1.659
0.529
0.408
1.986
4.222
2.215
4.512
1.473
1.41
1.485
1.715
2.088
1.608
1.402
1.156
0.34
0.313
0.219
0.185
0.182
0.184
0.176
0.712
0.776
1.242
1.959
1.17
0.619
0.529
0.662
0.313
0.894
1.285
1.435
1.299
1.248
1.315
1.276
0.909
0.328
0.308
0.216
0.185
0.183
0.186
0.177
0.788
0.775
1.519
1.664
0.526
0.561
1.172
0.699
0.299
0.894
1.197
1.397
1.299
1.243
1.446
1.278
0.946
0.35
0.309
0.215
0.182
0.183
0.191
0.177
0.718
0.82
1.519
1.474
1.084
0.716
1.466
0.627
0.337
0.839
1.285
1.376
1.247
1.265
1.471
1.276
0.963
0.355
0.307
0.215
0.186
0.183
0.189
0.176
0.674
0.844
1.19
1.474
1.138
0.716
1.161
0.409
0.452
0.788
1.26
1.318
1.195
1.4
1.471
1.318
0.994
0.361
0.314
0.211
0.185
0.193
0.19
0.174
0.861
1.152
1.166
1.328
1.206
0.813
1.164
0.366
0.493
0.846
1.387
1.17
1.035
1.297
1.549
1.521
1.1
0.835
0.657
0.467
0.322
0.236
0.225
0.343
0.5
1.14
1.544
1.196
0.398
2.053
4.222
3.629
5.603
3.066
1.447
1.478
1.401
1.703
1.427
1.288
0.853
0.861
0.705
0.714
0.562
0.348
0.281
0.356
0.422
1.043
1.857
1.559
0.532
2.141
2.727
3.37
4.074
2.325
1.447
1.478
1.818
2.03
1.7
1.535
1.114
0.407
0.185
0.167
0.165
0.172
0.172
0.166
0.878
1.463
1.507
0.742
1.304
0.753
1.176
1.116
0.52
0.754
1.152
0.956
1.046
1.395
1.803
1.475
1.101
0.407
0.185
0.167
0.164
0.172
0.172
0.166
0.88
1.479
1.438
0.679
1.304
0.64
0.637
1.048
0.752
0.794
1.303
0.884
1.032
1.395
1.681
1.475
1.128
0.402
0.182
0.167
0.164
0.165
0.16
0.167
0.88
1.479
1.72
1.39
0.615
0.467
0.386
1.138
0.737
0.794
2.041
0.891
1.035
1.405
1.661
1.415
1.128
0.387
0.173
0.162
0.162
0.16
0.153
0.162
1.031
1.473
1.94
1.6
0.628
0.467
0.475
1.015
0.761
0.824
2.262
0.879
1.129
1.573
1.799
1.6
1.249
0.622
0.374
0.376
0.348
0.236
0.176
0.193
0.852
1.168
1.94
2.32
0.662
0.391
0.475
1.126
0.998
0.903
2.318
1.068
1.689
1.754
1.65
1.503
1.206
0.972
0.958
0.77
0.562
0.371
0.312
0.465
0.605
1.043
1.138
1.902
0.711
3.494
3.191
4.104
4.752
3.473
1.388
1.248
1.771
1.672
1.513
1.375
0.849
1.171
1.136
0.811
0.533
0.371
0.312
0.377
0.887
0.919
1.331
1.798
0.711
3.494
3.191
2.34
2.572
2.161
1.346
1.398
2.105
2.114
1.719
1.602
1.25
0.593
0.554
0.555
0.453
0.263
0.196
0.203
0.871
0.848
1.318
2.14
0.774
0.428
0.644
0.624
1.179
1.135
2.632
1.546
1.898
1.916
1.486
1.557
1.264
0.607
0.569
0.576
0.469
0.275
0.212
0.258
0.888
0.867
1.445
2.489
1.169
0.498
0.801
1.009
0.937
1.09
2.632
1.546
1.898
1.916
1.486
1.557
1.276
0.645
0.585
0.586
0.477
0.292
0.225
0.293
0.888
0.92
1.369
1.666
1.887
0.842
0.8
0.93
1.159
1.141
1.926
1.526
1.783
1.897
1.407
1.486
1.276
0.658
0.585
0.586
0.477
0.292
0.225
0.309
0.718
1.034
1.489
1.428
1.887
1.119
0.716
1.307
1.058
1.1
1.792
1.491
1.686
1.732
1.244
1.234
1.107
0.426
0.379
0.367
0.287
0.205
0.199
0.321
0.748
1.03
1.881
0.696
1.818
1.243
0.707
1.234
0.77
1.342
1.627
1.233
1.08
1.536
1.256
1.149
1.071
1.176
1.136
0.9
0.444
0.269
0.263
0.369
0.887
0.917
1.132
1.596
0.661
3.146
3.091
2.34
2.97
2.161
1.45
1.398
1.848
1.804
1.42
1.328
0.943
1.176
1.065
0.89
0.797
0.557
0.26
0.273
0.891
1.043
1.805
0.71
0.342
1.12
1.486
1.906
1.209
1.188
1.45
1.676
1.987
2.272
1.444
1.392
1.254
0.383
0.351
0.282
0.186
0.182
0.188
0.346
0.786
1.03
1.881
0.844
1.619
1.206
0.974
1.683
0.652
1.136
1.426
0.972
0.808
1.364
1.198
1.123
1.057
0.393
0.364
0.278
0.177
0.305
0.27
0.437
0.949
0.982
1.685
0.486
1.299
1.262
0.883
1.326
0.684
1.258
1.452
1.061
0.84
1.324
1.194
1.197
1.034
0.376
0.36
0.286
0.179
0.301
0.272
0.462
1.058
1.01
1.546
0.522
0.547
0.877
0.965
1.326
0.471
1.279
1.452
1.188
1.038
1.848
1.308
1.347
1.097
0.373
0.38
0.31
0.197
0.315
0.284
0.556
1.116
0.951
1.511
0.898
0.582
0.7
1.398
1.004
0.601
1.279
1.385
1.3
1.038
1.792
1.405
1.347
1.097
0.373
0.38
0.31
0.197
0.315
0.284
0.579
1.141
0.907
1.153
1.122
0.597
0.584
1.604
1.011
0.601
0.92
1.398
1.383
1.054
1.687
1.217
1.255
0.937
1.054
0.865
0.822
0.797
0.558
0.265
0.356
0.867
0.99
1.426
0.86
0.251
1.689
2.686
3.047
2.508
3.333
1.896
1.364
1.445
1.872
1.279
1.204
0.839
0.911
0.722
0.699
0.801
0.558
0.265
0.356
0.947
1.005
2.191
0.519
0.306
1.316
2.121
3.047
2.545
3.3
1.811
1.574
1.702
2.137
1.285
1.257
1.196
0.248
0.202
0.195
0.182
0.3
0.267
0.579
1.094
0.997
0.972
1.598
0.628
0.643
2.295
0.446
0.5
0.846
1.189
1.205
1.08
1.58
1.174
1.262
0.82
0.393
0.378
0.375
0.192
0.174
0.183
0.568
0.968
1.013
0.918
1.837
0.633
0.633
2.252
0.553
0.516
1.125
1.57
1.246
1.186
1.607
1.338
1.451
0.983
0.557
0.507
0.475
0.185
0.169
0.178
0.504
0.878
1.067
1.475
1.837
0.633
0.757
2.29
0.563
0.562
1.219
2.039
1.661
1.275
1.238
1.513
1.626
1.223
0.77
0.656
0.738
0.439
0.42
0.402
0.462
0.81
1.114
1.569
1.666
0.672
1.123
2.332
0.543
0.419
1.204
1.979
1.661
1.275
1.287
1.547
1.626
1.241
0.776
0.665
0.742
0.452
0.434
0.411
0.435
0.84
1.201
1.88
1.47
0.964
1.123
2.233
0.78
0.418
1.119
2.127
1.673
1.515
1.476
1.61
1.735
1.401
0.911
1.041
0.741
0.623
0.357
0.235
0.311
1.098
0.945
1.535
0.632
0.303
1.418
4.207
3.736
3.107
3.642
1.701
1.328
1.311
1.694
1.486
1.329
1.214
1.035
1.097
0.741
0.623
0.355
0.229
0.297
1.162
0.945
1.535
0.438
1.106
0.813
3.108
4.109
2.237
1.539
1.243
1.625
1.736
1.929
1.597
1.471
1.214
0.928
0.749
0.759
0.464
0.442
0.424
0.564
1.011
1.249
1.932
1.085
1.309
1.095
1.121
0.732
0.87
1.226
2.314
1.715
1.6
1.631
1.701
1.714
1.467
0.968
0.724
0.738
0.477
0.459
0.433
0.516
1.019
1.249
1.998
0.925
1.446
1.084
1.582
0.976
0.803
1.08
2.31
2.0
1.574
1.774
1.77
1.688
1.492
0.963
0.771
0.795
0.59
0.485
0.447
0.516
1.091
1.16
1.532
0.752
1.446
0.912
2.07
1.065
0.78
1.21
2.34
1.676
1.519
1.943
1.855
1.751
1.503
0.943
0.834
0.716
0.566
0.355
0.232
0.491
1.224
1.098
1.197
0.757
2.618
1.419
2.621
1.63
2.229
1.411
2.406
2.055
1.863
2.019
2.053
1.924
1.62
1.336
1.428
1.344
1.188
0.975
0.851
1.095
1.478
1.68
1.448
1.391
2.427
2.682
3.558
2.682
3.456
2.451
2.962
2.599
2.122
2.29
2.26
2.164
1.676
1.031
1.097
0.688
0.563
0.378
0.239
0.435
1.162
1.093
0.762
0.79
1.058
0.845
3.239
4.222
2.545
3.884
1.789
1.938
2.082
2.165
1.959
1.741
1.435
1.585
0.909
0.716
0.597
0.531
0.288
0.435
1.03
1.127
1.591
1.02
2.08
0.577
1.752
4.222
1.756
3.733
1.872
1.938
2.161
2.502
2.133
2.028
1.484
1.429
1.466
1.344
1.254
1.037
0.895
1.097
1.467
1.683
1.478
1.392
2.064
2.866
3.558
3.507
3.815
2.525
2.962
2.751
2.182
2.363
2.5
2.399
1.941
1.472
1.495
1.356
1.254
1.045
0.915
1.12
1.427
1.706
1.794
1.412
1.863
2.925
3.247
3.27
4.216
2.415
3.039
2.705
2.381
2.493
2.552
2.795
2.281
1.926
1.955
1.83
1.207
1.045
0.916
1.131
1.499
1.685
1.842
1.412
1.863
2.925
2.759
3.284
4.577
2.341
2.731
2.705
2.381
2.419
2.552
2.742
2.249
2.196
2.395
2.311
1.637
1.253
0.916
1.131
1.374
1.765
1.842
1.412
0.776
1.976
1.892
2.803
3.603
2.779
3.132
2.577
2.263
2.44
2.623
2.727
2.2
1.886
2.133
2.188
1.549
0.986
0.302
0.533
1.394
1.738
1.994
1.131
0.601
1.133
1.311
1.567
2.659
1.786
2.561
2.14
2.063
2.335
2.484
2.542
2.209
1.539
0.939
0.865
0.837
0.717
0.288
0.455
0.905
1.189
1.624
1.057
1.293
0.705
1.897
3.566
1.756
4.029
1.872
1.897
2.358
2.502
2.371
2.47
3.193
1.539
0.959
0.939
0.837
0.717
0.348
0.375
0.827
1.14
1.769
1.057
1.414
0.542
1.599
2.059
1.062
1.476
1.812
2.011
2.309
2.67
2.598
2.731
3.267
1.905
2.133
2.188
1.5
0.915
0.26
0.419
1.302
1.616
1.961
1.0
0.679
1.051
1.185
0.637
2.105
1.844
2.569
2.01
2.129
2.347
2.356
2.377
1.87
2.213
2.638
2.911
1.678
1.012
0.358
0.45
1.362
1.705
1.659
0.994
0.719
1.015
1.31
0.788
1.858
1.868
2.227
2.343
2.55
2.815
2.723
2.498
1.871
2.215
2.617
2.97
2.281
1.465
0.556
0.587
1.442
1.817
1.683
1.123
0.776
1.101
1.286
1.33
1.615
1.982
2.431
2.388
2.669
2.816
2.798
2.676
2.423
2.362
2.632
2.49
1.765
1.257
0.669
0.665
1.551
1.85
1.687
1.197
0.659
1.101
1.357
1.39
1.906
1.765
2.067
2.45
2.669
2.869
2.743
2.855
2.937
2.72
2.862
2.484
1.359
1.027
0.771
0.831
1.367
1.268
1.184
0.922
0.786
0.821
0.997
1.414
1.812
2.168
2.345
2.938
3.232
3.225
3.036
3.242
3.351
1.271
1.225
1.866
1.449
0.905
0.493
0.483
1.151
1.298
1.073
1.2
0.582
1.029
1.736
1.971
2.176
2.663
2.761
2.152
2.314
3.506
2.598
2.731
3.834
1.358
1.426
2.076
1.592
0.944
0.641
0.595
1.241
1.247
1.175
0.989
0.675
1.003
1.351
2.152
3.252
2.645
3.058
3.074
2.398
3.506
2.518
2.366
3.411
2.859
2.909
2.954
1.862
1.406
0.771
0.843
1.457
1.283
1.198
1.013
0.725
0.732
1.02
1.522
1.874
2.075
2.442
2.938
3.035
3.39
3.036
3.242
3.351
2.921
2.854
2.725
1.98
1.398
0.748
0.903
1.467
1.276
1.174
1.029
0.768
0.717
1.015
1.463
2.104
2.368
2.487
2.442
2.448
2.856
2.486
2.673
3.104
3.189
3.089
2.751
2.04
1.424
0.677
0.906
1.431
1.297
1.092
1.063
0.812
0.695
1.364
1.404
2.014
2.388
2.374
2.371
2.318
2.89
2.419
2.54
2.77
3.189
3.056
2.751
2.027
1.417
0.652
0.906
1.399
1.279
1.127
0.985
0.835
0.758
1.377
1.299
1.695
2.104
2.346
2.099
2.318
2.807
2.199
2.258
2.199
2.767
2.958
2.49
2.021
1.386
0.618
0.826
1.388
1.288
1.031
0.985
0.739
0.778
1.365
1.299
1.695
2.025
1.98
1.527
1.806
2.343
1.897
2.088
2.198
2.538
1.852
2.076
1.592
0.944
0.641
0.641
1.403
1.302
1.175
1.379
0.675
1.61
2.934
3.455
3.559
4.178
3.058
2.965
2.398
3.096
2.15
2.105
3.411
2.502
1.796
1.371
0.913
0.688
0.636
0.718
1.469
1.13
1.042
1.027
0.653
1.315
2.722
2.812
3.444
3.478
2.297
3.733
2.967
2.069
1.987
1.901
3.23
2.781
2.948
2.49
1.932
1.388
1.004
1.063
1.358
1.288
1.033
0.89
0.784
0.91
1.365
1.285
2.1
2.152
1.738
1.659
1.845
2.097
2.317
2.178
2.115
2.442
2.67
2.135
1.723
1.364
0.981
0.959
1.285
1.259
1.026
0.851
0.764
0.91
1.94
1.941
2.375
2.232
1.843
1.57
1.709
1.964
2.335
2.067
1.911
1.732
2.016
1.623
1.156
1.041
0.891
0.907
1.299
1.23
1.124
0.938
0.645
0.907
1.624
1.485
2.316
2.201
1.797
1.538
1.649
1.816
2.532
2.31
1.902
1.729
1.808
1.741
1.3
0.964
0.829
0.97
1.305
1.17
1.589
0.862
0.521
0.89
1.879
1.474
2.627
2.201
2.018
1.54
1.612
1.814
2.532
2.31
1.908
1.729
1.808
1.741
1.3
0.885
0.765
1.002
1.231
1.101
1.559
0.834
0.538
0.963
2.461
1.78
3.098
2.736
2.164
1.994
1.414
1.638
2.407
2.034
1.541
2.54
1.832
1.405
0.952
0.753
0.576
0.759
1.515
1.163
1.109
1.169
0.591
1.477
2.502
2.491
3.444
3.661
2.66
2.962
2.549
2.12
1.991
2.133
2.601
1.567
1.235
1.163
1.078
0.884
0.721
0.759
1.512
1.165
1.109
0.766
0.912
1.965
0.663
0.771
1.983
1.819
2.464
3.792
2.583
2.16
1.991
2.056
2.71
1.304
1.277
1.221
0.901
0.515
0.324
0.752
1.204
1.058
1.484
0.767
0.534
0.925
2.461
1.689
2.898
2.572
2.275
2.746
1.993
1.701
2.145
1.892
1.464
1.355
1.311
1.318
1.144
0.604
0.331
0.754
1.204
1.02
1.529
1.131
0.713
1.293
1.968
0.992
2.339
2.153
2.178
3.05
2.201
1.879
2.143
1.875
1.525
1.431
1.267
1.254
1.189
0.61
0.334
0.717
1.168
0.906
1.378
0.87
0.805
1.493
1.823
0.953
2.037
1.898
2.561
3.653
2.202
1.934
2.069
1.685
1.84
1.619
1.326
1.349
1.283
0.782
0.5
0.693
1.131
0.937
0.988
0.992
0.805
1.493
1.372
0.963
2.1
2.104
2.535
4.201
2.299
1.913
2.124
1.692
1.84
1.709
1.478
1.565
1.484
1.024
0.673
0.648
1.051
0.994
0.952
1.068
0.706
1.372
1.105
0.635
1.32
1.286
2.745
4.006
2.448
2.075
2.149
1.742
1.709
1.745
1.709
1.674
1.517
1.132
0.72
0.604
1.209
1.193
1.109
1.088
0.912
1.993
1.097
1.203
1.718
2.066
2.464
3.177
1.781
2.397
2.175
2.202
2.71
1.745
1.721
1.65
1.64
1.475
0.72
0.575
0.82
1.193
0.825
0.934
0.802
1.993
1.392
1.346
2.136
1.574
1.631
2.979
1.823
2.425
1.979
2.096
2.5
1.709
1.497
1.595
1.484
1.05
0.693
0.576
1.041
0.976
0.956
1.133
0.64
1.289
1.113
0.588
1.32
1.286
2.639
3.245
1.857
2.009
2.049
1.803
1.77
1.457
1.266
1.336
1.281
1.05
0.693
0.502
1.087
0.911
0.878
0.747
0.576
1.621
1.432
0.561
1.157
1.237
2.357
3.069
1.78
1.852
2.035
1.803
1.716
1.201
1.087
1.186
1.072
0.877
0.639
0.476
1.132
0.908
0.889
1.386
0.599
1.305
1.497
1.159
1.09
1.289
1.656
2.343
1.684
1.704
1.723
1.52
1.22
0.806
0.693
0.728
0.701
0.688
0.458
0.388
1.115
0.864
0.675
1.831
0.748
1.35
2.052
1.095
0.479
0.995
1.386
1.523
1.479
1.552
1.457
1.394
1.03
0.449
0.396
0.372
0.35
0.342
0.268
0.399
1.121
0.793
0.642
1.749
0.758
1.43
1.971
1.175
0.486
1.04
0.87
1.304
1.152
1.39
1.326
1.286
0.81
1.644
1.868
1.72
1.652
1.561
0.632
0.536
0.911
1.128
0.877
1.275
0.859
1.328
2.807
2.857
3.514
2.327
1.542
1.733
1.705
2.425
1.952
1.721
1.961
1.452
1.613
1.545
1.533
1.561
0.667
0.545
0.924
0.872
0.65
1.511
1.032
1.314
3.315
2.665
2.961
2.144
1.394
1.771
1.792
2.045
1.43
1.244
1.443
0.275
0.193
0.184
0.177
0.176
0.192
0.382
1.072
0.815
0.636
1.666
0.777
1.34
1.971
1.538
0.522
1.069
0.813
1.111
1.053
1.541
1.361
1.447
0.743
0.239
0.187
0.183
0.177
0.177
0.186
0.374
1.07
0.803
0.626
1.666
1.34
0.571
1.491
1.505
0.522
1.117
1.036
1.05
1.057
1.664
1.373
1.448
0.833
0.249
0.211
0.223
0.2
0.195
0.212
0.363
0.965
0.766
0.576
1.033
1.527
0.547
1.491
0.79
0.481
1.043
1.37
0.999
0.985
1.642
1.423
1.488
0.824
0.261
0.216
0.218
0.198
0.191
0.202
0.395
0.939
0.733
0.554
0.448
1.444
0.448
1.003
0.787
0.431
1.068
1.386
0.902
1.0
1.642
1.464
1.488
0.824
0.267
0.219
0.213
0.196
0.187
0.187
0.36
0.863
0.695
0.507
0.411
1.379
0.447
0.61
0.61
0.41
0.803
1.386
0.92
1.0
1.58
1.44
1.485
0.869
1.248
1.554
1.545
1.482
1.457
0.667
0.406
0.924
0.682
0.755
1.511
1.032
1.521
5.374
4.428
4.217
3.314
1.207
1.554
1.586
1.755
1.514
1.371
0.793
0.947
1.092
1.307
1.128
0.978
0.443
0.429
0.881
0.682
0.623
1.147
1.461
1.135
4.641
2.789
2.475
3.056
1.724
1.737
1.766
1.941
1.644
2.527
2.121
0.271
0.222
0.217
0.201
0.186
0.192
0.356
0.865
0.674
0.465
0.464
1.4
0.606
0.507
0.303
0.911
0.925
1.276
0.906
1.237
1.392
1.324
1.234
0.841
0.275
0.222
0.217
0.203
0.192
0.205
0.372
0.831
0.661
0.45
0.522
1.106
0.758
0.387
0.395
0.871
0.897
1.065
0.923
1.229
1.355
1.479
1.58
1.062
0.247
0.196
0.187
0.186
0.181
0.184
0.377
0.781
0.634
0.46
0.522
0.926
1.164
0.409
0.487
1.313
0.98
0.81
0.942
1.336
1.39
1.757
1.983
1.29
0.235
0.188
0.187
0.194
0.195
0.201
0.409
0.724
0.615
0.463
0.544
1.373
1.175
0.418
0.493
1.352
0.938
0.919
1.007
1.37
1.5
1.779
2.372
1.431
0.235
0.181
0.19
0.197
0.199
0.201
0.483
0.81
0.618
0.463
0.541
1.373
1.605
0.421
0.493
1.326
0.958
0.988
1.008
1.453
1.558
2.37
3.069
2.196
1.238
1.155
1.284
1.174
0.468
0.26
0.424
0.694
0.708
1.493
0.673
1.244
1.784
6.329
4.683
4.073
3.958
1.724
1.568
1.58
1.792
2.165
3.175
2.293
1.289
1.195
1.199
1.186
0.627
0.255
0.395
0.46
0.688
1.351
0.614
1.287
1.356
3.323
2.703
2.547
3.218
1.624
1.706
1.91
2.03
2.165
3.237
3.387
0.499
0.276
0.287
0.306
0.305
0.407
0.581
0.785
0.6
0.463
0.507
1.337
1.578
1.243
1.294
1.251
1.047
1.046
1.311
1.26
1.448
2.763
3.353
2.757
0.724
0.522
0.539
0.487
0.379
0.401
0.581
0.806
0.602
0.485
0.468
1.055
1.714
1.555
1.992
1.469
1.258
1.118
1.634
1.472
1.572
3.404
3.718
3.281
1.183
0.942
0.851
0.591
0.404
0.424
0.593
0.806
0.63
0.5
0.475
1.393
1.594
1.738
2.102
1.235
1.259
1.047
2.188
1.508
1.749
3.85
3.975
3.385
1.358
1.285
1.158
0.694
0.401
0.431
0.574
0.926
0.682
0.536
0.521
0.953
1.594
1.952
2.192
1.427
1.519
1.499
2.232
1.792
2.062
3.85
4.101
3.682
1.577
1.583
1.46
0.787
0.401
0.431
0.523
0.861
0.675
0.536
0.539
1.005
1.247
2.322
2.701
1.594
1.537
1.781
2.232
1.865
2.184
3.96
4.004
3.318
1.676
1.312
1.199
1.186
0.698
0.264
0.395
0.548
0.645
1.984
0.568
0.309
1.329
4.084
4.597
5.054
2.632
1.144
1.694
1.926
2.052
3.578
3.526
3.184
1.422
1.24
1.194
1.189
1.05
0.375
0.398
0.536
0.565
1.077
0.466
0.337
0.623
1.444
2.577
3.551
1.003
1.12
1.694
1.926
2.052
3.133
3.526
3.184
1.691
1.728
1.585
1.041
0.382
0.22
0.427
0.804
0.609
0.507
0.929
1.411
1.335
1.746
2.063
1.319
1.471
1.701
2.011
1.97
2.21
3.888
4.004
2.896
1.64
1.728
1.585
0.964
0.307
0.216
0.427
0.791
0.591
0.504
0.921
1.809
1.13
1.524
1.363
1.231
1.208
1.541
1.702
1.863
2.21
3.161
3.279
2.256
1.184
1.317
1.275
0.861
0.277
0.197
0.398
0.783
0.552
0.487
1.056
1.395
1.26
1.394
1.714
1.312
1.217
1.582
1.055
1.67
1.922
2.353
2.639
1.974
1.008
0.972
0.968
0.755
0.268
0.187
0.369
0.679
0.808
0.471
1.034
1.477
1.26
1.066
1.621
1.31
1.149
1.222
0.838
1.213
1.456
1.949
1.888
1.376
0.61
0.577
0.576
0.555
0.268
0.189
0.345
0.663
0.813
0.471
1.023
1.973
1.214
0.506
1.084
1.009
1.002
0.875
0.675
0.994
1.243
1.336
1.245
0.872
1.383
1.24
1.185
1.168
1.05
0.375
0.404
0.573
0.524
1.743
0.766
0.288
1.092
3.194
4.137
5.581
1.731
0.962
1.553
1.693
1.978
3.133
2.796
1.938
1.075
1.534
1.973
1.744
1.169
0.364
0.37
0.687
0.468
1.098
0.766
0.332
2.036
2.544
2.968
3.794
1.845
1.225
1.473
1.56
2.093
1.626
1.446
1.189
0.786
0.557
0.398
0.341
0.187
0.189
0.32
0.646
0.816
0.473
0.656
1.563
1.099
0.662
2.264
0.935
1.605
0.848
0.808
1.022
2.038
1.506
1.362
0.946
0.778
0.557
0.394
0.336
0.186
0.187
0.335
0.634
0.812
0.452
0.659
1.781
1.234
0.559
2.266
1.238
1.988
1.187
0.995
1.082
2.145
1.556
1.437
1.011
0.816
0.593
0.429
0.353
0.199
0.196
0.367
0.649
0.826
0.641
0.593
1.781
0.832
0.428
1.715
0.958
1.809
1.687
1.058
1.481
2.749
1.616
1.445
1.215
0.84
0.608
0.441
0.36
0.209
0.214
0.385
0.613
0.5
0.658
0.77
1.714
0.729
0.422
1.715
0.668
1.64
1.419
1.058
1.481
2.749
1.63
1.469
1.252
1.081
0.642
0.461
0.385
0.24
0.223
0.385
0.664
0.522
0.668
0.894
1.393
0.618
0.472
1.644
0.664
1.64
1.419
1.318
1.599
2.807
1.728
1.609
1.571
1.155
1.416
1.761
1.518
0.903
0.257
0.37
0.724
0.45
1.209
0.831
0.306
2.159
3.582
3.135
4.408
2.089
1.048
1.157
1.231
1.759
1.513
1.291
0.866
1.278
1.726
2.05
1.818
0.903
0.236
0.416
0.747
0.467
0.866
0.582
0.47
2.159
1.946
2.337
3.099
1.335
1.001
1.25
2.567
2.883
1.733
1.488
1.121
1.062
0.814
0.815
0.794
0.803
0.412
0.406
0.712
0.555
1.407
0.948
1.51
0.579
0.623
0.748
0.676
1.161
1.499
1.348
1.459
2.058
1.641
1.526
1.516
1.062
0.814
0.815
0.794
0.803
0.412
0.453
0.712
0.555
1.872
0.948
0.922
0.296
0.624
0.868
0.299
0.686
1.301
1.205
1.503
2.012
1.641
1.526
1.516
1.009
0.777
0.78
0.778
0.791
0.404
0.475
0.683
0.547
1.694
1.156
1.209
0.711
0.67
0.842
0.289
0.74
0.813
1.222
1.142
1.443
1.563
1.408
1.304
0.976
0.769
0.762
0.769
0.783
0.387
0.471
0.761
0.529
1.644
0.965
1.209
0.78
0.723
0.89
0.434
1.249
0.878
1.234
1.142
1.461
1.48
1.295
1.178
0.738
0.744
0.737
0.745
0.755
0.383
0.517
0.694
0.509
1.613
0.956
1.223
0.871
0.604
0.958
0.97
1.309
1.052
0.993
1.244
1.477
1.363
1.174
0.913
1.238
1.436
1.366
1.366
0.664
0.238
0.445
0.805
0.537
0.938
0.637
0.426
1.267
3.063
3.241
4.799
1.76
0.824
0.836
2.246
2.209
1.535
1.159
0.726
1.583
1.436
1.358
1.242
0.462
0.232
0.445
0.907
0.537
0.938
0.785
0.504
0.968
2.047
3.271
3.632
2.951
1.314
0.931
2.235
2.322
1.53
1.39
1.507
0.385
0.42
0.375
0.363
0.207
0.209
0.517
0.721
0.47
1.296
0.929
1.06
0.939
0.284
0.427
0.914
1.224
1.104
0.908
1.47
1.708
1.512
1.512
1.084
0.426
0.423
0.396
0.375
0.213
0.216
0.493
0.826
0.492
1.156
0.954
0.984
0.954
0.312
0.372
0.927
1.224
1.014
1.342
1.468
1.693
1.512
1.514
1.058
0.426
0.423
0.398
0.382
0.213
0.216
0.46
0.816
0.596
1.176
0.699
0.726
0.61
0.351
0.377
1.187
1.191
1.27
1.302
1.46
1.693
1.487
1.519
1.082
0.426
0.422
0.404
0.382
0.219
0.218
0.443
0.723
0.596
1.179
0.699
0.726
0.593
0.296
0.431
1.053
0.652
1.196
1.912
1.46
1.57
1.463
1.555
1.113
0.434
0.422
0.409
0.388
0.229
0.222
0.377
0.761
0.592
1.179
0.56
0.484
0.591
0.702
0.379
0.612
0.619
1.231
2.57
1.268
1.421
1.33
1.403
0.956
1.696
1.135
1.007
0.78
0.461
0.226
0.397
0.907
0.546
0.61
1.123
0.448
1.36
2.047
3.271
3.632
2.951
1.314
0.931
0.923
1.207
1.252
1.463
1.546
1.696
1.03
1.218
1.021
0.388
0.329
0.41
0.83
0.696
0.476
1.443
1.013
1.36
1.02
2.893
1.014
2.449
1.307
0.842
0.923
1.207
1.603
1.487
0.681
0.262
0.211
0.22
0.212
0.209
0.213
0.363
0.843
0.689
1.388
0.52
0.464
0.539
0.708
0.714
0.563
0.604
1.808
2.438
0.85
1.064
1.102
1.013
0.864
0.572
0.58
0.536
0.208
0.207
0.206
0.472
0.726
0.702
1.161
0.454
0.541
0.48
0.757
0.846
0.794
0.861
2.03
2.152
0.966
1.166
1.272
1.286
1.154
0.953
0.933
0.849
0.394
0.207
0.206
0.639
0.74
0.606
1.151
0.406
0.506
0.537
0.687
0.902
0.573
1.157
2.578
2.097
0.913
1.286
1.316
1.279
1.137
0.963
0.96
0.846
0.393
0.204
0.207
0.676
0.829
0.606
1.131
0.457
0.513
0.537
0.902
1.351
0.738
2.111
2.885
1.864
1.284
1.817
1.66
1.573
1.522
1.459
1.393
1.273
0.581
0.197
0.207
0.763
0.793
0.6
1.113
0.452
0.659
0.629
0.68
1.568
0.81
2.273
2.873
1.154
1.223
1.817
1.66
1.62
1.546
1.187
0.867
1.249
1.021
0.388
0.329
0.575
0.7
0.715
0.607
1.443
1.013
2.182
1.301
4.029
2.642
3.721
0.996
0.728
0.954
1.275
1.603
1.487
1.244
1.267
1.219
1.253
0.873
0.273
0.327
0.647
0.542
0.715
0.607
0.935
0.985
1.876
1.301
4.029
2.932
3.834
1.035
0.977
1.079
1.32
2.03
1.531
1.513
1.695
1.526
1.287
0.583
0.2
0.212
0.776
0.732
0.496
0.801
0.603
1.007
0.893
0.737
1.3
0.91
2.273
2.198
1.624
1.689
1.791
1.793
1.684
1.595
1.75
1.552
1.272
0.645
0.201
0.212
0.673
0.817
0.495
0.68
0.723
1.255
0.877
1.137
1.28
0.806
2.159
2.07
1.612
1.71
1.813
1.717
1.442
1.502
2.212
1.86
1.605
0.982
0.404
0.24
0.595
0.814
0.487
0.678
0.744
1.293
0.783
1.137
1.655
1.158
2.037
1.526
1.612
2.424
1.865
1.809
1.541
1.535
2.229
1.968
1.854
1.252
0.574
0.24
0.659
0.738
0.487
1.145
0.85
1.293
0.783
0.983
1.235
1.126
1.473
1.33
1.195
2.026
1.392
1.504
1.267
1.254
1.97
1.695
1.437
1.061
0.573
0.235
0.593
0.738
0.48
1.309
1.366
1.27
0.563
1.41
1.335
2.262
2.309
2.212
1.653
2.113
1.436
1.581
1.322
1.407
1.401
1.361
1.018
0.4
0.198
0.21
0.647
0.646
0.549
0.661
0.214
0.85
1.972
3.449
4.252
5.326
3.979
1.035
1.139
1.259
1.77
2.078
1.589
1.407
1.401
1.361
0.934
0.826
0.701
0.241
0.536
0.832
0.535
0.443
0.422
0.753
1.026
3.504
2.918
3.624
1.309
1.048
1.421
2.393
2.009
2.078
1.589
1.225
1.87
1.684
1.577
1.185
0.64
0.228
0.633
0.621
0.471
1.136
1.185
1.279
0.226
1.449
1.335
2.213
2.309
2.309
1.686
1.667
1.459
1.439
1.237
1.026
1.62
1.419
1.267
1.135
0.682
0.235
0.706
0.569
1.122
1.255
1.226
1.007
0.401
1.325
1.627
2.153
2.545
2.309
1.925
1.505
1.259
1.437
1.237
0.754
0.788
0.796
0.647
0.615
0.486
0.209
0.756
0.547
1.704
1.274
1.555
0.92
0.47
1.325
1.224
1.842
2.686
2.048
1.881
0.848
1.111
1.273
1.054
0.541
0.524
0.564
0.413
0.352
0.328
0.207
0.78
0.51
2.145
0.931
1.472
0.888
0.533
1.316
1.158
1.953
2.801
2.053
1.913
0.848
1.166
1.148
0.877
0.392
0.406
0.449
0.416
0.356
0.328
0.255
0.78
0.531
2.304
0.871
0.996
0.945
0.627
0.891
1.194
0.718
2.686
1.489
1.408
0.69
1.189
1.116
0.836
1.144
0.905
1.034
0.819
0.981
0.748
0.307
0.58
0.832
0.586
0.595
0.54
1.007
0.894
3.504
3.11
5.015
1.33
1.047
1.371
2.393
2.009
1.672
1.237
0.832
0.952
0.956
0.79
0.981
0.748
0.307
0.672
0.779
1.493
0.414
0.847
0.695
1.44
1.958
2.362
3.006
1.045
1.199
2.27
2.217
1.423
1.178
1.031
0.389
0.44
0.546
0.355
0.241
0.268
0.258
0.837
0.535
2.507
0.788
0.996
0.695
0.627
0.797
1.25
0.718
2.838
1.904
0.96
0.628
1.134
1.062
0.777
0.394
0.445
0.546
0.355
0.231
0.233
0.257
0.872
0.508
2.136
0.952
0.897
0.795
0.481
0.457
0.814
1.193
2.773
1.898
0.612
0.622
1.127
1.117
0.763
0.398
0.446
0.519
0.335
0.23
0.232
0.257
0.871
0.54
1.991
0.872
0.576
0.84
0.425
0.543
0.923
1.354
2.957
2.059
0.64
0.515
1.124
1.109
0.798
0.396
0.447
0.484
0.311
0.228
0.227
0.266
0.914
0.749
2.167
0.853
0.545
0.87
0.37
0.492
1.097
2.333
2.64
1.742
0.623
0.616
1.035
1.109
0.798
0.396
0.421
0.467
0.304
0.223
0.229
0.228
0.944
0.737
2.686
0.874
0.597
0.857
0.278
0.348
0.779
2.49
1.809
1.355
0.662
0.657
0.876
0.894
0.655
0.818
0.935
0.881
0.56
0.501
0.251
0.275
0.798
0.528
1.545
0.523
0.813
1.261
1.988
3.367
3.705
4.517
1.231
0.956
1.68
0.733
0.955
0.849
0.8
0.859
1.012
0.649
0.33
0.245
0.223
0.219
0.78
0.591
2.945
0.589
0.911
1.22
1.988
3.367
3.099
3.51
1.21
1.253
2.005
0.995
1.344
1.241
1.118
0.247
0.245
0.228
0.219
0.217
0.227
0.273
0.938
0.761
2.637
0.98
0.521
0.762
0.313
0.404
0.76
2.49
1.42
0.673
1.106
0.686
0.897
0.994
0.805
0.244
0.241
0.231
0.231
0.227
0.229
0.275
0.936
0.996
2.612
0.815
0.508
0.605
0.31
0.489
0.76
2.492
1.66
0.674
1.039
0.597
0.944
0.863
0.751
0.234
0.236
0.226
0.231
0.226
0.255
0.275
0.856
0.954
2.615
0.815
0.927
0.818
0.278
0.399
1.105
2.359
1.153
0.941
1.045
0.597
0.972
0.809
0.713
0.222
0.215
0.218
0.23
0.252
0.253
0.264
0.784
0.729
2.391
0.772
0.927
0.748
0.293
0.388
1.513
1.354
1.276
1.41
1.188
0.505
1.016
0.79
0.715
0.22
0.196
0.203
0.256
0.246
0.236
0.245
0.689
0.741
1.949
0.685
0.799
1.02
0.4
0.347
1.693
1.316
1.29
2.343
1.602
0.445
1.016
0.912
0.697
1.019
0.976
0.612
0.326
0.284
0.275
0.279
0.938
0.557
2.123
0.752
0.704
1.92
1.268
4.566
5.272
4.889
1.465
0.887
0.823
0.742
1.305
1.094
0.791
1.214
1.189
0.851
0.326
0.28
0.275
0.279
0.818
0.733
2.95
0.752
0.765
1.993
0.967
2.887
3.223
2.98
1.691
3.215
0.886
0.966
1.469
1.397
1.072
0.211
0.181
0.199
0.271
0.236
0.221
0.186
0.73
0.698
2.103
0.444
0.898
1.073
0.321
0.321
1.684
1.596
1.648
2.621
1.092
0.369
0.883
0.813
0.651
0.348
0.288
0.311
0.272
0.226
0.214
0.176
0.661
0.471
2.195
0.36
0.925
1.243
0.53
0.918
2.753
2.375
2.108
2.621
1.1
0.371
0.967
0.849
0.671
0.361
0.304
0.329
0.275
0.239
0.19
0.215
0.728
0.583
2.255
0.7
0.549
1.599
0.641
0.933
2.335
2.426
2.37
2.478
1.119
0.376
0.9
0.881
0.725
0.366
0.315
0.345
0.276
0.216
0.206
0.274
0.756
0.661
2.254
0.662
0.98
1.631
1.078
1.013
1.76
2.426
2.381
2.123
1.524
0.49
0.882
0.881
0.725
0.357
0.315
0.345
0.252
0.205
0.201
0.274
0.751
0.639
2.341
0.705
1.246
1.293
1.374
1.013
1.57
2.245
2.451
1.239
1.145
0.472
0.885
0.79
0.746
1.219
1.189
0.851
0.281
0.28
0.275
0.28
0.927
0.724
1.966
1.14
0.697
1.993
1.018
2.713
6.384
4.228
2.86
3.911
0.586
0.653
1.127
1.168
1.138
1.339
1.16
1.023
0.232
0.224
0.218
0.217
0.781
1.482
2.292
1.656
0.82
1.374
1.426
1.684
4.018
2.362
3.173
3.911
0.623
0.856
1.127
1.168
1.239
0.35
0.313
0.334
0.223
0.207
0.201
0.271
0.705
0.64
2.195
0.705
1.246
1.293
1.385
0.966
1.529
1.915
2.42
0.997
1.145
0.481
1.081
0.832
0.715
0.211
0.205
0.22
0.207
0.207
0.206
0.278
0.803
0.631
2.003
0.933
1.201
1.059
1.287
0.398
0.576
0.952
1.77
1.636
1.11
0.456
0.968
0.799
0.742
0.209
0.188
0.202
0.188
0.188
0.19
0.229
0.744
1.099
1.762
0.624
1.131
0.471
1.33
1.072
0.62
1.948
2.546
1.859
1.557
0.433
0.968
0.852
0.788
0.217
0.196
0.198
0.183
0.181
0.191
0.231
0.742
1.49
1.816
0.77
0.728
0.387
0.973
0.983
0.62
1.905
2.278
1.819
1.594
0.351
0.942
0.848
0.788
0.217
0.202
0.195
0.186
0.185
0.193
0.231
0.734
1.56
1.6
0.833
0.389
0.253
0.801
0.989
0.566
2.021
2.182
1.819
1.513
0.357
0.946
0.834
0.763
1.26
1.0
0.939
0.545
0.441
0.384
0.211
0.908
1.359
2.048
1.656
0.713
0.857
1.338
2.787
5.424
3.655
3.173
1.878
0.566
0.599
0.979
1.031
1.239
1.183
0.97
0.939
0.866
0.557
0.392
0.206
0.889
2.356
2.17
1.338
0.713
1.385
1.347
2.787
2.361
3.415
2.484
2.463
1.61
0.978
1.051
1.13
1.154
0.237
0.232
0.197
0.183
0.185
0.193
0.232
0.719
1.562
1.814
0.807
0.397
0.253
0.795
0.995
0.605
2.385
2.184
1.765
1.513
0.357
0.607
0.743
0.761
0.848
0.795
0.239
0.183
0.188
0.191
0.224
0.648
1.901
1.678
0.602
0.36
0.366
0.795
0.88
0.555
2.532
2.138
1.796
1.562
0.366
0.646
0.807
0.772
0.848
0.804
0.253
0.201
0.21
0.211
0.242
0.71
1.906
1.678
0.946
0.527
0.464
0.728
0.214
0.984
1.386
1.044
1.688
1.392
0.404
0.625
0.771
0.726
0.988
1.443
0.807
0.766
0.772
0.551
0.194
0.748
1.965
1.362
1.112
0.549
0.623
1.254
0.466
1.071
1.448
1.53
2.32
0.902
0.64
1.197
1.407
1.284
1.581
2.025
1.401
0.867
0.791
0.565
0.208
0.879
2.364
1.159
0.992
0.633
0.744
1.495
0.959
1.08
1.449
1.275
2.689
1.521
0.703
1.172
1.521
1.423
1.035
0.905
0.863
0.89
0.783
0.504
0.216
0.889
2.289
2.012
0.719
0.495
1.48
1.41
2.371
2.466
3.415
3.402
4.058
1.738
0.913
1.208
1.295
1.836
1.015
1.71
1.782
1.788
1.157
0.339
0.216
0.823
2.697
1.545
0.659
1.155
1.896
1.41
1.357
2.024
2.243
3.402
4.058
2.619
1.159
1.208
1.295
1.836
1.73
2.177
1.584
1.009
0.791
0.572
0.213
0.917
2.572
0.65
1.061
0.721
0.838
1.544
1.397
1.091
1.134
1.393
2.79
1.801
0.764
1.324
1.628
1.42
1.245
1.779
1.665
1.009
0.791
0.571
0.243
0.947
2.647
0.493
1.04
0.721
0.838
1.544
1.43
1.034
0.738
1.293
2.567
1.921
0.873
1.348
1.798
1.596
1.675
1.912
1.665
1.007
0.784
0.566
0.243
0.936
2.532
0.685
1.053
0.637
0.954
1.566
1.47
0.979
1.381
1.75
2.53
1.858
0.931
1.505
1.798
1.726
2.121
1.813
1.314
0.531
0.245
0.263
0.246
0.945
2.605
0.658
0.812
0.72
0.915
1.027
1.314
1.033
1.679
1.988
2.24
1.858
0.759
1.114
1.426
1.346
1.66
1.4
0.767
0.458
0.241
0.267
0.253
0.926
2.68
0.562
0.812
0.758
1.04
0.594
1.17
1.365
1.631
2.072
2.308
1.269
0.759
1.114
1.372
1.338
1.015
2.164
2.565
1.9
1.157
0.347
0.225
0.782
2.891
0.857
0.923
1.168
1.505
1.38
0.974
3.21
3.669
4.452
4.073
2.372
0.967
1.103
1.197
1.692
0.911
2.164
2.565
1.9
0.816
0.234
0.233
0.796
2.891
0.77
0.923
1.168
1.334
1.087
1.117
3.21
3.669
2.947
3.677
2.372
1.236
0.972
1.103
0.981
1.633
1.364
0.593
0.321
0.241
0.26
0.253
0.941
2.544
0.845
0.776
0.832
0.923
0.516
0.859
1.479
2.474
2.76
2.248
0.998
0.781
1.153
1.354
1.328
1.684
1.368
0.542
0.321
0.245
0.262
0.223
0.934
2.514
0.862
0.98
0.877
0.987
0.556
0.875
1.479
2.474
2.76
2.402
0.861
0.817
1.172
1.611
1.337
1.433
1.383
0.886
0.601
0.397
0.319
0.213
0.956
2.636
0.728
0.704
0.877
0.843
0.769
0.945
1.1
2.746
3.088
3.115
0.974
0.784
1.106
1.642
1.245
1.421
1.392
1.217
1.058
0.561
0.326
0.215
0.932
2.691
0.753
0.687
0.746
0.867
0.768
1.213
1.071
2.331
2.286
3.127
0.951
0.732
0.965
1.373
1.253
1.979
2.789
1.81
1.655
1.107
0.541
0.298
0.911
2.777
0.769
0.776
0.663
0.861
1.286
1.098
1.08
2.612
2.193
3.319
1.132
0.923
1.142
1.605
1.584
0.925
1.381
2.14
1.132
0.453
0.304
0.233
0.916
2.841
0.599
1.682
0.376
0.889
1.101
1.117
2.36
3.609
4.329
4.116
1.693
1.114
1.018
1.378
1.101
0.904
0.839
1.405
1.204
0.768
0.43
0.226
0.916
2.974
1.495
2.683
0.79
0.879
2.475
1.095
1.005
2.0
3.359
4.018
1.008
2.925
1.862
1.378
1.707
2.382
3.132
1.81
1.653
1.107
0.541
0.301
1.267
2.777
0.519
0.79
0.499
0.861
1.286
1.085
1.15
1.828
1.674
3.319
1.201
1.035
0.982
1.544
1.562
2.659
3.132
1.905
1.653
1.099
0.536
0.412
1.324
2.703
0.496
0.592
0.458
0.787
1.476
1.143
1.293
2.888
2.301
3.091
1.221
1.0
0.999
1.125
1.48
2.659
3.097
1.6
1.369
0.937
0.472
0.457
1.423
2.533
0.669
0.749
0.524
0.682
1.173
1.102
1.293
1.918
2.463
2.047
0.895
1.029
0.93
1.114
1.398
2.223
2.68
1.068
0.816
0.745
0.416
0.492
1.423
2.507
0.881
0.705
0.668
0.653
1.252
1.01
1.81
2.247
2.543
1.688
1.006
1.199
1.028
1.185
1.345
1.664
1.279
0.451
0.194
0.185
0.455
0.557
1.419
2.211
1.251
0.916
0.772
0.509
0.661
0.881
1.914
2.42
2.543
1.417
0.861
1.088
0.905
1.023
0.954
1.852
1.718
0.924
1.046
0.768
0.43
0.203
0.902
3.112
1.372
2.683
0.961
0.956
2.563
2.325
2.239
4.156
3.723
2.919
0.779
2.743
1.956
1.352
2.076
1.694
1.469
0.613
0.731
0.516
0.342
0.194
0.807
3.112
1.503
2.2
0.961
1.539
2.563
2.21
2.262
4.156
3.323
1.06
0.945
2.877
1.956
1.04
2.076
1.217
0.846
0.393
0.188
0.18
0.45
0.557
1.128
2.272
1.366
0.945
0.772
0.505
0.72
0.763
1.812
2.591
2.208
1.651
0.781
0.933
0.935
0.9
0.817
0.625
0.557
0.216
0.176
0.177
0.45
0.446
1.07
2.4
1.366
1.539
1.295
0.628
0.439
0.619
1.73
1.724
1.578
1.651
0.678
0.932
0.755
0.856
0.675
0.495
0.479
0.225
0.187
0.186
0.461
0.448
0.963
2.546
1.145
1.373
1.249
1.696
0.476
0.653
1.73
1.724
1.428
2.054
0.642
0.846
0.735
0.718
0.543
0.336
0.32
0.198
0.216
0.191
0.455
0.427
1.181
2.229
0.928
1.373
1.072
1.757
0.888
0.41
1.4
1.515
1.625
2.556
0.706
0.59
0.602
0.641
0.506
0.191
0.183
0.167
0.206
0.186
0.18
0.306
1.293
2.32
0.495
1.021
0.943
1.703
0.924
0.393
1.73
1.126
1.909
2.387
0.733
0.551
0.625
0.616
0.591
1.484
1.407
0.231
0.184
0.183
0.185
0.206
0.807
2.875
0.818
0.974
0.611
1.807
1.404
2.21
2.262
5.357
4.418
1.035
0.945
0.997
0.899
0.845
1.234
0.226
0.245
0.178
0.163
0.162
0.17
0.506
0.804
2.656
1.089
0.794
0.559
1.807
1.178
0.977
1.047
3.189
4.22
0.668
0.819
1.996
0.51
0.558
0.518
0.191
0.175
0.16
0.2
0.183
0.173
0.342
1.395
2.285
0.304
0.944
0.899
1.772
0.96
0.508
1.691
0.856
2.441
2.329
0.701
0.533
0.592
0.612
0.591
0.193
0.176
0.164
0.202
0.181
0.209
0.416
1.596
2.029
0.284
0.309
0.329
1.715
1.009
1.165
1.659
0.643
2.634
2.658
0.773
0.418
0.622
0.54
0.594
0.18
0.158
0.148
0.185
0.162
0.188
0.406
1.802
1.781
0.296
0.567
0.479
0.687
1.06
1.196
1.694
0.853
2.055
2.808
1.094
0.42
0.605
0.537
0.583
0.18
0.158
0.148
0.151
0.149
0.183
0.426
1.823
1.729
0.257
0.611
0.578
0.614
1.004
1.196
1.487
0.946
2.027
2.702
1.0
0.443
0.652
0.448
0.47
0.169
0.151
0.151
0.15
0.148
0.183
0.537
2.01
1.543
0.316
0.885
0.699
0.727
1.004
1.273
0.807
1.407
3.831
2.726
1.075
0.587
0.706
0.578
0.491
0.181
0.148
0.145
0.144
0.144
0.148
0.818
1.427
2.656
1.089
0.376
0.361
1.124
0.972
2.684
2.274
4.335
4.556
0.642
0.524
1.701
0.483
0.534
0.464
0.819
0.725
0.697
0.533
0.37
0.158
0.818
1.399
2.585
0.943
1.012
0.464
0.845
0.666
2.684
2.393
4.174
3.538
0.974
0.691
2.131
0.567
0.821
0.742
0.33
0.306
0.293
0.216
0.152
0.193
0.539
2.224
1.377
0.313
1.898
0.82
0.824
0.976
1.197
0.872
1.458
4.067
2.665
1.075
0.723
0.703
0.747
0.671
0.484
0.482
0.489
0.252
0.17
0.17
0.492
2.224
1.452
0.48
1.898
0.919
0.802
0.962
0.579
1.058
1.631
4.68
2.482
1.1
0.814
0.881
0.839
0.759
0.614
0.618
0.621
0.317
0.189
0.189
0.492
1.911
1.92
0.507
2.252
1.395
1.036
1.031
0.695
1.136
1.421
4.833
2.668
0.937
1.421
0.992
1.056
0.977
0.861
0.861
0.835
0.44
0.306
0.212
0.506
1.828
2.214
0.539
2.226
1.395
1.075
0.775
0.786
1.245
2.24
5.627
2.377
1.016
1.614
1.18
1.201
1.083
0.969
0.962
0.908
0.595
0.335
0.218
0.421
1.95
2.2
0.5
2.103
1.386
1.135
1.507
0.817
1.514
1.946
3.992
1.991
0.996
1.59
1.396
1.365
1.179
1.184
1.156
1.243
1.029
0.479
0.196
0.708
2.281
1.905
0.54
1.064
0.433
0.941
0.851
2.633
2.985
6.547
5.179
1.163
0.894
1.274
0.865
1.087
1.009
1.215
1.156
1.243
1.051
0.75
0.271
0.535
1.673
2.662
0.546
2.01
1.043
1.646
0.954
1.079
1.694
6.547
4.92
1.312
3.078
3.45
1.008
1.336
1.23
1.007
1.011
0.908
0.563
0.381
0.229
0.433
1.582
2.628
0.942
1.534
1.362
1.095
2.067
0.981
1.727
2.027
4.008
2.358
1.106
1.742
1.484
1.445
1.351
1.093
1.066
0.968
0.692
0.38
0.231
0.393
1.586
3.158
0.938
1.574
1.271
1.189
2.187
1.067
1.749
2.502
3.987
2.359
1.582
1.802
1.418
1.454
1.452
1.176
1.086
1.051
0.856
0.406
0.231
0.389
1.586
2.7
1.009
1.096
0.783
1.007
2.373
1.043
2.424
3.02
4.262
2.297
1.724
1.321
1.493
1.462
1.479
1.143
1.061
1.077
0.869
0.307
0.226
0.326
1.436
2.544
1.063
1.495
0.807
1.125
2.373
1.046
2.424
2.466
3.473
2.509
1.668
1.245
1.461
1.455
1.477
1.114
1.039
1.092
0.9
0.442
0.223
0.3
0.967
2.87
1.063
2.063
1.134
1.125
1.766
1.107
2.365
2.673
3.473
2.823
1.695
1.247
1.378
1.399
1.492
1.001
1.142
1.127
1.059
0.704
0.271
0.502
1.673
2.351
0.867
1.889
1.206
2.218
1.122
1.055
3.502
7.286
6.118
2.349
3.274
3.292
1.122
1.469
1.523
1.013
1.106
0.97
0.972
1.171
0.935
0.567
1.097
2.351
1.386
1.889
1.206
2.218
1.226
1.057
2.896
3.872
4.259
2.489
3.274
3.292
1.281
1.469
1.523
1.141
1.105
1.144
0.992
0.458
0.243
0.249
0.9
2.554
0.65
1.666
1.255
1.143
1.291
1.028
2.202
2.852
3.107
2.379
1.632
1.225
1.435
1.482
1.363
1.11
1.094
1.141
1.04
0.534
0.253
0.25
0.886
1.97
0.484
1.666
1.255
1.823
1.609
0.95
2.216
2.641
2.475
2.379
1.347
1.188
1.435
1.447
1.253
1.091
1.071
1.135
1.004
0.576
0.257
0.304
0.889
1.97
0.605
1.549
1.166
1.823
1.685
1.359
1.577
2.62
2.696
2.325
1.213
1.185
1.348
1.372
1.205
1.075
1.044
1.073
1.004
0.576
0.289
0.378
0.879
1.628
0.96
1.18
1.166
1.826
1.687
1.413
1.638
2.62
3.257
2.217
1.21
1.118
1.299
1.454
1.212
1.07
1.043
1.073
0.969
0.452
0.289
0.35
0.843
1.22
1.346
0.525
1.702
2.235
1.724
1.363
1.962
2.768
3.669
2.03
1.201
1.121
1.349
1.515
1.221
1.159
1.349
1.33
1.055
1.225
1.093
0.548
1.097
1.9
1.386
1.118
0.631
2.254
2.448
2.44
4.014
3.662
4.768
3.607
1.66
1.102
1.323
1.445
1.57
1.225
1.375
1.403
1.006
1.225
1.093
0.548
1.183
1.679
1.652
0.577
0.45
1.705
2.462
2.521
2.26
1.105
2.68
2.669
1.583
1.182
1.323
1.342
1.338
1.056
0.981
1.026
0.806
0.399
0.262
0.424
0.891
0.954
1.591
0.486
1.555
2.172
1.907
1.363
1.962
2.637
3.896
1.889
1.201
0.978
1.288
1.422
1.295
1.151
0.984
1.007
0.814
0.5
0.348
0.424
0.862
1.03
1.687
0.758
1.671
1.444
1.508
1.409
1.889
2.404
3.898
1.999
1.074
0.985
1.334
1.459
1.311
1.131
1.03
1.074
0.872
0.609
0.363
0.472
0.852
1.032
1.687
0.736
1.671
1.418
1.134
1.007
1.757
2.118
3.994
1.425
1.006
0.955
1.398
1.52
1.377
1.144
1.03
1.074
0.872
0.576
0.34
0.453
0.813
1.07
1.468
0.948
1.653
1.707
1.471
0.89
1.481
1.85
3.792
1.32
0.949
0.901
1.398
1.498
1.377
1.144
0.978
1.02
0.847
0.601
0.346
0.456
0.84
1.532
1.218
1.397
0.786
1.303
1.612
0.829
0.994
2.529
3.64
1.261
0.978
0.991
1.273
1.448
1.392
1.225
1.375
1.403
0.968
0.881
0.631
0.347
0.891
1.679
1.398
0.909
0.466
1.707
2.462
2.521
3.624
3.387
4.244
2.667
1.505
1.182
1.262
1.329
1.608
1.288
1.54
1.323
1.129
0.808
0.865
0.861
0.915
1.184
1.801
1.066
0.867
1.139
1.188
1.158
2.574
3.387
3.061
1.712
1.965
1.24
1.193
1.36
1.491
1.155
0.956
0.984
0.874
0.606
0.346
0.461
0.814
1.751
0.951
1.628
0.745
1.39
1.673
0.683
0.978
2.841
3.357
1.185
1.022
0.964
1.218
1.537
1.329
1.055
0.887
0.867
0.69
0.43
0.25
0.464
0.821
1.45
0.918
1.362
0.709
1.265
1.823
0.766
0.986
3.229
3.28
1.051
0.946
1.093
1.13
1.482
1.296
0.979
0.784
0.752
0.559
0.281
0.262
0.37
0.772
1.504
1.076
1.375
0.91
1.319
1.914
1.273
1.146
3.667
3.431
1.917
1.188
1.125
0.998
1.628
1.374
0.9
0.777
0.733
0.54
0.286
0.26
0.318
0.791
1.54
1.006
1.18
0.826
0.976
1.764
1.192
1.146
3.667
2.876
1.86
1.219
1.3
1.041
1.648
1.48
0.853
0.72
0.596
0.401
0.256
0.263
0.32
0.753
1.075
1.163
1.358
1.247
1.009
1.73
1.219
1.208
3.167
3.35
2.309
1.644
1.451
1.096
1.673
1.563
1.378
1.38
1.079
0.965
0.579
0.703
0.896
0.803
0.727
1.486
1.551
0.932
2.211
1.692
1.084
4.061
4.743
5.555
2.998
1.832
1.017
1.193
1.36
1.491
1.378
1.38
1.156
1.132
0.768
0.753
0.911
0.803
1.511
1.137
1.551
0.932
2.211
1.639
1.295
2.715
2.875
4.929
3.929
2.747
1.515
1.293
1.508
1.305
0.885
0.734
0.532
0.328
0.252
0.271
0.277
0.681
0.907
1.514
1.127
1.411
1.116
1.476
1.331
1.134
3.351
3.342
2.46
1.64
1.542
1.259
1.724
1.759
0.971
0.833
0.67
0.569
0.363
0.282
0.282
0.763
0.907
1.944
1.174
1.459
1.239
1.335
1.326
1.238
3.439
3.301
2.46
1.64
1.422
1.462
1.774
1.784
1.051
0.926
0.755
0.508
0.338
0.255
0.282
0.751
0.871
2.273
1.174
1.345
1.291
1.118
0.942
1.09
2.613
2.317
2.385
1.58
1.543
1.577
1.647
1.719
1.171
1.084
0.973
0.595
0.334
0.255
0.28
0.68
0.846
2.338
1.597
1.401
1.616
0.919
0.976
1.188
2.885
3.08
2.926
1.96
1.467
1.61
1.647
1.704
1.171
1.084
1.044
0.595
0.333
0.245
0.27
0.723
0.868
2.338
0.983
1.359
1.717
0.962
1.091
1.129
2.346
2.482
2.822
1.554
1.307
1.61
1.668
1.633
1.237
0.968
0.765
0.577
0.479
0.34
0.396
0.78
1.782
0.702
1.476
0.605
3.21
2.078
1.378
4.296
3.766
6.388
4.028
2.527
1.492
1.485
1.401
1.459
1.347
1.275
1.074
0.726
0.438
0.311
0.332
0.83
1.782
1.388
1.3
0.672
2.035
1.43
1.378
3.48
3.242
4.832
3.839
2.527
1.628
1.485
1.423
1.459
1.241
1.164
1.081
0.738
0.414
0.247
0.245
0.84
0.792
2.586
1.019
1.288
1.686
0.959
1.091
1.174
2.028
3.236
2.698
1.58
1.378
1.484
1.85
1.537
1.247
1.157
1.089
0.66
0.307
0.235
0.297
0.75
0.876
2.155
1.052
1.304
1.642
0.932
0.952
1.55
1.689
2.939
3.376
1.938
1.778
1.391
1.939
1.478
1.224
1.247
1.098
0.788
0.4
0.243
0.298
0.873
0.83
1.926
1.072
1.22
1.492
0.855
0.934
1.55
1.689
2.939
2.685
1.845
1.686
1.31
1.879
1.465
1.178
1.185
1.048
0.707
0.401
0.244
0.337
0.902
1.159
1.906
1.176
1.177
1.399
0.929
0.928
2.196
2.396
3.844
2.379
1.512
1.649
1.231
1.879
1.555
1.282
1.241
0.951
0.714
0.408
0.244
0.345
0.841
1.099
2.2
1.259
0.897
1.261
1.056
0.967
2.122
2.289
3.71
2.272
1.527
1.597
1.189
2.004
1.661
1.455
1.275
1.014
0.438
0.221
0.231
0.332
0.813
1.319
1.388
1.535
0.974
2.088
1.606
1.455
5.274
3.999
5.483
3.502
2.172
1.314
1.489
1.856
1.461
1.553
1.502
1.094
0.473
0.231
0.231
0.324
0.813
1.276
2.197
1.535
1.064
1.464
2.031
1.434
4.346
3.715
5.211
3.33
1.452
1.49
1.307
1.856
1.292
1.347
1.278
0.998
0.87
0.565
0.45
0.331
0.741
1.165
2.017
1.256
0.878
1.339
1.124
1.084
2.057
2.048
2.861
2.222
1.47
1.424
1.117
1.65
1.606
1.266
1.189
0.903
0.777
0.564
0.446
0.26
0.833
1.112
1.948
1.183
0.874
1.907
1.155
1.066
1.623
1.918
3.183
1.991
1.111
1.154
1.163
1.498
1.568
1.283
1.08
0.774
0.618
0.476
0.436
0.317
0.804
1.34
1.796
1.19
0.935
1.907
1.23
1.085
1.762
1.957
3.804
2.745
1.14
1.235
1.198
1.506
1.517
1.295
1.127
0.774
0.613
0.479
0.441
0.316
0.826
0.946
1.653
0.634
0.825
1.594
1.6
1.061
1.102
1.084
2.077
2.797
1.087
1.219
1.198
1.52
1.381
1.199
1.1
0.868
0.799
0.743
0.814
0.673
1.142
1.112
1.443
0.569
0.843
1.498
1.409
0.953
1.155
1.421
2.354
2.574
0.938
1.243
1.232
1.492
1.231
1.412
1.124
0.744
0.288
0.244
0.214
0.321
0.853
1.276
1.734
1.232
1.064
1.464
2.031
1.648
4.154
3.693
5.211
3.33
0.969
1.41
1.307
1.815
1.292
1.331
1.213
0.925
0.443
0.332
0.227
0.237
0.988
1.519
1.734
0.615
0.78
1.633
1.852
1.487
1.705
3.553
3.436
2.987
1.252
2.243
1.201
1.318
1.229
1.037
1.007
0.817
0.575
0.508
0.597
0.712
1.142
1.024
1.079
0.754
0.919
1.461
1.527
1.304
1.37
1.324
3.627
3.047
1.025
1.279
1.34
1.516
1.227
1.119
1.131
0.921
0.597
0.517
0.617
0.712
1.09
1.04
1.08
1.05
0.81
0.803
1.502
1.256
1.307
1.457
3.838
2.848
0.926
1.145
1.281
1.516
1.198
1.049
1.132
0.913
0.623
0.522
0.628
0.723
1.074
0.813
1.215
1.027
0.986
0.927
1.386
1.183
1.086
1.798
3.176
2.205
1.704
1.042
1.31
1.444
1.189
1.088
1.132
0.984
0.623
0.521
0.628
0.719
1.015
0.886
1.248
1.347
1.051
1.26
0.941
1.247
1.145
1.852
3.221
2.699
2.094
1.258
1.391
1.482
1.124
1.037
1.09
0.879
0.426
0.246
0.72
0.44
0.819
0.717
1.088
1.451
0.941
1.26
1.457
1.094
1.011
1.586
4.144
2.646
2.374
1.146
1.35
1.275
1.041
1.14
1.066
1.076
0.676
0.332
0.25
0.469
0.988
1.492
0.669
0.845
0.602
1.5
2.318
2.673
4.056
4.343
1.736
1.842
1.414
2.053
1.275
1.564
1.271
1.14
1.066
1.076
0.676
0.333
0.25
0.469
0.911
1.492
0.956
0.626
0.638
1.5
2.318
2.5
3.558
4.343
1.736
1.996
1.414
2.1
1.275
1.561
1.271
0.924
0.889
0.68
0.344
0.25
0.72
0.496
0.869
0.717
1.052
1.44
0.831
1.289
1.376
0.668
1.437
2.483
3.049
2.278
2.301
1.239
1.273
1.268
1.039
0.93
0.804
0.644
0.419
0.252
0.704
0.556
0.845
0.919
1.052
1.172
0.938
1.576
1.538
0.748
1.61
2.705
2.959
2.044
2.312
1.26
1.27
1.273
1.12
0.959
0.787
0.703
0.446
0.248
0.697
0.495
0.937
1.303
0.664
1.172
0.72
1.452
1.538
0.759
1.715
2.366
3.723
2.233
1.55
1.267
1.27
1.322
1.055
0.9
0.755
0.701
0.558
0.367
0.758
0.574
0.99
1.696
0.613
0.847
0.902
1.488
1.5
0.671
1.624
2.742
3.723
1.377
1.216
1.075
1.092
1.252
1.186
1.069
0.974
0.868
0.753
0.56
0.367
0.494
0.979
1.725
1.148
1.028
0.956
1.501
0.975
0.703
1.916
4.149
4.013
1.424
0.966
1.148
1.183
1.358
1.271
1.08
1.021
0.997
0.581
0.242
0.226
0.554
0.766
1.172
0.956
0.805
0.548
1.357
2.277
3.979
4.722
4.455
4.186
2.555
1.162
1.255
1.371
1.69
1.244
1.088
0.978
0.896
0.465
0.244
0.21
0.471
0.766
1.062
0.869
1.599
0.548
0.904
1.033
3.226
2.849
2.769
4.188
2.555
0.928
1.152
1.273
1.49
1.163
1.136
0.974
0.868
0.753
0.56
0.368
0.48
0.962
2.102
0.999
1.08
1.051
1.378
0.89
0.704
1.214
3.237
3.873
1.821
1.293
1.12
1.224
1.426
1.378
1.04
0.901
0.781
0.63
0.553
0.375
0.416
0.98
2.117
1.278
1.034
1.015
1.083
0.715
0.655
1.179
3.162
3.858
2.249
1.214
1.022
1.393
1.455
1.324
1.036
0.924
0.853
0.805
0.601
0.383
0.521
0.954
1.779
1.537
1.419
1.072
1.083
0.66
0.645
1.049
3.162
3.617
2.057
1.253
1.172
1.4
1.597
1.366
1.069
0.866
0.744
0.701
0.477
0.32
0.545
1.002
1.415
1.801
1.36
1.315
1.061
0.989
0.749
1.247
3.138
3.799
2.057
1.39
1.284
1.416
1.597
1.256
0.94
0.857
0.734
0.507
0.28
0.252
0.603
0.94
1.452
1.517
0.976
1.248
1.123
0.952
0.794
1.823
2.198
2.743
2.244
1.437
1.333
1.418
1.622
1.207
1.084
1.015
1.206
0.838
0.707
0.356
0.492
0.963
0.992
0.329
1.615
0.514
1.528
1.247
3.778
3.49
4.259
5.191
2.058
0.932
1.045
1.28
1.49
1.163
1.084
1.015
1.206
0.838
0.707
0.356
0.492
0.914
0.552
0.303
1.615
0.556
1.412
1.247
2.731
2.84
2.612
3.354
1.356
1.198
1.136
1.227
1.416
1.315
0.941
0.975
0.909
0.586
0.339
0.421
0.89
1.062
1.064
1.517
0.784
1.163
1.187
0.971
0.75
1.845
2.165
2.743
1.635
1.09
1.287
1.393
1.592
1.206
0.941
0.926
0.81
0.575
0.325
0.411
0.89
0.973
0.942
1.328
1.168
1.234
1.184
0.925
0.696
1.666
1.774
2.563
1.129
1.09
1.287
1.237
1.541
1.155
0.753
0.73
0.61
0.341
0.266
0.395
0.785
1.001
0.921
1.385
0.826
1.157
1.184
0.912
0.642
1.666
2.488
3.09
1.285
0.886
1.084
1.137
1.255
0.99
0.594
0.643
0.589
0.346
0.268
0.381
0.747
1.018
0.826
1.488
0.824
0.668
0.683
0.585
0.485
1.862
1.992
2.754
1.231
0.782
0.846
0.993
1.144
0.892
0.434
0.412
0.418
0.367
0.294
0.379
0.881
0.948
0.708
1.314
1.106
1.01
0.676
0.658
0.362
1.386
1.303
2.633
1.14
0.612
0.64
0.938
0.922
0.725
1.136
1.025
1.269
1.118
1.077
0.545
0.404
0.758
0.384
0.325
0.746
0.605
1.271
0.911
2.26
2.409
2.469
2.693
1.206
1.198
1.136
1.227
1.332
1.203
1.225
1.036
0.945
0.676
0.593
0.393
0.292
0.365
1.167
1.065
0.479
0.727
0.914
0.975
1.335
1.142
0.825
1.204
1.083
2.561
1.395
1.409
1.455
1.519
0.27
0.206
0.211
0.24
0.225
0.194
0.514
0.794
0.658
1.678
1.301
1.232
0.851
0.585
0.237
1.331
1.297
2.567
1.023
0.521
0.596
1.012
0.859
0.702
0.282
0.214
0.215
0.243
0.227
0.213
0.518
0.794
0.667
1.678
1.577
1.123
0.89
0.749
0.237
1.288
1.267
2.262
1.522
0.506
0.596
0.917
0.816
0.7
0.289
0.214
0.215
0.243
0.22
0.204
0.604
0.8
0.665
1.653
1.9
1.044
1.301
0.741
0.225
1.298
0.909
2.227
1.413
0.507
0.592
0.928
0.853
0.667
0.264
0.208
0.255
0.265
0.203
0.205
0.531
0.677
0.649
1.286
2.011
1.072
1.307
0.668
0.265
0.927
0.92
2.342
1.424
0.347
0.55
0.839
0.82
0.676
0.263
0.198
0.25
0.227
0.173
0.194
0.298
0.703
0.766
1.672
2.011
0.656
1.268
0.506
0.253
0.601
0.954
2.223
2.04
0.362
0.613
0.771
0.862
0.689
1.225
1.036
1.456
1.452
0.752
0.398
0.302
0.55
1.344
1.634
0.613
0.727
1.754
1.513
3.612
2.799
3.021
2.233
1.083
2.047
1.166
1.14
1.394
1.041
1.206
1.067
1.31
1.083
0.391
0.249
0.271
0.696
2.262
1.87
0.613
0.839
1.754
1.513
3.641
2.801
3.637
4.166
2.198
2.274
1.518
1.444
1.553
1.474
0.196
0.191
0.236
0.215
0.166
0.19
0.339
0.722
0.766
1.726
1.917
0.385
1.041
0.541
0.466
1.175
0.988
2.223
2.04
0.296
0.434
0.72
0.863
0.652
0.177
0.166
0.219
0.202
0.201
0.182
0.317
0.736
0.658
1.831
1.465
0.445
1.565
0.592
0.466
1.128
1.057
2.161
1.794
0.389
0.494
0.857
0.925
0.701
0.172
0.163
0.254
0.212
0.208
0.179
0.221
0.79
0.634
1.872
1.094
0.553
1.184
0.78
0.453
1.677
1.244
1.823
2.028
0.401
0.469
0.923
0.93
0.776
0.192
0.163
0.207
0.175
0.208
0.176
0.216
0.777
0.691
1.872
1.239
0.52
1.168
0.732
0.392
2.005
1.244
2.096
2.298
0.428
0.643
0.923
0.93
0.812
0.204
0.176
0.206
0.173
0.201
0.177
0.219
0.8
0.635
1.694
1.225
0.692
1.27
0.724
0.385
2.023
1.207
2.107
1.91
0.456
0.626
0.954
0.868
1.094
1.192
1.049
1.433
1.446
0.804
0.479
0.474
1.043
1.894
1.741
1.441
1.119
1.717
1.282
4.255
4.745
5.751
4.897
1.762
0.697
1.079
1.077
1.121
0.936
1.192
1.099
1.066
0.821
0.664
0.479
0.474
1.043
1.894
1.798
1.309
1.119
0.942
0.943
2.105
2.895
4.183
4.897
1.96
1.038
1.417
1.265
1.263
1.244
0.407
0.381
0.346
0.227
0.225
0.19
0.182
0.803
0.732
1.633
1.179
0.758
1.455
0.701
0.266
1.56
1.928
3.162
2.264
0.929
0.944
0.977
0.941
1.146
0.423
0.401
0.363
0.243
0.199
0.193
0.194
0.857
0.748
2.027
1.008
0.921
0.867
0.892
0.278
1.947
2.657
3.535
2.246
0.906
0.944
0.949
0.909
1.142
0.419
0.401
0.325
0.238
0.192
0.193
0.194
0.724
0.813
2.216
1.008
0.894
0.867
0.935
0.559
1.443
2.05
3.34
2.056
0.948
0.948
0.964
0.884
1.067
0.414
0.4
0.325
0.239
0.196
0.198
0.194
0.767
0.757
2.216
1.158
1.099
0.916
0.933
0.559
1.127
2.324
3.919
2.44
0.948
0.786
1.018
0.902
1.024
0.402
0.391
0.326
0.239
0.204
0.202
0.191
0.635
0.863
2.035
1.45
1.36
0.842
1.061
0.663
1.015
2.339
3.919
2.046
0.949
0.949
1.138
1.04
0.849
1.173
1.17
1.179
0.903
0.664
0.447
0.502
1.126
1.093
1.349
1.729
0.89
1.074
0.943
1.969
3.135
6.214
3.992
0.771
0.827
1.035
1.042
0.93
0.911
1.166
1.17
1.179
0.695
0.31
0.217
0.365
0.633
0.841
2.027
1.015
0.453
0.754
0.86
1.311
3.024
5.164
2.718
1.093
0.963
1.167
1.161
1.1
1.11
0.318
0.205
0.195
0.195
0.195
0.196
0.179
0.542
0.848
1.663
1.788
1.382
0.714
1.045
0.891
0.998
2.429
3.457
2.452
0.607
0.807
1.027
0.946
0.745
0.349
0.207
0.204
0.2
0.2
0.202
0.183
0.583
0.857
1.612
1.764
1.245
0.816
0.905
0.966
0.731
2.153
2.957
2.231
0.738
0.951
1.067
1.003
0.797
0.374
0.229
0.219
0.214
0.22
0.219
0.205
0.718
0.792
1.498
1.756
1.45
0.93
0.684
0.738
0.746
2.153
2.435
2.824
0.77
1.039
1.067
1.036
0.811
0.394
0.252
0.238
0.232
0.24
0.235
0.225
0.665
0.857
1.508
1.398
1.281
0.937
0.716
0.757
1.158
2.206
1.73
2.219
0.773
1.122
1.039
1.036
0.817
0.394
0.252
0.254
0.247
0.259
0.251
0.315
0.818
0.787
1.505
1.274
0.853
0.926
0.609
1.055
1.407
2.352
2.068
2.219
0.773
1.162
1.053
1.099
0.851
1.054
1.117
1.116
0.802
0.362
0.225
0.365
0.633
0.871
1.93
1.444
0.44
1.243
0.871
1.311
5.352
5.164
2.718
0.851
0.657
0.758
1.053
0.975
0.902
0.964
0.977
0.818
0.782
0.362
0.245
0.318
0.494
0.871
2.372
1.033
1.021
2.027
0.845
1.944
5.352
3.962
1.581
1.298
0.902
1.237
1.315
1.309
1.185
0.464
0.421
0.427
0.273
0.259
0.257
0.319
0.781
0.782
2.105
0.991
0.741
1.593
1.079
0.965
1.419
2.312
1.83
1.251
1.205
1.185
1.206
1.183
0.921
0.446
0.417
0.42
0.276
0.256
0.254
0.351
0.764
0.775
1.926
1.146
0.716
1.58
0.881
0.936
1.258
1.824
2.158
1.255
1.098
1.164
1.199
1.196
0.945
0.47
0.441
0.42
0.28
0.262
0.253
0.349
0.679
0.881
1.921
1.281
0.776
1.553
0.945
0.924
1.258
1.828
2.285
0.818
1.063
1.136
1.213
1.211
0.981
0.484
0.439
0.452
0.304
0.256
0.25
0.347
0.83
0.874
1.802
1.367
0.701
1.532
0.909
0.873
0.927
1.711
2.906
1.245
1.108
1.031
1.336
1.219
0.981
0.484
0.444
0.455
0.305
0.242
0.249
0.277
0.81
0.867
1.973
1.397
0.706
1.687
1.146
0.704
0.66
1.586
2.817
1.245
1.108
0.8
1.208
1.269
1.013
0.995
0.977
0.701
0.593
0.324
0.269
0.26
0.74
0.865
1.867
1.11
1.043
2.027
0.878
3.206
5.951
4.647
1.782
0.934
0.835
1.2
1.156
1.177
0.922
1.151
1.033
0.773
0.677
0.599
0.509
0.267
0.74
0.966
2.567
1.092
1.043
1.756
0.768
3.206
3.573
4.486
2.247
1.146
1.077
1.522
1.377
1.398
1.359
0.55
0.491
0.466
0.375
0.256
0.298
0.297
0.889
0.875
2.342
1.359
0.751
1.092
0.775
0.588
0.617
0.8
2.676
1.768
0.755
0.8
1.157
1.192
0.967
0.743
0.693
0.641
0.386
0.274
0.315
0.279
0.8
0.903
2.153
1.544
0.994
1.123
0.775
0.742
0.619
1.198
2.61
1.794
0.826
0.971
1.172
1.234
0.984
0.736
0.667
0.641
0.386
0.268
0.314
0.279
0.8
0.885
2.27
1.372
0.676
1.432
1.002
0.766
0.619
1.198
2.274
1.753
0.849
0.957
1.234
1.234
0.958
0.728
0.66
0.626
0.36
0.267
0.312
0.272
0.805
0.843
2.516
1.051
0.79
1.302
1.002
0.766
0.595
1.03
1.582
1.783
0.808
0.921
1.054
1.19
0.956
0.755
0.675
0.619
0.355
0.248
0.288
0.25
0.637
0.916
2.773
0.896
0.952
1.038
0.98
0.55
0.689
2.24
2.199
1.783
0.808
0.942
1.235
1.064
1.022
1.293
1.108
0.881
0.677
0.599
0.518
0.295
0.826
1.045
1.835
1.092
0.46
0.952
0.795
3.289
6.895
5.61
3.259
1.732
1.155
1.535
1.411
1.557
1.5
1.296
1.108
0.881
0.671
0.582
0.518
0.298
0.687
1.045
2.376
1.12
0.408
0.834
1.007
1.777
4.626
4.529
3.419
2.847
1.919
2.257
1.648
1.702
2.148
1.979
0.789
0.736
0.402
0.339
0.331
0.315
0.739
1.349
1.958
0.874
1.173
1.334
0.966
0.519
0.592
2.178
1.855
1.971
0.688
0.898
1.051
0.994
0.952
0.872
1.144
1.015
0.42
0.326
0.362
0.302
0.649
1.297
1.958
0.823
1.051
1.409
1.422
0.859
0.786
3.139
1.641
1.992
0.852
0.928
1.215
1.194
1.497
1.271
1.694
1.564
0.627
0.371
0.366
0.318
0.647
1.216
1.638
1.003
1.051
0.955
1.204
1.09
0.886
3.263
1.804
2.361
1.368
1.07
1.283
1.326
1.686
1.438
1.841
1.791
0.82
0.582
0.463
0.338
0.454
1.269
1.381
1.187
1.389
0.955
1.235
1.174
0.893
3.647
2.717
2.293
1.465
1.193
1.439
1.395
1.796
1.657
1.86
1.791
0.931
0.671
0.481
0.338
0.454
1.219
0.937
1.246
1.598
1.021
1.097
1.248
0.974
3.596
3.545
2.711
1.695
1.377
1.49
1.58
1.868
1.824
1.446
0.766
0.376
0.258
0.348
0.312
0.801
0.78
1.386
0.878
0.408
0.944
1.434
3.406
6.896
7.046
3.989
3.02
2.646
2.257
1.648
1.702
2.148
2.522
1.438
0.793
0.634
0.575
0.638
0.636
0.9
0.952
1.254
0.961
1.889
0.821
1.434
2.733
3.416
4.751
3.293
3.02
2.646
3.303
1.662
1.5
2.152
2.522
1.798
1.703
0.984
0.685
0.385
0.25
0.242
0.68
0.839
1.513
1.351
0.806
1.033
1.265
1.054
3.596
3.545
2.179
2.179
1.662
1.616
1.588
1.868
1.729
1.408
1.454
0.984
0.685
0.338
0.244
0.239
0.68
0.745
1.352
1.944
0.666
0.621
0.833
0.851
2.32
3.394
2.179
2.042
1.621
1.506
1.398
1.451
1.312
0.864
0.886
0.749
0.619
0.316
0.216
0.218
0.72
0.76
1.163
1.946
0.997
0.739
1.148
0.688
2.212
3.25
1.767
1.613
1.488
1.366
1.231
1.321
1.204
0.688
0.621
0.535
0.403
0.217
0.194
0.238
0.724
0.755
1.01
1.735
0.997
0.727
1.046
0.582
1.811
2.316
2.235
1.527
1.331
1.273
1.125
1.167
1.023
0.486
0.387
0.369
0.29
0.176
0.173
0.239
0.744
0.73
0.994
1.784
0.923
0.881
0.875
0.339
0.539
0.881
1.977
1.724
1.031
1.101
0.829
0.928
0.688
1.33
0.853
0.807
0.663
0.638
0.636
0.9
0.985
0.623
0.961
2.068
0.796
1.217
2.733
5.463
6.456
4.06
2.239
1.919
2.384
1.479
1.367
1.381
1.786
1.106
0.953
0.879
0.832
0.881
1.065
1.087
1.216
1.427
2.194
2.068
0.58
0.789
1.215
3.1
2.643
2.533
1.486
2.104
2.356
1.37
1.182
1.311
1.086
0.195
0.163
0.158
0.167
0.148
0.159
0.254
0.884
0.707
0.923
1.784
0.82
0.881
1.216
0.252
0.361
0.792
1.835
1.337
0.841
1.036
1.014
1.001
0.788
0.19
0.166
0.171
0.183
0.163
0.167
0.301
0.884
0.658
0.884
1.573
0.76
0.9
1.332
0.247
0.472
0.775
1.827
1.347
0.888
1.073
1.14
1.001
0.791
0.188
0.176
0.175
0.193
0.173
0.174
0.301
0.916
0.618
1.474
1.808
0.446
0.805
0.94
0.26
0.75
1.191
2.032
1.25
0.849
1.076
1.14
0.987
0.805
0.199
0.173
0.174
0.193
0.173
0.167
0.296
0.94
0.618
2.18
1.683
0.446
0.686
1.333
0.262
0.788
1.193
1.188
1.239
0.832
1.059
1.13
0.984
0.838
0.232
0.176
0.204
0.211
0.175
0.173
0.322
0.915
0.587
2.151
1.232
0.497
0.605
2.219
1.006
1.309
1.626
0.964
0.794
0.879
1.203
1.297
1.154
1.027
1.119
1.031
0.966
0.813
0.597
0.794
0.818
1.239
1.513
2.14
0.828
0.58
0.991
2.256
4.377
3.127
2.609
1.301
2.033
0.98
1.14
0.938
1.042
0.77
1.213
1.031
0.966
0.881
0.844
0.861
0.818
1.239
1.705
2.583
0.781
0.492
0.946
2.256
3.323
2.614
0.926
1.124
2.227
0.948
1.293
1.007
1.11
1.187
0.431
0.357
0.38
0.358
0.221
0.202
0.371
1.004
0.624
2.252
1.388
0.478
0.743
1.875
1.56
1.326
1.982
1.074
0.652
0.687
1.0
1.044
1.011
0.868
0.431
0.35
0.44
0.36
0.202
0.195
0.326
1.023
0.589
2.252
1.343
0.396
0.571
1.767
1.674
1.304
1.982
1.028
0.646
0.636
0.987
0.9
0.96
0.851
0.447
0.335
0.464
0.369
0.194
0.184
0.394
0.99
0.598
1.596
1.141
0.318
0.998
1.576
1.852
0.963
1.558
0.842
0.701
0.717
0.978
0.925
0.973
0.812
0.427
0.349
0.464
0.399
0.197
0.195
0.425
0.917
0.624
1.023
1.034
0.339
1.255
1.206
1.852
0.98
1.363
1.31
0.733
0.759
1.009
1.009
1.006
0.783
0.386
0.338
0.453
0.4
0.203
0.188
0.399
0.918
0.616
1.19
1.077
0.287
1.726
1.358
1.647
0.486
0.93
1.468
0.853
0.864
0.969
1.045
0.955
0.811
0.994
0.946
0.923
0.881
0.624
0.511
0.403
0.989
1.027
1.321
0.837
0.365
1.362
2.245
3.942
4.809
1.543
1.124
1.187
0.948
1.248
0.997
1.002
0.991
1.193
1.109
1.08
1.0
0.769
0.651
0.621
0.797
1.178
1.354
1.345
0.669
2.481
1.398
3.614
4.809
1.538
1.234
1.523
1.211
1.655
1.254
1.227
1.267
0.424
0.352
0.32
0.254
0.216
0.194
0.389
0.769
0.566
0.799
0.977
0.841
1.702
1.374
1.059
0.398
0.681
1.545
1.045
1.065
1.191
1.24
1.069
0.896
0.449
0.384
0.306
0.254
0.239
0.229
0.433
0.726
0.59
0.966
0.648
0.847
1.702
1.465
0.958
0.376
0.911
1.641
1.081
1.107
1.193
1.287
1.116
0.931
0.463
0.414
0.327
0.264
0.268
0.258
0.45
0.676
0.588
0.972
0.609
0.988
1.586
1.8
0.955
0.389
0.911
1.641
1.115
1.117
1.232
1.287
1.11
0.946
0.482
0.434
0.352
0.267
0.298
0.287
0.459
0.771
0.65
0.849
0.664
1.057
1.533
1.88
0.901
0.646
1.588
1.422
1.121
1.12
1.232
1.278
1.417
1.265
0.804
0.749
0.641
0.593
0.632
0.605
0.78
0.948
0.674
0.659
0.82
1.421
1.011
1.257
0.393
0.909
1.769
1.317
1.08
1.106
1.429
1.538
1.697
1.317
1.173
1.2
1.16
0.874
0.585
0.601
0.691
0.763
0.919
0.75
1.463
0.839
2.481
1.398
2.757
5.354
2.542
1.411
1.485
1.481
1.699
1.419
1.21
0.864
2.267
2.224
1.864
0.874
0.515
0.525
0.734
0.763
0.919
0.72
1.586
0.839
2.181
2.903
2.1
3.77
1.955
1.411
2.618
1.481
1.699
1.419
1.269
1.172
0.642
0.616
0.638
0.617
0.623
0.599
0.773
0.948
0.663
0.73
1.067
1.243
1.054
1.404
0.544
0.972
2.129
1.351
1.039
1.036
1.787
1.499
1.633
1.804
0.672
0.648
0.647
0.639
0.649
0.643
0.773
1.028
0.692
0.587
0.995
1.243
1.075
1.458
0.615
1.029
1.905
1.18
1.039
1.031
1.814
1.521
1.68
1.88
0.705
0.675
0.643
0.642
0.66
0.661
0.725
1.028
0.704
0.587
0.995
1.764
0.738
1.251
1.019
1.673
2.964
1.32
1.027
1.049
1.806
1.552
1.68
1.88
0.705
0.675
0.651
0.638
0.668
0.675
0.687
1.032
0.691
0.583
0.99
2.053
0.802
1.251
1.045
1.39
2.266
1.136
1.112
1.064
1.92
1.577
1.454
1.663
0.421
0.392
0.371
0.346
0.358
0.367
0.34
0.931
0.731
0.598
0.786
1.691
0.846
1.1
2.686
2.324
2.824
1.342
1.627
1.557
2.224
1.733
1.64
1.923
2.144
2.112
1.845
0.806
0.562
0.37
0.563
0.658
0.677
1.141
1.345
0.585
1.606
3.395
2.848
3.77
1.975
1.309
2.521
1.389
1.411
1.408
1.182
0.939
3.026
2.944
2.575
1.808
1.076
0.419
0.545
0.657
0.808
1.237
1.969
1.518
1.478
3.445
3.763
4.695
1.829
3.028
3.338
2.209
2.3
1.619
1.505
1.378
0.931
0.44
0.371
0.346
0.354
0.365
0.363
0.911
0.755
1.191
0.546
1.37
0.779
0.966
2.867
3.192
2.588
1.361
1.995
2.012
2.147
2.155
2.516
1.854
0.929
0.419
0.381
0.332
0.328
0.31
0.371
0.881
0.784
1.178
0.888
1.497
0.806
1.666
2.84
3.257
2.643
1.361
2.051
2.012
2.138
2.144
2.494
1.797
0.915
0.393
0.358
0.318
0.31
0.287
0.413
0.934
0.806
1.196
1.148
0.962
0.884
1.627
2.328
2.583
2.068
1.745
2.051
1.988
2.177
2.182
2.463
1.78
0.893
0.359
0.338
0.305
0.285
0.267
0.463
0.93
0.806
1.201
1.078
0.657
1.084
2.154
2.351
2.616
2.374
1.748
1.93
1.943
2.022
2.127
2.404
1.755
0.887
0.356
0.321
0.284
0.274
0.261
0.463
0.902
0.823
1.251
1.173
0.825
1.124
1.886
0.765
1.437
2.162
1.552
1.425
1.379
1.814
2.19
2.259
1.615
2.851
2.832
2.825
2.746
1.076
0.431
0.493
0.657
1.057
1.237
1.969
1.51
1.853
4.249
4.65
5.294
2.186
3.184
2.13
2.257
2.3
1.478
1.409
1.112
2.851
2.832
2.825
3.248
2.526
0.551
0.538
0.738
1.057
0.661
1.935
1.562
1.096
4.249
4.65
5.294
2.755
4.072
3.121
4.508
4.016
3.606
3.43
3.07
0.952
0.837
0.904
0.76
0.401
0.404
0.596
0.987
0.857
0.64
1.217
0.898
1.414
2.564
1.148
1.115
2.525
2.019
1.684
1.398
1.902
2.1
1.413
1.25
1.191
1.471
1.503
1.341
0.503
0.505
0.655
0.978
0.885
0.667
0.901
0.759
1.414
1.844
1.302
1.097
2.666
2.582
2.526
1.97
2.424
3.0
2.357
2.117
1.833
2.122
2.132
1.969
0.803
0.576
0.655
0.973
0.909
1.1
1.224
1.198
1.987
2.725
2.228
2.078
3.029
2.535
3.125
2.658
3.087
3.686
3.13
2.925
2.945
3.254
3.25
3.063
1.469
1.145
1.143
1.503
1.437
1.662
1.759
2.091
2.517
3.568
3.186
3.042
3.444
4.682
4.188
3.756
3.896
4.415
4.252
3.845
3.556
3.516
3.47
3.376
2.13
1.681
1.714
2.057
1.937
2.164
2.305
2.803
3.326
4.474
3.97
3.939
3.873
5.097
4.277
3.878
4.042
4.466
4.491
4.173
2.86
2.835
2.843
3.248
2.174
0.551
0.538
0.823
1.052
0.659
1.158
0.707
1.467
3.589
4.22
3.25
2.739
3.036
2.992
4.339
4.578
4.602
4.426
3.633
3.277
3.181
3.129
3.584
3.38
1.675
1.637
2.122
2.102
1.791
2.301
1.853
2.22
2.312
4.368
3.092
3.045
3.137
3.205
4.499
4.578
4.602
4.426
3.699
3.758
3.657
3.623
3.536
2.625
2.149
2.14
2.548
2.454
2.716
2.971
3.794
4.039
4.917
4.37
4.224
4.143
5.765
4.492
4.398
4.618
5.031
5.024
4.685
3.758
3.657
3.612
3.536
2.648
2.131
2.139
2.614
2.472
2.716
2.971
3.794
4.039
4.917
4.37
4.224
4.143
6.533
4.166
4.398
4.618
4.826
4.78
4.495
3.528
3.46
3.468
3.361
2.648
2.131
2.139
2.614
2.472
2.408
2.494
3.426
3.463
4.134
3.919
3.673
3.818
6.533
4.047
4.345
4.236
4.558
4.385
3.974
2.67
2.715
2.684
2.554
2.251
2.3
1.75
2.097
2.014
2.391
2.225
2.745
3.613
2.857
3.081
3.253
3.616
4.888
3.256
3.622
3.343
3.662
3.437
3.071
2.124
2.539
2.265
2.106
1.819
1.821
1.308
1.619
1.592
1.938
1.687
2.149
2.961
2.144
2.649
3.18
3.711
4.578
2.868
3.208
2.932
3.2
3.055
2.57
