0.0
0.0
0.0
0.0
0.0
0.0
0.0
0.0
0.0
0.0
0.0
0.0
0.0
0.0
0.0
0.0
0.0
0.0
0.0
0.0
0.0
0.0
0.0
0.0
0.0
0.0
0.0
0.0
0.0
0.0
0.0
0.0
0.0
0.0
0.0
0.0
0.0
0.0
0.0
0.0
0.0
0.0
0.0
0.0
0.0
0.0
0.0
0.0
0.0
0.0
0.0
0.0
0.0
0.0
0.0
0.0
0.0
0.0
0.0
0.0
0.0
0.0
0.0
0.0
0.0
0.0
0.0
0.0
0.0
0.0
0.0
0.0
0.0
0.0
0.0
0.0
0.0
0.0
0.0
0.0
0.0
0.0
0.0
0.0
0.0
0.0
0.0
0.0
0.0
0.0
0.0
0.0
0.0
0.0
0.0
0.0
0.0
0.0
0.0
0.0
0.0
0.0
0.0
0.0
0.0
0.0
0.0
0.0
0.0
0.0
0.0
0.0
0.0
0.0
0.0
0.0
0.0
0.0
0.0
0.0
0.0
0.0
0.0
0.0
0.0
0.0
0.0
0.0
0.0
0.0
0.0
0.0
0.0
0.0
0.0
0.0
0.0
0.0
0.0
0.0
0.0
0.0
0.0
0.0
0.0
0.0
0.0
0.0
0.0
0.0
0.0
0.0
0.0
0.0
0.0
0.0
0.0
0.0
0.0
0.0
0.0
0.0
0.0
0.0
0.0
0.0
0.0
0.0
0.0
0.0
0.0
0.0
0.0
0.0
0.0
0.0
0.0
0.0
0.0
0.0
0.0
0.0
0.0
0.0
0.0
0.0
0.0
0.0
0.0
0.0
0.0
0.0
0.0
0.0
0.0
0.0
0.0
0.0
0.0
0.0
0.0
0.0
0.0
0.0
0.0
0.0
0.0
0.0
0.0
0.0
0.0
0.0
0.0
0.0
0.0
0.0
0.0
0.0
0.0
0.0
0.0
0.0
0.0
0.0
0.0
0.0
0.0
0.0
0.0
0.0
0.0
0.0
0.0
0.0
0.0
0.0
0.0
0.0
0.0
0.0
0.0
0.0
0.0
0.0
0.0
0.0
0.0
0.0
0.0
0.0
0.0
0.0
0.0
0.0
0.0
0.0
0.0
0.0
0.0
0.0
0.0
0.0
0.0
0.0
0.0
0.0
0.0
0.0
0.0
0.0
0.0
0.0
0.0
0.0
0.0
0.0
0.0
0.0
0.0
0.0
0.0
0.0
0.0
0.0
0.0
0.0
0.0
0.0
0.0
0.0
0.0
0.0
0.0
0.0
0.0
0.0
0.0
0.0
0.0
0.0
0.0
0.0
0.0
0.0
0.0
0.0
0.0
0.0
0.0
0.0
0.0
0.0
0.0
0.0
0.0
0.0
0.0
0.0
0.0
0.0
0.0
0.0
0.0
0.0
0.0
0.0
0.0
0.0
0.0
0.0
0.0
0.0
0.0
0.0
0.0
0.0
0.0
0.0
0.0
0.0
0.0
0.0
0.0
0.0
0.0
0.0
0.0
0.0
0.0
0.0
0.0
0.0
0.0
0.0
0.0
0.0
0.0
0.0
0.0
0.0
0.0
0.0
0.0
0.0
0.0
0.0
0.0
0.0
0.0
0.0
0.0
0.0
0.0
0.0
0.0
0.0
0.0
0.0
0.0
0.0
0.0
0.0
0.0
0.0
0.0
0.0
0.0
0.0
0.0
0.0
0.0
0.0
0.0
0.0
0.0
0.0
0.0
0.0
0.0
0.0
0.0
0.0
0.0
0.0
0.0
0.0
0.0
0.0
0.0
0.0
0.0
0.0
0.0
0.0
0.0
0.0
0.0
0.0
0.0
0.0
0.0
0.0
0.0
0.0
0.0
0.0
0.0
0.0
0.0
0.0
0.0
0.0
0.0
0.0
0.0
0.0
0.0
0.0
0.0
0.0
0.0
0.0
0.0
0.0
0.0
0.0
0.0
0.0
0.0
0.0
0.0
0.0
0.0
0.0
0.0
0.0
0.0
0.0
0.0
0.0
0.0
0.0
0.0
0.0
0.0
0.0
0.0
0.0
0.0
0.0
0.0
0.0
0.0
0.0
0.0
0.0
0.0
0.0
0.0
0.0
0.0
0.0
0.0
0.0
0.0
0.0
0.0
0.0
0.0
0.0
0.0
0.0
0.0
0.0
0.0
0.0
0.0
0.0
0.0
0.0
0.0
0.0
0.0
0.0
0.0
0.0
0.0
0.0
0.0
0.0
0.0
0.0
0.0
0.0
0.0
0.0
0.0
0.0
0.0
0.0
0.0
0.0
0.0
0.0
0.0
0.0
0.0
0.0
0.0
0.0
0.0
0.0
0.0
0.0
0.0
0.0
0.0
0.0
0.0
0.0
0.0
0.0
0.0
0.0
0.0
0.0
0.0
0.0
0.0
0.0
0.0
0.0
0.0
0.0
0.0
0.0
0.0
0.0
0.0
0.0
0.0
0.0
0.0
0.0
0.0
0.0
0.0
0.0
0.0
0.0
0.0
0.0
0.0
0.0
0.0
0.0
0.0
0.0
0.0
0.0
0.0
0.0
0.0
0.0
0.0
0.0
0.0
0.0
0.0
0.0
0.0
0.0
0.0
0.0
0.0
0.0
0.0
0.0
0.0
0.0
0.0
0.0
0.0
0.0
0.0
0.0
0.0
0.0
0.0
0.0
0.0
0.0
0.0
0.0
0.0
0.0
0.0
0.0
0.0
0.0
0.0
0.0
0.0
0.0
0.0
0.0
0.0
0.0
0.0
0.0
0.0
0.0
0.0
0.0
0.0
0.0
0.0
0.0
0.0
0.0
0.0
0.0
0.0
0.0
0.0
0.0
0.0
0.0
0.0
0.0
0.0
0.0
0.0
0.0
0.0
0.0
0.0
0.0
0.0
0.0
0.0
0.0
0.0
0.0
0.0
0.0
0.0
0.0
0.0
0.0
0.0
0.0
0.0
0.0
0.0
0.0
0.0
0.0
0.0
0.0
0.0
0.0
0.0
0.0
0.0
0.0
0.0
0.0
0.0
0.0
0.0
0.0
0.0
0.0
0.0
0.0
0.0
0.0
0.0
0.0
0.0
0.0
0.0
0.0
0.0
0.0
0.0
0.0
0.0
0.0
0.0
0.0
0.0
0.0
0.0
0.0
0.0
0.0
0.0
0.0
0.0
0.0
0.0
0.0
0.0
0.0
0.0
0.0
0.0
0.0
0.0
0.0
0.0
0.0
0.0
0.0
0.0
0.0
0.0
0.0
0.0
0.0
0.0
0.0
0.0
0.0
0.0
0.0
0.0
0.0
0.0
0.0
0.0
0.0
0.0
0.0
0.0
0.0
0.0
0.0
0.0
0.0
0.0
0.0
0.0
0.0
0.0
0.0
0.0
0.0
0.0
0.0
0.0
0.0
0.0
0.0
0.0
0.0
0.0
0.0
0.0
0.0
0.0
0.0
0.0
0.0
0.0
0.0
0.0
0.0
0.0
0.0
0.0
0.0
0.0
0.0
0.0
0.0
0.0
0.0
0.0
0.0
0.0
0.0
0.0
0.0
0.0
0.0
0.0
0.0
0.0
0.0
0.0
0.0
0.0
0.0
0.0
0.0
0.0
0.0
0.0
0.0
0.0
0.0
0.0
0.0
0.0
0.0
0.0
0.0
0.0
0.0
0.0
0.0
0.0
0.0
0.0
0.0
0.0
0.0
0.0
0.485
0.48
0.523
0.51
0.507
0.683
0.753
0.508
0.453
0.45
0.444
0.446
0.45
0.499
0.759
0.524
0.546
0.879
1.082
1.612
1.662
1.084
0.621
0.486
0.482
0.479
0.509
0.513
0.507
0.543
0.81
0.496
0.451
0.448
0.442
0.444
0.459
0.5
0.761
0.526
0.602
1.397
1.51
1.565
1.596
1.163
0.738
0.485
0.483
0.479
0.528
0.514
0.518
0.683
0.882
0.534
0.453
0.451
0.445
0.442
0.455
0.499
0.759
0.525
0.735
1.34
1.266
1.035
1.558
1.134
0.754
0.485
0.483
0.478
0.524
0.507
0.515
0.681
0.872
0.534
0.454
0.453
0.449
0.446
0.454
0.488
0.489
0.459
0.726
1.48
1.785
1.117
1.87
1.23
0.907
0.528
0.768
0.867
0.89
0.71
0.583
0.501
1.051
0.642
0.722
0.623
1.78
0.557
0.649
0.536
0.513
0.562
1.131
0.963
1.911
1.163
2.185
1.356
1.063
0.498
0.768
0.867
0.89
0.71
0.564
0.492
0.551
0.619
0.609
0.555
0.694
0.557
0.487
0.509
0.501
0.562
0.962
0.81
1.262
1.009
1.937
0.952
0.693
0.485
0.479
0.478
0.53
0.515
0.514
0.676
0.912
0.563
0.454
0.453
0.452
0.449
0.454
0.481
0.484
0.458
0.741
2.087
1.742
1.502
1.532
1.237
0.89
0.479
0.477
0.474
0.527
0.503
0.474
0.661
0.909
0.532
0.45
0.452
0.452
0.449
0.45
0.473
0.472
0.448
0.727
2.009
1.681
1.385
1.291
1.237
0.89
0.405
0.398
0.403
0.449
0.423
0.4
0.578
0.724
0.459
0.381
0.383
0.391
0.389
0.383
0.392
0.399
0.383
0.601
1.381
1.042
1.639
1.362
1.234
0.78
0.401
0.388
0.39
0.421
0.418
0.388
0.426
0.71
0.44
0.377
0.373
0.381
0.381
0.381
0.391
0.399
0.381
0.452
1.585
1.208
2.091
1.535
1.251
0.779
0.392
0.383
0.397
0.44
0.427
0.444
0.541
0.693
0.455
0.375
0.368
0.374
0.373
0.375
0.395
0.402
0.381
0.434
1.419
0.702
2.143
1.543
1.347
0.671
0.466
0.641
0.74
0.668
0.635
0.544
0.475
0.551
0.615
0.385
0.349
0.57
0.349
0.318
0.341
0.336
0.411
0.81
0.653
1.084
0.833
1.81
0.829
0.564
0.434
0.432
0.459
0.471
0.469
0.899
0.567
0.666
1.202
1.485
0.429
0.312
0.305
0.463
0.383
0.757
0.493
1.387
0.585
0.539
0.468
1.027
1.175
1.043
0.404
0.393
0.406
0.437
0.417
0.442
0.544
0.686
0.43
0.377
0.364
0.37
0.37
0.382
0.397
0.402
0.382
0.402
0.977
1.037
1.689
1.519
1.348
0.588
0.474
0.46
0.466
0.502
0.49
0.516
0.626
0.898
0.55
0.444
0.434
0.426
0.425
0.439
0.466
0.469
0.44
0.467
1.285
1.268
1.793
2.349
1.479
0.598
0.474
0.46
0.467
0.507
0.495
0.516
0.626
0.928
0.55
0.445
0.44
0.431
0.429
0.439
0.466
0.469
0.44
0.496
1.439
1.319
1.573
2.319
1.423
0.586
0.469
0.457
0.467
0.506
0.495
0.515
0.628
0.912
0.614
0.513
0.824
0.554
0.581
0.539
0.565
0.531
0.507
0.562
1.467
1.35
1.397
2.901
1.539
0.595
0.475
0.462
0.458
0.494
0.491
0.465
0.566
0.912
0.601
0.513
0.824
0.555
0.58
0.538
0.558
0.53
0.507
0.562
1.467
1.35
1.371
2.647
1.235
0.512
0.794
1.494
0.471
0.502
0.495
0.916
0.582
0.64
1.301
1.632
0.547
0.429
0.425
0.594
0.519
0.888
0.602
1.619
0.958
1.854
1.191
1.723
1.907
1.243
0.938
1.494
0.471
0.502
0.498
0.921
0.584
0.64
1.301
2.258
0.808
0.552
0.426
0.594
0.519
1.058
0.664
1.732
1.118
2.232
1.492
1.723
1.907
1.464
0.459
0.449
0.455
0.495
0.492
0.461
0.56
0.862
0.686
0.581
0.895
0.622
0.647
0.601
0.634
0.606
0.577
0.629
1.632
0.999
1.716
2.962
1.444
0.611
0.453
0.448
0.46
0.498
0.492
0.457
0.575
0.836
0.687
0.581
0.894
0.622
0.644
0.599
0.639
0.606
0.578
0.638
1.679
1.102
1.695
2.668
1.505
0.641
0.461
0.456
0.469
0.502
0.497
0.462
0.611
0.903
0.724
0.584
0.895
0.625
0.649
0.607
0.644
0.606
0.578
0.639
1.652
1.114
1.916
2.777
1.679
0.666
0.464
0.464
0.474
0.502
0.494
0.58
0.78
0.943
0.631
0.515
0.509
0.497
0.497
0.506
0.543
0.541
0.51
0.579
1.465
1.058
2.379
2.297
1.61
0.68
0.468
0.507
0.499
0.535
0.496
0.592
0.84
0.943
0.644
0.512
0.504
0.497
0.508
0.516
0.544
0.537
0.507
0.586
1.465
1.071
2.74
2.297
1.653
0.841
0.938
1.506
0.47
0.496
0.492
0.489
0.452
0.611
1.105
1.261
1.754
0.691
0.416
0.439
0.477
0.639
0.491
0.778
1.263
2.866
2.09
1.735
1.456
0.88
0.948
0.476
0.457
0.495
0.496
0.489
0.482
0.613
0.882
1.642
1.754
0.92
0.545
0.618
0.488
0.647
0.52
0.776
1.263
2.286
1.994
1.634
1.293
1.872
0.468
0.506
0.498
0.534
0.494
0.59
0.846
1.021
0.57
0.436
0.428
0.425
0.445
0.589
0.553
0.613
0.492
0.555
1.482
1.489
2.557
2.494
1.509
0.93
0.472
0.507
0.498
0.53
0.497
0.599
0.846
1.053
0.534
0.434
0.426
0.427
0.453
0.593
0.556
0.609
0.487
0.585
1.373
1.81
2.691
2.029
1.38
0.991
0.516
0.551
0.534
0.562
0.517
0.601
0.829
1.061
0.589
0.428
0.421
0.421
0.453
0.592
0.555
0.607
0.486
0.569
1.422
1.872
2.544
1.93
1.301
0.991
0.516
0.548
0.535
0.574
0.526
0.48
0.669
0.962
0.609
0.452
0.446
0.446
0.47
0.605
0.56
0.633
0.51
0.619
1.336
1.856
2.096
1.977
1.37
0.984
0.514
0.505
0.508
0.55
0.526
0.471
0.72
1.021
0.609
0.452
0.446
0.444
0.468
0.605
0.562
0.638
0.511
0.615
1.352
2.025
2.114
2.227
1.261
0.869
0.91
0.476
0.462
0.492
0.502
0.506
0.696
1.039
1.119
1.14
1.693
0.92
0.547
0.612
0.478
0.481
0.475
0.56
1.217
1.983
1.994
1.559
1.318
1.761
0.93
0.475
0.454
0.492
0.502
0.476
0.696
0.961
0.752
1.626
0.794
0.892
0.662
0.959
0.656
0.543
0.475
0.732
2.011
1.256
2.302
1.486
1.318
1.804
0.514
0.505
0.504
0.548
0.526
0.471
0.706
1.046
0.617
0.45
0.444
0.446
0.468
0.498
0.508
0.54
0.501
0.615
1.268
1.945
2.02
1.748
1.244
0.818
0.597
0.636
0.728
0.723
0.715
0.638
0.926
1.035
1.164
0.456
0.448
0.447
0.459
0.493
0.507
0.546
0.504
0.582
1.201
1.591
1.914
1.917
1.312
0.778
0.547
0.585
0.686
0.69
0.693
0.632
0.913
1.036
1.104
0.455
0.446
0.446
0.455
0.492
0.508
0.546
0.504
0.746
1.384
1.824
1.973
2.525
1.424
0.778
0.547
0.587
0.682
0.684
0.684
0.637
0.924
1.106
1.085
0.428
0.421
0.427
0.438
0.474
0.505
0.525
0.482
0.696
1.384
1.963
1.993
2.463
1.341
0.774
0.548
0.586
0.68
0.687
0.682
0.645
0.942
1.129
1.099
0.423
0.421
0.427
0.441
0.478
0.506
0.518
0.479
0.706
1.492
1.891
2.198
2.182
1.341
0.731
0.609
0.467
0.449
0.477
0.498
0.479
0.677
0.961
0.752
1.267
0.696
0.572
0.545
0.779
0.713
0.569
0.454
1.12
2.75
1.506
2.354
1.486
1.306
0.915
0.713
0.46
0.455
0.478
0.483
0.463
0.472
0.636
0.558
1.316
0.707
0.591
0.549
0.779
1.279
0.654
0.563
1.12
2.75
2.182
2.354
2.464
1.288
0.976
0.56
0.596
0.679
0.685
0.691
0.653
0.947
1.152
1.135
0.42
0.426
0.433
0.44
0.439
0.471
0.465
0.435
0.717
1.132
1.691
2.198
2.164
1.337
0.696
0.475
0.468
0.459
0.509
0.495
0.483
0.723
1.152
0.63
0.418
0.421
0.433
0.44
0.442
0.47
0.463
0.432
0.717
1.434
2.137
2.329
1.862
1.371
0.803
0.48
0.473
0.459
0.517
0.492
0.499
0.88
1.2
0.635
0.422
0.421
0.433
0.441
0.444
0.47
0.46
0.431
0.554
1.195
2.444
2.387
1.243
1.313
0.788
0.482
0.479
0.469
0.521
0.494
0.492
0.925
1.21
0.635
0.431
0.423
0.428
0.44
0.449
0.475
0.462
0.535
0.641
1.289
2.185
2.124
1.632
1.334
0.788
0.48
0.481
0.472
0.506
0.488
0.476
0.754
1.238
0.682
0.434
0.424
0.428
0.445
0.449
0.472
0.462
0.535
0.634
1.171
2.24
1.733
1.881
1.556
1.023
0.637
0.457
0.472
0.49
0.477
0.455
0.47
0.643
0.513
0.852
0.67
0.504
0.462
0.456
1.18
0.622
0.589
1.292
1.739
2.399
1.506
2.176
1.288
0.914
0.763
0.465
0.482
0.499
0.475
0.449
0.551
0.911
0.703
1.953
1.749
0.76
0.565
0.681
1.213
0.843
0.822
1.155
1.686
2.936
1.617
2.356
2.189
1.023
0.475
0.478
0.471
0.505
0.478
0.471
0.817
1.261
0.666
0.434
0.422
0.43
0.445
0.449
0.472
0.463
0.532
0.665
1.394
2.24
1.848
2.055
1.556
1.073
0.481
0.478
0.465
0.52
0.492
0.487
1.035
1.279
0.647
0.431
0.422
0.43
0.445
0.452
0.473
0.462
0.534
0.675
1.573
1.964
1.892
2.118
1.503
0.998
0.473
0.471
0.463
0.513
0.499
0.473
0.981
1.494
0.675
0.493
0.476
0.472
0.465
0.469
0.555
0.487
0.562
0.733
1.652
1.724
2.168
2.373
1.493
1.034
0.471
0.465
0.457
0.503
0.497
0.47
0.958
1.537
0.675
0.483
0.474
0.47
0.459
0.466
0.554
0.486
0.456
0.647
1.618
1.912
2.385
1.99
1.491
1.034
0.472
0.461
0.456
0.51
0.504
0.472
0.963
1.537
0.612
0.602
0.564
0.585
0.555
0.495
0.617
0.507
0.481
0.683
2.263
1.985
2.318
1.772
1.317
0.791
0.771
0.465
0.482
0.499
0.478
0.46
0.545
0.964
0.807
1.948
1.756
0.849
0.674
0.936
0.732
0.818
0.805
1.155
1.812
2.846
2.044
1.47
2.254
1.959
0.771
0.461
0.481
0.51
0.495
0.461
0.546
0.964
1.244
1.948
1.756
0.849
1.112
0.936
0.758
0.818
0.805
1.024
1.918
2.846
2.044
1.47
2.254
2.065
0.47
0.461
0.456
0.511
0.505
0.472
0.944
1.635
0.636
0.602
0.563
0.582
0.554
0.495
0.617
0.503
0.477
0.619
2.145
2.201
2.633
1.977
1.3
0.811
0.466
0.467
0.461
0.49
0.49
0.458
0.76
1.68
0.706
0.605
0.564
0.582
0.553
0.491
0.617
0.503
0.474
0.607
2.317
2.244
3.028
2.127
1.252
0.782
0.467
0.467
0.461
0.505
0.492
0.463
0.851
1.547
0.756
0.548
0.517
0.54
0.526
0.465
0.534
0.482
0.45
0.544
2.269
2.22
2.875
1.854
1.471
0.872
0.47
0.471
0.463
0.509
0.496
0.473
0.919
1.682
0.914
0.825
0.815
0.755
0.646
0.595
0.689
0.642
0.593
0.863
2.582
2.269
3.103
2.09
1.424
0.869
0.471
0.476
0.483
0.508
0.49
0.474
0.919
1.682
1.027
1.226
0.83
0.692
0.78
0.777
0.635
0.631
0.637
0.855
2.33
2.269
3.147
2.09
1.37
0.869
0.732
0.465
0.475
0.541
0.535
0.461
0.468
0.771
1.21
0.834
0.666
0.58
1.112
0.826
0.758
0.673
0.616
0.744
1.198
1.779
1.986
1.446
1.19
2.065
0.724
0.47
0.479
0.541
0.535
0.464
0.473
0.7
1.453
1.28
0.708
0.521
0.981
0.857
0.679
1.721
0.576
0.797
1.707
1.342
1.517
1.346
1.06
1.078
0.473
0.472
0.484
0.518
0.494
0.476
0.908
1.674
1.028
1.26
1.229
1.095
0.91
0.895
0.775
0.815
0.777
0.963
2.509
2.748
2.936
1.796
1.319
0.79
0.469
0.47
0.486
0.534
0.557
0.476
0.931
1.68
1.022
1.26
1.229
1.095
0.914
0.901
0.775
0.815
0.777
1.037
2.18
2.678
2.373
1.653
1.315
0.757
0.466
0.474
0.49
0.532
0.553
0.468
0.917
1.73
1.073
1.259
1.222
1.093
0.914
0.901
0.775
0.815
0.772
1.037
2.18
2.606
2.422
1.969
1.094
0.632
0.456
0.467
0.489
0.532
0.553
0.458
0.853
1.7
1.011
1.007
0.924
0.879
0.802
0.774
0.62
0.653
0.633
0.731
2.082
2.721
2.219
1.797
1.172
0.65
0.451
0.459
0.467
0.529
0.553
0.456
0.852
1.7
0.941
0.489
0.819
0.827
0.567
0.563
0.609
0.641
0.569
0.722
2.02
2.699
2.066
1.797
1.165
0.648
0.724
0.473
0.479
0.532
0.536
0.51
0.473
0.732
1.121
1.308
0.708
0.549
0.44
1.019
0.655
1.721
0.527
1.699
2.469
1.775
2.859
1.749
1.089
0.809
0.617
0.468
0.475
0.499
0.488
0.51
0.481
0.732
1.342
1.308
0.692
0.549
0.437
1.298
0.789
1.842
0.576
2.249
2.728
1.775
4.316
1.763
1.089
0.623
0.481
0.463
0.474
0.528
0.548
0.456
0.86
1.679
1.482
0.453
0.424
0.427
0.433
0.45
0.47
0.46
0.426
0.638
2.013
2.013
2.021
1.819
1.167
0.651
0.442
0.454
0.469
0.511
0.484
0.454
0.837
1.676
1.438
0.446
0.423
0.425
0.429
0.44
0.464
0.459
0.426
0.57
1.898
1.73
1.781
1.7
1.124
0.619
0.439
0.42
0.442
0.461
0.453
0.431
0.618
1.314
1.253
0.427
0.41
0.413
0.415
0.418
0.439
0.443
0.416
0.53
1.523
1.355
1.267
1.114
0.945
0.591
0.419
0.399
0.419
0.425
0.422
0.42
0.531
0.94
1.162
0.388
0.389
0.392
0.386
0.395
0.41
0.422
0.401
0.483
1.138
0.8
0.834
0.809
0.734
0.535
0.392
0.383
0.388
0.383
0.397
0.412
0.443
0.643
1.023
0.367
0.369
0.368
0.359
0.37
0.382
0.398
0.381
0.42
0.71
0.478
0.944
1.034
0.837
0.681
0.398
0.453
0.47
0.499
0.485
0.498
0.878
0.731
1.198
0.817
0.536
0.485
0.436
1.273
0.789
0.709
0.564
2.249
2.728
1.756
4.316
1.763
1.018
0.514
0.446
0.441
0.477
0.502
0.472
0.46
0.878
0.603
1.073
0.914
0.515
0.673
0.549
1.142
0.716
0.759
0.912
1.62
1.803
1.159
2.56
0.997
0.722
0.611
0.58
0.383
0.391
0.388
0.446
0.426
0.387
0.374
0.594
0.45
0.375
0.37
0.359
0.37
0.377
0.4
0.391
0.371
0.538
1.357
1.279
1.689
0.907
0.764
0.43
0.421
0.43
0.416
0.472
0.452
0.423
0.468
0.823
0.508
0.397
0.384
0.377
0.397
0.407
0.417
0.408
0.393
0.596
1.762
1.574
1.956
1.085
0.874
0.458
0.444
0.46
0.445
0.504
0.469
0.438
0.581
1.07
0.569
0.411
0.405
0.398
0.422
0.427
0.441
0.43
0.407
0.637
1.886
1.849
2.295
1.511
1.098
0.494
0.465
0.488
0.484
0.537
0.49
0.466
0.679
1.289
0.61
0.437
0.432
0.425
0.438
0.448
0.476
0.458
0.425
0.726
2.324
1.924
2.514
1.614
1.098
0.494
0.465
0.488
0.486
0.537
0.49
0.469
0.773
1.344
0.62
0.437
0.432
0.433
0.441
0.448
0.476
0.467
0.43
0.881
3.039
1.822
2.385
2.103
1.066
0.489
0.47
0.495
0.512
0.488
0.481
0.863
0.516
0.725
0.917
0.902
1.014
0.746
1.442
1.328
0.752
1.002
1.725
1.062
2.072
1.224
1.304
2.033
0.843
0.581
0.47
0.495
0.512
0.488
0.481
0.457
0.511
0.784
1.31
1.136
1.014
0.746
1.442
1.328
0.752
1.002
1.725
1.649
2.895
2.972
1.589
2.475
1.075
0.816
0.462
0.483
0.482
0.488
0.474
0.463
0.809
1.476
0.694
0.432
0.421
0.439
0.444
0.437
0.889
0.592
0.649
1.301
3.034
1.801
1.859
2.029
1.019
0.559
0.469
0.485
0.487
0.489
0.476
0.458
0.808
1.552
0.701
0.43
0.419
0.435
0.438
0.435
0.887
0.59
0.648
1.392
3.048
1.918
1.979
2.609
1.268
0.67
0.477
0.48
0.487
0.498
0.494
0.466
0.947
1.525
0.723
0.515
0.512
0.524
0.562
0.531
0.984
0.746
1.173
1.581
3.566
2.095
1.904
2.428
1.277
0.679
0.487
0.478
0.477
0.492
0.498
0.473
0.964
1.646
0.723
0.508
0.518
0.531
0.562
0.526
0.974
0.742
1.173
1.581
3.542
2.147
1.76
3.043
1.36
0.692
0.489
0.477
0.475
0.498
0.498
0.473
0.937
1.629
0.783
0.785
0.728
0.752
0.68
0.623
1.041
0.844
1.29
1.602
3.293
2.241
1.933
2.565
1.423
0.692
0.477
0.488
0.505
0.506
0.499
0.448
0.491
0.782
1.242
1.136
0.871
1.144
1.333
1.305
0.685
0.756
1.431
1.711
2.895
3.912
1.839
2.475
1.17
0.856
1.574
1.343
0.476
0.512
0.51
0.457
0.46
0.779
1.408
0.901
0.531
0.974
0.491
0.463
0.474
1.153
0.744
1.711
2.075
3.912
1.461
2.506
1.17
0.856
0.489
0.469
0.469
0.502
0.505
0.464
0.911
1.516
0.71
0.783
0.729
0.744
0.676
0.623
0.617
0.722
1.074
1.115
2.847
2.375
2.15
2.932
1.77
1.114
0.477
0.469
0.466
0.519
0.509
0.468
1.059
1.547
0.799
0.789
0.729
0.746
0.675
0.62
0.62
0.726
1.074
1.13
3.378
2.403
2.471
2.837
1.729
1.072
0.472
0.476
0.475
0.508
0.495
0.464
0.91
1.6
0.865
0.704
0.637
0.658
0.552
0.525
0.523
0.574
0.553
0.989
3.069
2.324
2.634
2.837
1.727
1.065
0.465
0.467
0.476
0.514
0.497
0.458
0.891
1.6
0.866
0.706
0.629
0.65
0.56
0.53
0.523
0.57
0.557
0.989
3.069
2.324
3.09
2.198
1.745
1.116
0.467
0.474
0.477
0.543
0.512
0.475
1.031
1.66
0.879
0.438
0.425
0.425
0.452
0.449
0.462
0.463
0.445
0.878
2.943
2.376
3.09
2.198
1.754
1.175
1.574
1.339
0.468
0.512
0.51
0.457
0.448
0.741
1.056
1.138
0.557
1.015
0.485
0.479
0.588
1.231
1.064
2.561
2.798
3.081
2.002
2.477
1.115
0.809
1.65
1.355
0.491
0.497
0.544
0.53
0.559
0.752
1.217
1.427
0.658
1.434
2.099
0.726
0.819
1.231
1.147
3.011
3.628
2.198
2.163
2.459
1.104
0.888
0.552
0.591
0.703
0.775
0.746
0.713
1.248
1.706
0.879
0.443
0.434
0.426
0.452
0.451
0.472
0.461
0.438
1.148
2.813
2.229
2.987
1.838
1.432
0.834
0.552
0.58
0.698
0.754
0.74
0.709
1.097
1.677
0.82
0.438
0.432
0.426
0.452
0.451
0.463
0.452
0.434
1.435
2.772
2.177
2.57
1.428
1.362
0.828
0.548
0.568
0.687
0.759
0.745
0.702
1.09
1.581
0.81
1.144
0.601
0.916
0.481
0.569
0.516
0.711
1.083
1.792
2.811
2.157
2.544
2.205
1.362
0.846
0.609
0.633
0.686
0.77
0.753
0.715
1.239
1.529
0.833
1.139
0.601
0.933
0.629
1.003
0.933
1.057
1.353
2.093
2.697
2.058
1.937
2.13
1.353
0.846
0.604
0.632
0.685
0.738
0.735
0.699
1.093
1.508
1.507
1.222
0.649
0.98
0.637
1.112
0.957
1.127
1.529
2.191
2.862
1.971
1.915
2.107
1.338
0.862
0.551
0.477
0.491
0.502
0.545
0.515
0.558
0.756
1.072
1.593
2.002
1.563
2.099
0.726
0.819
0.777
1.147
3.011
3.628
1.983
2.163
1.265
1.104
0.888
0.551
0.477
0.483
0.502
0.545
0.529
0.557
0.743
1.273
1.51
2.002
1.563
2.075
0.696
0.695
0.607
1.375
2.215
3.005
2.103
2.63
1.63
1.119
1.051
0.525
0.517
0.459
0.508
0.504
0.468
0.878
1.417
1.93
1.276
0.756
1.474
0.918
1.241
1.087
1.239
1.565
2.455
3.69
2.11
1.915
2.177
1.299
0.737
0.531
0.524
0.463
0.508
0.504
0.481
0.987
1.542
1.93
1.276
0.758
1.474
0.918
1.241
1.087
1.239
1.565
2.416
3.064
2.04
1.98
2.206
1.56
1.074
0.538
0.53
0.467
0.502
0.499
0.486
1.041
1.674
1.908
0.567
0.589
0.992
0.885
1.116
1.031
0.984
0.922
2.568
2.953
2.039
1.971
1.475
1.569
1.043
0.471
0.468
0.468
0.49
0.484
0.469
0.934
1.765
1.866
0.568
0.59
0.982
0.733
0.677
0.614
0.643
0.648
2.319
2.994
2.262
2.133
2.22
1.562
1.003
0.499
0.545
0.634
0.532
0.62
0.567
1.127
1.848
1.197
0.627
0.622
1.049
0.847
0.655
0.664
0.948
0.84
2.256
3.029
2.161
2.01
2.199
1.518
0.972
0.537
0.5
0.5
0.502
0.504
0.471
0.458
0.76
1.196
1.65
2.253
0.632
0.422
0.414
0.831
1.127
2.856
2.879
2.878
2.157
4.709
2.343
1.049
0.805
1.395
1.046
0.497
0.526
0.598
0.776
0.811
1.149
1.445
1.227
0.913
0.456
0.424
0.431
0.847
1.33
2.856
2.879
3.845
2.659
4.709
2.343
1.243
1.131
0.49
0.543
0.634
0.529
0.614
0.556
1.137
2.007
0.845
0.569
0.508
0.559
0.568
0.523
0.532
0.833
0.905
1.835
2.17
1.915
2.01
2.22
1.55
1.167
0.485
0.544
0.633
0.529
0.614
0.542
1.08
2.007
0.898
0.704
0.673
0.782
0.796
0.793
0.619
0.886
1.038
1.866
2.39
2.094
2.396
2.37
1.269
0.787
0.476
0.538
0.639
0.55
0.618
0.582
1.24
1.99
0.9
0.703
0.671
0.777
0.8
0.798
0.618
0.883
1.037
1.38
2.329
2.214
2.399
2.439
1.265
0.795
0.473
0.545
0.641
0.543
0.614
0.584
1.253
2.062
0.9
0.704
0.671
0.771
0.802
0.801
0.618
0.877
1.03
1.38
2.573
2.19
3.066
1.766
1.216
0.823
0.461
0.461
0.466
0.497
0.484
0.489
1.108
1.989
0.897
0.559
0.583
0.651
0.671
0.708
0.54
0.495
0.65
1.185
2.457
2.602
3.164
1.889
1.358
0.835
1.505
1.046
0.501
0.526
0.59
0.776
0.811
1.158
1.308
1.309
1.773
1.468
0.547
0.749
0.851
1.33
2.714
2.799
4.322
2.636
3.849
2.077
1.241
0.872
1.505
1.015
0.451
0.518
0.586
0.776
0.81
1.158
1.502
1.073
1.52
1.468
0.543
0.784
0.678
0.857
1.512
2.149
4.322
2.708
1.67
1.356
1.276
1.003
0.469
0.466
0.467
0.491
0.486
0.499
1.105
1.871
0.81
0.559
0.581
0.651
0.671
0.708
0.54
0.497
0.546
1.153
2.571
2.672
3.164
2.516
1.422
0.722
0.469
0.458
0.472
0.498
0.488
0.499
1.118
1.948
0.764
0.423
0.416
0.427
0.44
0.438
0.453
0.443
0.487
1.271
2.836
2.788
3.242
2.701
1.384
0.716
0.476
0.464
0.464
0.478
0.485
0.46
0.964
1.978
0.735
0.429
0.426
0.429
0.431
0.433
0.456
0.45
0.493
1.324
2.887
2.726
3.105
2.652
1.413
0.76
0.475
0.455
0.463
0.487
0.485
0.457
0.949
2.019
1.031
0.504
0.44
0.433
0.43
0.428
0.457
0.45
0.497
1.324
2.98
2.657
2.286
3.148
1.742
0.723
0.467
0.456
0.467
0.497
0.487
0.453
0.949
2.12
1.127
0.498
0.447
0.434
0.424
0.43
0.5
0.467
0.553
1.276
2.988
2.379
2.23
3.014
1.622
0.664
0.701
0.471
0.454
0.491
0.493
0.469
0.461
0.796
1.375
2.396
3.336
1.819
0.568
0.784
0.682
0.667
1.876
2.86
3.97
2.27
1.743
1.327
1.184
0.808
0.535
0.469
0.453
0.509
0.493
0.474
0.664
0.885
1.527
2.396
2.378
1.469
0.565
0.611
0.682
0.925
1.876
2.86
3.46
2.27
1.743
1.327
1.357
1.097
0.464
0.45
0.477
0.497
0.487
0.449
0.955
2.12
1.181
0.494
0.448
0.434
0.434
0.425
0.5
0.463
0.666
1.401
2.944
2.832
2.489
2.868
2.07
0.732
0.463
0.46
0.47
0.518
0.526
0.668
1.134
2.088
1.206
0.494
0.45
0.426
0.434
0.425
0.583
0.615
0.726
1.33
3.086
2.85
2.186
2.548
2.175
0.754
0.461
0.448
0.479
0.516
0.563
0.817
1.123
2.148
1.211
0.487
0.446
0.413
0.442
0.504
0.722
0.759
0.854
1.507
3.079
3.193
2.677
2.548
2.117
0.698
0.47
0.462
0.475
0.517
0.563
0.861
1.229
2.014
0.952
0.409
0.434
0.406
0.432
0.508
0.722
0.907
1.189
1.941
2.801
3.234
2.759
2.091
1.856
0.749
0.471
0.456
0.482
0.503
0.563
0.861
1.228
1.885
1.002
0.49
0.494
0.484
0.707
0.929
0.905
1.122
1.388
1.941
2.619
3.234
2.759
2.079
1.85
0.827
0.863
0.476
0.461
0.509
0.485
0.537
0.952
0.988
1.455
2.385
2.875
1.498
0.659
0.783
0.498
1.158
3.182
2.872
1.948
1.399
1.471
1.398
1.491
1.176
0.865
0.505
0.491
0.524
0.508
0.549
0.952
0.988
1.168
0.88
0.982
1.498
0.791
1.616
0.986
1.264
3.091
2.496
2.369
2.755
1.719
1.444
1.491
2.199
0.567
0.467
0.477
0.509
0.561
0.897
1.264
1.885
1.058
0.738
0.664
0.736
1.36
1.865
1.218
1.283
1.442
1.796
2.387
2.362
2.195
1.371
1.153
0.644
0.954
0.457
0.477
0.487
0.519
0.687
1.039
1.656
1.402
0.888
0.668
0.75
1.356
1.868
1.143
1.279
1.435
1.596
1.481
1.8
1.7
1.161
0.873
0.62
0.954
0.471
0.461
0.522
0.52
0.528
0.964
1.269
1.378
0.899
0.676
0.752
1.349
1.799
1.01
1.165
1.369
1.229
1.079
1.327
1.292
1.172
0.944
0.749
0.971
0.468
0.458
0.528
0.521
0.495
0.785
1.052
1.38
1.159
1.425
1.069
1.526
1.991
1.141
1.213
1.345
0.966
1.081
1.204
1.677
1.554
0.904
0.881
0.992
0.48
0.448
0.53
0.515
0.521
0.756
0.845
1.35
1.247
1.526
1.051
1.35
1.719
1.307
1.186
1.49
1.178
1.876
2.564
2.002
1.862
1.236
1.071
1.928
0.631
0.498
0.515
0.52
0.549
0.783
1.187
1.745
1.299
1.34
0.958
0.791
1.616
1.006
1.264
3.269
2.496
3.715
4.025
2.178
1.637
1.425
2.95
1.77
0.631
0.498
0.515
0.52
0.738
0.795
1.027
2.037
1.54
1.421
0.758
0.694
1.435
1.006
1.04
2.353
2.468
3.715
4.025
2.77
1.87
2.998
2.95
1.125
0.496
0.442
0.529
0.511
0.482
0.642
0.904
1.232
1.053
1.482
1.772
1.47
0.981
1.189
0.98
1.738
1.951
2.904
3.125
2.792
2.546
1.488
1.243
0.732
0.496
0.442
0.528
0.518
0.472
0.682
1.188
1.576
1.054
1.482
1.766
1.476
0.981
1.249
1.094
1.805
2.245
3.406
3.283
2.843
2.88
1.559
1.243
0.742
0.5
0.447
0.503
0.615
0.577
0.785
1.463
1.578
1.054
1.478
1.765
1.479
1.055
1.333
1.143
1.828
2.245
3.73
3.681
3.192
2.88
1.537
1.11
0.716
0.498
0.445
0.62
0.774
0.656
1.053
1.736
1.6
0.795
0.719
1.453
1.309
0.849
1.26
1.05
1.617
2.238
3.73
4.154
2.893
2.574
1.548
0.944
0.68
0.497
0.442
0.614
0.933
0.779
1.168
2.03
2.063
0.917
0.549
1.387
1.219
0.774
1.002
0.987
1.295
2.167
3.386
3.276
2.893
2.5
1.398
0.682
1.77
0.598
0.466
0.485
0.484
0.732
0.756
1.172
2.037
1.54
2.08
0.843
0.921
0.738
0.77
0.92
2.353
1.892
2.773
3.209
3.22
2.01
3.011
2.008
0.801
0.452
0.456
0.477
0.483
0.732
0.873
1.037
1.126
1.102
2.734
1.427
0.889
0.93
1.916
1.284
2.738
2.548
2.412
2.714
3.22
2.01
3.011
1.155
0.442
0.479
0.443
0.61
1.047
0.929
1.256
2.03
2.072
0.857
0.425
0.414
0.433
0.581
0.796
0.888
0.995
1.671
2.801
3.707
3.019
2.231
1.365
0.627
0.459
0.475
0.47
0.633
1.047
0.929
1.37
2.096
1.403
0.722
0.425
0.423
0.434
0.585
0.74
0.742
0.988
1.642
2.613
3.707
3.007
1.918
1.246
0.641
0.458
0.464
0.469
0.626
0.929
0.884
1.37
2.09
1.423
0.722
0.442
0.418
0.432
0.5
0.592
0.72
0.981
1.537
2.755
3.405
3.3
1.924
1.25
0.641
0.458
0.467
0.467
0.5
0.772
0.797
1.195
2.048
1.453
1.091
0.797
0.704
0.728
0.544
0.601
0.716
0.85
1.396
2.781
2.976
3.23
1.781
1.299
0.64
0.47
0.464
0.477
0.568
0.618
0.711
1.264
1.951
0.869
0.923
1.178
1.038
0.795
0.505
0.586
0.669
0.872
1.399
2.641
2.874
3.303
1.708
1.272
0.638
0.599
0.462
0.453
0.486
0.468
0.476
0.577
1.037
0.957
1.369
2.734
1.427
0.884
0.93
1.916
1.284
2.588
2.556
2.991
3.297
3.357
1.707
1.284
0.859
0.875
0.472
0.452
0.51
0.453
0.463
0.578
0.959
1.21
1.557
1.82
1.295
0.415
0.677
1.88
1.261
2.588
2.806
3.501
2.535
3.833
1.529
1.152
1.017
0.474
0.47
0.482
0.568
0.505
0.57
1.219
2.046
0.927
0.923
1.186
1.044
0.795
0.516
0.586
0.672
0.868
1.421
2.61
2.254
2.722
1.516
1.274
0.703
0.468
0.467
0.455
0.557
0.483
0.512
1.09
1.995
0.923
0.915
1.186
1.05
0.79
0.514
0.587
0.67
0.759
1.437
2.755
2.213
3.258
1.597
1.339
0.736
0.46
0.477
0.459
0.581
0.522
0.562
1.221
2.05
0.923
0.904
1.166
1.052
0.781
0.516
0.594
0.54
0.606
1.529
2.673
2.259
2.699
1.7
1.474
0.783
0.464
0.47
0.459
0.58
0.523
0.562
1.211
2.122
0.867
0.536
0.817
0.762
0.485
0.479
0.589
0.536
0.589
1.529
2.595
2.09
2.833
2.224
1.469
0.805
0.456
0.465
0.463
0.512
0.517
0.506
1.091
2.122
0.88
0.41
0.436
0.443
0.413
0.434
0.479
0.441
0.431
1.39
2.795
2.198
2.959
2.381
1.511
0.805
0.808
0.472
0.467
0.51
0.471
0.47
0.445
0.894
1.21
1.557
0.699
1.226
0.534
0.615
0.819
0.758
1.704
3.337
3.501
2.535
3.833
1.513
1.122
0.804
0.996
0.483
0.471
0.523
0.492
0.468
0.626
1.005
1.193
1.36
0.699
1.226
0.545
0.738
0.751
0.823
1.283
3.337
3.178
1.741
3.122
1.497
1.097
0.974
0.463
0.455
0.459
0.523
0.507
0.494
1.1
2.133
0.879
0.491
0.497
0.51
0.495
0.49
0.548
0.518
0.481
1.494
3.692
2.332
2.959
2.458
1.857
1.096
0.451
0.469
0.462
0.507
0.525
0.644
1.088
2.113
0.849
0.483
0.497
0.505
0.493
0.517
0.69
0.666
0.628
1.44
3.588
2.406
2.463
2.458
1.857
1.05
0.455
0.458
0.466
0.481
0.488
0.597
0.947
2.046
0.848
0.484
0.499
0.504
0.495
0.527
0.682
0.782
0.776
1.45
3.281
2.29
2.394
2.419
1.736
0.997
0.473
0.462
0.482
0.483
0.487
0.617
0.907
1.87
0.874
0.495
0.513
0.508
0.514
0.532
0.686
0.79
0.782
1.45
3.281
2.29
2.458
2.154
1.665
0.992
0.473
0.469
0.471
0.489
0.491
0.613
0.881
1.692
0.847
0.494
0.513
0.503
0.512
0.532
0.676
0.79
0.792
1.381
3.053
2.264
2.275
1.949
1.57
0.999
0.683
0.491
0.471
0.508
0.492
0.462
0.695
1.047
0.787
1.188
0.6
1.141
0.545
0.738
1.322
1.394
1.394
2.846
2.146
1.96
2.611
1.826
1.137
0.828
0.685
0.491
0.462
0.508
0.499
0.677
0.847
1.047
1.18
1.088
0.483
0.433
0.445
0.754
1.766
1.394
1.314
1.489
2.155
2.364
2.299
1.674
1.104
0.816
0.467
0.467
0.466
0.478
0.491
0.619
0.83
1.555
0.77
0.409
0.447
0.438
0.44
0.465
0.609
0.71
0.728
1.228
2.307
2.169
2.804
1.775
1.12
0.518
0.466
0.459
0.466
0.484
0.472
0.631
0.842
1.569
0.771
0.409
0.448
0.43
0.495
0.586
0.595
0.697
0.728
1.604
2.496
2.683
2.804
1.876
1.075
0.518
0.466
0.458
0.463
0.484
0.478
0.621
0.878
1.723
0.792
0.421
0.442
0.433
0.492
0.582
0.595
0.587
0.685
1.471
2.366
2.659
2.76
1.867
1.172
0.605
0.442
0.452
0.455
0.495
0.484
0.65
1.031
1.878
0.807
0.429
0.415
0.426
0.475
0.566
0.591
0.579
0.679
1.471
2.615
2.856
2.891
1.669
1.241
0.568
0.447
0.445
0.461
0.489
0.489
0.65
1.065
2.036
0.787
0.427
0.418
0.42
0.481
0.563
0.589
0.582
0.659
1.552
2.952
2.803
2.725
1.648
1.243
0.553
0.467
0.456
0.47
0.479
0.494
0.987
0.874
1.011
1.476
1.652
1.041
0.431
0.423
0.845
1.766
1.187
1.151
1.553
2.436
2.364
2.306
1.843
1.132
0.604
0.47
0.425
0.47
0.462
0.494
0.987
0.874
0.905
1.476
1.834
1.88
0.573
0.763
0.988
1.373
0.995
0.969
1.342
2.436
2.241
1.6
1.273
1.055
0.762
0.449
0.462
0.464
0.5
0.489
0.642
1.068
2.036
0.849
0.427
0.416
0.422
0.471
0.573
0.582
0.587
0.655
1.445
3.048
2.745
2.655
1.698
1.336
0.633
0.456
0.464
0.472
0.521
0.501
0.545
1.18
2.043
0.835
0.432
0.428
0.422
0.426
0.427
0.448
0.454
0.535
1.088
3.16
2.218
2.596
1.672
1.375
0.693
0.458
0.464
0.475
0.521
0.498
0.551
1.191
2.086
0.824
0.433
0.428
0.419
0.428
0.422
0.457
0.452
0.439
1.082
3.168
2.163
3.188
2.047
1.42
0.653
0.467
0.465
0.469
0.51
0.485
0.509
1.068
2.073
0.805
0.423
0.433
0.425
0.425
0.427
0.457
0.455
0.442
1.082
3.168
1.998
2.766
1.974
1.396
0.755
0.484
0.473
0.482
0.516
0.489
0.518
1.081
2.054
0.813
0.435
0.45
0.435
0.44
0.44
0.46
0.506
0.601
1.11
3.073
2.249
3.307
2.027
1.396
0.755
0.474
0.425
0.478
0.462
0.49
0.754
0.653
0.878
1.144
1.834
1.88
0.558
0.78
0.988
1.026
1.3
1.776
2.382
2.567
1.892
2.843
1.292
1.135
0.746
0.471
0.432
0.473
0.46
0.487
0.425
0.457
0.764
1.101
1.091
1.329
1.075
1.037
0.905
1.026
1.3
1.776
2.589
2.647
2.157
3.556
1.833
1.113
0.818
0.484
0.463
0.479
0.503
0.491
0.518
1.089
2.054
0.714
0.435
0.45
0.435
0.447
0.436
0.463
0.497
0.672
1.193
3.061
2.781
2.83
2.022
1.337
0.754
0.482
0.456
0.478
0.495
0.489
0.509
1.084
2.069
1.363
0.448
0.436
0.441
0.434
0.438
0.46
0.49
0.656
1.125
2.875
2.751
2.83
1.975
1.315
0.709
0.476
0.456
0.465
0.498
0.48
0.511
1.123
1.975
1.309
0.532
0.499
0.508
0.915
0.516
0.486
0.597
0.669
1.152
2.768
2.8
2.63
1.823
1.15
0.688
0.466
0.457
0.463
0.497
0.48
0.507
1.123
1.951
1.269
0.524
0.505
0.496
0.924
0.505
0.49
0.59
0.669
1.152
2.864
2.763
2.599
1.761
1.037
0.6
0.448
0.466
0.447
0.504
0.463
0.514
1.11
1.835
1.198
0.512
0.491
0.48
0.916
0.487
0.493
0.565
0.666
1.098
2.851
2.509
2.076
1.674
1.077
0.803
0.453
0.45
0.468
0.483
0.485
0.437
0.45
0.856
1.823
0.897
0.472
0.926
0.7
0.718
0.875
0.968
1.754
2.589
2.647
2.355
3.556
1.96
1.214
0.754
0.444
0.45
0.45
0.488
0.47
0.532
0.751
1.029
1.823
1.357
0.544
1.049
0.792
0.804
0.811
0.612
0.734
1.507
2.146
2.355
2.84
1.96
1.203
0.854
0.463
0.473
0.45
0.507
0.458
0.534
1.176
1.808
1.209
0.512
0.491
0.48
0.912
0.55
0.63
0.715
0.731
1.016
2.701
2.104
2.402
1.952
1.098
0.823
0.467
0.473
0.447
0.492
0.455
0.483
1.148
1.716
0.539
0.492
0.491
0.472
0.912
0.552
0.63
0.775
0.871
1.067
2.576
2.175
2.45
2.05
1.168
0.823
0.48
0.474
0.464
0.485
0.466
0.585
1.159
1.71
0.582
0.401
0.437
0.405
0.436
0.503
0.747
0.827
0.989
1.022
2.365
2.093
2.3
1.828
1.21
0.792
0.484
0.464
0.473
0.494
0.482
0.62
1.278
1.763
0.568
0.484
0.898
1.093
0.553
0.842
1.026
1.672
1.308
1.269
2.403
2.465
2.831
2.039
1.21
0.796
0.484
0.442
0.476
0.484
0.481
0.614
1.278
1.795
0.643
0.481
0.9
1.185
1.127
1.144
1.302
2.035
1.449
1.432
2.341
2.739
3.741
2.35
1.557
0.848
0.551
0.463
0.434
0.498
0.451
0.545
0.749
1.029
1.658
1.357
0.615
0.564
0.539
0.818
0.872
0.748
0.686
1.143
2.723
2.276
3.117
1.91
1.203
0.854
0.779
0.472
0.442
0.492
0.466
0.545
0.75
0.96
1.332
1.315
0.615
0.585
0.672
0.837
0.872
0.807
1.211
2.485
3.048
2.931
2.752
3.161
1.326
1.069
0.472
0.429
0.476
0.479
0.56
0.74
1.273
1.841
0.637
0.481
0.897
1.185
1.128
1.091
1.159
1.976
1.456
1.425
2.412
2.992
3.428
2.126
1.593
0.931
0.485
0.448
0.483
0.519
0.576
0.757
1.308
1.828
0.652
0.55
0.897
1.206
1.131
1.103
1.168
1.976
1.449
1.39
2.421
2.897
3.389
2.124
1.566
0.945
0.5
0.459
0.496
0.529
0.59
0.667
1.277
1.775
0.682
0.566
0.911
1.218
1.149
1.094
1.036
1.836
1.331
1.359
2.421
2.897
3.221
2.072
1.462
0.952
0.51
0.483
0.514
0.522
0.601
0.643
1.139
1.589
0.724
0.557
0.468
0.553
1.048
0.781
0.758
1.088
1.203
1.119
2.104
2.567
2.683
2.0
1.42
0.955
0.52
0.506
0.518
0.534
0.601
0.643
1.094
1.424
0.675
0.582
0.468
0.482
0.474
0.486
0.486
0.684
0.921
0.861
1.854
2.338
1.765
2.206
1.178
0.709
0.779
0.472
0.443
0.492
0.463
0.461
0.446
1.05
1.234
0.776
0.629
0.528
0.578
0.788
0.786
0.917
1.264
2.652
3.048
2.931
2.752
3.842
1.318
0.899
0.855
0.47
0.449
0.504
0.47
0.452
0.468
1.116
1.435
0.711
0.576
0.528
0.578
0.706
0.581
0.811
1.264
3.612
2.926
3.312
2.964
3.842
1.335
1.148
0.521
0.511
0.518
0.545
0.538
0.513
1.022
1.234
0.673
0.582
0.48
0.506
0.492
0.491
0.555
0.606
1.147
1.283
2.626
1.92
1.689
2.165
1.23
0.639
0.513
0.511
0.512
0.515
0.524
0.5
0.903
1.326
0.821
0.565
0.503
0.558
0.966
0.567
0.641
0.717
1.169
1.297
2.615
1.923
2.093
2.542
1.346
0.686
0.493
0.508
0.49
0.512
0.511
0.491
0.93
1.279
0.753
0.555
0.487
0.556
0.951
0.56
0.634
0.708
1.16
1.273
2.767
2.023
2.339
2.532
1.355
0.684
0.478
0.5
0.468
0.522
0.506
0.522
1.075
1.387
0.718
0.485
0.465
0.548
0.928
0.548
0.629
0.594
0.841
1.206
3.04
2.018
2.753
2.83
1.459
0.723
0.473
0.488
0.459
0.51
0.504
0.514
1.09
1.448
0.718
0.474
0.467
0.532
0.924
0.536
0.626
0.585
0.828
1.207
3.04
2.016
2.76
2.253
1.336
0.722
0.767
0.452
0.462
0.511
0.466
0.457
0.483
1.116
1.121
0.865
0.635
0.536
0.436
0.577
0.653
1.103
1.789
4.256
3.194
2.739
3.065
3.86
1.173
0.93
0.767
0.452
0.477
0.511
0.466
0.458
0.483
0.87
1.2
0.865
0.567
0.49
0.438
0.577
0.653
1.042
1.721
4.256
3.194
2.739
3.065
3.397
1.105
0.93
0.467
0.477
0.465
0.496
0.493
0.504
1.11
1.448
1.297
0.486
0.453
0.508
0.923
0.605
0.982
0.689
0.526
0.721
2.665
2.603
2.76
2.199
1.207
0.708
0.467
0.476
0.463
0.513
0.501
0.552
1.22
1.358
1.123
0.439
0.423
0.444
0.447
0.51
0.887
0.571
0.491
0.68
2.649
2.603
2.596
2.19
1.189
0.704
0.5
0.469
0.476
0.515
0.495
0.549
1.224
1.337
1.125
0.439
0.426
0.443
0.442
0.509
0.893
0.571
0.481
0.705
3.085
2.732
2.593
2.133
1.216
0.834
0.502
0.46
0.473
0.505
0.484
0.507
1.105
1.233
1.297
0.815
0.803
0.491
0.468
0.538
1.023
0.601
0.488
0.805
2.891
3.031
2.196
1.64
1.105
0.799
0.499
0.458
0.474
0.512
0.49
0.504
1.057
1.11
1.517
0.97
0.905
0.594
0.507
0.552
1.04
0.619
0.504
0.79
2.857
3.018
2.074
1.59
1.065
0.799
0.816
0.453
0.477
0.491
0.461
0.464
0.467
0.784
0.951
1.826
1.246
1.029
0.446
0.491
0.627
0.905
1.72
3.149
4.024
2.566
2.083
2.688
1.063
0.738
0.69
0.468
0.472
0.472
0.479
0.464
0.441
0.761
1.273
2.282
1.269
1.165
0.446
0.521
0.446
0.477
0.658
0.924
3.087
2.896
1.918
2.595
1.094
0.731
0.514
0.465
0.466
0.512
0.494
0.501
0.996
1.004
0.989
1.075
0.982
0.684
0.527
0.869
1.016
1.026
0.464
0.773
2.465
2.621
2.085
1.656
1.152
0.707
0.519
0.461
0.463
0.494
0.488
0.452
0.873
1.098
0.983
1.076
0.982
0.678
0.527
0.871
1.016
1.019
0.473
0.772
2.565
2.888
2.21
1.489
1.123
0.669
0.496
0.47
0.456
0.502
0.502
0.457
0.863
1.102
0.983
1.076
0.978
0.679
0.531
0.871
1.011
1.021
0.477
0.734
2.093
2.721
2.039
1.62
1.145
0.583
0.5
0.473
0.472
0.512
0.504
0.528
1.033
1.295
0.802
0.71
0.612
0.623
0.507
0.851
0.889
0.985
0.477
0.629
2.328
2.566
2.133
2.317
1.247
0.612
0.505
0.48
0.488
0.52
0.509
0.535
1.096
1.349
0.598
0.559
0.513
0.541
0.489
0.848
0.875
0.972
0.472
0.629
2.911
2.566
2.159
2.317
1.281
0.611
0.779
0.563
0.536
0.553
0.586
0.545
0.512
0.835
1.202
2.282
1.269
1.165
0.436
0.54
0.563
0.577
0.487
1.165
3.199
2.896
1.918
2.67
1.106
0.793
0.66
0.563
0.527
0.567
0.586
0.528
0.531
0.842
1.329
1.509
0.623
0.622
1.202
0.855
0.81
0.679
0.605
0.941
1.453
2.686
1.718
2.67
1.175
0.756
0.492
0.478
0.492
0.52
0.509
0.537
1.096
1.522
0.89
0.444
0.443
0.441
0.448
0.45
0.476
0.461
0.445
0.602
2.911
2.38
2.134
2.302
1.232
0.751
0.489
0.478
0.492
0.519
0.501
0.648
1.215
1.423
1.083
0.505
0.521
0.472
0.515
0.578
0.67
0.554
0.522
0.827
2.779
2.456
1.673
2.04
1.232
0.695
0.47
0.472
0.502
0.51
0.483
0.744
1.405
1.369
1.083
0.499
0.521
0.476
0.512
0.576
0.67
0.554
0.558
1.468
2.814
2.411
1.703
1.955
1.092
0.643
0.461
0.463
0.492
0.588
0.614
0.825
1.368
1.14
1.046
0.487
0.509
0.476
0.512
0.568
0.655
0.55
0.569
1.501
2.439
1.884
1.443
1.293
1.031
0.631
0.443
0.453
0.485
0.566
0.643
0.985
1.341
1.013
1.015
0.483
0.497
0.463
0.493
0.569
0.661
0.678
0.618
1.561
1.66
1.902
1.571
1.863
1.006
0.996
0.724
0.572
0.551
0.567
0.569
0.544
0.531
0.842
1.173
1.914
0.824
0.424
1.202
0.792
0.81
0.717
0.756
2.57
1.453
2.15
1.37
1.325
1.175
0.996
0.721
0.463
0.472
0.47
0.445
0.444
0.441
0.747
1.173
1.69
0.824
0.424
1.202
0.792
0.747
0.717
0.756
2.311
1.18
1.928
1.01
0.85
0.934
0.503
0.441
0.445
0.485
0.561
0.632
0.985
1.322
0.938
0.635
0.478
0.482
0.451
0.49
0.569
0.644
0.667
0.618
1.561
1.558
1.877
1.483
1.825
0.872
0.497
0.424
0.434
0.483
0.554
0.619
0.934
1.179
0.802
0.411
0.361
0.352
0.369
0.37
0.382
0.392
0.513
0.487
1.309
1.437
1.512
1.472
1.827
0.879
0.501
0.425
0.431
0.473
0.552
0.617
0.891
1.096
0.794
0.405
0.37
0.351
0.358
0.362
0.391
0.394
0.502
0.481
1.179
1.353
1.532
1.934
1.819
0.897
0.492
0.424
0.433
0.478
0.456
0.466
0.802
1.112
0.759
0.4
0.369
0.36
0.354
0.356
0.392
0.407
0.5
0.497
1.227
1.395
1.798
2.233
1.753
0.724
0.487
0.423
0.435
0.478
0.457
0.423
0.704
1.147
0.776
0.407
0.361
0.359
0.363
0.404
0.426
0.392
0.579
0.651
1.383
1.551
2.365
2.006
1.08
0.567
0.69
0.493
0.345
0.363
0.346
0.317
0.334
0.31
0.468
0.672
1.475
0.634
0.315
0.323
0.354
0.391
0.479
0.517
2.102
0.641
0.898
0.654
0.711
0.444
0.233
0.214
0.204
0.243
0.257
0.205
0.219
0.218
0.209
0.191
0.215
0.195
0.208
0.224
0.24
0.229
0.21
0.213
0.259
0.298
0.314
0.267
0.274
0.271
0.438
0.432
0.435
0.471
0.469
0.424
0.689
1.145
0.509
0.411
0.416
0.403
0.415
0.567
0.438
0.396
0.579
0.654
1.383
1.551
2.365
2.006
1.08
0.567
0.443
0.446
0.44
0.477
0.483
0.427
0.689
1.175
0.518
0.412
0.427
0.414
0.417
0.574
0.491
0.447
0.631
0.705
1.821
1.441
2.363
2.096
1.116
0.541
0.45
0.451
0.445
0.484
0.489
0.433
0.655
1.091
0.483
0.413
0.422
0.429
0.427
0.578
0.494
0.458
0.638
0.668
1.36
1.182
2.212
1.838
1.309
0.528
0.463
0.461
0.445
0.489
0.496
0.438
0.645
0.978
0.495
0.417
0.428
0.436
0.437
0.579
0.499
0.463
0.646
0.639
1.291
1.134
2.164
1.777
1.44
0.599
0.471
0.471
0.446
0.486
0.498
0.446
0.654
0.938
0.511
0.531
0.463
0.835
0.572
0.69
0.489
0.567
0.481
0.454
1.226
0.967
1.917
1.936
1.409
0.589
0.235
0.212
0.222
0.261
0.249
0.205
0.239
0.225
0.194
0.201
0.242
0.207
0.194
0.218
0.263
0.239
0.21
0.232
0.305
1.1
0.793
1.884
1.023
0.541
0.369
0.33
0.348
0.384
0.36
0.314
0.356
0.504
0.647
1.62
0.984
0.444
0.45
0.432
0.484
0.477
0.426
0.476
0.648
1.247
1.176
2.405
1.454
0.834
0.475
0.471
0.459
0.497
0.498
0.453
0.667
0.909
0.516
0.537
0.468
0.837
0.574
0.579
0.501
0.578
0.484
0.464
1.259
1.697
2.003
1.942
1.48
0.743
0.475
0.463
0.461
0.501
0.491
0.453
0.702
0.848
0.516
0.543
0.462
0.837
0.574
0.585
0.497
0.578
0.484
0.47
0.978
1.702
1.857
2.011
1.436
0.758
0.464
0.457
0.471
0.495
0.482
0.455
0.729
0.783
0.515
0.551
0.466
0.823
0.569
0.592
0.491
0.567
0.487
0.475
0.944
2.089
2.304
2.168
1.51
0.764
0.454
0.449
0.472
0.493
0.473
0.452
0.729
0.717
0.504
0.551
0.463
0.819
0.562
0.592
0.491
0.562
0.483
0.544
1.01
2.089
2.263
2.226
1.52
0.778
0.449
0.438
0.471
0.5
0.467
0.438
0.724
0.742
0.476
0.427
0.432
0.431
0.422
0.435
0.468
0.466
0.431
0.525
1.034
2.084
2.363
2.096
1.525
0.778
0.48
0.451
0.463
0.483
0.459
0.444
0.464
0.643
0.785
1.91
1.134
0.662
0.605
0.541
0.569
0.577
0.932
2.047
1.403
1.453
2.472
2.405
1.454
0.834
0.48
0.474
0.463
0.483
0.477
0.459
0.464
0.644
0.944
1.91
1.134
1.139
0.856
1.714
0.683
0.693
0.932
2.113
1.698
1.368
2.526
1.307
1.209
0.992
0.448
0.434
0.464
0.499
0.461
0.432
0.711
0.773
0.463
0.43
0.431
0.425
0.418
0.443
0.462
0.456
0.434
0.526
1.008
1.443
2.327
2.091
1.548
0.77
0.452
0.436
0.464
0.502
0.462
0.435
0.705
0.783
0.46
0.425
0.432
0.43
0.425
0.44
0.457
0.456
0.437
0.533
1.284
1.43
2.966
2.037
1.532
0.733
0.455
0.448
0.462
0.516
0.469
0.472
0.81
0.789
0.454
0.419
0.436
0.438
0.427
0.433
0.462
0.467
0.442
0.567
1.305
1.395
2.705
1.666
1.202
0.698
0.46
0.458
0.461
0.516
0.475
0.484
0.81
0.789
0.463
0.424
0.446
0.439
0.425
0.435
0.463
0.472
0.446
0.499
1.252
1.395
2.705
1.918
1.401
0.665
0.455
0.468
0.465
0.509
0.475
0.486
0.792
0.776
0.478
0.429
0.441
0.432
0.43
0.442
0.463
0.463
0.446
0.514
1.43
1.397
2.17
1.887
1.364
0.668
0.462
0.474
0.463
0.486
0.486
0.459
0.46
0.527
0.634
0.738
0.491
1.123
0.756
1.622
0.687
0.724
1.035
2.168
1.871
1.957
3.015
1.991
1.167
0.933
0.501
0.478
0.455
0.489
0.496
0.468
0.451
0.527
0.81
1.292
0.854
1.026
0.731
1.61
0.687
0.724
0.837
0.951
2.043
2.04
1.846
1.991
1.233
1.169
0.467
0.481
0.469
0.524
0.482
0.543
0.927
0.73
0.535
0.484
0.465
0.46
0.454
0.485
0.54
0.652
0.548
0.531
1.43
1.305
2.144
1.855
1.326
0.642
0.465
0.481
0.474
0.52
0.481
0.543
0.916
0.701
0.526
1.402
0.986
1.777
0.484
0.481
0.599
0.702
0.681
0.658
1.733
1.293
2.017
1.684
1.357
0.671
0.477
0.494
0.482
0.506
0.484
0.515
0.77
0.675
0.534
1.401
0.985
1.776
0.484
0.478
0.595
0.7
0.673
0.706
1.71
1.329
1.952
1.799
1.464
0.671
0.48
0.493
0.482
0.524
0.495
0.553
0.898
0.708
0.551
1.406
0.977
1.769
0.483
0.486
0.597
0.69
0.663
0.706
2.131
1.331
2.514
1.517
1.21
0.666
0.486
0.485
0.476
0.524
0.502
0.56
0.914
0.795
0.569
1.408
0.977
1.769
0.483
0.486
0.595
0.69
0.664
0.696
2.144
1.342
2.682
1.592
1.217
0.663
0.68
0.472
0.455
0.495
0.501
0.466
0.451
0.533
0.73
1.305
1.953
0.463
0.44
0.598
0.859
0.778
0.837
0.951
2.043
2.04
1.714
1.879
1.191
1.055
0.737
0.472
0.449
0.494
0.507
0.468
0.447
0.527
0.798
2.87
1.953
0.585
0.499
0.643
0.949
0.779
0.721
1.235
2.501
1.428
0.885
1.153
1.191
1.204
0.482
0.474
0.468
0.504
0.504
0.505
0.784
0.795
0.532
1.363
0.951
1.751
0.471
0.452
0.527
0.51
0.566
0.706
2.214
2.073
2.682
1.645
1.285
0.727
0.482
0.479
0.465
0.502
0.504
0.505
0.802
0.796
0.532
0.568
0.509
0.457
0.583
0.55
0.531
0.52
0.454
0.601
1.556
2.054
2.35
2.26
1.343
0.768
0.468
0.459
0.449
0.522
0.51
0.566
0.913
0.808
0.53
0.569
0.51
0.457
0.585
0.55
0.532
0.516
0.462
0.521
1.824
1.776
2.441
2.165
1.29
0.768
0.467
0.454
0.447
0.502
0.496
0.524
0.797
0.768
0.513
0.569
0.509
0.458
0.585
0.549
0.536
0.522
0.463
0.538
1.497
1.776
1.779
2.672
1.327
0.761
0.466
0.461
0.455
0.507
0.488
0.517
0.778
0.71
0.493
0.567
0.515
0.459
0.583
0.543
0.536
0.522
0.467
0.566
1.316
1.797
1.504
2.639
1.406
0.847
0.737
0.459
0.452
0.502
0.508
0.467
0.454
0.527
0.704
3.014
2.185
0.659
0.642
0.78
0.949
0.779
0.611
1.159
1.88
1.39
1.062
1.213
1.175
1.042
0.614
0.46
0.458
0.502
0.508
0.467
0.454
0.527
0.704
3.014
1.265
0.784
0.642
0.652
1.076
0.732
0.919
1.186
2.567
1.665
1.814
1.697
1.156
1.103
0.463
0.465
0.462
0.508
0.479
0.514
0.765
0.738
0.485
0.557
0.511
0.45
0.572
0.526
0.523
0.518
0.465
0.585
1.632
1.554
1.539
3.162
1.362
0.738
0.471
0.469
0.466
0.515
0.489
0.522
0.749
0.762
0.509
0.519
0.484
0.427
0.424
0.431
0.465
0.462
0.446
0.553
1.632
1.503
1.277
2.488
1.289
0.669
0.471
0.472
0.471
0.497
0.479
0.45
0.613
0.713
0.509
0.512
0.477
0.426
0.428
0.436
0.468
0.462
0.44
0.567
1.427
1.419
0.997
2.749
1.374
0.664
0.466
0.472
0.473
0.503
0.486
0.446
0.597
0.713
0.514
0.519
0.48
0.428
0.427
0.436
0.469
0.464
0.444
0.55
1.322
1.611
0.997
2.13
1.263
0.63
0.461
0.471
0.473
0.506
0.49
0.448
0.569
0.697
0.498
0.517
0.482
0.434
0.433
0.443
0.475
0.464
0.442
0.518
1.239
1.543
0.942
2.122
1.14
0.574
0.537
0.466
0.479
0.519
0.512
0.479
0.457
0.528
0.606
2.078
1.239
1.291
0.749
0.778
0.994
0.809
0.931
0.825
1.654
1.665
1.814
1.805
1.2
0.96
0.577
0.466
0.479
0.519
0.496
0.465
0.451
0.555
0.724
1.855
0.724
1.461
0.901
0.692
0.994
0.771
0.931
0.743
2.056
1.986
1.485
1.805
1.112
0.96
0.457
0.467
0.472
0.506
0.494
0.455
0.548
0.684
0.487
0.515
0.483
0.435
0.436
0.448
0.481
0.466
0.444
0.477
0.849
1.158
1.163
1.798
1.172
0.601
0.457
0.465
0.47
0.504
0.491
0.456
0.566
0.696
0.467
0.435
0.439
0.44
0.441
0.449
0.485
0.472
0.444
0.472
0.782
1.158
1.217
1.873
1.087
0.617
0.471
0.472
0.475
0.508
0.494
0.463
0.602
0.715
0.492
0.442
0.446
0.444
0.445
0.454
0.49
0.481
0.692
0.506
0.779
1.104
1.272
1.793
1.19
0.658
0.476
0.474
0.474
0.505
0.493
0.466
0.595
0.715
0.478
0.441
0.448
0.448
0.448
0.454
0.489
0.478
0.693
0.513
0.964
0.925
1.274
1.812
1.281
0.726
0.481
0.473
0.477
0.522
0.497
0.517
0.733
0.67
0.485
0.446
0.447
0.449
0.448
0.454
0.49
0.801
0.758
0.553
0.926
1.172
1.506
1.845
1.297
0.709
0.605
0.471
0.485
0.523
0.508
0.474
0.46
0.555
0.683
1.396
1.038
1.461
0.901
0.782
1.185
1.484
0.615
0.724
1.409
1.627
0.805
1.193
2.224
0.88
0.67
0.471
0.468
0.5
0.49
0.463
0.462
0.553
0.857
1.396
1.553
1.283
0.781
0.707
1.422
1.669
1.025
1.021
1.712
1.789
0.914
2.205
2.416
1.116
0.481
0.474
0.477
0.523
0.495
0.515
0.757
0.658
0.493
0.446
0.447
0.449
0.448
0.454
0.488
0.798
0.755
0.554
0.927
1.38
1.231
1.609
1.269
0.688
0.476
0.472
0.476
0.541
0.497
0.544
0.876
0.607
0.482
0.446
0.446
0.448
0.447
0.452
0.485
0.794
0.752
0.569
0.992
1.38
1.204
1.738
1.367
0.688
0.465
0.465
0.468
0.536
0.493
0.54
0.859
0.653
0.464
0.439
0.439
0.443
0.442
0.447
0.481
0.791
0.508
0.548
1.202
1.766
1.179
1.406
1.518
0.756
0.463
0.465
0.465
0.533
0.491
0.538
0.859
0.653
0.464
0.436
0.436
0.441
0.44
0.445
0.479
0.791
0.507
0.548
1.023
1.746
1.125
1.371
1.481
0.731
0.456
0.457
0.453
0.528
0.48
0.504
0.861
0.667
0.453
0.545
0.501
0.52
0.478
0.531
0.558
0.543
0.496
0.56
0.996
1.583
0.915
1.388
1.668
0.773
0.62
0.487
0.48
0.51
0.496
0.466
0.463
0.522
0.664
0.919
1.553
1.392
0.608
0.801
1.422
1.669
1.025
1.021
1.35
1.392
0.951
2.851
2.607
1.116
0.824
0.636
0.474
0.504
0.489
0.462
0.46
0.518
0.795
1.115
1.349
1.392
0.587
0.799
0.895
0.964
1.026
0.972
1.238
1.435
0.951
3.308
1.805
1.175
0.453
0.454
0.45
0.52
0.472
0.498
0.843
0.656
0.434
0.538
0.495
0.513
0.476
0.528
0.556
0.541
0.494
0.564
1.042
1.21
0.906
1.29
1.668
0.756
0.453
0.455
0.449
0.495
0.467
0.464
0.695
0.635
0.434
0.899
1.126
0.666
0.572
0.57
0.554
0.542
0.496
1.007
1.552
1.432
1.009
1.116
1.619
0.756
0.45
0.452
0.453
0.498
0.471
0.468
0.671
0.591
0.437
0.898
1.125
0.664
0.569
0.566
0.547
0.538
0.493
0.972
1.403
1.003
1.465
1.367
1.28
0.698
0.456
0.457
0.456
0.5
0.477
0.472
0.666
0.598
0.46
0.904
1.13
0.67
0.573
0.569
0.55
0.541
0.493
0.983
1.471
1.118
1.553
1.429
1.305
0.673
0.466
0.467
0.471
0.501
0.486
0.5
0.661
0.675
0.472
0.788
1.062
0.586
0.529
0.478
0.465
0.464
0.436
0.927
1.741
1.091
2.151
1.383
1.152
0.646
0.759
0.636
0.481
0.507
0.493
0.467
0.464
0.523
0.697
1.064
0.806
1.02
0.587
0.799
0.843
0.824
0.713
0.759
0.809
1.435
0.832
2.691
1.578
0.984
0.749
0.626
0.464
0.494
0.491
0.466
0.463
0.526
0.697
1.763
0.803
0.615
0.478
0.91
0.866
0.828
0.713
0.733
0.737
0.955
1.137
2.81
1.197
1.219
0.467
0.467
0.472
0.501
0.486
0.5
0.684
0.667
0.472
0.791
1.065
0.589
0.531
0.478
0.463
0.465
0.435
0.909
1.741
1.091
2.151
1.383
1.152
0.664
0.475
0.472
0.476
0.528
0.494
0.535
0.829
0.699
0.488
0.432
0.436
0.439
0.437
0.437
0.464
0.465
0.436
0.448
1.199
0.921
1.978
1.327
1.135
0.637
0.48
0.477
0.479
0.534
0.497
0.537
0.857
0.723
0.482
0.439
0.442
0.445
0.446
0.444
0.473
0.473
0.746
0.537
1.422
0.984
1.543
1.472
1.149
0.637
0.484
0.483
0.486
0.542
0.504
0.545
0.857
0.723
0.479
0.443
0.447
0.45
0.448
0.447
0.477
0.477
0.754
0.531
1.383
0.899
1.523
1.438
1.118
0.625
0.478
0.478
0.481
0.543
0.505
0.547
0.866
0.632
0.486
0.447
0.449
0.45
0.45
0.451
0.482
0.483
0.76
0.536
1.025
0.772
0.904
1.382
1.104
0.622
1.385
0.475
0.476
0.5
0.496
0.471
0.467
0.529
0.641
1.614
0.859
0.693
0.574
0.911
1.007
0.893
0.736
0.75
1.095
1.136
1.237
2.776
1.197
1.219
1.453
0.475
0.463
0.494
0.496
0.467
0.463
0.528
0.617
1.614
0.859
0.703
0.64
1.017
0.831
0.705
0.585
0.706
1.082
1.031
1.237
2.776
1.165
1.386
0.483
0.481
0.486
0.544
0.505
0.548
0.869
0.636
0.489
0.45
0.451
0.451
0.452
0.454
0.484
0.703
0.809
0.602
1.114
1.538
0.916
1.83
1.104
0.648
0.478
0.478
0.486
0.525
0.503
0.517
0.752
0.624
0.474
0.45
0.453
0.453
0.453
0.454
0.485
0.703
0.81
0.615
1.196
1.469
1.363
1.924
1.197
0.668
0.485
0.481
0.508
0.55
0.512
0.562
0.865
0.621
0.474
0.466
0.463
0.456
0.453
0.457
0.551
0.834
0.566
0.535
0.952
1.459
1.265
1.589
1.178
0.724
0.532
0.521
0.546
0.601
0.537
0.582
0.874
0.621
0.476
0.47
0.463
0.454
0.454
0.465
0.557
0.833
0.564
0.533
0.948
1.554
1.249
1.718
1.517
0.786
0.535
0.528
0.544
0.586
0.534
0.536
0.757
0.628
0.461
0.483
0.466
0.46
0.474
0.488
0.56
0.833
0.563
0.533
0.948
1.57
1.238
1.718
1.464
0.786
1.654
0.484
0.484
0.508
0.504
0.476
0.471
0.536
0.617
1.003
0.73
0.703
0.64
0.902
0.831
0.694
0.585
0.706
1.082
1.062
0.899
2.079
1.062
1.142
0.872
0.482
0.481
0.59
0.508
0.486
0.482
0.548
0.565
1.01
0.704
0.619
0.666
1.349
0.792
0.774
0.629
0.798
0.823
0.845
0.731
0.88
0.918
1.144
0.533
0.524
0.538
0.579
0.531
0.535
0.765
0.639
0.505
0.597
0.526
0.477
0.481
0.495
0.563
0.892
0.568
0.502
0.899
1.26
1.331
1.518
1.674
0.785
0.688
0.534
0.559
0.585
0.538
0.544
0.783
0.639
0.503
0.609
0.534
0.481
0.483
0.495
0.57
0.904
0.576
0.513
0.792
1.29
0.939
1.401
1.777
0.784
0.687
0.528
0.533
0.554
0.533
0.499
0.671
0.634
0.502
0.596
0.523
0.482
0.485
0.496
0.508
0.771
0.515
0.521
0.778
1.605
1.006
1.416
2.335
0.779
0.64
0.484
0.49
0.502
0.508
0.479
0.664
0.634
0.488
0.591
0.522
0.482
0.488
0.491
0.505
0.773
0.516
0.521
1.141
1.714
1.021
1.225
1.998
0.696
0.64
0.478
0.49
0.506
0.516
0.487
0.669
0.664
0.495
0.58
0.522
0.48
0.472
0.473
0.505
0.776
0.518
0.524
1.149
1.714
1.52
1.25
2.077
0.758
0.898
0.49
0.481
0.59
0.508
0.49
0.483
0.548
0.568
0.997
0.708
0.595
0.642
1.187
1.33
1.379
0.847
1.776
1.453
0.977
0.81
1.035
1.185
1.6
0.621
0.477
0.469
0.579
0.5
0.49
0.483
0.54
0.568
0.997
0.708
0.595
0.616
1.187
1.33
1.379
0.847
1.776
1.453
0.977
0.714
0.835
1.077
1.6
0.642
0.482
0.493
0.512
0.516
0.487
0.64
0.661
0.538
0.527
0.553
0.591
0.7
0.507
0.568
0.532
0.468
0.601
1.224
1.535
1.466
1.432
1.88
0.653
0.482
0.47
0.471
0.507
0.511
0.481
0.597
0.647
0.537
0.507
0.543
0.59
0.7
0.506
0.56
0.52
0.458
0.576
1.191
1.53
1.427
1.432
1.603
0.567
0.425
0.421
0.422
0.455
0.451
0.432
0.499
0.533
0.488
0.464
0.493
0.539
0.648
0.455
0.503
0.474
0.412
0.517
1.056
1.072
1.237
1.232
0.834
0.442
0.373
0.379
0.371
0.392
0.389
0.377
0.425
0.449
0.438
0.418
0.441
0.479
0.596
0.403
0.445
0.419
0.366
0.466
0.556
0.769
1.098
1.083
0.66
0.393
0.319
0.324
0.316
0.34
0.324
0.311
0.329
0.332
0.38
0.367
0.391
0.418
0.539
0.354
0.389
0.36
0.318
0.412
0.433
0.622
0.455
0.908
0.411
0.276
0.497
0.375
0.375
0.414
0.406
0.439
0.354
0.378
0.426
0.546
0.481
0.423
0.356
0.464
1.053
1.058
0.613
1.464
1.077
0.548
0.549
0.666
0.845
1.287
0.265
0.257
0.284
0.312
0.304
0.329
0.232
0.234
0.258
0.261
0.258
0.257
0.236
0.238
0.287
0.289
0.26
0.248
0.254
0.265
0.284
0.328
0.336
0.322
0.26
0.275
0.259
0.273
0.274
0.25
0.253
0.247
0.233
0.251
0.255
0.235
0.249
0.266
0.271
0.267
0.268
0.251
0.233
0.288
0.292
0.304
0.315
0.276
0.267
0.276
0.252
0.274
0.276
0.249
0.255
0.242
0.227
0.26
0.255
0.224
0.249
0.266
0.268
0.264
0.268
0.251
0.238
0.29
0.286
0.293
0.341
0.283
0.259
0.273
0.255
0.272
0.277
0.249
0.249
0.245
0.236
0.252
0.248
0.235
0.251
0.26
0.271
0.27
0.268
0.25
0.24
0.29
0.286
0.293
0.333
0.283
0.269
0.267
0.246
0.283
0.281
0.238
0.25
0.252
0.233
0.244
0.255
0.241
0.24
0.255
0.282
0.27
0.257
0.254
0.251
0.288
0.276
0.294
0.345
0.276
0.259
0.272
0.247
0.27
0.285
0.247
0.239
0.251
0.244
0.24
0.244
0.253
0.246
0.244
0.284
0.281
0.25
0.248
0.262
0.285
0.271
0.294
0.343
0.28
0.272
0.253
0.269
0.289
0.279
0.264
0.252
0.233
0.258
0.264
0.245
0.247
0.251
0.24
0.287
0.289
0.255
0.239
0.267
0.275
0.284
0.34
0.337
0.3
0.284
0.253
0.27
0.292
0.268
0.244
0.27
0.239
0.24
0.257
0.245
0.24
0.251
0.246
0.282
0.289
0.512
0.632
0.739
0.705
0.536
0.754
0.655
0.598
0.26
0.267
0.254
0.275
0.279
0.252
0.246
0.242
0.247
0.247
0.235
0.249
0.257
0.241
0.278
0.281
0.25
0.246
0.262
0.285
0.27
0.3
0.342
0.276
0.309
0.319
0.315
0.325
0.335
0.313
0.337
0.345
0.364
0.291
0.289
0.306
0.303
0.293
0.337
0.331
0.296
0.315
0.421
0.45
0.706
0.758
0.674
0.377
0.371
0.375
0.37
0.393
0.397
0.369
0.444
0.44
0.422
0.358
0.36
0.364
0.367
0.363
0.397
0.396
0.365
0.421
0.849
0.688
0.933
0.966
0.835
0.485
0.423
0.431
0.429
0.448
0.456
0.427
0.521
0.513
0.475
0.413
0.408
0.414
0.414
0.417
0.445
0.449
0.418
0.469
0.908
0.86
1.1
1.416
1.289
0.606
0.482
0.481
0.486
0.509
0.51
0.482
0.6
0.605
0.561
0.546
0.541
0.53
0.536
0.77
0.663
0.626
0.529
0.532
1.044
0.989
1.213
1.577
1.501
0.676
0.385
0.388
0.369
0.404
0.389
0.351
0.372
0.382
0.354
0.973
0.542
0.546
0.448
0.502
0.556
0.486
0.646
0.747
1.969
1.18
0.89
1.123
0.988
0.775
0.478
0.494
0.479
0.51
0.506
0.48
0.474
0.526
0.517
2.13
0.971
1.321
0.805
1.066
0.78
0.632
0.646
0.8
1.969
1.629
1.029
2.316
0.988
0.925
0.484
0.484
0.493
0.515
0.514
0.488
0.601
0.637
0.567
0.552
0.546
0.535
0.539
0.772
0.664
0.628
0.532
0.562
1.066
1.275
1.68
1.619
1.509
0.757
0.487
0.488
0.493
0.517
0.515
0.488
0.604
0.654
0.518
0.555
0.55
0.542
0.546
0.779
0.67
0.633
0.537
0.555
1.165
1.34
1.371
1.755
1.743
0.763
0.49
0.494
0.494
0.517
0.514
0.489
0.597
0.663
0.518
0.548
0.541
0.534
0.539
0.769
0.903
0.674
0.593
0.526
0.849
1.527
1.567
1.767
1.815
0.754
0.487
0.491
0.491
0.515
0.512
0.487
0.597
0.663
0.518
0.548
0.541
0.534
0.539
0.769
0.903
0.676
0.597
0.526
0.912
1.542
2.207
1.672
1.709
0.705
0.487
0.49
0.485
0.515
0.512
0.485
0.599
0.661
0.483
0.464
0.465
0.466
0.467
0.468
0.739
0.548
0.536
0.52
0.967
1.57
2.258
1.763
1.697
0.696
0.493
0.499
0.481
0.512
0.513
0.482
0.48
0.54
0.53
2.13
1.094
1.321
0.805
1.066
0.78
0.632
0.496
0.526
1.763
1.629
1.029
2.388
1.079
0.793
0.612
0.481
0.482
0.51
0.514
0.481
0.482
0.546
0.608
1.672
1.094
1.142
0.717
0.922
0.607
0.537
0.471
0.524
0.633
1.589
1.068
2.388
1.188
1.012
0.485
0.489
0.48
0.512
0.51
0.481
0.626
0.624
0.542
0.534
0.525
0.527
0.53
0.689
0.911
0.703
0.571
0.545
1.026
2.035
1.902
2.182
1.981
0.694
0.515
0.485
0.479
0.509
0.511
0.48
0.601
0.572
0.534
0.626
0.591
0.599
0.56
0.683
0.906
0.699
0.567
0.608
1.272
2.137
1.963
1.855
2.027
1.006
0.509
0.474
0.474
0.504
0.507
0.474
0.598
0.647
0.523
0.624
0.589
0.597
0.556
0.681
0.662
0.645
0.5
0.623
1.341
1.958
1.895
2.261
1.995
0.96
0.506
0.473
0.473
0.503
0.505
0.474
0.605
0.643
0.523
0.623
0.587
0.595
0.556
0.68
0.66
0.641
0.495
0.623
1.341
1.958
1.268
2.168
1.779
0.979
0.517
0.47
0.471
0.498
0.5
0.47
0.594
0.632
0.602
0.95
0.716
0.723
0.636
0.76
0.75
0.715
0.565
0.656
1.288
1.864
1.311
2.153
1.773
1.035
0.727
0.54
0.559
0.524
0.514
0.481
0.482
0.546
0.653
0.77
1.207
0.736
0.668
0.891
1.704
0.512
1.012
0.591
1.777
1.123
1.035
1.305
1.194
1.064
0.727
0.54
0.559
0.524
0.505
0.473
0.475
0.541
0.697
1.144
1.74
0.736
0.669
1.32
1.796
0.579
1.331
0.673
1.98
1.123
1.076
1.35
1.195
1.064
0.528
0.48
0.481
0.5
0.501
0.476
0.598
0.667
0.552
0.874
0.652
0.658
0.568
0.535
0.573
0.557
0.526
0.601
1.233
1.069
1.151
1.748
1.513
1.071
0.499
0.483
0.481
0.501
0.498
0.476
0.621
0.742
0.562
0.781
0.583
0.582
0.533
0.536
0.575
0.557
0.527
0.534
0.983
0.867
1.066
1.765
1.264
0.775
0.5
0.483
0.481
0.503
0.497
0.476
0.604
0.725
0.583
0.811
0.585
0.583
0.534
0.537
0.579
0.558
0.528
0.494
0.898
0.855
0.892
1.686
1.502
0.82
0.5
0.487
0.485
0.509
0.5
0.48
0.612
0.725
0.583
0.814
0.588
0.586
0.539
0.541
0.627
0.817
0.589
0.572
0.971
0.999
0.976
1.71
1.502
0.82
0.491
0.487
0.485
0.509
0.5
0.48
0.63
0.76
0.502
0.486
0.459
0.457
0.455
0.46
0.537
0.742
0.518
0.552
0.96
1.109
1.194
1.853
1.467
0.773
0.614
0.533
0.551
0.517
0.497
0.465
0.469
0.534
0.676
1.144
1.74
0.732
0.673
1.474
1.834
0.601
1.331
0.788
2.133
0.945
1.064
2.141
1.187
1.044
0.486
0.467
0.468
0.5
0.493
0.463
0.465
0.524
0.653
1.085
1.803
1.394
0.99
1.887
0.855
0.669
0.907
0.746
1.028
0.781
1.037
2.141
1.187
0.982
0.478
0.476
0.472
0.506
0.497
0.471
0.617
0.731
0.528
0.489
0.482
0.509
0.481
0.46
0.538
0.744
0.518
0.566
1.261
1.53
1.329
1.853
1.448
0.714
0.49
0.48
0.478
0.512
0.501
0.476
0.621
0.687
0.518
0.489
0.483
0.509
0.484
0.462
0.539
1.022
0.575
0.607
1.248
1.562
1.551
2.006
1.466
0.644
0.492
0.482
0.481
0.513
0.502
0.476
0.63
0.68
0.498
0.459
0.481
0.508
0.483
0.461
0.537
1.019
0.572
0.607
1.299
1.56
1.599
1.688
1.208
0.568
0.495
0.488
0.482
0.515
0.505
0.481
0.635
0.682
0.499
0.462
0.483
0.511
0.485
0.463
0.497
0.766
0.518
0.534
1.204
1.6
2.012
1.771
1.299
0.608
0.504
0.496
0.491
0.544
0.514
0.524
0.762
0.672
0.503
0.466
0.484
0.511
0.485
0.465
0.499
1.029
0.571
0.541
1.204
1.676
1.801
1.711
1.42
0.675
0.712
0.534
0.485
0.516
0.506
0.477
0.479
0.54
0.555
0.653
1.33
1.505
1.065
1.887
1.504
0.906
1.475
1.511
1.011
0.951
0.909
2.836
1.696
0.822
0.712
0.543
0.493
0.522
0.51
0.481
0.483
0.591
0.598
0.653
1.33
1.505
1.065
1.604
1.504
0.93
1.475
1.569
1.717
1.29
1.531
2.299
1.624
0.897
0.504
0.496
0.491
0.544
0.514
0.524
0.781
0.672
0.519
0.562
0.518
0.532
0.517
0.485
0.499
1.029
0.572
0.533
0.952
1.352
2.144
1.711
1.378
0.598
0.493
0.498
0.488
0.537
0.51
0.519
0.777
0.806
0.522
0.559
0.516
0.531
0.515
0.483
0.495
0.748
0.513
0.513
0.947
1.446
1.99
1.567
1.189
0.597
0.495
0.501
0.484
0.535
0.509
0.517
0.774
0.758
0.525
0.557
0.514
0.529
0.512
0.481
0.492
0.748
0.513
0.523
0.953
1.625
2.28
1.596
1.189
0.596
0.492
0.493
0.48
0.528
0.504
0.511
0.762
0.788
0.525
0.549
0.506
0.523
0.506
0.475
0.484
0.742
0.507
0.523
0.906
1.586
1.802
1.506
1.044
0.669
0.491
0.485
0.471
0.498
0.496
0.467
0.613
0.791
0.518
0.543
0.502
0.52
0.502
0.469
0.478
0.479
0.454
0.523
0.97
1.425
1.798
1.483
1.013
0.728
0.761
0.578
0.525
0.543
0.535
0.508
0.508
0.603
0.668
1.05
1.45
0.779
0.722
1.06
1.449
0.977
1.471
1.569
2.28
1.839
1.945
2.806
1.69
0.803
0.521
0.52
0.515
0.534
0.526
0.499
0.5
0.603
0.668
0.948
1.081
0.637
0.637
1.06
0.693
0.805
0.685
0.824
2.28
1.839
1.945
2.31
1.119
0.803
0.5
0.484
0.469
0.492
0.492
0.464
0.57
0.791
0.503
0.592
0.956
0.444
0.443
0.445
0.473
0.476
0.45
0.515
0.877
1.245
1.217
1.267
0.914
0.728
0.493
0.471
0.466
0.491
0.485
0.459
0.572
0.7
0.494
0.59
0.96
0.445
0.436
0.44
0.477
0.725
0.49
0.523
0.756
1.137
1.69
1.597
0.872
0.721
0.482
0.459
0.468
0.495
0.482
0.452
0.595
0.703
0.485
0.588
0.957
0.439
0.432
0.443
0.479
0.72
0.484
0.511
0.704
0.926
1.479
1.588
0.97
0.735
0.483
0.461
0.466
0.494
0.485
0.457
0.603
0.72
0.494
0.583
0.958
0.441
0.434
0.442
0.474
0.714
0.482
0.515
0.699
0.951
1.743
2.162
1.258
0.622
0.477
0.466
0.478
0.513
0.489
0.51
0.718
0.732
0.784
0.744
1.084
0.495
0.514
0.536
0.565
0.767
0.499
0.502
0.633
0.872
1.594
2.078
1.295
0.521
0.418
0.407
0.407
0.425
0.423
0.388
0.39
0.423
0.463
0.843
0.974
0.542
0.543
0.649
0.553
0.57
0.487
0.457
1.101
1.245
1.772
2.338
1.25
0.662
0.44
0.454
0.387
0.412
0.407
0.359
0.361
0.398
0.452
0.589
0.54
0.585
0.424
0.358
0.889
0.499
0.467
0.478
0.651
1.649
1.618
1.727
1.255
0.838
0.46
0.462
0.483
0.517
0.491
0.505
0.732
0.798
0.737
0.59
0.571
0.5
0.516
0.536
0.565
0.768
0.505
0.52
0.728
1.106
2.258
2.1
1.356
0.663
0.465
0.475
0.49
0.521
0.496
0.509
0.736
0.965
1.359
0.664
0.638
0.562
0.585
0.606
0.626
0.588
0.535
0.559
0.822
1.236
2.157
1.767
1.355
0.671
0.473
0.481
0.483
0.512
0.496
0.517
0.754
0.972
1.366
0.663
0.638
0.562
0.586
0.604
0.627
0.593
0.537
0.559
0.748
1.127
1.992
1.816
1.396
0.676
0.474
0.475
0.483
0.513
0.495
0.514
0.754
0.968
1.366
0.663
0.64
0.564
0.586
0.6
0.627
0.594
0.54
0.558
1.065
1.156
2.125
1.813
1.344
0.7
0.472
0.471
0.478
0.503
0.493
0.463
0.675
1.0
1.09
0.506
0.519
0.508
0.504
0.504
0.538
0.817
0.575
0.608
1.207
1.306
2.384
1.813
1.296
0.692
0.73
0.564
0.492
0.508
0.5
0.461
0.475
0.537
0.579
0.899
0.843
1.862
0.702
0.635
1.337
0.734
0.593
0.915
1.779
3.477
1.772
1.727
1.475
0.973
0.73
0.564
0.492
0.508
0.504
0.476
0.479
0.537
0.635
1.1
0.843
1.862
1.262
0.72
1.337
0.734
0.625
0.915
2.346
3.477
1.522
1.495
1.414
1.158
0.474
0.474
0.473
0.505
0.5
0.469
0.686
0.948
1.09
0.508
0.516
0.512
0.512
0.514
0.54
0.818
0.575
0.596
1.231
1.31
2.382
1.844
1.29
0.657
0.471
0.465
0.466
0.503
0.494
0.469
0.694
0.827
0.485
0.439
0.44
0.444
0.443
0.445
0.475
0.75
0.504
0.542
1.294
1.231
2.151
1.823
1.301
0.657
0.466
0.461
0.468
0.51
0.503
0.468
0.7
1.006
0.496
0.448
0.448
0.446
0.444
0.451
0.48
0.76
0.705
0.61
1.294
1.355
2.337
2.017
1.291
0.633
0.465
0.466
0.472
0.51
0.497
0.462
0.7
1.006
0.491
0.448
0.441
0.444
0.445
0.453
0.48
0.76
0.699
0.61
1.074
1.411
2.205
1.78
1.183
0.688
0.469
0.461
0.469
0.518
0.505
0.518
0.832
1.005
0.48
0.561
0.519
0.61
0.528
0.523
0.584
0.577
0.724
0.615
1.017
1.426
2.637
1.785
1.208
0.734
0.976
0.488
0.469
0.498
0.527
0.467
0.479
0.531
0.57
1.138
0.989
1.949
1.262
0.736
0.895
0.722
0.701
1.649
2.346
2.722
2.015
2.12
1.368
1.043
0.795
0.483
0.456
0.494
0.527
0.478
0.463
0.513
0.579
1.138
0.962
1.083
1.241
0.767
0.677
0.794
0.829
1.444
1.989
2.265
2.625
2.486
1.097
1.079
0.468
0.46
0.469
0.512
0.498
0.515
0.845
1.008
0.483
0.564
0.521
0.603
0.519
0.517
0.589
0.578
0.721
0.614
0.921
2.053
2.309
1.809
1.189
0.76
0.47
0.458
0.459
0.51
0.504
0.519
0.84
1.02
0.478
0.559
0.52
0.608
0.523
0.515
0.581
0.571
0.724
0.606
0.768
1.989
2.345
1.86
1.144
0.76
0.47
0.455
0.46
0.508
0.499
0.513
0.831
0.979
0.509
0.556
0.514
0.604
0.52
0.511
0.577
0.56
0.519
0.543
0.699
2.191
2.243
1.599
1.176
0.776
0.469
0.459
0.47
0.519
0.502
0.527
0.838
1.03
0.546
0.564
0.524
0.615
0.528
0.514
0.585
0.627
0.696
0.625
1.001
2.583
2.55
1.582
1.101
0.691
0.47
0.456
0.462
0.507
0.5
0.467
0.704
1.098
0.583
0.504
0.459
0.45
0.469
0.536
0.507
0.577
0.616
0.572
1.124
2.719
2.158
1.582
1.025
0.627
0.794
0.483
0.45
0.49
0.536
0.475
0.448
0.51
0.516
1.043
0.985
1.083
0.695
0.769
0.773
0.794
0.829
1.497
1.598
2.845
2.776
3.126
1.247
0.865
0.478
0.461
0.44
0.477
0.508
0.475
0.443
0.529
0.621
1.852
1.358
0.908
0.755
1.152
0.823
0.825
0.997
1.022
1.775
3.169
2.776
2.769
1.242
0.865
0.466
0.455
0.468
0.511
0.503
0.461
0.68
1.222
0.715
0.645
0.541
0.52
0.587
0.597
0.533
0.641
0.638
0.622
1.124
2.024
2.107
1.466
1.084
0.652
0.461
0.456
0.477
0.511
0.501
0.456
0.735
1.333
0.715
0.645
0.541
0.514
0.59
0.597
0.533
0.641
0.638
0.63
1.337
2.199
2.529
1.669
1.134
0.652
0.464
0.456
0.473
0.512
0.505
0.456
0.809
1.415
0.68
0.641
0.539
0.515
0.591
0.6
0.525
0.636
0.638
0.63
1.432
2.114
2.706
1.775
1.114
0.652
0.476
0.456
0.462
0.504
0.502
0.456
0.938
1.453
0.666
0.636
0.532
0.502
0.587
0.601
0.519
0.736
0.531
0.596
1.163
1.809
2.651
1.915
1.103
0.649
0.467
0.456
0.464
0.505
0.499
0.453
0.997
1.549
0.637
0.583
0.518
0.502
0.569
0.512
0.489
0.694
0.532
0.59
1.21
1.724
2.581
1.915
1.083
0.643
0.475
0.469
0.452
0.477
0.508
0.487
0.452
0.666
0.744
1.852
2.377
1.08
0.758
1.072
0.835
0.7
0.81
1.022
1.648
2.989
2.183
2.59
1.267
0.791
0.466
0.472
0.481
0.49
0.491
0.483
0.472
0.753
0.967
1.965
2.377
1.08
0.758
1.451
0.829
0.75
0.994
2.157
1.81
3.371
2.136
1.467
1.147
0.877
0.469
0.465
0.46
0.501
0.499
0.454
0.997
1.591
0.506
0.436
0.441
0.439
0.453
0.449
0.457
0.637
0.519
0.544
1.514
1.742
3.009
1.896
0.972
0.598
0.472
0.474
0.46
0.499
0.499
0.455
0.995
1.601
0.502
0.435
0.441
0.439
0.446
0.442
0.463
0.643
0.519
0.547
1.51
1.718
2.664
1.646
0.956
0.598
0.474
0.478
0.467
0.51
0.502
0.522
1.073
1.595
0.509
0.438
0.441
0.439
0.438
0.44
0.471
0.644
0.519
0.547
1.517
1.786
2.518
1.533
0.973
0.593
0.465
0.472
0.462
0.51
0.498
0.517
0.972
1.693
0.878
0.437
0.442
0.441
0.436
0.44
0.472
0.484
0.664
0.559
1.517
1.79
2.338
1.412
1.147
0.599
0.469
0.474
0.459
0.505
0.495
0.525
1.003
1.738
0.884
0.43
0.435
0.439
0.438
0.447
0.475
0.481
0.66
0.553
1.515
1.942
2.338
1.554
1.172
0.597
0.464
0.477
0.481
0.486
0.474
0.475
0.478
0.753
1.01
1.097
1.796
1.033
0.7
1.073
0.833
0.723
0.686
2.035
2.35
2.711
2.54
2.607
1.201
0.835
0.477
0.463
0.476
0.486
0.49
0.461
0.478
0.703
1.075
1.17
0.814
0.584
0.54
1.048
0.803
0.723
0.686
2.035
2.35
2.651
2.54
2.304
1.201
0.742
0.469
0.465
0.468
0.507
0.497
0.525
1.011
1.939
1.357
0.437
0.433
0.439
0.438
0.449
0.475
0.476
0.661
0.545
1.285
2.168
1.907
1.56
1.199
0.578
0.478
0.458
0.464
0.51
0.503
0.525
1.004
2.025
1.367
0.443
0.441
0.438
0.438
0.45
0.476
0.475
0.653
0.531
1.272
2.201
1.929
1.554
1.188
0.572
0.476
0.466
0.468
0.497
0.493
0.461
0.883
2.025
1.41
0.441
0.441
0.441
0.445
0.452
0.468
0.469
0.655
0.531
1.295
2.261
1.847
1.619
1.208
0.589
0.476
0.465
0.466
0.495
0.5
0.461
0.881
1.972
1.608
0.441
0.443
0.444
0.441
0.445
0.47
0.605
0.538
0.551
1.485
2.463
1.801
1.59
1.279
0.654
0.491
0.475
0.49
0.533
0.517
0.511
0.972
2.054
1.657
0.447
0.443
0.444
0.44
0.445
0.469
0.603
0.538
0.584
1.758
2.677
2.039
1.528
1.273
0.676
0.477
0.457
0.446
0.476
0.49
0.461
0.469
0.677
0.928
0.967
0.814
0.489
0.481
0.487
0.592
0.536
1.278
1.87
3.126
1.827
1.979
2.473
1.263
1.654
0.642
0.476
0.473
0.502
0.516
0.484
0.472
0.69
1.116
0.822
0.673
0.466
0.421
0.567
1.587
1.459
2.581
2.822
2.558
2.058
1.824
1.627
2.498
2.652
0.511
0.498
0.503
0.537
0.523
0.533
0.996
1.975
1.198
0.567
0.486
0.782
0.682
0.606
0.534
0.694
0.628
0.632
1.8
2.495
2.037
1.695
1.722
0.719
0.507
0.501
0.503
0.53
0.516
0.536
1.013
2.029
1.238
0.565
0.483
0.784
0.682
0.604
0.529
0.922
0.698
0.696
1.924
2.489
1.956
1.774
1.908
0.719
0.507
0.5
0.501
0.525
0.515
0.536
1.041
2.084
1.206
0.565
0.481
0.784
0.679
0.601
0.529
0.921
0.692
0.696
1.924
2.583
2.229
2.263
1.962
0.758
0.503
0.5
0.501
0.525
0.507
0.535
1.041
2.084
0.638
0.561
0.481
0.778
0.674
0.601
0.523
0.78
0.596
0.631
1.858
2.875
2.389
2.333
1.892
0.702
0.488
0.492
0.485
0.491
0.488
0.479
0.947
2.004
0.653
0.552
0.481
0.78
0.681
0.595
0.516
0.78
0.603
0.606
1.774
3.076
2.297
2.991
1.973
0.832
0.75
0.487
0.494
0.517
0.514
0.473
0.465
0.702
1.044
0.703
0.535
0.76
0.708
0.824
1.965
1.68
2.581
2.822
2.558
2.326
2.041
1.627
2.583
3.062
0.75
0.487
0.494
0.517
0.514
0.473
0.465
0.98
1.044
0.703
0.535
0.76
0.708
0.824
1.965
1.68
1.925
1.812
1.699
2.326
2.041
1.594
2.583
2.917
0.475
0.473
0.474
0.487
0.475
0.461
0.969
1.915
1.092
0.569
0.43
0.437
0.444
0.438
0.449
0.683
0.501
0.56
1.755
3.076
2.297
2.911
1.594
0.807
0.465
0.463
0.47
0.484
0.472
0.454
0.933
1.72
1.05
0.56
0.423
0.434
0.443
0.433
0.445
0.446
0.43
0.487
1.395
2.707
2.063
2.575
1.266
0.807
0.402
0.396
0.402
0.424
0.412
0.393
0.754
1.292
0.957
0.505
0.37
0.376
0.382
0.371
0.388
0.388
0.373
0.398
1.142
2.128
1.427
1.754
0.989
0.684
0.339
0.332
0.34
0.363
0.349
0.326
0.614
0.998
0.874
0.451
0.308
0.312
0.323
0.315
0.337
0.333
0.313
0.33
1.007
1.679
1.194
1.576
0.736
0.663
0.337
0.33
0.329
0.354
0.351
0.328
0.472
0.818
0.845
0.452
0.309
0.307
0.313
0.315
0.349
0.73
0.367
0.354
0.79
1.288
1.236
0.874
0.576
0.563
0.487
0.364
0.393
0.402
0.384
0.347
0.358
0.974
0.705
0.496
0.412
0.576
0.566
0.526
0.675
0.522
0.466
0.471
0.756
1.301
1.089
0.862
0.871
1.793
0.405
0.353
0.395
0.391
0.374
0.351
0.371
0.996
0.818
0.421
1.174
0.436
0.416
0.486
0.487
0.451
0.609
0.563
0.904
0.803
0.59
0.551
1.219
1.049
0.627
0.321
0.313
0.348
0.356
0.321
0.467
0.605
0.491
0.552
0.471
0.633
0.673
0.382
0.515
0.857
0.459
0.419
1.045
1.722
1.564
1.396
0.717
0.58
0.333
0.382
0.374
0.397
0.416
0.391
0.53
0.808
0.667
1.015
0.767
0.697
0.738
0.442
0.566
0.93
0.766
0.53
1.209
2.139
1.879
1.746
1.001
0.792
0.396
0.446
0.432
0.45
0.484
0.463
0.587
1.049
0.956
1.093
0.825
0.754
0.789
0.495
0.609
0.986
0.831
0.589
1.209
2.569
2.039
1.889
1.253
0.936
0.451
0.45
0.442
0.461
0.486
0.471
0.587
1.102
1.006
1.114
0.825
0.754
0.791
0.503
0.617
0.986
0.831
0.589
1.137
2.581
2.23
2.343
1.411
0.988
0.457
0.462
0.451
0.458
0.486
0.485
0.596
1.108
1.1
1.12
0.833
0.765
0.801
0.503
0.602
0.603
0.997
0.6
0.988
2.496
2.181
2.547
1.558
1.08
0.532
0.424
0.469
0.486
0.469
0.445
0.449
0.786
1.092
0.784
1.43
0.614
0.524
0.659
0.784
1.813
0.857
2.627
2.662
1.706
1.218
1.021
1.666
1.277
0.627
0.47
0.493
0.486
0.511
0.487
0.456
0.786
1.092
1.144
2.157
1.355
0.64
0.722
0.945
1.983
1.103
2.921
2.997
2.278
1.795
1.531
1.7
1.472
0.705
0.462
0.461
0.455
0.482
0.485
0.452
1.145
1.298
0.895
0.671
0.441
0.437
0.439
0.436
0.487
1.119
0.661
0.989
2.412
2.881
2.354
1.558
1.157
0.594
0.469
0.469
0.464
0.514
0.495
0.496
1.3
1.504
0.54
0.441
0.444
0.439
0.439
0.44
0.476
1.046
0.678
1.015
2.463
3.136
2.616
1.665
1.198
0.604
0.474
0.475
0.466
0.517
0.491
0.505
1.307
1.64
0.566
0.439
0.445
0.449
0.447
0.441
0.476
1.041
0.683
1.12
2.09
3.176
2.743
1.838
1.23
0.613
0.48
0.475
0.459
0.516
0.496
0.512
1.307
1.64
0.587
0.439
0.445
0.454
0.448
0.438
0.476
1.041
0.683
1.164
2.29
3.435
2.318
1.907
1.263
0.613
0.482
0.47
0.46
0.516
0.494
0.508
1.312
1.692
0.595
0.439
0.435
0.448
0.455
0.446
0.464
1.051
0.672
1.164
2.29
3.493
2.102
1.843
1.241
0.565
0.477
0.495
0.486
0.521
0.508
0.443
0.656
0.924
1.144
1.431
1.631
1.776
0.678
0.945
2.16
1.015
2.921
3.483
3.018
1.795
2.072
1.32
1.131
0.702
0.495
0.495
0.475
0.521
0.508
0.465
0.46
0.749
2.266
1.422
1.631
1.776
0.678
0.902
1.197
1.015
1.416
2.774
3.427
2.52
2.072
1.32
1.131
0.794
0.486
0.471
0.457
0.512
0.496
0.511
1.3
1.626
0.598
0.574
0.566
0.51
0.518
0.578
0.537
0.939
0.614
1.077
2.388
2.876
2.168
2.369
1.207
0.604
0.488
0.47
0.455
0.473
0.483
0.47
1.165
1.625
0.597
0.566
0.558
0.51
0.518
0.575
0.528
0.768
0.552
1.089
2.717
2.669
1.893
2.378
1.163
0.599
0.485
0.461
0.452
0.459
0.479
0.467
1.144
1.452
0.583
0.563
0.555
0.503
0.514
0.578
0.517
0.761
0.542
1.037
2.771
2.7
2.303
2.338
1.133
0.595
0.485
0.467
0.452
0.451
0.47
0.466
1.141
1.583
0.612
0.565
0.556
0.504
0.514
0.579
0.509
0.755
0.545
0.976
2.487
2.444
2.368
2.271
1.162
0.615
0.482
0.473
0.458
0.445
0.459
0.468
1.142
1.62
0.607
0.556
0.561
0.508
0.511
0.567
0.507
0.523
0.509
1.078
2.641
2.356
2.48
2.842
1.133
0.591
1.675
0.485
0.476
0.473
0.492
0.465
0.464
0.755
2.012
0.995
1.106
1.774
0.583
0.602
1.132
0.743
1.266
3.023
3.427
2.609
1.961
2.608
1.212
0.794
1.675
0.471
0.466
0.461
0.463
0.464
0.463
0.755
2.181
2.074
0.992
0.849
0.74
0.73
1.042
1.026
1.595
2.874
4.656
2.661
1.586
2.475
1.088
0.863
0.472
0.475
0.462
0.443
0.449
0.462
1.168
1.699
0.605
0.42
0.436
0.451
0.441
0.427
0.423
0.433
0.436
1.123
2.545
2.278
2.409
2.367
1.151
0.686
0.465
0.472
0.467
0.441
0.459
0.462
1.172
1.655
0.62
0.417
0.439
0.446
0.433
0.432
0.43
0.431
0.428
1.102
2.293
2.406
2.441
2.26
1.149
0.677
0.46
0.48
0.469
0.45
0.464
0.453
1.208
1.656
0.644
0.42
0.451
0.446
0.429
0.437
0.431
0.438
0.437
1.147
2.113
2.479
1.981
2.154
1.331
0.691
0.452
0.479
0.481
0.448
0.465
0.457
1.208
1.606
1.213
0.427
0.453
0.444
0.42
0.442
0.431
0.435
0.44
1.15
2.375
2.712
1.989
2.219
1.255
0.68
0.452
0.482
0.476
0.449
0.476
0.452
1.198
1.564
1.244
0.427
0.459
0.44
0.419
0.456
0.434
0.431
0.444
1.289
2.289
2.99
1.86
1.586
1.32
0.735
1.674
0.468
0.466
0.461
0.45
0.461
0.466
0.743
1.122
2.074
0.992
0.849
0.797
1.009
0.974
0.996
1.595
2.874
5.006
2.543
1.79
3.796
1.262
0.848
0.597
0.483
0.452
0.481
0.448
0.461
0.484
0.732
1.431
1.832
0.909
0.848
0.797
1.009
0.974
1.28
1.749
2.758
5.006
2.543
1.766
2.475
1.082
0.909
0.452
0.484
0.469
0.452
0.48
0.452
1.158
1.496
1.244
0.428
0.46
0.434
0.422
0.456
0.428
0.423
0.446
1.163
2.289
3.056
1.86
2.232
1.384
0.782
0.462
0.495
0.478
0.496
0.49
0.557
1.255
1.593
1.256
0.438
0.474
0.439
0.435
0.469
0.428
0.44
0.457
1.313
2.205
3.056
2.482
2.249
1.384
0.782
0.479
0.494
0.504
0.499
0.499
0.576
1.288
1.582
1.225
0.448
0.482
0.446
0.443
0.481
0.44
0.463
0.619
1.294
2.229
3.1
2.42
2.257
1.272
0.782
0.502
0.494
0.507
0.521
0.502
0.589
1.358
1.794
1.245
0.514
0.509
0.45
0.576
0.511
0.516
0.593
0.738
1.444
1.861
2.842
2.448
2.175
1.34
0.777
0.51
0.494
0.515
0.521
0.508
0.586
1.357
1.794
1.456
0.601
0.519
0.451
0.596
0.643
0.664
1.092
1.17
1.54
1.967
2.702
3.08
2.182
1.267
0.735
0.768
0.489
0.457
0.482
0.479
0.466
0.481
0.738
1.35
1.122
0.974
0.6
1.402
2.125
1.725
1.55
1.354
2.153
3.273
2.253
1.804
2.565
1.225
0.901
0.768
0.489
0.457
0.483
0.467
0.457
0.481
0.738
1.463
1.576
2.029
0.608
1.35
1.831
1.583
1.55
1.518
2.452
2.469
2.589
1.802
1.454
1.182
0.963
0.51
0.481
0.515
0.525
0.508
0.589
1.393
1.688
1.494
0.768
0.633
0.605
1.099
0.818
0.83
1.259
1.539
1.81
2.049
2.609
3.08
1.531
1.239
0.589
0.5
0.46
0.502
0.484
0.487
0.488
1.311
1.437
1.494
0.9
0.639
0.771
1.199
0.835
0.937
1.414
1.632
1.754
2.363
2.583
2.387
1.664
1.472
0.704
0.493
0.448
0.489
0.497
0.477
0.563
1.426
1.408
1.695
1.68
0.76
0.86
1.247
0.929
0.96
1.414
1.593
1.754
2.567
2.434
2.341
1.6
1.431
0.773
0.475
0.437
0.485
0.478
0.464
0.546
1.412
1.183
1.188
1.736
0.8
0.924
1.192
1.293
1.051
1.389
1.595
1.654
2.571
2.434
2.446
2.295
1.366
0.758
0.476
0.441
0.474
0.49
0.444
0.546
1.412
1.309
1.082
1.806
0.894
0.984
1.251
1.237
1.079
0.976
1.286
1.475
2.371
2.388
1.903
2.353
1.366
0.764
0.788
0.493
0.462
0.477
0.484
0.457
0.468
0.915
1.111
1.576
2.029
1.122
1.801
2.116
1.793
1.355
1.56
2.052
2.631
3.359
1.802
1.454
1.182
0.887
0.662
0.522
0.467
0.455
0.458
0.461
0.444
0.902
1.463
1.349
2.047
1.741
1.042
0.799
0.688
0.691
1.959
2.65
2.535
3.359
2.355
2.069
1.199
1.084
0.476
0.463
0.48
0.486
0.462
0.547
1.402
1.396
1.84
1.773
0.787
0.9
0.807
1.084
1.006
0.817
0.97
1.404
2.594
2.225
1.903
2.361
1.375
0.835
0.481
0.463
0.484
0.487
0.462
0.551
1.41
1.499
1.84
1.699
0.785
0.738
0.698
1.055
0.896
0.639
0.789
1.345
2.232
2.125
1.898
2.341
1.26
0.723
0.471
0.461
0.478
0.465
0.455
0.469
1.284
1.565
1.666
0.843
0.644
0.651
0.629
0.922
0.806
0.615
0.658
1.343
2.084
2.142
2.526
2.376
1.281
0.659
0.469
0.466
0.472
0.465
0.467
0.466
1.284
1.63
1.598
0.701
0.578
0.576
0.557
0.522
0.616
0.843
0.585
1.306
2.049
2.134
2.275
1.741
1.32
0.665
0.464
0.462
0.478
0.451
0.475
0.467
1.265
1.62
2.113
0.489
0.463
0.442
0.427
0.442
0.437
0.753
0.552
1.2
2.193
2.213
2.324
1.855
1.478
0.703
0.878
0.522
0.467
0.452
0.458
0.462
0.436
0.883
2.047
2.106
1.369
1.741
1.116
1.544
0.784
0.691
1.959
2.041
3.421
3.433
2.603
2.585
2.106
1.13
0.935
0.645
0.584
0.603
0.571
0.498
0.458
0.683
2.567
2.642
1.581
1.482
0.757
1.343
0.583
0.541
1.395
1.826
3.226
3.267
2.603
2.585
2.156
1.242
0.472
0.439
0.48
0.449
0.459
0.503
1.265
1.719
1.812
0.7
0.591
0.516
0.469
0.483
0.521
1.088
1.194
1.165
1.939
2.213
2.327
1.855
1.52
0.702
0.47
0.443
0.484
0.45
0.459
0.499
1.254
1.681
1.848
0.705
0.59
0.506
0.468
0.491
0.514
1.09
1.189
1.339
2.031
2.268
2.453
2.22
1.827
0.777
0.468
0.444
0.494
0.473
0.466
0.667
1.347
1.726
1.848
0.701
0.589
0.501
0.471
0.491
0.608
1.267
1.646
1.701
2.127
2.31
2.026
2.209
1.827
0.87
0.476
0.436
0.494
0.483
0.454
0.666
1.371
1.83
1.987
0.702
0.587
0.503
0.464
0.488
0.742
1.199
1.646
1.775
2.29
2.387
2.429
2.544
1.819
0.919
0.496
0.45
0.484
0.483
0.453
0.667
1.35
1.83
1.635
0.834
0.714
0.637
0.508
0.532
0.903
1.375
1.894
1.909
2.185
2.398
2.388
2.489
1.718
1.036
0.938
0.629
0.568
0.603
0.56
0.496
0.482
0.858
2.567
2.642
1.938
1.53
0.744
1.392
0.815
0.555
1.118
1.535
2.997
3.267
2.301
2.186
2.156
1.176
1.007
0.629
0.58
0.601
0.566
0.734
0.801
1.152
1.85
1.749
1.917
1.715
0.921
1.181
0.809
0.678
1.183
1.527
1.532
1.945
1.954
1.565
1.233
1.176
0.561
0.454
0.483
0.488
0.45
0.629
1.509
1.685
1.281
1.232
1.269
0.597
0.465
0.551
0.865
1.08
1.372
1.817
2.185
2.398
2.388
2.461
1.645
1.11
0.563
0.45
0.467
0.482
0.449
0.62
1.471
1.573
1.229
1.235
1.267
0.597
0.465
0.539
0.865
1.08
1.372
1.658
1.753
2.051
2.027
1.788
1.121
1.11
0.563
0.394
0.391
0.403
0.38
0.382
1.102
1.162
1.099
1.236
1.216
0.541
0.406
0.491
0.704
0.861
0.88
1.117
1.23
1.474
1.467
1.495
0.889
0.935
0.559
0.342
0.333
0.334
0.319
0.326
0.81
0.692
0.819
1.238
1.159
0.484
0.347
0.43
0.518
0.552
0.777
0.855
0.717
0.987
0.76
0.775
0.628
0.781
0.547
0.267
0.275
0.28
0.257
0.258
0.593
0.476
0.432
1.112
0.974
0.3
0.251
0.315
0.296
0.333
0.487
0.462
0.328
0.339
0.333
0.352
0.314
0.513
