0.0
0.0
0.0
0.0
0.0
0.0
0.0
0.0
0.0
0.0
0.0
0.0
0.0
0.0
0.0
0.0
0.0
0.0
0.0
0.0
0.0
0.0
0.0
0.0
0.0
0.0
0.0
0.0
0.0
0.0
0.0
0.0
0.0
0.0
0.0
0.0
0.0
0.0
0.0
0.0
0.0
0.0
0.0
0.0
0.0
0.0
0.0
0.0
0.0
0.0
0.0
0.0
0.0
0.0
0.0
0.0
0.0
0.0
0.0
0.0
0.0
0.0
0.0
0.0
0.0
0.0
0.0
0.0
0.0
0.0
0.0
0.0
0.0
0.0
0.0
0.0
0.0
0.0
0.0
0.0
0.0
0.0
0.0
0.0
0.0
0.0
0.0
0.0
0.0
0.0
0.0
0.0
0.0
0.0
0.0
0.0
0.0
0.0
0.0
0.0
0.0
0.0
0.0
0.0
0.0
0.0
0.0
0.0
0.0
0.0
0.0
0.0
0.0
0.0
0.0
0.0
0.0
0.0
0.0
0.0
0.0
0.0
0.0
0.0
0.0
0.0
0.0
0.0
0.0
0.0
0.0
0.0
0.0
0.0
0.0
0.0
0.0
0.0
0.0
0.0
0.0
0.0
0.0
0.0
0.0
0.0
0.0
0.0
0.0
0.0
0.0
0.0
0.0
0.0
0.0
0.0
0.0
0.0
0.0
0.0
0.0
0.0
0.0
0.0
0.0
0.0
0.0
0.0
0.0
0.0
0.0
0.0
0.0
0.0
0.0
0.0
0.0
0.0
0.0
0.0
0.0
0.0
0.0
0.0
0.0
0.0
0.0
0.0
0.0
0.0
0.0
0.0
0.0
0.0
0.0
0.0
0.0
0.0
0.0
0.0
0.0
0.0
0.0
0.0
0.0
0.0
0.0
0.0
0.0
0.0
0.0
0.0
0.0
0.0
0.0
0.0
0.0
0.0
0.0
0.0
0.0
0.0
0.0
0.0
0.0
0.0
0.0
0.0
0.0
0.0
0.0
0.0
0.0
0.0
0.0
0.0
0.0
0.0
0.0
0.0
0.0
0.0
0.0
0.0
0.0
0.0
0.0
0.0
0.0
0.0
0.0
0.0
0.0
0.0
0.0
0.0
0.0
0.0
0.0
0.0
0.0
0.0
0.0
0.0
0.0
0.0
0.0
0.0
0.0
0.0
0.0
0.0
0.0
0.0
0.0
0.0
0.0
0.0
0.0
0.0
0.0
0.0
0.0
0.0
0.0
0.0
0.0
0.0
0.0
0.0
0.0
0.0
0.0
0.0
0.0
0.0
0.0
0.0
0.0
0.0
0.0
0.0
0.0
0.0
0.0
0.0
0.0
0.0
0.0
0.0
0.0
0.0
0.0
0.0
0.0
0.0
0.0
0.0
0.0
0.0
0.0
0.0
0.0
0.0
0.0
0.0
0.0
0.0
0.0
0.0
0.0
0.0
0.0
0.0
0.0
0.0
0.0
0.0
0.0
0.0
0.0
0.0
0.0
0.0
0.0
0.0
0.0
0.0
0.0
0.0
0.0
0.0
0.0
0.0
0.0
0.0
0.0
0.0
0.0
0.0
0.0
0.0
0.0
0.0
0.0
0.0
0.0
0.0
0.0
0.0
0.0
0.0
0.0
0.0
0.0
0.0
0.0
0.0
0.0
0.0
0.0
0.0
0.0
0.0
0.0
0.0
0.0
0.0
0.0
0.0
0.0
0.0
0.0
0.0
0.0
0.0
0.0
0.0
0.0
0.0
0.0
0.0
0.0
0.0
0.0
0.0
0.0
0.0
0.0
0.0
0.0
0.0
0.0
0.0
0.0
0.0
0.0
0.0
0.0
0.0
0.0
0.0
0.0
0.0
0.0
0.0
0.0
0.0
0.0
0.0
0.0
0.0
0.0
0.0
0.0
0.0
0.0
0.0
0.0
0.0
0.0
0.0
0.0
0.0
0.0
0.0
0.0
0.0
0.0
0.0
0.0
0.0
0.0
0.0
0.0
0.0
0.0
0.0
0.0
0.0
0.0
0.0
0.0
0.0
0.0
0.0
0.0
0.0
0.0
0.0
0.0
0.0
0.0
0.0
0.0
0.0
0.0
0.0
0.0
0.0
0.0
0.0
0.0
0.0
0.0
0.0
0.0
0.0
0.0
0.0
0.0
0.0
0.0
0.0
0.0
0.0
0.0
0.0
0.0
0.0
0.0
0.0
0.0
0.0
0.0
0.0
0.0
0.0
0.0
0.0
0.0
0.0
0.0
0.0
0.0
0.0
0.0
0.0
0.0
0.0
0.0
0.0
0.0
0.0
0.0
0.0
0.0
0.0
0.0
0.0
0.0
0.0
0.0
0.0
0.0
0.0
0.0
0.0
0.0
0.0
0.0
0.0
0.0
0.0
0.0
0.0
0.0
0.0
0.0
0.0
0.0
0.0
0.0
0.0
0.0
0.0
0.0
0.0
0.0
0.0
0.0
0.0
0.0
0.0
0.0
0.0
0.0
0.0
0.0
0.0
0.0
0.0
0.0
0.0
0.0
0.0
0.0
0.0
0.0
0.0
0.0
0.0
0.0
0.0
0.0
0.0
0.0
0.0
0.0
0.0
0.0
0.0
0.0
0.0
0.0
0.0
0.0
0.0
0.0
0.0
0.0
0.0
0.0
0.0
0.0
0.0
0.0
0.0
0.0
0.0
0.0
0.0
0.0
0.0
0.0
0.0
0.0
0.0
0.0
0.0
0.0
0.0
0.0
0.0
0.0
0.0
0.0
0.0
0.0
0.0
0.0
0.0
0.0
0.0
0.0
0.0
0.0
0.0
0.0
0.0
0.0
0.0
0.0
0.0
0.0
0.0
0.0
0.0
0.0
0.0
0.0
0.0
0.0
0.0
0.0
0.0
0.0
0.0
0.0
0.0
0.0
0.0
0.0
0.0
0.0
0.0
0.0
0.0
0.0
0.0
0.0
0.0
0.0
0.0
0.0
0.0
0.0
0.0
0.0
0.0
0.0
0.0
0.0
0.0
0.0
0.0
0.0
0.0
0.0
0.0
0.0
0.0
0.0
0.0
0.0
0.0
0.0
0.0
0.0
0.0
0.0
0.0
0.0
0.0
0.0
0.0
0.0
0.0
0.0
0.0
0.0
0.0
0.0
0.0
0.0
0.0
0.0
0.0
0.0
0.0
0.0
0.0
0.0
0.0
0.0
0.0
0.0
0.0
0.0
0.0
0.0
0.0
0.0
0.0
0.0
0.0
0.0
0.0
0.0
0.0
0.0
0.0
0.0
0.0
0.0
0.0
0.0
0.0
0.0
0.0
0.0
0.0
0.0
0.0
0.0
0.0
0.0
0.0
0.0
0.0
0.0
0.0
0.0
0.0
0.0
0.0
0.0
0.0
0.0
0.0
0.0
0.0
0.0
0.0
0.0
0.0
0.0
0.0
0.0
0.0
0.0
0.0
0.0
0.0
0.0
0.0
0.0
0.0
0.0
0.0
0.0
0.0
0.0
0.0
0.0
0.0
0.0
0.0
0.0
0.0
0.0
0.0
0.0
0.0
0.0
0.0
0.0
0.0
0.0
0.0
0.0
0.0
0.0
0.0
0.0
0.0
0.0
0.0
0.0
0.0
0.0
0.0
0.0
0.0
0.0
0.0
0.0
0.0
0.0
0.0
0.0
0.0
0.0
0.0
0.0
0.0
0.0
0.0
0.0
0.0
0.0
0.324
0.345
0.3
0.336
0.357
0.351
0.575
0.572
0.314
0.217
0.2
0.251
0.361
0.341
0.353
0.341
0.419
0.486
0.449
0.617
0.599
0.838
0.518
0.313
0.324
0.34
0.3
0.339
0.35
0.358
0.568
0.549
0.359
0.271
0.263
0.365
0.469
0.365
0.403
0.378
0.372
0.492
0.442
0.558
0.585
0.838
0.497
0.313
0.325
0.34
0.299
0.345
0.342
0.343
0.562
0.605
0.385
0.35
0.413
0.444
0.437
0.361
0.403
0.34
0.397
0.543
0.49
0.528
0.51
0.768
0.445
0.318
0.424
0.318
0.301
0.346
0.342
0.389
0.616
0.652
0.494
0.372
0.441
0.469
0.498
0.375
0.41
0.857
0.423
0.58
0.49
0.491
0.522
0.839
0.576
0.334
0.358
0.359
0.343
0.31
0.294
0.441
0.861
0.543
0.452
0.365
0.345
0.359
0.347
0.332
0.349
0.363
0.446
0.365
0.639
0.643
0.697
0.7
0.626
0.309
0.344
0.429
0.343
0.31
0.3
0.487
0.987
0.561
0.452
0.331
0.422
0.403
0.254
0.404
0.335
0.331
0.443
0.341
0.562
0.715
0.785
0.7
0.626
0.344
0.42
0.331
0.299
0.317
0.3
0.434
0.679
0.67
0.488
0.409
0.55
0.483
0.504
0.442
0.418
0.865
0.425
0.56
0.504
0.579
0.529
0.821
0.489
0.374
0.438
0.346
0.327
0.337
0.297
0.443
0.71
0.67
0.55
0.409
0.55
0.483
0.504
0.442
0.371
0.877
0.425
0.504
0.506
0.615
0.602
0.742
0.604
0.444
0.494
0.386
0.373
0.389
0.361
0.487
0.76
0.701
0.55
0.401
0.55
0.414
0.452
0.433
0.368
0.88
0.428
0.525
0.625
0.683
0.728
0.764
0.659
0.532
0.535
0.447
0.421
0.437
0.423
0.54
0.772
0.678
0.554
0.37
0.427
0.38
0.422
0.445
0.414
0.88
0.407
0.477
0.629
0.671
0.728
0.767
0.671
0.527
0.418
0.447
0.456
0.437
0.423
0.54
0.772
0.735
0.57
0.353
0.405
0.356
0.354
0.428
0.403
0.367
0.363
0.379
0.67
0.671
0.738
0.691
0.548
0.295
0.339
0.49
0.333
0.275
0.339
0.518
0.987
0.69
0.597
0.469
0.45
0.436
0.31
0.547
0.342
0.356
0.335
0.612
0.562
0.715
0.785
0.781
0.347
0.455
0.451
0.56
0.371
0.358
0.398
0.518
0.856
0.834
0.428
0.455
0.45
0.458
0.307
0.722
0.336
0.488
1.057
0.826
0.417
0.595
0.764
0.593
0.344
0.508
0.418
0.427
0.456
0.432
0.424
0.512
0.698
0.774
0.57
0.306
0.332
0.38
0.337
0.351
0.389
0.634
1.101
0.869
0.746
0.72
0.869
0.716
0.645
0.48
0.393
0.397
0.427
0.403
0.432
0.505
0.672
0.792
0.511
0.31
0.338
0.367
0.341
0.357
0.429
0.698
1.113
0.836
0.746
0.733
0.837
0.711
0.509
0.409
0.467
0.338
0.381
0.342
0.359
0.496
0.703
0.776
0.5
0.301
0.303
0.348
0.308
0.382
0.377
0.659
1.077
0.809
0.623
0.671
0.828
0.702
0.461
0.292
0.421
0.271
0.332
0.291
0.31
0.45
0.681
0.783
0.493
0.314
0.292
0.315
0.331
0.376
0.325
0.782
1.129
0.841
0.608
0.696
0.876
0.73
0.583
0.4
0.43
0.273
0.293
0.29
0.31
0.422
0.696
0.749
0.411
0.385
0.292
0.315
0.331
0.376
0.321
0.782
1.129
0.902
0.532
0.77
0.887
0.783
0.777
0.455
0.4
0.49
0.482
0.358
0.398
0.507
0.717
0.834
0.529
0.463
0.417
0.414
0.776
1.392
1.267
1.31
1.885
1.414
0.867
0.583
0.797
0.676
0.344
0.555
0.4
0.426
0.482
0.509
0.561
0.472
0.648
0.811
0.352
0.411
0.353
0.627
1.633
1.52
1.262
1.31
1.885
1.344
1.051
0.583
0.797
0.747
0.474
0.541
0.469
0.279
0.284
0.321
0.334
0.41
0.688
0.686
0.411
0.445
0.296
0.321
0.381
0.415
0.339
0.529
0.379
0.396
0.475
0.699
0.752
0.792
0.766
0.545
0.469
0.28
0.296
0.325
0.314
0.421
0.754
0.682
0.407
0.445
0.288
0.43
0.42
0.438
0.336
0.47
0.436
0.463
0.554
0.707
0.791
0.786
0.752
0.535
0.339
0.278
0.296
0.327
0.326
0.384
0.671
0.779
0.47
0.425
0.26
0.399
0.441
0.387
0.358
0.483
0.44
0.46
0.544
0.707
0.75
0.786
0.756
0.542
0.333
0.282
0.291
0.323
0.311
0.374
0.626
0.764
0.476
0.396
0.3
0.418
0.424
0.407
0.412
0.408
0.389
0.48
0.456
0.664
0.746
1.133
0.656
0.441
0.328
0.285
0.37
0.318
0.311
0.369
0.581
0.785
0.446
0.32
0.397
0.445
0.437
0.419
0.439
0.425
0.389
0.46
0.506
0.652
0.761
1.052
0.45
0.484
0.279
0.29
0.403
0.444
0.493
0.366
0.708
0.729
0.56
0.411
0.272
0.55
1.633
1.52
1.31
1.153
1.148
1.185
1.051
0.613
0.752
0.753
0.651
0.52
0.267
0.29
0.338
0.48
0.56
0.379
0.562
0.66
0.489
0.386
0.376
0.589
1.161
0.708
0.371
0.323
0.357
0.527
0.585
0.619
0.658
0.806
0.74
0.302
0.298
0.304
0.411
0.307
0.283
0.375
0.682
0.815
0.424
0.257
0.372
0.382
0.406
0.387
0.411
0.402
0.383
0.471
0.527
0.67
0.788
1.147
0.488
0.285
0.305
0.376
0.394
0.31
0.287
0.376
0.701
0.772
0.414
0.239
0.367
0.287
0.34
0.341
0.347
0.348
0.309
0.408
0.496
0.657
0.71
1.159
0.488
0.289
0.303
0.421
0.394
0.296
0.277
0.37
0.698
0.68
0.321
0.227
0.375
0.283
0.3
0.305
0.332
0.316
0.401
0.48
0.515
0.678
0.764
1.294
0.497
0.285
0.303
0.421
0.394
0.298
0.281
0.351
0.722
0.711
0.266
0.182
0.323
0.269
0.285
0.276
0.283
0.262
0.401
0.422
0.526
0.717
0.76
1.022
0.746
0.473
0.297
0.419
0.371
0.308
0.281
0.358
0.722
0.711
0.297
0.189
0.22
0.24
0.252
0.551
0.598
0.263
0.406
0.485
0.506
0.763
0.872
1.028
0.814
0.52
0.273
0.296
0.352
0.345
0.358
0.3
0.559
0.521
0.619
0.301
0.327
0.286
0.249
0.344
0.371
0.385
0.378
0.527
0.437
0.644
0.694
0.884
0.74
0.447
0.273
0.298
0.352
0.336
0.36
0.324
0.493
0.477
0.449
0.305
0.366
0.32
0.292
0.345
0.309
0.402
0.378
0.464
0.442
0.822
0.753
0.893
0.625
0.47
0.294
0.4
0.339
0.292
0.335
0.368
0.754
0.716
0.407
0.277
0.206
0.233
0.259
0.546
0.598
0.271
0.406
0.514
0.448
0.853
0.905
0.917
0.686
0.468
0.288
0.326
0.333
0.287
0.337
0.367
0.669
0.756
0.432
0.293
0.208
0.226
0.284
0.564
0.592
0.274
0.384
0.508
0.448
0.896
1.027
1.116
0.876
0.478
0.292
0.28
0.327
0.287
0.327
0.412
0.637
0.8
0.408
0.332
0.218
0.255
0.33
0.672
0.632
0.301
0.301
0.431
0.5
0.897
1.027
1.022
0.876
0.489
0.289
0.289
0.346
0.292
0.321
0.412
0.689
0.818
0.41
0.337
0.206
0.241
0.359
0.676
0.615
0.396
0.298
0.437
0.486
0.937
1.099
1.003
0.612
0.292
0.296
0.283
0.311
0.3
0.339
0.412
0.786
0.885
0.412
0.337
0.214
0.236
0.34
0.356
0.34
0.35
0.274
0.419
0.5
0.888
0.971
0.993
0.544
0.318
0.28
0.298
0.29
0.29
0.287
0.334
0.584
0.408
0.398
0.336
0.235
0.279
0.306
0.338
0.312
0.402
0.342
0.311
0.515
0.867
0.771
0.896
0.565
0.796
0.607
0.358
0.338
0.35
0.338
0.571
0.749
0.74
0.405
0.408
0.338
0.355
0.37
0.496
0.312
0.328
0.307
0.311
0.515
1.013
0.826
0.791
0.556
0.279
0.293
0.272
0.309
0.298
0.288
0.397
0.659
0.912
0.348
0.26
0.199
0.833
0.438
0.384
0.376
0.377
0.31
0.394
0.49
0.792
0.896
0.951
0.688
0.288
0.293
0.274
0.309
0.297
0.315
0.382
0.711
0.928
0.371
0.238
0.253
0.834
0.414
0.366
0.407
0.418
0.31
0.46
0.501
0.748
0.764
0.727
0.478
0.272
0.286
0.271
0.312
0.32
0.319
0.335
0.776
0.919
0.381
0.274
0.236
0.811
0.374
0.355
0.404
0.394
0.288
0.46
0.445
0.746
0.763
0.676
0.486
0.266
0.289
0.265
0.294
0.316
0.319
0.34
0.752
0.905
0.381
0.296
0.269
0.828
0.383
0.358
0.482
0.302
0.289
0.497
0.499
0.706
0.661
0.657
0.451
0.266
0.292
0.27
0.3
0.303
0.309
0.32
0.708
0.823
0.339
0.295
0.35
0.877
0.418
0.389
0.431
0.331
0.334
0.459
0.533
0.751
0.687
0.665
0.462
0.771
0.607
0.415
0.358
0.342
0.347
0.566
0.749
0.982
0.581
0.408
0.513
0.434
0.5
0.473
0.316
0.295
0.391
0.371
0.522
0.865
0.944
0.772
0.556
0.817
0.63
0.415
0.378
0.378
0.361
0.538
0.71
0.982
0.603
0.371
0.513
0.434
0.5
0.48
0.348
0.33
0.352
0.435
0.584
1.038
0.944
0.675
0.339
0.269
0.287
0.295
0.313
0.322
0.297
0.324
0.71
0.743
0.41
0.312
0.367
0.321
0.393
0.388
0.431
0.326
0.374
0.471
0.635
0.749
0.787
0.688
0.354
0.257
0.282
0.285
0.313
0.324
0.272
0.324
0.719
0.66
0.472
0.328
0.315
0.312
0.472
0.457
0.453
0.341
0.396
0.451
0.704
0.845
0.866
0.776
0.431
0.257
0.293
0.315
0.303
0.306
0.287
0.404
0.714
0.68
0.636
0.343
0.466
0.43
0.472
0.387
0.444
0.341
0.45
0.502
0.74
0.855
0.86
0.776
0.437
0.28
0.288
0.328
0.292
0.3
0.341
0.468
0.76
1.382
1.065
0.322
0.498
0.46
0.497
0.747
0.362
0.427
0.474
0.5
0.763
0.938
0.988
0.945
0.6
0.287
0.29
0.33
0.288
0.289
0.349
0.59
0.863
1.495
1.065
0.425
0.5
0.513
0.537
0.705
0.356
0.443
0.617
0.582
0.763
0.929
0.996
0.916
0.662
0.277
0.267
0.341
0.345
0.305
0.328
0.321
0.673
0.953
0.591
0.281
0.5
0.401
0.504
0.3
0.369
0.376
0.368
0.435
0.599
0.868
0.814
0.485
0.261
0.34
0.279
1.547
0.588
0.315
0.352
0.368
0.62
0.803
0.514
0.333
0.316
0.373
0.373
0.316
0.468
0.376
0.321
0.459
0.599
0.838
0.567
0.688
0.373
0.306
0.282
0.331
0.269
0.277
0.368
0.585
0.897
1.643
1.014
0.47
0.5
0.523
0.55
0.79
0.389
0.464
0.582
0.603
0.817
0.933
0.965
0.906
0.765
0.335
0.307
0.369
0.287
0.31
0.377
0.625
0.898
1.643
0.992
0.472
0.544
0.545
0.495
0.723
0.343
0.431
0.66
0.623
0.811
0.843
0.874
0.863
0.695
0.335
0.295
0.348
0.299
0.313
0.385
0.645
0.898
1.608
0.831
0.398
0.407
0.477
0.495
0.798
0.343
0.426
0.606
0.6
0.762
0.82
0.874
0.845
0.695
0.311
0.3
0.342
0.309
0.336
0.345
0.584
0.83
0.946
0.468
0.423
0.363
0.501
0.475
0.465
0.353
0.353
0.583
0.6
0.693
0.701
0.677
0.527
0.527
0.307
0.326
0.348
0.298
0.336
0.359
0.5
0.698
0.91
0.486
0.432
0.397
0.427
0.441
0.477
0.349
0.335
0.472
0.568
0.765
0.656
0.57
0.465
0.452
0.283
0.289
1.547
0.654
0.369
0.334
0.4
0.586
0.598
0.441
0.307
0.313
0.362
0.373
0.442
0.757
0.343
0.403
0.428
0.573
0.802
0.641
0.881
0.644
0.373
0.315
1.543
0.654
0.392
0.316
0.585
0.606
0.624
0.441
0.372
0.388
0.387
0.344
0.444
0.757
0.348
0.415
0.511
0.748
0.855
0.679
0.881
0.644
0.358
0.463
0.343
0.298
0.354
0.343
0.501
0.637
0.763
0.549
0.373
0.464
0.385
0.381
0.393
0.291
0.304
0.472
0.573
0.649
0.592
0.466
0.416
0.353
0.338
0.438
0.313
0.294
0.326
0.323
0.554
0.6
0.765
0.604
0.359
0.414
0.321
0.403
0.534
0.438
0.459
0.467
0.566
0.652
0.566
0.56
0.424
0.353
0.337
0.44
0.313
0.288
0.316
0.308
0.566
0.736
0.755
0.609
0.44
0.499
0.394
0.394
0.475
0.434
0.45
0.46
0.604
0.745
0.592
0.668
0.575
0.364
0.335
0.457
0.315
0.28
0.302
0.305
0.583
0.809
0.829
0.607
0.453
0.489
0.319
0.369
0.407
0.394
0.418
0.441
0.604
0.763
0.567
0.708
0.653
0.388
0.328
0.438
0.314
0.286
0.305
0.282
0.609
0.809
0.808
0.672
0.492
0.406
0.308
0.341
0.378
0.439
0.417
0.356
0.633
0.659
0.654
0.721
0.653
0.404
0.365
0.315
0.27
0.412
0.392
0.282
0.711
0.795
0.772
0.378
0.314
0.388
0.418
0.36
0.444
0.648
0.348
0.415
0.637
0.839
0.855
0.679
0.583
0.575
0.365
0.291
0.304
0.289
0.318
0.31
0.711
0.795
0.813
0.293
0.343
0.324
0.418
0.36
0.378
0.374
0.427
0.363
0.809
0.839
0.683
0.667
0.396
0.313
0.31
0.347
0.298
0.309
0.278
0.295
0.62
0.902
0.907
0.559
0.483
0.334
0.354
0.353
0.674
0.8
0.431
0.408
0.618
0.641
0.62
0.721
0.634
0.345
0.259
0.386
0.283
0.314
0.277
0.297
0.562
0.888
0.938
0.508
0.498
0.326
0.348
0.381
0.542
0.646
0.281
0.44
0.615
0.668
0.617
0.66
0.674
0.442
0.258
0.386
0.272
0.319
0.338
0.292
0.448
0.719
0.938
0.586
0.417
0.232
0.33
0.402
0.568
0.732
0.323
0.483
0.576
0.635
0.62
0.656
0.589
0.417
0.261
0.386
0.274
0.319
0.356
0.316
0.414
0.6
0.85
0.646
0.407
0.223
0.356
0.424
0.568
0.732
0.347
0.504
0.581
0.673
0.705
0.694
0.646
0.511
0.313
0.364
0.285
0.31
0.355
0.321
0.394
0.549
0.83
0.69
0.287
0.182
0.337
0.459
0.642
0.66
0.341
0.516
0.527
0.719
0.693
0.738
0.693
0.595
0.441
0.318
0.304
0.293
0.463
0.341
0.772
0.742
0.813
0.293
0.283
0.427
0.386
0.33
0.385
0.727
0.439
0.419
0.809
0.718
0.629
0.648
0.448
0.436
0.275
0.318
0.301
0.273
0.463
0.341
0.612
0.659
0.893
0.455
0.285
0.439
0.354
0.304
0.385
0.727
0.439
0.419
0.928
0.726
0.753
0.791
0.574
0.839
0.391
0.351
0.286
0.284
0.355
0.325
0.346
0.438
0.722
0.852
0.308
0.218
0.315
0.464
0.443
0.3
0.327
0.511
0.587
0.729
0.799
0.791
0.749
0.686
0.451
0.459
0.445
0.382
0.347
0.33
0.373
0.452
0.726
1.003
0.451
0.244
0.319
0.424
0.411
0.277
0.367
0.428
0.597
0.727
0.799
0.768
0.826
0.764
0.612
0.459
0.453
0.404
0.29
0.33
0.383
0.425
0.755
0.959
0.476
0.26
0.279
0.42
0.486
0.245
0.358
0.411
0.597
0.734
0.79
0.747
0.826
0.764
0.612
0.44
0.473
0.404
0.272
0.305
0.38
0.421
0.752
0.959
0.463
0.264
0.253
0.345
0.472
0.243
0.381
0.398
0.62
0.7
0.851
0.746
0.782
0.694
0.566
0.474
0.459
0.395
0.274
0.301
0.407
0.493
0.726
0.984
0.525
0.302
0.311
0.317
0.575
0.313
0.388
0.403
0.662
0.892
0.925
0.749
0.849
0.684
0.449
0.326
0.27
0.31
0.449
0.332
0.73
0.597
0.704
0.627
0.341
0.495
0.515
0.309
0.301
0.684
0.395
0.568
0.733
0.696
0.631
0.635
0.574
0.874
0.698
0.402
0.258
0.316
0.283
0.282
0.462
0.454
1.029
0.627
0.425
0.409
0.594
0.309
0.33
0.302
0.316
0.471
0.758
3.2
3.223
3.189
1.551
0.874
0.698
0.487
0.461
0.393
0.296
0.279
0.416
0.484
0.763
1.023
0.573
0.275
0.362
0.268
0.56
0.317
0.388
0.395
0.604
0.938
0.845
0.675
0.803
0.667
0.625
0.336
0.307
0.287
0.303
0.287
0.382
0.459
0.782
0.874
0.484
0.31
0.413
0.32
0.619
0.378
0.395
0.569
0.672
0.949
0.949
0.718
0.681
0.517
0.494
0.441
0.297
0.257
0.311
0.295
0.392
0.529
0.779
0.836
0.43
0.297
0.392
0.283
0.505
0.313
0.353
0.632
0.698
0.97
1.022
0.795
0.681
0.517
0.549
0.556
0.415
0.335
0.312
0.295
0.41
0.638
0.857
0.836
0.438
0.298
0.391
0.353
0.551
0.365
0.328
0.683
0.71
1.086
1.096
0.913
0.771
0.543
0.549
0.52
0.415
0.366
0.371
0.305
0.347
0.667
0.972
0.626
0.335
0.26
0.331
0.31
0.359
0.374
0.41
0.656
0.722
0.982
1.02
0.893
0.701
0.541
0.578
0.443
0.263
0.476
0.27
0.252
0.462
0.454
0.851
0.698
0.425
0.409
0.594
0.309
0.36
0.364
0.292
0.486
0.552
3.16
3.199
3.243
1.664
0.67
0.573
0.443
0.286
0.459
0.263
0.25
0.307
0.414
0.851
0.678
0.43
0.358
0.408
0.297
0.36
0.387
0.305
0.458
0.558
3.16
3.199
3.243
1.664
0.716
0.542
0.478
0.407
0.366
0.351
0.305
0.423
0.793
0.972
0.565
0.275
0.261
0.253
0.344
0.331
0.42
0.41
0.656
0.722
0.931
1.085
1.008
0.828
0.658
0.464
0.485
0.413
0.358
0.343
0.292
0.427
0.793
0.941
0.608
0.248
0.231
0.228
0.319
0.296
0.37
0.335
0.427
0.766
0.932
0.994
0.972
0.895
0.631
0.429
0.377
0.419
0.477
0.341
0.291
0.412
0.732
0.911
0.595
0.25
0.231
0.22
0.34
0.309
0.37
0.331
0.347
0.856
0.971
1.021
0.966
0.948
0.721
0.366
0.264
0.273
0.405
0.332
0.29
0.395
0.64
0.886
0.783
0.304
0.252
0.256
0.331
0.282
0.328
0.29
0.351
0.913
0.887
0.892
0.864
0.875
0.797
0.47
0.264
0.288
0.385
0.268
0.27
0.379
0.538
0.846
0.807
0.395
0.292
0.297
0.331
0.378
0.27
0.286
0.375
0.888
0.815
0.888
0.9
0.875
0.773
0.443
0.34
0.286
0.445
0.245
0.253
0.336
0.4
0.647
0.743
0.395
0.28
0.261
0.41
0.415
0.398
0.436
0.654
0.827
0.888
0.93
0.988
0.804
0.716
0.529
0.28
0.261
0.282
0.273
0.257
0.336
0.46
0.76
0.609
0.535
0.443
0.31
0.409
0.395
0.332
0.431
0.654
0.879
0.873
0.962
0.986
0.669
0.523
0.532
0.28
0.288
0.412
0.284
0.29
0.293
0.403
0.886
0.708
0.45
0.324
0.321
0.372
0.355
0.262
0.309
0.495
0.915
0.815
0.804
0.808
0.781
0.624
0.38
0.28
0.267
0.412
0.292
0.296
0.269
0.422
0.939
0.779
0.419
0.324
0.296
0.349
0.347
0.252
0.315
0.52
0.827
0.828
0.795
0.808
0.76
0.624
0.379
0.289
0.27
0.288
0.284
0.294
0.277
0.448
0.95
0.779
0.419
0.337
0.39
0.355
0.409
0.274
0.359
0.561
0.74
0.747
0.7
0.762
0.716
0.537
0.378
0.283
0.305
0.288
0.278
0.298
0.28
0.417
0.977
0.702
0.385
0.337
0.365
0.302
0.486
0.306
0.375
0.54
0.729
0.718
0.768
0.811
0.694
0.382
0.279
0.312
0.545
0.278
0.28
0.3
0.274
0.403
1.222
1.239
0.389
0.295
0.324
0.299
0.372
0.284
0.368
0.533
0.725
0.686
0.768
0.752
0.835
0.336
0.282
0.275
0.389
0.367
0.321
0.257
0.322
0.367
0.76
0.661
0.795
1.563
0.397
0.409
0.418
0.392
0.619
0.63
0.879
0.873
0.962
0.986
0.551
0.272
0.27
0.246
0.407
0.367
0.321
0.262
0.262
0.363
0.737
0.635
0.795
2.007
1.921
1.03
0.305
0.376
0.55
0.563
0.641
0.746
0.721
0.628
0.365
0.284
0.27
0.31
0.58
0.287
0.276
0.293
0.293
0.403
1.188
1.325
0.435
0.281
0.284
0.232
0.346
0.24
0.393
0.47
0.697
0.817
0.802
0.773
0.875
0.372
0.266
0.308
0.58
0.287
0.273
0.283
0.293
0.368
1.194
1.749
0.478
0.262
0.281
0.222
0.346
0.244
0.393
0.444
0.786
0.865
1.214
1.35
1.378
0.431
0.276
0.299
0.569
0.28
0.272
0.282
0.294
0.373
1.403
2.409
1.175
0.278
0.272
0.239
0.286
0.254
0.474
0.426
0.898
1.334
1.525
1.35
1.378
0.425
0.285
0.329
0.536
0.267
0.286
0.285
0.283
0.419
1.356
2.422
1.232
0.276
0.322
0.263
0.237
0.261
0.585
0.45
0.923
1.421
1.465
1.368
1.416
0.562
0.42
0.433
0.424
0.332
0.295
0.281
0.307
0.519
1.041
2.24
1.67
0.282
0.32
0.256
0.237
0.338
0.499
0.428
0.965
1.421
1.551
1.686
1.992
1.374
0.688
0.23
0.414
0.503
0.454
0.598
0.359
0.383
0.599
0.835
1.207
2.007
2.022
1.131
0.57
0.373
0.55
0.563
0.658
0.749
0.576
0.442
0.451
0.281
0.273
0.534
0.38
0.466
0.486
0.654
0.42
0.491
0.748
0.899
0.968
1.13
2.022
1.131
0.617
0.292
0.353
0.555
0.592
0.749
0.576
0.619
0.78
0.528
0.484
0.393
0.381
0.282
0.259
0.282
0.301
0.529
1.029
2.24
1.726
0.328
0.43
0.26
0.294
0.34
0.552
0.47
0.98
1.362
1.551
1.623
1.962
1.428
0.828
0.385
0.401
0.273
0.271
0.274
0.311
0.569
0.948
1.886
1.755
0.379
0.455
0.312
0.399
0.36
0.564
0.51
0.927
1.346
1.164
1.091
1.489
1.517
0.945
0.388
0.434
0.272
0.308
0.278
0.327
0.569
0.746
1.211
1.223
0.397
0.363
0.268
0.79
0.468
0.455
0.523
0.936
0.897
0.868
1.091
1.52
1.583
0.962
0.372
0.406
0.292
0.299
0.304
0.333
0.588
0.805
1.239
1.223
0.397
0.334
0.265
0.736
0.537
0.323
0.585
0.919
1.282
1.421
1.605
1.565
1.576
0.946
0.259
0.261
0.23
0.293
0.296
0.388
0.533
0.849
0.889
0.798
0.407
0.336
0.265
0.857
0.552
0.333
0.585
0.919
1.245
1.435
1.294
0.916
1.373
0.769
0.767
0.53
0.466
0.486
0.654
0.42
0.491
0.748
0.899
0.948
0.723
0.479
0.394
0.617
0.292
0.432
2.944
2.301
2.066
1.87
1.965
0.873
0.528
0.486
0.767
0.53
0.313
0.397
0.334
0.326
0.497
0.763
0.695
0.38
0.589
0.326
0.288
0.556
1.51
0.521
2.932
2.205
2.177
1.895
1.965
0.873
0.674
0.506
0.308
0.282
0.27
0.293
0.281
0.385
0.514
0.866
0.958
0.693
0.365
0.253
0.272
0.884
0.556
0.253
0.563
0.901
1.245
1.462
1.333
0.916
1.249
0.614
0.297
0.252
0.27
0.267
0.277
0.385
0.475
0.866
0.89
0.644
0.349
0.217
0.336
0.86
0.556
0.288
0.571
1.135
1.689
1.457
1.267
0.889
1.105
0.49
0.303
0.233
0.293
0.244
0.271
0.37
0.488
0.82
0.951
0.943
0.52
0.294
0.322
0.485
0.422
0.27
0.54
1.016
1.689
1.491
1.212
0.802
0.967
0.404
0.282
0.245
0.275
0.27
0.234
0.36
0.466
0.741
0.96
1.029
1.031
0.355
0.369
0.485
0.344
0.317
0.527
0.995
1.269
1.067
0.657
0.701
1.114
0.417
0.273
0.244
0.273
0.265
0.254
0.287
0.475
0.753
1.079
0.984
1.031
0.373
0.398
0.45
0.269
0.308
0.508
1.983
1.755
0.938
0.629
0.579
0.53
0.369
0.483
0.409
0.262
0.33
0.3
0.282
0.52
0.625
0.516
0.468
0.394
0.381
0.241
0.53
1.484
0.521
2.932
2.205
2.177
1.895
2.202
1.981
1.242
0.462
0.309
0.288
0.296
0.366
0.328
0.314
0.52
0.615
0.439
0.415
0.354
0.377
0.335
0.523
1.542
0.398
0.414
0.429
0.81
0.627
0.852
1.877
1.242
0.475
0.299
0.303
0.304
0.334
0.305
0.319
0.484
0.676
1.032
0.995
1.061
0.415
0.478
0.435
0.305
0.361
0.486
1.942
1.654
0.808
0.529
0.492
0.542
0.389
0.336
0.33
0.333
0.363
0.33
0.334
0.475
0.614
0.895
0.95
1.053
0.434
0.401
0.396
0.331
0.345
0.446
1.589
1.071
0.796
0.523
0.448
0.547
0.406
0.37
0.353
0.36
0.387
0.36
0.346
0.433
0.586
0.782
0.498
0.849
0.401
0.417
0.402
0.356
0.382
0.437
1.558
1.071
0.672
0.515
0.449
0.504
0.371
0.378
0.377
0.378
0.384
0.367
0.367
0.415
0.496
0.598
0.387
0.364
0.372
0.376
0.402
0.364
0.37
0.362
1.44
0.928
0.416
0.389
0.383
0.372
0.373
0.38
0.378
0.379
0.384
0.37
0.373
0.382
0.368
0.363
0.373
0.364
0.372
0.378
0.375
0.364
0.374
0.365
0.339
0.338
0.333
0.342
0.335
0.339
0.334
0.335
0.332
0.337
0.332
0.339
0.328
0.455
0.48
0.391
0.415
0.323
0.387
0.362
0.34
0.332
0.326
0.341
0.344
0.498
0.455
0.719
1.73
1.132
0.475
0.341
0.334
0.338
0.341
0.351
0.337
0.35
0.35
0.329
0.324
0.331
0.343
0.374
0.351
0.356
0.382
0.341
0.344
0.347
0.336
0.336
0.336
0.351
0.348
0.343
0.333
0.347
0.351
0.334
0.338
0.345
0.337
0.332
0.333
0.337
0.34
0.331
0.344
0.334
0.336
0.336
0.334
0.337
0.333
0.336
0.333
0.339
0.334
0.34
0.336
0.343
0.346
0.336
0.344
0.346
0.338
0.33
0.331
0.334
0.338
0.332
0.344
0.341
0.339
0.333
0.329
0.337
0.338
0.341
0.333
0.335
0.335
0.339
0.334
0.332
0.339
0.335
0.348
0.346
0.339
0.328
0.34
0.343
0.346
0.331
0.344
0.334
0.336
0.336
0.337
0.337
0.337
0.341
0.331
0.338
0.34
0.339
0.335
0.336
0.352
0.347
0.353
0.343
0.343
0.33
0.342
0.344
0.346
0.345
0.346
0.332
0.335
0.336
0.334
0.335
0.335
0.336
0.327
0.331
0.336
0.337
0.335
0.335
0.352
0.344
0.347
0.33
0.334
0.327
0.34
0.344
0.346
0.341
0.337
0.329
0.328
0.33
0.329
0.331
0.325
0.33
0.325
0.321
0.328
0.331
0.328
0.341
0.355
0.344
0.339
0.347
0.345
0.329
0.332
0.335
0.354
0.344
0.347
0.348
0.384
0.345
0.328
0.349
0.346
0.346
0.336
0.342
0.348
0.331
0.322
0.329
0.355
0.343
0.339
0.331
0.345
0.325
0.332
0.335
0.343
0.344
0.347
0.348
0.384
0.332
0.319
0.349
0.346
0.346
0.326
0.327
0.343
0.333
0.328
0.325
0.336
0.344
0.343
0.32
0.326
0.327
0.34
0.336
0.336
0.33
0.328
0.325
0.32
0.321
0.32
0.322
0.32
0.323
0.326
0.317
0.323
0.323
0.318
0.32
0.328
0.341
0.343
0.318
0.323
0.323
0.98
2.53
1.995
0.369
0.318
0.307
0.309
0.308
0.31
0.31
0.306
0.31
0.32
0.307
0.305
0.308
0.306
0.311
0.316
0.331
0.329
0.308
0.314
0.318
0.963
2.506
1.976
0.363
0.274
0.262
0.268
0.254
0.256
0.268
0.26
0.261
0.272
0.258
0.256
0.266
0.256
0.259
0.262
0.271
0.277
0.262
0.266
0.267
0.908
2.453
1.918
0.3
0.227
0.218
0.222
0.208
0.209
0.221
0.217
0.224
0.234
0.218
0.214
0.221
0.219
0.217
0.223
0.223
0.239
0.226
0.227
0.222
0.862
2.412
1.878
0.26
0.191
0.174
0.18
0.171
0.169
0.18
0.178
0.182
0.182
0.178
0.172
0.318
0.307
0.316
0.337
0.315
0.325
0.315
0.327
0.309
0.322
0.324
0.338
0.324
0.336
0.319
0.323
0.332
0.317
0.329
0.324
0.325
0.306
0.319
0.318
0.301
0.295
0.299
0.297
0.292
0.303
0.292
0.293
0.295
0.299
0.302
0.307
0.308
0.305
0.292
0.303
0.312
0.317
0.31
0.287
0.3
0.291
0.29
0.313
0.181
0.178
0.176
0.19
0.181
0.193
0.186
0.187
0.18
0.913
2.375
1.839
0.219
0.15
0.14
0.138
0.129
0.131
0.141
0.138
0.139
0.138
0.134
0.136
0.141
0.137
0.132
0.146
0.133
0.145
0.137
0.138
0.133
0.224
0.138
0.13
0.13
0.147
0.143
0.133
0.129
0.13
0.134
0.141
0.138
0.137
0.132
0.13
0.148
0.137
0.131
0.143
0.134
0.144
0.136
0.14
0.129
0.223
0.137
0.132
0.134
0.138
0.141
0.132
0.128
0.135
0.13
0.14
0.138
0.137
0.14
0.13
0.142
0.133
0.135
0.146
0.133
0.139
0.132
0.147
0.128
0.223
0.137
0.132
0.14
1.282
2.758
1.603
0.127
0.135
0.129
0.138
0.133
0.133
0.139
0.129
0.142
0.132
0.134
0.145
0.132
0.136
0.128
0.144
0.127
0.222
0.136
0.131
0.139
1.281
2.758
1.603
0.107
0.438
0.571
0.545
0.512
0.506
0.53
0.491
0.218
0.22
0.215
0.215
0.224
0.229
0.209
0.21
0.212
0.213
0.214
0.212
0.213
0.209
0.209
0.216
0.216
0.225
0.22
0.2
0.215
0.207
0.2
0.221
0.134
0.135
0.131
0.129
0.139
0.136
0.129
0.128
0.129
0.128
0.14
0.13
0.122
0.132
0.142
0.132
0.13
0.129
0.127
0.127
0.126
0.126
0.127
0.127
0.501
0.462
0.435
0.463
0.468
0.516
0.527
0.553
0.529
0.524
0.525
0.466
0.479
1.633
3.101
1.94
0.445
0.767
0.902
0.864
0.829
0.803
0.833
0.554
0.521
0.486
0.464
0.485
0.497
0.537
0.549
0.58
0.552
0.551
0.542
2.225
3.166
4.331
4.016
1.962
0.469
0.795
0.927
0.882
0.856
0.828
0.856
0.582
0.539
0.508
0.494
0.508
0.517
0.566
0.577
0.593
0.577
0.576
0.565
2.245
3.187
4.353
5.208
3.665
2.353
2.903
3.177
3.141
3.091
3.086
2.812
0.879
0.747
0.587
0.532
0.514
0.534
0.626
0.69
1.434
1.523
1.955
2.301
2.746
3.621
3.34
2.6
2.202
2.788
3.932
4.298
3.418
3.436
4.001
3.705
1.726
1.496
1.363
1.31
1.294
1.058
0.675
0.755
1.621
1.677
2.138
2.491
3.084
3.784
3.469
2.713
2.403
2.913
3.826
4.05
3.216
4.015
4.562
4.189
2.109
0.095
0.096
0.092
0.09
0.091
0.091
0.091
0.09
0.089
0.09
0.14
0.106
0.397
3.696
3.976
3.79
5.09
6.107
5.966
1.207
0.185
0.185
0.173
0.184
2.651
2.699
2.721
2.72
1.71
0.334
0.322
0.639
0.628
0.173
0.156
0.423
1.514
4.819
4.085
3.924
5.363
6.544
6.267
1.514
0.512
0.551
2.303
1.453
1.885
1.793
1.046
1.003
0.768
0.331
0.436
1.451
1.544
1.9
2.189
2.829
3.488
3.267
2.897
2.11
2.758
3.734
3.906
3.06
3.879
5.299
5.151
3.319
1.944
1.84
1.102
1.056
0.821
0.364
0.457
1.556
1.718
1.984
2.229
1.209
0.828
0.592
1.992
2.099
2.758
3.734
3.906
3.064
3.973
5.299
5.151
3.319
2.451
1.853
1.102
1.066
0.827
0.364
0.457
1.869
1.718
1.984
2.229
1.788
0.84
0.613
0.836
0.44
1.006
1.753
1.805
0.966
1.941
4.241
3.576
3.188
2.326
1.846
1.093
1.067
0.827
0.338
0.377
1.296
0.926
0.738
0.551
1.366
0.443
0.592
0.873
0.488
0.688
0.802
0.808
0.814
1.749
3.479
2.875
2.503
1.718
1.205
0.444
0.443
0.465
0.438
0.49
1.407
0.991
1.08
0.412
1.13
0.289
0.484
0.795
0.369
0.653
0.731
0.764
0.751
0.915
2.68
2.198
1.792
2.786
2.842
2.851
2.864
1.853
0.463
0.471
0.825
1.013
0.421
0.237
0.471
1.514
4.819
4.085
3.983
5.363
6.544
6.309
1.514
0.835
2.204
3.693
1.572
2.786
2.842
2.851
2.864
1.853
0.463
0.471
0.895
1.553
2.604
1.814
0.531
1.373
1.334
0.338
0.456
0.597
0.941
0.884
0.823
1.009
4.203
4.328
1.572
1.005
0.471
0.44
0.443
0.446
0.435
0.508
1.457
0.854
1.037
0.407
1.177
0.387
0.364
0.287
0.355
0.567
0.609
0.752
0.732
0.897
2.054
1.326
0.545
1.932
1.43
1.376
1.182
0.426
0.429
0.688
1.884
0.815
1.082
0.484
1.19
0.394
0.369
0.386
0.391
0.542
0.602
0.841
0.867
2.712
3.79
2.35
0.458
1.462
1.406
1.403
1.199
0.462
0.456
0.783
1.716
0.815
1.082
0.487
0.718
0.752
0.358
0.424
0.378
0.484
0.967
0.887
1.204
3.162
3.212
2.602
1.072
2.095
1.507
1.468
1.23
0.489
0.49
0.783
1.708
0.758
1.032
0.487
0.718
0.746
0.28
0.398
0.342
0.477
1.074
1.685
1.488
3.247
3.646
3.444
1.004
1.985
1.4
1.361
1.119
0.361
0.365
0.68
1.56
0.606
0.55
0.605
0.654
0.728
0.269
0.455
0.346
0.472
1.08
1.685
1.533
3.511
4.382
4.167
1.063
0.288
0.304
0.274
0.3
0.299
0.367
0.32
0.53
1.36
2.604
1.814
0.256
0.304
0.425
0.293
2.237
0.527
1.295
3.032
2.985
2.422
4.816
5.348
2.506
0.256
0.266
0.251
0.256
0.258
0.345
0.28
0.53
1.319
2.539
1.936
0.297
0.35
0.43
0.278
2.138
0.471
1.112
3.032
3.045
2.422
4.816
5.348
4.273
1.985
1.4
1.361
1.119
0.361
0.365
0.632
1.431
0.607
0.513
0.585
0.629
0.635
0.263
0.446
0.366
0.461
1.084
1.66
1.533
3.798
4.914
4.167
1.063
1.966
1.373
1.35
1.324
1.306
1.305
0.569
0.81
0.47
0.396
0.462
0.492
0.777
0.266
0.336
0.315
0.461
1.084
1.571
1.423
2.008
3.576
3.981
1.018
1.88
1.347
1.321
1.325
1.309
1.303
0.516
0.649
0.619
0.421
0.448
0.32
0.405
0.266
0.312
0.363
0.466
0.702
1.501
1.125
1.57
3.562
4.432
0.677
1.263
1.264
1.407
1.509
1.334
1.306
0.474
0.674
0.641
0.421
0.455
0.273
0.497
0.258
0.346
0.382
0.539
0.572
0.688
1.779
1.852
3.888
3.808
0.581
1.24
1.246
1.39
1.486
1.318
1.289
0.47
0.761
1.134
0.405
0.27
0.345
0.497
0.244
0.256
0.299
0.446
0.518
0.659
1.731
1.915
3.475
3.083
0.534
2.14
2.171
2.221
2.231
2.174
2.251
1.177
0.619
1.103
1.232
0.464
0.3
0.294
0.507
0.469
2.18
0.48
1.154
2.942
4.22
4.095
4.577
5.289
4.295
2.178
2.194
2.255
2.27
2.216
2.195
1.232
0.82
0.972
1.232
0.464
0.3
0.42
0.38
0.47
0.403
0.41
0.575
0.727
2.201
2.874
4.452
4.493
4.036
1.237
1.243
1.392
1.494
1.317
1.284
0.47
0.69
1.023
0.363
0.255
0.256
0.471
0.235
0.249
0.378
0.436
0.506
0.687
1.765
1.588
2.95
2.852
0.669
0.275
0.268
0.414
0.508
0.347
0.321
0.34
1.029
2.092
1.333
1.157
0.289
0.328
0.235
0.384
0.433
0.535
0.535
0.691
1.769
1.45
2.759
2.512
0.668
0.286
0.268
0.415
0.493
0.312
0.297
0.326
1.07
1.977
1.256
1.139
0.347
0.377
0.24
0.35
0.386
0.465
0.545
0.746
1.741
1.428
2.296
1.452
0.389
0.3
0.256
0.257
0.278
0.267
0.252
0.316
1.064
1.913
1.34
1.125
0.417
0.316
0.216
0.314
0.364
0.382
0.555
0.796
1.314
1.753
1.892
1.091
0.39
0.305
0.255
0.257
0.279
0.265
0.256
0.307
1.032
1.488
1.311
1.125
0.345
0.308
0.244
0.319
0.379
0.431
0.614
0.799
1.43
1.434
1.3
1.096
0.381
2.178
2.194
2.255
2.27
2.216
2.195
1.232
0.82
1.12
1.213
0.321
0.304
0.408
0.381
0.47
0.403
0.423
0.575
0.616
2.063
2.874
4.452
4.5
2.497
0.298
0.294
0.312
0.335
0.296
0.282
0.359
0.771
0.625
0.337
0.228
0.339
0.417
0.303
0.364
0.372
0.402
0.523
0.602
0.753
1.078
3.279
4.618
2.573
0.369
0.263
0.255
0.272
0.262
0.258
0.331
1.032
1.537
1.31
1.121
0.39
0.4
0.558
1.05
0.988
1.104
0.892
0.798
1.416
1.652
2.236
1.989
0.956
0.396
0.297
0.285
0.299
0.289
0.284
0.362
0.63
0.598
0.376
0.25
0.388
0.496
0.587
0.959
0.96
1.05
0.883
0.782
1.35
1.652
1.993
1.325
0.956
0.393
0.297
0.284
0.289
0.292
0.281
0.347
1.212
1.492
1.31
0.875
0.349
0.529
0.609
0.977
0.96
1.05
0.874
0.722
1.308
1.637
1.976
1.521
0.956
0.364
0.292
0.284
0.282
0.286
0.281
0.391
1.136
1.492
1.232
1.042
0.326
0.523
0.626
1.016
1.023
1.076
0.885
0.891
1.692
1.897
2.516
1.724
0.959
0.473
0.301
0.29
0.281
0.284
0.28
0.399
1.163
1.709
1.232
1.042
0.326
0.523
0.626
1.06
1.0
1.063
0.795
0.846
1.547
1.841
3.04
3.483
1.5
2.236
2.264
2.276
2.246
2.225
0.266
0.296
0.482
0.508
1.657
1.729
0.648
0.288
0.303
0.362
0.455
0.366
0.464
0.602
0.782
1.471
3.247
4.282
2.573
2.237
2.264
2.276
2.246
2.255
0.271
0.374
0.352
0.283
1.616
1.689
0.648
0.301
0.303
0.362
0.462
0.299
0.45
0.587
0.782
1.385
3.247
2.779
2.28
0.402
0.288
0.285
0.273
0.284
0.291
0.385
1.175
1.66
1.289
1.007
0.299
0.509
1.016
1.282
1.225
1.285
1.41
0.811
1.552
1.602
2.117
2.496
0.792
0.367
0.251
0.257
0.238
0.253
0.257
0.363
1.257
1.549
1.249
0.976
0.271
1.027
1.626
1.785
1.223
1.277
1.385
0.798
1.58
1.599
2.667
3.278
0.784
0.356
0.253
0.252
0.235
0.258
0.256
0.368
0.675
0.652
0.328
0.345
0.245
1.022
2.346
2.489
2.019
1.994
1.596
0.798
1.58
1.618
2.667
3.158
0.78
0.356
0.253
0.251
0.234
0.256
0.259
0.325
0.755
0.791
0.308
0.171
0.192
0.988
2.297
2.489
2.335
2.669
2.19
0.563
0.709
0.65
1.771
3.018
0.774
0.236
0.242
0.247
0.227
0.257
0.261
0.306
1.011
0.459
0.314
0.182
0.202
1.051
2.656
2.747
2.335
2.669
2.206
0.549
0.697
0.653
1.487
2.279
0.428
2.237
2.25
2.258
2.219
2.255
0.271
0.386
0.375
0.574
1.623
1.728
0.642
0.358
0.319
0.294
0.462
0.317
0.384
0.51
0.746
1.377
3.055
1.537
0.315
0.263
0.249
0.251
0.266
0.276
0.287
0.396
0.451
0.574
0.267
0.212
0.367
0.472
0.319
0.294
0.319
0.317
0.34
1.187
2.023
0.833
1.551
3.095
2.188
0.236
0.25
0.246
0.236
0.257
0.25
0.298
1.025
0.42
0.234
0.177
0.199
1.438
2.175
1.818
1.415
1.741
1.4
0.646
0.68
0.654
1.462
2.655
0.435
0.237
0.25
0.239
0.241
0.246
0.256
0.298
1.025
0.496
0.224
0.178
0.186
0.788
1.569
1.269
1.435
1.724
1.4
0.632
0.654
0.637
1.531
2.886
1.534
1.277
0.264
0.245
0.268
0.255
0.257
0.289
0.951
0.54
0.233
0.18
0.194
0.796
0.88
0.545
0.67
0.998
1.132
0.641
0.654
0.629
1.568
2.952
1.549
1.274
0.263
0.245
0.269
0.25
0.26
0.297
0.895
0.387
0.251
0.198
0.204
0.903
0.88
0.605
0.308
0.284
0.54
0.627
0.602
0.695
1.659
3.49
1.549
1.284
0.258
0.241
0.269
0.245
0.26
0.298
0.439
0.427
0.472
0.7
0.697
1.379
0.842
0.301
0.312
0.307
0.538
0.64
0.613
0.725
1.586
3.491
1.911
2.185
2.13
2.149
2.165
2.152
1.407
0.309
0.528
0.532
0.279
0.221
0.367
0.472
0.305
0.305
0.283
0.307
0.32
1.177
2.043
0.837
2.488
3.095
2.188
2.183
2.136
2.146
2.162
2.154
1.407
0.33
0.528
0.235
0.456
0.269
0.309
0.375
0.21
0.257
0.294
0.302
0.341
1.138
2.043
0.837
2.394
2.257
2.227
1.29
0.251
0.252
0.263
0.258
0.255
0.314
0.423
0.437
0.47
0.702
0.739
0.961
0.658
0.317
0.805
0.404
0.468
0.531
0.602
0.701
1.62
3.167
1.909
1.385
0.257
0.253
0.263
0.264
0.246
0.308
0.441
0.4
0.47
0.702
1.302
0.961
0.616
0.317
0.783
0.432
0.468
0.576
1.095
1.647
1.076
2.13
0.813
0.346
0.245
0.254
0.244
0.251
0.239
0.327
0.409
0.332
0.445
0.714
1.327
0.961
0.578
0.316
0.786
0.433
0.503
0.614
1.345
1.633
1.466
2.001
0.797
0.346
0.287
0.256
0.243
0.255
0.255
0.331
0.408
0.376
0.51
0.782
1.358
0.919
0.569
0.292
0.785
0.492
0.491
0.62
1.352
1.58
1.44
1.331
0.799
0.425
0.306
0.256
0.243
0.258
0.261
0.34
0.426
0.457
0.304
0.375
0.929
0.445
0.325
0.316
0.754
0.486
0.547
0.61
1.414
1.576
1.26
0.387
0.248
2.183
2.136
2.146
2.162
2.154
1.38
0.375
0.441
0.43
0.625
0.269
0.199
0.279
0.271
0.301
0.298
0.328
0.37
0.471
0.733
0.768
1.948
0.248
0.301
0.251
0.256
0.251
0.244
0.243
0.271
0.375
0.312
0.569
0.625
0.336
0.267
0.3
0.287
0.299
0.298
0.328
0.392
0.5
0.663
0.724
0.586
1.785
0.61
0.422
0.319
0.245
0.253
0.25
0.269
0.326
0.349
0.495
0.365
0.377
0.94
0.44
0.399
0.317
0.243
0.387
0.433
0.608
1.414
1.629
1.202
0.417
0.244
0.349
0.319
0.246
0.259
0.248
0.272
0.372
0.348
0.48
0.386
0.445
0.406
0.437
0.399
0.317
0.245
0.334
0.418
0.547
0.985
0.727
1.193
0.594
0.298
0.348
0.318
0.248
0.254
0.243
0.273
0.348
0.346
0.48
0.435
0.422
0.453
0.363
0.371
0.297
0.272
0.365
0.454
0.52
0.765
0.775
0.754
1.394
0.943
0.351
0.28
0.302
0.273
0.242
0.254
0.339
0.313
0.435
0.394
0.376
0.423
0.328
0.349
0.267
0.245
0.283
0.406
0.532
0.94
1.722
1.735
1.551
0.943
0.267
0.264
0.307
0.276
0.24
0.256
0.333
0.277
0.346
0.441
0.292
0.433
0.304
0.345
0.221
0.253
0.249
0.304
0.493
0.947
1.722
1.735
1.55
0.946
0.252
0.258
0.254
0.236
0.256
0.287
0.392
0.337
0.639
0.443
0.239
0.215
0.3
0.315
0.303
0.29
0.316
0.361
0.522
0.677
0.856
0.667
1.846
0.555
0.426
0.318
0.312
0.318
0.332
0.342
0.376
0.44
0.729
0.371
0.368
0.307
0.29
0.411
1.487
0.358
0.31
0.87
0.875
0.599
0.744
0.667
1.872
0.985
0.294
0.261
0.31
0.269
0.249
0.256
0.33
0.274
0.295
0.414
0.292
0.381
0.329
0.254
0.185
0.287
0.311
0.374
0.53
0.957
1.774
1.834
1.522
0.967
0.276
0.261
0.309
0.26
0.254
0.265
0.272
0.253
0.26
0.401
0.847
0.489
1.291
1.375
1.306
1.424
1.456
1.862
1.359
1.676
2.543
2.423
1.384
0.321
0.283
0.261
0.304
0.26
0.255
0.31
0.317
0.396
0.373
0.394
0.928
0.534
1.3
1.401
1.328
1.438
1.522
3.065
3.264
3.636
4.475
4.403
1.38
0.51
0.288
0.261
0.25
0.251
0.262
0.314
0.34
0.519
0.429
0.435
1.507
0.995
1.3
1.394
1.327
1.438
1.531
3.061
3.217
3.491
3.505
3.435
1.145
0.506
0.288
0.258
0.26
0.248
0.268
0.375
0.342
0.623
0.393
0.362
1.496
0.92
1.283
1.332
1.327
1.486
1.616
3.1
3.24
3.438
3.527
3.465
1.139
0.565
0.43
0.318
0.317
0.331
0.332
0.342
0.376
0.522
0.755
0.384
0.356
0.313
0.336
0.456
1.503
0.362
0.31
0.903
0.875
0.646
0.845
0.662
0.454
0.256
0.43
0.313
0.317
0.331
0.337
0.345
0.412
0.522
0.755
0.384
0.356
0.313
0.372
0.456
1.527
0.394
0.355
0.903
0.87
0.641
0.673
0.564
0.454
0.475
0.266
0.245
0.257
0.247
0.264
0.418
0.448
1.284
0.516
0.417
1.521
0.944
1.257
1.355
1.388
1.462
1.583
3.07
3.23
3.488
3.43
3.328
1.168
0.446
0.263
0.244
0.259
0.251
0.276
0.418
0.448
1.284
0.509
0.416
0.957
0.911
0.294
0.275
0.325
0.417
0.462
1.631
2.437
2.708
2.637
2.608
1.168
0.446
0.264
0.261
0.275
0.256
0.276
0.396
0.54
1.203
0.457
0.365
0.896
0.79
0.355
0.282
0.326
0.416
0.371
0.374
0.489
0.723
0.651
0.55
0.377
0.266
0.267
0.326
0.316
0.251
0.271
0.396
0.511
1.116
0.458
0.289
0.389
0.381
0.362
0.265
0.36
0.424
0.404
0.372
0.49
0.676
0.651
0.523
0.373
0.294
0.271
0.323
0.321
0.256
0.27
0.351
0.633
2.237
1.627
1.281
0.389
0.421
0.362
0.342
0.36
0.428
0.381
0.325
0.452
0.689
0.698
0.485
0.418
0.256
0.257
0.249
0.255
0.264
0.265
0.383
0.389
0.573
0.549
0.307
0.286
0.461
0.372
0.351
0.441
0.329
0.5
0.528
0.574
0.643
0.801
0.388
0.355
0.263
0.249
0.258
0.267
0.282
0.266
0.389
0.455
0.459
0.325
0.233
0.242
0.423
0.354
0.29
0.441
0.318
0.5
0.504
0.574
0.651
0.726
0.255
0.251
0.297
0.27
0.339
0.321
0.272
0.269
0.318
0.554
1.586
1.545
1.224
0.368
0.396
0.35
0.313
0.296
0.428
0.437
0.36
0.478
0.637
0.696
0.473
0.41
0.514
0.278
0.335
0.327
0.281
0.266
0.322
0.673
1.602
1.561
1.298
0.338
0.306
0.325
0.308
0.286
0.375
0.481
0.496
0.418
0.615
0.652
0.477
0.409
0.514
0.275
0.321
0.311
0.281
0.268
0.319
0.555
1.626
1.527
1.313
0.372
0.381
0.234
0.274
0.326
0.372
0.481
0.496
0.405
0.596
0.66
0.529
0.444
0.518
0.276
0.267
0.272
0.285
0.272
0.319
0.598
1.622
1.495
1.333
0.297
0.366
0.233
0.306
0.323
0.372
0.455
0.496
0.419
0.607
0.731
0.538
0.445
0.49
0.379
0.302
0.257
0.282
0.267
0.361
0.715
0.479
0.348
0.348
0.301
0.327
0.225
0.253
0.344
0.316
0.413
0.496
0.482
0.656
0.673
0.535
0.492
0.275
0.264
0.289
0.28
0.282
0.257
0.426
0.535
0.504
0.486
0.294
0.292
0.462
0.317
0.302
0.402
0.308
0.46
0.477
0.487
0.693
0.726
0.462
1.103
0.275
0.264
0.31
0.331
0.285
0.296
0.342
0.535
0.402
0.383
0.238
0.244
0.263
0.317
0.261
0.237
0.266
0.305
0.33
0.325
0.693
0.642
0.508
1.103
0.577
0.379
0.3
0.257
0.276
0.266
0.361
0.711
0.546
0.349
0.339
0.315
0.356
0.259
0.288
0.404
0.34
0.364
0.469
0.499
0.607
0.689
0.467
0.435
0.357
0.375
0.303
0.247
0.27
0.262
0.358
0.612
0.513
0.376
0.279
0.32
0.389
0.274
0.277
0.381
0.315
0.318
0.324
0.543
0.597
0.689
0.553
0.469
0.363
0.37
0.303
0.251
0.272
0.256
0.346
0.612
0.455
0.382
0.272
0.34
0.397
0.303
0.294
0.35
0.285
0.34
0.32
0.543
0.601
0.701
0.576
0.437
0.359
0.365
0.3
0.251
0.267
0.251
0.363
0.651
0.494
0.413
0.31
0.342
0.361
0.309
0.292
0.356
0.37
0.336
0.316
0.541
0.609
0.662
0.627
0.44
0.351
0.256
0.271
0.254
0.266
0.249
0.306
0.412
0.418
0.413
0.323
0.342
0.361
0.309
0.292
0.345
0.37
0.336
0.316
0.472
0.556
0.67
0.649
0.302
0.264
0.318
0.31
0.322
0.266
0.302
0.365
0.472
0.402
0.375
0.238
0.332
0.317
0.304
0.435
0.48
0.335
0.313
0.339
0.34
0.596
0.612
0.508
1.103
0.273
0.318
0.303
0.323
0.272
0.302
0.308
0.311
0.395
0.28
0.22
0.3
0.307
0.244
0.385
0.425
0.256
0.511
0.375
0.376
0.519
0.652
0.536
0.503
0.262
0.261
0.267
0.262
0.261
0.264
0.303
0.388
0.333
0.385
0.323
0.327
0.334
0.298
0.326
0.268
0.358
0.346
0.327
0.509
0.576
0.652
0.649
0.299
0.266
0.254
0.266
0.268
0.256
0.266
0.32
0.38
0.319
0.302
0.308
0.349
0.308
0.275
0.309
0.266
0.343
0.319
0.326
0.486
0.577
0.644
0.583
0.358
0.298
0.262
0.266
0.272
0.279
0.277
0.326
0.439
0.278
0.261
0.284
0.38
0.265
0.269
0.318
0.264
0.349
0.33
0.361
0.52
0.577
0.639
0.589
0.457
0.298
0.267
0.269
0.272
0.28
0.283
0.337
0.38
0.274
0.201
0.216
0.352
0.334
0.254
0.328
0.266
0.266
0.337
0.481
0.585
0.672
0.587
0.608
1.143
0.509
0.273
0.272
0.282
0.29
0.283
0.338
0.37
0.359
0.287
0.254
0.391
0.37
0.319
0.332
0.258
0.27
0.337
0.481
0.585
0.637
0.625
0.614
1.166
0.607
0.349
0.283
0.304
0.275
0.271
0.311
0.35
0.553
0.352
0.219
0.3
0.307
0.245
0.433
0.488
0.329
0.511
0.375
0.376
0.513
0.735
0.64
0.502
0.72
0.305
0.267
0.304
0.275
0.273
0.269
0.472
0.513
0.352
0.213
0.309
0.251
0.201
0.252
0.308
0.457
0.517
0.373
0.37
0.513
0.754
0.64
0.506
0.508
0.273
0.277
0.28
0.296
0.29
0.354
0.385
0.351
0.292
0.256
0.445
0.47
0.317
0.266
0.258
0.261
0.329
0.461
0.495
0.605
0.686
0.728
1.298
0.552
0.273
0.272
0.278
0.3
0.287
0.337
0.411
0.413
0.29
0.258
0.392
0.47
0.368
0.299
0.279
0.292
0.355
0.455
0.464
0.574
0.669
0.728
1.228
0.515
0.267
0.278
0.275
0.284
0.282
0.33
0.355
0.413
0.314
0.251
0.371
0.478
0.371
0.297
0.276
0.298
0.319
0.426
0.458
0.565
0.628
0.77
1.247
0.553
0.259
0.276
0.277
0.285
0.28
0.295
0.314
0.413
0.425
0.263
0.424
0.409
0.404
0.291
0.274
0.3
0.321
0.337
0.38
0.419
0.706
0.779
0.562
0.403
0.259
0.274
0.265
0.28
0.28
0.307
0.305
0.489
1.608
0.721
0.387
0.439
0.358
0.411
1.08
0.792
0.326
0.353
0.387
0.524
0.63
0.72
0.533
0.72
0.303
0.276
0.293
0.272
0.275
0.331
0.472
0.513
0.292
0.213
0.335
0.362
0.258
0.312
0.313
0.514
0.326
0.319
0.323
0.427
0.754
0.542
0.272
0.481
0.269
0.279
0.259
0.261
0.275
0.379
0.411
0.257
0.238
0.636
0.995
0.372
0.254
0.257
0.434
0.514
0.326
0.32
0.319
0.355
0.632
0.57
0.358
0.409
0.252
0.267
0.268
0.298
0.264
0.288
0.348
0.472
1.595
0.717
0.335
0.364
0.418
0.412
1.087
0.792
0.319
0.381
0.383
0.519
0.495
0.608
0.427
0.36
0.254
0.269
0.261
0.298
0.265
0.318
0.307
0.425
1.607
0.728
0.423
0.364
0.379
0.406
1.11
0.793
0.318
0.398
0.387
0.495
0.495
0.608
0.42
0.359
0.253
0.266
0.258
0.29
0.263
0.336
0.307
0.464
1.63
0.728
0.347
0.329
0.379
0.398
1.11
0.77
0.317
0.398
0.441
0.545
0.458
0.447
0.307
0.32
0.252
0.264
0.256
0.287
0.262
0.336
0.394
0.403
1.522
0.723
0.292
0.877
0.364
0.366
1.078
0.77
0.316
0.407
0.556
0.604
0.489
0.417
0.342
0.294
0.251
0.261
0.258
0.289
0.284
0.37
0.465
0.32
0.256
0.289
0.32
0.84
0.364
0.242
0.273
0.35
0.315
0.444
0.631
0.533
0.455
0.374
1.288
0.363
0.278
0.279
0.281
0.255
0.312
0.379
0.293
0.31
0.35
0.717
1.025
0.47
0.36
0.379
0.496
0.433
0.467
0.539
0.551
0.488
0.592
0.566
0.357
0.456
0.324
0.327
0.341
0.312
0.352
0.423
0.433
0.401
0.359
0.717
1.025
0.338
0.327
0.485
0.496
0.377
0.463
0.548
0.677
0.783
2.938
2.879
2.81
1.253
0.28
0.281
0.284
0.287
0.307
0.394
0.499
0.382
0.252
0.279
0.397
0.827
0.32
0.316
0.279
0.36
0.33
0.429
0.634
0.605
1.248
1.186
1.887
2.096
0.313
0.312
0.325
0.32
0.362
0.454
0.612
0.38
0.254
0.291
0.329
0.869
0.329
0.294
0.264
0.351
0.337
0.405
0.634
0.605
1.289
1.279
2.034
2.143
0.383
0.353
0.415
0.35
0.381
0.467
0.612
0.365
0.23
0.306
0.387
0.979
0.351
0.3
0.264
0.339
0.379
0.418
0.551
0.637
1.369
1.354
3.289
2.225
0.388
0.366
0.431
0.35
0.381
0.48
0.632
0.397
0.231
0.306
0.415
0.549
0.359
0.31
0.295
0.34
0.376
0.387
0.422
0.636
1.408
1.388
3.289
2.28
0.425
0.398
0.449
0.39
0.396
0.456
0.676
0.399
0.246
0.264
0.408
0.557
0.526
0.317
0.309
0.351
0.376
0.352
0.347
0.594
1.408
1.388
2.454
2.737
2.819
1.918
2.043
0.987
0.378
0.467
0.542
0.534
0.406
0.377
0.369
0.376
0.428
0.485
0.438
0.377
0.474
0.548
0.783
0.786
2.956
3.54
5.115
2.967
2.859
2.116
2.043
0.998
0.417
0.467
0.542
0.534
0.331
0.293
0.261
0.263
0.351
0.436
0.388
0.325
0.328
0.356
0.679
0.786
2.956
3.54
5.115
1.422
0.427
0.39
0.436
0.371
0.384
0.451
0.615
0.379
0.26
0.272
0.425
0.559
0.524
0.22
0.278
0.325
0.376
0.332
0.354
0.529
0.69
0.683
1.938
0.627
0.406
0.374
0.409
0.357
0.337
0.383
0.554
0.379
0.249
0.343
0.441
0.524
0.497
0.225
0.264
0.327
0.369
0.362
0.42
0.53
0.631
0.599
1.894
0.608
0.349
0.344
0.325
0.34
0.328
0.379
0.554
0.365
0.229
0.329
0.389
0.499
0.472
0.245
0.301
0.397
0.327
0.349
0.48
0.432
0.566
0.577
0.73
0.552
0.344
0.338
0.312
0.343
0.325
0.371
0.45
0.338
0.25
0.34
0.433
0.401
0.454
0.249
0.358
0.375
0.296
0.404
0.473
0.374
0.441
0.513
0.621
0.464
0.304
0.297
0.285
0.307
0.308
0.365
0.394
0.3
0.233
0.311
0.422
0.362
0.259
0.247
0.348
0.289
0.32
0.369
0.46
0.361
0.488
0.519
0.517
2.967
2.859
2.116
2.039
0.998
0.417
0.452
0.42
0.662
0.392
0.258
0.262
0.352
0.418
0.346
0.391
0.321
0.471
0.346
0.591
0.642
0.674
1.199
2.694
0.697
0.361
0.529
0.321
0.344
0.371
0.397
0.336
0.534
0.344
0.216
0.288
0.28
0.309
0.27
0.281
0.328
0.545
0.361
0.407
0.564
0.641
0.434
0.316
0.378
0.285
0.294
0.279
0.307
0.314
0.365
0.41
0.271
0.237
0.318
1.127
1.161
1.012
1.0
1.121
1.056
1.054
1.148
0.462
0.396
0.47
0.46
0.469
0.414
0.278
0.274
0.272
0.292
0.306
0.378
0.391
0.349
0.226
0.229
1.601
1.24
1.011
0.994
1.103
1.047
1.107
1.159
0.46
0.5
0.52
0.558
0.546
0.412
0.304
0.317
0.321
0.298
0.309
0.443
0.392
0.395
0.273
0.389
1.916
1.339
1.15
1.214
1.239
1.029
1.096
1.136
0.392
0.497
0.544
0.558
0.478
0.471
0.369
0.36
0.377
0.346
0.38
0.531
0.61
0.535
0.464
0.523
1.915
1.472
1.316
1.419
1.341
1.193
1.119
1.174
0.436
0.528
0.652
0.634
0.511
0.485
0.386
0.395
0.399
0.368
0.393
0.607
0.653
0.587
1.078
0.634
1.922
1.472
1.314
1.588
1.617
1.281
1.161
1.237
0.572
0.659
0.674
0.831
0.68
0.37
0.286
0.285
0.264
0.292
0.291
0.351
0.479
0.534
0.344
0.218
0.288
0.288
0.335
0.35
0.328
0.454
0.545
0.396
0.407
0.564
0.652
0.469
0.434
0.417
0.313
0.288
0.271
0.293
0.3
0.351
0.479
0.322
0.288
0.372
0.335
0.313
0.312
0.295
0.286
0.454
0.431
0.396
0.444
0.592
0.661
0.712
0.857
0.485
0.407
0.405
0.406
0.384
0.396
0.607
0.613
0.587
1.097
0.625
1.202
0.706
0.909
0.965
0.851
0.558
0.406
0.517
0.558
0.628
0.674
0.864
0.716
0.456
0.407
0.41
0.406
0.384
0.408
0.603
0.655
0.535
1.097
0.638
0.748
0.639
0.989
0.965
0.879
0.588
0.418
0.538
0.572
0.614
0.725
0.886
0.673
0.445
0.388
0.367
0.369
0.377
0.408
0.564
0.655
0.502
1.094
0.59
0.458
0.457
0.918
0.767
0.736
0.57
0.439
0.538
0.603
0.735
0.829
0.887
0.665
0.333
0.327
0.319
0.319
0.327
0.334
0.451
0.492
0.428
0.942
0.452
0.48
0.389
0.76
0.585
0.574
0.435
0.48
0.557
0.707
0.805
0.677
0.887
0.664
0.318
0.306
0.291
0.293
0.302
0.307
0.356
0.398
0.38
0.347
0.369
0.394
0.327
0.781
0.444
0.312
0.373
0.399
0.528
0.571
0.673
0.602
0.765
0.473
0.35
0.332
0.285
0.299
0.289
0.302
0.345
0.459
0.278
0.264
0.506
0.349
0.45
0.312
0.425
0.339
0.489
0.467
0.413
0.485
0.704
0.669
0.891
1.017
0.35
0.332
0.285
0.309
0.287
0.302
0.358
0.414
0.354
0.419
0.506
0.349
0.458
0.309
0.382
0.331
0.364
0.467
0.536
0.485
0.704
0.637
0.891
1.017
0.313
0.326
0.286
0.291
0.282
0.302
0.337
0.438
0.459
0.312
0.369
0.45
0.538
0.803
0.328
0.339
0.334
0.417
0.469
0.558
0.719
0.625
0.751
0.369
0.418
0.349
0.285
0.288
0.285
0.292
0.338
0.393
0.502
0.316
0.353
0.477
0.533
0.757
0.308
0.37
0.289
0.392
0.432
0.491
0.675
0.524
0.625
0.343
0.434
0.342
0.291
0.283
0.28
0.298
0.302
0.514
0.502
0.297
0.26
0.473
1.066
0.728
0.312
0.447
0.322
0.387
0.423
0.463
0.563
0.455
0.687
0.461
0.468
0.362
0.313
0.306
0.297
0.316
0.309
0.507
0.461
0.24
0.247
0.373
0.967
0.707
0.376
0.465
0.32
0.345
0.32
0.345
0.483
0.466
0.718
0.471
0.459
0.401
0.322
0.307
0.31
0.318
0.329
0.509
0.51
0.241
0.217
0.376
1.03
0.705
0.376
0.465
0.33
0.377
0.407
0.375
0.568
0.483
0.658
0.574
0.398
0.406
0.369
0.387
0.308
0.35
0.358
0.436
0.354
0.412
0.399
0.393
0.458
0.372
0.461
0.354
0.392
0.467
0.622
0.428
0.69
0.706
0.665
0.787
0.398
0.395
0.373
0.377
0.308
0.334
0.325
0.481
0.345
0.412
0.289
0.338
0.442
0.609
0.928
0.393
0.359
0.377
0.622
0.357
0.535
0.625
0.386
0.613
0.543
0.367
0.331
0.312
0.327
0.334
0.328
0.485
0.402
0.247
0.228
0.406
0.847
0.363
0.429
0.459
0.353
0.382
0.408
0.377
0.531
0.474
0.582
0.565
0.475
0.348
0.328
0.314
0.327
0.334
0.328
0.47
0.336
0.247
0.222
0.359
0.924
0.398
0.447
0.454
0.404
0.383
0.409
0.388
0.49
0.495
0.619
0.567
0.479
0.353
0.33
0.312
0.327
0.345
0.343
0.364
0.302
0.227
0.209
0.396
0.902
0.432
0.426
0.36
0.437
0.424
0.419
0.388
0.495
0.427
0.506
0.421
0.464
0.339
0.316
0.297
0.315
0.33
0.328
0.336
0.301
0.232
0.209
0.431
0.941
0.432
0.35
0.409
0.423
0.421
0.414
0.357
0.472
0.429
0.556
0.427
0.464
0.303
0.318
0.301
0.302
0.33
0.306
0.355
0.267
0.224
0.242
0.431
0.92
0.403
0.34
0.403
0.423
0.384
0.351
0.344
0.393
0.533
0.507
0.321
0.38
0.392
0.373
0.385
0.304
0.337
0.266
0.441
0.27
0.277
0.305
0.338
0.563
0.609
0.928
0.42
0.36
0.375
0.469
0.43
0.608
0.723
0.473
0.664
0.407
0.289
0.285
0.302
0.275
0.293
0.28
0.503
0.261
0.421
0.412
0.374
1.057
1.072
0.909
0.465
0.363
0.36
0.365
0.435
0.447
0.684
0.512
0.473
0.375
0.296
0.306
0.289
0.288
0.307
0.31
0.355
0.258
0.221
0.23
0.395
0.947
0.41
0.294
0.41
0.475
0.384
0.35
0.364
0.413
0.579
0.538
0.406
0.355
0.304
0.304
0.294
0.29
0.315
0.328
0.379
0.386
0.285
0.339
0.402
0.902
0.401
0.295
0.379
0.434
0.433
0.384
0.379
0.455
0.632
0.521
0.474
0.337
0.298
0.297
0.293
0.287
0.3
0.297
0.456
0.406
0.315
0.367
0.41
0.413
0.356
0.345
0.427
0.392
0.393
0.367
0.522
0.473
0.619
0.475
0.514
0.327
0.292
0.299
0.289
0.288
0.299
0.302
0.494
0.407
0.317
0.367
0.442
0.381
0.36
0.374
0.461
0.404
0.408
0.376
0.542
0.487
0.617
0.392
0.496
0.329
0.29
0.289
0.285
0.294
0.291
0.32
0.536
0.412
0.385
0.336
0.452
0.381
0.36
0.374
0.461
0.431
0.408
0.382
0.543
0.51
0.531
0.366
0.543
0.392
0.298
0.267
0.31
0.264
0.3
0.275
0.402
0.236
0.389
0.548
0.386
1.057
0.878
0.363
0.452
0.415
0.388
0.388
0.443
0.497
0.684
0.775
0.688
1.499
1.386
1.394
1.387
1.368
1.373
1.36
1.602
1.355
1.452
1.556
1.49
1.959
1.953
1.576
1.515
1.503
1.477
0.778
0.411
0.466
0.668
0.662
0.699
0.382
0.299
0.295
0.295
0.306
0.299
0.322
0.536
0.439
0.385
0.443
0.431
0.358
0.351
0.414
0.459
0.421
0.561
0.976
1.069
1.026
1.069
0.845
1.048
0.395
0.343
0.314
0.291
0.294
0.293
0.305
0.523
0.438
0.329
0.333
0.606
1.307
0.905
1.182
1.002
0.964
1.053
1.538
1.606
1.535
1.537
1.389
1.553
0.938
0.883
0.858
0.825
0.823
0.831
0.83
0.982
0.931
0.829
0.861
1.072
1.904
1.472
1.688
1.544
1.475
1.591
2.069
2.003
2.048
2.155
2.078
2.179
1.483
1.435
1.396
1.37
1.364
1.376
1.382
1.549
1.447
1.346
1.418
1.61
2.406
1.838
1.841
2.211
1.837
1.894
2.442
2.306
2.349
2.458
2.432
2.484
1.791
1.748
1.717
1.69
1.685
1.693
1.668
1.785
1.698
1.608
1.809
1.883
2.693
2.124
2.09
2.476
2.072
2.016
2.442
2.313
2.385
2.505
2.432
2.536
1.374
1.391
1.38
1.387
1.362
1.373
1.355
1.479
1.363
1.343
1.556
1.391
1.471
1.428
1.559
1.461
1.503
1.477
0.778
0.412
0.466
0.724
0.774
0.699
1.609
1.391
1.394
1.384
1.377
1.389
1.401
1.528
1.363
1.343
1.402
1.369
1.471
1.428
1.637
1.448
1.488
1.458
0.881
0.641
0.519
0.626
0.5
0.565
2.042
2.0
2.005
1.979
1.986
1.985
1.981
2.091
1.889
1.921
2.01
2.045
2.749
2.124
2.09
2.476
2.072
2.016
2.148
2.087
2.185
2.256
2.227
2.295
2.042
2.0
2.005
1.979
1.986
1.985
1.981
2.091
1.889
1.921
2.01
2.045
2.093
1.693
1.313
1.936
1.564
1.56
1.567
1.698
1.724
1.791
1.681
1.917
1.493
1.619
1.548
1.454
1.455
1.454
1.457
1.567
1.474
1.484
1.454
1.581
1.538
1.149
0.781
1.395
1.117
1.036
1.095
1.211
1.211
1.244
1.031
1.243
0.93
1.067
1.029
0.913
0.91
0.908
0.916
0.944
1.024
0.992
0.935
1.052
1.027
0.806
0.619
0.665
0.739
0.732
0.852
0.934
0.941
0.96
0.675
0.941
0.579
0.75
0.703
0.598
0.587
0.591
0.613
0.629
0.787
0.704
0.622
0.764
0.736
0.533
0.443
0.472
0.507
0.52
0.568
0.704
0.659
0.749
0.42
0.548
0.522
0.339
0.328
0.317
0.282
0.315
0.336
0.378
0.273
0.317
0.329
0.355
0.454
0.384
0.43
0.579
0.366
0.391
0.51
0.647
0.504
0.656
0.62
0.483
0.617
0.38
0.343
0.308
0.296
0.315
0.364
0.378
0.511
0.425
1.062
0.875
0.401
0.57
0.561
0.601
0.379
0.519
0.557
0.686
0.593
0.537
0.607
0.442
0.287
0.456
0.401
0.304
0.287
0.299
0.333
0.366
0.553
0.522
0.327
0.42
0.383
0.403
0.441
0.472
0.554
0.435
0.568
0.672
0.597
0.846
0.546
0.44
0.298
0.456
0.319
0.304
0.291
0.299
0.335
0.38
0.466
0.547
0.348
0.387
0.381
0.381
0.5
0.472
0.523
0.435
0.562
0.672
0.597
0.846
0.672
0.591
0.41
0.295
0.307
0.293
0.307
0.295
0.342
0.379
0.472
0.481
0.348
0.387
0.327
0.438
0.56
0.446
0.454
0.45
0.504
0.649
0.598
0.82
0.654
0.661
0.41
0.298
0.307
0.294
0.307
0.299
0.328
0.378
0.392
0.481
0.322
0.365
0.334
0.493
0.557
0.414
0.45
0.442
0.36
0.661
0.655
0.796
0.654
0.622
0.516
0.308
0.309
0.288
0.313
0.292
0.39
0.47
0.421
0.453
0.258
0.353
0.311
0.483
0.457
0.3
0.371
0.339
0.325
0.587
0.631
0.678
0.569
0.616
0.401
0.38
0.343
0.305
0.303
0.283
0.332
0.402
0.678
0.472
1.077
0.875
0.493
0.572
0.495
0.601
0.379
0.498
0.414
0.49
0.56
0.846
0.748
0.496
0.439
0.334
0.307
0.274
0.305
0.274
0.332
0.509
0.678
0.472
1.077
0.799
0.438
0.572
0.515
0.41
0.54
0.499
0.472
0.613
0.585
0.853
0.736
0.405
0.554
0.35
0.305
0.279
0.305
0.284
0.386
0.416
0.409
0.362
0.327
0.345
0.318
0.481
0.454
0.816
0.336
0.33
0.33
0.52
0.643
0.54
0.519
0.522
0.747
0.528
0.368
0.321
0.423
0.333
0.42
0.489
0.508
0.376
0.336
0.41
0.31
0.464
0.372
0.879
0.301
0.305
0.32
0.548
0.68
0.616
0.557
0.435
0.869
0.528
0.356
0.33
0.407
0.342
0.444
0.54
0.508
0.36
0.355
0.41
0.365
0.376
0.282
0.855
0.293
0.28
0.287
0.548
0.713
0.666
0.58
0.35
0.869
0.526
0.363
0.319
0.417
0.333
0.444
0.54
0.508
0.36
0.36
0.365
0.4
0.323
0.284
0.857
0.333
0.348
0.325
0.51
0.631
0.666
0.635
0.353
0.766
0.509
0.364
0.315
0.416
0.332
0.388
0.497
0.426
0.338
0.375
0.438
0.481
0.316
0.295
0.857
0.333
0.348
0.367
0.56
0.592
0.664
0.722
0.446
0.341
0.281
0.288
0.284
0.305
0.285
0.312
0.509
0.575
0.318
0.304
0.255
0.438
0.314
0.395
0.394
0.523
0.471
0.431
0.588
0.538
1.025
1.12
0.844
0.527
0.36
0.271
0.281
0.287
0.285
0.341
0.483
0.508
0.241
0.201
0.192
0.403
0.465
0.401
0.431
0.523
0.471
0.456
0.645
0.567
0.766
1.14
0.945
0.716
0.461
0.358
0.325
0.407
0.335
0.353
0.493
0.441
0.348
0.317
0.434
0.47
0.301
0.283
0.319
0.297
0.333
0.348
0.509
0.666
0.698
0.705
0.452
0.52
0.281
0.29
0.285
0.284
0.291
0.316
0.388
0.347
0.367
0.293
0.35
0.479
0.389
0.276
0.258
0.363
0.356
0.364
0.505
0.653
0.67
0.578
0.392
0.349
0.283
0.286
0.28
0.286
0.286
0.299
0.395
0.378
0.393
0.358
0.352
0.812
0.591
0.33
0.295
0.388
0.362
0.424
0.587
0.598
0.616
0.558
0.392
0.483
0.315
0.281
0.286
0.277
0.292
0.291
0.55
0.38
0.413
0.348
0.419
0.804
0.571
0.328
0.291
0.35
0.292
0.413
0.595
0.66
0.616
0.508
0.38
0.488
0.315
0.283
0.295
0.269
0.292
0.282
0.545
0.429
0.413
0.369
0.329
0.718
0.572
0.31
0.346
0.381
0.327
0.395
0.579
0.664
0.623
0.389
0.315
0.615
0.36
0.271
0.294
0.259
0.296
0.342
0.461
0.363
0.22
0.201
0.385
0.492
0.52
0.36
0.64
0.382
0.469
0.427
0.537
0.617
0.87
1.14
1.027
0.615
0.364
0.281
0.3
0.292
0.306
0.345
0.461
0.436
0.245
0.217
0.384
0.492
0.52
0.631
1.389
0.583
0.337
0.435
0.525
0.617
0.718
0.832
0.816
0.587
0.336
0.319
0.319
0.269
0.292
0.331
0.62
0.393
0.38
0.349
0.434
0.715
0.563
0.334
0.377
0.404
0.351
0.402
0.579
0.638
0.618
0.408
0.466
0.586
0.366
0.318
0.323
0.264
0.291
0.33
0.62
0.393
0.316
0.367
0.46
0.716
0.48
0.369
0.375
0.37
0.349
0.397
0.561
0.6
0.577
0.408
0.468
0.529
0.371
0.318
0.329
0.266
0.294
0.326
0.588
0.368
0.304
0.302
0.476
0.441
0.301
0.345
0.4
0.342
0.336
0.348
0.457
0.624
0.55
0.454
0.546
0.438
0.346
0.316
0.329
0.27
0.288
0.326
0.451
0.356
0.306
0.339
0.417
0.472
0.329
0.348
0.4
0.394
0.336
0.378
0.42
0.55
0.55
0.551
0.62
0.432
0.346
0.307
0.323
0.279
0.313
0.324
0.429
0.297
0.306
0.322
0.417
0.56
0.329
0.378
0.381
0.432
0.341
0.367
0.372
0.513
0.5
0.54
0.615
0.501
0.295
0.281
0.3
0.301
0.306
0.313
0.469
0.445
0.276
0.389
0.388
0.382
0.282
0.652
1.389
0.575
0.334
0.386
0.426
0.611
0.702
0.737
0.797
0.503
0.296
0.278
0.295
0.301
0.291
0.348
0.343
0.8
0.36
0.389
0.198
0.22
0.274
0.652
1.201
0.573
0.337
0.393
0.48
0.643
0.581
0.673
0.683
0.332
0.323
0.273
0.295
0.283
0.306
0.323
0.399
0.248
0.269
0.322
0.362
0.56
0.329
0.369
0.369
0.418
0.328
0.351
0.35
0.41
0.499
0.586
0.638
0.338
0.301
0.27
0.29
0.304
0.317
0.33
0.387
0.26
0.258
0.633
0.605
0.534
0.305
0.338
0.342
0.469
0.33
0.39
0.412
0.533
0.56
0.59
0.638
0.34
0.295
0.269
0.285
0.304
0.309
0.33
0.4
0.32
0.24
0.639
1.128
0.52
0.293
0.349
0.328
0.477
0.426
0.447
0.474
0.513
0.573
0.522
0.586
0.292
0.298
0.269
0.288
0.307
0.31
0.357
0.502
0.357
0.238
0.65
1.206
0.55
0.285
0.351
0.394
0.451
0.431
0.44
0.474
0.56
0.56
0.426
0.57
0.297
0.298
0.277
0.283
0.305
0.282
0.358
0.47
0.388
0.245
0.607
1.232
0.473
0.28
0.316
0.393
0.497
0.457
0.521
0.521
0.576
0.56
0.426
0.556
0.503
0.296
0.275
0.301
0.393
0.277
0.335
0.389
0.621
0.36
0.471
0.211
0.205
0.274
0.348
0.352
0.35
0.355
0.353
0.459
0.754
0.645
0.582
0.577
0.427
0.299
0.279
0.421
0.467
0.298
0.33
0.406
0.653
0.595
0.355
0.269
0.313
0.375
0.302
0.408
0.366
0.352
0.39
0.482
0.754
0.645
0.525
0.401
0.29
0.294
0.28
0.282
0.305
0.283
0.319
0.462
0.465
0.256
0.647
1.232
0.502
0.287
0.315
0.382
0.497
0.457
0.521
0.512
0.619
0.55
0.386
0.388
0.377
0.298
0.282
0.29
0.287
0.273
0.32
0.496
0.534
0.246
0.379
0.988
0.525
0.297
0.319
0.412
0.436
0.47
0.482
0.461
0.506
0.462
0.38
0.369
0.381
0.305
0.282
0.293
0.288
0.282
0.315
0.63
0.49
0.242
0.381
0.512
0.441
0.336
0.299
0.445
0.43
0.374
0.423
0.424
0.561
0.502
0.373
0.364
0.384
0.292
0.288
0.283
0.285
0.282
0.305
0.568
0.5
0.309
0.352
0.439
0.345
0.359
0.29
0.408
0.405
0.38
0.399
0.51
0.603
0.602
0.389
0.384
0.41
0.329
0.306
0.315
0.309
0.306
0.409
0.58
0.5
0.322
0.394
0.412
0.353
0.362
0.292
0.483
0.316
0.434
0.326
0.497
0.65
0.688
0.477
0.428
0.293
0.288
0.29
0.421
0.467
0.298
0.409
0.452
0.296
0.483
0.355
0.29
0.311
0.349
1.362
0.603
0.366
0.352
0.411
0.501
0.685
0.586
0.388
0.328
0.606
0.718
0.437
0.418
0.392
0.283
0.581
0.512
0.36
0.633
0.313
0.384
0.314
0.395
1.424
0.603
0.364
0.357
0.411
0.689
0.641
0.656
0.578
0.462
0.414
0.327
0.312
0.316
0.308
0.31
0.441
0.69
0.534
0.425
0.994
0.468
0.498
0.436
0.441
0.563
0.419
0.486
0.403
0.586
0.76
0.853
0.673
0.514
0.318
0.328
0.308
0.311
0.304
0.303
0.438
0.69
0.451
0.425
0.938
0.495
0.478
0.436
0.441
0.563
0.439
0.52
0.417
0.586
0.83
0.853
0.68
0.514
0.32
0.316
0.313
0.306
0.301
0.304
0.441
0.539
0.427
0.447
0.922
0.476
0.491
0.407
0.514
0.512
0.439
0.546
0.417
0.576
0.81
0.777
0.68
0.509
0.318
0.316
0.311
0.306
0.297
0.306
0.437
0.511
0.388
0.385
1.023
0.476
0.464
0.38
0.596
0.508
0.445
0.546
0.418
0.498
0.762
0.671
0.66
0.423
0.329
0.297
0.297
0.277
0.268
0.292
0.341
0.5
0.395
0.369
0.984
0.417
0.565
0.385
0.604
0.449
0.511
0.465
0.434
0.491
0.768
0.56
0.739
0.443
0.606
0.714
0.437
0.305
0.335
0.272
0.581
0.545
0.389
0.417
0.343
0.356
1.259
0.306
1.424
0.585
0.52
0.363
0.368
0.689
0.706
0.679
0.602
0.539
0.627
0.718
0.439
0.389
0.299
0.301
0.533
0.671
0.48
0.616
0.39
0.486
1.342
0.306
0.402
0.488
0.573
0.428
0.51
0.761
0.764
0.957
0.961
0.712
0.326
0.307
0.295
0.277
0.277
0.287
0.33
0.455
0.307
0.277
0.36
0.358
0.434
0.35
0.488
0.383
0.424
0.419
0.388
0.421
0.673
0.403
0.465
0.355
0.439
0.33
0.326
0.306
0.307
0.319
0.452
0.479
0.335
0.3
0.409
0.344
0.507
0.434
0.565
0.461
0.478
0.478
0.447
0.481
0.697
0.525
0.464
0.382
0.435
0.339
0.326
0.302
0.312
0.316
0.466
0.473
0.328
0.3
0.397
0.292
0.531
0.5
0.506
0.461
0.486
0.457
0.45
0.522
0.702
0.615
0.489
0.443
0.435
0.339
0.326
0.315
0.317
0.321
0.502
0.52
0.75
0.563
0.31
0.317
0.609
0.513
0.429
0.441
0.486
0.46
0.452
0.522
0.761
0.738
0.55
0.556
0.413
0.328
0.323
0.317
0.319
0.321
0.51
0.539
0.79
0.597
0.347
0.317
0.523
0.513
0.418
0.43
0.423
0.498
0.502
0.551
0.804
0.738
0.408
0.498
0.39
0.298
0.297
0.387
0.266
0.301
0.392
0.671
0.477
0.515
0.39
0.473
1.342
0.25
0.4
0.412
0.573
0.482
0.863
0.747
0.876
1.069
1.07
1.021
0.39
0.303
0.297
0.379
0.318
0.294
0.396
0.622
0.684
0.724
0.374
0.473
0.292
0.28
0.406
0.412
0.415
0.482
0.863
0.747
0.956
1.069
1.07
1.021
0.418
0.321
0.326
0.316
0.313
0.321
0.507
0.489
0.904
0.599
0.357
0.323
0.541
0.504
0.428
0.43
0.421
0.512
0.514
0.616
0.874
0.766
0.402
0.496
0.311
0.294
0.292
0.295
0.345
0.363
0.423
0.499
0.887
0.609
0.32
0.388
0.583
0.434
0.359
0.401
0.327
0.426
0.499
0.62
0.831
0.731
0.402
0.463
0.31
0.328
0.292
0.295
0.344
0.36
0.406
0.508
0.971
0.605
0.343
0.437
0.994
0.554
0.344
0.384
0.307
0.425
0.589
0.633
0.859
0.799
0.452
0.401
0.31
0.327
0.294
0.292
0.34
0.36
0.372
0.495
0.715
0.341
0.338
0.4
0.925
0.547
0.343
0.385
0.313
0.407
0.589
0.633
0.859
0.819
0.563
0.336
0.289
0.322
0.292
0.288
0.335
0.358
0.349
0.483
0.745
0.352
0.367
0.464
0.984
0.848
0.563
0.42
0.303
0.352
0.558
0.652
0.859
0.819
0.611
0.388
0.451
0.307
0.291
0.285
0.347
0.425
0.491
0.497
0.616
0.573
0.368
0.417
0.381
0.354
0.406
0.375
0.349
0.444
0.855
0.784
1.024
1.009
0.968
0.966
0.379
0.312
0.335
0.335
0.347
0.554
0.584
0.547
0.974
0.675
0.39
0.347
0.422
0.354
0.338
0.366
0.461
0.402
0.605
0.78
1.024
0.968
0.996
0.639
0.286
0.322
0.288
0.293
0.333
0.364
0.367
0.524
0.709
0.371
0.427
0.456
0.976
0.832
0.53
0.399
0.288
0.389
0.495
0.608
0.949
0.829
0.672
0.462
0.304
0.314
0.29
0.282
0.273
0.293
0.333
0.509
0.709
0.35
0.424
0.402
0.886
0.868
0.527
0.343
0.31
0.363
0.451
0.623
0.901
0.808
0.672
0.983
0.333
0.273
0.289
0.286
0.27
0.3
0.353
0.455
0.616
0.352
0.396
0.368
0.475
0.66
0.556
0.345
0.337
0.388
0.481
0.75
0.935
0.827
0.651
0.983
0.339
0.271
0.285
0.287
0.266
0.317
0.345
0.447
0.505
0.453
0.438
0.368
0.502
0.656
0.557
0.363
0.395
0.395
0.471
0.754
0.961
0.698
0.475
0.958
0.339
0.304
0.281
0.288
0.267
0.316
0.348
0.435
0.532
0.429
0.392
0.331
0.409
0.345
0.342
0.335
0.4
0.43
0.599
0.801
1.048
0.867
0.517
0.938
0.484
0.312
0.335
0.335
0.312
0.554
0.584
0.547
0.967
0.545
0.39
0.456
0.467
0.339
0.374
0.34
0.626
0.441
0.632
0.78
0.906
0.968
0.933
0.569
0.823
0.366
0.335
0.335
0.326
0.416
0.478
0.676
0.967
0.545
0.393
0.394
0.5
0.291
0.348
0.311
0.626
0.521
0.572
0.7
0.694
0.853
0.974
0.732
0.343
0.316
0.286
0.29
0.271
0.312
0.346
0.525
0.452
0.4
0.351
0.331
0.412
0.438
0.342
0.335
0.395
0.36
0.643
0.833
1.034
0.918
0.594
1.041
0.401
0.47
0.281
0.291
0.27
0.309
0.333
0.525
0.49
0.435
0.347
0.287
0.445
0.379
0.306
0.299
0.396
0.353
0.643
0.882
1.034
1.086
0.714
0.65
0.48
0.522
0.283
0.287
0.27
0.302
0.333
0.517
0.49
0.433
0.382
0.327
0.499
0.403
0.268
0.316
0.482
0.379
0.62
0.898
0.985
1.01
0.804
0.637
0.483
0.62
0.534
0.295
0.271
0.273
0.342
0.528
0.593
0.36
0.343
0.338
0.443
0.388
0.331
0.306
0.405
0.375
0.624
0.984
0.999
1.031
0.804
0.679
0.665
0.599
0.537
0.298
0.266
0.275
0.361
0.546
0.589
0.388
0.448
0.332
0.443
0.362
0.303
0.331
0.42
0.367
0.521
0.958
1.019
0.958
0.88
0.835
0.823
0.341
0.285
0.287
0.32
0.296
0.318
0.65
0.676
0.447
0.373
0.398
0.5
0.272
0.342
0.302
0.473
0.547
0.572
0.602
0.921
0.849
0.769
0.734
1.149
0.49
0.264
0.275
0.32
0.279
0.297
0.713
0.873
1.232
0.691
0.266
0.436
0.222
0.253
0.295
0.305
0.547
0.571
0.601
0.926
0.849
0.692
0.734
0.849
0.601
0.524
0.293
0.26
0.264
0.338
0.39
0.675
0.429
0.408
0.318
0.479
0.252
0.29
0.33
0.42
0.367
0.482
0.958
0.995
1.065
0.969
0.885
0.774
0.446
0.518
0.286
0.251
0.261
0.338
0.405
0.637
0.395
0.436
0.328
0.544
0.249
0.29
0.322
0.391
0.383
0.444
0.924
0.959
0.98
0.916
0.774
0.654
0.386
0.502
0.279
0.243
0.25
0.329
0.405
0.63
0.384
0.38
0.309
0.511
0.219
0.281
0.77
0.342
0.331
0.429
0.798
0.946
0.957
0.77
0.826
0.664
0.292
0.257
0.273
0.257
0.262
0.349
0.353
0.465
0.343
0.377
0.279
0.497
0.216
0.202
0.734
0.325
0.317
0.406
0.68
0.903
0.848
0.76
0.758
0.46
0.284
0.245
0.257
0.252
0.253
0.344
0.314
0.455
0.311
0.272
0.275
0.496
0.322
0.194
0.679
0.364
0.27
0.425
0.682
0.837
0.741
0.608
0.567
0.726
0.414
0.236
0.251
0.255
0.243
0.325
0.592
0.873
1.231
0.671
0.369
0.24
0.192
0.262
0.26
0.519
0.446
0.452
0.82
0.97
0.78
0.539
0.483
0.743
0.402
0.226
0.243
0.25
0.227
0.356
0.596
1.027
1.259
0.671
0.542
0.24
0.199
0.262
0.397
0.519
0.328
0.498
0.821
0.711
0.575
0.472
0.318
0.266
0.26
0.25
0.257
0.253
0.257
0.346
0.338
0.446
0.424
0.303
0.298
0.627
0.495
0.246
0.709
0.387
0.284
0.464
0.652
0.758
0.546
0.368
0.33
0.267
0.257
0.256
0.257
0.251
0.259
0.346
0.335
0.553
0.468
0.34
0.285
1.012
0.513
0.27
0.713
0.387
0.255
0.493
0.653
0.747
0.452
0.294
0.33
0.279
0.261
0.256
0.256
0.256
0.259
0.329
0.374
0.551
0.594
0.34
0.364
0.939
0.528
0.272
0.26
0.31
0.304
0.41
0.664
0.771
0.496
0.29
0.343
0.286
0.25
0.245
0.249
0.242
0.25
0.323
0.514
0.661
0.594
0.362
0.382
0.939
0.528
0.273
0.251
0.348
0.431
0.481
0.739
0.774
0.531
0.285
0.343
0.288
0.254
0.239
0.266
0.24
0.251
0.296
0.555
0.578
0.653
0.348
0.373
0.935
0.529
0.273
0.265
0.371
0.488
0.54
0.693
0.777
0.494
0.238
0.388
0.289
0.241
0.244
0.249
0.251
0.235
0.356
0.626
0.667
0.414
0.339
0.542
1.261
0.308
0.292
0.419
0.525
0.331
0.408
0.821
0.845
0.615
0.516
0.371
0.289
0.233
0.249
0.252
0.251
0.243
0.314
0.729
0.784
0.446
0.453
0.424
1.224
0.408
0.27
0.419
0.275
0.499
0.461
0.639
0.823
0.535
0.416
0.288
0.288
0.255
0.232
0.259
0.261
0.242
0.286
0.607
0.568
0.518
0.323
0.366
0.823
0.376
0.262
0.253
0.342
0.498
0.606
0.753
0.749
0.459
0.26
0.4
0.288
0.255
0.226
0.258
0.261
0.24
0.294
0.643
0.461
0.547
0.376
0.391
0.381
0.36
0.251
0.253
0.336
0.498
0.571
0.766
0.851
0.597
0.252
0.421
0.281
0.251
0.233
0.256
0.254
0.254
0.282
0.643
0.461
0.441
0.394
0.442
0.403
0.338
0.256
0.294
0.345
0.439
0.571
0.771
0.863
0.671
0.295
0.334
0.254
0.232
0.227
0.242
0.241
0.242
0.262
0.548
0.46
0.488
0.442
0.516
0.397
0.367
0.245
0.279
0.341
0.376
0.632
0.715
0.826
0.645
0.366
0.384
0.266
0.225
0.23
0.226
0.241
0.232
0.263
0.501
0.527
0.447
0.442
0.516
0.397
0.258
0.248
0.273
0.338
0.379
0.607
0.715
0.803
0.651
0.374
0.358
0.246
0.222
0.249
0.23
0.235
0.243
0.271
0.729
0.637
0.458
0.502
0.248
1.695
0.949
0.285
0.287
0.28
0.499
0.492
0.686
0.823
0.638
0.465
0.31
0.557
0.411
0.24
0.229
0.239
0.232
0.299
0.822
0.972
0.458
0.502
0.289
0.8
0.949
0.286
0.24
0.225
0.491
0.492
0.686
0.693
0.521
0.28
0.345
0.285
0.223
0.232
0.226
0.229
0.261
0.294
0.456
0.493
0.534
0.543
0.533
0.32
0.329
0.235
0.283
0.393
0.416
0.595
0.664
0.772
0.595
0.354
0.356
0.287
0.22
0.232
0.226
0.225
0.257
0.281
0.434
0.488
0.464
0.471
0.58
0.26
0.391
0.239
0.306
0.393
0.416
0.587
0.63
0.791
0.518
0.354
0.341
0.287
0.224
0.226
0.223
0.227
0.287
0.379
0.618
0.675
0.519
0.434
0.411
0.292
0.394
0.25
0.752
0.395
0.483
0.591
0.575
0.685
0.404
0.305
0.332
0.338
0.224
0.222
0.225
0.233
0.289
0.424
0.626
0.743
0.436
0.333
0.341
0.373
0.385
0.25
0.763
0.408
0.41
0.487
0.555
0.702
0.481
0.327
0.321
0.374
0.222
0.221
0.226
0.235
0.289
0.465
0.639
0.771
0.38
0.345
0.408
0.468
0.48
0.257
0.763
0.316
0.352
0.475
0.629
0.835
0.506
0.377
0.332
0.571
0.406
0.224
0.339
0.338
0.216
0.285
0.627
0.915
0.45
0.421
0.289
0.8
0.86
0.286
0.24
0.226
0.346
1.652
2.085
1.135
0.526
0.324
0.362
0.571
0.413
0.23
0.335
0.338
0.216
0.283
1.057
1.043
0.271
0.278
0.247
0.361
0.336
0.265
0.248
0.223
0.346
1.697
2.421
1.218
0.622
0.261
0.362
0.248
0.233
0.282
0.231
0.226
0.259
0.445
0.708
0.836
0.266
0.228
0.39
0.53
0.459
0.319
0.785
0.313
0.338
0.491
0.649
0.916
0.616
0.416
0.309
0.348
0.273
0.298
0.231
0.23
0.255
0.455
0.676
0.836
0.331
0.18
0.401
0.593
0.414
0.387
0.809
0.403
0.379
0.549
0.649
0.819
0.607
0.448
0.309
0.369
0.323
0.353
0.284
0.305
0.215
0.37
0.445
0.707
0.487
0.443
0.478
0.672
0.504
0.657
0.509
0.606
0.53
0.688
0.801
0.974
0.817
0.673
0.562
0.458
0.393
0.428
0.344
0.379
0.284
0.384
0.527
0.736
0.731
0.776
1.022
0.729
0.61
0.867
0.632
0.682
0.665
0.836
0.919
1.086
0.934
0.804
0.616
0.406
0.553
0.644
0.47
0.456
0.342
0.413
0.665
0.715
0.827
0.979
1.06
0.711
0.537
0.898
0.632
0.742
0.746
0.97
1.048
1.193
0.934
0.852
0.677
0.497
0.224
0.224
0.343
0.328
0.358
0.31
0.873
0.598
0.312
0.326
0.196
0.206
0.441
0.223
0.283
0.301
0.474
1.888
2.421
1.218
0.701
0.427
0.337
0.222
0.244
0.239
0.239
0.244
0.369
0.396
0.901
0.747
0.377
0.31
0.325
0.309
0.441
0.302
0.468
0.355
0.619
0.764
1.087
0.789
0.801
0.388
0.298
0.231
0.553
0.639
0.492
0.456
0.348
0.405
0.524
0.643
0.985
1.198
1.06
0.711
0.554
0.886
0.665
0.807
0.86
1.008
1.034
1.215
0.919
0.95
0.711
0.497
0.549
0.639
0.492
0.455
0.348
0.39
0.52
0.837
1.141
1.198
1.01
0.601
0.554
0.978
0.698
0.804
0.86
1.008
1.043
1.215
0.896
0.95
0.722
0.519
0.544
0.646
0.486
0.429
0.4
0.428
0.567
0.837
1.024
1.094
0.959
0.479
0.551
0.732
0.599
0.658
0.748
0.971
0.978
1.079
0.811
0.88
0.531
0.483
0.535
0.627
0.471
0.402
0.404
0.399
0.516
0.906
0.926
0.876
0.44
0.395
0.502
0.576
0.942
0.716
0.759
0.982
0.974
0.99
0.667
0.869
0.477
0.522
0.413
0.437
0.4
0.378
0.4
0.37
0.392
0.96
1.116
0.842
0.468
0.39
0.52
0.601
0.942
0.699
0.746
0.91
0.843
0.873
0.773
0.815
0.436
0.428
0.251
0.239
0.239
0.244
0.369
0.396
0.558
0.807
0.58
0.446
0.367
0.651
0.376
0.391
0.715
0.473
0.814
0.784
0.734
0.828
0.879
0.538
0.599
0.436
0.365
0.35
0.348
0.353
0.349
0.414
0.566
0.916
0.85
0.519
0.446
0.665
0.425
0.509
0.808
0.561
0.909
0.732
0.703
0.934
0.879
0.457
0.631
0.512
0.43
0.436
0.418
0.432
0.443
0.413
0.504
1.03
0.98
0.71
0.587
0.452
0.507
0.701
0.953
0.65
0.729
0.895
0.853
0.865
0.919
0.763
0.465
0.447
0.431
0.444
0.421
0.432
0.449
0.419
0.533
0.961
0.977
0.613
0.602
0.469
0.6
0.613
0.94
0.673
0.723
0.898
0.934
0.854
0.982
0.763
0.515
0.469
0.501
0.486
0.464
0.434
0.446
0.423
0.528
0.961
0.977
0.615
0.615
0.504
0.639
0.636
0.9
0.673
0.735
0.875
0.997
1.354
0.924
0.634
0.503
0.535
0.519
0.481
0.474
0.438
0.424
0.43
0.579
0.83
0.96
0.651
0.619
0.567
0.598
0.636
0.464
0.556
0.709
0.824
1.038
1.426
1.017
0.61
0.604
0.684
0.62
0.481
0.476
0.437
0.431
0.432
0.667
0.821
0.887
0.67
0.579
0.544
0.612
0.561
0.478
0.538
0.703
0.815
1.062
1.426
0.974
0.658
0.603
0.684
0.452
0.426
0.446
0.445
0.429
0.433
0.655
0.916
0.893
0.519
0.416
0.681
0.463
0.509
0.808
0.561
0.909
0.849
1.22
0.934
0.796
0.575
0.673
0.626
0.47
0.427
0.446
0.445
0.429
0.433
0.671
0.853
1.047
0.451
0.419
0.468
0.611
0.544
0.611
1.383
0.892
0.85
1.278
0.922
0.748
0.703
0.673
0.574
0.62
0.475
0.476
0.434
0.433
0.427
0.678
0.859
0.949
0.678
0.48
0.516
0.659
0.463
0.436
0.466
0.629
0.801
1.102
1.418
0.889
0.776
0.701
0.722
0.709
0.493
0.484
0.434
0.432
0.431
0.648
0.898
0.829
0.715
0.494
0.625
0.577
0.443
0.432
0.425
0.637
0.799
1.048
1.366
0.906
0.827
0.643
0.691
0.644
0.465
0.465
0.432
0.431
0.431
0.648
0.898
0.829
0.705
0.545
0.726
0.492
0.429
0.408
0.433
0.628
0.842
1.013
0.912
1.067
0.9
0.646
0.619
0.618
0.458
0.456
0.427
0.431
0.421
0.685
0.962
0.843
0.69
0.541
0.642
0.492
0.943
0.539
0.449
0.617
0.788
0.95
0.825
1.04
0.812
0.543
0.472
0.518
0.462
0.446
0.424
0.421
0.412
0.654
1.045
0.798
0.608
0.492
0.636
0.487
0.968
0.523
0.522
0.684
0.833
0.949
0.88
1.04
0.796
0.536
0.494
0.45
0.417
0.434
0.44
0.419
0.426
0.671
0.928
0.95
0.405
0.414
0.456
0.896
1.166
0.559
1.306
0.947
0.85
1.278
0.901
0.778
0.721
0.716
0.582
0.446
0.417
0.422
0.431
0.42
0.411
0.768
1.199
0.994
0.494
0.491
0.444
0.896
1.227
0.559
1.306
0.947
1.055
1.108
0.932
0.908
0.721
0.716
0.621
0.524
0.457
0.45
0.421
0.419
0.411
0.581
1.027
0.722
0.672
0.492
0.677
0.412
0.968
0.537
0.539
0.739
0.842
0.895
0.891
1.062
0.687
0.409
0.442
0.463
0.437
0.445
0.421
0.416
0.41
0.639
0.952
0.716
0.636
0.466
0.604
0.459
0.968
0.54
0.536
0.739
0.876
0.895
0.977
1.049
0.644
0.415
0.442
0.46
0.413
0.419
0.415
0.413
0.408
0.749
0.952
0.755
0.662
0.423
0.487
0.431
0.941
0.55
0.582
0.742
0.862
0.918
0.924
0.888
0.532
0.553
0.497
0.457
0.42
0.416
0.412
0.413
0.428
0.702
0.956
0.802
0.67
0.412
0.897
0.558
0.428
0.826
0.859
1.196
1.103
0.999
1.101
0.93
0.653
0.634
0.487
0.457
0.417
0.409
0.522
0.413
0.425
0.686
0.94
0.741
0.66
0.402
0.897
0.531
0.583
0.826
0.838
1.131
1.066
0.969
1.089
0.972
0.661
0.629
0.448
0.492
0.413
0.421
0.421
0.42
0.407
0.866
1.199
0.922
0.495
0.491
0.444
2.005
1.227
0.759
0.439
0.882
1.253
1.248
0.992
1.075
0.775
0.514
0.723
0.492
0.392
0.421
0.418
0.401
0.407
0.866
1.287
0.8
0.655
0.589
0.439
1.651
0.801
0.722
0.576
1.495
1.253
1.248
0.992
1.122
0.762
0.469
0.723
0.435
0.395
0.392
0.514
0.386
0.41
0.686
0.911
0.812
0.705
0.403
0.88
0.557
0.618
0.829
0.823
1.159
1.122
1.106
1.084
0.97
0.789
0.58
0.379
0.341
0.333
0.371
0.49
0.349
0.369
0.606
0.97
0.947
0.702
0.405
0.845
0.473
0.61
0.791
0.93
1.287
1.208
1.286
1.147
1.191
0.987
0.782
0.442
0.328
0.302
0.315
0.429
0.288
0.31
0.495
1.073
1.066
0.743
0.815
0.978
0.524
0.665
0.747
0.837
1.338
1.273
1.348
1.629
1.467
1.152
0.721
0.347
0.269
0.234
0.278
0.367
0.23
0.23
0.489
1.028
1.039
0.825
1.287
0.553
0.408
0.631
0.306
0.53
0.978
1.137
1.656
1.606
1.561
1.226
0.736
0.33
0.218
0.195
0.226
0.19
0.194
0.187
0.472
0.93
1.179
0.865
1.417
0.672
0.44
0.497
0.317
0.469
0.978
1.137
1.656
1.606
1.561
1.226
0.804
0.337
0.375
0.283
0.293
0.291
0.278
0.32
0.66
1.288
0.55
0.574
0.516
0.604
1.646
0.765
0.722
0.628
1.495
1.037
0.942
0.818
1.122
0.762
0.469
0.545
0.189
0.155
0.188
0.169
0.154
0.21
0.479
1.288
0.788
0.814
0.661
0.8
0.437
1.053
0.56
0.628
1.397
0.787
0.7
0.654
0.846
0.62
0.728
0.522
0.282
0.21
0.183
0.159
0.171
0.162
0.525
1.07
1.163
0.98
1.481
0.732
0.401
0.518
0.286
0.469
0.903
1.058
1.468
1.568
1.474
1.091
0.804
0.348
0.283
0.22
0.192
0.168
0.171
0.182
0.567
0.975
1.042
0.98
1.549
0.788
0.454
0.549
0.298
0.37
0.859
0.99
1.343
1.544
1.399
0.977
0.562
0.235
0.234
0.189
0.19
0.215
0.175
0.205
0.596
1.009
0.845
0.882
1.171
0.653
0.512
0.45
0.289
0.414
0.789
0.894
1.176
1.087
1.041
0.825
0.607
0.284
0.233
0.19
0.169
0.219
0.175
0.21
0.583
0.978
0.775
0.735
0.834
0.662
0.658
0.539
0.349
0.536
0.696
0.786
0.95
1.045
0.974
0.726
0.47
0.261
0.235
0.19
0.169
0.219
0.175
0.233
0.597
1.07
0.588
0.703
0.72
0.551
0.643
0.571
0.401
0.554
0.794
0.786
0.95
1.2
1.157
0.769
0.444
0.271
0.36
0.73
0.186
0.169
0.156
0.188
0.489
1.16
0.926
0.858
0.583
1.004
1.337
0.805
0.376
0.516
0.621
0.847
0.675
0.654
0.865
0.681
0.763
0.44
0.468
0.728
0.186
0.166
0.153
0.188
0.592
1.068
0.926
0.858
0.842
1.004
1.366
1.007
0.532
0.613
0.632
0.847
0.656
0.631
0.936
0.681
0.763
0.479
0.172
0.192
0.179
0.215
0.177
0.263
0.624
1.044
0.587
0.573
0.696
0.497
0.67
0.802
0.433
0.592
0.863
0.859
1.018
1.246
1.317
0.862
0.579
0.419
0.175
0.186
0.183
0.215
0.182
0.248
0.579
1.044
0.698
0.644
0.543
0.379
0.676
0.772
0.421
0.592
0.783
0.822
1.023
1.201
1.201
0.89
0.602
0.419
0.203
0.188
0.188
0.173
0.177
0.226
0.549
1.393
0.87
0.71
0.569
0.323
0.575
0.925
0.464
0.561
0.773
0.883
1.16
1.201
1.224
0.89
0.501
0.382
0.224
0.192
0.186
0.166
0.171
0.223
0.549
1.456
0.962
0.727
0.505
0.428
0.438
0.843
0.474
0.453
0.761
0.922
1.05
1.155
1.143
0.914
0.501
0.394
0.268
0.194
0.187
0.166
0.167
0.213
0.591
1.487
0.966
0.737
0.648
0.439
0.79
0.815
0.508
0.415
0.641
0.925
1.05
1.057
1.065
0.985
0.673
0.593
0.468
0.761
0.198
0.198
0.196
0.202
0.592
1.019
0.91
0.714
0.73
0.887
1.532
0.711
0.452
0.596
0.817
1.039
0.85
0.74
0.936
0.76
0.602
0.322
0.321
0.198
0.197
0.198
0.196
0.221
0.598
0.943
0.868
1.27
0.73
0.559
0.728
0.728
0.706
0.596
0.851
0.82
0.768
0.735
0.776
0.721
0.905
0.727
0.416
0.226
0.212
0.212
0.329
0.281
0.559
1.541
1.176
0.772
0.692
0.625
0.737
0.527
0.457
0.354
0.532
0.887
1.42
1.898
1.982
1.026
0.669
0.429
0.416
0.223
0.2
0.203
0.32
0.275
0.525
1.541
1.217
0.754
0.692
0.717
0.732
0.588
0.578
0.503
0.628
0.932
1.407
1.948
1.982
1.069
0.658
0.459
0.486
0.26
0.226
0.237
0.356
0.309
0.478
1.115
1.092
0.706
0.838
0.8
0.761
0.463
0.561
0.515
0.683
0.978
1.446
1.918
1.966
1.069
0.606
0.422
0.458
0.253
0.232
0.243
0.362
0.309
0.506
1.009
1.09
0.69
0.819
0.668
0.805
0.971
0.534
0.626
0.77
1.019
1.5
1.906
2.066
1.142
0.655
0.546
0.5
0.249
0.237
0.249
0.365
0.298
0.395
0.932
1.056
0.676
0.733
0.758
0.437
0.961
0.485
0.751
0.814
0.982
1.5
1.906
2.006
1.064
0.514
0.336
